2090.91753 15.625 0.008
2105.91540 15.855 0.008
2106.88003 15.628 0.008
2113.86125 15.668 0.008
2116.86357 15.671 0.007
2123.81036 15.638 0.007
2128.81818 15.728 0.008
2129.85014 15.812 0.008
2130.88039 15.641 0.007
2131.86800 15.865 0.008
2132.79839 15.628 0.008
2133.88705 15.823 0.008
2135.83479 15.714 0.007
2136.85638 15.808 0.008
2137.84342 15.641 0.008
2140.80374 15.810 0.008
2141.83852 15.724 0.008
2142.77956 15.691 0.007
2143.81033 15.860 0.008
2144.86519 15.629 0.007
2155.87114 15.733 0.008
2156.81778 15.695 0.008
2160.74273 15.676 0.007
2162.75369 15.795 0.008
2166.74824 15.831 0.007
2167.79442 15.676 0.007
2171.73199 15.878 0.007
2172.73865 15.605 0.007
2173.71919 15.814 0.007
2177.61012 15.623 0.008
2184.69335 15.613 0.007
2185.65728 15.843 0.008
2187.71470 15.802 0.008
2188.72452 15.721 0.008
2190.68373 15.851 0.008
2191.69428 15.628 0.007
2192.65576 15.844 0.007
2193.67690 15.662 0.007
2194.64502 15.759 0.007
2195.71178 15.750 0.006
2200.62254 15.681 0.007
2201.65963 15.764 0.007
2203.71609 15.688 0.006
2206.59973 15.832 0.008
2211.63364 15.874 0.008
2212.63463 15.628 0.007
2213.64302 15.817 0.008
2214.62723 15.704 0.008
2215.64166 15.734 0.008
2217.62865 15.646 0.008
2219.67113 15.633 0.008
2224.70635 15.636 0.007
2226.62690 15.641 0.008
2228.55117 15.768 0.008
2229.60941 15.696 0.007
2231.56107 15.632 0.007
2233.60536 15.656 0.008
2235.65947 15.730 0.007
2238.53998 15.610 0.008
2240.64382 15.651 0.007
2242.61160 15.791 0.008
2245.52738 15.625 0.008
2248.59259 15.756 0.007
2250.56418 15.661 0.007
2252.61752 15.612 0.007
2255.59990 15.748 0.008
2257.61732 15.658 0.007
2262.60793 15.750 0.008
2266.59737 15.616 0.007
2272.57498 15.863 0.008
2274.56058 15.800 0.008
2277.59564 15.852 0.008
2283.59251 15.709 0.007
2290.59160 15.693 0.008
2292.60457 15.615 0.007
2294.60111 15.664 0.008
2296.56729 15.805 0.009
2298.57792 15.857 0.008
2300.57667 15.831 0.008
2303.56021 15.805 0.008
2445.90221 15.810 0.008
2458.94408 15.631 0.008
2463.90776 15.609 0.007
2465.92045 15.646 0.007
2467.89327 15.765 0.008
2469.89288 15.863 0.008
2470.92716 15.615 0.007
2473.87840 15.766 0.007
2483.85081 15.865 0.008
2486.86834 15.697 0.008
2488.86501 15.842 0.008
2489.91484 15.663 0.007
2492.89593 15.821 0.008
2496.89553 15.633 0.007
2497.91900 15.876 0.008
2498.92178 15.613 0.007
2499.85193 15.804 0.008
2500.85637 15.737 0.008
2501.84628 15.705 0.007
2502.82613 15.857 0.008
2516.76878 15.876 0.008
2517.81559 15.617 0.007
2518.78659 15.831 0.008
2519.86541 15.657 0.007
2520.78359 15.756 0.008
2521.85481 15.764 0.008
2524.85256 15.624 0.007
2526.77011 15.705 0.007
2534.82636 15.741 0.008
2535.84715 15.826 0.008
2537.69449 15.872 0.009
2538.78815 15.634 0.008
2539.69452 15.792 0.008
2540.71351 15.744 0.008
2541.70643 15.699 0.007
2542.67621 15.862 0.008
2544.65455 15.852 0.008
2545.66995 15.662 0.007
2547.68780 15.782 0.008
2548.70406 15.694 0.007
2550.69895 15.609 0.007
2551.68567 15.852 0.008
2552.70181 15.667 0.006
2554.69501 15.786 0.008
2555.70294 15.674 0.008
2556.68186 15.866 0.008
2557.69447 15.632 0.007
2558.65095 15.828 0.008
2559.60770 15.708 0.008
2560.64086 15.754 0.008
2561.66649 15.786 0.008
2562.65934 15.654 0.007
2563.66716 15.888 0.008
2564.68272 15.624 0.007
2565.66886 15.823 0.008
2566.65385 15.713 0.008
2568.68524 15.816 0.008
2571.63753 15.621 0.008
2572.73418 15.820 0.008
2573.65118 15.709 0.008
2574.63507 15.718 0.008
2577.62074 15.861 0.008
2578.61905 15.638 0.008
2579.62845 15.801 0.008
2580.64052 15.723 0.007
2583.61187 15.620 0.008
2584.61939 15.851 0.008
2587.60063 15.771 0.008
2588.62949 15.700 0.008
2589.59062 15.864 0.008
2590.60539 15.626 0.008
2591.60660 15.854 0.008
2593.59713 15.771 0.008
2594.60091 15.802 0.008
2596.57706 15.857 0.008
2597.56443 15.613 0.008
2598.61736 15.851 0.008
2599.59755 15.656 0.008
2607.61738 15.762 0.008
2610.53771 15.861 0.009
2613.52972 15.731 0.008
2615.56157 15.836 0.008
2621.55781 15.714 0.008
2623.60558 15.642 0.008
2626.54915 15.792 0.008
2629.55510 15.849 0.008
2635.55618 15.692 0.007
2639.53663 15.676 0.008
2641.58283 15.748 0.007
2646.56163 15.656 0.008
2650.58125 15.863 0.008
2654.54800 15.754 0.008
2656.59604 15.670 0.008
2660.54592 15.686 0.008
2664.56668 15.880 0.008
2669.54385 15.835 0.008
2673.55634 15.838 0.008
2675.57225 15.726 0.007
2682.53291 15.705 0.008
2777.89541 15.708 0.008
2804.90136 15.817 0.008
2810.93370 15.634 0.008
2814.93126 15.856 0.008
2817.91926 15.642 0.008
2825.89495 15.763 0.008
2831.77365 15.723 0.008
2832.73913 15.713 0.008
2833.85720 15.811 0.008
2834.92643 15.677 0.008
2837.86740 15.838 0.009
2839.89890 15.749 0.008
2841.87960 15.636 0.007
2844.86483 15.819 0.008
2845.91085 15.704 0.008
2848.94781 15.661 0.009
2850.88095 15.628 0.008
2851.92424 15.821 0.008
2852.79484 15.750 0.008
2853.93477 15.738 0.007
2856.80792 15.844 0.008
2858.90198 15.802 0.008
2860.86801 15.687 0.008
2861.73900 15.879 0.008
2862.91799 15.628 0.008
2863.82711 15.844 0.008
2866.87374 15.757 0.008
2867.85468 15.680 0.008
2868.79838 15.865 0.008
2870.80809 15.839 0.008
2872.76550 15.750 0.007
2876.76825 15.621 0.007
2877.79011 15.846 0.008
2879.79886 15.734 0.007
2883.81729 15.622 0.007
2885.75242 15.719 0.008
2888.80073 15.626 0.007
2892.79228 15.726 0.008
2894.75859 15.831 0.008
2896.75570 15.857 0.008
2898.77659 15.803 0.008
2900.73855 15.685 0.007
2902.73808 15.620 0.007
2905.74528 15.798 0.008
2907.74652 15.683 0.007
2909.73551 15.622 0.007
2911.72699 15.678 0.007
2915.69836 15.862 0.008
2917.72435 15.842 0.008
2921.72227 15.638 0.008
2923.74355 15.596 0.007
2925.70714 15.693 0.007
2927.70454 15.823 0.008
2930.72240 15.634 0.007
2932.72877 15.687 0.007
2934.70888 15.829 0.008
2937.62942 15.641 0.008
2939.72299 15.730 0.008
2940.62600 15.694 0.007
2941.61965 15.862 0.008
2942.62580 15.614 0.007
2943.57821 15.847 0.008
2944.58167 15.663 0.007
2945.59840 15.765 0.008
2947.59525 15.686 0.008
2949.58938 15.622 0.007
2951.62115 15.676 0.008
2952.64854 15.779 0.008
2954.67506 15.689 0.008
2956.62110 15.618 0.007
2958.61062 15.688 0.008
2961.58662 15.659 0.008
2965.62492 15.690 0.007
2968.58613 15.641 0.008
2970.60550 15.620 0.007
2972.58962 15.716 0.008
2974.58395 15.848 0.008
2976.53988 15.862 0.008
2977.60693 15.635 0.008
2979.57122 15.721 0.008
2981.61623 15.839 0.009
2984.56483 15.653 0.008
2987.63994 15.714 0.008
2989.56222 15.626 0.007
2995.60687 15.867 0.007
2998.56898 15.673 0.008
3001.56621 15.670 0.008
3004.55814 15.845 0.008
3007.56582 15.788 0.008
3010.56339 15.619 0.007
3016.58055 15.863 0.008
3019.59399 15.699 0.008
3021.60793 15.800 0.007
3023.56324 15.878 0.008
3025.56223 15.826 0.008
3027.59590 15.738 0.008
3029.56779 15.632 0.007
3031.57217 15.616 0.007
3033.57463 15.729 0.007
3036.59190 15.639 0.007
3040.55490 15.747 0.008
3160.85236 15.640 0.007
3183.90427 15.684 0.008
3193.87200 15.640 0.007
3195.93102 15.624 0.006
3197.90658 15.715 0.007
3201.86403 15.859 0.007
3203.87116 15.804 0.007
3204.93958 15.713 0.007
3210.88579 15.802 0.008
3211.91402 15.728 0.007
3215.69248 15.843 0.008
3216.71670 15.708 0.008
3217.78979 15.770 0.008
3223.82728 15.681 0.007
3226.81580 15.678 0.007
3229.82488 15.847 0.007
3231.77555 15.731 0.008
3239.78509 15.825 0.007
3240.77440 15.632 0.007
3241.84362 15.868 0.008
3242.70614 15.648 0.007
3243.83872 15.827 0.008
3244.81982 15.707 0.007
3245.76527 15.727 0.007
3246.76151 15.849 0.008
3247.75287 15.628 0.007
3249.72002 15.637 0.007
3251.73274 15.750 0.007
3254.72010 15.629 0.007
3256.78595 15.643 0.007
3258.72201 15.760 0.008
3260.69606 15.875 0.008
3262.73204 15.843 0.007
3264.68376 15.757 0.007
3266.75471 15.664 0.007
3268.68800 15.606 0.006
3270.66834 15.694 0.007
3271.65584 15.725 0.007
3272.71270 15.813 0.007
3274.69480 15.870 0.008
3276.70365 15.817 0.008
3277.73650 15.677 0.007
3279.66910 15.837 0.007
3281.62854 15.867 0.007
3283.63433 15.802 0.006
3287.60045 15.636 0.007
3289.61139 15.640 0.006
3293.58840 15.852 0.007
3295.60715 15.846 0.006
3297.58839 15.768 0.006
3299.64529 15.673 0.006
3301.61944 15.626 0.008
3303.68163 15.664 0.007
3306.61422 15.677 0.006
3308.60205 15.617 0.007
3310.60124 15.694 0.007
3312.64326 15.801 0.006
3314.55592 15.867 0.008
3320.59364 15.651 0.007
3321.58934 15.875 0.008
3323.53722 15.806 0.007
3327.54842 15.628 0.007
3330.54239 15.802 0.008
3335.58347 15.865 0.008
3338.59047 15.759 0.007
3349.58759 15.856 0.007
3353.56487 15.672 0.007
3360.57573 15.666 0.007
3363.54542 15.827 0.008
3367.60861 15.672 0.007
3375.54162 15.871 0.007
3378.58714 15.709 0.007
3386.55355 15.704 0.007
3390.56198 15.650 0.007
3398.54900 15.786 0.007
3402.53711 15.627 0.006
3538.94584 15.653 0.008
3547.90711 15.616 0.007
3554.91530 15.627 0.007
3556.87095 15.734 0.007
3558.88889 15.838 0.007
3559.87716 15.625 0.006
3560.89533 15.842 0.007
3561.88500 15.629 0.006
3561.93448 15.626 0.006
3562.85790 15.799 0.007
3562.88671 15.806 0.007
3562.92060 15.816 0.007
3562.94738 15.815 0.007
3563.84279 15.768 0.008
3563.87946 15.750 0.008
3563.94125 15.731 0.007
3564.82304 15.697 0.007
3564.86429 15.687 0.007
3564.90256 15.704 0.006
3564.93667 15.716 0.006
3568.82272 15.674 0.006
3568.85614 15.664 0.007
3568.88958 15.656 0.006
3568.91210 15.636 0.006
3568.93521 15.647 0.007
3569.84461 15.778 0.007
3569.87073 15.778 0.007
3569.90537 15.785 0.007
3569.92443 15.798 0.007
3570.77026 15.788 0.008
3570.82779 15.795 0.008
3570.85907 15.761 0.008
3570.89429 15.743 0.007
3570.91810 15.746 0.007
3571.81916 15.676 0.008
3571.86036 15.687 0.008
3571.88675 15.698 0.008
3572.84463 15.840 0.008
3572.88523 15.862 0.008
3572.92528 15.841 0.008
3572.94595 15.850 0.008
3573.81166 15.621 0.007
3573.84959 15.625 0.007
3573.94172 15.630 0.008
3574.80852 15.857 0.007
3574.83670 15.849 0.007
3574.85873 15.857 0.007
3574.89971 15.859 0.008
3575.82048 15.666 0.006
3575.84305 15.662 0.007
3575.86534 15.654 0.007
3575.88782 15.637 0.007
3576.79604 15.749 0.007
3576.81900 15.758 0.007
3576.90632 15.780 0.007
3577.81684 15.801 0.007
3577.85431 15.774 0.007
3577.87670 15.779 0.007
3577.92217 15.761 0.007
3577.94432 15.765 0.008
3578.85349 15.663 0.006
3578.87534 15.670 0.007
3578.91299 15.685 0.006
3578.93537 15.692 0.006
3579.79511 15.871 0.007
3579.81776 15.861 0.007
3579.84061 15.860 0.007
3579.86305 15.868 0.006
3579.88535 15.867 0.007
3579.91664 15.864 0.007
3580.80190 15.631 0.007
3580.82444 15.624 0.007
3580.91325 15.619 0.006
3581.79993 15.830 0.007
3581.82180 15.839 0.007
3581.84024 15.838 0.008
3581.86276 15.846 0.008
3581.88718 15.844 0.008
3581.90956 15.844 0.008
3582.73735 15.714 0.006
3582.76020 15.703 0.007
3582.78288 15.692 0.007
3582.82516 15.688 0.007
3583.77818 15.742 0.007
3583.84241 15.760 0.006
3583.87609 15.758 0.007
3583.90330 15.779 0.007
3584.78089 15.823 0.007
3585.80189 15.646 0.006
3585.82444 15.658 0.006
3585.85175 15.664 0.006
3585.90992 15.669 0.006
3586.78490 15.876 0.007
3586.80394 15.869 0.006
3586.82659 15.886 0.007
3586.85286 15.883 0.007
3586.86737 15.869 0.006
3586.89341 15.871 0.006
3588.78813 15.817 0.007
3588.80084 15.826 0.007
3588.84478 15.828 0.007
3588.86765 15.838 0.008
3588.89253 15.838 0.007
3589.77385 15.719 0.006
3589.81464 15.704 0.007
3589.83904 15.692 0.007
3589.86522 15.690 0.006
3589.90563 15.677 0.006
3590.80139 15.735 0.007
3590.82794 15.744 0.006
3590.85066 15.746 0.006
3590.87305 15.758 0.006
3591.77949 15.842 0.006
3591.80278 15.834 0.007
3591.82937 15.824 0.006
3591.86930 15.805 0.006
3592.76493 15.626 0.006
3592.78834 15.631 0.006
3592.81480 15.628 0.006
3592.83690 15.645 0.006
3593.82307 15.883 0.007
3593.84339 15.876 0.007
3593.86428 15.888 0.007
3593.89532 15.877 0.007
3594.77531 15.615 0.006
3594.79787 15.617 0.006
3594.82869 15.621 0.006
3594.85163 15.608 0.006
3596.69046 15.757 0.007
3596.72312 15.750 0.007
3596.73690 15.749 0.007
3596.76836 15.743 0.007
3596.86128 15.724 0.007
3596.88753 15.706 0.007
3596.90987 15.688 0.006
3597.80457 15.717 0.007
3597.84469 15.721 0.007
3597.86968 15.739 0.007
3600.87399 15.872 0.008
3600.91758 15.873 0.008
3601.73912 15.630 0.007
3601.76129 15.637 0.006
3601.78688 15.619 0.007
3601.80519 15.625 0.007
3601.82730 15.623 0.007
3602.66903 15.767 0.008
3602.74248 15.786 0.008
3602.77203 15.794 0.008
3603.69844 15.765 0.007
3603.74121 15.749 0.007
3603.76352 15.731 0.007
3603.78580 15.733 0.007
3607.76408 15.859 0.007
3607.78650 15.868 0.007
3607.83332 15.869 0.007
3607.85602 15.869 0.007
3608.74791 15.666 0.006
3608.77409 15.657 0.006
3608.79781 15.639 0.006
3608.82023 15.635 0.006
3614.75397 15.848 0.006
3614.78136 15.859 0.007
3614.80481 15.862 0.007
3614.82839 15.867 0.007
3614.85357 15.855 0.007
3615.73135 15.675 0.006
3615.85691 15.650 0.006
3615.88106 15.650 0.006
3615.88555 15.653 0.006
3617.69121 15.800 0.007
3617.73800 15.789 0.007
3617.76071 15.793 0.006
3617.81229 15.767 0.006
3618.71229 15.674 0.006
3618.76425 15.655 0.006
3618.81221 15.695 0.006
3618.84436 15.697 0.006
3619.66832 15.869 0.007
3619.69043 15.867 0.007
3619.72150 15.870 0.007
3619.76685 15.864 0.007
3620.70015 15.605 0.006
3620.77876 15.608 0.006
3620.84005 15.607 0.006
3620.88357 15.620 0.006
3621.69144 15.842 0.007
3621.73923 15.852 0.007
3621.78355 15.855 0.007
3621.85459 15.860 0.007
3622.76751 15.658 0.006
3622.79358 15.659 0.007
3622.81728 15.651 0.007
3625.68780 15.640 0.007
3625.73903 15.653 0.006
3625.76521 15.666 0.006
3625.82754 15.685 0.006
3626.66833 15.876 0.008
3626.69261 15.857 0.007
3626.73318 15.871 0.007
3628.70673 15.833 0.008
3628.78601 15.839 0.008
3628.84966 15.863 0.007
3629.66330 15.721 0.008
3629.69505 15.706 0.007
3629.72042 15.713 0.007
3629.74337 15.713 0.008
3630.67372 15.727 0.007
3630.69984 15.749 0.007
3630.72401 15.745 0.008
3630.74785 15.745 0.007
3630.79788 15.767 0.007
3631.66990 15.849 0.008
3631.70125 15.829 0.008
3631.72508 15.812 0.008
3631.74910 15.812 0.008
3632.63537 15.648 0.008
3632.74838 15.653 0.007
3633.67026 15.882 0.008
3633.69069 15.879 0.008
3633.72890 15.880 0.008
3633.80455 15.874 0.007
3634.67757 15.633 0.006
3634.69684 15.623 0.006
3634.73142 15.635 0.006
3634.77126 15.623 0.006
3636.71410 15.732 0.007
3637.64555 15.712 0.007
3637.66794 15.721 0.007
3637.69030 15.723 0.007
3637.71263 15.725 0.007
3638.64847 15.865 0.007
3638.67080 15.859 0.007
3638.71122 15.847 0.007
3638.74973 15.828 0.007
3639.68017 15.627 0.006
3639.71793 15.634 0.006
3639.74259 15.637 0.006
3640.65542 15.869 0.007
3640.68261 15.865 0.007
3640.70497 15.863 0.007
3640.72918 15.872 0.007
3641.64392 15.649 0.007
3641.65535 15.644 0.007
3641.67761 15.637 0.006
3641.71465 15.636 0.007
3643.71668 15.732 0.006
3643.73903 15.723 0.005
3644.65052 15.693 0.006
3644.69103 15.696 0.006
3644.71338 15.695 0.006
3644.73569 15.719 0.006
3646.63143 15.622 0.007
3646.65159 15.635 0.007
3646.66681 15.626 0.007
3646.67797 15.627 0.007
3646.70717 15.632 0.007
3650.63644 15.775 0.007
3650.65490 15.759 0.007
3650.67893 15.747 0.007
3650.70122 15.738 0.007
3651.65714 15.703 0.006
3651.68845 15.706 0.006
3651.71044 15.716 0.006
3651.72878 15.717 0.006
3652.64069 15.876 0.007
3652.66348 15.862 0.007
3652.69087 15.882 0.007
3652.71346 15.875 0.007
3653.63230 15.628 0.006
3653.65485 15.618 0.006
3653.67671 15.623 0.006
3653.69994 15.614 0.006
3654.64163 15.864 0.007
3654.66422 15.866 0.007
3654.68686 15.855 0.007
3654.71642 15.863 0.007
3655.65024 15.675 0.007
3655.67220 15.657 0.006
3655.69116 15.652 0.006
3655.71348 15.644 0.006
3656.69484 15.789 0.007
3656.73815 15.792 0.007
3656.78285 15.820 0.007
3657.61971 15.812 0.007
3657.66717 15.790 0.007
3657.69259 15.776 0.007
3657.72302 15.769 0.007
3658.62771 15.686 0.007
3658.64634 15.679 0.007
3658.66279 15.687 0.007
3658.71896 15.708 0.007
3659.68069 15.876 0.008
3659.70317 15.864 0.008
3659.72561 15.863 0.008
3659.75284 15.858 0.008
3660.66009 15.625 0.007
3660.68677 15.619 0.007
3660.70878 15.614 0.007
3660.72060 15.617 0.007
3661.60707 15.845 0.008
3661.62939 15.837 0.008
3661.67738 15.859 0.007
3661.72005 15.856 0.007
3663.59350 15.754 0.007
3663.62999 15.767 0.008
3663.65238 15.761 0.007
3663.67725 15.771 0.007
3664.60965 15.819 0.006
3664.63632 15.804 0.006
3664.69992 15.782 0.006
3664.74319 15.769 0.006
3665.65397 15.671 0.007
3665.70554 15.705 0.007
3665.72777 15.700 0.007
3666.65581 15.877 0.007
3666.72117 15.857 0.007
3666.74617 15.861 0.007
3668.56808 15.830 0.007
3668.61132 15.848 0.007
3668.63411 15.832 0.007
3668.65654 15.834 0.007
3668.67906 15.845 0.007
3669.63382 15.700 0.007
3670.70528 15.762 0.007
3671.57911 15.838 0.008
3671.60472 15.841 0.008
3671.62354 15.839 0.007
3671.68723 15.822 0.007
3672.57792 15.634 0.007
3672.60039 15.634 0.007
3672.62400 15.650 0.007
3672.64642 15.653 0.006
3673.69216 15.896 0.007
3674.62437 15.625 0.006
3674.71937 15.625 0.006
3674.79665 15.618 0.007
3674.82210 15.626 0.007
3675.59419 15.822 0.007
3675.65426 15.834 0.007
3675.76234 15.868 0.007
3676.62344 15.724 0.007
3676.64887 15.720 0.006
3676.67720 15.710 0.007
3676.69920 15.694 0.007
3682.57754 15.801 0.007
3682.59995 15.820 0.007
3682.62264 15.816 0.007
3682.64769 15.804 0.007
3683.57141 15.741 0.007
3683.59874 15.734 0.007
3683.62507 15.728 0.007
3683.64356 15.727 0.007
3684.61341 15.716 0.006
3684.69009 15.744 0.007
3684.72535 15.752 0.007
3684.75122 15.769 0.007
3685.59532 15.853 0.007
3685.61760 15.855 0.007
3685.64877 15.836 0.007
3685.67595 15.816 0.007
3686.56015 15.630 0.007
3686.60554 15.630 0.007
3686.62815 15.643 0.007
3686.65045 15.645 0.007
3687.57533 15.862 0.007
3687.60029 15.860 0.007
3687.62272 15.868 0.007
3687.64343 15.892 0.007
3688.53329 15.655 0.007
3688.55583 15.647 0.007
3688.57854 15.657 0.007
3688.60085 15.637 0.006
3689.55357 15.801 0.007
3689.57564 15.806 0.007
3689.59581 15.800 0.007
3689.62559 15.821 0.007
3690.53917 15.773 0.008
3690.56481 15.754 0.007
3690.59222 15.755 0.007
3690.64961 15.739 0.008
3691.54450 15.684 0.007
3691.58283 15.694 0.007
3692.54716 15.882 0.007
3692.56694 15.875 0.007
3692.61398 15.875 0.007
3693.53420 15.632 0.007
3693.55892 15.620 0.007
3693.61280 15.637 0.007
3694.57849 15.851 0.007
3694.62337 15.844 0.007
3695.56248 15.677 0.006
3695.58616 15.668 0.007
3695.63607 15.660 0.006
3696.51461 15.764 0.007
3696.55137 15.774 0.007
3696.59733 15.789 0.007
3696.64361 15.789 0.007
3699.55705 15.883 0.007
3699.59910 15.866 0.007
3699.62979 15.854 0.007
3699.65497 15.855 0.007
3700.55414 15.630 0.007
3700.64068 15.639 0.007
3701.53733 15.832 0.007
3701.58614 15.863 0.007
3701.63330 15.855 0.007
3701.68106 15.870 0.007
3702.56096 15.680 0.007
3702.58006 15.674 0.007
3702.60474 15.674 0.007
3702.65363 15.656 0.006
3703.59278 15.770 0.006
3703.63816 15.803 0.007
3703.70310 15.810 0.007
3704.51859 15.810 0.008
3704.58302 15.785 0.007
3704.65328 15.753 0.007
3705.52182 15.643 0.007
3705.56252 15.666 0.006
3705.62589 15.688 0.006
3705.67168 15.703 0.006
3706.52763 15.885 0.007
3706.57210 15.879 0.007
3706.60718 15.875 0.007
3706.66816 15.877 0.007
3707.54787 15.615 0.007
3707.56998 15.607 0.007
3707.59249 15.616 0.006
3708.59475 15.855 0.008
3708.60620 15.852 0.007
3708.62845 15.865 0.008
3708.63642 15.861 0.007
3711.56775 15.807 0.008
3711.58612 15.805 0.008
3711.60862 15.798 0.007
3711.61657 15.787 0.008
3712.55774 15.664 0.007
3712.58503 15.666 0.007
3712.60720 15.666 0.007
3712.65321 15.684 0.007
3713.54321 15.871 0.008
3713.56835 15.868 0.008
3713.59016 15.867 0.008
3713.60868 15.878 0.007
3714.56537 15.623 0.007
3714.58763 15.613 0.007
3714.61385 15.617 0.007
3714.62156 15.613 0.007
3715.54318 15.829 0.007
3715.56604 15.834 0.007
3715.59415 15.840 0.007
3715.61670 15.848 0.008
3716.55097 15.729 0.008
3717.59500 15.744 0.007
3717.62094 15.763 0.007
3717.62852 15.762 0.007
3718.54823 15.810 0.008
3718.57120 15.821 0.008
3718.60055 15.824 0.008
3718.62289 15.801 0.008
3719.54708 15.656 0.008
3719.57582 15.666 0.007
3719.59109 15.656 0.007
3719.62216 15.665 0.007
3720.53948 15.866 0.008
3720.56155 15.875 0.008
3720.58669 15.875 0.008
3720.60861 15.872 0.008
3721.54083 15.632 0.008
3721.55779 15.626 0.007
3721.57657 15.625 0.007
3721.60334 15.634 0.008
3722.54733 15.824 0.008
3722.56920 15.825 0.008
3722.59132 15.832 0.008
3722.59907 15.840 0.008
3724.60021 15.749 0.007
3724.62518 15.758 0.007
3725.55619 15.852 0.007
3725.60983 15.820 0.007
3725.67153 15.799 0.008
3726.54330 15.626 0.007
3726.57748 15.634 0.007
3726.62066 15.640 0.007
3726.65186 15.652 0.007
3727.55049 15.881 0.008
3727.57270 15.880 0.007
3728.54877 15.637 0.007
3728.57541 15.629 0.007
3728.60063 15.626 0.007
3730.53401 15.742 0.007
3730.59999 15.724 0.006
3731.53268 15.724 0.008
3731.53765 15.718 0.008
3732.59545 15.835 0.008
3732.61775 15.824 0.007
3734.60464 15.873 0.007
3734.62722 15.878 0.007
3734.63956 15.879 0.007
3735.55474 15.630 0.007
3735.57724 15.632 0.006
3735.59954 15.621 0.006
3736.56225 15.815 0.007
3736.60727 15.826 0.007
3737.57184 15.741 0.007
3737.59424 15.732 0.007
3739.53342 15.860 0.008
3739.56197 15.854 0.007
3739.57698 15.863 0.007
3740.53654 15.625 0.007
3740.57342 15.635 0.007
3741.55276 15.848 0.008
3741.57459 15.859 0.008
3742.55294 15.657 0.008
3742.57654 15.648 0.008
3743.55275 15.795 0.007
3743.57600 15.805 0.008
3745.55253 15.708 0.008
3745.57833 15.689 0.007
3746.55203 15.858 0.008
3746.57813 15.856 0.008
3747.55392 15.630 0.008
3747.57724 15.633 0.007
3748.55737 15.864 0.008
3748.57957 15.859 0.008
3749.55386 15.667 0.008
3749.57585 15.657 0.008
3750.55188 15.794 0.008
3751.53968 15.776 0.008
3751.56268 15.765 0.008
3751.58510 15.762 0.008
3753.55430 15.891 0.008
3753.57665 15.860 0.008
3755.55320 15.856 0.008
3756.54857 15.674 0.007
3756.57467 15.645 0.007
3758.57620 15.790 0.008
3759.55892 15.690 0.007
3759.58145 15.686 0.007
3760.55507 15.861 0.008
3761.58360 15.627 0.007
3762.58524 15.853 0.008
3763.54327 15.681 0.006
3763.56731 15.678 0.007
3764.57483 15.764 0.007
3765.54970 15.801 0.007
3765.56801 15.789 0.006
3766.54597 15.665 0.007
3766.56886 15.665 0.006
3768.54275 15.643 0.007
3769.54419 15.848 0.008
3769.56597 15.844 0.007
3771.53966 15.755 0.008
3771.56164 15.758 0.007
3772.57194 15.814 0.008
3773.53981 15.653 0.007
3774.52393 15.880 0.009
3775.54477 15.635 0.007
3775.56657 15.633 0.007
3776.52105 15.833 0.009
3776.53964 15.807 0.008
3777.54355 15.719 0.007
3777.56563 15.709 0.007
3778.52262 15.743 0.008
3778.56365 15.756 0.007
3779.53696 15.817 0.008
3780.52707 15.640 0.007
3786.51812 15.859 0.008
3786.52695 15.861 0.008
3787.52401 15.651 0.007
3787.52834 15.638 0.007
3788.51403 15.877 0.008
3788.52260 15.868 0.008
3789.51426 15.642 0.007
3789.51847 15.639 0.007
3791.51486 15.746 0.008
3791.51872 15.745 0.008
3900.90750 15.815 0.007
3901.92244 15.712 0.007
3904.91600 15.651 0.006
3906.93532 15.630 0.006
3908.93285 15.711 0.006
3909.91847 15.719 0.007
3912.93985 15.874 0.007
3913.88984 15.645 0.006
3915.90182 15.746 0.007
3917.88985 15.856 0.007
3918.89805 15.622 0.006
3920.93384 15.622 0.006
3931.86292 15.877 0.007
3933.83089 15.823 0.007
3934.91273 15.678 0.006
3935.86775 15.767 0.007
3936.92116 15.772 0.007
3944.91683 15.653 0.007
3945.89789 15.872 0.007
3946.88795 15.634 0.007
3950.89656 15.806 0.007
3958.86279 15.640 0.007
3959.85883 15.872 0.008
3960.84903 15.626 0.006
3961.86037 15.800 0.008
3963.84179 15.706 0.008
3964.84000 15.853 0.006
3965.83735 15.635 0.006
3966.83617 15.867 0.007
3967.87950 15.646 0.006
3968.82930 15.791 0.007
3969.82888 15.757 0.007
3970.82687 15.708 0.006
3971.79935 15.865 0.007
3973.79421 15.859 0.007
3974.80104 15.669 0.007
3975.80892 15.776 0.007
3979.75857 15.629 0.006
3980.73759 15.829 0.007
3981.73749 15.714 0.007
3982.80333 15.768 0.007
3983.89511 15.761 0.007
3986.77529 15.618 0.006
3987.80079 15.844 0.007
3988.85703 15.685 0.007
3990.71600 15.861 0.007
3994.73939 15.811 0.007
3995.76379 15.711 0.006
3998.86187 15.680 0.007
3999.77283 15.866 0.007
4001.67868 15.808 0.006
4002.74402 15.737 0.006
4003.69029 15.701 0.006
4004.71571 15.854 0.007
4005.76498 15.621 0.006
4006.72133 15.861 0.006
4007.68234 15.667 0.006
4008.68874 15.777 0.006
4011.71832 15.850 0.007
4013.72332 15.862 0.007
4016.69626 15.791 0.007
4018.69201 15.855 0.007
4019.76025 15.626 0.006
4020.73434 15.858 0.007
4021.70052 15.669 0.006
4023.68160 15.803 0.007
4025.72994 15.876 0.007
4026.65138 15.629 0.006
4027.66978 15.832 0.007
4031.63901 15.646 0.006
4036.69756 15.738 0.007
4037.71337 15.826 0.007
4039.62658 15.867 0.007
4040.61044 15.651 0.007
4041.66466 15.814 0.007
4042.67835 15.705 0.007
4043.65505 15.712 0.007
4046.63873 15.867 0.008
4047.63199 15.641 0.007
4048.60733 15.788 0.007
4049.64622 15.760 0.006
4050.63025 15.695 0.006
4052.62251 15.627 0.006
4053.64765 15.867 0.007
4054.63920 15.670 0.007
4058.58836 15.879 0.007
4059.53605 15.627 0.006
4060.57865 15.843 0.007
4063.62348 15.782 0.006
4064.57699 15.655 0.006
4066.59386 15.613 0.006
4067.56720 15.842 0.007
4068.53158 15.717 0.006
4070.56722 15.825 0.007
4071.56669 15.661 0.007
4074.58220 15.835 0.007
4077.57285 15.833 0.008
4079.60032 15.874 0.007
4082.63452 15.719 0.007
4087.58154 15.642 0.006
4093.55234 15.870 0.007
4095.62553 15.818 0.007
4096.60335 15.745 0.007
4097.63695 15.707 0.007
4098.55960 15.867 0.007
4100.60601 15.879 0.007
4103.57453 15.761 0.007
4105.61567 15.858 0.007
4108.57689 15.672 0.006
4112.54443 15.862 0.007
4115.57400 15.683 0.006
4119.56137 15.884 0.007
4124.60028 15.790 0.007
4128.58732 15.832 0.007
4132.58098 15.642 0.007
4255.84175 15.856 0.008
4268.91607 15.704 0.008
4272.94548 15.623 0.008
4279.78148 15.695 0.008
4282.89799 15.682 0.008
4283.93055 15.878 0.008
4285.93765 15.850 0.008
4289.92191 15.668 0.008
4293.87100 15.693 0.007
4295.85625 15.814 0.008
4297.87032 15.862 0.008
4298.90269 15.593 0.008
4299.94672 15.846 0.008
4301.84528 15.723 0.007
4307.82204 15.723 0.007
4307.93747 15.700 0.007
4308.77796 15.703 0.007
4308.94063 15.751 0.008
4310.92910 15.656 0.008
4312.82018 15.648 0.007
4314.86384 15.747 0.008
4316.92079 15.844 0.008
4332.88543 15.865 0.008
4333.88938 15.646 0.008
4338.89338 15.614 0.008
4340.76509 15.704 0.008
4342.78548 15.805 0.008
4343.75450 15.640 0.007
4344.73669 15.868 0.008
4345.78268 15.617 0.008
4347.77155 15.718 0.007
4349.78479 15.844 0.008
4351.72137 15.868 0.008
4354.75199 15.739 0.008
4357.69249 15.635 0.007
4359.69047 15.671 0.007
4362.65801 15.669 0.008
4363.61737 15.884 0.008
4369.64476 15.641 0.008
4372.66822 15.835 0.008
4377.74723 15.865 0.008
4379.63868 15.829 0.008
4380.73457 15.673 0.008
4382.67884 15.820 0.008
4386.65382 15.821 0.008
4388.65468 15.719 0.008
4390.66367 15.640 0.007
4392.68815 15.632 0.007
4395.67213 15.722 0.008
4397.71012 15.632 0.007
4400.66055 15.803 0.008
4403.64913 15.868 0.008
4407.62634 15.779 0.008
4408.65160 15.742 0.008
4410.73514 15.838 0.008
4412.69617 15.863 0.008
4416.68128 15.679 0.007
4418.69019 15.615 0.007
4421.62378 15.765 0.008
4423.70543 15.676 0.008
4427.64892 15.686 0.008
4429.55704 15.853 0.009
4431.56163 15.863 0.008
4433.56758 15.797 0.008
4435.55154 15.709 0.007
4437.64480 15.656 0.008
4439.55672 15.645 0.008
4441.59251 15.734 0.008
4443.61954 15.840 0.008
4449.63732 15.716 0.008
4451.59212 15.621 0.007
4453.57448 15.646 0.007
4456.57600 15.698 0.008
4458.57686 15.610 0.007
4464.56811 15.879 0.008
4472.56225 15.616 0.007
4475.58168 15.759 0.007
4478.58831 15.879 0.008
4481.57002 15.714 0.007
4484.58014 15.648 0.008
4486.61883 15.610 0.008
4502.57052 15.740 0.008
4609.88358 15.856 0.008
4638.94851 15.657 0.008
4643.87337 15.625 0.007
4648.93944 15.665 0.007
4652.93268 15.689 0.007
4656.91339 15.864 0.007
4662.76961 15.631 0.007
4663.74125 15.858 0.008
4665.81418 15.807 0.008
4666.90198 15.728 0.008
4670.89629 15.866 0.008
4671.88255 15.637 0.007
4672.87050 15.804 0.007
4681.86779 15.677 0.007
4683.86637 15.625 0.007
4685.84909 15.659 0.008
4688.80035 15.658 0.007
4689.75812 15.872 0.008
4690.72576 15.629 0.007
4691.72877 15.826 0.008
4693.88388 15.778 0.008
4696.83374 15.881 0.008
4698.74560 15.814 0.007
4700.77702 15.733 0.007
4701.78220 15.831 0.008
4702.84229 15.653 0.007
4703.74154 15.859 0.008
4704.76040 15.631 0.007
4705.76761 15.813 0.008
4707.75974 15.712 0.007
4708.82846 15.844 0.007
4710.74438 15.871 0.007
4716.74604 15.637 0.007
4719.73817 15.814 0.007
4721.72686 15.698 0.008
4725.71432 15.695 0.007
4728.74239 15.669 0.007
4731.74791 15.837 0.007
4734.73061 15.808 0.007
4741.69677 15.840 0.007
4747.57413 15.680 0.007
4749.58268 15.627 0.008
4753.65198 15.744 0.008
4755.64073 15.874 0.008
4757.63027 15.858 0.008
4759.64290 15.786 0.008
4761.60813 15.682 0.007
4763.62570 15.621 0.007
4766.59361 15.755 0.008
4769.63198 15.873 0.008
4771.67693 15.865 0.007
4773.66814 15.777 0.007
4777.58668 15.624 0.007
4779.60720 15.714 0.008
4781.57408 15.832 0.008
4783.55598 15.874 0.008
4785.58858 15.812 0.008
4786.64585 15.703 0.008
4788.60398 15.838 0.008
4790.60627 15.879 0.007
4792.58440 15.806 0.007
4794.56484 15.705 0.007
4796.63484 15.640 0.007
4798.58155 15.654 0.008
4800.62871 15.733 0.007
4802.60620 15.856 0.008
4804.62938 15.871 0.008
4806.61530 15.794 0.008
4808.53676 15.655 0.007
4810.60204 15.606 0.007
4813.58734 15.766 0.008
4815.55956 15.681 0.008
4817.58001 15.615 0.007
4819.57394 15.672 0.007
4821.65762 15.760 0.007
4824.56204 15.621 0.007
4826.61180 15.697 0.007
4832.57925 15.824 0.008
4834.60419 15.753 0.008
4837.59546 15.889 0.008
4841.57168 15.717 0.008
4843.56597 15.644 0.008
4846.57075 15.797 0.007
4848.61131 15.736 0.007
4850.59863 15.644 0.007
4854.57984 15.741 0.008
4866.56273 15.647 0.008
