 622.87594 16.235 0.009
 624.90250 16.146 0.008
 625.88994 16.110 0.008
 626.86147 16.098 0.008
 627.84769 16.149 0.008
 628.88878 16.012 0.008
 629.88658 16.246 0.009
 631.91752 16.232 0.009
 632.85803 16.002 0.008
 633.89346 16.252 0.008
 635.88832 16.191 0.008
 643.85733 15.991 0.008
 645.82906 16.023 0.008
 647.78677 16.075 0.010
 649.78417 16.106 0.009
 652.83137 16.019 0.008
 656.84452 15.996 0.008
 657.81678 16.248 0.009
 658.85709 16.064 0.010
 663.76335 16.082 0.008
 664.86826 16.187 0.008
 665.81555 15.999 0.007
 666.82611 16.225 0.008
 667.84533 15.993 0.008
 668.81615 16.241 0.008
 670.78173 16.250 0.009
 671.80377 16.066 0.008
 672.80932 16.180 0.008
 673.77670 16.085 0.008
 684.73708 16.069 0.008
 685.79194 16.130 0.008
 686.69320 16.133 0.009
 687.77456 16.062 0.008
 688.71660 16.172 0.008
 689.74375 16.026 0.008
 697.70988 16.094 0.008
 698.78099 16.081 0.008
 699.68003 16.122 0.008
 700.72080 16.064 0.008
 701.69303 16.180 0.008
 704.72100 15.996 0.008
 706.68667 16.005 0.008
 707.72423 16.243 0.010
 708.74838 16.073 0.008
 712.74892 16.179 0.008
 713.73029 16.004 0.008
 714.74527 16.195 0.008
 715.71083 15.993 0.008
 716.67891 16.232 0.008
 726.66153 16.002 0.008
 728.67224 15.977 0.008
 729.67437 16.261 0.008
 730.65875 15.996 0.008
 733.62524 16.214 0.010
 739.64520 15.978 0.008
 741.61100 15.979 0.007
 742.58724 16.253 0.009
 744.63436 16.264 0.009
 745.58529 16.061 0.008
 746.77610 16.086 0.008
 747.64657 16.140 0.008
 748.60830 16.067 0.008
 749.61369 16.184 0.009
 750.60753 16.012 0.008
 751.61594 16.204 0.009
 752.73036 16.009 0.008
 753.66599 16.255 0.009
 759.62383 16.115 0.008
 760.64951 16.152 0.008
 761.62555 16.024 0.008
 761.73081 15.998 0.009
 762.61693 16.191 0.009
 762.64649 16.200 0.009
 763.63315 16.002 0.008
 763.74390 15.980 0.008
 764.71985 16.263 0.012
 765.56522 15.985 0.008
 766.60266 16.244 0.010
 766.70555 16.250 0.010
 767.61020 15.992 0.009
 767.67182 16.024 0.011
 767.77244 16.060 0.010
 769.59304 16.055 0.008
 769.66675 16.082 0.008
 770.59916 16.156 0.008
 771.63223 16.133 0.008
 772.59408 16.065 0.008
 773.59918 16.180 0.008
 773.75139 16.219 0.009
 774.59218 15.990 0.008
 775.55008 16.206 0.008
 776.63098 15.976 0.008
 777.60525 16.249 0.008
 778.60865 16.010 0.008
 779.63553 16.249 0.008
 779.74585 16.218 0.009
 780.63540 16.048 0.009
 781.54972 16.230 0.008
 781.72806 16.128 0.009
 782.61311 16.097 0.008
 782.73909 16.143 0.009
 783.53227 16.164 0.008
 784.57420 16.132 0.008
 785.60107 16.039 0.008
 785.74665 15.998 0.008
 786.60474 16.193 0.008
 787.68519 15.988 0.008
 788.61802 16.227 0.008
 788.64356 16.233 0.008
 790.56671 16.272 0.009
 792.54468 16.269 0.009
 795.60936 16.134 0.008
 796.53826 16.122 0.010
 796.72363 16.025 0.009
 797.69842 16.189 0.009
 798.56106 16.017 0.008
 799.69901 16.248 0.009
 800.61400 15.993 0.008
 802.67405 16.034 0.009
 805.60137 16.204 0.009
 806.61156 16.135 0.010
 808.54297 16.143 0.010
 816.67396 16.212 0.008
 817.58405 16.048 0.008
 819.54684 16.116 0.008
 820.62314 16.058 0.008
 822.54371 16.010 0.008
 824.56950 15.955 0.008
 825.64263 16.258 0.010
 828.60280 16.068 0.008
 829.56940 16.223 0.008
 832.57630 16.133 0.008
 833.59617 16.046 0.008
 834.56577 16.196 0.009
 836.54391 16.255 0.009
 838.57687 16.262 0.010
 840.58663 16.237 0.009
 845.53836 16.181 0.009
 850.56149 15.996 0.008
 855.56650 16.097 0.009
 859.55431 16.008 0.008
 866.51888 16.183 0.009
 962.92273 15.971 0.008
 966.92222 16.033 0.008
 970.89861 16.147 0.008
 976.87925 16.257 0.010
 986.83360 16.010 0.009
 987.84724 16.236 0.009
 991.91526 16.221 0.008
 996.91919 16.217 0.008
 998.89029 16.226 0.009
1004.78887 16.240 0.009
1006.81748 16.128 0.008
1020.88695 16.215 0.009
1025.92473 16.052 0.008
1035.73966 16.228 0.008
1037.76886 16.264 0.008
1041.77703 16.165 0.007
1045.73874 16.022 0.008
1048.71993 16.235 0.009
1052.76279 16.219 0.008
1055.63608 16.111 0.008
1058.84805 16.045 0.009
1059.76602 16.233 0.010
1061.71881 16.247 0.009
1064.80269 16.108 0.009
1068.70409 16.162 0.008
1072.68423 16.225 0.008
1076.66202 16.249 0.008
1078.67257 16.172 0.008
1081.68512 16.186 0.008
1084.62330 15.983 0.008
1087.64319 16.249 0.008
1090.69958 16.130 0.008
1092.73168 16.164 0.008
1094.63838 16.201 0.008
1102.60854 16.197 0.008
1106.70340 15.989 0.007
1110.62250 16.016 0.009
1116.58099 16.138 0.008
1120.56956 16.205 0.009
1126.64490 16.158 0.008
1129.54336 16.129 0.009
1132.52642 16.031 0.008
1135.57649 16.245 0.008
1138.62618 16.098 0.008
1140.60361 16.147 0.008
1144.66115 16.238 0.009
1151.54075 16.098 0.008
1155.54236 16.198 0.008
1159.53781 16.274 0.009
1162.57021 16.070 0.008
1164.68378 16.171 0.009
1170.54219 16.255 0.008
1178.65224 16.019 0.008
1182.66414 16.014 0.008
1183.70249 16.240 0.009
1185.68563 16.143 0.008
1188.68498 16.187 0.008
1191.56872 16.014 0.008
1202.58381 16.025 0.009
1205.53525 16.247 0.009
1211.55571 16.116 0.009
1217.56635 15.994 0.008
1220.56883 16.242 0.009
1229.52155 16.245 0.011
1238.51784 16.194 0.013
1327.90209 16.089 0.011
1330.81879 16.192 0.010
1335.87053 16.058 0.009
1340.89003 16.024 0.008
1348.92608 16.094 0.008
1354.89968 16.252 0.009
1360.91941 16.155 0.009
1365.91562 16.230 0.009
1367.83913 16.238 0.010
1374.91117 16.141 0.008
1394.84735 16.040 0.008
1395.87883 16.212 0.009
1397.80054 16.175 0.009
1401.82757 15.999 0.008
1402.91246 16.250 0.009
1407.83554 16.046 0.008
1412.73085 16.062 0.008
1417.88918 16.258 0.009
1430.72181 16.271 0.010
1432.73249 16.232 0.008
1435.68894 16.128 0.010
1439.65536 16.207 0.009
1442.65904 16.006 0.008
1447.73425 16.105 0.011
1451.67047 16.006 0.008
1455.69018 16.032 0.008
1460.73091 16.058 0.008
1462.63653 16.047 0.009
1470.64276 16.085 0.008
1471.76956 16.062 0.008
1472.62998 16.144 0.009
1475.63572 15.995 0.008
1477.56478 15.982 0.009
1481.58256 16.032 0.008
1484.63144 16.097 0.008
1487.62658 16.212 0.008
1490.66531 16.016 0.008
1492.56498 15.995 0.008
1495.52176 16.198 0.009
1499.55041 16.019 0.009
1502.54853 16.255 0.011
1505.61509 16.077 0.009
1508.55044 16.125 0.008
1509.52673 16.132 0.008
1512.62861 15.980 0.009
1515.60326 16.262 0.009
1517.60672 16.220 0.009
1520.59397 16.165 0.008
1524.54168 16.231 0.010
1526.58182 16.279 0.009
1531.63339 16.144 0.009
1543.59087 16.134 0.009
1546.60571 16.193 0.008
1551.56748 16.009 0.008
1555.60101 16.120 0.008
1562.57958 16.010 0.008
1569.55871 16.069 0.008
1575.58453 16.038 0.008
1580.55955 16.073 0.008
1583.56221 16.215 0.008
1587.54200 16.265 0.010
1597.52749 15.979 0.008
1603.53559 16.133 0.009
1608.51132 16.005 0.008
1701.89312 16.267 0.009
1703.89625 16.241 0.009
1705.90174 16.135 0.009
1716.86215 16.223 0.010
1717.87252 16.109 0.008
1718.85853 16.138 0.011
1729.90819 16.126 0.008
1732.87796 16.190 0.008
1740.82904 16.207 0.009
1742.87681 16.069 0.008
1744.84590 16.021 0.008
1745.87016 16.197 0.008
1749.85058 16.265 0.008
1750.82253 16.009 0.008
1751.83435 16.246 0.008
1752.79570 16.061 0.008
1753.79674 16.154 0.008
1754.82343 16.141 0.008
1755.78879 16.098 0.009
1756.81826 16.211 0.011
1757.76744 16.018 0.009
1758.77196 16.188 0.008
1759.81631 15.994 0.008
1761.79732 16.000 0.008
1762.78373 16.278 0.010
1763.78674 16.046 0.008
1764.77923 16.241 0.008
1765.77373 16.075 0.008
1766.71476 16.173 0.010
1768.79384 16.034 0.008
1769.70322 16.180 0.010
1771.81931 16.244 0.011
1772.76168 15.978 0.008
1773.72899 16.247 0.009
1776.75179 16.029 0.008
1784.72845 16.242 0.008
1788.79394 16.205 0.008
1803.75424 16.083 0.008
1806.74839 16.229 0.008
1808.81800 16.272 0.009
1811.74639 16.039 0.008
1814.79323 16.106 0.008
1817.75889 16.201 0.008
1822.63633 15.989 0.008
1826.78742 16.133 0.008
1829.72968 16.032 0.008
1846.77768 16.047 0.008
1850.73446 16.141 0.009
1854.79050 16.225 0.008
1858.71438 16.255 0.009
1862.71326 16.121 0.008
1867.73769 16.244 0.009
1871.74425 16.248 0.008
2086.89971 16.147 0.009
2090.90645 16.238 0.009
2103.90643 16.238 0.008
2105.90431 16.263 0.008
2105.93657 16.242 0.008
2106.86900 15.989 0.008
2106.90218 16.003 0.008
2112.85456 16.149 0.008
2113.84931 15.992 0.008
2116.85251 16.255 0.008
2116.88230 16.251 0.008
2123.79926 16.131 0.008
2123.82923 16.144 0.008
2127.81422 16.210 0.010
2128.80717 15.946 0.008
2128.83670 15.952 0.008
2129.83914 16.236 0.008
2129.86869 16.244 0.008
2130.85510 15.998 0.008
2130.86372 16.028 0.008
2131.84916 16.245 0.009
2131.85700 16.253 0.010
2132.81695 16.055 0.008
2133.87603 16.125 0.009
2133.90577 16.106 0.009
2134.79108 16.087 0.008
2134.82124 16.119 0.009
2135.82375 16.063 0.007
2135.85527 16.041 0.008
2136.84410 16.164 0.008
2137.90211 15.961 0.008
2140.79271 16.253 0.008
2140.82253 16.244 0.008
2142.76206 16.243 0.008
2142.76949 16.235 0.008
2143.80029 16.019 0.008
2143.82757 16.037 0.008
2144.83426 16.178 0.008
2155.88975 16.220 0.012
2156.80676 16.049 0.008
2156.83639 16.072 0.008
2160.73173 16.131 0.008
2160.76576 16.145 0.008
2162.74263 16.192 0.008
2162.77260 16.205 0.008
2166.73725 16.268 0.008
2166.76716 16.273 0.008
2167.77563 16.014 0.008
2167.78340 16.025 0.008
2168.72483 16.238 0.008
2171.72201 16.126 0.007
2172.72763 16.070 0.008
2172.75738 16.050 0.008
2173.70817 16.161 0.008
2177.59917 16.234 0.009
2177.65084 16.235 0.009
2184.68234 16.150 0.009
2184.71246 16.154 0.009
2185.64629 16.043 0.008
2185.67596 16.036 0.008
2186.70081 16.187 0.010
2187.69597 15.967 0.008
2187.70370 15.984 0.008
2188.66169 16.256 0.010
2190.67272 16.251 0.008
2190.70257 16.247 0.009
2191.67311 15.999 0.008
2191.68098 16.037 0.008
2192.64577 16.249 0.008
2192.67324 16.252 0.008
2193.66687 16.049 0.007
2193.69431 16.051 0.008
2194.63500 16.203 0.008
2194.66445 16.186 0.008
2195.70179 16.140 0.007
2200.61254 16.014 0.008
2201.64961 16.237 0.008
2203.56091 16.245 0.008
2203.70608 16.269 0.008
2206.61720 16.051 0.009
2211.62361 16.008 0.008
2211.65131 15.982 0.008
2212.62461 16.250 0.009
2212.65515 16.219 0.008
2213.63301 16.008 0.008
2213.66095 15.983 0.008
2214.61722 16.289 0.009
2214.65214 16.243 0.010
2215.63166 16.016 0.008
2215.65913 16.013 0.011
2217.61865 16.034 0.008
2217.64583 16.038 0.009
2219.66111 16.119 0.008
2219.68870 16.112 0.009
2222.62968 16.012 0.008
2222.73726 15.986 0.009
2224.69634 15.983 0.008
2224.72356 15.954 0.008
2226.61688 15.992 0.008
2226.64645 15.986 0.009
2228.54117 16.019 0.008
2228.56834 15.997 0.008
2229.59938 16.252 0.008
2229.62662 16.215 0.009
2231.55103 16.166 0.009
2231.65327 16.116 0.009
2232.52003 16.105 0.009
2233.59528 16.075 0.008
2233.62342 16.039 0.008
2235.64129 15.988 0.007
2235.67352 15.964 0.008
2238.52990 16.247 0.009
2238.55709 16.251 0.009
2240.63375 16.278 0.008
2240.66138 16.239 0.009
2242.60155 16.219 0.008
2242.62891 16.193 0.010
2244.61975 16.096 0.008
2248.58257 15.994 0.007
2248.61823 15.961 0.008
2250.54997 15.991 0.008
2250.58688 15.971 0.008
2252.60744 16.019 0.008
2253.58057 16.246 0.008
2255.58555 16.168 0.008
2255.61721 16.143 0.008
2257.60724 16.065 0.008
2258.58349 16.174 0.007
2262.59787 16.267 0.008
2263.59425 16.001 0.008
2266.58010 16.196 0.009
2266.58731 16.200 0.008
2271.57463 16.185 0.009
2272.56490 15.997 0.008
2273.57395 16.235 0.010
2274.55052 15.988 0.008
2275.60888 16.242 0.009
2276.56847 16.024 0.010
2277.58557 16.231 0.008
2278.60108 16.056 0.008
2280.59687 16.139 0.009
2283.58242 15.991 0.008
2284.59975 16.218 0.009
2290.57714 16.188 0.008
2290.61373 16.149 0.008
2293.57603 16.150 0.009
2295.56892 16.211 0.009
2297.57225 16.268 0.010
2299.57134 16.268 0.010
2300.56644 16.011 0.008
2445.92217 15.977 0.008
2458.93304 15.979 0.008
2460.89006 15.970 0.009
2463.89667 16.248 0.009
2463.92636 16.215 0.009
2465.90934 16.128 0.008
2467.88219 16.067 0.008
2467.91215 16.038 0.008
2469.88184 15.991 0.008
2469.91151 15.973 0.008
2470.91616 16.249 0.008
2471.90098 15.975 0.008
2471.92738 15.977 0.008
2472.93041 16.274 0.008
2473.86735 15.987 0.008
2473.91727 16.011 0.007
2481.91461 16.220 0.010
2483.83976 16.235 0.008
2483.89985 16.244 0.008
2486.85724 15.998 0.008
2486.89686 16.022 0.009
2488.89076 16.083 0.010
2488.89511 16.077 0.010
2489.90382 16.118 0.008
2489.93422 16.107 0.009
2492.91459 16.200 0.009
2496.88449 16.249 0.008
2496.91424 16.251 0.009
2497.90793 16.000 0.008
2497.93768 16.017 0.009
2498.78493 16.256 0.009
2498.91078 16.246 0.008
2499.84089 16.029 0.008
2499.87059 16.032 0.008
2500.84534 16.220 0.008
2500.87612 16.186 0.008
2501.83527 16.089 0.008
2501.86509 16.085 0.008
2502.81508 16.117 0.008
2502.84526 16.101 0.009
2503.83059 16.151 0.008
2508.75658 15.974 0.010
2516.75779 16.150 0.009
2516.78783 16.161 0.009
2517.80457 16.011 0.008
2517.83458 15.995 0.008
2518.77555 16.211 0.008
2518.80600 16.205 0.009
2519.84292 15.965 0.008
2519.85437 15.973 0.008
2520.77256 16.255 0.008
2520.80231 16.241 0.009
2521.83440 15.988 0.008
2521.84378 15.992 0.007
2524.83271 16.198 0.010
2524.84155 16.187 0.009
2526.75915 16.131 0.008
2526.78890 16.122 0.008
2534.84525 16.021 0.009
2535.82544 16.221 0.009
2535.83613 16.246 0.009
2537.68350 16.242 0.010
2537.71322 16.211 0.010
2538.77710 16.122 0.008
2538.80922 16.124 0.009
2539.68434 16.137 0.008
2539.71202 16.119 0.008
2540.75390 16.164 0.010
2541.69625 16.052 0.008
2541.72390 16.041 0.008
2542.66605 16.180 0.008
2542.69369 16.189 0.009
2544.64357 16.225 0.008
2544.67323 16.221 0.008
2545.65977 15.968 0.008
2545.68728 15.968 0.008
2547.67763 16.012 0.008
2547.70527 15.985 0.008
2548.69307 16.255 0.008
2548.72273 16.242 0.009
2550.68799 16.185 0.008
2550.71787 16.151 0.009
2551.67470 16.107 0.008
2551.70447 16.116 0.008
2552.69084 16.081 0.007
2552.72052 16.056 0.008
2554.68402 16.026 0.008
2554.71370 16.006 0.008
2555.69196 16.227 0.008
2555.72165 16.212 0.008
2556.67087 15.993 0.008
2556.70066 15.981 0.008
2557.68345 16.245 0.008
2557.71319 16.245 0.008
2558.63995 15.960 0.008
2558.66968 15.975 0.008
2559.59667 16.287 0.008
2559.62658 16.266 0.009
2560.62987 15.995 0.008
2560.65965 16.004 0.008
2561.65550 16.243 0.010
2562.64833 16.069 0.008
2562.67807 16.074 0.008
2563.65612 16.131 0.008
2563.68603 16.112 0.008
2564.67174 16.153 0.008
2564.70141 16.138 0.008
2565.65870 16.047 0.008
2565.69133 16.024 0.008
2566.64369 16.196 0.008
2566.67163 16.188 0.008
2568.67503 16.225 0.010
2568.70262 16.228 0.010
2571.65626 16.009 0.008
2573.64103 16.054 0.008
2573.66869 16.058 0.010
2574.62492 16.223 0.008
2574.65253 16.188 0.008
2576.62455 16.103 0.009
2576.68673 16.079 0.009
2577.61057 16.151 0.009
2577.63939 16.153 0.010
2578.60887 16.029 0.008
2578.63949 16.024 0.008
2579.61826 16.207 0.008
2579.64613 16.211 0.010
2580.63034 15.985 0.008
2580.65825 15.967 0.008
2583.60170 16.256 0.010
2583.62956 16.260 0.010
2584.60921 16.006 0.008
2584.63694 16.009 0.008
2586.63580 16.096 0.008
2587.58964 16.167 0.008
2587.61956 16.155 0.009
2588.61850 16.126 0.008
2588.72994 16.160 0.009
2589.57961 16.104 0.008
2589.61041 16.060 0.008
2590.59439 16.186 0.009
2590.62464 16.194 0.010
2591.59555 16.022 0.008
2591.64775 15.992 0.008
2593.58615 15.980 0.008
2593.61677 15.981 0.008
2594.58990 16.272 0.009
2594.62053 16.265 0.011
2596.56607 16.262 0.010
2596.59606 16.267 0.010
2597.55341 16.042 0.008
2597.58324 16.024 0.008
2598.60633 16.225 0.008
2598.66376 16.173 0.009
2599.58547 16.100 0.010
2599.61655 16.109 0.009
2607.63779 16.247 0.011
2610.52671 16.030 0.008
2610.55754 16.049 0.009
2613.51888 16.100 0.008
2613.55130 16.088 0.009
2615.55069 16.033 0.009
2615.58018 16.019 0.008
2619.53015 15.942 0.008
2619.56783 15.968 0.008
2621.54678 16.028 0.008
2621.57693 16.041 0.009
2623.59473 16.097 0.008
2625.55945 16.146 0.011
2632.55842 16.014 0.008
2636.55439 16.128 0.009
2639.55408 15.999 0.008
2642.56364 16.243 0.011
2646.57566 16.206 0.009
2651.54854 16.199 0.011
2654.56959 15.978 0.009
2656.58581 16.031 0.008
2657.56839 16.225 0.010
2660.57192 16.134 0.010
2671.56183 16.102 0.009
2673.57362 16.164 0.011
2676.53501 15.980 0.008
2679.54942 16.261 0.010
2682.55155 16.078 0.009
2777.91402 15.998 0.009
2804.88096 16.267 0.011
2810.92282 16.071 0.008
2811.91542 16.163 0.011
2814.92038 15.993 0.008
2814.95109 15.989 0.011
2817.90833 16.283 0.009
2817.93759 16.272 0.011
2830.91470 16.274 0.011
2831.79244 16.031 0.009
2832.72829 16.268 0.009
2832.75842 16.258 0.010
2832.93634 16.173 0.009
2833.87633 16.100 0.010
2835.88499 16.146 0.009
2837.88602 16.223 0.012
2838.94323 16.016 0.011
2839.88805 16.244 0.008
2840.83597 15.990 0.009
2843.83739 16.254 0.009
2844.88320 16.070 0.008
2845.92923 16.116 0.009
2848.93697 16.202 0.011
2849.86663 15.994 0.008
2850.89940 16.216 0.012
2851.91336 15.947 0.008
2851.94296 15.990 0.010
2852.81361 16.258 0.010
2854.83935 16.270 0.009
2856.82630 16.226 0.011
2858.92033 16.069 0.008
2860.88635 16.025 0.008
2861.72813 16.179 0.008
2861.75751 16.174 0.008
2862.90715 15.964 0.008
2862.93654 15.970 0.010
2863.81623 16.250 0.009
2863.84572 16.250 0.011
2865.84257 16.317 0.011
2865.85017 16.275 0.008
2866.86289 16.033 0.008
2866.89225 16.028 0.009
2867.83977 16.239 0.010
2867.84384 16.256 0.008
2868.78757 16.059 0.008
2869.91754 16.102 0.009
2870.79725 16.103 0.008
2870.82654 16.110 0.008
2871.86945 16.051 0.008
2872.75467 16.139 0.008
2875.81580 15.992 0.008
2876.75744 16.236 0.008
2876.78671 16.239 0.009
2879.75021 15.997 0.008
2883.80643 16.135 0.008
2883.83637 16.162 0.008
2885.74162 16.185 0.008
2885.77120 16.183 0.008
2888.78984 15.999 0.008
2888.81948 15.980 0.008
2892.78146 16.041 0.008
2892.81087 16.058 0.010
2894.74001 16.085 0.009
2894.74773 16.088 0.008
2896.73709 16.146 0.008
2896.74486 16.155 0.008
2898.75809 16.208 0.009
2898.76577 16.202 0.008
2900.75694 16.246 0.008
2902.75647 16.257 0.008
2905.73445 16.072 0.008
2905.76363 16.084 0.009
2907.76504 16.137 0.008
2909.75414 16.179 0.007
2911.74551 16.224 0.008
2915.71700 16.259 0.009
2917.74309 16.198 0.008
2921.74621 16.016 0.008
2923.76279 15.966 0.008
2925.72578 15.978 0.008
2927.72329 16.021 0.008
2930.74137 16.145 0.009
2932.74790 16.051 0.008
2934.72770 15.986 0.008
2937.61857 16.226 0.009
2937.65170 16.249 0.009
2939.70436 16.276 0.009
2940.61519 16.020 0.008
2940.64447 16.024 0.008
2941.69431 16.211 0.008
2942.64444 16.077 0.008
2943.61566 16.177 0.009
2944.60026 16.109 0.008
2945.61706 16.092 0.010
2947.58440 16.011 0.008
2947.62654 16.023 0.008
2949.60779 15.981 0.008
2950.65258 16.255 0.009
2951.61031 15.981 0.008
2951.63977 15.969 0.008
2952.66871 16.260 0.010
2954.69358 16.175 0.010
2956.61034 16.078 0.008
2956.63957 16.104 0.008
2958.59501 16.020 0.008
2958.63396 16.018 0.008
2961.57582 16.257 0.010
2961.60509 16.245 0.011
2965.60421 16.250 0.008
2965.64347 16.239 0.009
2968.57532 16.106 0.008
2968.60485 16.116 0.009
2970.62410 16.180 0.008
2972.60856 16.226 0.009
2974.57313 16.254 0.009
2974.63014 16.250 0.008
2976.52905 16.249 0.009
2976.55899 16.269 0.010
2977.59605 16.043 0.008
2978.58514 16.220 0.010
2979.56036 16.088 0.009
2980.60200 16.118 0.010
2981.60539 16.151 0.010
2982.54719 16.054 0.008
2984.63816 15.964 0.008
2986.64821 15.984 0.008
2988.54212 16.018 0.008
2991.61365 16.129 0.008
2994.59640 16.203 0.009
2997.56944 15.964 0.008
3001.58463 16.045 0.008
3005.54270 16.161 0.009
3007.55342 16.203 0.008
3008.56901 16.004 0.009
3011.57240 16.273 0.011
3016.56968 16.118 0.008
3016.59908 16.139 0.010
3018.58551 16.194 0.008
3020.61359 16.231 0.008
3021.62639 15.965 0.008
3023.58232 16.002 0.008
3025.58873 16.064 0.008
3027.61431 16.116 0.008
3029.58619 16.171 0.008
3031.59078 16.221 0.008
3033.59310 16.241 0.009
3037.54015 16.255 0.010
3160.84150 16.267 0.010
3164.94055 16.207 0.010
3183.92251 16.008 0.008
3193.89029 16.225 0.010
3195.92015 16.256 0.009
3196.86243 15.978 0.008
3197.89573 16.287 0.009
3197.92494 16.276 0.009
3199.92919 16.247 0.010
3201.88237 16.150 0.007
3203.89033 16.060 0.008
3204.92393 16.202 0.008
3206.82816 16.197 0.010
3210.87494 16.255 0.008
3210.90422 16.258 0.008
3211.89561 16.038 0.008
3211.90321 16.049 0.008
3215.67175 16.093 0.009
3215.68167 16.095 0.009
3216.70294 16.152 0.010
3216.73978 16.086 0.009
3217.94025 16.232 0.010
3218.88896 15.997 0.009
3218.93031 15.978 0.009
3222.87237 16.030 0.009
3223.84574 16.260 0.010
3226.80497 16.107 0.008
3226.83599 16.164 0.009
3229.84314 16.008 0.008
3231.82525 15.994 0.009
3239.80365 16.132 0.008
3240.80089 16.070 0.009
3241.82523 16.229 0.009
3241.83281 16.212 0.008
3242.69530 16.023 0.008
3242.72460 16.029 0.008
3243.86102 16.251 0.009
3244.83825 15.996 0.008
3245.78735 16.247 0.009
3247.77356 16.276 0.009
3249.73825 16.235 0.009
3251.75176 16.115 0.008
3254.73889 16.202 0.008
3257.75534 15.988 0.007
3259.67449 15.998 0.008
3261.71257 16.053 0.008
3263.69528 16.106 0.008
3265.72968 16.165 0.008
3267.71849 16.202 0.008
3269.81242 16.287 0.010
3270.75177 15.981 0.008
3271.67459 16.273 0.008
3272.73182 16.055 0.008
3274.71765 16.097 0.008
3276.72210 16.137 0.008
3277.72570 16.034 0.008
3277.76086 16.026 0.008
3279.69246 16.005 0.008
3281.65118 15.985 0.008
3283.65268 15.985 0.007
3287.61884 16.086 0.008
3289.62995 16.158 0.008
3293.60668 16.234 0.008
3295.62551 16.268 0.007
3297.57764 16.238 0.007
3297.60732 16.263 0.007
3299.63453 16.158 0.007
3299.66366 16.150 0.007
3301.60864 16.114 0.009
3301.63787 16.109 0.009
3303.70014 15.979 0.008
3306.60342 16.237 0.007
3306.63267 16.254 0.007
3308.59130 16.258 0.009
3308.62043 16.260 0.009
3310.59043 16.247 0.009
3310.61952 16.257 0.009
3314.57437 16.073 0.009
3320.61225 15.995 0.008
3321.57855 16.283 0.008
3323.55573 16.203 0.008
3327.53764 16.024 0.008
3327.56722 16.022 0.008
3330.53156 16.230 0.008
3330.56146 16.248 0.009
3335.60630 16.095 0.008
3338.57963 16.047 0.008
3349.60620 16.069 0.008
3353.58535 15.964 0.008
3359.56187 16.085 0.008
3363.56922 16.210 0.009
3367.62855 16.244 0.008
3372.55929 16.121 0.008
3376.53862 16.212 0.008
3378.60554 16.260 0.008
3386.57203 16.032 0.008
3390.58558 15.981 0.008
3398.56735 16.189 0.008
3402.55577 16.279 0.007
3541.94064 15.986 0.007
3547.89635 16.147 0.008
3547.92522 16.168 0.008
3554.90454 16.009 0.008
3554.93343 16.020 0.008
3561.85763 16.033 0.007
3561.87072 16.011 0.007
3561.92372 15.997 0.007
3564.88706 16.255 0.008
3564.91771 16.263 0.008
3568.84856 16.238 0.008
3569.90914 16.108 0.008
3570.72262 16.254 0.010
3570.82011 16.178 0.009
3571.77940 16.106 0.009
3571.81161 16.121 0.010
3573.81609 16.192 0.008
3573.85730 16.212 0.009
3574.86256 15.995 0.007
3574.88814 16.002 0.008
3577.82114 16.234 0.008
3577.84674 16.243 0.008
3578.87931 16.023 0.007
3578.90531 16.024 0.007
3579.81017 16.262 0.008
3581.82567 16.206 0.008
3581.85511 16.190 0.009
3581.87966 16.176 0.008
3582.81005 16.096 0.008
3582.83996 16.111 0.008
3583.81890 16.121 0.007
3583.84999 16.102 0.008
3584.79054 16.142 0.008
3586.78900 16.187 0.007
3586.81872 16.204 0.008
3588.79298 16.234 0.007
3588.83658 16.256 0.008
3589.83150 15.997 0.008
3591.85446 16.034 0.007
3591.88423 16.068 0.007
3593.82864 16.072 0.007
3593.87051 16.105 0.008
3596.80232 16.074 0.008
3596.90222 16.025 0.007
3601.79071 16.253 0.008
3601.81983 16.285 0.009
3607.76809 16.119 0.007
3607.82527 16.100 0.008
3614.76595 16.269 0.007
3614.79664 16.259 0.008
3617.74292 16.066 0.007
3617.77908 16.079 0.008
3619.67427 16.084 0.008
3619.70906 16.115 0.008
3621.70129 16.157 0.008
3621.72752 16.171 0.008
3624.80284 15.989 0.008
3624.87581 15.982 0.008
3626.69822 15.990 0.007
3626.72520 16.013 0.008
3629.67882 16.238 0.009
3631.74119 16.158 0.008
3633.67595 16.079 0.008
3633.71746 16.073 0.008
3636.75898 16.247 0.008
3637.66044 15.975 0.008
3638.65246 16.252 0.008
3639.71050 15.992 0.007
3641.68150 16.043 0.007
3641.70704 16.060 0.008
3643.70219 16.103 0.008
3643.73143 16.118 0.008
3646.63543 16.085 0.008
3646.67056 16.054 0.008
3650.64026 15.980 0.007
3650.66963 16.006 0.008
3650.69369 15.991 0.008
3651.71426 16.255 0.008
3651.74360 16.263 0.008
3653.68544 16.240 0.008
3653.73978 16.229 0.008
3655.67665 16.163 0.008
3655.70593 16.154 0.008
3657.60506 16.113 0.008
3657.65963 16.077 0.008
3658.63180 16.148 0.008
3658.67176 16.175 0.008
3659.62102 16.024 0.008
3659.65183 16.022 0.008
3660.67934 16.222 0.009
3661.59212 15.996 0.008
3663.57084 16.009 0.008
3665.59549 16.024 0.007
3665.64651 16.048 0.008
3668.55345 16.176 0.008
3668.58285 16.165 0.008
3669.65591 16.150 0.008
3669.71372 16.207 0.008
3671.60873 16.191 0.008
3671.64250 16.209 0.008
3673.65726 16.242 0.009
3673.68460 16.251 0.008
3675.63963 16.262 0.008
3675.66919 16.269 0.008
3681.65270 16.078 0.008
3683.62901 16.027 0.008
3683.65853 16.011 0.007
3685.63043 15.994 0.007
3685.66369 16.012 0.007
3687.62874 16.001 0.007
3687.66396 16.011 0.008
3689.57971 16.015 0.008
3689.61552 16.029 0.008
3692.55166 16.169 0.008
3692.58651 16.160 0.008
3694.54504 16.079 0.008
3694.57050 16.064 0.008
3696.53684 16.015 0.007
3696.57106 16.001 0.008
3698.57890 15.980 0.008
3698.60472 16.022 0.009
3700.55810 16.006 0.008
3700.61472 16.026 0.008
3702.56523 16.057 0.008
3702.59497 16.068 0.008
3704.56638 16.101 0.008
3704.60125 16.108 0.008
3706.57590 16.159 0.008
3706.62171 16.176 0.008
3708.56488 16.219 0.008
3708.59864 16.228 0.008
3711.57153 15.974 0.008
3711.60115 15.992 0.008
3713.59401 16.019 0.008
3714.53488 16.254 0.010
3717.56195 16.146 0.009
3718.61542 16.037 0.009
3721.52618 16.221 0.012
3721.56903 16.227 0.008
3724.53127 15.999 0.008
3724.57404 16.023 0.008
3726.52768 16.038 0.008
3726.59454 16.066 0.008
3728.53419 16.104 0.008
3728.56769 16.122 0.009
3734.54534 16.241 0.008
3734.57112 16.243 0.009
3737.58682 16.031 0.008
3740.55873 16.144 0.008
3742.54545 16.086 0.009
3746.53946 15.964 0.008
3746.57070 15.995 0.008
3751.55063 16.199 0.011
3756.56336 16.217 0.009
3761.58737 16.036 0.008
3761.61359 16.047 0.008
3765.55348 16.145 0.007
3766.53846 16.053 0.008
3771.56542 16.251 0.008
3772.56129 16.003 0.008
3776.52483 16.101 0.009
3776.56136 16.134 0.008
3780.54912 16.222 0.009
3871.86172 15.986 0.008
3871.88727 15.982 0.009
3900.94809 16.233 0.010
3901.94977 16.100 0.010
3905.94263 16.209 0.008
3906.95003 15.996 0.010
3913.90154 16.189 0.007
3913.92808 16.171 0.008
3917.93852 15.999 0.007
3918.89047 16.212 0.008
3931.88474 16.230 0.008
3931.92577 16.257 0.009
3933.92955 16.276 0.008
3934.86881 16.018 0.007
3936.85132 16.070 0.007
3936.87699 16.064 0.008
3938.83532 16.113 0.008
3938.86100 16.112 0.008
3944.88302 16.246 0.008
3944.90840 16.254 0.008
3946.84757 16.250 0.008
3946.87650 16.268 0.008
3951.87013 16.157 0.007
3951.89575 16.165 0.008
3955.83091 16.233 0.008
3955.86091 16.258 0.011
3958.81232 16.015 0.008
3958.84640 16.021 0.008
3960.81241 16.065 0.007
3960.83755 16.069 0.008
3963.80913 16.139 0.008
3963.83429 16.106 0.009
3965.80103 16.049 0.006
3965.82610 16.053 0.007
3967.82072 15.989 0.007
3967.86849 15.997 0.007
3969.78656 15.969 0.007
3969.81167 16.001 0.008
3971.76223 15.997 0.007
3971.78783 16.014 0.008
3974.76441 16.186 0.008
3974.78955 16.191 0.008
3979.71982 16.200 0.008
3979.75079 16.217 0.008
3980.60247 16.034 0.008
3980.62828 16.037 0.008
3981.62950 16.230 0.008
3981.65454 16.234 0.008
3983.84488 16.256 0.009
3983.89915 16.243 0.008
3987.76770 16.132 0.007
3987.79339 16.127 0.008
3990.77559 16.189 0.007
3990.80071 16.192 0.008
3993.71850 15.973 0.007
3993.74556 16.005 0.008
3995.72422 15.997 0.007
3995.75077 16.014 0.007
3999.73442 16.105 0.007
3999.76013 16.135 0.008
4002.70713 16.025 0.006
4002.73223 16.023 0.007
4004.65882 15.981 0.007
4004.68398 15.988 0.007
4006.68514 15.959 0.007
4006.71024 15.984 0.007
4007.57361 16.267 0.008
4008.55737 15.970 0.007
4008.58259 15.992 0.007
4009.68088 16.232 0.008
4009.75243 16.249 0.008
4013.68176 16.057 0.008
4013.70910 16.066 0.008
4015.66616 16.029 0.008
4016.70370 16.250 0.008
4017.68047 16.016 0.007
4018.71041 16.261 0.008
4018.71980 16.267 0.008
4019.66929 15.992 0.008
4019.70107 16.002 0.008
4021.66269 16.004 0.007
4021.68785 16.038 0.007
4024.63610 16.147 0.007
4024.66132 16.145 0.008
4026.61506 16.062 0.007
4026.64020 16.060 0.007
4028.61087 15.989 0.007
4028.63616 15.998 0.007
4030.62001 15.988 0.007
4030.64872 15.993 0.008
4032.67515 16.018 0.008
4032.70080 16.038 0.008
4037.63539 16.094 0.007
4037.67700 16.071 0.007
4039.58967 16.040 0.007
4039.61489 16.043 0.008
4041.58195 15.986 0.008
4041.61449 16.003 0.008
4043.57488 15.967 0.008
4043.60016 15.987 0.008
4046.56770 16.237 0.008
4046.60947 16.252 0.009
4048.55010 16.205 0.008
4048.57540 16.181 0.008
4050.59238 16.070 0.007
4050.61754 16.067 0.008
4052.54423 16.014 0.007
4052.56963 16.013 0.008
4054.59858 15.987 0.007
4054.62377 15.987 0.008
4056.57055 16.013 0.008
4056.59586 16.024 0.008
4058.57207 16.050 0.008
4058.62941 16.055 0.008
4060.52825 16.105 0.008
4061.56759 16.115 0.007
4064.52592 16.189 0.008
4065.51713 16.010 0.008
4066.56739 16.245 0.008
4068.51724 16.294 0.008
4069.52574 16.004 0.008
4070.53581 16.262 0.008
4073.56171 16.140 0.008
4073.60931 16.147 0.008
4076.62889 15.989 0.008
4077.53269 16.227 0.008
4078.58888 15.983 0.007
4079.53465 16.245 0.008
4080.59951 16.019 0.008
4082.53456 16.033 0.008
4085.54704 16.100 0.008
4085.57228 16.117 0.008
4092.54199 16.294 0.008
4092.56836 16.263 0.008
4096.55352 16.185 0.008
4096.59432 16.166 0.008
4099.59664 16.196 0.008
4100.59710 16.003 0.008
4104.58751 16.014 0.008
4105.56495 16.259 0.009
4108.54116 16.105 0.008
4111.57548 16.020 0.007
4113.61909 16.002 0.008
4120.53254 16.162 0.008
4120.58992 16.137 0.007
4126.55741 15.995 0.008
4132.57311 16.140 0.010
4252.91154 16.272 0.009
4252.93706 16.261 0.011
4255.82730 16.010 0.009
4255.85634 16.000 0.009
4268.90906 16.066 0.008
4268.94014 16.074 0.008
4275.90759 16.008 0.008
4275.93116 16.003 0.009
4279.78530 16.004 0.010
4279.82785 16.012 0.010
4282.79591 16.222 0.009
4282.81939 16.201 0.009
4283.87233 16.137 0.009
4283.87929 16.148 0.009
4283.93413 16.159 0.008
4285.90307 16.200 0.009
4285.92664 16.206 0.010
4291.92358 16.245 0.009
4291.94744 16.246 0.011
4292.86597 16.058 0.008
4293.89165 16.196 0.008
4295.87000 16.110 0.008
4296.87616 16.144 0.008
4296.89973 16.157 0.008
4297.90876 16.045 0.008
4297.93261 16.026 0.008
4299.84378 16.015 0.008
4299.86745 15.999 0.008
4300.86516 16.254 0.008
4300.88894 16.251 0.008
4301.88320 15.978 0.007
4301.90693 15.995 0.008
4302.89920 16.272 0.008
4302.92856 16.261 0.010
4306.84685 16.169 0.008
4306.92569 16.118 0.009
4307.88311 16.146 0.008
4307.90742 16.150 0.008
4308.64468 16.203 0.009
4308.66857 16.170 0.009
4308.85110 16.064 0.008
4308.87659 16.068 0.008
4310.82475 16.024 0.008
4310.84891 16.008 0.008
4311.81211 16.215 0.010
4311.83647 16.206 0.011
4312.88598 15.986 0.007
4312.91033 15.971 0.008
4314.90531 16.034 0.008
4314.92979 16.036 0.009
4316.81231 16.037 0.008
4316.83634 16.045 0.008
4319.84426 16.129 0.008
4319.87350 16.110 0.009
4320.90037 16.194 0.010
4320.90807 16.199 0.009
4326.82031 16.271 0.009
4326.84428 16.275 0.010
4327.79820 16.013 0.008
4327.82334 16.009 0.009
4328.81384 16.251 0.009
4328.83899 16.252 0.009
4329.81731 16.098 0.008
4329.84068 16.090 0.008
4330.86979 16.121 0.008
4330.91317 16.100 0.008
4333.87106 16.194 0.009
4333.87875 16.204 0.008
4338.88277 16.028 0.008
4338.91140 16.033 0.009
4340.75448 15.988 0.008
4340.78388 16.005 0.008
4341.75059 16.236 0.009
4341.77904 16.246 0.010
4342.77491 16.094 0.008
4342.83495 16.110 0.009
4343.74392 16.177 0.008
4343.77254 16.148 0.009
4344.72612 16.134 0.008
4344.75468 16.132 0.008
4345.77211 16.033 0.008
4345.80065 16.021 0.008
4347.76101 15.982 0.008
4347.78957 15.967 0.008
4349.77421 15.981 0.008
4349.80275 15.989 0.008
4351.83001 16.037 0.008
4353.76306 16.063 0.008
4354.74141 16.208 0.009
4356.74449 16.116 0.008
4357.68196 16.139 0.008
4359.67990 16.204 0.009
4359.70987 16.183 0.008
4361.71244 16.216 0.009
4362.64743 15.995 0.009
4362.73726 15.983 0.009
4364.59417 16.011 0.010
4365.71965 16.244 0.010
4367.69170 16.182 0.009
4369.63419 16.122 0.010
4370.68337 16.175 0.009
4372.65763 16.207 0.008
4372.74680 16.227 0.008
4375.62008 15.992 0.008
4376.66219 16.256 0.009
4377.73666 16.048 0.008
4378.62876 16.244 0.009
4379.62814 16.075 0.008
4379.65673 16.087 0.010
4380.72397 16.087 0.008
4380.76961 16.072 0.008
4382.66829 16.047 0.008
4382.69700 16.026 0.008
4386.64329 15.987 0.008
4386.67209 15.990 0.008
4388.64411 16.003 0.008
4388.67258 16.018 0.008
4390.65312 16.049 0.008
4390.68157 16.073 0.008
4392.67756 16.119 0.008
4393.65536 16.111 0.008
4395.65876 16.030 0.008
4395.69026 16.015 0.008
4397.69953 15.980 0.008
4398.65570 16.252 0.010
4400.64995 16.267 0.009
4400.67854 16.259 0.011
4403.63856 16.086 0.008
4403.70437 16.116 0.009
4407.61578 16.176 0.008
4407.64444 16.198 0.009
4408.64102 16.000 0.008
4408.69063 15.971 0.008
4410.71355 15.991 0.008
4410.72455 15.990 0.008
4412.68556 16.027 0.008
4415.69771 16.152 0.009
4416.67068 16.118 0.008
4418.60435 16.170 0.008
4418.67958 16.187 0.008
4421.61319 15.963 0.008
4422.66558 16.252 0.009
4423.69485 15.971 0.008
4424.66266 16.283 0.009
4425.62571 16.052 0.009
4427.54935 16.062 0.008
4427.63758 16.092 0.008
4429.54647 16.114 0.010
4429.59215 16.145 0.010
4431.55102 16.168 0.008
4431.57979 16.182 0.009
4433.55699 16.236 0.008
4433.58561 16.232 0.010
4435.54096 16.248 0.008
4435.57390 16.265 0.009
4437.61311 16.256 0.009
4437.66299 16.252 0.011
4439.54615 16.247 0.009
4439.57488 16.211 0.010
4441.58189 16.121 0.008
4441.61072 16.108 0.009
4443.60142 16.032 0.008
4443.60898 16.029 0.008
4449.62587 16.029 0.008
4449.65550 16.049 0.008
4451.58151 16.074 0.008
4451.61058 16.086 0.008
4453.56385 16.119 0.008
4453.59255 16.130 0.009
4456.56538 16.014 0.008
4456.59396 16.015 0.009
4458.56629 15.969 0.008
4459.54653 16.267 0.010
4464.55748 16.097 0.008
4464.58619 16.116 0.008
4465.55216 16.123 0.008
4470.57110 16.245 0.009
4472.55162 16.275 0.008
4474.60758 16.228 0.009
4475.57107 16.073 0.008
4476.58575 16.166 0.008
4478.57770 16.076 0.008
4479.61051 16.177 0.010
4481.55933 16.226 0.009
4481.59520 16.217 0.009
4484.55987 16.033 0.009
4484.61189 16.016 0.010
4486.60823 16.073 0.009
4487.63339 16.147 0.011
4502.56048 16.070 0.008
4609.87294 15.979 0.008
4609.90676 15.983 0.008
4638.93787 16.134 0.008
4643.86269 16.215 0.008
4643.89140 16.218 0.009
4648.92879 16.054 0.008
4649.94157 16.177 0.009
4652.92199 16.164 0.008
4655.93811 15.993 0.008
4656.90275 16.250 0.008
4661.90477 16.088 0.008
4662.75900 16.227 0.008
4662.78746 16.218 0.008
4662.90441 16.137 0.008
4663.73061 16.076 0.008
4663.75915 16.089 0.009
4663.94303 16.157 0.009
4665.80358 16.154 0.008
4665.83211 16.166 0.009
4665.92607 16.191 0.009
4666.89136 16.006 0.008
4666.91992 15.991 0.008
4670.88564 16.004 0.008
4670.91433 16.010 0.008
4671.82857 16.277 0.009
4671.87193 16.284 0.009
4672.85988 16.022 0.008
4672.88832 16.070 0.009
4675.86622 16.122 0.008
4675.90592 16.092 0.008
4681.85720 15.987 0.007
4681.88566 15.992 0.008
4683.83138 16.017 0.008
4683.88090 16.024 0.008
4685.83852 16.079 0.008
4685.86698 16.080 0.008
4687.87412 16.141 0.007
4688.78974 16.107 0.008
4688.81835 16.084 0.008
4689.74749 16.143 0.008
4690.71516 16.068 0.007
4690.74389 16.057 0.008
4691.71819 16.183 0.008
4691.74680 16.172 0.009
4693.87325 16.250 0.009
4693.90187 16.242 0.010
4696.79487 16.037 0.009
4696.87544 16.069 0.009
4698.73499 16.052 0.008
4698.76359 16.065 0.008
4699.75759 16.187 0.009
4700.76642 16.125 0.008
4700.79510 16.124 0.008
4701.72060 16.105 0.008
4701.77162 16.076 0.008
4701.80031 16.059 0.008
4702.83173 16.192 0.008
4702.86044 16.210 0.009
4703.73096 16.032 0.008
4703.75952 16.017 0.008
4704.74984 16.220 0.008
4704.77836 16.209 0.008
4705.75701 15.989 0.008
4705.78558 16.015 0.009
4707.74914 15.991 0.007
4707.77826 16.001 0.008
4708.81790 16.241 0.008
4708.84649 16.243 0.008
4710.73153 16.238 0.008
4710.76250 16.217 0.008
4716.73546 15.985 0.007
4716.76398 15.978 0.008
4719.72758 16.275 0.008
4719.77187 16.269 0.009
4721.71627 16.244 0.009
4721.76287 16.227 0.011
4724.77481 16.135 0.008
4725.70371 16.105 0.008
4726.67047 16.162 0.009
4728.73182 16.201 0.008
4729.68150 16.005 0.008
4731.73296 15.998 0.007
4731.77170 16.009 0.008
4734.72004 16.242 0.008
4734.75402 16.223 0.008
4739.66011 16.169 0.009
4741.68137 16.236 0.008
4741.68620 16.219 0.008
4741.73467 16.245 0.008
4747.56355 16.269 0.008
4747.60124 16.259 0.009
4749.57211 16.191 0.009
4749.60086 16.161 0.010
4753.64142 15.989 0.008
4753.66996 15.982 0.008
4755.63017 15.989 0.008
4755.66391 15.989 0.008
4757.61966 16.014 0.008
4757.64840 16.024 0.008
4759.63232 16.074 0.008
4759.66097 16.074 0.008
4761.59751 16.091 0.007
4761.63125 16.119 0.008
4763.61510 16.174 0.008
4763.64390 16.198 0.010
4766.58304 16.001 0.008
4766.61211 15.988 0.008
4769.62141 16.273 0.009
4769.65023 16.262 0.010
4771.56126 16.266 0.011
4771.66635 16.208 0.008
4773.65753 16.100 0.008
4773.68608 16.093 0.008
4775.64415 16.035 0.008
4775.67294 16.002 0.008
4777.57607 16.001 0.008
4777.60665 16.006 0.008
4779.59661 15.987 0.007
4779.64224 16.009 0.008
4781.56352 16.007 0.008
4783.54541 16.040 0.008
4783.57581 16.060 0.008
4785.57802 16.119 0.008
4785.60692 16.113 0.009
4786.63527 16.085 0.008
4788.59339 16.010 0.008
4789.54231 16.196 0.009
4790.59566 15.960 0.007
4790.62453 15.962 0.007
4791.62280 16.260 0.008
4792.57381 15.986 0.008
4793.52698 16.256 0.009
4794.55427 16.012 0.007
4795.54401 16.240 0.008
4796.62422 16.099 0.008
4797.53620 16.179 0.009
4798.57097 16.146 0.008
4798.59948 16.140 0.009
4800.61815 16.183 0.008
4800.64681 16.201 0.008
4802.59561 16.231 0.008
4803.53809 15.994 0.008
4804.58832 16.276 0.010
4804.61874 16.259 0.009
4806.59732 16.245 0.009
4806.60465 16.225 0.009
4808.52613 16.218 0.009
4808.55555 16.204 0.009
4810.56598 16.115 0.008
4810.59144 16.082 0.008
4813.57669 16.216 0.008
4813.60536 16.228 0.009
4815.54900 16.252 0.008
4815.58155 16.250 0.010
4817.56942 16.264 0.008
4817.59801 16.255 0.008
4819.56336 16.213 0.008
4819.59764 16.203 0.008
4821.63955 16.088 0.008
4823.60034 16.060 0.008
4824.55142 16.174 0.008
4825.62877 16.007 0.008
4826.60118 16.243 0.008
4832.56861 16.179 0.008
4833.56113 16.117 0.008
4834.59359 16.072 0.008
4835.58373 16.190 0.010
4837.58485 16.217 0.009
4839.60526 16.252 0.010
4841.56102 16.261 0.009
4842.57233 16.037 0.009
4843.55532 16.212 0.010
4844.58286 16.104 0.008
4845.55283 16.148 0.008
4846.56011 16.134 0.008
4847.63711 16.008 0.010
4848.60068 16.209 0.008
4849.59694 15.975 0.008
4850.58797 16.215 0.008
4853.59442 16.008 0.008
4854.56907 16.266 0.008
4856.58836 16.148 0.008
4862.55120 15.980 0.007
4865.56146 16.266 0.009
4866.55206 16.013 0.008
