 621.84907 15.429 0.007
 621.85565 15.436 0.007
 626.93205 15.518 0.006
 627.89772 15.384 0.006
 631.91320 15.348 0.006
 632.90794 15.580 0.006
 635.88387 15.322 0.006
 643.85325 15.408 0.006
 645.87939 15.428 0.006
 649.84208 15.495 0.006
 656.89457 15.350 0.006
 657.89845 15.581 0.006
 658.90721 15.359 0.006
 664.89414 15.326 0.006
 665.87424 15.552 0.006
 666.87633 15.336 0.006
 666.89166 15.342 0.006
 667.89535 15.515 0.006
 667.90248 15.547 0.006
 668.86612 15.375 0.006
 668.87308 15.395 0.006
 670.83179 15.420 0.006
 670.83871 15.409 0.006
 671.85425 15.490 0.006
 671.86124 15.460 0.006
 672.85920 15.403 0.006
 672.91475 15.365 0.006
 673.77225 15.446 0.006
 673.91873 15.432 0.006
 684.78721 15.589 0.006
 684.79377 15.583 0.006
 685.73233 15.334 0.006
 685.78771 15.330 0.006
 686.74379 15.551 0.006
 686.77474 15.562 0.006
 687.90509 15.320 0.006
 688.87300 15.577 0.006
 688.87958 15.569 0.006
 689.73954 15.360 0.006
 689.76956 15.371 0.006
 697.70540 15.456 0.006
 698.72064 15.458 0.006
 698.88159 15.497 0.006
 699.73146 15.447 0.006
 700.71654 15.411 0.006
 700.74670 15.427 0.006
 701.68822 15.527 0.006
 704.68279 15.357 0.006
 706.68114 15.377 0.006
 706.77563 15.395 0.006
 707.71170 15.564 0.006
 708.70922 15.332 0.006
 712.70958 15.322 0.006
 712.71903 15.318 0.006
 713.72377 15.558 0.006
 713.75676 15.556 0.006
 714.74033 15.328 0.006
 715.78118 15.569 0.006
 716.76371 15.334 0.006
 720.67073 15.389 0.006
 722.64660 15.458 0.006
 726.73088 15.463 0.006
 728.72399 15.513 0.006
 729.66838 15.395 0.006
 730.61972 15.565 0.006
 730.62853 15.571 0.006
 733.67932 15.358 0.006
 739.70154 15.325 0.006
 739.75546 15.334 0.006
 741.66514 15.350 0.006
 741.68205 15.350 0.006
 742.65894 15.545 0.006
 742.77247 15.560 0.006
 744.62746 15.511 0.006
 744.72434 15.516 0.006
 745.66736 15.389 0.006
 746.61215 15.488 0.006
 747.56992 15.434 0.006
 748.56660 15.443 0.006
 749.57303 15.483 0.007
 750.54724 15.438 0.006
 751.57736 15.482 0.006
 752.78113 15.472 0.006
 752.78799 15.469 0.006
 753.72088 15.487 0.006
 753.72860 15.468 0.006
 754.69518 15.404 0.006
 754.75241 15.445 0.006
 755.57610 15.572 0.006
 759.57873 15.576 0.006
 760.58307 15.338 0.006
 761.57831 15.567 0.006
 762.57632 15.329 0.006
 762.70658 15.345 0.006
 762.71868 15.350 0.006
 762.78499 15.368 0.006
 763.59531 15.579 0.006
 763.60317 15.577 0.007
 763.68378 15.573 0.006
 763.73956 15.579 0.006
 763.77244 15.591 0.007
 764.67334 15.355 0.007
 764.69035 15.354 0.007
 765.55867 15.549 0.007
 765.63447 15.537 0.007
 766.59559 15.343 0.006
 766.66214 15.333 0.006
 766.67129 15.318 0.006
 767.57003 15.547 0.007
 767.63847 15.537 0.007
 767.72367 15.570 0.007
 767.73317 15.551 0.007
 769.55495 15.509 0.006
 770.65124 15.350 0.006
 771.62741 15.514 0.006
 772.55548 15.413 0.006
 772.74498 15.365 0.006
 773.57807 15.484 0.006
 773.62561 15.477 0.007
 774.64788 15.398 0.006
 774.65567 15.382 0.006
 775.60079 15.460 0.006
 776.59720 15.462 0.007
 776.68174 15.426 0.006
 776.74981 15.388 0.006
 777.59867 15.437 0.006
 778.57182 15.501 0.006
 778.66331 15.464 0.006
 778.67062 15.451 0.007
 779.63120 15.416 0.006
 779.71483 15.429 0.006
 780.63100 15.514 0.006
 780.72513 15.475 0.006
 780.73301 15.465 0.006
 781.60757 15.400 0.006
 781.61471 15.393 0.006
 782.60523 15.527 0.006
 782.64893 15.506 0.007
 783.58499 15.366 0.006
 783.59507 15.365 0.006
 784.62458 15.570 0.006
 784.64056 15.561 0.006
 785.59543 15.351 0.006
 786.60015 15.586 0.006
 787.62483 15.342 0.006
 787.68055 15.344 0.006
 788.61216 15.584 0.006
 790.56217 15.565 0.006
 795.57393 15.347 0.006
 795.58052 15.352 0.007
 796.56777 15.526 0.008
 796.62353 15.539 0.006
 796.69516 15.570 0.007
 797.69401 15.340 0.006
 798.61143 15.522 0.006
 798.61804 15.513 0.006
 800.60934 15.476 0.006
 802.58987 15.453 0.006
 802.64485 15.465 0.006
 805.59592 15.488 0.006
 806.60669 15.426 0.006
 808.56922 15.394 0.007
 816.64548 15.348 0.006
 817.63413 15.585 0.006
 817.64073 15.597 0.006
 819.61990 15.570 0.006
 819.67522 15.583 0.006
 820.67423 15.329 0.006
 822.59417 15.357 0.006
 822.60625 15.363 0.006
 823.67145 15.535 0.006
 824.61958 15.366 0.006
 824.62625 15.367 0.006
 824.68240 15.362 0.006
 825.61397 15.509 0.006
 825.69277 15.529 0.007
 828.65281 15.393 0.006
 828.65931 15.406 0.006
 829.61941 15.459 0.006
 829.62593 15.469 0.006
 830.54342 15.488 0.006
 832.62633 15.470 0.006
 832.63278 15.464 0.006
 833.64643 15.443 0.006
 834.53501 15.548 0.007
 834.66062 15.498 0.006
 836.59400 15.565 0.006
 836.60045 15.550 0.006
 838.56713 15.558 0.006
 838.61931 15.555 0.006
 840.58256 15.576 0.006
 845.58822 15.320 0.006
 850.55568 15.509 0.006
 855.56235 15.429 0.006
 856.55022 15.436 0.006
 859.54986 15.501 0.006
 860.52652 15.403 0.006
 860.58217 15.409 0.006
 866.56947 15.344 0.006
 867.52272 15.578 0.006
 874.52150 15.362 0.006
 876.53802 15.368 0.006
 962.91860 15.549 0.006
 986.88488 15.327 0.006
 987.89717 15.577 0.006
 991.91106 15.539 0.006
 996.87882 15.391 0.006
 998.88450 15.426 0.006
1003.81568 15.403 0.006
1005.84110 15.395 0.006
1008.87425 15.572 0.006
1020.83715 15.505 0.006
1025.81679 15.423 0.006
1035.79167 15.568 0.006
1037.81892 15.580 0.006
1038.91795 15.362 0.006
1041.88837 15.573 0.006
1045.78952 15.528 0.006
1049.80993 15.504 0.006
1052.82032 15.433 0.006
1055.69007 15.393 0.006
1058.84187 15.528 0.006
1059.82073 15.393 0.006
1064.76387 15.583 0.006
1068.75574 15.557 0.006
1069.68640 15.347 0.006
1071.78373 15.359 0.006
1074.66760 15.464 0.006
1075.80087 15.368 0.006
1077.66207 15.470 0.006
1078.72264 15.428 0.006
1079.66409 15.503 0.006
1083.76099 15.518 0.006
1086.61155 15.344 0.006
1090.63766 15.332 0.006
1090.69464 15.343 0.006
1092.69474 15.328 0.006
1094.69089 15.344 0.006
1095.72798 15.565 0.007
1102.65950 15.458 0.006
1107.62783 15.408 0.006
1112.73402 15.566 0.006
1117.60943 15.331 0.006
1122.62103 15.530 0.006
1128.56962 15.449 0.006
1132.59998 15.401 0.006
1135.66866 15.526 0.006
1138.62144 15.351 0.006
1140.65381 15.346 0.006
1144.65684 15.333 0.006
1151.59131 15.483 0.006
1154.61089 15.407 0.006
1157.65664 15.469 0.006
1160.64815 15.504 0.006
1163.73008 15.400 0.006
1166.69712 15.564 0.006
1170.62604 15.587 0.006
1175.68716 15.346 0.006
1179.68487 15.360 0.006
1183.69374 15.435 0.006
1186.68757 15.451 0.006
1189.57612 15.559 0.006
1190.53869 15.358 0.007
1192.62072 15.343 0.006
1202.56727 15.364 0.006
1206.57090 15.421 0.006
1212.56246 15.501 0.006
1216.56850 15.553 0.006
1220.56469 15.575 0.006
1227.56029 15.348 0.006
1228.53063 15.530 0.007
1233.54783 15.402 0.006
1234.52607 15.483 0.007
1235.52464 15.465 0.007
1329.80917 15.391 0.006
1330.91931 15.507 0.006
1335.86446 15.346 0.006
1341.92530 15.326 0.006
1347.92167 15.369 0.006
1355.91056 15.474 0.006
1365.91147 15.574 0.006
1367.88903 15.582 0.007
1369.87670 15.560 0.006
1374.87562 15.367 0.006
1395.84122 15.347 0.006
1397.86459 15.321 0.006
1401.87826 15.359 0.006
1407.88557 15.464 0.006
1412.78352 15.379 0.006
1418.76646 15.327 0.006
1418.82362 15.325 0.006
1430.71763 15.450 0.006
1432.78250 15.463 0.006
1435.71467 15.387 0.006
1438.73538 15.565 0.006
1439.81245 15.387 0.006
1441.84250 15.355 0.006
1442.77685 15.580 0.006
1447.69896 15.354 0.006
1451.66502 15.393 0.006
1454.63924 15.444 0.006
1459.68483 15.507 0.007
1461.65965 15.539 0.006
1462.71803 15.385 0.006
1470.60689 15.332 0.006
1475.63098 15.523 0.006
1478.57956 15.420 0.006
1479.59573 15.467 0.006
1484.59496 15.485 0.006
1487.56190 15.369 0.006
1487.62202 15.391 0.006
1490.65775 15.575 0.006
1492.56052 15.565 0.007
1494.69542 15.572 0.006
1495.60980 15.345 0.006
1499.57846 15.353 0.006
1502.59890 15.511 0.006
1505.66599 15.382 0.006
1509.57692 15.474 0.006
1512.67907 15.420 0.006
1516.57879 15.353 0.006
1518.64872 15.356 0.006
1520.67657 15.338 0.006
1523.59391 15.574 0.007
1526.57682 15.345 0.006
1531.68411 15.511 0.006
1546.60023 15.578 0.006
1546.63150 15.578 0.006
1551.56324 15.345 0.006
1556.60398 15.531 0.006
1562.60592 15.452 0.006
1567.60034 15.533 0.007
1571.59485 15.560 0.006
1573.57438 15.577 0.007
1576.58369 15.329 0.006
1579.55795 15.544 0.006
1580.58844 15.360 0.006
1581.58522 15.548 0.006
1583.59051 15.501 0.006
1584.57006 15.383 0.006
1586.58115 15.424 0.006
1587.57958 15.465 0.006
1588.55466 15.457 0.007
1592.57161 15.499 0.006
1592.57778 15.507 0.006
1599.54998 15.356 0.006
1602.53979 15.576 0.007
1602.55045 15.581 0.007
1607.53391 15.360 0.006
1607.54065 15.372 0.006
1716.91228 15.584 0.006
1728.90374 15.492 0.006
1731.89031 15.409 0.006
1738.87800 15.402 0.007
1740.87897 15.391 0.006
1742.90342 15.350 0.006
1743.87679 15.583 0.006
1744.89589 15.335 0.006
1749.84622 15.527 0.006
1750.87274 15.344 0.006
1751.83000 15.531 0.006
1752.84577 15.374 0.006
1753.84681 15.526 0.006
1754.81903 15.376 0.006
1755.83891 15.499 0.007
1756.86804 15.416 0.007
1757.81744 15.457 0.006
1758.82208 15.452 0.006
1759.81194 15.415 0.006
1761.85132 15.428 0.006
1762.83371 15.484 0.006
1763.83937 15.396 0.006
1764.82914 15.552 0.006
1765.82531 15.388 0.006
1766.77857 15.571 0.007
1768.78957 15.592 0.006
1769.69843 15.343 0.006
1771.79175 15.330 0.006
1772.81163 15.553 0.006
1773.77887 15.345 0.006
1773.79581 15.341 0.006
1775.86275 15.336 0.006
1784.84710 15.479 0.006
1788.75044 15.398 0.006
1803.80459 15.542 0.006
1808.81350 15.403 0.006
1811.79666 15.455 0.006
1814.84350 15.481 0.006
1815.80981 15.420 0.006
1817.80937 15.392 0.006
1821.61127 15.344 0.006
1823.76879 15.334 0.006
1823.77570 15.347 0.006
1828.85524 15.560 0.006
1829.70077 15.376 0.006
1829.78007 15.342 0.006
1830.76776 15.556 0.006
1847.80374 15.562 0.006
1854.78612 15.331 0.006
1859.75012 15.498 0.006
1863.73381 15.461 0.006
1871.79456 15.392 0.006
2086.91788 15.469 0.007
2104.84997 15.523 0.007
2106.90981 15.523 0.007
2115.90479 15.464 0.007
2116.89092 15.393 0.007
2117.89659 15.542 0.007
2128.84414 15.329 0.007
2129.87626 15.548 0.007
2130.82514 15.348 0.007
2131.81866 15.524 0.007
2132.82488 15.377 0.007
2133.91343 15.532 0.007
2134.82976 15.403 0.007
2135.86420 15.491 0.006
2136.86411 15.421 0.007
2137.90908 15.479 0.007
2140.83398 15.488 0.007
2142.88122 15.494 0.007
2143.83528 15.374 0.007
2144.80679 15.543 0.007
2155.89748 15.322 0.007
2156.84401 15.520 0.007
2160.77372 15.476 0.007
2162.78028 15.476 0.007
2167.74587 15.509 0.007
2168.73237 15.386 0.007
2171.75844 15.561 0.007
2172.76501 15.369 0.007
2173.72710 15.565 0.007
2177.65875 15.553 0.007
2184.72010 15.397 0.007
2185.68358 15.489 0.007
2187.66619 15.467 0.007
2190.71010 15.469 0.007
2191.65193 15.400 0.007
2192.68069 15.534 0.007
2193.70166 15.416 0.006
2194.67294 15.550 0.007
2201.73902 15.352 0.006
2215.67521 15.448 0.007
2219.69602 15.502 0.007
2222.74525 15.380 0.007
2223.68499 15.573 0.007
2225.61452 15.570 0.007
2226.66086 15.340 0.007
2232.52733 15.391 0.007
2234.56941 15.367 0.006
2236.55890 15.418 0.007
2241.55111 15.440 0.007
2243.58935 15.415 0.007
2248.63379 15.560 0.007
2250.59981 15.557 0.007
2253.58770 15.343 0.007
2256.56998 15.552 0.007
2258.61041 15.538 0.007
2263.60167 15.394 0.007
2265.62769 15.390 0.006
2270.58588 15.416 0.007
2272.58395 15.373 0.007
2274.56780 15.365 0.007
2276.53139 15.352 0.007
2280.54787 15.336 0.007
2285.58638 15.533 0.007
2289.58329 15.508 0.007
2291.58400 15.486 0.007
2293.58450 15.468 0.007
2295.58081 15.432 0.007
2297.58399 15.406 0.007
2299.58047 15.381 0.007
2301.57316 15.367 0.007
2448.90478 15.346 0.007
2460.90484 15.398 0.007
2466.85579 15.486 0.007
2467.91966 15.452 0.007
2483.90769 15.364 0.006
2486.90780 15.532 0.009
2488.90976 15.511 0.007
2498.79311 15.360 0.007
2529.79274 15.333 0.007
2534.85334 15.554 0.007
2535.79098 15.346 0.007
2537.72106 15.391 0.007
2545.69446 15.538 0.007
2571.66655 15.409 0.007
2572.74181 15.494 0.007
2586.64552 15.530 0.007
2591.66123 15.401 0.007
2610.56701 15.346 0.007
2613.56101 15.516 0.007
2615.59140 15.498 0.007
2619.57591 15.444 0.007
2621.58490 15.442 0.007
2625.56764 15.388 0.007
2627.53833 15.352 0.007
2630.55276 15.583 0.008
2635.56647 15.338 0.007
2637.56136 15.350 0.007
2640.53168 15.500 0.007
2642.57143 15.499 0.007
2646.58278 15.458 0.007
2651.55685 15.542 0.007
2654.57706 15.356 0.007
2657.53693 15.572 0.008
2661.53346 15.554 0.007
2664.57393 15.355 0.007
2672.55188 15.441 0.007
2676.54208 15.498 0.007
2679.55678 15.369 0.007
2683.53515 15.367 0.008
2811.92285 15.365 0.007
2815.89647 15.419 0.007
2817.94510 15.405 0.007
2830.83565 15.305 0.007
2831.80530 15.560 0.007
2832.76599 15.352 0.007
2832.94386 15.322 0.007
2833.88382 15.558 0.008
2834.93447 15.329 0.007
2838.83584 15.365 0.007
2840.84353 15.413 0.007
2843.84485 15.441 0.007
2844.89057 15.436 0.007
2845.93760 15.459 0.007
2849.87410 15.371 0.007
2850.90685 15.541 0.007
2852.83544 15.561 0.008
2854.84679 15.572 0.008
2857.85421 15.308 0.007
2858.92783 15.558 0.007
2860.89376 15.554 0.007
2861.76519 15.334 0.007
2862.88863 15.543 0.007
2865.81300 15.364 0.007
2866.89972 15.497 0.008
2867.80240 15.427 0.007
2868.80602 15.466 0.007
2869.79255 15.426 0.007
2870.83404 15.438 0.007
2871.87716 15.450 0.007
2872.83399 15.427 0.007
2875.82483 15.551 0.007
2876.79424 15.362 0.007
2879.72076 15.577 0.007
2883.84398 15.560 0.007
2885.77933 15.567 0.007
2890.71021 15.396 0.008
2893.76166 15.474 0.007
2895.81088 15.447 0.007
2897.71437 15.388 0.007
2899.75206 15.397 0.007
2903.76784 15.374 0.006
2906.72005 15.578 0.007
2908.69706 15.562 0.007
2910.69195 15.539 0.007
2912.69729 15.539 0.007
2916.71004 15.512 0.007
2918.68693 15.467 0.007
2922.68690 15.434 0.007
2924.62789 15.386 0.007
2926.62189 15.361 0.007
2929.68310 15.569 0.007
2931.65902 15.570 0.007
2933.66948 15.574 0.007
2935.63383 15.536 0.007
2937.65942 15.549 0.007
2939.67488 15.539 0.007
2940.65205 15.338 0.006
2941.62729 15.501 0.007
2942.65210 15.384 0.007
2943.62343 15.475 0.007
2946.56257 15.477 0.007
2946.60253 15.475 0.007
2947.63414 15.450 0.007
2949.61524 15.408 0.007
2950.56678 15.551 0.007
2951.64736 15.388 0.007
2953.59527 15.347 0.007
2955.58041 15.347 0.007
2957.59399 15.333 0.007
2960.60844 15.563 0.007
2962.64828 15.564 0.007
2965.65094 15.332 0.007
2968.61328 15.497 0.007
2970.63211 15.483 0.007
2972.63667 15.456 0.007
2975.54474 15.529 0.007
2977.64055 15.507 0.007
2979.58044 15.563 0.007
2983.56125 15.569 0.007
2986.57784 15.336 0.007
2988.54983 15.330 0.007
2991.57597 15.519 0.007
2994.56171 15.385 0.007
2997.57710 15.470 0.007
3000.56823 15.470 0.007
3003.55109 15.395 0.007
3006.53839 15.549 0.007
3009.53367 15.326 0.007
3013.53610 15.320 0.007
3015.57133 15.332 0.007
3018.54843 15.503 0.007
3020.58414 15.516 0.007
3022.53702 15.471 0.007
3024.53679 15.465 0.007
3025.59639 15.430 0.007
3027.62189 15.443 0.007
3029.59359 15.490 0.007
3031.59841 15.513 0.007
3034.52866 15.355 0.007
3037.54783 15.579 0.007
3183.92985 15.335 0.007
3193.89773 15.419 0.007
3196.86979 15.444 0.006
3197.93221 15.454 0.007
3202.85771 15.382 0.007
3203.89774 15.549 0.007
3206.83557 15.342 0.007
3210.91158 15.341 0.007
3211.86619 15.578 0.007
3215.80130 15.548 0.008
3217.79717 15.498 0.007
3223.85333 15.459 0.007
3229.85386 15.384 0.006
3238.77219 15.549 0.007
3239.81573 15.356 0.007
3240.80846 15.537 0.007
3242.73593 15.522 0.007
3243.86853 15.373 0.007
3244.84712 15.523 0.007
3245.79486 15.414 0.007
3246.78762 15.468 0.007
3247.79600 15.443 0.007
3249.74630 15.489 0.007
3251.75986 15.498 0.006
3254.74755 15.377 0.006
3259.68459 15.571 0.007
3261.72064 15.576 0.007
3263.71786 15.570 0.006
3265.73920 15.532 0.007
3267.72596 15.509 0.006
3269.82047 15.533 0.007
3270.67941 15.437 0.007
3271.68234 15.479 0.007
3273.64065 15.445 0.007
3275.62651 15.419 0.007
3276.72991 15.492 0.007
3277.76855 15.431 0.007
3279.70017 15.402 0.006
3281.65874 15.381 0.006
3283.66041 15.329 0.006
3287.62654 15.357 0.007
3289.64152 15.366 0.006
3293.61508 15.405 0.006
3295.63301 15.428 0.006
3298.57091 15.448 0.006
3300.57321 15.421 0.007
3302.55018 15.399 0.007
3305.65020 15.544 0.007
3307.56249 15.590 0.007
3309.58759 15.583 0.007
3311.53920 15.572 0.007
3314.58215 15.375 0.007
3320.61995 15.381 0.006
3323.56739 15.453 0.007
3327.57491 15.430 0.006
3330.57040 15.570 0.007
3335.61440 15.343 0.007
3338.56007 15.587 0.007
3350.53438 15.461 0.006
3353.59297 15.479 0.006
3359.57002 15.573 0.007
3363.57693 15.572 0.007
3367.63652 15.576 0.007
3372.56999 15.388 0.006
3376.54611 15.442 0.006
3380.53252 15.510 0.007
3386.57950 15.561 0.006
3395.52729 15.354 0.007
3398.57501 15.515 0.007
3402.57225 15.490 0.007
3543.88591 15.526 0.007
3554.94062 15.515 0.007
3564.92553 15.606 0.007
3570.83216 15.513 0.007
3578.91699 15.440 0.006
3579.82205 15.508 0.006
3581.89113 15.529 0.007
3582.84743 15.387 0.006
3585.87875 15.584 0.006
3586.83092 15.337 0.006
3588.84922 15.324 0.006
3592.77001 15.359 0.006
3594.80950 15.356 0.006
3597.84945 15.515 0.006
3600.88561 15.420 0.007
3607.83761 15.382 0.006
3628.79109 15.442 0.007
3630.64295 15.396 0.007
3641.71873 15.583 0.007
3643.81714 15.577 0.007
3646.68884 15.373 0.006
3650.71007 15.402 0.006
3656.64723 15.551 0.007
3658.67986 15.537 0.007
3661.61124 15.350 0.006
3663.63418 15.343 0.007
3665.66652 15.342 0.006
3668.61568 15.535 0.007
3670.56638 15.543 0.007
3672.60581 15.508 0.006
3676.59289 15.467 0.006
3686.56458 15.372 0.006
3688.53766 15.352 0.007
3692.59612 15.343 0.006
3696.57883 15.367 0.006
3698.61253 15.377 0.007
3702.61350 15.435 0.006
3871.89614 15.504 0.007
3931.93820 15.451 0.006
3934.87617 15.536 0.007
3936.88445 15.559 0.007
3938.86851 15.587 0.007
3945.87547 15.350 0.006
3981.66195 15.396 0.006
4001.64248 15.422 0.006
4003.61392 15.457 0.006
4004.69372 15.456 0.006
4005.68785 15.460 0.006
4008.59000 15.395 0.006
4014.62292 15.373 0.007
4018.61612 15.353 0.006
4020.61956 15.332 0.006
4031.56328 15.445 0.006
4033.65756 15.426 0.006
4044.58389 15.596 0.007
4046.61698 15.558 0.007
4049.52892 15.377 0.006
4051.57850 15.384 0.006
4053.62593 15.379 0.006
4055.51857 15.445 0.007
4057.59394 15.464 0.007
4071.54400 15.577 0.006
4077.54182 15.524 0.006
4252.94414 15.420 0.007
4297.93949 15.579 0.007
4306.93326 15.383 0.007
4312.91815 15.466 0.006
4314.93723 15.512 0.007
4320.87243 15.577 0.007
4338.92266 15.444 0.007
4341.78636 15.560 0.007
4342.86055 15.377 0.007
4344.76199 15.330 0.007
4346.71830 15.334 0.007
4352.80288 15.319 0.007
4354.78018 15.373 0.007
4357.76390 15.492 0.007
4362.66551 15.527 0.007
4365.68317 15.363 0.007
4369.67713 15.325 0.007
4371.66608 15.321 0.007
4378.63617 15.522 0.007
4382.70518 15.496 0.007
4386.67945 15.442 0.007
4396.65811 15.327 0.006
4398.66309 15.335 0.007
4400.68761 15.318 0.006
4421.67204 15.351 0.007
4428.56942 15.544 0.007
4438.65976 15.458 0.007
4450.61160 15.335 0.007
4452.58914 15.330 0.006
4462.58536 15.408 0.007
4466.60949 15.467 0.007
4655.91632 15.387 0.006
4665.93323 15.458 0.007
4666.92850 15.405 0.007
4666.93239 15.421 0.007
4670.92150 15.347 0.006
4671.89140 15.583 0.007
4674.86205 15.347 0.007
4676.92169 15.335 0.007
4693.90918 15.404 0.007
4696.88282 15.535 0.007
4697.82134 15.335 0.007
4698.77094 15.595 0.007
4699.76504 15.316 0.006
4700.79978 15.564 0.007
4701.80767 15.300 0.006
4703.76688 15.349 0.006
4704.78564 15.532 0.006
4705.79312 15.340 0.007
4707.78554 15.365 0.007
4709.74133 15.395 0.006
4710.76990 15.476 0.006
4719.78965 15.541 0.007
4721.78330 15.557 0.007
4741.70446 15.397 0.006
4747.60865 15.339 0.007
4749.60833 15.324 0.007
4755.67131 15.348 0.006
4757.65583 15.337 0.006
4761.63889 15.395 0.006
4763.65132 15.449 0.007
4774.55792 15.320 0.006
4781.61430 15.554 0.007
4783.58323 15.529 0.007
4785.61859 15.523 0.007
4793.53867 15.394 0.007
4797.54359 15.350 0.006
4798.60694 15.544 0.007
4800.65432 15.563 0.007
4804.60055 15.580 0.007
4805.58740 15.337 0.007
4811.57643 15.378 0.006
4815.58928 15.434 0.007
4818.58665 15.433 0.007
4826.61935 15.354 0.006
4841.57929 15.478 0.007
4843.57354 15.453 0.007
4846.58263 15.490 0.006
4848.61887 15.477 0.006
4850.60635 15.537 0.007
4854.59759 15.571 0.007
4856.61483 15.576 0.006
4862.56274 15.519 0.007
4868.55309 15.475 0.007
