2104.87278 16.574 0.010
2112.91310 16.159 0.008
2115.88914 16.476 0.010
2116.91702 16.359 0.009
2117.87540 16.624 0.011
2123.87100 16.490 0.010
2128.87091 16.434 0.012
2130.80969 16.458 0.010
2131.80271 16.618 0.012
2132.84744 16.548 0.012
2133.85849 16.356 0.011
2134.85306 16.535 0.013
2135.88740 16.445 0.009
2136.89375 16.640 0.014
2140.85651 16.480 0.012
2141.76669 16.563 0.013
2142.86349 16.438 0.010
2143.86408 16.326 0.009
2144.79191 16.541 0.009
2156.71706 16.347 0.010
2160.79627 16.495 0.010
2162.80662 16.608 0.010
2165.79408 16.474 0.010
2166.79744 16.175 0.008
2167.73069 16.649 0.011
2168.75525 16.529 0.011
2172.79356 16.615 0.010
2172.81303 16.631 0.010
2173.74958 16.482 0.010
2174.73333 16.478 0.009
2177.68143 16.536 0.010
2184.74276 16.382 0.011
2185.70619 16.440 0.012
2187.65102 16.426 0.013
2189.73264 16.281 0.011
2190.73273 16.688 0.012
2192.70142 16.372 0.008
2193.72234 16.470 0.008
2194.69344 16.210 0.008
2200.70785 16.602 0.011
2203.59609 16.435 0.010
2203.60610 16.418 0.009
2206.64580 16.321 0.010
2211.69781 16.345 0.009
2212.68442 16.507 0.010
2214.68442 16.592 0.014
2215.72044 16.414 0.011
2217.67959 16.493 0.011
2219.71656 16.564 0.011
2222.76587 16.474 0.012
2223.67096 16.594 0.012
2225.63517 16.258 0.008
2228.59688 16.531 0.010
2230.53499 16.649 0.012
2232.54798 16.561 0.011
2234.58999 16.187 0.008
2236.57925 16.544 0.011
2239.52677 16.238 0.010
2241.57156 16.503 0.011
2243.60994 16.344 0.009
2249.56609 16.663 0.010
2251.61618 16.511 0.009
2254.56495 16.627 0.013
2256.59116 16.512 0.011
2259.61205 16.570 0.010
2262.61853 16.229 0.010
2266.61040 16.461 0.011
2271.58533 16.383 0.010
2273.58457 16.618 0.013
2276.57923 16.314 0.010
2280.57316 16.501 0.011
2285.56912 16.461 0.009
2289.60500 16.481 0.009
2291.61024 16.627 0.010
2293.60656 16.344 0.009
2295.60327 16.409 0.009
2297.60784 16.477 0.010
2299.60249 16.511 0.011
2301.59402 16.587 0.013
2460.92727 16.373 0.013
2464.88465 16.472 0.010
2466.87816 16.696 0.014
2468.87241 16.469 0.010
2470.86334 16.106 0.008
2472.88343 16.541 0.008
2481.86891 16.553 0.014
2483.93030 16.479 0.009
2486.93111 16.525 0.013
2489.81187 16.536 0.009
2497.80833 16.508 0.010
2498.81563 16.373 0.010
2499.90067 16.651 0.011
2500.90908 16.508 0.011
2501.89560 16.343 0.009
2502.87587 16.501 0.011
2508.78646 16.628 0.017
2516.81882 16.567 0.012
2517.86582 16.496 0.011
2518.84009 16.590 0.012
2519.79137 16.374 0.009
2520.83355 16.393 0.011
2521.78414 16.577 0.011
2524.78705 16.263 0.010
2526.81901 16.543 0.009
2529.77755 16.167 0.008
2535.73716 16.586 0.011
2537.74363 16.469 0.012
2538.84413 16.262 0.010
2539.74006 16.661 0.011
2540.78432 16.566 0.012
2541.75210 16.503 0.010
2542.72173 16.413 0.010
2544.70339 16.609 0.010
2545.71523 16.489 0.009
2547.73337 16.326 0.009
2548.75299 16.453 0.010
2550.74811 16.452 0.011
2551.73528 16.506 0.010
2552.75066 16.225 0.008
2553.69144 16.685 0.013
2553.70238 16.678 0.014
2554.74379 16.554 0.010
2555.75177 16.448 0.010
2556.73099 16.459 0.010
2556.74195 16.442 0.008
2557.74333 16.127 0.008
2558.69987 16.641 0.011
2558.71082 16.607 0.008
2559.65678 16.452 0.010
2560.68991 16.466 0.009
2562.70812 16.539 0.010
2562.71906 16.530 0.011
2563.71614 16.592 0.011
2564.73253 16.416 0.011
2564.74352 16.427 0.009
2565.72798 16.482 0.011
2566.70696 16.292 0.009
2566.71029 16.248 0.008
2571.69468 16.278 0.009
2572.76270 16.646 0.013
2573.70082 16.459 0.011
2574.68056 16.442 0.009
2576.72503 16.502 0.010
2577.68326 16.590 0.012
2577.68661 16.608 0.011
2578.66833 16.377 0.010
2579.67847 16.507 0.011
2580.68676 16.407 0.010
2583.66298 16.315 0.010
2584.66529 16.532 0.010
2584.66864 16.528 0.009
2587.65004 16.427 0.010
2588.66191 16.349 0.009
2589.64091 16.539 0.010
2590.65788 16.587 0.011
2591.69067 16.612 0.011
2593.64746 16.511 0.011
2594.65399 16.533 0.012
2596.62665 16.494 0.012
2597.61549 16.219 0.010
2598.69423 16.585 0.013
2599.65474 16.553 0.013
2610.59208 16.456 0.011
2613.58361 16.526 0.013
2615.61918 16.408 0.010
2620.58958 16.299 0.010
2622.53734 16.577 0.011
2625.59074 16.173 0.011
2629.53101 16.390 0.011
2632.56907 16.474 0.009
2636.56551 16.562 0.012
2639.56478 16.189 0.008
2643.53775 16.436 0.011
2649.54282 16.628 0.011
2651.57940 16.397 0.012
2655.53632 16.514 0.014
2658.55271 16.392 0.012
2661.56527 16.419 0.009
2665.53227 16.341 0.011
2669.55840 16.502 0.011
2674.54252 16.433 0.011
2676.56335 16.522 0.010
2680.53305 16.510 0.013
2683.55759 16.486 0.013
2804.83551 16.373 0.012
2805.89192 16.290 0.012
2811.94494 16.539 0.013
2815.91877 16.619 0.011
2818.92663 16.413 0.010
2829.86539 16.652 0.013
2831.85794 16.520 0.012
2832.80890 16.368 0.010
2833.90749 16.116 0.010
2835.89624 16.487 0.011
2838.88017 16.497 0.013
2840.88536 16.450 0.010
2843.87133 16.665 0.010
2844.91266 16.546 0.011
2848.81933 16.594 0.015
2849.89738 16.486 0.011
2850.92892 16.494 0.011
2852.85755 16.556 0.014
2854.86890 16.417 0.011
2857.87620 16.665 0.012
2860.91585 16.479 0.009
2861.78757 16.349 0.009
2862.87367 16.637 0.012
2863.87556 16.477 0.014
2865.79800 16.429 0.012
2867.78749 16.556 0.010
2868.82811 16.365 0.009
2869.84910 16.509 0.011
2870.85619 16.375 0.009
2872.78030 16.482 0.009
2875.84742 16.385 0.010
2876.81638 16.607 0.011
2877.84585 16.451 0.010
2879.81061 16.484 0.009
2884.76068 16.517 0.010
2886.76644 16.475 0.011
2890.73240 16.560 0.014
2893.78394 16.572 0.011
2895.79479 16.511 0.010
2897.74236 16.603 0.012
2899.77466 16.546 0.010
2903.79339 16.531 0.009
2906.74215 16.166 0.008
2908.71917 16.483 0.009
2910.71401 16.273 0.009
2912.71929 16.573 0.009
2916.73261 16.655 0.010
2918.70967 16.497 0.011
2922.70921 16.458 0.011
2924.65004 16.243 0.008
2926.64415 16.551 0.011
2929.70557 16.193 0.009
2931.68145 16.518 0.010
2933.69364 16.419 0.008
2935.65654 16.592 0.012
2937.68167 16.493 0.012
2939.65987 16.660 0.012
2940.67415 16.561 0.010
2942.67742 16.515 0.012
2943.64617 16.324 0.010
2944.62992 16.629 0.013
2946.62850 16.351 0.010
2947.65651 16.479 0.011
2949.63736 16.610 0.011
2950.58885 16.382 0.010
2951.66977 16.439 0.011
2953.61756 16.621 0.012
2955.60257 16.319 0.011
2957.61621 16.479 0.009
2965.67312 16.351 0.009
2968.63567 16.505 0.012
2971.64343 16.544 0.011
2973.63196 16.458 0.010
2975.52874 16.614 0.012
2977.62439 16.589 0.013
2979.60467 16.332 0.011
2982.55927 16.477 0.011
2986.60059 16.529 0.010
2988.57306 16.117 0.008
2990.59186 16.513 0.011
2993.59390 16.260 0.009
2997.53768 16.222 0.009
3000.59788 16.463 0.010
3003.57340 16.636 0.012
3006.56301 16.382 0.009
3009.55637 16.440 0.012
3013.56299 16.568 0.011
3017.55747 16.657 0.012
3020.53257 16.443 0.011
3022.56005 16.616 0.013
3024.55923 16.483 0.011
3026.52929 16.652 0.015
3028.53017 16.355 0.014
3030.53328 16.371 0.010
3032.55128 16.491 0.012
3034.55079 16.510 0.009
3038.54163 16.460 0.013
3179.93291 16.503 0.009
3184.89677 16.539 0.011
3193.91979 16.532 0.010
3196.89180 16.195 0.008
3202.87973 16.587 0.010
3203.92421 16.499 0.006
3206.86711 16.652 0.010
3210.93357 16.100 0.007
3211.84970 16.608 0.010
3216.76937 16.562 0.013
3217.81927 16.429 0.012
3224.81619 16.339 0.008
3228.79409 16.346 0.009
3230.76760 16.547 0.009
3238.79866 16.442 0.010
3239.83779 16.608 0.010
3240.83493 16.430 0.010
3241.77686 16.461 0.009
3242.76756 16.470 0.011
3243.89071 16.550 0.011
3244.86939 16.568 0.012
3245.81688 16.330 0.009
3246.81371 16.497 0.010
3247.81794 16.428 0.010
3249.77143 16.475 0.011
3251.78400 16.521 0.008
3254.77009 16.387 0.008
3257.79715 16.585 0.009
3261.74310 16.525 0.009
3263.74001 16.452 0.008
3265.76541 16.621 0.010
3267.74811 16.537 0.008
3270.70182 16.587 0.010
3271.70449 16.538 0.010
3273.66301 16.212 0.010
3275.65777 16.549 0.012
3276.75182 16.537 0.013
3277.79073 16.459 0.010
3279.72224 16.645 0.010
3281.68804 16.508 0.008
3283.68244 16.483 0.007
3287.64873 16.188 0.007
3289.66354 16.544 0.008
3291.60191 16.436 0.008
3294.61846 16.447 0.008
3296.58483 16.300 0.008
3298.59269 16.544 0.008
3300.59530 16.501 0.010
3302.57629 16.659 0.011
3305.67230 16.481 0.010
3307.58885 16.607 0.012
3309.60959 16.441 0.009
3311.56513 16.629 0.010
3314.60417 16.496 0.011
3320.64208 16.378 0.008
3323.59447 16.357 0.008
3327.62256 16.366 0.009
3330.59381 16.594 0.011
3335.63846 16.620 0.013
3338.54531 16.581 0.011
3350.55663 16.393 0.008
3357.59373 16.584 0.010
3361.59313 16.668 0.010
3363.59944 16.483 0.012
3369.57641 16.331 0.008
3372.59240 16.452 0.008
3376.56842 16.534 0.010
3380.55479 16.626 0.011
3386.60162 16.428 0.008
3395.55362 16.442 0.012
3399.57748 16.580 0.012
3402.59437 16.402 0.009
3543.91056 16.564 0.010
3551.93133 16.518 0.010
3558.91508 16.375 0.008
3562.90585 16.476 0.008
3562.91657 16.446 0.008
3568.89740 16.132 0.007
3570.85525 16.495 0.012
3570.86974 16.504 0.009
3571.84551 16.535 0.012
3571.85622 16.515 0.012
3573.89089 16.285 0.010
3575.85071 16.497 0.009
3577.90728 16.276 0.008
3579.84815 16.538 0.008
3579.85885 16.529 0.007
3581.91708 16.447 0.009
3581.92779 16.442 0.008
3582.86949 16.112 0.007
3582.88018 16.112 0.006
3583.88856 16.646 0.010
3583.89929 16.672 0.008
3586.87885 16.379 0.007
3586.88952 16.372 0.006
3588.87699 16.618 0.011
3588.88770 16.624 0.008
3590.83561 16.489 0.008
3592.79589 16.656 0.008
3594.83667 16.406 0.008
3594.84739 16.395 0.007
3600.92574 16.460 0.009
3600.93639 16.443 0.010
3602.78455 16.599 0.013
3603.74877 16.360 0.008
3603.75947 16.381 0.008
3608.80538 16.335 0.007
3614.83722 16.468 0.008
3614.84788 16.492 0.007
3615.82293 16.476 0.008
3618.82163 16.470 0.008
3620.84809 16.600 0.008
3622.80213 16.289 0.009
3625.74806 16.588 0.009
3628.76964 16.584 0.011
3630.68510 16.505 0.011
3630.69576 16.497 0.009
3632.66225 16.634 0.014
3634.69275 16.554 0.009
3634.70787 16.546 0.009
3637.69802 16.628 0.010
3640.66314 16.376 0.008
3644.69886 16.490 0.008
3646.71636 16.544 0.009
3650.73213 16.206 0.007
3650.74279 16.229 0.006
3652.67357 16.546 0.008
3654.64937 16.379 0.008
3656.70259 16.634 0.010
3656.71326 16.630 0.008
3657.73073 16.494 0.009
3658.70427 16.492 0.010
3659.68862 16.304 0.010
3660.69431 16.572 0.011
3660.70498 16.537 0.009
3663.68506 16.473 0.010
3663.69577 16.469 0.008
3665.71333 16.683 0.012
3665.72403 16.684 0.010
3668.64193 16.434 0.009
3668.65256 16.435 0.007
3668.66445 16.442 0.008
3668.67511 16.440 0.007
3670.65307 16.605 0.010
3670.66374 16.638 0.009
3672.58577 16.499 0.011
3674.74507 16.413 0.008
3676.63138 16.358 0.008
3676.64205 16.368 0.008
3682.60803 16.487 0.010
3684.62532 16.608 0.009
3684.63603 16.578 0.008
3686.59103 16.486 0.009
3686.60172 16.439 0.008
3688.56401 16.619 0.010
3688.57470 16.607 0.008
3690.57769 16.307 0.009
3693.57483 16.590 0.010
3695.57043 16.289 0.008
3698.54603 16.559 0.011
3701.59457 16.549 0.010
3703.60518 16.515 0.008
3705.57742 16.568 0.008
3705.58809 16.570 0.007
3707.57783 16.568 0.010
3707.58855 16.624 0.008
3712.59284 16.552 0.010
3715.55106 16.616 0.010
3719.63001 16.520 0.010
3722.57698 16.455 0.010
3725.65703 16.544 0.011
3730.56022 16.496 0.008
3735.56288 16.469 0.009
3738.58403 16.653 0.012
3743.53825 16.623 0.011
3748.54216 16.594 0.014
3748.55288 16.603 0.011
3753.53982 16.522 0.012
3753.55059 16.525 0.010
3758.56175 16.448 0.010
3762.56833 16.587 0.012
3768.52831 16.350 0.011
3773.52516 16.448 0.014
3777.55111 16.375 0.009
3871.92152 16.439 0.011
3871.93233 16.420 0.011
3902.93837 16.435 0.010
3907.93335 16.373 0.010
3915.90919 16.577 0.009
3918.92845 16.550 0.009
3934.89808 16.533 0.009
3936.90631 16.445 0.008
3936.91703 16.419 0.008
3938.89051 16.521 0.009
3938.90122 16.530 0.009
3945.86027 16.128 0.007
3950.84208 16.590 0.008
3957.79771 16.470 0.012
3959.79616 16.251 0.008
3961.78236 16.435 0.009
3964.78950 16.647 0.008
3966.78173 16.399 0.008
3968.77528 16.211 0.007
3970.76690 16.491 0.007
3973.73625 16.470 0.008
3975.75118 16.398 0.008
3980.68371 16.320 0.010
3981.68356 16.555 0.008
3981.69408 16.547 0.008
3982.74788 16.455 0.010
3986.72505 16.536 0.009
3989.82210 16.438 0.010
3989.83266 16.470 0.009
3991.76331 16.561 0.010
3994.66429 16.259 0.008
4001.66398 16.524 0.008
4001.67456 16.535 0.008
4003.63573 16.326 0.007
4003.64622 16.324 0.007
4004.72425 16.293 0.007
4004.73478 16.295 0.006
4005.70952 16.595 0.008
4005.72004 16.612 0.008
4007.60275 16.450 0.009
4008.61176 16.195 0.006
4008.62231 16.199 0.006
4011.66218 16.501 0.009
4011.67270 16.515 0.008
4014.66012 16.640 0.012
4014.67066 16.639 0.009
4016.64139 16.502 0.009
4016.65192 16.531 0.009
4018.63771 16.457 0.008
4018.64827 16.428 0.008
4020.67043 16.471 0.008
4023.62713 16.641 0.010
4025.62746 16.463 0.009
4025.63800 16.461 0.008
4027.61560 16.124 0.007
4027.62616 16.111 0.006
4029.59787 16.463 0.008
4029.60835 16.447 0.008
4031.58484 16.338 0.008
4031.59536 16.325 0.007
4036.62023 16.253 0.007
4036.63074 16.268 0.006
4038.57454 16.534 0.009
4040.55452 16.501 0.010
4040.56505 16.502 0.009
4042.62387 16.656 0.010
4042.63442 16.614 0.008
4044.66650 16.422 0.012
4047.57481 16.594 0.010
4047.58849 16.609 0.009
4049.55058 16.530 0.008
4049.56108 16.510 0.008
4051.60010 16.634 0.010
4051.61067 16.664 0.008
4053.61107 16.339 0.007
4053.62164 16.349 0.006
4055.54030 16.463 0.011
4055.55084 16.461 0.010
4057.57941 16.468 0.010
4059.61393 16.497 0.009
4063.60532 16.475 0.008
4063.61588 16.437 0.007
4066.52022 16.500 0.010
4068.58757 16.558 0.009
4071.52869 16.445 0.011
4074.56395 16.537 0.010
4077.61667 16.432 0.011
4077.62720 16.409 0.009
4079.56374 16.572 0.009
4083.57125 16.528 0.011
4087.59314 16.632 0.010
4095.55705 16.219 0.007
4095.59407 16.248 0.007
4098.57612 16.523 0.010
4102.54824 16.492 0.010
4107.55242 16.448 0.009
4112.55283 16.436 0.009
4119.54241 16.401 0.009
4122.56869 16.456 0.010
4122.57931 16.482 0.008
4128.56885 16.225 0.008
4253.89212 16.339 0.013
4255.91072 16.566 0.013
4258.92789 16.284 0.011
4273.91420 16.623 0.014
4278.94066 16.604 0.013
4281.76511 16.543 0.012
4282.90497 16.562 0.011
4283.83167 16.506 0.012
4284.89613 16.323 0.010
4289.87056 16.211 0.009
4292.90383 16.551 0.010
4295.89775 16.610 0.010
4296.93199 16.529 0.009
4296.94199 16.516 0.009
4298.85103 16.286 0.009
4298.86099 16.277 0.009
4299.89453 16.593 0.009
4300.91636 16.558 0.010
4301.93521 16.538 0.010
4301.94513 16.547 0.009
4303.82590 16.146 0.009
4307.72291 16.297 0.009
4308.69670 16.660 0.012
4308.90456 16.176 0.008
4310.87664 16.486 0.011
4310.88656 16.496 0.010
4311.87811 16.521 0.015
4312.93839 16.324 0.009
4314.80706 16.564 0.012
4314.81705 16.532 0.011
4316.86676 16.463 0.010
4316.87672 16.449 0.010
4320.85045 16.491 0.010
4320.86039 16.492 0.009
4326.87482 16.315 0.010
4326.88477 16.315 0.009
4327.89789 16.553 0.013
4327.90846 16.515 0.011
4328.86795 16.577 0.012
4328.87847 16.601 0.011
4329.86776 16.439 0.010
4330.89858 16.496 0.011
4330.90911 16.483 0.009
4332.91480 16.667 0.012
4334.89174 16.446 0.013
4334.91864 16.444 0.011
4339.86279 16.482 0.011
4339.87336 16.455 0.011
4340.81506 16.363 0.010
4340.82559 16.331 0.009
4341.80789 16.652 0.012
4341.81846 16.649 0.010
4342.88217 16.599 0.012
4342.89271 16.592 0.009
4343.80148 16.370 0.010
4343.81199 16.341 0.009
4344.78365 16.508 0.010
4344.79418 16.502 0.009
4346.75987 16.610 0.011
4348.74561 16.362 0.010
4348.75617 16.336 0.008
4350.72237 16.548 0.010
4350.73296 16.534 0.009
4353.68052 16.525 0.012
4353.69107 16.522 0.009
4355.73907 16.611 0.012
4355.74963 16.637 0.010
4358.68245 16.601 0.011
4358.69297 16.576 0.010
4359.73968 16.496 0.010
4362.69004 16.253 0.011
4362.70054 16.277 0.009
4365.66400 16.544 0.013
4365.67453 16.540 0.010
4369.72079 16.555 0.012
4369.73132 16.573 0.012
4371.68775 16.235 0.010
4371.69829 16.246 0.009
4376.69113 16.161 0.009
4378.65780 16.524 0.011
4378.66837 16.516 0.009
4379.68909 16.519 0.013
4379.69964 16.514 0.009
4381.64828 16.593 0.013
4381.65885 16.558 0.010
4383.67678 16.508 0.010
4383.68731 16.487 0.009
4386.70138 16.679 0.012
4386.71192 16.682 0.009
4388.70170 16.500 0.010
4388.71222 16.513 0.009
4390.71063 16.130 0.008
4390.72115 16.114 0.007
4394.59821 16.293 0.009
4394.60877 16.288 0.008
4396.68161 16.578 0.011
4396.69218 16.594 0.009
4398.68474 16.488 0.012
4398.69529 16.482 0.009
4402.66979 16.437 0.010
4404.68626 16.161 0.011
4407.69476 16.479 0.010
4407.70531 16.480 0.009
4409.71034 16.357 0.010
4409.72091 16.274 0.008
4411.70548 16.441 0.010
4411.71601 16.437 0.008
4415.70933 16.577 0.014
4415.71987 16.561 0.009
4417.65933 16.505 0.010
4417.66987 16.461 0.009
4420.64577 16.458 0.011
4422.67778 16.439 0.011
4422.68835 16.460 0.010
4424.67484 16.607 0.012
4424.68542 16.621 0.010
4427.56061 16.440 0.010
4427.57117 16.421 0.009
4429.60371 16.503 0.013
4429.61426 16.540 0.012
4431.59083 16.534 0.012
4433.59674 16.592 0.012
4433.60727 16.605 0.009
4435.58507 16.351 0.009
4435.59564 16.353 0.009
4438.64516 16.578 0.012
4438.65570 16.598 0.010
4440.61464 16.502 0.011
4440.62522 16.489 0.009
4442.57612 16.607 0.014
4442.58669 16.611 0.010
4444.61139 16.277 0.010
4452.61103 16.535 0.011
4452.62163 16.543 0.009
4454.63125 16.448 0.011
4454.64183 16.411 0.009
4455.57332 16.574 0.012
4455.58391 16.576 0.009
4457.58224 16.477 0.013
4457.59280 16.494 0.011
4460.53664 16.532 0.012
4460.54722 16.536 0.010
4462.54299 16.402 0.012
4462.55188 16.422 0.012
4462.58085 16.438 0.011
4463.53161 16.180 0.011
4463.60018 16.145 0.009
4463.61077 16.158 0.008
4464.54673 16.606 0.012
4465.56494 16.515 0.011
4465.59827 16.521 0.011
4466.57068 16.495 0.011
4466.60503 16.505 0.012
4467.55904 16.315 0.010
4467.58298 16.331 0.011
4467.59359 16.354 0.010
4468.58457 16.470 0.010
4468.61945 16.371 0.010
4469.56751 16.561 0.011
4469.60469 16.600 0.011
4470.55149 16.499 0.011
4470.58241 16.513 0.011
4470.59299 16.501 0.009
4471.53990 16.461 0.011
4471.56751 16.455 0.011
4472.54427 16.170 0.009
4472.57332 16.212 0.008
4473.55546 16.681 0.013
4473.57804 16.700 0.015
4474.55712 16.546 0.013
4474.58438 16.555 0.013
4474.61956 16.557 0.012
4474.63956 16.551 0.009
4474.64329 16.536 0.012
4475.55319 16.495 0.011
4475.59625 16.493 0.011
4475.65981 16.513 0.013
4476.57049 16.430 0.010
4476.59802 16.419 0.010
4476.61789 16.435 0.008
4476.64499 16.444 0.010
4477.60317 16.113 0.009
4477.64902 16.149 0.009
4478.57335 16.628 0.012
4478.63692 16.637 0.014
4479.56648 16.482 0.012
4479.62302 16.481 0.013
4480.55113 16.493 0.011
4480.59811 16.500 0.011
4481.55542 16.340 0.010
4481.60650 16.377 0.010
4481.62561 16.353 0.009
4481.63189 16.374 0.011
4482.56351 16.512 0.013
4482.62793 16.278 0.012
4483.58917 16.592 0.013
4483.63367 16.603 0.013
4483.64425 16.597 0.009
4484.58793 16.466 0.012
4485.58466 16.477 0.013
4485.62573 16.485 0.010
4486.57294 16.230 0.011
4486.57701 16.254 0.012
4486.62667 16.223 0.012
4487.61434 16.677 0.018
4487.61830 16.649 0.016
4487.64162 16.647 0.017
4488.57799 16.552 0.015
4488.58216 16.544 0.015
4488.61576 16.552 0.015
4488.62635 16.582 0.012
4489.61478 16.437 0.014
4490.61543 16.452 0.012
4491.61392 16.144 0.010
4492.58016 16.653 0.013
4492.60596 16.644 0.012
4492.61661 16.646 0.010
4498.54290 16.428 0.012
4502.55681 16.538 0.011
4519.51844 16.455 0.012
4519.52433 16.451 0.011
4519.52808 16.459 0.012
4519.53169 16.460 0.012
4609.93554 16.514 0.013
4643.91962 16.476 0.010
4652.94373 16.297 0.010
4655.90180 16.585 0.010
4661.91561 16.301 0.009
4662.83919 16.636 0.010
4662.93706 16.558 0.009
4663.78790 16.529 0.012
4665.86106 16.447 0.011
4665.87164 16.421 0.010
4670.94296 16.410 0.011
4671.83944 16.474 0.010
4671.85001 16.436 0.010
4673.94149 16.536 0.013
4677.85883 16.535 0.009
4682.83322 16.486 0.010
4684.87125 16.380 0.009
4686.83118 16.600 0.009
4688.84741 16.467 0.009
4688.85799 16.458 0.008
4690.77276 16.663 0.010
4690.78329 16.669 0.009
4691.77606 16.532 0.010
4691.78664 16.520 0.009
4694.82237 16.129 0.010
4694.83291 16.111 0.008
4699.78772 16.572 0.010
4699.79826 16.537 0.009
4700.82161 16.603 0.010
4700.83216 16.624 0.008
4701.82929 16.418 0.010
4701.83984 16.433 0.009
4703.78851 16.277 0.009
4703.79905 16.261 0.009
4704.80720 16.676 0.010
4704.81774 16.698 0.008
4705.81480 16.537 0.011
4705.82536 16.559 0.010
4707.83221 16.481 0.009
4707.84278 16.497 0.008
4709.76302 16.616 0.010
4709.77357 16.624 0.008
4715.77158 16.385 0.010
4717.72617 16.417 0.009
4717.73675 16.395 0.007
4720.70507 16.303 0.009
4722.72029 16.475 0.009
4722.73084 16.447 0.008
4725.72547 16.376 0.009
4725.73603 16.357 0.008
4730.71605 16.513 0.009
4730.72660 16.490 0.007
4730.77879 16.482 0.008
4730.78929 16.468 0.008
4733.75099 16.509 0.009
4733.76151 16.484 0.008
4740.69352 16.579 0.010
4740.70409 16.600 0.009
4743.69026 16.308 0.008
4743.70079 16.296 0.007
4748.67901 16.182 0.008
4748.68956 16.183 0.007
4750.71187 16.546 0.011
4750.72240 16.532 0.011
4754.63743 16.624 0.012
4754.64798 16.595 0.009
4755.61317 16.472 0.009
4756.64702 16.497 0.010
4756.65754 16.479 0.009
4758.62723 16.692 0.010
4758.63777 16.628 0.008
4760.61389 16.474 0.009
4760.62444 16.469 0.008
4762.60368 16.136 0.008
4762.61425 16.119 0.007
4767.63932 16.213 0.008
4767.64985 16.191 0.008
4770.68757 16.498 0.012
4770.69813 16.503 0.010
4772.62495 16.661 0.011
4772.63547 16.657 0.010
4774.60045 16.407 0.009
4774.61097 16.409 0.008
4776.57224 16.195 0.009
4776.58276 16.192 0.008
4778.57359 16.483 0.009
4778.58413 16.477 0.009
4780.57085 16.435 0.010
4780.58136 16.447 0.009
4782.54374 16.602 0.011
4782.55428 16.579 0.009
4783.60535 16.440 0.010
4783.61588 16.432 0.009
4789.57147 16.504 0.009
4789.58202 16.515 0.009
4791.55302 16.634 0.011
4791.56360 16.644 0.009
4793.56040 16.347 0.010
4793.57093 16.344 0.009
4795.57328 16.484 0.009
4795.58381 16.458 0.008
4797.56545 16.430 0.011
4797.57599 16.415 0.010
4798.62869 16.438 0.010
4798.63921 16.436 0.009
4801.52992 16.509 0.009
4801.54047 16.516 0.009
4802.61738 16.347 0.009
4802.62794 16.335 0.009
4803.58930 16.526 0.010
4803.59985 16.517 0.008
4805.52429 16.623 0.014
4805.53487 16.616 0.010
4807.55105 16.276 0.010
4807.56162 16.257 0.009
4809.57623 16.503 0.010
4809.58676 16.494 0.009
4811.59810 16.436 0.011
4811.60867 16.428 0.009
4814.55597 16.571 0.011
4814.56649 16.562 0.009
4816.55810 16.302 0.009
4816.56870 16.312 0.008
4818.57208 16.528 0.010
4818.58264 16.560 0.010
4820.55011 16.465 0.011
4820.56064 16.459 0.009
4822.60684 16.610 0.011
4822.61745 16.610 0.008
4824.59168 16.594 0.011
4824.60229 16.585 0.009
4831.56332 16.615 0.011
4831.57389 16.588 0.009
4833.59116 16.532 0.010
4835.61391 16.207 0.009
4835.62453 16.239 0.008
4839.61694 16.417 0.012
4842.58359 16.513 0.014
4842.59421 16.482 0.009
4844.59410 16.321 0.010
4844.60467 16.334 0.009
4847.64829 16.520 0.015
4849.60826 16.217 0.009
4849.61890 16.225 0.008
4853.60555 16.446 0.010
4853.61617 16.464 0.009
4855.61876 16.602 0.013
4855.62942 16.645 0.011
4862.59258 16.490 0.010
4868.57477 16.189 0.009
4868.58537 16.190 0.008
4869.53688 16.626 0.014
