2104.88767 14.876 0.005
2112.88129 14.820 0.005
2115.84972 14.812 0.006
2116.93213 14.940 0.006
2117.84885 15.000 0.006
2123.88620 14.995 0.006
2125.77122 14.932 0.006
2128.88581 14.967 0.006
2129.91370 14.962 0.006
2130.89077 14.780 0.005
2131.77972 14.961 0.006
2132.86261 14.957 0.006
2133.83554 14.794 0.006
2134.86812 14.976 0.006
2136.90886 14.793 0.006
2137.86743 14.987 0.006
2140.87149 14.998 0.006
2141.78171 14.939 0.006
2142.84013 14.802 0.005
2143.89115 15.016 0.006
2144.77115 14.927 0.005
2156.73197 14.883 0.006
2160.81159 14.879 0.006
2161.69043 15.014 0.006
2162.82389 14.817 0.005
2166.65190 14.861 0.006
2167.70798 15.021 0.006
2168.77030 14.821 0.006
2171.77734 14.798 0.005
2172.82107 14.924 0.006
2173.76457 14.998 0.006
2174.69095 14.815 0.005
2177.69643 14.795 0.005
2184.75769 14.943 0.006
2186.74600 14.774 0.006
2189.74761 14.778 0.006
2190.74773 14.965 0.006
2191.62172 14.984 0.006
2192.71543 14.764 0.005
2193.74265 14.967 0.005
2194.70734 14.953 0.006
2200.72236 14.921 0.005
2203.61028 14.922 0.006
2208.70678 14.995 0.006
2211.71333 15.010 0.006
2212.69916 14.876 0.005
2217.69372 15.002 0.006
2219.73049 14.880 0.006
2221.58238 14.879 0.006
2223.63245 15.019 0.006
2225.65008 14.891 0.005
2227.54333 14.858 0.006
2228.61131 14.881 0.005
2230.59841 14.820 0.005
2232.61869 15.009 0.006
2234.60403 14.901 0.006
2236.59316 14.793 0.005
2239.54204 14.807 0.006
2241.58563 14.991 0.006
2243.62385 14.944 0.006
2249.58473 14.958 0.005
2251.58632 14.785 0.005
2254.58770 14.781 0.005
2256.60590 14.951 0.006
2263.54437 14.810 0.006
2265.57973 14.909 0.005
2270.60412 15.014 0.005
2274.58499 14.873 0.006
2276.59569 15.016 0.006
2278.57238 14.861 0.005
2283.60250 14.830 0.005
2290.55570 14.910 0.006
2292.61545 14.788 0.005
2294.62002 14.988 0.006
2296.58030 14.943 0.006
2298.58883 14.785 0.006
2300.58406 14.969 0.006
2303.56784 14.958 0.006
2453.89625 14.937 0.006
2462.90003 14.890 0.006
2464.90063 15.009 0.006
2466.89304 14.818 0.006
2468.88906 14.887 0.006
2470.87826 15.008 0.006
2472.86067 14.838 0.005
2483.94583 14.787 0.006
2488.76591 15.023 0.006
2489.82819 14.797 0.005
2490.82421 14.909 0.006
2492.80987 14.795 0.006
2496.80802 14.923 0.006
2497.83077 14.985 0.006
2498.83094 14.780 0.005
2499.91866 14.943 0.006
2500.92439 14.943 0.006
2501.91505 14.766 0.005
2502.89093 14.960 0.006
2511.75530 14.966 0.006
2516.88066 14.800 0.006
2517.88117 14.988 0.006
2518.85706 14.881 0.006
2519.76845 14.805 0.005
2520.84878 14.984 0.006
2521.73861 14.913 0.006
2524.76424 14.888 0.006
2529.74608 14.995 0.006
2535.75240 15.013 0.006
2537.75890 14.860 0.006
2537.77786 14.872 0.006
2538.85556 15.011 0.006
2538.86357 15.008 0.006
2539.75416 14.833 0.006
2540.80108 14.891 0.006
2541.76953 15.006 0.006
2542.73595 14.823 0.006
2544.71853 15.005 0.006
2545.73333 14.804 0.005
2547.74735 15.000 0.006
2548.76803 14.787 0.006
2550.76308 14.994 0.006
2551.75051 14.774 0.006
2552.76564 14.927 0.006
2553.70641 15.016 0.006
2554.75890 14.766 0.005
2555.76685 14.929 0.006
2556.74601 14.992 0.006
2557.75840 14.764 0.005
2558.71485 14.928 0.006
2559.67198 14.990 0.006
2560.70502 14.768 0.005
2561.75047 14.950 0.006
2562.72321 14.948 0.006
2563.73118 14.764 0.006
2564.75856 14.957 0.006
2565.74872 14.934 0.006
2566.72356 14.773 0.006
2571.71006 14.927 0.006
2573.71515 14.978 0.006
2574.70263 14.917 0.006
2576.74181 14.986 0.006
2577.70029 14.921 0.006
2578.68226 14.787 0.006
2579.69284 14.978 0.006
2580.70443 14.895 0.006
2583.68122 14.887 0.006
2584.68389 14.811 0.006
2587.66546 14.840 0.006
2588.67807 14.996 0.006
2589.67022 14.847 0.006
2590.67867 14.855 0.006
2591.70595 14.999 0.006
2593.66300 14.856 0.006
2594.66996 15.002 0.006
2596.64393 14.871 0.006
2597.63094 15.002 0.006
2598.70932 14.813 0.006
2599.67292 14.889 0.006
2609.53326 15.015 0.006
2611.58250 14.920 0.006
2614.54742 14.937 0.006
2618.57899 15.008 0.006
2622.55575 14.769 0.005
2626.51961 14.949 0.007
2629.56539 14.958 0.006
2640.54918 14.802 0.006
2643.55184 14.815 0.006
2649.55804 14.837 0.006
2652.54372 14.857 0.006
2655.55505 14.870 0.006
2658.53191 14.884 0.006
2662.53548 15.006 0.006
2665.54633 15.002 0.006
2670.53266 14.938 0.006
2674.55711 14.984 0.006
2677.54066 14.988 0.006
2678.68220 14.776 0.006
2680.54778 14.964 0.006
2684.52736 14.771 0.006
2804.81291 14.837 0.006
2805.90829 14.918 0.006
2812.92327 14.993 0.006
2815.93368 14.978 0.006
2818.94600 14.968 0.006
2829.88032 14.984 0.006
2831.88117 14.798 0.006
2832.84518 14.989 0.006
2833.92227 14.924 0.006
2836.91140 14.922 0.006
2837.92567 14.824 0.006
2838.91330 15.019 0.006
2840.86203 14.813 0.006
2843.88617 14.840 0.006
2844.92741 15.006 0.006
2848.85333 14.869 0.006
2849.91211 14.873 0.006
2851.83909 14.855 0.006
2852.87225 14.883 0.006
2854.88359 14.820 0.006
2857.89097 14.813 0.006
2859.87826 15.003 0.006
2860.93062 14.795 0.006
2861.80252 14.890 0.006
2862.85125 15.004 0.006
2863.89027 14.791 0.006
2865.77558 14.988 0.006
2866.77157 14.807 0.006
2867.86211 14.929 0.006
2869.82827 14.782 0.006
2870.87111 14.941 0.006
2872.79503 14.766 0.005
2877.80401 14.976 0.006
2879.82665 14.947 0.006
2884.77547 14.772 0.006
2886.78834 14.946 0.006
2888.73154 14.969 0.006
2890.77001 14.796 0.006
2893.79874 14.806 0.006
2895.77264 14.920 0.006
2897.75716 14.996 0.006
2899.78950 14.812 0.005
2903.80849 15.005 0.005
2906.75686 14.998 0.006
2908.73463 14.844 0.006
2910.72888 14.860 0.006
2912.73472 15.009 0.005
2916.74758 14.822 0.005
2918.72459 15.009 0.006
2922.72752 14.801 0.006
2924.72378 14.990 0.006
2926.65919 14.905 0.006
2929.72057 14.924 0.006
2931.69806 14.780 0.005
2933.70861 14.964 0.006
2935.67273 14.939 0.006
2937.70220 14.775 0.006
2939.63751 14.980 0.006
2941.66473 14.949 0.006
2943.66093 14.762 0.005
2944.66341 14.964 0.006
2946.64350 14.777 0.005
2947.67129 14.965 0.006
2949.65217 14.790 0.005
2951.68471 14.918 0.006
2953.63270 14.978 0.006
2955.61731 14.812 0.006
2957.63356 14.907 0.006
2960.65119 14.892 0.005
2964.66383 14.842 0.006
2966.60761 14.887 0.006
2969.63290 14.871 0.005
2971.65973 15.015 0.006
2974.53449 15.013 0.006
2976.56758 14.877 0.006
2978.55544 14.853 0.006
2980.61027 15.024 0.006
2982.57499 14.897 0.006
2984.60583 14.811 0.006
2986.61838 14.997 0.006
2989.56988 14.999 0.006
2992.58602 14.986 0.006
2996.59137 14.776 0.006
2999.58820 14.781 0.006
3003.53243 14.967 0.006
3006.57932 14.984 0.006
3009.57140 14.991 0.006
3013.58386 14.923 0.006
3017.57255 14.828 0.006
3020.54730 14.835 0.005
3022.57492 14.887 0.006
3024.57402 15.022 0.006
3026.54425 14.849 0.006
3028.54503 14.870 0.006
3030.54877 15.014 0.006
3032.56591 14.887 0.006
3034.56543 14.829 0.005
3038.55650 14.909 0.006
3180.91941 15.018 0.006
3184.91124 14.796 0.005
3193.93543 14.781 0.005
3196.90640 14.779 0.005
3202.89893 14.779 0.005
3204.86899 14.956 0.006
3206.88181 14.973 0.006
3211.79327 14.793 0.006
3211.83016 14.796 0.005
3216.78405 14.905 0.006
3217.83415 14.822 0.006
3222.87684 14.864 0.006
3224.83081 15.017 0.006
3228.80874 14.862 0.006
3230.78629 15.011 0.005
3238.81330 14.909 0.006
3239.85268 15.002 0.006
3241.75486 14.904 0.005
3242.79077 15.016 0.006
3244.72778 14.889 0.006
3245.83161 15.000 0.006
3246.82857 14.780 0.005
3248.73338 15.004 0.006
3250.79432 14.950 0.005
3253.74796 14.940 0.006
3256.73101 14.948 0.006
3260.70371 14.969 0.006
3262.73960 14.970 0.005
3264.69136 14.783 0.005
3266.76228 14.932 0.006
3268.69575 14.973 0.005
3270.75960 14.803 0.005
3271.72337 14.991 0.006
3273.68219 14.797 0.005
3275.67265 14.923 0.006
3276.76670 14.835 0.006
3278.63126 14.908 0.006
3280.67881 14.986 0.005
3282.66953 14.839 0.005
3286.63257 15.010 0.005
3288.64627 14.863 0.005
3291.62141 14.839 0.005
3294.63326 14.863 0.005
3296.60054 14.848 0.005
3298.60946 15.014 0.005
3300.61000 14.907 0.006
3302.59111 14.817 0.005
3305.68707 14.787 0.005
3307.60361 15.032 0.006
3309.62434 14.931 0.005
3311.57997 14.790 0.005
3315.61344 14.942 0.005
3320.65688 14.781 0.005
3323.61359 14.775 0.005
3324.62334 14.974 0.005
3329.55680 14.787 0.005
3334.57305 14.921 0.006
3336.56893 14.997 0.006
3341.61586 14.845 0.005
3350.57158 14.862 0.005
3354.60359 15.011 0.006
3360.58346 15.007 0.006
3366.62304 14.987 0.006
3372.60755 14.991 0.005
3376.58331 14.779 0.005
3379.60072 14.786 0.005
3387.53617 14.934 0.006
3395.56851 15.018 0.006
3399.55534 14.883 0.006
3403.54645 14.872 0.006
3543.92508 14.860 0.005
3552.87607 14.846 0.006
3558.92966 14.804 0.005
3562.92416 14.932 0.005
3568.91568 14.953 0.005
3570.87546 14.775 0.005
3571.86406 14.944 0.006
3573.90992 14.782 0.006
3575.86900 14.956 0.005
3578.93919 14.928 0.005
3579.86681 14.803 0.005
3581.93576 14.925 0.005
3582.76410 14.781 0.005
3589.84655 14.993 0.005
3590.87684 14.909 0.005
3592.81848 15.001 0.005
3594.85580 14.830 0.005
3603.76733 14.840 0.005
3607.86000 15.004 0.005
3617.81627 14.795 0.005
3619.79220 15.007 0.005
3621.78930 14.916 0.005
3621.83474 14.916 0.005
3625.78767 14.974 0.005
3628.73787 14.978 0.006
3630.70444 14.939 0.005
3632.73337 14.770 0.005
3634.64690 14.986 0.005
3637.72111 14.970 0.005
3640.68651 14.955 0.005
3642.68446 14.975 0.006
3644.71730 14.791 0.005
3646.73105 14.936 0.005
3650.74673 14.814 0.005
3652.69519 14.907 0.005
3654.66844 15.011 0.005
3656.74207 14.839 0.005
3657.74546 15.022 0.005
3659.70721 14.861 0.006
3661.63379 14.887 0.005
3664.70390 14.860 0.005
3666.70291 15.018 0.005
3668.68719 14.889 0.005
3670.66783 14.834 0.005
3672.62802 15.006 0.005
3674.75988 14.925 0.005
3676.65324 14.821 0.005
3682.62678 14.806 0.005
3684.64037 15.013 0.005
3686.60990 14.941 0.005
3688.58275 14.792 0.005
3690.59630 14.991 0.006
3693.59448 14.987 0.006
3695.59052 14.962 0.006
3697.58100 14.802 0.005
3699.58078 14.966 0.005
3701.61482 14.979 0.005
3703.61988 14.807 0.005
3705.63021 14.936 0.005
3707.59675 14.994 0.005
3712.65738 14.837 0.005
3715.59832 14.834 0.005
3717.57698 14.892 0.006
3720.61273 14.874 0.006
3724.58202 14.857 0.005
3726.60238 14.851 0.005
3731.54224 15.010 0.006
3735.58124 14.810 0.005
3739.54373 14.913 0.006
3743.55780 15.006 0.006
3748.56140 14.958 0.006
3753.55842 14.783 0.006
3759.56326 14.801 0.005
3763.54807 14.983 0.005
3769.52589 15.002 0.006
3773.55180 14.892 0.005
3778.52654 15.004 0.006
3903.91027 14.806 0.005
3908.92829 14.893 0.005
3915.92364 14.838 0.005
3918.94296 14.861 0.005
3933.83470 14.910 0.005
3935.83112 14.819 0.005
3937.86903 15.003 0.006
3945.83844 14.942 0.005
3950.85647 14.788 0.005
3957.81195 14.979 0.006
3959.81176 14.792 0.005
3961.79675 14.924 0.005
3964.80385 14.919 0.005
3966.79638 14.990 0.005
3968.78967 14.818 0.005
3970.78122 14.894 0.005
3973.75220 14.889 0.005
3975.76550 15.001 0.005
3980.69799 14.843 0.005
3981.69793 15.002 0.005
3982.76228 14.856 0.005
3986.73934 14.885 0.005
3989.84205 14.920 0.005
3991.78023 14.810 0.005
3994.69200 14.817 0.005
3998.81948 14.939 0.005
4001.68657 14.928 0.005
4003.65014 14.801 0.005
4005.72511 14.988 0.005
4007.61903 14.937 0.005
4008.64902 14.981 0.005
4011.67667 14.981 0.005
4014.67472 14.969 0.006
4016.65584 14.966 0.005
4018.65224 14.791 0.005
4020.69152 14.947 0.005
4023.64167 14.937 0.006
4025.64200 14.996 0.005
4027.63016 14.807 0.005
4029.61232 14.920 0.005
4031.59928 15.002 0.005
4036.65807 14.846 0.005
4038.63119 14.884 0.005
4040.56947 15.002 0.006
4042.63833 14.868 0.005
4045.52089 14.869 0.005
4047.59246 14.855 0.005
4049.56510 15.007 0.005
4051.61472 14.899 0.005
4053.58912 14.823 0.005
4055.55471 15.013 0.006
4057.55779 14.916 0.005
4060.53604 14.925 0.005
4064.58124 14.992 0.005
4066.53857 14.944 0.005
4068.60268 14.781 0.005
4071.57063 14.788 0.005
4073.57754 14.973 0.006
4075.62259 14.969 0.005
4077.59504 14.804 0.005
4079.57846 14.943 0.005
4083.54960 14.805 0.005
4087.60765 15.010 0.005
4095.57174 14.856 0.005
4100.54916 14.862 0.005
4105.62583 14.998 0.005
4107.56693 14.897 0.005
4108.61301 15.008 0.005
4112.56729 14.798 0.005
4119.56933 14.956 0.005
4120.60012 14.966 0.005
4122.58873 14.958 0.005
4127.58096 14.787 0.005
4253.90653 14.799 0.006
4255.92663 14.991 0.006
4258.90763 14.998 0.006
4273.92774 14.932 0.006
4279.75670 14.959 0.006
4282.84327 14.921 0.006
4283.81139 14.795 0.006
4284.91315 14.997 0.006
4289.88401 14.835 0.006
4292.91747 14.854 0.005
4295.91131 14.868 0.006
4296.94560 15.008 0.006
4298.86466 14.874 0.006
4299.90808 15.012 0.006
4300.93034 14.819 0.005
4302.83082 15.015 0.006
4303.83958 14.841 0.006
4307.78017 14.878 0.006
4308.71132 15.010 0.006
4308.91872 15.002 0.006
4310.89043 14.909 0.006
4314.82095 14.987 0.006
4316.88081 14.932 0.006
4320.81252 14.985 0.006
4326.89074 14.944 0.006
4327.91239 14.796 0.006
4328.88230 14.973 0.006
4329.89850 14.929 0.006
4330.93128 14.808 0.006
4331.88029 14.970 0.006
4333.91447 14.817 0.006
4336.87691 14.821 0.006
4339.88476 14.833 0.006
4340.86964 14.996 0.006
4342.84244 14.824 0.006
4344.80292 14.894 0.006
4346.77629 15.000 0.006
4348.76000 14.838 0.006
4350.73682 14.887 0.006
4353.69505 14.890 0.006
4355.75370 15.016 0.006
4358.69688 15.022 0.006
4362.70465 14.834 0.006
4363.71193 14.883 0.006
4365.70135 14.829 0.006
4369.73544 14.906 0.006
4370.69551 14.997 0.006
4373.70716 15.001 0.006
4376.70558 15.003 0.006
4378.67246 14.929 0.006
4379.70406 14.983 0.006
4381.66275 14.937 0.006
4383.69138 14.766 0.005
4386.71751 14.782 0.005
4388.71617 14.937 0.006
4391.53930 14.973 0.005
4394.63354 14.931 0.006
4396.69639 14.973 0.006
4398.69925 14.806 0.006
4402.68423 14.979 0.006
4404.70086 14.838 0.006
4409.68846 14.870 0.006
4412.63316 14.885 0.006
4415.72425 14.851 0.006
4417.67423 15.018 0.006
4420.66103 15.023 0.006
4423.65117 15.032 0.006
4426.53272 15.022 0.006
4426.70472 15.007 0.006
4428.59166 14.902 0.006
4430.61158 14.780 0.005
4432.59747 15.012 0.006
4434.63890 14.931 0.006
4436.61553 14.786 0.005
4438.62341 14.971 0.006
4440.62928 14.965 0.006
4442.59072 14.788 0.006
4444.61525 14.973 0.006
4450.59353 14.948 0.006
4452.62545 14.981 0.006
4454.60665 14.806 0.006
4456.60153 14.915 0.006
4457.63037 14.810 0.006
4460.57901 14.822 0.006
4462.60392 14.892 0.006
4464.59852 15.008 0.006
4471.57180 14.872 0.006
4473.55975 15.026 0.006
4475.62307 14.895 0.006
4480.60705 14.813 0.005
4482.60925 15.014 0.006
4484.61953 14.946 0.006
4486.63132 14.788 0.006
4490.56050 14.936 0.006
4643.93391 14.962 0.006
4651.91033 14.783 0.005
4655.83128 14.977 0.006
4661.92997 14.999 0.006
4662.85359 14.882 0.005
4663.80224 14.821 0.006
4665.87537 14.868 0.006
4671.90931 14.820 0.006
4674.81408 14.864 0.006
4677.87314 14.823 0.005
4682.84751 14.996 0.006
4682.85852 15.006 0.006
4684.88560 14.928 0.005
4686.84565 14.783 0.005
4688.86179 15.000 0.005
4690.78730 14.922 0.006
4691.79054 14.995 0.006
4694.76518 14.998 0.006
4697.78128 14.976 0.006
4699.80213 14.962 0.006
4700.83611 14.955 0.006
4701.84385 14.778 0.005
4702.74990 14.965 0.006
4703.80314 14.963 0.006
4704.82151 14.782 0.005
4705.82923 14.984 0.006
4707.81042 14.787 0.006
4709.78107 14.941 0.005
4715.78603 14.914 0.006
4717.74067 14.988 0.005
4720.71969 15.006 0.006
4724.68399 14.889 0.006
4726.67804 14.997 0.006
4730.73244 14.850 0.005
4740.70985 14.898 0.005
4743.70756 14.912 0.005
4748.69371 14.795 0.005
4750.72641 14.983 0.006
4754.65198 14.773 0.005
4756.68213 14.988 0.006
4758.64172 14.939 0.005
4760.62844 14.782 0.005
4762.61842 14.975 0.006
4767.67470 14.977 0.006
4771.56895 14.958 0.006
4772.63953 14.795 0.006
4774.63599 14.919 0.006
4776.58642 15.011 0.006
4778.58871 14.802 0.005
4780.60640 14.905 0.006
4782.55818 15.003 0.006
4783.61989 14.895 0.006
4786.54088 14.897 0.006
4789.60400 14.869 0.005
4791.56820 15.020 0.006
4793.57492 14.872 0.005
4795.60919 14.839 0.005
4797.58230 15.021 0.006
4799.58873 14.892 0.006
4801.56534 14.825 0.005
4802.63208 14.923 0.006
4803.60452 14.999 0.006
4805.54700 14.910 0.006
4807.56556 14.810 0.006
4809.59063 14.995 0.006
4811.61256 14.944 0.006
4814.57030 14.943 0.006
4816.57252 14.780 0.005
4818.55037 14.965 0.006
4820.56454 14.968 0.006
4822.63733 14.792 0.005
4824.60624 14.939 0.006
4831.58235 14.818 0.006
4834.61592 14.835 0.006
4838.61517 15.012 0.006
4841.59769 15.020 0.006
4843.59515 14.848 0.006
4846.60087 14.877 0.006
4848.63717 14.838 0.005
4850.62467 14.998 0.006
4853.62038 15.007 0.006
4856.59611 15.010 0.006
4864.57375 14.917 0.005
4868.59351 14.975 0.006
4870.53299 14.947 0.006
4873.54864 14.963 0.006
