 466.55000 15.723 0.006
 466.56524 15.725 0.006
 466.59583 15.702 0.006
 466.62537 15.697 0.006
 467.54322 15.902 0.006
 467.57270 15.920 0.006
 467.60218 15.919 0.006
 467.63167 15.928 0.006
 469.55259 15.920 0.006
 469.59121 15.917 0.006
 469.62286 15.927 0.006
 471.60513 15.918 0.006
 471.62037 15.912 0.006
 472.53729 15.742 0.006
 472.55207 15.744 0.006
 472.56673 15.738 0.006
 472.58136 15.727 0.006
 622.88356 15.883 0.007
 624.91014 15.891 0.007
 625.89759 15.784 0.006
 626.86909 15.910 0.007
 627.85533 15.761 0.006
 628.89641 15.901 0.006
 629.89421 15.754 0.006
 631.92517 15.783 0.007
 632.86569 15.919 0.007
 633.90112 15.771 0.006
 635.89597 15.773 0.006
 643.86497 15.751 0.006
 645.83668 15.728 0.006
 647.79442 15.724 0.007
 649.79181 15.715 0.007
 652.83901 15.960 0.007
 656.85217 15.956 0.006
 657.82443 15.710 0.006
 658.86473 15.955 0.008
 663.77101 15.701 0.007
 664.87594 15.955 0.007
 665.82320 15.714 0.005
 666.83375 15.962 0.006
 667.85299 15.700 0.006
 668.82382 15.951 0.006
 670.78937 15.954 0.007
 671.81142 15.702 0.006
 672.81696 15.948 0.006
 673.78433 15.686 0.006
 684.74472 15.952 0.006
 687.78221 15.687 0.006
 697.71754 15.706 0.006
 699.68766 15.709 0.006
 701.70067 15.725 0.006
 704.72866 15.927 0.007
 706.69432 15.908 0.007
 707.73188 15.709 0.006
 708.75604 15.937 0.007
 713.73796 15.722 0.006
 714.75293 15.912 0.006
 715.71849 15.727 0.006
 716.68657 15.897 0.006
 726.66918 15.884 0.006
 728.67989 15.878 0.006
 729.68205 15.769 0.006
 733.63289 15.797 0.006
 739.65284 15.784 0.006
 741.61865 15.809 0.006
 742.59491 15.843 0.006
 744.64202 15.842 0.006
 745.59294 15.844 0.006
 746.78373 15.878 0.006
 747.65425 15.808 0.006
 748.61602 15.832 0.006
 749.62137 15.830 0.007
 750.61521 15.831 0.006
 751.62363 15.831 0.006
 753.67367 15.813 0.006
 759.63154 15.843 0.006
 760.65720 15.832 0.006
 761.63324 15.832 0.006
 761.73849 15.806 0.007
 762.62461 15.829 0.007
 762.65416 15.833 0.006
 763.64084 15.845 0.007
 765.57289 15.910 0.008
 766.61037 15.806 0.007
 766.71324 15.835 0.009
 767.61787 15.875 0.008
 767.67952 15.858 0.009
 769.60070 15.882 0.007
 769.67443 15.851 0.007
 770.60684 15.786 0.006
 771.63991 15.856 0.006
 772.60173 15.805 0.006
 773.60686 15.879 0.006
 773.75907 15.805 0.007
 774.59984 15.777 0.006
 775.55777 15.932 0.006
 776.63869 15.789 0.006
 777.61294 15.909 0.006
 778.61630 15.767 0.007
 779.64326 15.900 0.008
 779.75354 15.851 0.007
 780.64306 15.795 0.006
 781.55738 15.921 0.006
 782.62289 15.805 0.007
 782.74677 15.830 0.007
 783.53993 15.937 0.006
 784.58193 15.769 0.006
 784.67390 15.799 0.006
 785.60874 15.925 0.006
 786.61243 15.776 0.006
 786.62932 15.782 0.006
 787.69288 15.897 0.006
 788.62569 15.759 0.006
 788.65126 15.771 0.006
 790.57439 15.749 0.006
 792.55236 15.758 0.006
 795.61703 15.940 0.007
 796.54595 15.746 0.007
 797.70610 15.911 0.007
 798.56874 15.730 0.006
 799.70671 15.901 0.006
 800.62174 15.746 0.006
 802.68171 15.785 0.007
 805.60906 15.961 0.007
 806.61925 15.754 0.007
 808.55067 15.720 0.007
 816.68166 15.752 0.006
 817.59174 15.958 0.006
 819.55452 15.953 0.007
 820.63082 15.729 0.006
 822.55140 15.714 0.006
 824.57722 15.696 0.006
 825.65033 15.968 0.007
 828.61046 15.712 0.006
 829.57709 15.973 0.006
 832.58398 15.716 0.006
 833.60388 15.958 0.006
 834.57346 15.699 0.006
 836.55159 15.699 0.007
 838.58458 15.704 0.006
 840.59432 15.688 0.006
 845.54589 15.961 0.007
 850.56916 15.688 0.006
 855.57418 15.954 0.008
 859.56200 15.967 0.007
 866.52654 15.707 0.006
 962.93038 15.711 0.006
 966.92987 15.725 0.006
 970.90625 15.728 0.006
 976.88690 15.752 0.007
 986.84127 15.788 0.006
 987.85487 15.877 0.006
 991.92291 15.899 0.006
 996.92685 15.759 0.006
 998.89794 15.769 0.006
1004.79652 15.838 0.007
1006.82510 15.819 0.006
1020.89459 15.838 0.006
1025.93238 15.842 0.006
1035.74733 15.765 0.006
1037.77653 15.758 0.006
1041.78468 15.782 0.006
1045.74639 15.752 0.006
1048.72757 15.945 0.007
1052.77048 15.945 0.006
1055.64372 15.705 0.006
1058.85567 15.927 0.007
1059.77369 15.734 0.006
1061.72645 15.720 0.006
1064.81035 15.949 0.008
1068.71176 15.948 0.006
1072.69192 15.957 0.006
1078.68023 15.967 0.006
1081.69277 15.702 0.006
1084.63094 15.937 0.006
1087.65085 15.684 0.006
1090.70722 15.967 0.007
1092.73934 15.960 0.006
1094.64602 15.943 0.006
1102.61620 15.938 0.006
1106.71105 15.964 0.006
1110.63018 15.921 0.007
1116.58866 15.928 0.006
1120.57725 15.898 0.006
1126.65257 15.923 0.006
1129.55102 15.775 0.006
1132.53411 15.872 0.007
1135.58416 15.776 0.006
1138.63384 15.905 0.006
1140.61125 15.883 0.006
1144.66883 15.889 0.006
1151.54841 15.818 0.006
1155.55003 15.819 0.006
1159.54547 15.808 0.006
1162.57787 15.844 0.006
1164.69144 15.867 0.006
1170.54987 15.823 0.006
1178.65992 15.845 0.006
1182.67183 15.843 0.006
1183.71017 15.807 0.006
1185.69333 15.824 0.006
1188.69264 15.836 0.006
1191.57639 15.873 0.006
1202.59150 15.770 0.007
1205.54292 15.928 0.007
1211.56341 15.916 0.007
1217.57403 15.928 0.007
1220.57653 15.743 0.006
1229.52924 15.942 0.008
1238.52553 15.730 0.008
1327.90972 15.963 0.009
1330.82642 15.673 0.006
1335.87818 15.952 0.007
1340.89768 15.679 0.006
1348.93376 15.697 0.006
1354.90732 15.684 0.006
1360.92705 15.692 0.006
1365.92326 15.945 0.007
1367.84676 15.916 0.007
1374.91884 15.701 0.006
1394.85503 15.739 0.007
1395.88648 15.916 0.007
1397.80817 15.895 0.008
1401.83521 15.883 0.007
1402.92012 15.733 0.006
1407.84319 15.879 0.007
1412.73851 15.813 0.006
1417.89683 15.870 0.006
1430.72945 15.845 0.007
1432.74013 15.850 0.006
1442.66672 15.906 0.006
1447.74191 15.781 0.008
1451.67810 15.752 0.006
1455.69783 15.760 0.006
1460.73857 15.900 0.006
1462.64420 15.950 0.007
1470.65046 15.938 0.006
1472.63766 15.956 0.007
1475.64339 15.715 0.006
1477.57245 15.706 0.006
1481.59020 15.689 0.006
1484.63912 15.961 0.007
1487.63425 15.705 0.006
1490.67301 15.945 0.007
1492.57266 15.953 0.007
1495.52944 15.681 0.006
1499.55809 15.691 0.007
1502.55619 15.952 0.007
1505.62277 15.694 0.006
1508.55815 15.942 0.006
1509.53441 15.692 0.006
1512.63629 15.956 0.008
1515.61098 15.675 0.006
1517.61448 15.702 0.006
1520.60166 15.934 0.007
1524.54935 15.914 0.007
1526.58948 15.938 0.007
1531.64107 15.687 0.006
1543.59855 15.716 0.006
1546.61337 15.915 0.006
1551.57515 15.737 0.006
1555.60868 15.727 0.006
1562.58725 15.868 0.007
1569.56640 15.775 0.006
1575.59223 15.767 0.006
1580.56723 15.842 0.006
1583.56991 15.804 0.006
1587.54969 15.793 0.006
1597.53516 15.827 0.007
1603.54325 15.834 0.007
1608.51897 15.778 0.007
1703.90389 15.904 0.007
1705.90939 15.911 0.007
1716.86981 15.753 0.006
1717.88016 15.936 0.007
1729.91585 15.954 0.006
1732.88562 15.738 0.006
1740.83666 15.709 0.006
1742.88445 15.718 0.006
1744.85357 15.701 0.006
1745.87783 15.963 0.006
1749.85825 15.959 0.006
1750.83017 15.707 0.006
1751.84200 15.977 0.006
1752.80333 15.689 0.006
1753.80439 15.961 0.007
1754.83106 15.682 0.006
1755.79643 15.946 0.008
1756.82591 15.718 0.008
1757.77510 15.921 0.008
1758.77959 15.694 0.006
1759.82395 15.945 0.007
1761.80499 15.948 0.006
1762.79138 15.687 0.006
1763.79439 15.950 0.006
1764.78689 15.686 0.006
1765.78136 15.950 0.006
1766.72239 15.699 0.006
1768.80150 15.697 0.006
1769.71088 15.919 0.007
1771.82695 15.929 0.009
1772.76933 15.687 0.006
1776.75944 15.703 0.006
1784.73609 15.718 0.006
1788.80159 15.695 0.006
1803.76191 15.900 0.006
1806.75605 15.746 0.006
1808.82566 15.696 0.006
1811.75408 15.884 0.006
1814.80090 15.739 0.006
1817.76656 15.883 0.006
1822.64399 15.809 0.006
1826.79510 15.764 0.006
1829.73734 15.856 0.006
1846.78538 15.810 0.006
1850.74213 15.842 0.007
1854.79818 15.809 0.006
1858.72204 15.860 0.007
1862.72095 15.853 0.006
1867.74538 15.800 0.007
1871.75197 15.806 0.006
2086.89971 15.857 0.007
2103.90643 15.826 0.006
2105.93657 15.823 0.007
2106.90218 15.823 0.007
2112.85456 15.796 0.006
2116.88230 15.804 0.006
2123.82923 15.921 0.007
2128.83670 15.766 0.007
2129.86869 15.910 0.007
2130.85510 15.763 0.007
2131.84916 15.931 0.008
2132.81695 15.744 0.007
2133.90577 15.896 0.008
2134.82124 15.749 0.007
2135.85527 15.931 0.007
2137.90211 15.914 0.008
2140.82253 15.743 0.006
2142.76206 15.716 0.006
2143.82757 15.947 0.007
2144.83426 15.738 0.006
2155.88975 15.946 0.009
2156.83639 15.715 0.007
2160.76576 15.717 0.007
2162.77260 15.708 0.006
2166.76716 15.704 0.006
2167.77563 15.967 0.007
2168.72483 15.695 0.006
2172.75738 15.696 0.006
2177.65084 15.934 0.007
2184.71246 15.689 0.007
2185.67596 15.940 0.008
2186.70081 15.709 0.008
2187.69597 15.943 0.008
2190.70257 15.704 0.007
2191.67311 15.933 0.007
2192.67324 15.703 0.006
2193.69431 15.937 0.006
2194.66445 15.704 0.006
2203.56091 15.888 0.007
2206.61720 15.733 0.007
2211.65131 15.896 0.007
2212.65515 15.681 0.006
2213.66095 15.913 0.008
2214.65214 15.742 0.007
2215.65913 15.881 0.009
2217.64583 15.893 0.008
2219.68870 15.897 0.008
2222.73726 15.753 0.007
2224.72356 15.712 0.006
2226.64645 15.762 0.008
2228.56834 15.804 0.007
2229.62662 15.865 0.007
2231.65327 15.856 0.007
2232.52003 15.825 0.007
2233.62342 15.843 0.007
2235.67352 15.862 0.006
2238.55709 15.817 0.007
2240.66138 15.775 0.007
2242.62891 15.800 0.008
2248.61823 15.804 0.006
2250.58688 15.814 0.007
2253.58057 15.817 0.006
2255.61721 15.824 0.007
2258.58349 15.841 0.006
2263.59425 15.804 0.007
2266.58010 15.874 0.008
2271.57463 15.775 0.007
2273.57395 15.785 0.007
2275.60888 15.787 0.007
2276.56847 15.895 0.009
2278.60108 15.895 0.007
2280.59687 15.893 0.008
2284.59975 15.902 0.008
2290.61373 15.909 0.007
2293.57603 15.760 0.007
2295.56892 15.746 0.007
2297.57225 15.728 0.007
2299.57134 15.747 0.007
2445.92217 15.693 0.007
2460.89006 15.934 0.009
2463.92636 15.706 0.007
2467.91215 15.721 0.007
2469.91151 15.734 0.007
2471.90098 15.722 0.007
2472.93041 15.914 0.006
2473.91727 15.726 0.006
2481.91461 15.736 0.008
2483.89985 15.755 0.006
2486.89686 15.906 0.008
2488.89076 15.893 0.009
2488.89511 15.904 0.008
2489.93422 15.753 0.007
2492.91459 15.886 0.008
2496.91424 15.904 0.007
2497.93768 15.735 0.007
2498.78493 15.844 0.007
2499.87059 15.786 0.007
2500.87612 15.855 0.007
2501.86509 15.788 0.006
2502.84526 15.851 0.008
2508.75658 15.823 0.009
2516.78783 15.805 0.008
2517.83458 15.824 0.007
2518.80600 15.817 0.007
2519.84292 15.833 0.007
2520.80231 15.815 0.007
2521.83440 15.830 0.006
2524.83271 15.820 0.008
2526.78890 15.794 0.006
2534.84525 15.806 0.008
2535.82544 15.885 0.007
2537.71322 15.944 0.008
2538.80922 15.782 0.007
2539.71202 15.929 0.007
2540.75390 15.760 0.008
2541.72390 15.920 0.007
2542.69369 15.743 0.007
2544.67323 15.744 0.006
2545.68728 15.948 0.007
2547.70527 15.951 0.008
2548.72273 15.749 0.007
2550.71787 15.735 0.007
2551.70447 15.946 0.007
2552.72052 15.722 0.006
2554.71370 15.759 0.006
2555.72165 15.939 0.007
2556.70066 15.712 0.006
2557.71319 15.954 0.007
2558.66968 15.716 0.006
2559.62658 15.964 0.007
2560.65965 15.708 0.006
2562.67807 15.699 0.007
2563.68603 15.951 0.007
2564.70141 15.723 0.007
2565.69133 15.944 0.008
2566.67163 15.699 0.006
2568.70262 15.729 0.007
2571.65626 15.972 0.008
2573.66869 15.967 0.009
2574.65253 15.703 0.006
2576.68673 15.697 0.007
2577.63939 15.940 0.009
2578.63949 15.708 0.007
2579.64613 15.958 0.008
2580.65825 15.703 0.006
2583.62956 15.951 0.008
2584.63694 15.690 0.007
2586.63580 15.683 0.006
2587.61956 15.942 0.007
2588.72994 15.703 0.007
2589.61041 15.941 0.007
2590.62464 15.699 0.008
2591.64775 15.959 0.008
2593.61677 15.952 0.007
2594.62053 15.701 0.008
2596.59606 15.703 0.007
2597.58324 15.929 0.008
2598.66376 15.701 0.007
2599.61655 15.957 0.008
2607.63779 15.944 0.009
2610.55754 15.722 0.007
2613.55130 15.915 0.008
2615.58018 15.904 0.007
2619.56783 15.916 0.008
2621.57693 15.913 0.008
2625.55945 15.896 0.009
2632.55842 15.750 0.006
2636.55439 15.760 0.007
2639.55408 15.880 0.007
2642.56364 15.772 0.008
2646.57566 15.774 0.007
2651.54854 15.868 0.008
2654.56959 15.797 0.008
2657.56839 15.855 0.008
2660.57192 15.817 0.008
2671.56183 15.847 0.007
2673.57362 15.831 0.008
2676.53501 15.840 0.007
2679.54942 15.814 0.007
2682.55155 15.865 0.008
2777.91402 15.770 0.008
2804.88096 15.946 0.008
2811.91542 15.728 0.008
2814.95109 15.937 0.010
2817.93759 15.740 0.008
2830.91470 15.958 0.008
2831.79244 15.690 0.007
2832.75842 15.964 0.008
2832.93634 15.970 0.008
2833.87633 15.702 0.007
2835.88499 15.693 0.007
2837.88602 15.709 0.009
2838.94323 15.937 0.010
2840.83597 15.958 0.008
2843.83739 15.684 0.006
2844.88320 15.959 0.007
2845.92923 15.691 0.007
2849.86663 15.688 0.007
2850.89940 15.950 0.009
2851.94296 15.703 0.008
2852.81361 15.951 0.008
2854.83935 15.956 0.008
2856.82630 15.943 0.009
2858.92033 15.946 0.007
2860.88635 15.944 0.007
2861.75751 15.716 0.006
2862.93654 15.957 0.009
2863.84572 15.688 0.008
2865.84257 15.693 0.007
2866.89225 15.962 0.008
2867.83977 15.694 0.007
2869.91754 15.693 0.007
2870.82654 15.932 0.007
2871.86945 15.706 0.007
2875.81580 15.721 0.007
2876.78671 15.931 0.007
2879.75021 15.728 0.006
2883.83637 15.718 0.006
2885.77120 15.743 0.007
2888.81948 15.898 0.008
2892.81087 15.904 0.008
2894.74001 15.886 0.007
2896.73709 15.873 0.007
2898.75809 15.870 0.007
2900.75694 15.882 0.006
2902.75647 15.874 0.007
2905.76363 15.785 0.007
2907.76504 15.785 0.006
2909.75414 15.821 0.006
2911.74551 15.791 0.006
2915.71700 15.806 0.007
2917.74309 15.807 0.006
2921.74621 15.797 0.007
2923.76279 15.823 0.007
2925.72578 15.833 0.007
2927.72329 15.834 0.007
2930.74137 15.838 0.007
2932.74790 15.813 0.007
2934.72770 15.815 0.007
2937.65170 15.896 0.007
2939.70436 15.887 0.007
2940.64447 15.772 0.006
2941.69431 15.880 0.007
2942.64444 15.754 0.007
2943.61566 15.930 0.008
2944.60026 15.763 0.007
2945.61706 15.922 0.009
2947.62654 15.933 0.008
2949.60779 15.939 0.008
2950.65258 15.757 0.006
2951.63977 15.934 0.008
2952.66871 15.761 0.007
2954.69358 15.769 0.008
2956.63957 15.756 0.006
2958.63396 15.755 0.007
2961.60509 15.952 0.009
2965.64347 15.951 0.008
2968.60485 15.726 0.007
2970.62410 15.728 0.006
2972.60856 15.726 0.007
2974.63014 15.726 0.006
2976.55899 15.702 0.007
2978.58514 15.708 0.007
2980.60200 15.714 0.007
2982.54719 15.700 0.007
2984.63816 15.719 0.007
2986.64821 15.702 0.007
2988.54212 15.695 0.007
2991.61365 15.955 0.007
2994.59640 15.697 0.006
2997.56944 15.953 0.007
3001.58463 15.951 0.007
3005.54270 15.952 0.008
3008.56901 15.690 0.007
3011.57240 15.957 0.009
3016.59908 15.687 0.007
3018.58551 15.702 0.006
3020.61359 15.696 0.006
3021.62639 15.944 0.006
3023.58232 15.949 0.007
3025.58873 15.958 0.007
3027.61431 15.949 0.007
3029.58619 15.924 0.007
3031.59078 15.946 0.007
3033.59310 15.892 0.007
3037.54015 15.909 0.008
3164.94055 15.805 0.007
3183.92251 15.807 0.007
3193.89029 15.805 0.007
3196.86243 15.888 0.006
3197.92494 15.801 0.007
3199.92919 15.804 0.008
3201.88237 15.763 0.006
3203.89033 15.791 0.006
3206.82816 15.945 0.008
3210.90422 15.901 0.007
3211.89561 15.779 0.006
3215.67175 15.717 0.007
3216.73978 15.961 0.008
3217.94025 15.758 0.007
3218.93031 15.920 0.008
3222.87237 15.942 0.008
3223.84574 15.755 0.007
3226.83599 15.971 0.007
3229.84314 15.731 0.006
3231.82525 15.732 0.008
3239.80365 15.716 0.006
3240.80089 15.971 0.008
3241.82523 15.725 0.007
3242.72460 15.970 0.007
3243.86102 15.721 0.006
3244.83825 15.965 0.007
3245.78735 15.699 0.006
3247.77356 15.700 0.006
3249.73825 15.699 0.006
3251.75176 15.677 0.006
3254.73889 15.959 0.007
3257.75534 15.679 0.006
3259.67449 15.705 0.006
3261.71257 15.700 0.006
3263.69528 15.701 0.006
3265.72968 15.708 0.006
3267.71849 15.689 0.006
3269.81242 15.706 0.007
3270.75177 15.942 0.007
3271.67459 15.718 0.006
3272.73182 15.940 0.007
3274.71765 15.925 0.007
3276.72210 15.939 0.007
3277.76086 15.699 0.006
3279.69246 15.717 0.006
3281.65118 15.730 0.006
3283.65268 15.744 0.006
3287.61884 15.733 0.006
3289.62995 15.762 0.006
3293.60668 15.770 0.006
3295.62551 15.765 0.006
3297.60732 15.756 0.006
3299.66366 15.759 0.006
3301.63787 15.763 0.007
3303.70014 15.753 0.007
3306.63267 15.875 0.006
3308.62043 15.876 0.007
3310.61952 15.861 0.007
3314.57437 15.849 0.008
3320.61225 15.839 0.006
3323.55573 15.851 0.006
3327.56722 15.839 0.007
3330.56146 15.828 0.007
3335.60630 15.865 0.007
3349.60620 15.872 0.006
3353.58535 15.881 0.006
3359.56187 15.913 0.007
3363.56922 15.922 0.007
3367.62855 15.909 0.007
3372.55929 15.745 0.006
3376.53862 15.729 0.006
3378.60554 15.755 0.006
3386.57203 15.721 0.006
3390.58558 15.715 0.006
3398.56735 15.735 0.006
3402.55577 15.700 0.006
3541.94064 15.924 0.006
3547.92522 15.912 0.007
3554.93343 15.737 0.006
3561.85763 15.900 0.006
3564.91771 15.751 0.006
3568.84856 15.773 0.006
3570.82011 15.787 0.007
3571.81161 15.862 0.008
3573.85730 15.873 0.007
3574.88814 15.789 0.006
3577.84674 15.848 0.006
3578.90531 15.766 0.006
3579.81017 15.837 0.006
3581.85511 15.847 0.007
3581.87966 15.843 0.007
3582.83996 15.790 0.006
3583.84999 15.852 0.006
3586.81872 15.830 0.006
3588.83658 15.805 0.006
3589.83150 15.834 0.006
3591.88423 15.827 0.006
3593.87051 15.836 0.007
3596.90222 15.798 0.006
3601.81983 15.784 0.006
3607.82527 15.792 0.006
3614.79664 15.889 0.006
3617.77908 15.777 0.006
3619.70906 15.741 0.006
3621.72752 15.750 0.006
3624.87581 15.907 0.007
3626.72520 15.954 0.007
3629.67882 15.716 0.007
3631.74119 15.725 0.006
3633.71746 15.720 0.006
3637.66044 15.722 0.006
3639.71050 15.704 0.006
3641.70704 15.712 0.006
3643.73143 15.697 0.006
3646.67056 15.943 0.007
3650.66963 15.987 0.007
3650.69369 15.976 0.006
3651.74360 15.712 0.006
3653.73978 15.707 0.006
3655.70593 15.697 0.006
3657.65963 15.713 0.006
3658.67176 15.961 0.007
3659.65183 15.690 0.006
3660.67934 15.961 0.007
3663.57084 15.696 0.007
3665.64651 15.684 0.006
3668.58285 15.933 0.006
3669.71372 15.699 0.006
3671.64250 15.710 0.006
3673.68460 15.692 0.006
3675.66919 15.677 0.006
3681.65270 15.717 0.006
3683.65853 15.677 0.006
3685.66369 15.679 0.006
3687.66396 15.709 0.006
3689.61552 15.711 0.006
3692.58651 15.919 0.007
3694.57050 15.916 0.007
3696.57106 15.899 0.006
3698.60472 15.902 0.008
3700.61472 15.912 0.007
3702.59497 15.899 0.006
3704.60125 15.901 0.006
3706.62171 15.896 0.006
3708.59864 15.888 0.007
3711.60115 15.743 0.007
3714.53488 15.856 0.007
3718.61542 15.886 0.008
3721.56903 15.779 0.006
3724.57404 15.863 0.006
3726.59454 15.873 0.007
3728.56769 15.858 0.007
3734.57112 15.855 0.007
3737.58682 15.788 0.006
3742.54545 15.855 0.008
3746.57070 15.820 0.007
3751.55063 15.846 0.008
3756.56336 15.796 0.007
3761.61359 15.826 0.007
3766.53846 15.779 0.006
3772.56129 15.807 0.007
3776.56136 15.766 0.006
3871.88727 15.963 0.009
3901.94977 15.957 0.009
3906.95003 15.724 0.008
3913.92808 15.950 0.006
3918.89047 15.704 0.006
3931.92577 15.978 0.007
3934.86881 15.681 0.006
3936.87699 15.706 0.006
3938.86100 15.697 0.006
3944.90840 15.681 0.006
3946.87650 15.715 0.006
3951.89575 15.951 0.007
3955.86091 15.923 0.008
3958.84640 15.690 0.006
3960.83755 15.718 0.006
3963.83429 15.887 0.007
3965.82610 15.913 0.006
3967.86849 15.916 0.006
3969.81167 15.898 0.006
3971.78783 15.885 0.006
3974.78955 15.777 0.006
3979.75079 15.870 0.006
3980.62828 15.811 0.007
3981.65454 15.826 0.006
3983.84488 15.894 0.007
3987.79339 15.856 0.006
3990.80071 15.787 0.006
3993.74556 15.850 0.006
3995.75077 15.841 0.006
3999.76013 15.826 0.006
4002.73223 15.822 0.006
4004.68398 15.866 0.006
4006.71024 15.859 0.006
4007.57361 15.749 0.006
4008.58259 15.931 0.006
4009.75243 15.815 0.006
4013.70910 15.812 0.006
4016.70370 15.882 0.006
4018.71041 15.899 0.006
4019.70107 15.807 0.006
4021.68785 15.787 0.006
4024.66132 15.945 0.006
4026.64020 15.950 0.006
4028.63616 15.933 0.006
4030.64872 15.929 0.007
4032.70080 15.909 0.007
4037.67700 15.748 0.006
4039.61489 15.726 0.006
4041.61449 15.726 0.006
4043.60016 15.721 0.006
4046.60947 15.957 0.007
4048.57540 15.974 0.007
4050.61754 15.948 0.006
4052.56963 15.957 0.006
4054.62377 15.949 0.007
4056.59586 15.992 0.007
4058.62941 15.981 0.006
4060.52825 15.956 0.007
4064.52592 15.960 0.006
4066.56739 15.969 0.007
4069.52574 15.695 0.006
4073.60931 15.689 0.006
4077.53269 15.694 0.006
4079.53465 15.707 0.006
4082.53456 15.959 0.007
4085.57228 15.695 0.006
4092.56836 15.957 0.006
4096.59432 15.947 0.007
4100.59710 15.947 0.007
4105.56495 15.713 0.006
4108.54116 15.910 0.006
4113.61909 15.699 0.006
4120.58992 15.914 0.006
4132.57311 15.893 0.008
4252.93706 15.826 0.008
4255.85634 15.877 0.008
4268.90906 15.807 0.007
4275.93116 15.878 0.008
4279.82785 15.921 0.009
4282.81939 15.761 0.007
4283.87233 15.922 0.008
4285.92664 15.894 0.008
4291.94744 15.902 0.009
4292.86597 15.751 0.006
4295.87000 15.942 0.007
4296.89973 15.749 0.007
4297.93261 15.926 0.007
4299.86745 15.962 0.007
4300.88894 15.724 0.006
4301.90693 15.942 0.007
4302.92856 15.757 0.007
4306.92569 15.744 0.007
4307.90742 15.955 0.007
4308.66857 15.711 0.007
4308.87659 15.732 0.007
4310.84891 15.713 0.007
4311.83647 15.953 0.009
4312.91033 15.747 0.006
4314.92979 15.742 0.007
4316.83634 15.702 0.007
4319.87350 15.958 0.008
4320.90037 15.724 0.007
4326.84428 15.687 0.007
4327.82334 15.968 0.008
4328.83899 15.710 0.007
4329.84068 15.952 0.008
4330.86979 15.707 0.006
4333.87106 15.973 0.008
4338.91140 15.704 0.007
4340.78388 15.685 0.006
4341.77904 15.948 0.008
4342.83495 15.688 0.007
4343.77254 15.955 0.008
4344.75468 15.691 0.006
4345.80065 15.945 0.007
4347.78957 15.937 0.007
4349.80275 15.952 0.007
4351.83001 15.969 0.008
4353.76306 15.930 0.008
4359.70987 15.929 0.006
4361.71244 15.926 0.008
4362.73726 15.713 0.007
4364.59417 15.766 0.008
4367.69170 15.901 0.008
4370.68337 15.731 0.007
4372.74680 15.723 0.006
4376.66219 15.744 0.007
4378.62876 15.776 0.006
4379.65673 15.883 0.008
4380.76961 15.721 0.006
4382.69700 15.743 0.006
4386.67209 15.756 0.007
4388.67258 15.780 0.007
4390.68157 15.754 0.006
4393.65536 15.861 0.007
4395.69026 15.873 0.007
4398.65570 15.811 0.007
4400.67854 15.791 0.008
4403.70437 15.860 0.007
4407.64444 15.824 0.007
4408.69063 15.816 0.007
4410.71355 15.801 0.007
4415.69771 15.829 0.007
4418.60435 15.872 0.007
4422.66558 15.847 0.007
4424.66266 15.858 0.007
4427.54935 15.773 0.007
4429.59215 15.784 0.008
4431.57979 15.768 0.007
4433.58561 15.777 0.007
4435.57390 15.766 0.006
4437.66299 15.790 0.008
4439.57488 15.768 0.007
4441.61072 15.761 0.007
4443.60142 15.755 0.007
4449.65550 15.774 0.007
4451.61058 15.741 0.006
4453.59255 15.756 0.007
4456.59396 15.944 0.008
4459.54653 15.729 0.007
4464.58619 15.961 0.007
4465.55216 15.719 0.007
4470.57110 15.970 0.008
4474.60758 15.951 0.008
4476.58575 15.976 0.007
4479.61051 15.712 0.007
4481.59520 15.709 0.006
4484.61189 15.968 0.009
4487.63339 15.714 0.008
4609.90676 15.711 0.007
4643.89140 15.780 0.007
4649.94157 15.759 0.007
4655.93811 15.759 0.006
4661.90477 15.795 0.006
4662.78746 15.821 0.006
4662.90441 15.857 0.007
4663.75915 15.864 0.007
4663.94303 15.768 0.007
4665.83211 15.826 0.007
4665.92607 15.786 0.007
4666.91992 15.848 0.008
4670.91433 15.839 0.007
4671.82857 15.837 0.007
4672.88832 15.852 0.008
4675.90592 15.822 0.007
4681.88566 15.837 0.006
4683.88090 15.851 0.006
4685.86698 15.872 0.007
4688.81835 15.785 0.006
4690.74389 15.764 0.006
4691.74680 15.922 0.008
4693.90187 15.862 0.008
4696.87544 15.799 0.008
4698.76359 15.754 0.006
4699.75759 15.939 0.007
4700.79510 15.757 0.006
4701.80031 15.937 0.007
4702.86044 15.783 0.007
4703.75952 15.941 0.007
4704.77836 15.729 0.006
4705.78558 15.952 0.008
4707.77826 15.935 0.006
4708.84649 15.769 0.006
4710.76250 15.719 0.006
4716.76398 15.729 0.006
4719.77187 15.974 0.007
4721.76287 15.955 0.009
4724.77481 15.714 0.006
4726.67047 15.711 0.007
4729.68150 15.964 0.008
4731.77170 15.958 0.006
4734.75402 15.707 0.006
4739.66011 15.962 0.008
4741.68137 15.953 0.006
4741.73467 15.967 0.007
4747.60124 15.934 0.007
4749.60086 15.942 0.008
4753.66996 15.943 0.008
4755.66391 15.935 0.007
4757.64840 15.935 0.007
4759.66097 15.945 0.007
4761.63125 15.949 0.006
4763.64390 15.922 0.008
4766.61211 15.722 0.007
4769.65023 15.923 0.008
4771.56126 15.897 0.008
4773.68608 15.923 0.007
4775.67294 15.926 0.008
4777.60665 15.905 0.007
4779.64224 15.927 0.007
4783.57581 15.883 0.007
4785.60692 15.912 0.008
4789.54231 15.871 0.007
4790.62453 15.757 0.006
4791.62280 15.891 0.006
4793.52698 15.855 0.007
4795.54401 15.873 0.006
4797.53620 15.866 0.007
4798.59948 15.770 0.007
4800.64681 15.749 0.006
4803.53809 15.847 0.007
4804.58832 15.773 0.007
4806.59732 15.796 0.007
4808.55555 15.816 0.007
4810.56598 15.796 0.007
4813.60536 15.875 0.008
4815.58155 15.838 0.008
4817.59801 15.848 0.006
4819.59764 15.843 0.006
4821.63955 15.834 0.006
4823.60034 15.838 0.007
4825.62877 15.855 0.007
4833.56113 15.817 0.006
4835.58373 15.833 0.008
4839.60526 15.810 0.007
4842.57233 15.877 0.008
4844.58286 15.867 0.007
4847.63711 15.837 0.009
4849.59694 15.790 0.007
4853.59442 15.789 0.006
4856.58836 15.898 0.007
4865.56146 15.747 0.006
