2104.89131 16.136 0.008
2112.88493 16.190 0.008
2115.85334 15.931 0.008
2117.85246 16.248 0.008
2123.88981 15.976 0.008
2125.77530 16.232 0.011
2128.88941 16.274 0.011
2129.91730 16.191 0.008
2130.89438 16.116 0.008
2131.78333 15.983 0.008
2132.86620 15.952 0.008
2133.83913 16.006 0.008
2134.87657 16.160 0.009
2136.91299 16.321 0.009
2137.87070 16.247 0.009
2140.87506 16.007 0.008
2141.78529 15.973 0.008
2142.84341 16.076 0.008
2143.89442 16.236 0.008
2144.77445 16.265 0.008
2156.73554 16.025 0.008
2160.81515 16.259 0.009
2161.69400 16.256 0.009
2162.83241 16.285 0.008
2166.65542 15.995 0.008
2167.71152 16.121 0.008
2168.77385 16.254 0.008
2172.82463 16.159 0.008
2173.76811 16.028 0.007
2174.69449 15.918 0.007
2177.69998 16.298 0.008
2184.76123 15.987 0.008
2189.75115 16.164 0.010
2190.75129 16.054 0.008
2191.62525 15.928 0.008
2192.71867 15.942 0.007
2193.74590 16.101 0.008
2194.71057 16.278 0.008
2200.72562 15.906 0.007
2203.61354 16.285 0.008
2208.71002 15.945 0.008
2211.71655 16.266 0.009
2212.70240 16.288 0.008
2214.72320 16.187 0.009
2217.69695 15.930 0.008
2221.58562 16.216 0.008
2223.63571 16.107 0.008
2225.65333 15.924 0.007
2227.54660 16.309 0.010
2228.61457 16.297 0.008
2230.60166 16.196 0.008
2232.62194 16.053 0.008
2234.60730 15.955 0.008
2236.59643 16.286 0.008
2239.54532 16.168 0.008
2241.58888 15.993 0.008
2243.62712 15.966 0.008
2249.58992 16.051 0.007
2251.59349 15.933 0.007
2254.59100 16.299 0.008
2256.60920 16.188 0.009
2263.54769 16.278 0.008
2265.58304 16.148 0.008
2270.60748 16.257 0.008
2274.58831 16.138 0.009
2276.59904 15.963 0.008
2278.57572 16.186 0.008
2283.60585 16.106 0.008
2290.55906 16.207 0.008
2292.61882 16.100 0.008
2294.62684 15.948 0.008
2296.58713 16.279 0.011
2298.59568 16.261 0.010
2300.59484 16.122 0.008
2303.57471 16.004 0.008
2453.89994 16.284 0.011
2462.90368 16.317 0.009
2464.90428 16.272 0.008
2466.89669 16.109 0.009
2468.89270 15.935 0.008
2470.88191 16.271 0.008
2472.86434 16.307 0.008
2481.83471 16.230 0.010
2483.94946 16.146 0.012
2488.76954 16.310 0.010
2489.83181 16.250 0.008
2492.81352 16.039 0.008
2496.81202 16.305 0.008
2497.83435 16.319 0.009
2498.83453 16.240 0.008
2499.92227 16.216 0.008
2500.92797 16.165 0.008
2501.91864 16.062 0.008
2502.89454 15.966 0.008
2511.75888 16.065 0.009
2516.88421 16.219 0.009
2517.88475 16.147 0.008
2518.86062 16.067 0.008
2519.77201 15.948 0.008
2520.85234 15.996 0.008
2521.74219 16.317 0.009
2524.76779 16.216 0.010
2529.74962 16.261 0.008
2535.75593 15.984 0.008
2537.76243 16.102 0.009
2537.78140 16.074 0.009
2538.85911 16.167 0.009
2538.87027 16.137 0.010
2539.76085 16.323 0.009
2540.80463 16.310 0.011
2541.77623 16.228 0.008
2542.74264 16.126 0.008
2544.72207 15.947 0.008
2545.74001 15.992 0.008
2547.75404 16.313 0.009
2548.77156 16.305 0.009
2550.76662 16.197 0.008
2551.75405 16.123 0.008
2552.76918 16.032 0.008
2553.70997 15.986 0.008
2554.76247 16.064 0.008
2555.77038 16.296 0.008
2556.75032 16.337 0.008
2557.76193 16.298 0.008
2558.71839 16.212 0.008
2559.67612 16.126 0.008
2560.70856 16.045 0.008
2561.75403 15.967 0.008
2562.72671 15.959 0.008
2564.76206 16.305 0.010
2565.75540 16.288 0.009
2566.73027 16.227 0.009
2571.71361 16.090 0.008
2573.72184 16.312 0.011
2574.70936 16.282 0.008
2576.74854 16.181 0.009
2577.70696 16.070 0.009
2579.69954 15.988 0.008
2580.71114 16.207 0.009
2583.70406 16.252 0.010
2584.69064 16.173 0.008
2587.66902 15.961 0.008
2588.68163 16.101 0.008
2589.67376 16.295 0.008
2590.68225 16.324 0.009
2591.70952 16.300 0.009
2593.66653 16.138 0.008
2594.67350 16.044 0.008
2596.64750 16.035 0.010
2597.63452 16.264 0.009
2598.71291 16.305 0.009
2599.67649 16.298 0.010
2609.53682 16.153 0.009
2614.55095 16.312 0.009
2618.58252 16.151 0.008
2622.55927 16.246 0.008
2626.52316 16.156 0.010
2629.57216 15.964 0.008
2637.53282 15.979 0.009
2640.55600 16.312 0.009
2643.55864 16.207 0.008
2649.56167 16.337 0.009
2652.55054 16.165 0.009
2655.56187 15.952 0.009
2662.54587 16.048 0.009
2665.55888 16.242 0.009
2670.54816 16.106 0.010
2674.56395 16.293 0.009
2677.54752 16.223 0.010
2680.55465 15.976 0.008
2684.53103 16.315 0.012
2804.81655 16.085 0.010
2805.91193 16.152 0.011
2812.92691 15.961 0.008
2815.93731 16.325 0.009
2818.94963 16.192 0.011
2829.88391 15.960 0.008
2831.88477 16.245 0.009
2832.84878 16.327 0.009
2833.92586 16.334 0.011
2836.91498 16.114 0.009
2837.92923 16.034 0.010
2838.91687 15.961 0.008
2840.86561 16.308 0.009
2843.89486 16.216 0.008
2844.93097 16.176 0.008
2849.91567 16.319 0.009
2851.84264 16.237 0.010
2852.87579 16.180 0.010
2854.88714 16.015 0.008
2857.89451 16.292 0.009
2859.88179 16.305 0.009
2860.93415 16.266 0.009
2861.80607 16.113 0.008
2862.85477 16.057 0.008
2863.89380 15.991 0.009
2865.77912 16.287 0.009
2866.77510 16.325 0.010
2867.86563 16.299 0.009
2869.83501 16.194 0.009
2870.87464 16.121 0.008
2872.79856 15.962 0.008
2877.80751 16.210 0.008
2879.83014 16.059 0.008
2884.77898 16.307 0.008
2886.79184 16.169 0.008
2888.73504 15.961 0.008
2890.77350 16.176 0.010
2893.80222 16.298 0.009
2895.77613 16.132 0.008
2897.76066 15.950 0.008
2899.79298 16.225 0.008
2903.81198 16.191 0.008
2906.76035 15.968 0.008
2908.73811 16.322 0.008
2910.73238 16.268 0.009
2912.73819 16.134 0.008
2916.75105 16.257 0.008
2918.72808 16.301 0.009
2922.73101 16.000 0.008
2924.72726 16.160 0.009
2926.66268 16.306 0.009
2929.72403 16.141 0.008
2931.70153 15.948 0.008
2933.71211 16.280 0.008
2935.67620 16.294 0.009
2937.70569 16.178 0.009
2939.64100 15.962 0.008
2941.66822 16.234 0.008
2943.66442 16.308 0.009
2944.66693 16.258 0.010
2946.64699 16.088 0.008
2947.67478 16.026 0.009
2949.65565 16.089 0.008
2950.60712 16.290 0.008
2951.68820 16.338 0.010
2953.63619 16.217 0.009
2955.62078 16.047 0.009
2957.63705 16.009 0.008
2960.65470 16.310 0.008
2964.66733 16.070 0.008
2966.61112 16.138 0.008
2969.63639 16.306 0.009
2971.66324 16.172 0.008
2974.53797 16.129 0.008
2976.57108 16.333 0.009
2978.55897 16.222 0.010
2980.61378 16.119 0.009
2982.57853 15.969 0.008
2984.61163 16.310 0.010
2986.62192 16.307 0.009
2989.57343 16.059 0.008
2992.58957 16.233 0.009
2996.59491 16.191 0.008
2999.59176 15.945 0.008
3003.53597 16.290 0.011
3006.58289 16.075 0.008
3009.57497 16.214 0.010
3013.58744 16.208 0.009
3017.57612 16.053 0.008
3020.55089 16.309 0.008
3022.57855 16.179 0.008
3024.57761 16.002 0.008
3026.54789 16.201 0.008
3028.54864 16.334 0.009
3030.55242 16.199 0.008
3032.56952 16.058 0.008
3034.56906 16.017 0.008
3038.56012 16.252 0.010
3180.92303 16.126 0.008
3184.91487 16.273 0.009
3193.93903 16.322 0.009
3196.91001 16.219 0.008
3202.90251 16.330 0.008
3204.87256 16.255 0.009
3206.88541 16.096 0.008
3211.79684 16.302 0.009
3211.83372 16.323 0.009
3216.78761 15.998 0.008
3217.89176 16.017 0.009
3222.88037 16.209 0.009
3224.83434 15.988 0.007
3228.81224 16.332 0.009
3230.78979 16.186 0.008
3238.81682 16.235 0.008
3239.85618 16.200 0.008
3241.75836 15.970 0.008
3242.79428 16.007 0.008
3244.73129 16.325 0.011
3245.83510 16.336 0.009
3246.83208 16.305 0.009
3248.73687 16.093 0.008
3250.79782 15.980 0.007
3256.73450 16.138 0.008
3258.73372 15.976 0.008
3260.70720 16.297 0.008
3262.74308 16.323 0.008
3264.69485 16.159 0.008
3266.76575 16.037 0.008
3268.69924 16.223 0.008
3270.76306 16.359 0.009
3271.72685 16.307 0.008
3273.68569 16.135 0.008
3275.67610 16.007 0.009
3276.77017 15.986 0.008
3278.64862 16.337 0.009
3280.68227 16.232 0.008
3282.67738 16.080 0.007
3286.63603 16.316 0.008
3288.64974 16.270 0.008
3291.62488 16.018 0.008
3294.63670 16.309 0.008
3296.60401 16.286 0.008
3298.61292 16.138 0.007
3300.61346 15.990 0.008
3302.59458 16.273 0.008
3305.69054 16.287 0.008
3307.60708 16.107 0.009
3309.62782 15.969 0.007
3311.58342 16.324 0.008
3315.61692 16.160 0.008
3320.66038 16.319 0.008
3323.61708 16.219 0.008
3324.62681 16.140 0.008
3329.56031 16.337 0.008
3334.57654 15.982 0.009
3336.57242 16.256 0.008
3341.61938 16.160 0.008
3350.57511 16.092 0.008
3354.60713 16.314 0.008
3360.58700 15.971 0.008
3366.62661 16.216 0.008
3372.61109 16.342 0.008
3376.58686 16.068 0.008
3379.60433 16.195 0.008
3387.53977 16.170 0.010
3395.57213 15.970 0.008
3399.55899 16.319 0.010
3403.55008 16.001 0.008
3543.92865 15.990 0.008
3552.88122 15.998 0.008
3558.93322 16.183 0.008
3562.92772 16.170 0.008
3568.91921 16.053 0.008
3570.87899 16.126 0.008
3571.86759 16.302 0.009
3573.91344 16.341 0.012
3575.87255 16.168 0.008
3578.94273 15.973 0.008
3579.87031 16.215 0.007
3581.93929 16.348 0.008
3582.76761 16.230 0.008
3589.85005 16.354 0.008
3590.88033 16.326 0.008
3592.82198 16.153 0.007
3594.85931 15.984 0.007
3603.77079 15.992 0.007
3607.86348 16.314 0.008
3617.81975 16.210 0.008
3619.79565 16.034 0.007
3621.79275 16.139 0.008
3621.83820 16.025 0.007
3625.79111 16.248 0.008
3628.74130 15.984 0.008
3630.70790 16.330 0.008
3632.73681 16.324 0.009
3634.65036 16.157 0.008
3637.72455 15.997 0.008
3640.68996 16.347 0.008
3642.68790 16.217 0.009
3644.72077 16.044 0.007
3646.73447 16.056 0.008
3650.75019 16.284 0.008
3652.69861 16.098 0.008
3654.67186 16.040 0.008
3656.74548 16.330 0.008
3657.74887 16.354 0.008
3659.71063 16.211 0.010
3661.63724 16.029 0.008
3664.70733 16.275 0.008
3666.70634 16.326 0.008
3668.69062 16.181 0.008
3670.67125 15.991 0.008
3672.63145 16.245 0.008
3674.76332 16.346 0.008
3676.65668 16.216 0.008
3682.63024 16.312 0.010
3684.64379 16.234 0.008
3686.61336 16.088 0.008
3688.58621 16.085 0.008
3690.59979 16.343 0.009
3693.59795 16.198 0.008
3695.59396 16.015 0.008
3697.58448 16.185 0.008
3699.58424 16.339 0.008
3701.61830 16.248 0.008
3703.62334 16.083 0.007
3705.63368 15.981 0.007
3707.60023 16.356 0.008
3712.66087 16.066 0.008
3715.60180 16.289 0.008
3717.58050 16.307 0.009
3720.61626 16.091 0.008
3724.58554 16.328 0.008
3726.60590 16.283 0.008
3731.54575 16.124 0.008
3735.58476 16.247 0.008
3739.54729 16.014 0.008
3743.56135 16.313 0.009
3748.56496 16.066 0.009
3753.56200 16.179 0.009
3759.56684 16.339 0.009
3763.55169 16.075 0.008
3769.52949 16.245 0.009
3773.55541 15.962 0.008
3778.53016 16.230 0.009
3903.91387 16.102 0.008
3908.93708 16.340 0.008
3915.92721 16.266 0.008
3918.94655 16.299 0.009
3933.83823 16.370 0.008
3935.83466 16.255 0.008
3937.87255 16.119 0.008
3945.84197 16.147 0.008
3950.85993 16.356 0.008
3957.81541 16.249 0.010
3959.81521 16.363 0.009
3961.80020 16.216 0.009
3964.80731 15.988 0.007
3966.79980 16.327 0.008
3968.79309 16.338 0.008
3970.78467 16.183 0.007
3973.75561 16.052 0.008
3975.76892 16.344 0.008
3980.70139 15.995 0.008
3981.70132 15.998 0.007
3982.76571 16.124 0.008
3986.74276 16.245 0.008
3989.84545 16.072 0.008
3991.78365 16.196 0.008
3994.69541 16.270 0.008
3998.82285 16.006 0.007
4001.68997 16.348 0.008
4003.65355 16.209 0.008
4005.72848 16.088 0.007
4007.62706 16.194 0.008
4008.65241 16.325 0.008
4011.68006 16.268 0.008
4014.67808 16.027 0.008
4016.65924 16.229 0.008
4018.65564 16.359 0.008
4020.69489 16.271 0.008
4023.64508 15.990 0.008
4025.69327 16.246 0.008
4027.63354 16.342 0.008
4029.61572 16.180 0.008
4031.60266 16.003 0.008
4036.66146 16.306 0.008
4038.63459 16.167 0.008
4040.57287 16.019 0.008
4042.64173 16.303 0.008
4047.59589 16.107 0.008
4049.56851 16.054 0.007
4051.61811 16.328 0.008
4053.59255 16.282 0.008
4055.55812 16.140 0.009
4057.56120 15.988 0.008
4060.53947 16.357 0.008
4064.58464 16.101 0.007
4066.54197 16.066 0.008
4068.60613 16.347 0.008
4071.57408 16.221 0.008
4073.58098 16.080 0.008
4075.62602 16.028 0.008
4077.59847 16.361 0.008
4079.58192 16.280 0.008
4083.55305 16.016 0.008
4087.61113 16.323 0.008
4095.57518 16.350 0.008
4100.55264 16.015 0.008
4105.62933 16.285 0.008
4107.57044 16.075 0.007
4108.61651 16.042 0.007
4112.57082 16.354 0.008
4119.57283 16.318 0.008
4120.60363 16.350 0.008
4122.59225 16.275 0.008
4127.58452 16.158 0.008
4253.91012 16.278 0.011
4255.93022 16.156 0.010
4258.91100 16.028 0.009
4273.93109 16.094 0.009
4279.76005 16.187 0.012
4282.84662 15.989 0.008
4283.81474 16.035 0.009
4284.91651 16.057 0.009
4289.88735 16.168 0.009
4292.92079 15.955 0.008
4295.91462 16.335 0.009
4296.94892 16.300 0.011
4298.86796 16.123 0.009
4299.91140 16.039 0.008
4300.93363 15.964 0.008
4302.83412 16.320 0.008
4303.84287 16.336 0.009
4307.78346 16.012 0.008
4308.71461 16.011 0.008
4308.92201 16.038 0.008
4310.89373 16.147 0.009
4314.82422 16.190 0.009
4316.88410 16.049 0.008
4320.81579 16.327 0.009
4326.89401 15.947 0.008
4327.91583 16.054 0.009
4328.88574 16.294 0.010
4329.90175 16.340 0.009
4330.93472 16.311 0.012
4331.88373 16.240 0.010
4333.91789 16.095 0.008
4336.88035 16.228 0.010
4339.88820 16.276 0.010
4340.87306 16.209 0.009
4342.84586 16.009 0.008
4344.80636 16.205 0.008
4346.77971 16.336 0.009
4348.76342 16.185 0.008
4350.74023 16.009 0.008
4353.69846 16.340 0.010
4355.75712 16.286 0.010
4358.70029 16.020 0.008
4362.70807 16.340 0.010
4363.71533 16.307 0.010
4365.70475 16.171 0.010
4369.73884 16.119 0.009
4370.69891 16.323 0.010
4373.71055 16.204 0.008
4376.70898 15.977 0.008
4378.67583 16.298 0.009
4379.70745 16.335 0.010
4381.66612 16.223 0.010
4383.69478 16.085 0.008
4386.72093 16.124 0.008
4388.71956 16.338 0.010
4391.54270 16.026 0.008
4394.63694 16.139 0.008
4396.69979 16.338 0.009
4398.70262 16.260 0.009
4402.68763 15.965 0.008
4404.70426 16.308 0.010
4409.69185 16.061 0.008
4412.63657 16.296 0.010
4415.72768 16.299 0.009
4417.67765 16.123 0.008
4420.66443 16.127 0.008
4423.65459 16.301 0.009
4426.53616 15.987 0.009
4426.70813 16.087 0.009
4428.59508 16.102 0.009
4430.61503 16.347 0.009
4432.60089 16.238 0.008
4434.64233 16.100 0.008
4436.61896 15.973 0.008
4438.62685 16.313 0.010
4440.63273 16.276 0.009
4442.59419 16.129 0.008
4444.61869 15.992 0.008
4450.59697 16.173 0.009
4452.62891 16.020 0.008
4454.61014 16.133 0.008
4456.60500 16.334 0.010
4457.63385 16.311 0.009
4460.58248 16.060 0.008
4462.60742 16.003 0.008
4464.60201 16.324 0.008
4471.57530 16.129 0.008
4473.56327 16.322 0.010
4475.62657 16.256 0.009
4480.61057 16.190 0.008
4482.61277 16.306 0.010
4484.62308 16.221 0.011
4486.63488 16.055 0.009
4490.56405 16.325 0.009
4643.93743 16.081 0.008
4651.91386 16.115 0.008
4655.83480 16.329 0.008
4661.93348 16.016 0.008
4662.85710 16.056 0.008
4663.80575 16.310 0.010
4665.87885 16.315 0.010
4671.91278 16.046 0.008
4674.81754 16.283 0.010
4677.87663 16.075 0.008
4682.85098 16.322 0.010
4682.86198 16.341 0.009
4684.88906 16.215 0.008
4686.84909 16.017 0.007
4688.86525 16.072 0.007
4690.79073 16.328 0.009
4691.79396 16.266 0.008
4694.78393 16.047 0.009
4697.78471 16.270 0.010
4699.80553 16.310 0.008
4700.83952 16.276 0.008
4701.84727 16.202 0.008
4703.80657 16.012 0.008
4704.82495 15.967 0.008
4705.83265 16.101 0.009
4707.81385 16.318 0.009
4709.78448 16.220 0.008
4715.78945 16.326 0.009
4717.74408 16.287 0.008
4720.72309 15.972 0.008
4724.68740 16.325 0.009
4726.68146 16.187 0.008
4730.73583 16.094 0.008
4740.71326 16.341 0.008
4743.71097 16.206 0.008
4748.69710 16.305 0.008
4750.72981 16.313 0.010
4754.65540 15.982 0.008
4756.68554 16.220 0.009
4758.64512 16.330 0.008
4760.63182 16.181 0.008
4762.62181 16.013 0.008
4767.67808 16.310 0.008
4771.57236 15.963 0.008
4772.64296 16.010 0.008
4774.63938 16.322 0.009
4776.58982 16.229 0.009
4778.59213 16.086 0.008
4780.60981 15.974 0.008
4782.56160 16.327 0.009
4783.62330 16.322 0.009
4786.54429 16.109 0.008
4789.60740 16.033 0.008
4791.57163 16.338 0.008
4793.57834 16.252 0.008
4795.61263 16.126 0.008
4797.58574 15.976 0.008
4799.59218 16.316 0.009
4801.56877 16.287 0.008
4802.63552 16.255 0.008
4803.60793 16.164 0.008
4805.55045 15.961 0.008
4807.56901 16.265 0.010
4809.59406 16.305 0.008
4811.61601 16.194 0.008
4814.57376 15.972 0.008
4816.57599 16.310 0.008
4818.55385 16.285 0.009
4820.56803 16.155 0.008
4822.64080 16.027 0.008
4824.60972 16.139 0.008
4831.58585 15.967 0.008
4834.61944 16.310 0.011
4838.61868 16.123 0.008
4841.60122 16.111 0.008
4843.59868 16.328 0.010
4846.60441 16.155 0.008
4848.64071 16.001 0.008
4850.62819 16.169 0.008
4853.62392 16.266 0.009
4856.59966 16.045 0.008
4864.57731 16.066 0.008
4868.59707 16.318 0.009
4870.53656 16.257 0.010
4873.55220 16.014 0.008
