2088.91535 16.857 0.014
2103.92958 16.792 0.010
2104.94812 16.830 0.012
2123.77711 16.724 0.012
2124.79426 16.634 0.017
2128.78482 16.838 0.015
2130.78330 16.830 0.011
2131.90907 16.773 0.012
2136.81716 16.720 0.011
2142.81838 16.611 0.010
2156.78440 16.766 0.011
2160.69306 16.778 0.012
2162.72018 16.800 0.011
2166.71281 16.627 0.010
2168.68905 16.759 0.012
2172.70520 16.747 0.011
2173.68562 16.691 0.010
2174.79287 16.663 0.010
2184.65965 16.659 0.012
2185.62384 16.863 0.012
2187.75562 16.888 0.014
2188.63913 16.789 0.014
2190.64998 16.667 0.010
2191.74182 16.640 0.010
2192.62406 16.642 0.009
2194.61371 16.851 0.012
2195.67814 16.861 0.010
2201.62671 16.720 0.010
2203.66244 16.879 0.011
2204.61788 16.835 0.013
2211.59720 16.858 0.014
2212.60104 16.838 0.012
2213.60861 16.769 0.013
2214.59515 16.707 0.012
2217.59514 16.649 0.011
2228.52025 16.846 0.014
2229.52580 16.764 0.012
2231.52985 16.644 0.012
2233.53225 16.632 0.011
2235.51701 16.862 0.012
2237.53923 16.790 0.014
2458.90978 16.799 0.012
2465.88575 16.860 0.012
2467.85969 16.732 0.012
2469.85931 16.588 0.010
2471.86754 16.728 0.012
2473.84501 16.855 0.012
2483.81725 16.748 0.011
2486.83260 16.604 0.012
2488.82428 16.813 0.015
2489.88106 16.859 0.012
2492.86258 16.720 0.012
2496.86166 16.729 0.010
2497.88444 16.844 0.012
2498.88414 16.858 0.011
2499.81842 16.809 0.012
2500.82283 16.733 0.011
2501.81281 16.654 0.010
2502.79259 16.600 0.010
2503.80659 16.608 0.009
2511.81647 16.595 0.010
2516.84958 16.802 0.013
2517.77816 16.696 0.011
2518.75301 16.638 0.010
2520.75000 16.683 0.010
2526.73628 16.634 0.009
2535.88841 16.679 0.013
2539.66248 16.827 0.012
2542.64436 16.651 0.010
2544.62096 16.657 0.010
2545.63829 16.795 0.011
2548.67045 16.802 0.011
2550.66511 16.682 0.011
2551.65176 16.612 0.010
2552.66790 16.602 0.009
2554.66130 16.844 0.011
2555.66906 16.838 0.011
2556.64757 16.812 0.012
2557.66046 16.749 0.010
2558.61743 16.691 0.012
2559.57327 16.629 0.011
2560.60714 16.591 0.011
2561.63291 16.684 0.013
2562.62521 16.831 0.013
2563.63332 16.863 0.014
2564.64901 16.833 0.013
2565.63480 16.793 0.011
2566.62215 16.700 0.011
2568.62243 16.597 0.012
2573.61037 16.839 0.014
2574.60292 16.709 0.012
2575.61992 16.677 0.010
2576.59478 16.575 0.012
2577.58740 16.638 0.014
2578.57632 16.782 0.012
2579.59632 16.880 0.013
2580.58433 16.860 0.013
2583.57978 16.674 0.011
2584.58782 16.597 0.012
2586.72241 16.561 0.012
2587.56653 16.864 0.013
2589.55171 16.814 0.013
2590.57114 16.751 0.015
2591.57255 16.684 0.011
2593.56232 16.567 0.010
2594.56667 16.664 0.012
2596.54218 16.859 0.014
2597.53051 16.802 0.013
2598.57643 16.771 0.011
2599.55397 16.705 0.014
2606.62534 16.833 0.012
2617.61778 16.645 0.014
2635.54193 16.617 0.010
2653.55744 16.721 0.015
2664.55262 16.837 0.016
2672.54167 16.922 0.022
2675.53928 16.670 0.013
2681.54779 16.805 0.013
2777.86191 16.719 0.015
2804.94331 16.623 0.018
2820.93675 16.675 0.011
2831.73745 16.858 0.015
2833.74095 16.832 0.014
2837.83021 16.604 0.017
2843.94331 16.804 0.013
2845.82830 16.628 0.011
2877.75708 16.703 0.010
2883.78402 16.833 0.010
2885.71908 16.695 0.011
2888.76670 16.612 0.010
2892.75343 16.819 0.017
2899.74755 16.837 0.011
2902.70507 16.684 0.010
2907.70902 16.773 0.010
2915.66548 16.837 0.011
2937.59506 16.630 0.012
2940.59220 16.842 0.010
2943.60016 16.681 0.012
2945.58369 16.595 0.013
2947.56207 16.849 0.012
2955.57605 16.764 0.013
2979.53384 16.648 0.014
3197.87385 16.636 0.011
3204.86514 16.709 0.011
3206.93350 16.619 0.012
3218.79720 16.893 0.016
3223.78766 16.582 0.011
3226.78282 16.881 0.011
3229.78360 16.719 0.010
3230.84178 16.649 0.010
3240.75975 16.606 0.011
3242.67328 16.902 0.011
3244.78706 16.844 0.013
3245.72858 16.706 0.010
3246.72512 16.654 0.012
3247.71986 16.597 0.011
3248.72889 16.611 0.010
3250.76826 16.816 0.010
3253.72469 16.749 0.011
3261.68694 16.749 0.010
3263.68035 16.618 0.009
3265.71454 16.640 0.009
3267.69939 16.860 0.010
3271.62255 16.605 0.010
3272.66789 16.574 0.010
3274.66165 16.770 0.011
3276.65410 16.848 0.012
3277.65551 16.777 0.013
3278.70370 16.755 0.012
3280.64791 16.618 0.009
3282.64281 16.755 0.008
3286.60597 16.743 0.010
3288.62373 16.617 0.010
3292.59388 16.852 0.011
3294.61056 16.725 0.010
3296.57698 16.614 0.009
3297.55518 16.609 0.009
3299.61243 16.799 0.009
3301.58467 16.831 0.014
3306.57959 16.650 0.010
3308.56498 16.897 0.013
3310.56822 16.805 0.013
3320.55015 16.668 0.011
3321.55589 16.625 0.010
3324.54934 16.856 0.012
3329.53368 16.621 0.011
3544.92396 16.793 0.011
3552.92997 16.737 0.012
3560.93404 16.677 0.010
3564.84304 16.722 0.010
3570.69781 16.826 0.014
3572.90095 16.818 0.011
3574.82710 16.633 0.010
3576.81479 16.712 0.011
3578.84977 16.879 0.010
3580.82070 16.795 0.012
3582.75635 16.614 0.010
3583.79692 16.584 0.010
3585.82067 16.767 0.009
3589.79235 16.721 0.010
3591.79820 16.624 0.009
3594.79400 16.852 0.010
3597.83606 16.793 0.011
3601.75762 16.733 0.010
3603.83321 16.873 0.010
3608.77038 16.600 0.009
3615.78352 16.701 0.010
3618.78334 16.746 0.010
3620.81764 16.894 0.010
3622.76177 16.770 0.010
3626.66353 16.789 0.010
3629.73933 16.831 0.012
3631.69564 16.679 0.011
3636.73284 16.872 0.011
3638.70750 16.780 0.010
3641.65140 16.595 0.009
3646.60605 16.765 0.011
3648.61596 16.645 0.010
3651.68457 16.755 0.010
3653.65084 16.848 0.010
3655.64628 16.750 0.010
3657.58293 16.622 0.011
3659.59830 16.788 0.012
3660.61702 16.897 0.013
3662.66359 16.837 0.015
3664.63250 16.673 0.009
3666.63092 16.630 0.010
3669.62981 16.859 0.012
3671.57086 16.752 0.011
3673.62263 16.661 0.012
3675.61741 16.657 0.010
3681.56430 16.690 0.011
3683.59468 16.619 0.010
3685.59129 16.847 0.010
3687.59625 16.816 0.011
3689.54960 16.650 0.010
3691.56661 16.628 0.010
3693.55470 16.879 0.013
3695.65424 16.829 0.010
3697.65666 16.752 0.012
3699.57544 16.603 0.010
3701.53327 16.873 0.011
3703.55242 16.848 0.010
3705.55810 16.717 0.009
3707.54387 16.583 0.010
3711.53731 16.807 0.012
3713.53925 16.717 0.011
3716.56932 16.626 0.014
3720.55778 16.833 0.013
3722.54335 16.683 0.011
3725.55210 16.679 0.010
3727.54651 16.875 0.011
3732.56762 16.609 0.010
3736.55824 16.880 0.011
3741.54882 16.626 0.011
3747.54957 16.691 0.013
3752.54737 16.916 0.012
3758.55025 16.607 0.011
3763.53942 16.735 0.010
3771.53551 16.787 0.012
3775.54098 16.640 0.011
3779.55553 16.830 0.017
3870.87691 16.716 0.014
3900.92627 16.747 0.010
3904.93986 16.698 0.010
3917.90903 16.714 0.010
3921.86896 16.806 0.013
3931.85926 16.872 0.012
3933.88984 16.758 0.010
3935.88616 16.637 0.010
3937.84285 16.742 0.012
3944.86078 16.606 0.010
3946.82510 16.833 0.010
3951.84780 16.653 0.009
3955.80893 16.879 0.014
3958.79051 16.698 0.010
3960.79089 16.611 0.009
3963.78761 16.874 0.012
3965.77947 16.809 0.009
3967.79282 16.661 0.009
3969.76330 16.612 0.009
3971.74031 16.859 0.010
3974.74284 16.741 0.010
3979.69750 16.867 0.011
3980.57816 16.858 0.013
3981.60504 16.763 0.010
3983.86656 16.773 0.011
3987.73745 16.799 0.010
3990.73476 16.791 0.010
3993.68044 16.586 0.010
3995.69742 16.788 0.010
3999.70780 16.733 0.009
4002.68552 16.608 0.009
4004.63708 16.877 0.011
4006.65684 16.801 0.009
4007.65622 16.741 0.010
4008.53539 16.646 0.009
4009.64462 16.612 0.010
4013.65968 16.868 0.014
4015.63599 16.820 0.014
4017.65795 16.625 0.009
4019.64757 16.697 0.011
4021.64085 16.885 0.010
4024.61252 16.724 0.010
4026.59309 16.610 0.009
4028.58894 16.834 0.010
4030.59823 16.838 0.010
4032.62066 16.717 0.011
4037.56269 16.874 0.012
4039.56791 16.814 0.010
4041.55996 16.680 0.011
4043.55168 16.631 0.012
4045.61799 16.854 0.013
4047.54593 16.804 0.010
4048.52844 16.730 0.011
4050.52683 16.588 0.010
4052.52222 16.746 0.010
4056.54777 16.796 0.011
4058.53291 16.676 0.010
4061.52748 16.831 0.010
4065.56273 16.739 0.010
4067.55936 16.638 0.010
4070.53158 16.854 0.012
4072.55853 16.816 0.011
4075.57519 16.638 0.010
4078.56567 16.801 0.010
4080.57749 16.818 0.011
4083.59968 16.690 0.011
4087.55972 16.859 0.010
4093.57702 16.607 0.009
4099.57172 16.702 0.010
4102.58113 16.641 0.011
4111.55398 16.756 0.010
4124.54821 16.720 0.010
4132.55035 16.770 0.014
4252.88490 16.707 0.016
4272.94175 16.614 0.012
4278.91299 16.687 0.012
4279.86557 16.629 0.013
4282.76804 16.845 0.014
4282.93229 16.817 0.014
4283.92326 16.875 0.014
4285.88260 16.742 0.012
4289.93904 16.598 0.010
4293.86370 16.772 0.010
4296.85539 16.568 0.010
4297.88807 16.648 0.010
4298.93007 16.709 0.012
4300.84424 16.826 0.011
4301.86246 16.786 0.010
4302.87864 16.735 0.011
4303.89586 16.688 0.011
4307.84261 16.868 0.011
4307.93321 16.813 0.010
4308.62367 16.768 0.012
4309.85280 16.804 0.013
4310.80207 16.710 0.012
4311.79039 16.656 0.014
4312.86357 16.621 0.010
4314.88369 16.651 0.012
4316.78625 16.823 0.013
4326.79660 16.779 0.011
4327.77646 16.708 0.012
4328.79230 16.649 0.013
4330.83726 16.617 0.010
4334.86523 16.844 0.013
4340.86579 16.818 0.013
4341.72892 16.853 0.014
4342.75323 16.811 0.012
4343.72233 16.715 0.010
4344.72226 16.646 0.011
4345.75018 16.614 0.011
4347.73930 16.740 0.010
4349.73095 16.864 0.011
4351.68862 16.717 0.012
4354.71976 16.616 0.010
4356.72220 16.820 0.012
4358.75178 16.837 0.013
4361.67998 16.629 0.012
4363.56141 16.827 0.014
4367.64534 16.744 0.012
4371.66124 16.672 0.011
4377.69373 16.669 0.010
4379.60642 16.656 0.013
4380.69934 16.687 0.010
4381.71687 16.828 0.013
4384.67663 16.767 0.013
4387.69165 16.590 0.009
4390.63152 16.864 0.012
4392.65568 16.773 0.010
4395.61635 16.599 0.011
4397.67753 16.767 0.012
4399.71152 16.880 0.020
4403.61596 16.609 0.011
4408.61932 16.801 0.011
4411.63181 16.621 0.010
4416.64613 16.830 0.011
4421.58987 16.671 0.011
4424.64668 16.839 0.012
4426.60766 16.706 0.013
4428.54689 16.607 0.013
4430.58534 16.788 0.014
4432.59334 16.846 0.012
4434.59830 16.743 0.011
4436.57463 16.614 0.010
4438.59637 16.721 0.011
4440.57083 16.854 0.013
4442.55010 16.726 0.013
4450.58581 16.782 0.014
4453.54177 16.593 0.011
4456.54310 16.864 0.014
4463.55425 16.741 0.013
4474.59261 16.840 0.015
4476.64093 16.757 0.010
4480.57305 16.757 0.011
4482.58165 16.861 0.016
4486.58239 16.644 0.014
4490.59299 16.857 0.012
4609.85140 16.851 0.013
4628.94598 16.814 0.014
4638.91560 16.677 0.010
4652.89110 16.869 0.014
4662.75530 16.701 0.011
4663.70484 16.597 0.012
4664.72165 16.601 0.013
4665.78205 16.636 0.013
4666.86972 16.655 0.012
4670.86412 16.766 0.011
4671.86836 16.719 0.011
4672.83846 16.628 0.010
4675.84480 16.819 0.012
4681.83568 16.605 0.010
4684.84540 16.855 0.010
4685.81702 16.859 0.012
4687.85253 16.765 0.010
4689.72575 16.607 0.010
4690.69339 16.711 0.011
4691.69596 16.866 0.015
4693.85142 16.887 0.014
4696.77321 16.654 0.012
4698.71327 16.637 0.010
4700.74465 16.861 0.011
4701.69903 16.864 0.010
4702.71178 16.796 0.011
4703.70919 16.739 0.010
4704.72811 16.686 0.011
4705.69091 16.622 0.010
4708.79621 16.776 0.011
4710.70910 16.823 0.010
4716.71296 16.805 0.010
4719.70535 16.772 0.014
4725.68119 16.873 0.013
4728.70123 16.739 0.011
4731.69963 16.602 0.010
4734.68584 16.862 0.011
4743.66141 16.825 0.011
4748.65341 16.636 0.010
4750.65503 16.855 0.013
4754.61198 16.620 0.010
4756.62124 16.641 0.010
4758.60171 16.865 0.011
4760.58844 16.792 0.011
4762.56474 16.644 0.010
4766.56137 16.868 0.014
4768.69257 16.844 0.011
4771.64423 16.650 0.010
4773.59478 16.670 0.011
4775.61924 16.854 0.013
4776.63853 16.879 0.014
4778.64894 16.743 0.010
4781.54176 16.670 0.011
4782.61207 16.751 0.012
4785.55612 16.776 0.012
4786.59598 16.746 0.012
4788.57038 16.583 0.010
4790.55244 16.763 0.010
4792.52821 16.863 0.011
4794.53193 16.723 0.010
4796.58130 16.606 0.010
4798.54780 16.708 0.011
4800.54178 16.857 0.012
4802.56994 16.794 0.011
4804.54102 16.645 0.013
4806.57836 16.630 0.010
4808.60831 16.836 0.012
4810.53856 16.764 0.013
4812.55843 16.690 0.015
4814.54810 16.626 0.011
4817.54760 16.867 0.011
4819.54147 16.760 0.012
4821.59772 16.642 0.010
4823.56767 16.663 0.010
4825.58795 16.863 0.013
4832.54460 16.789 0.012
4834.57156 16.877 0.013
4836.57950 16.743 0.012
4838.55226 16.623 0.012
4842.55734 16.847 0.014
4844.55804 16.772 0.010
4847.61308 16.625 0.013
4849.56391 16.813 0.011
4853.56146 16.706 0.010
4854.56497 16.675 0.012
4864.56170 16.602 0.010
