2086.89595 18.045 0.035
2103.90274 18.040 0.022
2105.93288 18.015 0.027
2106.89851 18.032 0.029
2112.85090 17.987 0.024
2116.87865 18.058 0.025
2123.82559 18.075 0.032
2128.83308 18.032 0.033
2129.86507 18.006 0.030
2130.85146 17.957 0.026
2131.84555 17.977 0.029
2133.90217 18.117 0.038
2134.81762 18.015 0.032
2135.85167 18.085 0.031
2137.89885 18.152 0.035
2140.81893 18.146 0.027
2142.75883 18.063 0.026
2143.82431 18.062 0.029
2144.83102 17.992 0.021
2155.88621 18.026 0.043
2156.83283 18.103 0.034
2160.76221 18.125 0.034
2162.76904 18.124 0.028
2166.76361 18.024 0.022
2167.77210 18.018 0.025
2168.72127 18.006 0.025
2171.74714 17.979 0.022
2172.75380 17.965 0.024
2177.64731 18.011 0.024
2184.70893 18.053 0.033
2185.67243 18.108 0.034
2186.69728 18.009 0.036
2187.69245 17.962 0.031
2190.69904 18.035 0.028
2191.66960 17.957 0.025
2192.67007 17.981 0.021
2193.69113 17.987 0.020
2194.66127 17.935 0.022
2203.55773 18.026 0.030
2206.61402 18.029 0.038
2211.64811 17.943 0.025
2212.65193 17.999 0.029
2213.65776 17.972 0.029
2214.64895 17.988 0.035
2215.65592 18.001 0.028
2217.64262 18.038 0.035
2219.68549 18.095 0.036
2222.73404 18.031 0.034
2224.72034 18.006 0.029
2226.64324 18.009 0.036
2228.56514 17.983 0.028
2229.62340 17.946 0.028
2231.65005 17.943 0.028
2232.51680 18.035 0.037
2233.62020 18.022 0.034
2235.67030 18.010 0.024
2238.55386 18.009 0.031
2240.65814 18.003 0.029
2242.62567 18.063 0.036
2248.61498 17.907 0.022
2250.58362 17.973 0.026
2253.57727 17.977 0.024
2255.61392 18.065 0.030
2258.58020 18.063 0.025
2263.59094 18.022 0.025
2266.56690 17.976 0.029
2271.57128 17.947 0.027
2273.57061 18.082 0.040
2275.60553 18.101 0.035
2276.56511 18.105 0.040
2278.59768 18.057 0.034
2280.59351 18.023 0.034
2284.59640 18.009 0.034
2290.61035 18.066 0.033
2293.57263 18.115 0.035
2295.56548 18.152 0.035
2297.56878 18.098 0.038
2299.56785 18.069 0.036
2301.56013 18.017 0.041
2445.91870 17.949 0.030
2460.88634 18.047 0.042
2463.92265 17.985 0.025
2465.93545 17.980 0.024
2467.90844 18.022 0.029
2469.90781 18.042 0.024
2471.89728 18.079 0.029
2472.92672 18.018 0.023
2473.91360 18.081 0.023
2481.91095 17.955 0.034
2483.89619 17.946 0.021
2486.89319 17.968 0.031
2488.88711 18.082 0.038
2489.93058 18.107 0.039
2492.91096 18.043 0.027
2496.91065 18.013 0.028
2497.93406 17.950 0.028
2498.78132 18.037 0.027
2499.86697 17.985 0.024
2500.87250 18.016 0.026
2501.86149 17.960 0.022
2502.84166 17.973 0.028
2508.75298 17.994 0.045
2516.78426 18.072 0.034
2517.83102 18.011 0.027
2518.80243 18.026 0.029
2519.83936 17.971 0.025
2520.79873 18.002 0.029
2521.83085 17.971 0.022
2524.82913 17.989 0.034
2526.78534 17.993 0.021
2534.84173 18.072 0.033
2535.82191 18.006 0.026
2537.70967 18.088 0.036
2538.80568 17.981 0.033
2539.70876 18.031 0.030
2540.75035 17.967 0.037
2541.72067 17.953 0.024
2542.69046 18.004 0.024
2544.66971 17.972 0.023
2545.68403 17.953 0.023
2547.70201 17.972 0.028
2548.71919 18.014 0.023
2550.71433 18.073 0.027
2551.70097 18.040 0.023
2552.71703 18.098 0.024
2553.65768 18.041 0.035
2554.71018 18.080 0.025
2555.71812 18.100 0.027
2556.69716 18.085 0.027
2557.70969 18.016 0.020
2558.66615 18.071 0.026
2559.62306 18.117 0.030
2560.65612 18.024 0.025
2562.67456 17.984 0.028
2563.68252 18.002 0.024
2564.69787 17.970 0.026
2565.68809 17.992 0.030
2566.66836 17.942 0.026
2568.69938 17.992 0.035
2571.65275 18.004 0.032
2573.66544 18.079 0.039
2574.64927 18.103 0.028
2576.66256 18.068 0.032
2577.63615 18.063 0.038
2578.63623 18.039 0.028
2579.64287 17.977 0.030
2580.65499 17.990 0.024
2583.62630 18.024 0.035
2584.63367 17.989 0.030
2586.63252 17.992 0.029
2587.61599 17.989 0.027
2588.72439 18.050 0.028
2589.60687 17.988 0.027
2590.62107 17.990 0.031
2591.64418 18.126 0.032
2593.61321 18.057 0.027
2594.61699 18.111 0.037
2596.59251 18.122 0.036
2597.57967 18.021 0.034
2598.65353 17.974 0.029
2599.61299 18.061 0.036
2607.63421 17.997 0.034
2610.55396 17.996 0.033
2613.54776 18.058 0.033
2615.57663 18.086 0.029
2619.56428 18.038 0.033
2621.57331 18.058 0.030
2625.55586 18.062 0.043
2632.55505 18.067 0.027
2636.55079 18.024 0.035
2639.55069 18.001 0.026
2642.56002 17.947 0.035
2646.57224 18.036 0.032
2651.54486 18.074 0.042
2654.56616 18.086 0.035
2657.56494 17.952 0.033
2660.56465 17.946 0.031
2671.55835 18.035 0.032
2673.57015 18.154 0.043
2676.53151 18.064 0.038
2679.54590 17.988 0.029
2682.54778 17.968 0.035
2777.91025 17.995 0.036
2804.87723 17.983 0.037
2811.91173 18.088 0.041
2814.94739 17.966 0.034
2817.93394 18.002 0.035
2831.78880 18.051 0.039
2832.75478 18.055 0.033
2832.93272 17.925 0.025
2833.87270 18.035 0.037
2835.88137 18.004 0.028
2837.88243 17.951 0.042
2838.93959 17.989 0.043
2840.83235 17.963 0.031
2843.83379 17.993 0.026
2844.87960 18.067 0.025
2845.92561 18.119 0.034
2849.86306 18.062 0.030
2850.89581 18.010 0.032
2851.93937 17.975 0.037
2852.81001 18.056 0.034
2854.83577 17.980 0.027
2856.82273 17.977 0.034
2858.91679 18.028 0.024
2860.88277 17.995 0.023
2861.75397 17.966 0.022
2862.93297 18.086 0.037
2863.84219 18.016 0.039
2865.83904 18.094 0.030
2866.88873 18.034 0.033
2867.82873 18.063 0.025
2868.77641 18.054 0.028
2869.90995 17.996 0.029
2870.82299 18.030 0.024
2871.86593 18.036 0.027
2875.81228 18.007 0.028
2879.74672 17.955 0.020
2883.83287 18.075 0.025
2885.76768 18.084 0.026
2888.81600 18.046 0.038
2892.80738 18.029 0.034
2894.73654 18.009 0.032
2896.73363 17.980 0.024
2898.75461 17.969 0.025
2900.75346 17.989 0.020
2902.75299 18.013 0.023
2905.76018 18.096 0.031
2907.76157 18.059 0.022
2909.75069 18.036 0.020
2911.74203 17.985 0.019
2915.71354 17.995 0.024
2917.73964 17.988 0.021
2921.73740 18.025 0.027
2923.75933 18.045 0.032
2925.72232 18.070 0.025
2927.71983 18.074 0.033
2930.73790 17.990 0.028
2932.74443 18.028 0.028
2934.72423 17.933 0.021
2939.70090 18.006 0.027
2940.64099 17.967 0.020
2941.69084 18.021 0.021
2942.64098 17.978 0.026
2943.61217 18.056 0.032
2944.59678 17.989 0.023
2945.61356 17.956 0.037
2947.62306 18.052 0.029
2949.60432 18.079 0.028
2950.64910 17.990 0.024
2951.63628 18.026 0.032
2952.66522 18.014 0.032
2954.69012 17.976 0.035
2956.63608 17.944 0.020
2958.63048 17.974 0.029
2961.60159 18.026 0.039
2965.63998 18.075 0.029
2968.60132 18.116 0.031
2970.62058 17.969 0.026
2972.60506 18.001 0.027
2974.62664 17.993 0.024
2976.55549 17.955 0.028
2978.58159 18.025 0.034
2980.59847 18.010 0.035
2982.54365 18.006 0.034
2984.63456 18.062 0.031
2986.64467 18.013 0.031
2988.53701 18.106 0.038
2991.61008 17.975 0.026
2994.59280 17.988 0.027
2997.56587 18.003 0.025
3001.58104 18.065 0.029
3005.53908 18.072 0.035
3008.56540 18.054 0.036
3011.56879 17.981 0.036
3016.59542 18.010 0.033
3018.58187 18.020 0.029
3020.60993 18.082 0.028
3021.62273 18.073 0.021
3023.57864 18.088 0.027
3025.57713 17.972 0.028
3027.61064 17.987 0.027
3029.58252 18.045 0.028
3031.58708 17.937 0.022
3033.58943 18.002 0.025
3037.53647 18.017 0.034
3164.93685 18.032 0.030
3183.91885 18.097 0.030
3193.88663 18.187 0.043
3195.94584 18.045 0.029
3197.92134 18.120 0.029
3201.87876 18.038 0.024
3203.88672 18.012 0.020
3210.90063 17.997 0.025
3211.89205 18.023 0.025
3215.66817 18.096 0.040
3216.73621 18.048 0.037
3217.93669 18.058 0.034
3218.92611 18.059 0.043
3223.84218 18.066 0.032
3226.83247 18.056 0.035
3229.83962 17.948 0.020
3231.82173 17.990 0.035
3239.80013 18.072 0.026
3240.79737 18.092 0.033
3241.82174 18.073 0.030
3242.72110 18.058 0.031
3243.85752 17.984 0.032
3244.83473 17.988 0.031
3245.78386 18.021 0.030
3246.77628 18.050 0.035
3247.77007 17.977 0.027
3249.73476 17.986 0.027
3254.73543 17.944 0.021
3257.75185 17.993 0.020
3259.67103 17.983 0.024
3261.70910 18.071 0.021
3263.69180 18.042 0.020
3265.72622 17.995 0.020
3267.71503 18.016 0.025
3270.74832 17.966 0.025
3271.67112 18.011 0.029
3272.72833 17.989 0.024
3274.71421 17.972 0.027
3276.71864 17.999 0.031
3277.75741 18.080 0.028
3279.68899 18.036 0.023
3281.64774 17.995 0.022
3283.64922 18.062 0.020
3287.61539 18.054 0.026
3289.62648 17.988 0.024
3293.60324 17.944 0.020
3295.62205 17.951 0.018
3297.60385 17.996 0.019
3299.66019 18.044 0.019
3301.63441 18.097 0.031
3303.69667 18.001 0.030
3306.62921 18.018 0.019
3308.61696 17.970 0.031
3310.61607 18.031 0.026
3312.66011 17.970 0.023
3314.57091 18.010 0.039
3320.60877 18.039 0.023
3323.55224 18.049 0.027
3327.56371 18.012 0.025
3330.55797 17.995 0.029
3335.60278 18.058 0.034
3338.60638 18.030 0.023
3349.60268 17.960 0.022
3353.58180 18.044 0.026
3359.55830 18.066 0.029
3363.56565 18.086 0.032
3367.62496 17.957 0.025
3372.55568 17.990 0.025
3376.53500 18.059 0.028
3378.60190 18.018 0.029
3386.56837 18.006 0.021
3390.58191 18.022 0.030
3398.56367 18.026 0.029
3402.55205 17.999 0.021
3541.93700 18.035 0.023
3547.92158 17.991 0.025
3554.92979 18.032 0.026
3560.95196 17.913 0.032
3564.91411 18.008 0.020
3568.84499 18.046 0.025
3570.78569 18.022 0.036
3571.80804 18.098 0.043
3573.84553 18.028 0.031
3574.88455 18.050 0.026
3577.84320 18.135 0.027
3578.90176 18.029 0.021
3579.80661 18.026 0.023
3581.85156 17.995 0.024
3581.87612 18.060 0.029
3582.83643 17.983 0.033
3583.84645 17.938 0.020
3586.81520 17.954 0.019
3588.83307 17.975 0.021
3589.82798 18.015 0.022
3591.88071 18.055 0.019
3593.81826 18.023 0.027
3596.89873 18.016 0.021
3601.81635 17.980 0.024
3607.82179 18.039 0.021
3614.79320 18.051 0.019
3617.77564 18.028 0.020
3619.70562 18.054 0.022
3621.72409 17.930 0.020
3624.87238 18.017 0.032
3626.72177 17.969 0.024
3629.67536 17.951 0.031
3631.73775 18.007 0.033
3633.71404 18.050 0.035
3637.65701 18.009 0.027
3639.70708 17.971 0.017
3641.70363 18.033 0.022
3643.72800 17.971 0.020
3646.66294 18.038 0.026
3650.66619 18.011 0.027
3650.69027 18.045 0.024
3651.74017 18.117 0.023
3653.73634 18.060 0.023
3655.70250 18.041 0.021
3657.65620 18.049 0.022
3658.66833 18.017 0.025
3659.64772 18.026 0.030
3660.67591 18.043 0.033
3663.56740 18.077 0.037
3665.64309 17.943 0.024
3668.57944 17.956 0.022
3669.71027 18.076 0.027
3671.63906 18.058 0.022
3673.68117 18.067 0.029
3675.66576 18.044 0.024
3683.65507 17.984 0.022
3685.66022 17.964 0.022
3687.66051 18.048 0.028
3689.61206 18.053 0.027
3692.58306 18.042 0.029
3694.56706 18.116 0.037
3696.56758 18.097 0.022
3698.60124 18.036 0.033
3700.58216 18.008 0.031
3702.59148 17.987 0.026
3704.59775 17.976 0.024
3706.61821 17.977 0.020
3708.59106 18.014 0.028
3711.59766 18.123 0.029
3714.53138 18.160 0.036
3718.61190 18.025 0.035
3721.56549 18.024 0.026
3724.57048 17.950 0.022
3726.59100 18.086 0.027
3728.56412 18.012 0.025
3734.56755 18.087 0.029
3737.58323 17.971 0.024
3742.54187 18.026 0.036
3746.56710 17.986 0.033
3751.54698 18.080 0.043
3766.53479 18.117 0.028
3772.55762 17.988 0.032
3776.55766 18.015 0.028
3871.88353 18.093 0.041
3901.94609 17.984 0.032
3906.94641 18.038 0.028
3913.92444 18.018 0.019
3918.88686 17.965 0.022
3931.92218 18.015 0.029
3934.86522 17.999 0.020
3936.87342 17.972 0.022
3938.85743 17.956 0.024
3944.90483 18.048 0.022
3946.87297 18.032 0.022
3951.89229 17.963 0.022
3955.85742 17.940 0.031
3958.84295 17.970 0.029
3960.83410 17.986 0.020
3963.83085 18.052 0.036
3965.82268 18.049 0.017
3967.86502 18.055 0.020
3969.80822 18.141 0.026
3971.78439 18.028 0.020
3974.78615 18.002 0.023
3979.74737 17.988 0.023
3980.62485 18.042 0.035
3981.65114 17.993 0.020
3983.84147 18.158 0.031
3987.78999 18.081 0.026
3990.79732 17.974 0.020
3993.74216 17.962 0.025
3995.74741 18.021 0.020
3999.75673 18.003 0.020
4002.72884 18.003 0.019
4004.68061 18.004 0.020
4006.70686 18.051 0.019
4007.57021 17.935 0.022
4008.57919 17.973 0.021
4009.74901 18.024 0.026
4013.70571 17.993 0.024
4016.70031 17.958 0.021
4018.70703 17.959 0.023
4019.69768 17.972 0.030
4021.68446 17.995 0.020
4024.65795 18.054 0.020
4026.63683 18.063 0.022
4028.63278 18.030 0.020
4030.64534 18.116 0.024
4032.69744 18.038 0.030
4037.67362 17.965 0.020
4039.61153 17.995 0.021
4041.61110 17.923 0.028
4043.59677 17.979 0.028
4046.60608 18.060 0.029
4048.57201 18.093 0.034
4050.61410 18.016 0.023
4052.56622 18.079 0.022
4054.62038 18.078 0.032
4056.59244 18.064 0.031
4058.62602 17.944 0.022
4060.52482 18.039 0.027
4064.52249 18.040 0.020
4066.56397 18.042 0.021
4069.52231 18.090 0.031
4073.60586 17.984 0.027
4077.52923 18.014 0.024
4079.53117 18.039 0.031
4082.53109 17.993 0.028
4085.56880 18.077 0.025
4092.56486 18.014 0.021
4096.59080 17.959 0.025
4100.59357 18.048 0.032
4105.56139 18.065 0.031
4108.53763 17.972 0.022
4113.61552 18.026 0.024
4120.58634 18.104 0.023
4252.93338 17.954 0.034
4255.85269 18.006 0.035
4268.90567 17.992 0.027
4275.92780 18.034 0.031
4279.82448 18.011 0.043
4282.81603 18.025 0.032
4283.86899 18.115 0.036
4285.92330 18.030 0.032
4291.94412 17.954 0.036
4292.86263 17.943 0.021
4295.86669 17.993 0.023
4296.89641 18.026 0.024
4297.92929 18.091 0.024
4299.86414 18.034 0.022
4300.88564 18.062 0.024
4301.90363 18.058 0.020
4302.92524 17.996 0.034
4306.92239 17.969 0.025
4307.90414 17.958 0.020
4308.66530 18.085 0.034
4308.87330 17.955 0.026
4310.84566 17.997 0.029
4311.83321 18.007 0.047
4312.90708 18.048 0.021
4314.92654 18.090 0.035
4316.83308 18.058 0.030
4319.87026 18.084 0.032
4320.89715 18.011 0.031
4326.84105 17.986 0.028
4327.81987 18.010 0.039
4328.83551 18.004 0.029
4329.83745 17.979 0.027
4330.86633 17.953 0.022
4333.86761 18.060 0.027
4338.90798 18.010 0.033
4340.78046 18.049 0.029
4341.77563 18.030 0.035
4342.83151 17.984 0.034
4343.76913 18.000 0.026
4344.75128 18.069 0.028
4345.79723 18.005 0.026
4347.78617 17.951 0.023
4349.79936 17.979 0.025
4351.82660 18.029 0.027
4353.75966 17.997 0.026
4357.70854 18.037 0.030
4359.70648 18.037 0.023
4361.70904 18.062 0.032
4362.73386 18.080 0.031
4364.59079 18.014 0.036
4367.68831 18.018 0.033
4370.67999 18.008 0.031
4372.74342 17.964 0.021
4376.65880 17.992 0.025
4378.62539 18.035 0.030
4379.65336 17.997 0.035
4380.76622 18.030 0.025
4382.69365 18.113 0.026
4386.66871 18.020 0.025
4388.66921 18.004 0.025
4390.67819 17.970 0.021
4393.65199 18.001 0.027
4395.68687 18.042 0.031
4398.65231 18.010 0.033
4400.67516 18.113 0.034
4403.70098 18.049 0.030
4407.64105 18.035 0.028
4408.68724 17.979 0.029
4410.71015 17.995 0.027
4415.69431 18.111 0.030
4418.60096 18.066 0.024
4422.66218 18.001 0.025
4424.65925 17.987 0.026
4427.54593 18.010 0.031
4429.57188 18.123 0.052
4431.57634 17.905 0.030
4433.58218 18.014 0.032
4435.57049 17.965 0.026
4437.65954 18.033 0.036
4439.57139 18.111 0.035
4441.60725 18.061 0.032
4443.59796 18.025 0.032
4449.65198 18.045 0.029
4451.60709 17.990 0.025
4453.58907 18.049 0.032
4456.59046 18.155 0.039
4459.54303 18.130 0.035
4464.58268 18.009 0.025
4465.54863 17.984 0.028
4470.56754 18.002 0.031
4474.60401 18.096 0.044
4476.58217 18.104 0.028
4479.60695 18.050 0.035
4481.59163 18.029 0.036
4484.60831 17.973 0.042
4487.62981 18.027 0.048
4609.90308 18.017 0.035
4643.88780 18.013 0.034
4649.93801 18.051 0.030
4655.94978 18.012 0.034
4661.90120 17.967 0.025
4662.78390 18.068 0.023
4662.90085 17.942 0.021
4663.75560 18.070 0.034
4663.93950 17.972 0.031
4665.82860 17.930 0.031
4665.92253 18.005 0.034
4666.91639 18.021 0.031
4670.91082 18.073 0.026
4671.82506 18.060 0.027
4672.88480 18.100 0.030
4675.90243 17.994 0.030
4681.88217 17.973 0.020
4683.87741 17.989 0.020
4685.86351 17.964 0.025
4688.81488 17.993 0.023
4690.74042 17.991 0.022
4691.74334 18.024 0.034
4693.89842 18.008 0.036
4696.84835 18.063 0.041
4698.76015 18.044 0.021
4699.75416 18.042 0.026
4700.79165 17.988 0.022
4701.79687 17.978 0.024
4702.85700 18.018 0.031
4703.75609 18.015 0.025
4704.77492 18.025 0.024
4705.78216 17.952 0.025
4707.77483 17.994 0.020
4708.84309 18.075 0.024
4710.75907 18.077 0.025
4716.76058 18.071 0.024
4719.75274 18.061 0.038
4721.74173 17.898 0.045
4724.77142 17.963 0.025
4726.66708 17.982 0.031
4729.67811 18.034 0.028
4731.76830 18.122 0.021
4734.75064 18.061 0.021
4739.65672 18.097 0.029
4741.73127 17.977 0.019
4747.59786 18.000 0.030
4749.59748 18.024 0.034
4753.66659 18.145 0.035
4755.66055 18.052 0.024
4757.64500 18.043 0.023
4759.65758 18.009 0.022
4761.62788 18.001 0.019
4763.64051 17.997 0.031
4766.60874 17.974 0.032
4769.64680 18.030 0.033
4771.55783 17.942 0.035
4773.68268 18.049 0.026
4775.66955 18.014 0.034
4777.60326 18.144 0.033
4779.63887 17.980 0.026
4781.58876 18.065 0.032
4783.57239 17.936 0.027
4785.60350 17.966 0.033
4789.53890 18.000 0.032
4790.62111 18.051 0.021
4791.61938 18.067 0.021
4793.52353 18.080 0.029
4795.54057 18.057 0.022
4797.53278 18.034 0.027
4798.59605 18.008 0.037
4800.64337 18.016 0.026
4803.53467 17.965 0.030
4804.58487 18.055 0.034
4806.59386 18.045 0.028
4808.55212 18.046 0.031
4810.56253 18.033 0.030
4813.60190 18.072 0.033
4815.57807 18.142 0.035
4817.59453 18.036 0.024
4819.59415 17.988 0.024
4821.63602 18.009 0.022
4823.59680 18.041 0.027
4825.62526 18.130 0.031
4833.55760 18.086 0.030
4835.58019 18.050 0.034
4839.60169 17.976 0.034
4842.56876 17.930 0.033
4844.57929 18.023 0.025
4847.63353 18.044 0.044
4849.59337 18.049 0.028
4853.59080 17.998 0.029
4856.58475 17.938 0.025
4865.55783 18.103 0.031
