2086.89971 17.599 0.022
2103.90643 17.764 0.017
2105.93657 17.710 0.021
2106.90218 17.744 0.024
2112.85456 17.573 0.016
2116.88230 17.778 0.020
2123.82923 17.626 0.022
2128.83670 17.575 0.023
2129.86869 17.752 0.022
2130.85510 17.642 0.020
2131.84916 17.712 0.025
2132.81695 17.741 0.026
2133.90577 17.586 0.024
2134.82124 17.691 0.024
2135.85527 17.671 0.021
2137.90211 17.759 0.026
2140.82253 17.737 0.020
2142.76206 17.739 0.020
2143.82757 17.626 0.020
2144.83426 17.680 0.017
2155.88975 17.778 0.035
2156.83639 17.660 0.023
2160.76576 17.707 0.022
2162.77260 17.613 0.017
2166.76716 17.759 0.018
2167.77563 17.579 0.019
2168.72483 17.719 0.020
2172.75738 17.627 0.019
2177.65084 17.781 0.023
2184.71246 17.731 0.026
2185.67596 17.741 0.026
2186.70081 17.672 0.029
2187.69597 17.760 0.026
2190.70257 17.694 0.023
2191.67311 17.612 0.019
2192.67324 17.759 0.018
2193.69431 17.627 0.016
2194.66445 17.673 0.019
2203.56091 17.760 0.023
2206.61720 17.792 0.031
2211.65131 17.792 0.024
2212.65515 17.662 0.021
2213.66095 17.766 0.026
2214.65214 17.645 0.025
2215.65913 17.683 0.033
2217.64583 17.597 0.024
2219.68870 17.667 0.027
2222.73726 17.594 0.024
2224.72356 17.722 0.022
2226.64645 17.827 0.032
2228.56834 17.668 0.024
2229.62662 17.743 0.023
2231.65327 17.777 0.025
2232.52003 17.799 0.028
2233.62342 17.659 0.020
2235.67352 17.599 0.017
2238.55709 17.600 0.021
2240.66138 17.616 0.020
2242.62891 17.768 0.029
2248.61823 17.647 0.018
2250.58688 17.775 0.022
2253.58057 17.713 0.020
2255.61721 17.742 0.023
2258.58349 17.832 0.019
2263.59425 17.781 0.023
2266.58010 17.726 0.026
2271.57463 17.678 0.023
2273.57395 17.769 0.029
2275.60888 17.724 0.024
2276.56847 17.774 0.033
2278.60108 17.750 0.025
2280.59687 17.652 0.023
2284.59975 17.740 0.026
2290.61373 17.615 0.020
2293.57603 17.626 0.023
2295.56892 17.613 0.021
2297.57225 17.714 0.026
2299.57134 17.788 0.029
2445.92217 17.615 0.022
2460.89006 17.728 0.030
2463.92636 17.612 0.020
2467.91215 17.774 0.022
2469.91151 17.691 0.020
2471.90098 17.627 0.020
2472.93041 17.783 0.018
2473.91727 17.678 0.017
2481.91461 17.635 0.026
2483.89985 17.740 0.018
2486.89686 17.713 0.027
2488.89076 17.769 0.029
2488.89511 17.776 0.029
2489.93422 17.630 0.025
2492.91459 17.640 0.022
2496.91424 17.745 0.022
2497.93768 17.608 0.025
2498.78493 17.676 0.020
2499.87059 17.753 0.022
2500.87612 17.660 0.019
2501.86509 17.767 0.019
2502.84526 17.662 0.025
2508.75658 17.654 0.032
2516.78783 17.673 0.025
2517.83458 17.764 0.022
2518.80600 17.614 0.022
2519.84292 17.796 0.021
2520.80231 17.756 0.024
2521.83440 17.686 0.017
2524.83271 17.740 0.027
2526.78890 17.613 0.016
2534.84525 17.647 0.024
2535.82544 17.773 0.023
2537.71322 17.675 0.026
2538.80922 17.724 0.025
2539.71202 17.628 0.021
2540.75390 17.705 0.028
2541.72390 17.770 0.023
2542.69369 17.637 0.020
2544.67323 17.753 0.019
2545.68728 17.717 0.020
2547.70527 17.608 0.020
2548.72273 17.755 0.021
2550.71787 17.627 0.021
2551.70447 17.777 0.020
2552.72052 17.635 0.018
2554.71370 17.771 0.020
2555.72165 17.632 0.018
2556.70066 17.783 0.019
2557.71319 17.658 0.016
2558.66968 17.627 0.019
2559.62658 17.775 0.022
2560.65965 17.619 0.018
2562.67807 17.731 0.023
2563.68603 17.633 0.019
2564.70141 17.792 0.024
2565.69133 17.640 0.022
2566.67163 17.699 0.021
2568.70262 17.645 0.026
2571.65626 17.663 0.024
2573.66869 17.586 0.028
2574.65253 17.715 0.020
2576.68673 17.604 0.022
2577.63939 17.765 0.030
2578.63949 17.754 0.023
2579.64613 17.675 0.025
2580.65825 17.801 0.021
2583.62956 17.768 0.027
2584.63694 17.626 0.021
2586.63580 17.660 0.019
2587.61956 17.706 0.022
2588.72994 17.707 0.022
2589.61041 17.595 0.020
2590.62464 17.725 0.029
2591.64775 17.674 0.023
2593.61677 17.795 0.023
2594.62053 17.574 0.026
2596.59606 17.767 0.028
2597.58324 17.596 0.025
2598.66376 17.777 0.024
2599.61655 17.666 0.026
2607.63779 17.551 0.024
2610.55754 17.556 0.022
2613.55130 17.626 0.021
2615.58018 17.570 0.019
2619.56783 17.759 0.024
2621.57693 17.635 0.023
2625.55945 17.746 0.033
2632.55842 17.768 0.021
2636.55439 17.587 0.021
2639.55408 17.587 0.020
2642.56364 17.706 0.028
2646.57566 17.636 0.021
2651.54854 17.621 0.028
2654.56959 17.613 0.026
2657.56839 17.622 0.024
2660.57192 17.686 0.027
2671.56183 17.764 0.024
2673.57362 17.644 0.028
2676.53501 17.738 0.025
2679.54942 17.747 0.023
2682.55155 17.755 0.027
2777.91402 17.692 0.028
2804.88096 17.603 0.024
2811.91542 17.749 0.031
2814.95109 17.629 0.034
2817.93759 17.633 0.025
2830.91470 17.649 0.025
2831.79244 17.693 0.028
2832.75842 17.736 0.024
2832.93634 17.639 0.020
2833.87633 17.690 0.027
2835.88499 17.598 0.020
2837.88602 17.691 0.034
2838.94323 17.692 0.033
2840.83597 17.691 0.025
2843.83739 17.555 0.018
2844.88320 17.736 0.020
2845.92923 17.630 0.023
2849.86663 17.698 0.021
2850.89940 17.724 0.032
2851.94296 17.635 0.032
2852.81361 17.727 0.025
2854.83935 17.685 0.021
2856.82630 17.548 0.026
2858.92033 17.661 0.018
2860.88635 17.761 0.021
2861.75751 17.710 0.018
2862.93654 17.744 0.033
2863.84572 17.714 0.030
2865.84257 17.760 0.030
2866.89225 17.609 0.022
2867.83977 17.684 0.021
2869.91754 17.588 0.021
2870.82654 17.729 0.019
2871.86945 17.730 0.022
2875.81580 17.677 0.023
2876.78671 17.733 0.020
2879.75021 17.725 0.018
2883.83637 17.717 0.017
2885.77120 17.620 0.018
2888.81948 17.661 0.026
2892.81087 17.712 0.026
2894.74001 17.763 0.023
2896.73709 17.686 0.019
2898.75809 17.569 0.018
2900.75694 17.665 0.016
2902.75647 17.752 0.017
2905.76363 17.743 0.022
2907.76504 17.734 0.017
2909.75414 17.744 0.016
2911.74551 17.591 0.016
2915.71700 17.726 0.019
2917.74309 17.675 0.018
2921.74621 17.649 0.019
2923.76279 17.729 0.023
2925.72578 17.728 0.019
2927.72329 17.607 0.022
2930.74137 17.658 0.021
2932.74790 17.616 0.019
2934.72770 17.700 0.019
2937.65170 17.655 0.022
2939.70436 17.729 0.021
2940.64447 17.584 0.016
2941.69431 17.761 0.018
2942.64444 17.724 0.021
2943.61566 17.628 0.022
2944.60026 17.761 0.023
2945.61706 17.655 0.030
2947.62654 17.764 0.024
2949.60779 17.760 0.023
2950.65258 17.628 0.018
2951.63977 17.667 0.022
2952.66871 17.759 0.023
2954.69358 17.722 0.027
2956.63957 17.622 0.017
2958.63396 17.624 0.019
2961.60509 17.596 0.026
2965.64347 17.731 0.022
2968.60485 17.710 0.023
2970.62410 17.753 0.020
2972.60856 17.707 0.023
2974.63014 17.584 0.017
2976.55899 17.706 0.024
2978.58514 17.754 0.026
2980.60200 17.736 0.028
2982.54719 17.563 0.019
2984.63816 17.623 0.021
2986.64821 17.710 0.024
2988.54212 17.689 0.023
2991.61365 17.756 0.021
2994.59640 17.692 0.021
2997.56944 17.674 0.020
3001.58463 17.742 0.021
3005.54270 17.633 0.022
3008.56901 17.572 0.023
3011.57240 17.639 0.029
3016.59908 17.623 0.025
3018.58551 17.596 0.018
3020.61359 17.709 0.019
3021.62639 17.610 0.016
3023.58232 17.679 0.019
3025.58873 17.747 0.021
3027.61431 17.732 0.022
3029.58619 17.643 0.020
3031.59078 17.575 0.017
3033.59310 17.735 0.020
3037.54015 17.632 0.023
3164.94055 17.760 0.028
3183.92251 17.688 0.024
3193.89029 17.763 0.029
3196.86243 17.737 0.018
3197.92494 17.643 0.020
3199.92919 17.588 0.026
3201.88237 17.846 0.021
3203.89033 17.772 0.017
3206.82816 17.823 0.028
3210.90422 17.651 0.019
3211.89561 17.750 0.022
3215.67175 17.743 0.029
3216.73978 17.640 0.026
3217.94025 17.583 0.025
3218.93031 17.635 0.029
3222.87237 17.706 0.024
3223.84574 17.582 0.022
3226.83599 17.731 0.025
3229.84314 17.765 0.017
3231.82525 17.657 0.030
3239.80365 17.660 0.019
3240.80089 17.769 0.025
3241.82523 17.572 0.021
3242.72460 17.702 0.023
3243.86102 17.674 0.022
3244.83825 17.648 0.022
3245.78735 17.730 0.023
3247.77356 17.682 0.021
3249.73825 17.552 0.018
3251.75176 17.725 0.017
3254.73889 17.659 0.017
3257.75534 17.564 0.014
3259.67449 17.732 0.021
3261.71257 17.771 0.018
3263.69528 17.653 0.016
3265.72968 17.565 0.016
3267.71849 17.579 0.016
3269.81242 17.687 0.025
3270.75177 17.570 0.019
3271.67459 17.725 0.020
3272.73182 17.709 0.019
3274.71765 17.731 0.023
3276.72210 17.717 0.023
3277.76086 17.763 0.022
3279.69246 17.714 0.018
3281.65118 17.610 0.017
3283.65268 17.631 0.016
3287.61884 17.760 0.021
3289.62995 17.632 0.017
3293.60668 17.768 0.018
3295.62551 17.746 0.015
3297.60732 17.705 0.015
3299.66366 17.590 0.014
3301.63787 17.710 0.027
3303.70014 17.721 0.026
3306.63267 17.740 0.015
3308.62043 17.812 0.025
3310.61952 17.655 0.019
3314.57437 17.746 0.028
3320.61225 17.598 0.017
3323.55573 17.658 0.020
3327.56722 17.735 0.021
3330.56146 17.691 0.021
3335.60630 17.630 0.023
3349.60620 17.631 0.015
3353.58535 17.749 0.019
3359.56187 17.553 0.018
3363.56922 17.798 0.024
3367.62855 17.620 0.019
3372.55929 17.572 0.017
3376.53862 17.760 0.019
3378.60554 17.670 0.020
3386.57203 17.748 0.017
3390.58558 17.607 0.023
3398.56735 17.568 0.019
3402.55577 17.818 0.016
3541.94064 17.777 0.019
3547.92522 17.776 0.021
3554.93343 17.762 0.022
3561.85763 17.613 0.016
3564.91771 17.732 0.016
3568.84856 17.743 0.020
3570.82011 17.740 0.027
3571.81161 17.786 0.032
3573.85730 17.693 0.025
3574.88814 17.658 0.020
3577.84674 17.658 0.019
3578.90531 17.745 0.017
3579.81017 17.606 0.016
3581.85511 17.754 0.025
3581.87966 17.744 0.023
3582.83996 17.614 0.020
3583.84999 17.821 0.019
3586.81872 17.788 0.016
3588.83658 17.764 0.018
3589.83150 17.740 0.018
3591.88423 17.742 0.015
3593.87051 17.699 0.022
3596.90222 17.780 0.017
3601.81983 17.712 0.021
3607.82527 17.772 0.019
3614.79664 17.723 0.016
3617.77908 17.756 0.017
3619.70906 17.655 0.016
3621.72752 17.640 0.016
3624.87581 17.760 0.024
3626.72520 17.704 0.020
3629.67882 17.646 0.024
3631.74119 17.767 0.024
3633.71746 17.777 0.025
3637.66044 17.633 0.019
3639.71050 17.698 0.014
3641.70704 17.803 0.019
3643.73143 17.791 0.017
3646.67056 17.815 0.021
3650.66963 17.617 0.018
3650.69369 17.646 0.017
3651.74360 17.832 0.018
3653.73978 17.723 0.019
3655.70593 17.594 0.016
3657.65963 17.737 0.017
3658.67176 17.670 0.019
3659.65183 17.733 0.025
3660.67934 17.636 0.022
3663.57084 17.677 0.025
3665.64651 17.822 0.022
3668.58285 17.751 0.019
3669.71372 17.770 0.021
3671.64250 17.608 0.016
3673.68460 17.715 0.021
3675.66919 17.769 0.018
3681.65270 17.647 0.024
3683.65853 17.774 0.018
3685.66369 17.788 0.018
3687.66396 17.685 0.020
3689.61552 17.604 0.018
3692.58651 17.600 0.019
3694.57050 17.754 0.021
3696.57106 17.754 0.017
3698.60472 17.829 0.031
3700.61472 17.672 0.022
3702.59497 17.661 0.019
3704.60125 17.747 0.019
3706.62171 17.753 0.016
3708.59864 17.705 0.021
3711.60115 17.735 0.023
3714.53488 17.784 0.025
3718.61542 17.603 0.025
3721.56903 17.659 0.019
3724.57404 17.731 0.019
3726.59454 17.676 0.020
3728.56769 17.655 0.022
3734.57112 17.651 0.019
3737.58682 17.730 0.019
3742.54545 17.658 0.026
3746.57070 17.724 0.025
3751.55063 17.753 0.034
3756.56336 17.744 0.024
3761.61359 17.695 0.023
3766.53846 17.751 0.020
3772.56129 17.758 0.024
3776.56136 17.726 0.022
3871.88727 17.781 0.035
3901.94977 17.686 0.031
3906.95003 17.754 0.032
3913.92808 17.793 0.016
3918.89047 17.746 0.018
3931.92577 17.749 0.023
3934.86881 17.786 0.017
3936.87699 17.741 0.019
3938.86100 17.584 0.019
3944.90840 17.759 0.018
3946.87650 17.625 0.016
3951.89575 17.623 0.019
3955.86091 17.857 0.034
3958.84640 17.718 0.023
3960.83755 17.791 0.017
3963.83429 17.776 0.028
3965.82610 17.721 0.014
3967.86849 17.650 0.016
3969.81167 17.684 0.017
3971.78783 17.824 0.018
3974.78955 17.732 0.019
3979.75079 17.789 0.019
3980.62828 17.690 0.024
3981.65454 17.688 0.017
3983.84488 17.705 0.021
3987.79339 17.727 0.018
3990.80071 17.648 0.016
3993.74556 17.568 0.019
3995.75077 17.739 0.016
3999.76013 17.721 0.016
4002.73223 17.767 0.017
4004.68398 17.626 0.015
4006.71024 17.624 0.015
4007.57361 17.615 0.017
4008.58259 17.803 0.018
4009.75243 17.671 0.017
4013.70910 17.836 0.022
4016.70370 17.736 0.017
4018.71041 17.822 0.021
4019.70107 17.620 0.020
4021.68785 17.736 0.017
4024.66132 17.757 0.017
4026.64020 17.773 0.017
4028.63616 17.751 0.016
4030.64872 17.644 0.019
4032.70080 17.610 0.021
4037.67700 17.725 0.016
4039.61489 17.800 0.018
4041.61449 17.735 0.025
4043.60016 17.573 0.021
4046.60947 17.716 0.025
4048.57540 17.629 0.022
4050.61754 17.794 0.018
4052.56963 17.752 0.020
4054.62377 17.776 0.023
4056.59586 17.606 0.020
4058.62941 17.710 0.019
4060.52825 17.789 0.022
4064.52592 17.620 0.015
4066.56739 17.760 0.020
4069.52574 17.629 0.021
4073.60931 17.772 0.022
4077.53269 17.600 0.016
4079.53465 17.759 0.023
4082.53456 17.674 0.021
4085.57228 17.667 0.018
4092.56836 17.731 0.016
4096.59432 17.780 0.022
4100.59710 17.640 0.021
4105.56495 17.725 0.023
4108.54116 17.616 0.016
4113.61909 17.618 0.020
4120.58992 17.744 0.016
4132.57311 17.614 0.026
4252.93706 17.663 0.029
4255.85634 17.657 0.024
4268.90906 17.615 0.020
4275.93116 17.731 0.028
4279.82785 17.600 0.029
4282.81939 17.693 0.023
4283.87233 17.728 0.026
4285.92664 17.818 0.027
4291.94744 17.733 0.032
4292.86597 17.620 0.017
4295.87000 17.706 0.019
4296.89973 17.760 0.021
4297.93261 17.623 0.016
4299.86745 17.716 0.017
4300.88894 17.680 0.018
4301.90693 17.760 0.017
4302.92856 17.613 0.022
4306.92569 17.773 0.022
4307.90742 17.608 0.016
4308.66857 17.605 0.022
4308.87659 17.710 0.021
4310.84891 17.611 0.022
4311.83647 17.751 0.032
4312.91033 17.689 0.018
4314.92979 17.770 0.028
4316.83634 17.720 0.023
4319.87350 17.800 0.024
4320.90037 17.648 0.025
4326.84428 17.647 0.022
4327.82334 17.842 0.028
4328.83899 17.616 0.021
4329.84068 17.739 0.023
4330.86979 17.759 0.019
4333.87106 17.656 0.022
4338.91140 17.655 0.024
4340.78388 17.757 0.022
4341.77904 17.687 0.024
4342.83495 17.697 0.026
4343.77254 17.810 0.024
4344.75468 17.636 0.020
4345.80065 17.740 0.020
4347.78957 17.663 0.019
4349.80275 17.630 0.018
4351.83001 17.775 0.023
4353.76306 17.776 0.022
4359.70987 17.762 0.020
4361.71244 17.772 0.025
4362.73726 17.712 0.025
4364.59417 17.770 0.032
4367.69170 17.751 0.025
4370.68337 17.725 0.024
4372.74680 17.767 0.019
4376.66219 17.660 0.020
4378.62876 17.681 0.019
4379.65673 17.717 0.029
4380.76961 17.740 0.021
4382.69700 17.778 0.020
4386.67209 17.631 0.021
4388.67258 17.746 0.021
4390.68157 17.789 0.019
4393.65536 17.736 0.022
4395.69026 17.780 0.024
4398.65570 17.798 0.026
4400.67854 17.749 0.031
4403.70437 17.767 0.025
4407.64444 17.596 0.020
4408.69063 17.764 0.025
4410.71355 17.696 0.021
4415.69771 17.681 0.024
4418.60435 17.634 0.018
4422.66558 17.703 0.020
4424.66266 17.790 0.024
4427.54935 17.769 0.025
4429.59215 17.677 0.031
4431.57979 17.659 0.022
4433.58561 17.628 0.022
4435.57390 17.738 0.021
4437.66299 17.780 0.030
4439.57488 17.679 0.025
4441.61072 17.606 0.022
4443.60142 17.722 0.024
4449.65550 17.677 0.021
4451.61058 17.637 0.018
4453.59255 17.799 0.026
4456.59396 17.743 0.028
4459.54653 17.641 0.024
4464.58619 17.666 0.019
4465.55216 17.636 0.021
4470.57110 17.666 0.022
4474.60758 17.777 0.027
4476.58575 17.753 0.021
4479.61051 17.807 0.029
4481.59520 17.752 0.024
4484.61189 17.739 0.034
4487.63339 17.707 0.035
4609.90676 17.581 0.023
4643.89140 17.627 0.022
4649.94157 17.717 0.025
4655.93811 17.693 0.018
4661.90477 17.602 0.019
4662.78746 17.691 0.017
4662.90441 17.751 0.019
4663.75915 17.755 0.025
4663.94303 17.700 0.026
4665.83211 17.782 0.027
4665.92607 17.795 0.027
4666.91992 17.612 0.024
4670.91433 17.779 0.022
4671.82857 17.717 0.022
4672.88832 17.728 0.028
4675.90592 17.776 0.023
4681.88566 17.755 0.017
4683.88090 17.766 0.017
4685.86698 17.673 0.020
4688.81835 17.748 0.021
4690.74389 17.583 0.017
4691.74680 17.743 0.025
4693.90187 17.710 0.026
4696.87544 17.792 0.029
4698.76359 17.615 0.017
4699.75759 17.790 0.022
4700.79510 17.648 0.017
4701.80031 17.714 0.021
4702.86044 17.775 0.025
4703.75952 17.600 0.019
4704.77836 17.762 0.017
4705.78558 17.747 0.025
4707.77826 17.780 0.016
4708.84649 17.597 0.017
4710.76250 17.725 0.019
4716.76398 17.612 0.018
4719.77187 17.611 0.023
4721.76287 17.620 0.029
4724.77481 17.586 0.019
4726.67047 17.743 0.026
4729.68150 17.695 0.024
4731.77170 17.740 0.016
4734.75402 17.656 0.017
4739.66011 17.757 0.024
4741.68137 17.764 0.016
4741.73467 17.769 0.017
4747.60124 17.758 0.023
4749.60086 17.762 0.028
4753.66996 17.663 0.025
4755.66391 17.698 0.020
4757.64840 17.784 0.020
4759.66097 17.758 0.020
4761.63125 17.642 0.015
4763.64390 17.647 0.024
4766.61211 17.597 0.023
4769.65023 17.699 0.026
4771.56126 17.696 0.028
4773.68608 17.743 0.020
4775.67294 17.793 0.028
4777.60665 17.696 0.022
4779.64224 17.589 0.020
4783.57581 17.755 0.021
4785.60692 17.713 0.024
4789.54231 17.758 0.022
4790.62453 17.680 0.016
4791.62280 17.748 0.017
4793.52698 17.720 0.020
4795.54401 17.637 0.017
4797.53620 17.734 0.022
4798.59948 17.725 0.025
4800.64681 17.655 0.020
4803.53809 17.622 0.020
4804.58832 17.776 0.027
4806.59732 17.777 0.025
4808.55555 17.637 0.024
4810.56598 17.637 0.020
4813.60536 17.589 0.023
4815.58155 17.725 0.028
4817.59801 17.766 0.019
4819.59764 17.776 0.021
4821.63955 17.653 0.017
4823.60034 17.644 0.022
4825.62877 17.770 0.024
4833.56113 17.749 0.020
4835.58373 17.768 0.029
4839.60526 17.619 0.025
4842.57233 17.670 0.028
4844.58286 17.582 0.019
4847.63711 17.690 0.033
4849.59694 17.613 0.020
4853.59442 17.791 0.022
4856.58836 17.806 0.023
4865.56146 17.593 0.019
