2104.87644 16.075 0.007
2104.90266 16.084 0.006
2112.89633 16.101 0.006
2112.91678 16.103 0.007
2115.89281 16.101 0.008
2116.92070 16.127 0.008
2117.86387 16.346 0.008
2117.87910 16.333 0.008
2123.87471 16.081 0.008
2125.78780 16.278 0.012
2128.87462 16.350 0.010
2128.90086 16.303 0.010
2129.92937 16.291 0.008
2130.81342 16.129 0.008
2130.90582 16.143 0.007
2131.79478 16.160 0.007
2131.80644 16.139 0.008
2132.85117 16.336 0.010
2132.87967 16.340 0.010
2133.85060 16.280 0.008
2133.86369 16.280 0.010
2134.85679 16.111 0.010
2134.88803 16.117 0.008
2135.89114 16.098 0.007
2136.89751 16.359 0.011
2137.88088 16.276 0.011
2140.86024 16.355 0.010
2140.88655 16.330 0.008
2141.77047 16.141 0.010
2142.85359 16.062 0.007
2142.86696 16.072 0.008
2143.87582 16.219 0.008
2143.90460 16.184 0.007
2144.78465 16.288 0.007
2144.79540 16.314 0.008
2156.72084 16.217 0.010
2156.74712 16.278 0.008
2160.80004 16.265 0.008
2160.82674 16.268 0.010
2161.70553 16.107 0.007
2162.81039 16.217 0.008
2162.84396 16.215 0.008
2165.79788 16.079 0.008
2166.66695 16.354 0.010
2166.80122 16.295 0.008
2167.72305 16.283 0.008
2167.73449 16.306 0.008
2168.75907 16.158 0.008
2171.79389 16.299 0.007
2172.79735 16.150 0.008
2172.83622 16.139 0.007
2173.75337 16.110 0.007
2173.77964 16.082 0.006
2174.70605 16.318 0.007
2174.73712 16.353 0.008
2184.74657 16.082 0.008
2184.77282 16.056 0.008
2185.71001 16.298 0.010
2186.73483 16.327 0.011
2187.64348 16.145 0.008
2187.65483 16.161 0.010
2189.76272 16.310 0.010
2190.73656 16.310 0.008
2190.76291 16.308 0.008
2191.63548 16.133 0.007
2192.70495 16.099 0.007
2193.72587 16.342 0.008
2193.75619 16.331 0.007
2194.69697 16.280 0.008
2200.71138 16.171 0.008
2200.73588 16.174 0.007
2203.59962 16.081 0.008
2203.62383 16.095 0.007
2206.64932 16.186 0.010
2208.69342 16.302 0.008
2208.72029 16.300 0.008
2211.70135 16.087 0.008
2211.72682 16.082 0.007
2212.68794 16.341 0.011
2214.68796 16.156 0.010
2215.72396 16.077 0.008
2217.68311 16.265 0.010
2219.72011 16.134 0.010
2221.59587 16.216 0.007
2223.67446 16.200 0.008
2225.63868 16.205 0.008
2225.66359 16.208 0.007
2227.53280 16.378 0.012
2227.55683 16.351 0.011
2228.60039 16.311 0.010
2230.53847 16.139 0.008
2232.55147 16.254 0.008
2232.63217 16.294 0.008
2234.59349 16.137 0.007
2236.58275 16.255 0.008
2239.53025 16.348 0.010
2239.55552 16.351 0.008
2241.57504 16.085 0.007
2243.61340 16.326 0.010
2243.63734 16.363 0.010
2249.56956 16.089 0.007
2249.60472 16.101 0.006
2251.60366 16.318 0.008
2251.62351 16.319 0.008
2254.56840 16.358 0.010
2254.60116 16.360 0.008
2256.59462 16.122 0.010
2256.61937 16.164 0.007
2259.61546 16.282 0.008
2262.62195 16.342 0.010
2263.55783 16.237 0.007
2265.59775 16.222 0.008
2266.61380 16.332 0.010
2270.61759 16.342 0.008
2271.58872 16.160 0.008
2273.58795 16.321 0.010
2274.60271 16.340 0.010
2276.58262 16.120 0.008
2276.60911 16.113 0.008
2278.58580 16.303 0.010
2280.57654 16.116 0.008
2283.61586 16.132 0.007
2285.57249 16.351 0.008
2285.63746 16.387 0.008
2289.60832 16.337 0.008
2290.56910 16.219 0.008
2291.61357 16.080 0.007
2292.62883 16.275 0.010
2293.61674 16.320 0.008
2294.63363 16.254 0.010
2295.61345 16.060 0.008
2296.59389 16.339 0.011
2297.61800 16.319 0.008
2298.60243 16.195 0.008
2299.61265 16.057 0.008
2300.60157 16.346 0.010
2303.58145 16.168 0.008
2453.88421 16.091 0.010
2453.91126 16.110 0.010
2460.93090 16.219 0.011
2462.91500 16.303 0.010
2464.88828 16.162 0.008
2464.91563 16.158 0.007
2466.88177 16.350 0.011
2466.90806 16.335 0.010
2468.87602 16.126 0.008
2468.90399 16.124 0.007
2470.86701 16.351 0.010
2470.89327 16.349 0.008
2472.87566 16.090 0.006
2472.88707 16.124 0.007
2481.87261 16.305 0.011
2483.93399 16.208 0.008
2486.93482 16.327 0.010
2488.78096 16.193 0.008
2489.81557 16.357 0.008
2489.84327 16.355 0.010
2490.81308 16.255 0.010
2492.82496 16.177 0.010
2496.79189 16.264 0.008
2496.82341 16.227 0.007
2497.81906 16.345 0.010
2498.81937 16.215 0.008
2499.90441 16.097 0.008
2500.91278 16.189 0.008
2501.89932 16.339 0.008
2502.87960 16.208 0.008
2508.79020 16.394 0.014
2511.77036 16.187 0.010
2516.82258 16.355 0.010
2517.86960 16.269 0.010
2518.84387 16.099 0.008
2519.79514 16.246 0.008
2520.83733 16.356 0.010
2521.75372 16.187 0.007
2521.78793 16.198 0.008
2524.79085 16.320 0.010
2526.82280 16.073 0.007
2529.76927 16.156 0.007
2529.78135 16.147 0.007
2535.74095 16.349 0.010
2535.76749 16.341 0.010
2537.74743 16.093 0.010
2538.84794 16.121 0.010
2539.75046 16.346 0.008
2540.78814 16.230 0.010
2542.73212 16.299 0.008
2544.70719 16.169 0.008
2545.72561 16.084 0.008
2547.74376 16.310 0.008
2548.75680 16.174 0.008
2550.75192 16.354 0.008
2551.73909 16.299 0.008
2552.75446 16.140 0.008
2553.69524 16.160 0.010
2554.74759 16.356 0.008
2555.75556 16.284 0.008
2556.73480 16.113 0.007
2557.74714 16.145 0.008
2558.70366 16.344 0.008
2559.66060 16.215 0.008
2560.69373 16.080 0.008
2561.73928 16.212 0.010
2562.71193 16.335 0.010
2563.71997 16.202 0.008
2564.73634 16.098 0.010
2565.73839 16.271 0.008
2566.71734 16.323 0.010
2571.69848 16.128 0.008
2571.72518 16.169 0.008
2572.77308 16.071 0.010
2573.71123 16.336 0.011
2574.69096 16.283 0.008
2576.73540 16.118 0.008
2577.69365 16.358 0.010
2578.67869 16.258 0.010
2579.68888 16.104 0.008
2580.69713 16.190 0.008
2583.67337 16.081 0.008
2584.67568 16.267 0.008
2587.65384 16.089 0.008
2588.66573 16.313 0.010
2588.69316 16.326 0.010
2589.65879 16.321 0.010
2590.66669 16.178 0.008
2591.69444 16.106 0.008
2593.65125 16.297 0.010
2594.65777 16.141 0.010
2594.68504 16.137 0.008
2596.63043 16.359 0.011
2597.61930 16.258 0.011
2598.69799 16.128 0.008
2599.65853 16.164 0.010
2608.55919 16.298 0.010
2610.59581 16.098 0.008
2615.62285 16.349 0.010
2618.59861 16.131 0.008
2620.59321 16.246 0.008
2622.54101 16.270 0.008
2622.57052 16.210 0.008
2625.59439 16.088 0.010
2626.53440 16.308 0.008
2629.54127 16.084 0.008
2629.57906 16.078 0.008
2632.57933 16.154 0.007
2636.57990 16.136 0.008
2639.57503 16.262 0.008
2640.56287 16.092 0.008
2643.54800 16.217 0.008
2643.56546 16.243 0.008
2649.54638 16.296 0.008
2649.57282 16.264 0.008
2651.58420 16.216 0.010
2652.55735 16.097 0.008
2655.55106 16.152 0.008
2655.56864 16.167 0.010
2658.54554 16.278 0.010
2658.56290 16.284 0.011
2661.57956 16.363 0.008
2662.55263 16.261 0.011
2665.54244 16.339 0.008
2665.57427 16.359 0.010
2669.56858 16.327 0.008
2670.55888 16.221 0.011
2674.55333 16.199 0.008
2674.57066 16.210 0.008
2676.57347 16.303 0.008
2677.53667 16.320 0.010
2677.55425 16.314 0.011
2680.54393 16.343 0.010
2680.56134 16.374 0.011
2683.56109 16.127 0.010
2684.54497 16.357 0.011
2804.82757 16.347 0.014
2804.83903 16.357 0.012
2805.89543 16.280 0.012
2811.94847 16.179 0.011
2815.92230 16.260 0.010
2818.93018 16.073 0.008
2829.86897 16.111 0.008
2829.89507 16.131 0.008
2831.86150 16.345 0.010
2831.89593 16.372 0.010
2832.81248 16.214 0.008
2832.85993 16.248 0.008
2833.91109 16.109 0.010
2833.93703 16.137 0.010
2835.89984 16.344 0.010
2836.92618 16.226 0.010
2837.90552 16.105 0.011
2838.88375 16.305 0.010
2838.92807 16.266 0.012
2840.87680 16.198 0.008
2840.88896 16.179 0.008
2843.87496 16.306 0.008
2843.90605 16.325 0.008
2844.91629 16.183 0.008
2844.94223 16.194 0.008
2848.82296 16.134 0.010
2848.87767 16.149 0.010
2849.90100 16.103 0.008
2849.92690 16.127 0.007
2850.93254 16.346 0.010
2851.85388 16.277 0.010
2852.86117 16.124 0.010
2852.88704 16.131 0.008
2854.87253 16.329 0.011
2854.89841 16.378 0.008
2857.87986 16.206 0.008
2857.93392 16.185 0.010
2859.86714 16.205 0.008
2859.89306 16.246 0.008
2860.91951 16.091 0.007
2861.79125 16.331 0.008
2862.87733 16.329 0.010
2863.87923 16.175 0.010
2865.80169 16.372 0.011
2867.79114 16.123 0.008
2868.83179 16.111 0.008
2869.85946 16.327 0.010
2870.85987 16.293 0.008
2872.78398 16.182 0.008
2875.85113 16.105 0.008
2876.87712 16.171 0.010
2877.84953 16.357 0.008
2879.84144 16.113 0.007
2884.76438 16.329 0.008
2886.77714 16.148 0.008
2890.73611 16.147 0.010
2893.78767 16.272 0.008
2895.78732 16.195 0.007
2895.79853 16.161 0.008
2897.74608 16.221 0.010
2897.77190 16.242 0.008
2899.77842 16.241 0.008
2899.80420 16.216 0.007
2903.79714 16.268 0.007
2906.74589 16.086 0.007
2908.72290 16.289 0.008
2908.74937 16.296 0.008
2910.71777 16.128 0.008
2910.74364 16.126 0.007
2912.72371 16.246 0.007
2916.73636 16.250 0.008
2916.76228 16.273 0.007
2918.71340 16.226 0.008
2918.74499 16.211 0.008
2922.71298 16.258 0.010
2922.74229 16.284 0.010
2924.65379 16.144 0.008
2924.73850 16.226 0.010
2926.64791 16.356 0.010
2926.67393 16.327 0.010
2929.70932 16.085 0.008
2929.73526 16.109 0.007
2931.68521 16.270 0.008
2931.71277 16.295 0.008
2933.69738 16.131 0.007
2933.72335 16.134 0.007
2935.66029 16.243 0.010
2935.68745 16.263 0.008
2937.68542 16.185 0.010
2937.71800 16.160 0.008
2939.65229 16.237 0.008
2939.66362 16.228 0.008
2940.67787 16.077 0.007
2941.65360 16.273 0.007
2941.67945 16.248 0.007
2942.68118 16.332 0.008
2943.64994 16.179 0.008
2943.67561 16.188 0.008
2944.63365 16.100 0.008
2946.63225 16.301 0.008
2947.66025 16.170 0.008
2947.68600 16.173 0.010
2949.64108 16.354 0.008
2949.66685 16.324 0.010
2950.59259 16.288 0.008
2950.61837 16.273 0.008
2951.67350 16.153 0.008
2953.62131 16.362 0.010
2953.65268 16.339 0.010
2955.60627 16.123 0.010
2955.63199 16.108 0.010
2957.61993 16.343 0.008
2957.64823 16.358 0.008
2964.69200 16.243 0.010
2965.67682 16.342 0.010
2966.62230 16.182 0.007
2968.63935 16.319 0.010
2969.64756 16.318 0.010
2971.64711 16.097 0.008
2971.67440 16.076 0.007
2973.63563 16.284 0.008
2974.54911 16.113 0.008
2975.53243 16.216 0.008
2976.58221 16.343 0.010
2977.62805 16.266 0.010
2978.57010 16.131 0.010
2979.60834 16.196 0.010
2980.62491 16.339 0.010
2982.56295 16.094 0.008
2982.59407 16.081 0.008
2984.62270 16.355 0.010
2986.60422 16.086 0.007
2986.63300 16.089 0.007
2988.57668 16.319 0.008
2989.58449 16.164 0.008
2990.59550 16.085 0.008
2992.60067 16.311 0.008
2993.59831 16.152 0.008
2996.60796 16.285 0.008
2997.54185 16.117 0.008
2999.60279 16.350 0.008
3000.60151 16.264 0.008
3003.54700 16.331 0.010
3003.57698 16.335 0.010
3006.56660 16.269 0.008
3006.59389 16.242 0.007
3009.55994 16.104 0.008
3009.58597 16.065 0.007
3013.56655 16.110 0.008
3013.59843 16.039 0.007
3017.56102 16.139 0.008
3017.58710 16.118 0.008
3020.53615 16.113 0.008
3020.56183 16.130 0.007
3022.56360 16.354 0.010
3022.58952 16.353 0.010
3024.56279 16.114 0.008
3024.58853 16.102 0.007
3026.53280 16.352 0.010
3026.55881 16.344 0.010
3028.53372 16.093 0.010
3028.55959 16.091 0.007
3030.53680 16.318 0.008
3030.56333 16.350 0.010
3032.55477 16.087 0.008
3032.58044 16.101 0.008
3034.55429 16.320 0.008
3034.57999 16.328 0.008
3038.54511 16.290 0.010
3038.57099 16.317 0.010
3179.93642 16.099 0.007
3180.93398 16.330 0.007
3184.90029 16.364 0.010
3184.92582 16.332 0.008
3193.92336 16.237 0.007
3196.89537 16.349 0.008
3196.92105 16.328 0.010
3202.88331 16.108 0.007
3202.91353 16.085 0.007
3203.92779 16.318 0.007
3204.88357 16.295 0.008
3206.87070 16.138 0.007
3210.93718 16.120 0.007
3211.80790 16.351 0.008
3211.85333 16.369 0.008
3216.77299 16.181 0.010
3217.82291 16.103 0.008
3224.81984 16.159 0.007
3224.84542 16.147 0.007
3228.79776 16.145 0.008
3228.82340 16.140 0.008
3230.77124 16.349 0.008
3230.80092 16.356 0.008
3238.80233 16.335 0.008
3238.82799 16.313 0.010
3239.84146 16.185 0.007
3239.86731 16.227 0.008
3240.83864 16.103 0.008
3241.76948 16.332 0.008
3241.78058 16.323 0.008
3242.77124 16.297 0.008
3243.89438 16.192 0.008
3244.74247 16.147 0.007
3244.87310 16.064 0.008
3245.82057 16.323 0.008
3246.81745 16.287 0.008
3247.82164 16.136 0.008
3248.74803 16.164 0.007
3249.77513 16.358 0.010
3250.80902 16.297 0.007
3251.78770 16.118 0.007
3253.76263 16.365 0.010
3254.77381 16.241 0.007
3256.74568 16.257 0.007
3257.80088 16.338 0.007
3258.74491 16.203 0.007
3260.71842 16.322 0.007
3261.74680 16.326 0.008
3262.75978 16.178 0.007
3263.74375 16.092 0.007
3264.70609 16.345 0.007
3265.77142 16.315 0.008
3266.77694 16.188 0.007
3267.75184 16.102 0.006
3268.71047 16.336 0.007
3270.70556 16.121 0.007
3271.70824 16.191 0.007
3273.66673 16.244 0.008
3273.69691 16.206 0.008
3275.66152 16.279 0.010
3275.68731 16.223 0.010
3276.75557 16.327 0.008
3276.78138 16.337 0.010
3277.79446 16.265 0.008
3278.66159 16.111 0.007
3279.72598 16.258 0.008
3280.69349 16.304 0.007
3281.69177 16.174 0.007
3282.68858 16.099 0.006
3283.68618 16.346 0.007
3286.64722 16.148 0.006
3287.65244 16.381 0.007
3288.66094 16.288 0.007
3289.66730 16.136 0.007
3291.60565 16.341 0.008
3291.63610 16.312 0.008
3294.62222 16.270 0.007
3294.64789 16.232 0.007
3296.58857 16.219 0.007
3296.61526 16.216 0.006
3298.59643 16.321 0.007
3298.62412 16.298 0.007
3300.59901 16.155 0.008
3300.62469 16.217 0.008
3302.58003 16.344 0.008
3302.60584 16.360 0.010
3305.67604 16.087 0.007
3305.70169 16.087 0.007
3307.59256 16.292 0.010
3307.61834 16.264 0.010
3309.61332 16.146 0.007
3309.63903 16.150 0.007
3311.56886 16.242 0.007
3311.59463 16.266 0.007
3314.61252 16.345 0.010
3315.62810 16.232 0.007
3320.64579 16.078 0.007
3320.67154 16.122 0.007
3323.59818 16.192 0.007
3324.63804 16.104 0.007
3327.62626 16.159 0.007
3329.57149 16.341 0.008
3330.59753 16.298 0.008
3334.58767 16.234 0.011
3335.64214 16.131 0.010
3336.58356 16.178 0.007
3338.54899 16.216 0.008
3341.63052 16.346 0.008
3350.56030 16.130 0.007
3354.61822 16.160 0.008
3357.59850 16.267 0.008
3360.59806 16.329 0.008
3361.59676 16.239 0.008
3363.60306 16.220 0.008
3366.63767 16.072 0.007
3369.58001 16.168 0.007
3372.59597 16.311 0.007
3372.62210 16.331 0.007
3376.57202 16.287 0.008
3376.59786 16.308 0.008
3379.61529 16.349 0.008
3380.55834 16.257 0.008
3386.60517 16.213 0.007
3387.57461 16.310 0.010
3395.55714 16.318 0.010
3395.58306 16.290 0.010
3399.56992 16.266 0.010
3399.58097 16.281 0.010
3402.59785 16.354 0.008
3403.56094 16.273 0.010
3543.91403 16.108 0.008
3543.93947 16.139 0.008
3551.93669 16.107 0.007
3558.91862 16.184 0.007
3562.90938 16.165 0.007
3568.90095 16.353 0.007
3570.86258 16.094 0.008
3571.84907 16.225 0.010
3573.89448 16.242 0.010
3575.85429 16.277 0.008
3577.91085 16.220 0.007
3579.85176 16.298 0.007
3581.92068 16.202 0.007
3582.87309 16.077 0.007
3583.89218 16.330 0.007
3586.88245 16.102 0.006
3588.88060 16.285 0.007
3590.83922 16.161 0.007
3592.79952 16.219 0.007
3594.84030 16.198 0.007
3600.92937 16.223 0.008
3602.78819 16.347 0.010
3603.75243 16.280 0.008
3608.80905 16.120 0.007
3614.84088 16.354 0.007
3615.82661 16.239 0.007
3618.82532 16.344 0.007
3620.85179 16.087 0.007
3622.80583 16.293 0.008
3625.75177 16.326 0.007
3628.77335 16.117 0.007
3630.68879 16.245 0.008
3632.66597 16.246 0.010
3634.70094 16.202 0.007
3637.70172 16.339 0.008
3640.66800 16.327 0.007
3644.70255 16.351 0.007
3646.72007 16.146 0.007
3650.73583 16.133 0.007
3652.67729 16.349 0.007
3654.65307 16.102 0.007
3656.70628 16.369 0.007
3657.73445 16.243 0.007
3658.70799 16.115 0.007
3659.69235 16.286 0.008
3660.69802 16.329 0.008
3663.68877 16.324 0.008
3665.71705 16.208 0.008
3668.64564 16.291 0.007
3668.66814 16.299 0.007
3670.65678 16.156 0.008
3672.58949 16.244 0.008
3674.74879 16.116 0.007
3676.63509 16.229 0.007
3682.61171 16.322 0.007
3684.62902 16.195 0.007
3686.59471 16.368 0.008
3688.56768 16.128 0.007
3690.58139 16.358 0.008
3693.57851 16.204 0.008
3695.57411 16.244 0.007
3698.54970 16.325 0.010
3701.59822 16.286 0.008
3703.60885 16.191 0.007
3705.58106 16.342 0.007
3707.58149 16.182 0.007
3712.59646 16.116 0.007
3715.55468 16.100 0.007
3719.63361 16.117 0.008
3722.58056 16.228 0.008
3725.66062 16.361 0.010
3730.56381 16.155 0.007
3735.56644 16.138 0.007
3739.56614 16.184 0.007
3743.54180 16.261 0.008
3748.54566 16.332 0.010
3753.54333 16.153 0.010
3758.56523 16.135 0.008
3762.57180 16.162 0.008
3768.53178 16.211 0.008
3773.52860 16.108 0.008
3777.55454 16.115 0.007
3871.92495 16.341 0.010
3902.94184 16.390 0.010
3907.93682 16.266 0.008
3915.91267 16.203 0.007
3918.93196 16.343 0.008
3934.90165 16.233 0.007
3936.90987 16.268 0.007
3938.89409 16.196 0.007
3945.86388 16.277 0.007
3950.84564 16.106 0.007
3957.80128 16.189 0.010
3959.79976 16.351 0.008
3961.78594 16.157 0.008
3964.79312 16.302 0.007
3966.78533 16.165 0.007
3968.77888 16.263 0.007
3970.77050 16.216 0.007
3973.73987 16.103 0.007
3975.75479 16.346 0.008
3980.68732 16.153 0.007
3981.68718 16.134 0.007
3982.75151 16.353 0.010
3986.72868 16.360 0.008
3989.82574 16.131 0.008
3991.76695 16.253 0.008
3994.66793 16.344 0.008
4001.66764 16.363 0.007
4003.63937 16.130 0.007
4004.72792 16.101 0.007
4005.71319 16.367 0.007
4007.60640 16.111 0.007
4008.61542 16.226 0.007
4011.66584 16.107 0.007
4014.66377 16.221 0.008
4016.64506 16.323 0.008
4018.64139 16.179 0.007
4020.67408 16.338 0.007
4023.63079 16.140 0.007
4025.63113 16.312 0.008
4027.61926 16.166 0.007
4029.60153 16.261 0.007
4031.58848 16.256 0.007
4036.62388 16.334 0.007
4038.57820 16.109 0.007
4040.55816 16.308 0.008
4042.62754 16.099 0.007
4044.67015 16.301 0.010
4047.58159 16.373 0.008
4049.55423 16.107 0.007
4051.60375 16.355 0.008
4053.61473 16.113 0.006
4055.54395 16.347 0.010
4057.58304 16.083 0.008
4059.61755 16.349 0.008
4063.60895 16.332 0.007
4066.52383 16.378 0.008
4068.59120 16.120 0.007
4071.53233 16.274 0.008
4074.56753 16.371 0.008
4077.62022 16.198 0.008
4079.56731 16.215 0.007
4083.57481 16.194 0.008
4087.59670 16.174 0.007
4095.56058 16.122 0.007
4095.59760 16.113 0.007
4098.57964 16.254 0.008
4102.55178 16.219 0.008
4107.55588 16.093 0.007
4112.55632 16.374 0.008
4119.54585 16.203 0.007
4122.57215 16.119 0.007
4128.57227 16.361 0.008
4253.89550 16.146 0.011
4255.91411 16.345 0.010
4258.93113 16.140 0.010
4273.91750 16.091 0.010
4278.94395 16.343 0.011
4282.74399 16.333 0.010
4282.90826 16.372 0.010
4283.83499 16.254 0.010
4284.90281 16.128 0.008
4289.87388 16.258 0.008
4292.90717 16.087 0.007
4295.90110 16.191 0.008
4296.93535 16.075 0.007
4298.85437 16.312 0.010
4299.89787 16.159 0.007
4300.91971 16.092 0.007
4301.93857 16.324 0.008
4303.82925 16.119 0.008
4307.72627 16.102 0.008
4308.70005 16.355 0.010
4308.90791 16.158 0.008
4310.88000 16.232 0.010
4311.88151 16.093 0.010
4312.94178 16.165 0.008
4314.81047 16.178 0.008
4316.87017 16.288 0.010
4320.85386 16.328 0.008
4326.87825 16.133 0.008
4327.90151 16.119 0.010
4328.87151 16.365 0.010
4329.87121 16.268 0.010
4330.90216 16.138 0.008
4332.91842 16.359 0.010
4334.91169 16.112 0.010
4339.86642 16.298 0.010
4340.81867 16.311 0.010
4341.81152 16.170 0.008
4342.88578 16.085 0.008
4343.80511 16.364 0.010
4344.78728 16.290 0.008
4346.76352 16.147 0.008
4348.74925 16.252 0.008
4350.72603 16.234 0.008
4353.68418 16.091 0.008
4355.74275 16.338 0.010
4358.68609 16.363 0.010
4359.74334 16.320 0.007
4362.69369 16.365 0.010
4365.66765 16.185 0.008
4369.72446 16.164 0.010
4371.69140 16.231 0.010
4376.69480 16.073 0.007
4378.66150 16.296 0.008
4379.69276 16.167 0.010
4381.65196 16.354 0.010
4383.68045 16.129 0.007
4386.70506 16.282 0.008
4388.70535 16.134 0.008
4390.71429 16.262 0.008
4394.60190 16.196 0.008
4396.68531 16.263 0.008
4398.68841 16.208 0.010
4402.67346 16.165 0.008
4404.68992 16.349 0.011
4407.69842 16.112 0.008
4409.71402 16.307 0.010
4411.70912 16.130 0.008
4415.71300 16.176 0.008
4417.66297 16.230 0.008
4420.64941 16.345 0.010
4422.68141 16.079 0.007
4424.67849 16.310 0.010
4427.56422 16.348 0.010
4429.60736 16.117 0.010
4431.59444 16.341 0.010
4433.60036 16.108 0.008
4435.58869 16.350 0.008
4438.64875 16.200 0.008
4440.61823 16.201 0.008
4442.57970 16.337 0.011
4444.60443 16.182 0.010
4450.63688 16.349 0.011
4452.61461 16.124 0.008
4454.63482 16.350 0.010
4455.57688 16.242 0.008
4457.58577 16.217 0.010
4460.54019 16.076 0.008
4463.60372 16.198 0.008
4467.58650 16.168 0.008
4470.58592 16.290 0.008
4474.63247 16.298 0.010
4476.61080 16.140 0.007
4481.60997 16.345 0.010
4483.63713 16.097 0.008
4485.61859 16.338 0.010
4488.61920 16.288 0.010
4492.60941 16.325 0.010
4643.92313 16.376 0.010
4655.90529 16.328 0.008
4661.91912 16.120 0.007
4662.84270 16.372 0.008
4662.94057 16.354 0.008
4663.79142 16.250 0.010
4665.86458 16.186 0.010
4670.94650 16.344 0.010
4671.84297 16.198 0.008
4673.94503 16.243 0.011
4677.86237 16.348 0.008
4682.83678 16.272 0.008
4684.87482 16.139 0.007
4686.83476 16.253 0.007
4688.85099 16.190 0.007
4690.77634 16.205 0.007
4691.77966 16.088 0.007
4694.82595 16.202 0.010
4697.77031 16.302 0.011
4699.79133 16.128 0.007
4700.82523 16.349 0.008
4701.83291 16.309 0.008
4703.79213 16.138 0.008
4704.81083 16.361 0.008
4705.81842 16.293 0.010
4707.83584 16.156 0.007
4709.76665 16.225 0.007
4715.77524 16.307 0.008
4717.72982 16.173 0.007
4720.70872 16.283 0.008
4722.72393 16.141 0.007
4725.72913 16.113 0.008
4730.71972 16.232 0.007
4730.78244 16.170 0.007
4733.75465 16.084 0.007
4740.69721 16.142 0.007
4743.69394 16.287 0.008
4748.68270 16.118 0.007
4750.71553 16.349 0.010
4754.64110 16.336 0.010
4756.65068 16.101 0.008
4758.63091 16.303 0.008
4760.61757 16.122 0.007
4762.60736 16.282 0.008
4767.64296 16.098 0.007
4770.69122 16.251 0.008
4772.62861 16.270 0.008
4774.60410 16.182 0.007
4776.57589 16.332 0.010
4778.57722 16.145 0.007
4780.57448 16.371 0.010
4782.54739 16.112 0.007
4783.60898 16.113 0.008
4789.57509 16.232 0.008
4791.55666 16.268 0.008
4793.56402 16.210 0.008
4795.57689 16.290 0.008
4797.56905 16.209 0.008
4798.63226 16.100 0.008
4801.53353 16.137 0.007
4802.62101 16.090 0.008
4803.59289 16.356 0.008
4805.52790 16.125 0.008
4807.55465 16.377 0.010
4809.57981 16.114 0.007
4811.60168 16.353 0.010
4814.55953 16.253 0.008
4816.56168 16.198 0.008
4818.57563 16.294 0.008
4820.55362 16.184 0.008
4822.61040 16.304 0.008
4824.59523 16.165 0.008
4831.56684 16.279 0.008
4833.59469 16.137 0.007
4835.61741 16.258 0.008
4839.62043 16.231 0.008
4842.58709 16.334 0.010
4844.59757 16.098 0.008
4847.65175 16.190 0.010
4849.61172 16.332 0.008
4853.60900 16.362 0.008
4855.62221 16.145 0.008
4862.59600 16.191 0.007
4868.57818 16.324 0.008
