2540.69847 17.336 0.023
2556.66690 17.342 0.016
2877.77529 17.280 0.014
3229.80624 17.229 0.012
3581.81803 17.120 0.012
3589.81074 17.348 0.013
3591.82511 17.185 0.011
3596.76440 17.379 0.021
3601.78312 17.239 0.014
3603.85124 17.028 0.012
3615.80697 17.346 0.015
3626.68777 17.057 0.013
3629.71429 17.121 0.015
3631.72082 17.362 0.019
3643.69807 17.207 0.015
3657.60113 17.283 0.015
3658.60274 17.299 0.019
3659.61675 17.080 0.015
3660.65627 17.301 0.016
3664.67528 17.310 0.012
3666.69879 17.244 0.013
3669.65189 17.205 0.015
3671.59727 17.273 0.015
3673.64572 17.327 0.023
3921.90984 17.205 0.019
3933.92574 17.353 0.014
3935.90412 17.152 0.011
3938.92463 17.084 0.012
3987.76392 17.101 0.011
4002.70330 17.345 0.012
4004.65495 17.230 0.012
4006.68136 17.017 0.011
4013.67787 17.087 0.015
4015.65894 17.329 0.022
4017.67642 17.249 0.013
4019.66538 17.036 0.013
4021.65879 17.341 0.012
4024.63217 17.284 0.014
4026.61113 17.021 0.011
4028.60689 17.351 0.012
4030.61613 17.231 0.015
4032.67111 16.998 0.012
4037.58249 17.281 0.013
4041.57790 17.360 0.019
4043.57098 17.187 0.016
4048.54626 17.249 0.016
4054.59466 17.332 0.015
4314.90186 17.048 0.015
4342.77106 17.308 0.019
4345.76825 17.241 0.015
4347.75717 17.021 0.012
4349.74883 17.349 0.014
4356.74006 17.309 0.016
4358.77000 17.268 0.018
4379.62437 17.284 0.020
4395.65492 17.306 0.018
4397.69555 17.267 0.016
4693.86942 17.349 0.025
4702.82777 17.264 0.015
4704.74605 17.072 0.011
4705.75322 17.173 0.016
4708.81404 17.184 0.012
4710.72771 17.347 0.014
4725.69956 17.300 0.018
4731.71822 17.190 0.012
4734.70681 17.137 0.012
4748.67126 17.305 0.014
4750.67305 17.091 0.013
4750.70424 17.113 0.014
4754.62991 17.237 0.018
4756.63920 17.035 0.013
4760.60632 17.115 0.012
4762.58272 17.346 0.018
4769.61687 17.006 0.015
4777.57119 17.230 0.019
4782.63031 17.033 0.013
4825.60612 17.231 0.016
4849.58192 17.296 0.014
4853.57957 17.021 0.013
