2088.91535 17.586 0.026
2090.87535 17.434 0.025
2090.89167 17.485 0.023
2103.92958 17.501 0.016
2104.94812 17.648 0.024
2105.89630 17.420 0.019
2106.84596 17.637 0.022
2106.86092 17.622 0.022
2113.88834 17.643 0.027
2116.82993 17.406 0.017
2116.84479 17.396 0.017
2117.93079 17.624 0.020
2123.77711 17.465 0.022
2123.79167 17.456 0.020
2124.79426 17.654 0.040
2127.79006 17.382 0.022
2127.80481 17.372 0.024
2128.78482 17.611 0.025
2128.79956 17.644 0.026
2129.81627 17.366 0.017
2129.83157 17.383 0.016
2130.78330 17.574 0.021
2130.79800 17.620 0.020
2131.88653 17.408 0.021
2131.90907 17.377 0.020
2134.76835 17.438 0.021
2134.78309 17.498 0.024
2135.80124 17.648 0.022
2135.81598 17.593 0.020
2136.81716 17.450 0.020
2136.83223 17.493 0.022
2137.77320 17.609 0.026
2137.78956 17.675 0.029
2140.76288 17.354 0.018
2140.78410 17.386 0.018
2142.79680 17.458 0.018
2142.81838 17.360 0.017
2143.77726 17.575 0.018
2143.79181 17.580 0.019
2144.88787 17.397 0.017
2144.90821 17.366 0.016
2155.83552 17.404 0.022
2155.85248 17.383 0.025
2156.78440 17.563 0.021
2156.79910 17.552 0.021
2160.69306 17.383 0.018
2160.70822 17.382 0.020
2162.72018 17.413 0.016
2162.73498 17.399 0.016
2166.71281 17.592 0.020
2167.81279 17.569 0.019
2168.68905 17.622 0.023
2171.71425 17.414 0.016
2172.70520 17.690 0.021
2172.71992 17.657 0.021
2173.68562 17.370 0.015
2173.70048 17.386 0.016
2174.79287 17.644 0.017
2177.59149 17.673 0.029
2184.65965 17.397 0.020
2184.67447 17.356 0.023
2185.62384 17.604 0.023
2185.63853 17.567 0.025
2187.73302 17.644 0.023
2187.75562 17.637 0.026
2188.63913 17.552 0.026
2188.65386 17.577 0.024
2190.64998 17.585 0.017
2190.66491 17.613 0.019
2191.71820 17.560 0.019
2191.74182 17.554 0.017
2192.62406 17.650 0.016
2192.63813 17.626 0.017
2193.64225 17.406 0.014
2193.65934 17.417 0.015
2194.61371 17.602 0.020
2194.62762 17.625 0.019
2195.67814 17.412 0.015
2195.69343 17.406 0.013
2200.77274 17.630 0.019
2201.62671 17.597 0.019
2201.64106 17.612 0.020
2203.66244 17.637 0.019
2203.67749 17.612 0.019
2204.61788 17.432 0.021
2204.63361 17.443 0.024
2211.59720 17.531 0.025
2211.61524 17.510 0.023
2212.60104 17.584 0.022
2212.61581 17.570 0.021
2213.60861 17.494 0.021
2213.62403 17.538 0.024
2214.59515 17.633 0.024
2214.60942 17.649 0.027
2215.60969 17.422 0.021
2215.62387 17.424 0.022
2217.59514 17.360 0.019
2217.60889 17.376 0.022
2219.63457 17.382 0.020
2219.65353 17.402 0.022
2222.62243 17.585 0.029
2224.66448 17.548 0.018
2224.69251 17.563 0.020
2226.59570 17.479 0.021
2226.60968 17.439 0.022
2228.52025 17.390 0.021
2229.52580 17.606 0.024
2229.59227 17.656 0.023
2231.52985 17.581 0.026
2233.53225 17.522 0.022
2233.54853 17.558 0.023
2235.51701 17.477 0.020
2235.63387 17.559 0.018
2237.53923 17.430 0.023
2237.55337 17.450 0.027
2240.59520 17.654 0.021
2240.60898 17.634 0.022
2242.57059 17.587 0.023
2242.59084 17.611 0.024
2244.57926 17.588 0.020
2244.61247 17.596 0.021
2249.64143 17.577 0.016
2250.54286 17.434 0.019
2251.64710 17.643 0.021
2252.59342 17.390 0.018
2253.62597 17.647 0.021
2255.57371 17.622 0.020
2256.56502 17.449 0.020
2257.59827 17.584 0.019
2259.60377 17.569 0.019
2262.59065 17.591 0.020
2263.57909 17.442 0.017
2265.57557 17.367 0.016
2266.54559 17.585 0.026
2270.58147 17.571 0.020
2271.55710 17.570 0.021
2272.56019 17.505 0.019
2273.55540 17.642 0.028
2274.54526 17.450 0.021
2275.58848 17.596 0.022
2277.55314 17.580 0.023
2277.57282 17.636 0.020
2278.56341 17.348 0.022
2280.54050 17.491 0.028
2283.56877 17.527 0.024
2284.58099 17.584 0.022
2289.54810 17.371 0.016
2289.57465 17.392 0.018
2291.55907 17.420 0.018
2291.57435 17.384 0.017
2292.58330 17.591 0.024
2293.55260 17.535 0.021
2294.58614 17.576 0.024
2295.55003 17.603 0.022
2296.55235 17.502 0.028
2297.55155 17.636 0.026
2298.55742 17.444 0.029
2299.55709 17.620 0.025
2300.56253 17.398 0.022
2301.54874 17.616 0.028
2440.94068 17.532 0.022
2444.92808 17.625 0.027
2458.90978 17.400 0.019
2458.92456 17.445 0.023
2463.88817 17.573 0.023
2465.88575 17.512 0.019
2465.90063 17.535 0.020
2467.85969 17.431 0.019
2467.87459 17.466 0.021
2469.85931 17.375 0.016
2469.87428 17.374 0.018
2471.86754 17.374 0.019
2471.88232 17.391 0.021
2473.84501 17.521 0.019
2473.85977 17.439 0.021
2483.81725 17.596 0.019
2483.83209 17.583 0.020
2486.83260 17.547 0.025
2486.84770 17.528 0.024
2488.82428 17.628 0.028
2488.83932 17.566 0.026
2489.88106 17.525 0.020
2489.89581 17.527 0.021
2492.86258 17.640 0.024
2492.87730 17.623 0.027
2496.86166 17.625 0.018
2496.87674 17.638 0.020
2497.88444 17.395 0.018
2498.88414 17.586 0.018
2498.90275 17.596 0.019
2499.81842 17.602 0.020
2499.83322 17.590 0.021
2500.82283 17.488 0.018
2500.83760 17.512 0.020
2501.81281 17.611 0.019
2501.82763 17.621 0.019
2502.79259 17.407 0.017
2503.80659 17.643 0.017
2503.82279 17.627 0.023
2511.81647 17.517 0.020
2511.83123 17.548 0.021
2516.84958 17.645 0.024
2516.86533 17.611 0.022
2517.77816 17.389 0.017
2517.79350 17.374 0.018
2518.75301 17.566 0.019
2518.76782 17.582 0.021
2520.75000 17.557 0.018
2526.73628 17.376 0.013
2526.75130 17.394 0.015
2534.79459 17.603 0.021
2534.81233 17.573 0.021
2535.86566 17.556 0.022
2535.88841 17.575 0.027
2537.67569 17.368 0.023
2538.76430 17.637 0.022
2539.66248 17.446 0.019
2539.68035 17.428 0.023
2540.69468 17.576 0.029
2541.68579 17.525 0.019
2542.64436 17.513 0.019
2542.66189 17.486 0.029
2544.62096 17.425 0.015
2544.63585 17.436 0.018
2545.63829 17.630 0.019
2545.65589 17.606 0.019
2547.67362 17.632 0.023
2548.67045 17.374 0.017
2548.68534 17.359 0.018
2550.66511 17.413 0.018
2550.68013 17.410 0.018
2551.65176 17.586 0.019
2551.66677 17.567 0.019
2552.66790 17.515 0.014
2552.68290 17.522 0.018
2554.66130 17.596 0.017
2555.66906 17.508 0.018
2556.64757 17.605 0.021
2556.66312 17.607 0.021
2557.66046 17.457 0.014
2557.67538 17.480 0.016
2558.61743 17.672 0.025
2558.63224 17.624 0.023
2559.57327 17.402 0.020
2559.58813 17.447 0.023
2560.60714 17.579 0.022
2560.62201 17.597 0.034
2561.63291 17.424 0.021
2561.64769 17.389 0.025
2562.62521 17.593 0.022
2562.64027 17.554 0.020
2563.63332 17.511 0.022
2563.64827 17.525 0.021
2564.64901 17.589 0.023
2564.66387 17.618 0.021
2565.63480 17.617 0.019
2566.62215 17.461 0.018
2568.62243 17.427 0.021
2568.64248 17.429 0.040
2572.71867 17.428 0.022
2573.61037 17.655 0.027
2573.63693 17.678 0.028
2574.60292 17.496 0.021
2574.62041 17.487 0.020
2575.61992 17.576 0.017
2576.59478 17.593 0.025
2576.62041 17.581 0.025
2577.58740 17.481 0.026
2577.60638 17.462 0.026
2578.57632 17.642 0.023
2578.60456 17.556 0.023
2579.59632 17.428 0.020
2579.61418 17.464 0.021
2580.58433 17.622 0.023
2583.57978 17.397 0.019
2583.59756 17.350 0.022
2584.58782 17.602 0.025
2584.60535 17.638 0.025
2586.72241 17.658 0.026
2587.56653 17.592 0.023
2587.58169 17.591 0.022
2588.60982 17.509 0.020
2588.75242 17.664 0.025
2589.55171 17.659 0.024
2589.57503 17.642 0.022
2590.57114 17.472 0.025
2590.58631 17.485 0.022
2591.57255 17.682 0.022
2591.58758 17.632 0.022
2593.56232 17.623 0.020
2593.57761 17.630 0.019
2594.56667 17.414 0.020
2594.58199 17.371 0.020
2596.54218 17.513 0.022
2596.55718 17.484 0.023
2597.53051 17.535 0.021
2597.54542 17.539 0.022
2598.57643 17.542 0.019
2598.59252 17.514 0.020
2599.55397 17.513 0.025
2599.57476 17.486 0.025
2606.62534 17.655 0.021
2606.65948 17.642 0.026
2609.58740 17.477 0.019
2609.60238 17.411 0.020
2611.55379 17.550 0.025
2611.57236 17.622 0.032
2614.57772 17.494 0.020
2614.60127 17.520 0.018
2617.61778 17.628 0.029
2618.57096 17.388 0.023
2620.55371 17.481 0.020
2620.56875 17.465 0.026
2623.55726 17.515 0.023
2623.57639 17.555 0.024
2626.56799 17.624 0.029
2627.53391 17.400 0.027
2628.53770 17.663 0.039
2630.54141 17.600 0.031
2632.54416 17.594 0.021
2635.54193 17.608 0.017
2636.53927 17.470 0.024
2638.55540 17.507 0.028
2638.57313 17.484 0.030
2641.54215 17.630 0.023
2641.56343 17.630 0.022
2645.55555 17.556 0.021
2645.57303 17.524 0.020
2650.54742 17.631 0.023
2650.56254 17.621 0.023
2653.55744 17.391 0.023
2653.58288 17.427 0.022
2656.56223 17.597 0.034
2656.58131 17.580 0.025
2659.57127 17.578 0.023
2659.58872 17.551 0.024
2663.55342 17.648 0.030
2664.55262 17.424 0.024
2671.54775 17.550 0.027
2672.54167 17.629 0.037
2675.53928 17.445 0.024
2675.55775 17.416 0.022
2681.54779 17.501 0.022
2681.56258 17.517 0.024
2777.86191 17.598 0.029
2777.87690 17.579 0.029
2804.91976 17.502 0.027
2804.94331 17.499 0.038
2809.92839 17.468 0.020
2809.94292 17.470 0.023
2813.91184 17.398 0.018
2813.92837 17.392 0.020
2816.95272 17.620 0.043
2817.90084 17.575 0.027
2820.93675 17.501 0.020
2820.95213 17.501 0.039
2829.93559 17.557 0.020
2831.73745 17.400 0.024
2831.75198 17.357 0.022
2831.93378 17.497 0.022
2831.94826 17.486 0.024
2832.89334 17.623 0.022
2833.74095 17.498 0.025
2833.83883 17.331 0.021
2835.92419 17.396 0.020
2837.83021 17.572 0.033
2837.84471 17.482 0.029
2838.86536 17.595 0.030
2839.84093 17.677 0.032
2839.86731 17.576 0.024
2841.86497 17.603 0.021
2843.94331 17.611 0.025
2844.84645 17.398 0.016
2845.82830 17.637 0.022
2845.84279 17.642 0.023
2848.91487 17.420 0.023
2848.92944 17.422 0.024
2850.84644 17.556 0.021
2850.86219 17.508 0.022
2851.89092 17.604 0.024
2851.90553 17.584 0.022
2852.92418 17.513 0.023
2852.93873 17.445 0.021
2853.91640 17.548 0.020
2856.78933 17.602 0.029
2858.86902 17.634 0.020
2858.88355 17.628 0.018
2859.92994 17.429 0.018
2860.84955 17.594 0.019
2861.70308 17.621 0.018
2861.71775 17.581 0.019
2862.77413 17.517 0.020
2862.82513 17.559 0.022
2863.79287 17.666 0.034
2863.80778 17.591 0.028
2865.88113 17.598 0.023
2866.82374 17.448 0.021
2866.84009 17.485 0.027
2867.76162 17.623 0.018
2867.77607 17.627 0.018
2869.78839 17.639 0.020
2869.82454 17.624 0.021
2871.83634 17.643 0.020
2871.85083 17.628 0.019
2875.75623 17.442 0.020
2875.77139 17.470 0.021
2877.75708 17.425 0.016
2877.77158 17.446 0.017
2883.78402 17.455 0.015
2883.79861 17.436 0.016
2885.71908 17.649 0.021
2885.73374 17.619 0.022
2888.76670 17.429 0.019
2888.78193 17.453 0.019
2892.75343 17.416 0.027
2892.77380 17.444 0.025
2894.77700 17.426 0.022
2894.79932 17.391 0.019
2896.77839 17.523 0.019
2896.80063 17.488 0.018
2898.79473 17.586 0.020
2899.74755 17.492 0.017
2900.71891 17.605 0.017
2902.70507 17.646 0.019
2902.71966 17.612 0.018
2905.71209 17.485 0.018
2905.72678 17.462 0.017
2907.70902 17.611 0.018
2907.72782 17.540 0.016
2909.69991 17.647 0.018
2909.71520 17.625 0.017
2911.69374 17.673 0.017
2911.70828 17.644 0.017
2915.66548 17.612 0.019
2915.67993 17.607 0.019
2917.68093 17.599 0.018
2917.70535 17.588 0.017
2921.68104 17.485 0.021
2921.70047 17.473 0.020
2923.70203 17.449 0.019
2923.71685 17.454 0.020
2925.67340 17.425 0.019
2925.68812 17.366 0.016
2927.66352 17.468 0.019
2927.68565 17.401 0.020
2930.68852 17.565 0.020
2930.70346 17.530 0.020
2932.69176 17.511 0.019
2932.70630 17.510 0.019
2934.66986 17.440 0.017
2934.69007 17.429 0.017
2937.59506 17.621 0.024
2937.61027 17.571 0.021
2940.59220 17.585 0.016
2940.60711 17.575 0.017
2941.60470 17.509 0.016
2942.60711 17.617 0.019
2943.60016 17.452 0.021
2944.56306 17.643 0.022
2945.58369 17.414 0.024
2946.55454 17.605 0.024
2947.56207 17.420 0.018
2947.57659 17.390 0.019
2950.67488 17.629 0.021
2951.60237 17.510 0.026
2952.61069 17.571 0.020
2952.62943 17.575 0.020
2954.64184 17.554 0.026
2954.65660 17.566 0.026
2955.57605 17.658 0.027
2956.60256 17.448 0.016
2957.58962 17.656 0.020
2958.58730 17.378 0.017
2960.60409 17.436 0.021
2961.54159 17.555 0.027
2963.67606 17.596 0.025
2966.58121 17.609 0.017
2966.60323 17.633 0.018
2969.60316 17.453 0.018
2969.62401 17.471 0.021
2971.61697 17.397 0.018
2971.63169 17.444 0.019
2973.60443 17.452 0.017
2973.61958 17.418 0.019
2975.57816 17.592 0.021
2975.59384 17.550 0.020
2977.56566 17.656 0.030
2977.58644 17.666 0.029
2979.53384 17.656 0.028
2979.55251 17.674 0.028
2981.58210 17.649 0.035
2981.59730 17.677 0.034
2983.61857 17.611 0.030
2983.63365 17.630 0.029
2985.65155 17.635 0.026
2987.54922 17.548 0.021
2990.55782 17.654 0.020
2990.58039 17.638 0.020
2992.54288 17.631 0.025
2993.58305 17.420 0.015
2995.58837 17.359 0.014
2996.58709 17.638 0.018
2998.54445 17.553 0.026
2999.58152 17.552 0.020
3001.54717 17.588 0.022
3002.57338 17.492 0.026
3004.53793 17.404 0.023
3005.56489 17.656 0.024
3007.54565 17.605 0.020
3008.54874 17.503 0.023
3010.54491 17.560 0.020
3011.54716 17.573 0.028
3016.54739 17.645 0.026
3016.56209 17.646 0.023
3019.54979 17.429 0.017
3019.56588 17.368 0.017
3021.57468 17.468 0.015
3021.58939 17.424 0.015
3022.62602 17.610 0.019
3023.54376 17.611 0.022
3024.62593 17.544 0.019
3025.54107 17.609 0.019
3026.59522 17.486 0.017
3027.57729 17.644 0.023
3028.59611 17.434 0.019
3029.54090 17.605 0.027
3030.60415 17.429 0.016
3031.54408 17.591 0.021
3033.54176 17.606 0.021
3033.55631 17.598 0.019
3035.57511 17.579 0.023
3035.58967 17.579 0.019
3040.53647 17.697 0.029
3133.90518 17.603 0.024
3133.91983 17.633 0.022
3160.81751 17.400 0.021
3160.83210 17.404 0.021
3174.94838 17.628 0.024
3175.94299 17.429 0.016
3182.93279 17.545 0.015
3182.94717 17.567 0.017
3185.92248 17.637 0.018
3185.93700 17.628 0.018
3191.92468 17.645 0.019
3191.94337 17.605 0.019
3195.89784 17.505 0.018
3195.91275 17.524 0.017
3197.87385 17.419 0.019
3197.88830 17.476 0.020
3199.92176 17.435 0.023
3202.95107 17.682 0.048
3203.85046 17.550 0.016
3204.86514 17.529 0.019
3204.91647 17.568 0.019
3206.93350 17.530 0.024
3210.84625 17.382 0.016
3210.86743 17.412 0.017
3211.93205 17.650 0.021
3216.69524 17.638 0.025
3218.79720 17.644 0.029
3218.81170 17.660 0.031
3223.78766 17.429 0.019
3223.80840 17.401 0.020
3226.78282 17.535 0.018
3226.79748 17.536 0.020
3229.78360 17.596 0.018
3229.80257 17.638 0.018
3230.84178 17.495 0.016
3231.75689 17.606 0.028
3238.90615 17.399 0.016
3238.92084 17.389 0.018
3240.74515 17.619 0.021
3240.75975 17.597 0.021
3242.67328 17.611 0.019
3242.68777 17.595 0.023
3243.61966 17.481 0.022
3243.82047 17.470 0.019
3244.78706 17.556 0.023
3244.80151 17.612 0.021
3245.72858 17.414 0.017
3245.74697 17.412 0.019
3246.72512 17.551 0.025
3246.73943 17.569 0.019
3247.71986 17.513 0.020
3247.73456 17.507 0.021
3248.72889 17.546 0.018
3248.78098 17.581 0.024
3250.76826 17.523 0.017
3250.78415 17.533 0.017
3253.72469 17.631 0.020
3253.73959 17.669 0.022
3256.72238 17.391 0.016
3257.73981 17.521 0.014
3260.67731 17.556 0.020
3261.68694 17.498 0.015
3262.70931 17.618 0.015
3263.68035 17.450 0.013
3264.66497 17.639 0.017
3265.71454 17.449 0.014
3266.73600 17.621 0.020
3267.69939 17.399 0.015
3268.66569 17.552 0.016
3270.63943 17.517 0.021
3270.73585 17.603 0.019
3271.62255 17.624 0.019
3271.63716 17.592 0.024
3272.66789 17.511 0.018
3272.68665 17.513 0.020
3274.66165 17.482 0.019
3274.67634 17.464 0.019
3276.65410 17.394 0.019
3276.68501 17.398 0.019
3277.65551 17.598 0.024
3277.71768 17.636 0.021
3278.70370 17.427 0.022
3278.77528 17.439 0.021
3280.64791 17.538 0.015
3280.67100 17.438 0.016
3282.64281 17.567 0.012
3282.66174 17.575 0.013
3286.60597 17.656 0.018
3286.62464 17.650 0.018
3288.62373 17.599 0.018
3288.63835 17.588 0.017
3292.59388 17.557 0.018
3293.56997 17.600 0.016
3294.61056 17.517 0.018
3295.58834 17.590 0.013
3296.57698 17.445 0.015
3297.55518 17.658 0.017
3297.56999 17.624 0.017
3299.61243 17.644 0.014
3299.62690 17.643 0.016
3301.58467 17.648 0.025
3301.60095 17.553 0.024
3303.64860 17.606 0.021
3303.66320 17.612 0.021
3306.57959 17.637 0.017
3306.59408 17.584 0.015
3308.56498 17.651 0.023
3310.56822 17.602 0.023
3310.58276 17.620 0.022
3312.57033 17.613 0.017
3312.58500 17.588 0.019
3315.59091 17.524 0.016
3315.60556 17.476 0.016
3320.55015 17.432 0.019
3320.56877 17.388 0.019
3321.55589 17.628 0.021
3321.57081 17.620 0.019
3324.54934 17.427 0.018
3324.59511 17.386 0.016
3329.53368 17.495 0.021
3329.54856 17.453 0.018
3334.53899 17.613 0.024
3334.56787 17.698 0.029
3336.53952 17.612 0.024
3336.56060 17.579 0.020
3349.56894 17.595 0.015
3352.59001 17.543 0.018
3352.60475 17.517 0.018
3355.57374 17.471 0.015
3356.57829 17.632 0.018
3362.54160 17.574 0.021
3362.55668 17.566 0.019
3367.57169 17.613 0.021
3367.58637 17.630 0.023
3372.53769 17.396 0.018
3378.54970 17.636 0.020
3378.56430 17.607 0.019
3385.54864 17.435 0.021
3385.56327 17.464 0.021
3389.54748 17.597 0.022
3389.56205 17.568 0.020
3397.56075 17.569 0.028
3400.54752 17.634 0.028
3400.56791 17.673 0.031
3544.92396 17.607 0.020
3544.93832 17.616 0.020
3552.92997 17.448 0.021
3552.94425 17.413 0.027
3560.93404 17.570 0.016
3561.91192 17.512 0.015
3564.84304 17.653 0.019
3564.87920 17.621 0.020
3569.89774 17.470 0.017
3570.69781 17.370 0.023
3572.90095 17.535 0.020
3573.83080 17.616 0.021
3574.82710 17.410 0.016
3574.85125 17.433 0.019
3576.81479 17.413 0.018
3577.86934 17.580 0.019
3578.84977 17.389 0.014
3578.86785 17.377 0.019
3580.82070 17.528 0.021
3581.81438 17.495 0.017
3582.75635 17.681 0.019
3582.79732 17.599 0.021
3583.79692 17.413 0.017
3585.82067 17.421 0.011
3585.84036 17.437 0.012
3589.79235 17.458 0.015
3589.80710 17.409 0.015
3591.79820 17.536 0.014
3591.82144 17.482 0.016
3594.79400 17.494 0.014
3596.74807 17.362 0.019
3597.83606 17.631 0.021
3601.75762 17.568 0.017
3601.77946 17.555 0.019
3603.83321 17.567 0.017
3603.84758 17.585 0.019
3608.77038 17.629 0.014
3608.79028 17.613 0.017
3615.78352 17.485 0.015
3615.80330 17.487 0.017
3618.78334 17.501 0.014
3618.80054 17.514 0.019
3620.81764 17.480 0.014
3620.83235 17.501 0.016
3622.76177 17.354 0.014
3622.78405 17.379 0.024
3626.66353 17.608 0.018
3626.68409 17.579 0.020
3629.71061 17.405 0.023
3629.73933 17.485 0.020
3631.69564 17.387 0.019
3631.71714 17.402 0.021
3633.66192 17.401 0.021
3636.73284 17.585 0.018
3636.74733 17.570 0.020
3638.68526 17.498 0.018
3638.70750 17.547 0.015
3641.65140 17.654 0.017
3641.66985 17.611 0.018
3643.69440 17.637 0.022
3646.60605 17.541 0.020
3646.62205 17.586 0.025
3648.61596 17.620 0.020
3650.62368 17.609 0.022
3651.68457 17.502 0.015
3651.70279 17.485 0.017
3653.65084 17.391 0.015
3653.66917 17.445 0.015
3655.64628 17.391 0.015
3655.66464 17.411 0.016
3657.58293 17.545 0.021
3657.59742 17.502 0.017
3658.59906 17.521 0.021
3659.59830 17.642 0.024
3659.61304 17.551 0.022
3660.61702 17.595 0.022
3660.65258 17.565 0.020
3662.66359 17.513 0.026
3662.67826 17.500 0.027
3664.63250 17.414 0.013
3664.67161 17.427 0.014
3666.63092 17.422 0.015
3666.69511 17.409 0.015
3669.62981 17.617 0.021
3669.64822 17.609 0.020
3671.57086 17.490 0.019
3671.59359 17.486 0.019
3673.62263 17.472 0.023
3673.64204 17.522 0.023
3675.61741 17.445 0.015
3675.63197 17.434 0.016
3681.56430 17.586 0.023
3681.58308 17.467 0.021
3683.59468 17.571 0.018
3683.61305 17.578 0.019
3685.59129 17.634 0.017
3685.60988 17.613 0.031
3687.59625 17.721 0.021
3687.61488 17.546 0.030
3689.54960 17.624 0.018
3689.56804 17.566 0.018
3691.56661 17.616 0.019
3692.53959 17.541 0.018
3693.55470 17.533 0.022
3694.53689 17.600 0.023
3695.65424 17.570 0.017
3696.52913 17.648 0.017
3697.65666 17.571 0.024
3698.53438 17.582 0.024
3699.57544 17.366 0.015
3700.54613 17.639 0.020
3701.53327 17.424 0.017
3702.55199 17.644 0.022
3703.55242 17.472 0.016
3704.55290 17.531 0.019
3705.55810 17.559 0.014
3706.55935 17.536 0.017
3707.54387 17.605 0.019
3708.55277 17.465 0.019
3711.53731 17.617 0.023
3711.56020 17.618 0.021
3713.53925 17.622 0.022
3713.58256 17.631 0.018
3716.56932 17.510 0.028
3719.58308 17.551 0.020
3720.55778 17.652 0.026
3722.54335 17.655 0.024
3722.56165 17.676 0.023
3725.55210 17.357 0.014
3725.60229 17.409 0.014
3727.54651 17.460 0.016
3727.56502 17.470 0.021
3732.56762 17.510 0.019
3732.60997 17.518 0.018
3736.55824 17.383 0.016
3740.55101 17.504 0.017
3741.54882 17.586 0.023
3745.54432 17.514 0.025
3747.54957 17.471 0.024
3749.54630 17.383 0.029
3752.54737 17.589 0.020
3755.54563 17.636 0.034
3758.55025 17.404 0.020
3763.53942 17.604 0.017
3765.53577 17.611 0.018
3771.53551 17.439 0.020
3771.55417 17.455 0.021
3775.54098 17.428 0.020
3775.55909 17.391 0.020
3779.55553 17.549 0.029
3780.54162 17.516 0.026
3870.87691 17.367 0.025
3871.85221 17.659 0.026
3900.92627 17.500 0.017
3900.94067 17.522 0.020
3904.93986 17.659 0.016
3905.93536 17.442 0.016
3913.89406 17.617 0.015
3917.90903 17.612 0.016
3917.92345 17.671 0.018
3921.86896 17.588 0.023
3921.90622 17.632 0.025
3931.85926 17.415 0.018
3931.87736 17.412 0.019
3933.88984 17.404 0.013
3933.92210 17.423 0.015
3935.88616 17.493 0.015
3935.90047 17.495 0.015
3937.84285 17.592 0.022
3937.86129 17.636 0.022
3938.92098 17.519 0.019
3944.86078 17.407 0.015
3944.87550 17.433 0.022
3946.82510 17.554 0.014
3946.84040 17.535 0.015
3951.84780 17.468 0.014
3951.86208 17.421 0.013
3955.80893 17.387 0.021
3955.82346 17.440 0.022
3958.79051 17.530 0.016
3958.80499 17.544 0.019
3960.79089 17.483 0.014
3960.80507 17.456 0.016
3963.78761 17.684 0.021
3963.80179 17.623 0.020
3965.77947 17.595 0.013
3965.79362 17.644 0.013
3967.79282 17.601 0.013
3967.81339 17.567 0.014
3969.76330 17.539 0.014
3969.77928 17.531 0.016
3971.74031 17.491 0.014
3971.75481 17.495 0.014
3974.74284 17.638 0.018
3974.75700 17.680 0.018
3979.69750 17.597 0.017
3980.57816 17.407 0.021
3980.59507 17.466 0.021
3981.60504 17.632 0.016
3981.61931 17.622 0.018
3983.86656 17.495 0.018
3983.88072 17.441 0.019
3987.73745 17.578 0.016
3987.76028 17.686 0.018
3990.73476 17.446 0.015
3990.76754 17.420 0.014
3993.68044 17.444 0.016
3993.71046 17.529 0.017
3995.69742 17.421 0.013
3999.70780 17.387 0.013
3999.72250 17.402 0.014
4002.68552 17.532 0.014
4002.69967 17.556 0.015
4004.63708 17.454 0.016
4004.65132 17.489 0.015
4006.65684 17.432 0.012
4006.67774 17.468 0.015
4007.65622 17.622 0.016
4007.67053 17.602 0.016
4008.53539 17.527 0.015
4008.54976 17.493 0.015
4009.64462 17.612 0.020
4009.66073 17.645 0.021
4013.65968 17.481 0.023
4013.67422 17.640 0.024
4015.63599 17.446 0.023
4015.65480 17.485 0.023
4017.65795 17.455 0.016
4017.67279 17.432 0.017
4019.64757 17.319 0.018
4019.66172 17.464 0.019
4021.64085 17.379 0.013
4021.65516 17.376 0.013
4024.61252 17.524 0.015
4024.62854 17.548 0.016
4026.59309 17.464 0.015
4026.60749 17.501 0.015
4028.58894 17.388 0.014
4028.60325 17.391 0.014
4030.59823 17.364 0.014
4030.61248 17.408 0.014
4032.62066 17.343 0.017
4032.66746 17.326 0.018
4037.56269 17.489 0.018
4037.57886 17.496 0.016
4039.56791 17.441 0.015
4039.58214 17.427 0.015
4041.55996 17.384 0.018
4041.57429 17.422 0.018
4043.55168 17.421 0.021
4043.56735 17.368 0.021
4045.61799 17.392 0.018
4046.53969 17.533 0.018
4047.54593 17.516 0.017
4048.52844 17.498 0.019
4050.52683 17.385 0.014
4050.56407 17.466 0.015
4052.52222 17.391 0.016
4052.53650 17.425 0.015
4054.59103 17.386 0.017
4056.54777 17.469 0.019
4056.56300 17.384 0.019
4058.53291 17.535 0.019
4059.52461 17.544 0.017
4061.52748 17.436 0.015
4061.56010 17.557 0.021
4065.56273 17.381 0.013
4065.57726 17.393 0.014
4067.53763 17.384 0.017
4067.55936 17.385 0.015
4069.56164 17.480 0.017
4070.53158 17.592 0.022
4072.55853 17.518 0.019
4072.61892 17.607 0.020
4075.57519 17.590 0.018
4078.56567 17.399 0.016
4078.58004 17.405 0.014
4080.57749 17.377 0.016
4083.59968 17.546 0.022
4083.61416 17.640 0.026
4087.55972 17.451 0.015
4087.57399 17.462 0.015
4093.57702 17.400 0.014
4093.59350 17.420 0.015
4099.57172 17.626 0.020
4102.58113 17.464 0.021
4103.61605 17.660 0.025
4111.55398 17.467 0.014
4111.56812 17.488 0.014
4124.54821 17.440 0.016
4124.56303 17.463 0.018
4132.55035 17.502 0.024
4132.56510 17.580 0.025
4252.88490 17.522 0.031
4255.81841 17.587 0.030
4272.94175 17.609 0.026
4273.90398 17.424 0.023
4278.91299 17.542 0.022
4278.92677 17.598 0.024
4279.86557 17.583 0.027
4282.76804 17.402 0.021
4282.78599 17.421 0.023
4282.93229 17.455 0.022
4283.92326 17.630 0.024
4285.88260 17.618 0.021
4285.89621 17.639 0.023
4289.93904 17.567 0.020
4289.95264 17.590 0.033
4291.91665 17.558 0.023
4293.86370 17.439 0.016
4293.88475 17.455 0.017
4296.85539 17.622 0.016
4296.86895 17.652 0.018
4297.88807 17.403 0.016
4297.90172 17.398 0.018
4298.93007 17.662 0.024
4299.83682 17.467 0.016
4300.84424 17.536 0.017
4300.85817 17.565 0.019
4301.86246 17.575 0.014
4302.87864 17.575 0.020
4302.89240 17.583 0.027
4303.89586 17.587 0.019
4306.83302 17.410 0.020
4307.84261 17.656 0.018
4307.87607 17.617 0.018
4307.93321 17.620 0.017
4308.62367 17.606 0.022
4308.79233 17.391 0.017
4309.85280 17.642 0.023
4310.80207 17.481 0.021
4310.81626 17.538 0.025
4311.79039 17.551 0.029
4311.80445 17.553 0.031
4312.86357 17.487 0.015
4312.87881 17.453 0.017
4314.88369 17.574 0.024
4314.89851 17.545 0.023
4316.78625 17.673 0.025
4316.80565 17.611 0.024
4319.82056 17.387 0.017
4326.79660 17.497 0.018
4326.81100 17.528 0.030
4327.77646 17.597 0.023
4327.79069 17.632 0.030
4328.79230 17.414 0.022
4328.80646 17.470 0.020
4329.89162 17.679 0.025
4330.83726 17.426 0.017
4331.87286 17.650 0.027
4333.90715 17.672 0.029
4334.86523 17.390 0.020
4338.87537 17.573 0.028
4340.74709 17.656 0.024
4340.86579 17.633 0.023
4341.72892 17.406 0.020
4341.74316 17.391 0.021
4342.75323 17.635 0.022
4342.76741 17.684 0.024
4343.72233 17.472 0.016
4343.73651 17.407 0.019
4344.72226 17.569 0.020
4345.75018 17.507 0.019
4345.76463 17.460 0.021
4347.73930 17.583 0.016
4347.75352 17.586 0.019
4349.73095 17.633 0.017
4349.74518 17.660 0.019
4351.68862 17.619 0.021
4351.70328 17.639 0.022
4354.71976 17.408 0.017
4354.73403 17.386 0.019
4356.72220 17.492 0.018
4356.73645 17.472 0.020
4358.75178 17.547 0.022
4358.76637 17.514 0.021
4361.67998 17.422 0.020
4361.69421 17.419 0.021
4363.56141 17.556 0.022
4363.59713 17.473 0.024
4364.75176 17.618 0.023
4367.64534 17.590 0.023
4367.67339 17.528 0.023
4371.63895 17.645 0.024
4371.66124 17.652 0.023
4373.65729 17.655 0.020
4377.69373 17.620 0.018
4377.72903 17.672 0.020
4379.60642 17.542 0.024
4379.62074 17.551 0.025
4380.69934 17.525 0.018
4380.71657 17.511 0.019
4381.71687 17.571 0.022
4382.66069 17.636 0.023
4384.67663 17.609 0.022
4384.69186 17.636 0.025
4387.69165 17.398 0.014
4387.70593 17.460 0.015
4390.63152 17.556 0.019
4390.64568 17.573 0.019
4392.65568 17.511 0.016
4392.66990 17.515 0.019
4395.61635 17.605 0.022
4395.65128 17.636 0.024
4397.67753 17.625 0.022
4397.69191 17.638 0.022
4399.71152 17.649 0.039
4400.62140 17.434 0.024
4403.61596 17.524 0.019
4403.63048 17.511 0.020
4408.61932 17.591 0.019
4411.63181 17.381 0.017
4411.64622 17.404 0.017
4416.64613 17.527 0.018
4416.66101 17.539 0.019
4421.58987 17.634 0.021
4421.66385 17.636 0.024
4424.64668 17.372 0.018
4426.60766 17.570 0.024
4426.62238 17.541 0.024
4428.54689 17.629 0.029
4428.56130 17.604 0.028
4430.58534 17.667 0.027
4430.59985 17.609 0.024
4432.59334 17.611 0.021
4434.59830 17.627 0.020
4434.61278 17.651 0.022
4436.57463 17.587 0.020
4436.58914 17.585 0.019
4438.59637 17.567 0.022
4438.61166 17.601 0.023
4440.57083 17.444 0.020
4441.57418 17.631 0.023
4442.55010 17.438 0.023
4450.56413 17.594 0.025
4450.58581 17.562 0.026
4453.54177 17.435 0.021
4453.55612 17.490 0.022
4456.54310 17.632 0.027
4456.55763 17.676 0.028
4463.55425 17.621 0.027
4463.56959 17.623 0.030
4474.59261 17.533 0.029
4476.55427 17.641 0.023
4476.64093 17.503 0.019
4479.58406 17.470 0.026
4480.57305 17.654 0.024
4482.58165 17.664 0.033
4483.57708 17.456 0.023
4486.58239 17.500 0.029
4490.59299 17.475 0.019
4492.59450 17.460 0.021
4609.85140 17.471 0.020
4609.86562 17.507 0.024
4628.94598 17.412 0.021
4630.94360 17.328 0.020
4638.91560 17.669 0.020
4638.93052 17.633 0.023
4652.89110 17.389 0.020
4652.90543 17.360 0.022
4656.89915 17.528 0.017
4661.88662 17.446 0.020
4662.75530 17.518 0.020
4663.70484 17.606 0.024
4663.72316 17.622 0.025
4664.72165 17.550 0.027
4665.78205 17.574 0.025
4665.79628 17.566 0.024
4666.86972 17.565 0.023
4666.88412 17.565 0.028
4670.86412 17.473 0.018
4670.87836 17.491 0.021
4671.81060 17.614 0.022
4671.86836 17.648 0.022
4672.83846 17.380 0.017
4675.84480 17.601 0.020
4675.85894 17.604 0.026
4681.83568 17.505 0.016
4683.82376 17.419 0.017
4684.84540 17.606 0.017
4685.81702 17.357 0.017
4685.83117 17.380 0.018
4687.85253 17.374 0.015
4687.86671 17.448 0.017
4689.72575 17.588 0.019
4689.74003 17.611 0.019
4690.69339 17.423 0.016
4691.69596 17.657 0.027
4691.71074 17.633 0.029
4693.85142 17.569 0.023
4693.86580 17.607 0.024
4696.77321 17.394 0.019
4696.78741 17.459 0.031
4698.71327 17.544 0.017
4698.72752 17.542 0.019
4700.74465 17.589 0.017
4700.75895 17.557 0.019
4701.69903 17.470 0.015
4701.71323 17.513 0.018
4701.76409 17.512 0.018
4702.71178 17.665 0.020
4702.82418 17.531 0.020
4703.70919 17.428 0.016
4703.72342 17.470 0.017
4704.72811 17.625 0.020
4704.74242 17.596 0.017
4705.69091 17.387 0.016
4705.74960 17.419 0.017
4708.79621 17.640 0.020
4710.70910 17.589 0.015
4710.72411 17.538 0.017
4716.71296 17.424 0.014
4719.70535 17.553 0.026
4719.72002 17.668 0.027
4725.68119 17.479 0.019
4725.69593 17.471 0.019
4728.70123 17.610 0.020
4728.71753 17.632 0.022
4731.69963 17.404 0.015
4731.71460 17.425 0.015
4734.68584 17.515 0.015
4734.70319 17.603 0.018
4743.66141 17.590 0.017
4743.67778 17.617 0.019
4748.65341 17.613 0.017
4748.66764 17.601 0.019
4750.65503 17.641 0.022
4750.66941 17.664 0.024
4750.70059 17.626 0.022
4754.61198 17.609 0.020
4754.62627 17.589 0.025
4756.62124 17.564 0.020
4756.63557 17.561 0.020
4758.60171 17.513 0.016
4758.61600 17.509 0.017
4760.58844 17.431 0.015
4760.60267 17.436 0.017
4762.56474 17.413 0.016
4762.57907 17.399 0.019
4766.56137 17.535 0.023
4766.57554 17.512 0.027
4768.69257 17.397 0.017
4769.61322 17.541 0.025
4771.64423 17.519 0.016
4773.59478 17.405 0.018
4773.62963 17.456 0.016
4775.61924 17.430 0.020
4776.63853 17.645 0.024
4777.56756 17.483 0.021
4778.64894 17.579 0.019
4779.56801 17.530 0.021
4781.54176 17.614 0.022
4781.55606 17.633 0.021
4782.61207 17.506 0.021
4782.62672 17.526 0.022
4783.53633 17.635 0.024
4785.55612 17.697 0.024
4785.57043 17.623 0.024
4786.59598 17.402 0.019
4788.57038 17.422 0.016
4788.58465 17.396 0.016
4790.55244 17.538 0.016
4790.56692 17.524 0.016
4792.52821 17.626 0.019
4792.54278 17.585 0.019
4794.53193 17.679 0.019
4796.58130 17.666 0.018
4796.61627 17.646 0.018
4798.54780 17.628 0.022
4798.56216 17.629 0.021
4800.54178 17.588 0.021
4800.58194 17.615 0.019
4802.56994 17.550 0.019
4802.58795 17.585 0.020
4804.54102 17.519 0.025
4804.56955 17.573 0.025
4806.57836 17.484 0.019
4808.58651 17.453 0.022
4808.60831 17.482 0.019
4810.53856 17.402 0.021
4810.58397 17.429 0.019
4812.55843 17.412 0.027
4813.54559 17.550 0.022
4814.54810 17.569 0.022
4815.53656 17.564 0.023
4817.54760 17.472 0.018
4817.56174 17.517 0.019
4819.54147 17.466 0.021
4819.55578 17.460 0.021
4821.59772 17.461 0.017
4821.61672 17.508 0.019
4823.56767 17.392 0.015
4823.58188 17.396 0.017
4825.58795 17.418 0.020
4825.60254 17.435 0.021
4832.54460 17.412 0.019
4832.56098 17.440 0.020
4834.57156 17.397 0.021
4834.58602 17.450 0.022
4836.57950 17.420 0.022
4837.57727 17.643 0.029
4838.55226 17.526 0.026
4841.54309 17.539 0.022
4842.55734 17.628 0.029
4843.54778 17.496 0.024
4844.55804 17.621 0.021
4845.54536 17.393 0.023
4846.55269 17.616 0.021
4847.61308 17.361 0.025
4848.59324 17.648 0.020
4849.56391 17.406 0.018
4849.57835 17.384 0.017
4853.56146 17.553 0.020
4853.57601 17.586 0.019
4854.56497 17.492 0.022
4856.55697 17.469 0.018
4864.56170 17.535 0.019
4865.54340 17.469 0.021
