2088.91177 15.504 0.007
2090.87174 15.565 0.007
2103.92598 15.411 0.006
2104.94454 15.598 0.007
2106.84238 15.461 0.007
2113.90787 15.476 0.007
2116.82639 15.436 0.006
2117.92721 15.484 0.006
2123.77354 15.549 0.007
2124.79069 15.492 0.007
2127.78376 15.413 0.007
2128.78121 15.424 0.007
2129.81134 15.600 0.007
2130.77970 15.354 0.006
2131.90546 15.529 0.007
2132.76102 15.569 0.007
2134.76476 15.541 0.007
2135.79763 15.510 0.006
2136.81358 15.363 0.006
2137.76990 15.576 0.007
2140.75930 15.600 0.007
2142.81508 15.499 0.007
2143.77394 15.581 0.007
2144.90491 15.323 0.006
2155.83192 15.332 0.007
2156.78081 15.550 0.007
2160.68948 15.504 0.007
2162.71660 15.597 0.007
2166.70924 15.364 0.006
2172.70166 15.388 0.006
2173.68203 15.593 0.006
2174.78926 15.390 0.005
2184.65606 15.567 0.007
2185.62025 15.449 0.007
2186.64344 15.427 0.007
2187.75201 15.609 0.007
2190.64640 15.566 0.006
2191.73825 15.326 0.006
2192.62078 15.529 0.006
2193.63895 15.497 0.006
2194.61041 15.349 0.006
2195.67487 15.577 0.005
2200.76945 15.517 0.007
2201.62341 15.599 0.007
2203.65915 15.543 0.007
2204.61457 15.540 0.007
2208.65872 15.430 0.007
2211.59393 15.470 0.007
2212.59774 15.595 0.007
2213.60531 15.341 0.007
2214.59185 15.538 0.007
2215.60638 15.541 0.007
2217.59184 15.566 0.007
2222.60372 15.472 0.007
2224.66119 15.326 0.006
2226.59240 15.572 0.007
2228.51696 15.548 0.007
2229.52248 15.495 0.007
2231.52654 15.576 0.007
2233.52894 15.435 0.007
2235.51372 15.370 0.007
2237.53593 15.575 0.007
2240.59189 15.506 0.007
2244.57146 15.451 0.007
2249.63813 15.336 0.006
2251.64378 15.500 0.007
2253.62266 15.602 0.007
2256.55971 15.597 0.007
2259.60042 15.574 0.007
2263.53676 15.344 0.006
2265.57223 15.447 0.006
2270.57814 15.579 0.007
2272.55684 15.532 0.007
2274.54190 15.344 0.007
2277.54980 15.413 0.007
2278.56007 15.587 0.007
2283.56540 15.541 0.007
2289.54475 15.600 0.007
2291.55573 15.476 0.007
2292.57994 15.594 0.007
2294.58273 15.541 0.007
2296.54892 15.351 0.007
2300.55911 15.610 0.007
2440.93704 15.577 0.007
2458.90166 15.346 0.006
2465.88214 15.604 0.007
2467.85607 15.455 0.007
2469.85566 15.358 0.006
2471.86394 15.568 0.007
2473.84140 15.553 0.007
2483.81365 15.331 0.006
2486.82898 15.381 0.007
2489.87744 15.467 0.007
2492.85895 15.520 0.008
2495.84683 15.535 0.006
2496.85806 15.519 0.007
2497.88082 15.368 0.007
2498.88056 15.585 0.007
2499.81482 15.471 0.007
2500.81923 15.425 0.006
2501.80920 15.601 0.007
2502.78900 15.400 0.007
2503.80298 15.494 0.006
2511.81288 15.434 0.007
2516.84599 15.345 0.007
2517.77457 15.544 0.007
2518.74942 15.555 0.007
2520.74643 15.569 0.007
2526.73270 15.601 0.007
2534.79124 15.608 0.007
2535.88484 15.394 0.007
2539.65552 15.493 0.007
2541.66442 15.359 0.006
2542.64099 15.540 0.007
2544.61738 15.353 0.006
2545.63472 15.583 0.007
2547.65243 15.421 0.007
2548.66688 15.616 0.007
2550.66009 15.484 0.007
2551.64818 15.583 0.007
2552.65947 15.352 0.006
2554.65773 15.538 0.007
2555.66548 15.360 0.007
2556.64402 15.585 0.007
2557.65688 15.486 0.006
2558.61387 15.407 0.007
2559.56970 15.590 0.007
2560.60358 15.414 0.007
2561.62933 15.477 0.007
2562.62164 15.604 0.007
2563.62973 15.351 0.007
2564.64543 15.536 0.007
2565.63145 15.557 0.007
2566.61880 15.360 0.007
2568.61908 15.496 0.007
2571.60279 15.447 0.007
2572.71531 15.504 0.007
2573.60639 15.622 0.007
2574.59957 15.372 0.007
2575.60586 15.529 0.005
2578.57297 15.554 0.007
2579.59297 15.515 0.007
2580.58099 15.386 0.007
2583.57642 15.456 0.007
2584.58445 15.614 0.007
2586.71496 15.544 0.007
2587.56297 15.609 0.007
2588.74886 15.353 0.007
2589.54813 15.548 0.007
2590.56755 15.521 0.007
2591.56896 15.368 0.007
2593.55874 15.460 0.007
2594.56308 15.435 0.007
2596.53861 15.406 0.007
2597.52692 15.493 0.007
2598.57284 15.591 0.007
2599.55038 15.360 0.007
2606.62176 15.624 0.007
2609.58382 15.606 0.007
2611.55023 15.530 0.007
2614.59775 15.600 0.007
2617.61424 15.616 0.007
2620.55017 15.618 0.007
2623.55370 15.570 0.007
2627.53037 15.416 0.007
2630.53803 15.496 0.007
2635.53832 15.346 0.006
2638.55173 15.413 0.007
2641.53492 15.488 0.007
2645.55216 15.565 0.007
2650.54384 15.628 0.007
2656.57789 15.559 0.007
2659.56787 15.511 0.007
2664.54919 15.611 0.007
2777.85829 15.559 0.007
2804.93974 15.608 0.008
2809.92479 15.513 0.007
2813.90827 15.472 0.007
2816.94914 15.400 0.007
2819.95275 15.305 0.007
2829.93202 15.584 0.007
2831.73391 15.478 0.007
2831.93021 15.529 0.007
2833.73741 15.339 0.007
2837.82665 15.559 0.008
2839.83732 15.406 0.006
2841.86143 15.380 0.007
2843.93973 15.565 0.007
2845.82475 15.531 0.007
2848.91132 15.580 0.007
2850.84288 15.424 0.007
2851.88740 15.613 0.007
2852.92065 15.352 0.007
2858.86548 15.361 0.006
2859.92640 15.576 0.007
2861.69955 15.388 0.006
2862.77059 15.592 0.007
2863.78935 15.407 0.007
2866.81966 15.332 0.007
2867.75809 15.515 0.007
2869.78486 15.328 0.006
2871.82583 15.487 0.007
2875.71557 15.445 0.007
2883.78043 15.371 0.006
2885.71556 15.454 0.007
2888.76319 15.369 0.007
2892.74992 15.550 0.007
2894.79580 15.377 0.007
2896.79713 15.441 0.007
2899.74403 15.377 0.006
2902.70156 15.333 0.006
2905.70858 15.347 0.007
2907.70551 15.463 0.007
2909.69642 15.581 0.007
2911.69023 15.479 0.006
2915.66194 15.533 0.007
2917.67741 15.568 0.007
2921.67751 15.395 0.007
2923.69852 15.582 0.007
2925.66988 15.515 0.007
2927.66001 15.347 0.007
2930.68500 15.395 0.007
2932.68823 15.425 0.007
2934.66636 15.602 0.007
2937.59156 15.560 0.007
2940.58815 15.501 0.007
2941.60122 15.367 0.006
2943.59666 15.445 0.007
2945.58018 15.594 0.007
2947.55855 15.486 0.007
2950.67135 15.538 0.007
2952.60715 15.358 0.006
2954.63835 15.448 0.007
2955.57251 15.424 0.007
2957.58609 15.375 0.007
2960.59636 15.339 0.007
2963.67255 15.386 0.007
2966.59971 15.425 0.006
2969.59964 15.492 0.007
2971.61345 15.334 0.006
2973.60089 15.534 0.007
2975.57464 15.554 0.007
2977.56214 15.425 0.007
2979.53033 15.410 0.007
2981.57858 15.586 0.008
2983.61503 15.539 0.007
2985.61495 15.347 0.007
2987.52991 15.505 0.007
2990.55427 15.425 0.007
2993.57951 15.355 0.006
2996.58354 15.356 0.006
2999.57800 15.395 0.007
3002.56574 15.455 0.007
3005.56136 15.515 0.007
3008.54519 15.547 0.007
3011.54362 15.582 0.007
3016.54386 15.507 0.007
3019.54623 15.559 0.007
3021.57111 15.385 0.006
3033.53820 15.600 0.007
3133.90157 15.403 0.007
3160.81394 15.595 0.007
3174.94480 15.485 0.007
3182.92920 15.563 0.006
3185.91892 15.492 0.007
3191.92113 15.365 0.006
3195.89428 15.551 0.007
3197.87030 15.362 0.007
3199.90123 15.449 0.007
3202.94750 15.367 0.007
3204.86161 15.589 0.007
3206.92996 15.548 0.007
3210.84272 15.473 0.006
3218.79367 15.566 0.007
3223.78412 15.588 0.007
3226.77928 15.588 0.007
3230.83824 15.334 0.006
3238.90263 15.351 0.006
3242.66977 15.518 0.007
3245.72505 15.581 0.007
3246.72160 15.451 0.007
3247.71632 15.416 0.007
3248.72541 15.595 0.007
3250.76478 15.496 0.006
3253.72120 15.541 0.007
3257.73627 15.468 0.006
3259.65579 15.601 0.007
3261.68344 15.464 0.006
3263.67684 15.347 0.006
3265.71104 15.524 0.006
3267.69588 15.567 0.006
3269.77192 15.443 0.007
3270.73235 15.597 0.007
3271.61904 15.426 0.006
3272.66438 15.457 0.006
3274.65816 15.355 0.007
3276.65062 15.557 0.007
3277.65199 15.353 0.006
3278.70022 15.543 0.007
3280.64440 15.381 0.006
3282.63929 15.416 0.006
3286.60249 15.506 0.006
3288.62024 15.329 0.006
3292.59039 15.568 0.007
3294.60707 15.425 0.006
3296.57348 15.371 0.005
3297.55169 15.469 0.006
3299.60893 15.321 0.005
3301.58116 15.496 0.007
3303.64511 15.580 0.007
3306.57609 15.588 0.006
3308.56150 15.465 0.007
3310.56471 15.338 0.007
3312.56683 15.536 0.006
3315.58737 15.458 0.006
3320.54665 15.596 0.007
3321.55241 15.324 0.007
3324.54582 15.332 0.007
3329.53015 15.421 0.007
3334.56435 15.574 0.007
3336.53600 15.568 0.007
3349.53557 15.384 0.005
3352.58648 15.450 0.006
3356.57476 15.564 0.006
3362.53806 15.436 0.006
3367.56812 15.578 0.007
3378.54614 15.584 0.007
3385.54507 15.438 0.007
3389.54389 15.546 0.007
3397.55717 15.623 0.007
3400.54394 15.576 0.008
3544.92033 15.349 0.006
3560.92309 15.453 0.006
3564.83207 15.474 0.006
3570.68686 15.537 0.007
3572.85480 15.387 0.007
3574.81614 15.425 0.006
3576.80386 15.594 0.007
3578.83884 15.525 0.006
3580.80979 15.328 0.006
3582.74541 15.520 0.006
3583.78596 15.370 0.006
3585.80971 15.435 0.005
3589.78144 15.498 0.006
3591.78728 15.338 0.006
3594.78310 15.359 0.006
3597.82005 15.444 0.006
3601.74669 15.585 0.006
3603.82232 15.551 0.006
3608.75947 15.412 0.005
3615.77263 15.525 0.006
3618.77242 15.461 0.006
3620.80676 15.596 0.006
3622.75091 15.465 0.006
3626.65262 15.561 0.006
3629.72840 15.489 0.007
3631.68476 15.601 0.007
3633.63136 15.443 0.007
3636.72193 15.520 0.006
3638.69661 15.341 0.005
3641.63605 15.371 0.006
3643.66899 15.441 0.006
3646.59512 15.403 0.006
3648.60509 15.590 0.007
3651.67367 15.503 0.006
3653.63996 15.566 0.006
3655.63539 15.424 0.006
3657.57203 15.395 0.006
3659.58743 15.566 0.007
3660.60612 15.319 0.006
3662.65267 15.489 0.007
3664.62161 15.549 0.006
3666.61993 15.405 0.006
3669.61888 15.481 0.006
3671.55994 15.341 0.006
3673.61176 15.538 0.007
3675.60650 15.573 0.006
3681.55340 15.587 0.007
3683.58379 15.518 0.006
3685.58042 15.335 0.006
3687.58290 15.493 0.006
3689.53868 15.573 0.006
3691.55568 15.428 0.006
3693.54384 15.341 0.006
3695.64337 15.530 0.006
3697.64383 15.568 0.007
3699.56455 15.329 0.006
3701.52240 15.459 0.007
3703.54156 15.583 0.007
3705.54721 15.477 0.006
3707.53297 15.347 0.006
3711.52641 15.598 0.007
3713.52834 15.429 0.006
3716.55842 15.490 0.007
3720.54682 15.513 0.007
3722.53242 15.577 0.007
3725.54119 15.601 0.006
3727.53558 15.496 0.006
3732.55667 15.364 0.006
3736.54731 15.606 0.007
3741.53786 15.545 0.007
3747.53864 15.600 0.007
3752.53638 15.522 0.007
3758.53929 15.581 0.007
3763.52847 15.519 0.007
3771.52452 15.462 0.007
3775.52999 15.549 0.007
3779.54456 15.394 0.007
3870.86587 15.498 0.007
3900.91531 15.413 0.006
3904.92888 15.576 0.006
3909.94792 15.579 0.007
3917.89810 15.537 0.006
3920.94511 15.578 0.006
3931.84826 15.556 0.006
3933.87888 15.399 0.006
3935.87521 15.415 0.006
3937.83191 15.603 0.007
3944.83217 15.383 0.006
3946.81412 15.431 0.006
3951.83704 15.577 0.006
3955.79812 15.361 0.007
3958.77970 15.426 0.006
3960.78012 15.392 0.006
3963.77685 15.350 0.006
3965.76867 15.528 0.006
3967.75875 15.557 0.006
3969.75255 15.398 0.006
3971.72954 15.410 0.006
3974.73212 15.346 0.006
3976.75815 15.538 0.006
3980.56741 15.347 0.006
3981.58701 15.575 0.006
3983.85583 15.486 0.006
3987.72666 15.548 0.006
3990.72401 15.490 0.006
3993.66965 15.452 0.007
3995.68667 15.583 0.006
3999.69702 15.332 0.005
4002.67477 15.354 0.005
4004.62635 15.473 0.006
4006.64608 15.590 0.006
4007.64548 15.390 0.006
4008.52469 15.459 0.006
4009.63389 15.584 0.007
4013.61274 15.348 0.006
4015.62523 15.467 0.007
4017.64717 15.590 0.006
4019.63683 15.473 0.006
4021.63007 15.348 0.005
4024.60177 15.348 0.005
4026.58232 15.477 0.006
4028.57820 15.584 0.006
4030.58413 15.441 0.006
4032.60990 15.350 0.006
4037.55191 15.501 0.007
4039.55717 15.589 0.006
4041.54922 15.448 0.007
4043.54093 15.376 0.007
4045.60723 15.554 0.007
4047.53519 15.554 0.007
4048.51768 15.506 0.007
4050.51608 15.573 0.006
4052.51148 15.417 0.006
4054.51874 15.386 0.006
4058.52212 15.542 0.007
4065.55195 15.393 0.006
4067.54860 15.583 0.007
4070.52084 15.513 0.007
4072.54775 15.560 0.007
4075.56439 15.595 0.007
4078.55488 15.579 0.006
4080.56671 15.531 0.006
4083.58891 15.561 0.007
4087.54892 15.387 0.006
4093.56623 15.341 0.006
4099.56090 15.472 0.006
4102.56680 15.542 0.007
4111.54316 15.584 0.006
4132.53214 15.445 0.007
4252.85735 15.421 0.007
4255.78321 15.349 0.007
4258.94514 15.342 0.007
4272.93175 15.397 0.007
4278.90299 15.521 0.007
4279.85554 15.579 0.007
4282.75806 15.519 0.007
4282.92228 15.499 0.007
4283.91326 15.404 0.007
4285.87263 15.426 0.007
4289.92905 15.520 0.007
4293.85372 15.513 0.007
4296.84542 15.444 0.006
4297.87805 15.445 0.007
4298.90992 15.607 0.006
4300.83426 15.497 0.007
4301.85251 15.557 0.006
4302.86863 15.332 0.007
4303.88589 15.538 0.007
4307.83263 15.445 0.006
4307.92320 15.424 0.006
4308.61368 15.382 0.007
4309.84280 15.593 0.007
4310.79210 15.398 0.007
4311.78042 15.487 0.007
4312.85358 15.579 0.007
4314.87372 15.563 0.007
4316.77629 15.346 0.007
4319.81058 15.424 0.007
4326.78664 15.527 0.007
4327.76570 15.346 0.007
4328.78151 15.554 0.007
4328.92569 15.570 0.007
4330.82650 15.418 0.007
4334.85446 15.573 0.007
4339.92421 15.567 0.007
4340.85500 15.450 0.007
4341.71813 15.386 0.007
4342.74245 15.582 0.007
4343.71156 15.416 0.006
4344.71146 15.444 0.007
4345.73938 15.587 0.007
4347.72851 15.501 0.006
4349.72014 15.341 0.006
4351.67789 15.530 0.007
4354.70900 15.453 0.007
4356.71855 15.590 0.007
4358.74105 15.509 0.007
4363.55066 15.337 0.007
4367.63458 15.590 0.007
4371.65046 15.350 0.007
4377.68300 15.417 0.006
4379.59562 15.415 0.007
4380.68855 15.476 0.007
4381.70609 15.593 0.007
4384.67293 15.534 0.007
4387.68089 15.460 0.006
4390.62074 15.414 0.007
4392.64494 15.588 0.007
4395.60559 15.563 0.007
4397.66675 15.567 0.007
4399.70073 15.417 0.007
4403.60520 15.588 0.007
4406.66400 15.544 0.007
4408.60856 15.546 0.007
4411.62101 15.579 0.007
4416.63533 15.519 0.007
4419.57304 15.552 0.007
4421.57909 15.371 0.007
4424.63591 15.436 0.007
4426.59690 15.391 0.007
4428.53611 15.580 0.007
4430.57456 15.546 0.007
4432.58255 15.365 0.006
4434.58750 15.454 0.006
4436.55273 15.591 0.007
4438.58559 15.493 0.007
4440.54462 15.359 0.007
4442.53931 15.532 0.007
4448.58657 15.389 0.007
4450.57499 15.591 0.007
4453.52948 15.536 0.007
4456.53229 15.481 0.007
4463.54346 15.512 0.007
4474.58861 15.525 0.007
4476.63012 15.345 0.006
4478.53956 15.477 0.007
4480.55836 15.580 0.007
4482.57085 15.457 0.007
4486.55373 15.551 0.007
4490.58216 15.395 0.007
4609.84050 15.569 0.007
4628.93507 15.529 0.007
4638.90471 15.355 0.006
4644.93920 15.412 0.006
4652.88029 15.358 0.007
4656.88833 15.612 0.007
4662.74448 15.597 0.007
4663.69051 15.349 0.007
4664.71078 15.520 0.007
4665.77125 15.532 0.007
4666.83953 15.382 0.007
4670.85333 15.594 0.007
4671.85754 15.375 0.006
4672.82760 15.500 0.007
4675.83402 15.537 0.007
4681.82488 15.594 0.006
4683.78504 15.486 0.007
4684.83458 15.567 0.007
4685.80622 15.346 0.006
4687.81773 15.531 0.005
4689.71496 15.558 0.007
4690.68265 15.511 0.007
4691.68512 15.381 0.007
4693.84065 15.399 0.006
4696.76245 15.355 0.007
4698.70250 15.578 0.007
4700.73384 15.558 0.007
4701.68823 15.511 0.007
4703.69840 15.578 0.007
4704.71731 15.447 0.006
4705.68012 15.437 0.007
4708.78545 15.527 0.006
4710.69836 15.341 0.005
4716.70217 15.428 0.006
4719.69459 15.497 0.007
4721.70163 15.336 0.007
4725.67047 15.573 0.007
4728.69049 15.588 0.007
4731.68887 15.573 0.007
4734.67508 15.523 0.007
4743.65066 15.371 0.006
4748.64267 15.481 0.006
4750.64427 15.610 0.007
4754.60121 15.369 0.007
4756.61049 15.547 0.007
4758.59094 15.556 0.007
4760.57772 15.393 0.006
4762.55400 15.445 0.006
4766.55061 15.482 0.007
4768.68180 15.332 0.006
4771.63349 15.380 0.006
4773.58399 15.445 0.006
4775.60853 15.600 0.007
4776.62778 15.370 0.007
4778.63820 15.556 0.007
4781.53099 15.522 0.007
4782.60130 15.374 0.007
4785.54538 15.408 0.007
4786.58521 15.580 0.007
4788.55962 15.484 0.006
4790.54168 15.337 0.006
4792.51745 15.525 0.007
4794.52115 15.554 0.007
4796.57052 15.416 0.006
4798.53705 15.410 0.007
4800.53099 15.584 0.007
4802.55913 15.540 0.007
4804.52590 15.361 0.007
4806.56757 15.474 0.007
4808.59746 15.592 0.007
4810.52775 15.468 0.007
4812.54759 15.348 0.007
4814.53726 15.545 0.007
4817.53676 15.483 0.007
4819.53067 15.581 0.007
4821.58692 15.495 0.006
4823.55683 15.341 0.006
4825.57713 15.539 0.007
4832.53376 15.452 0.007
4834.56074 15.354 0.007
4836.56870 15.524 0.007
4838.54142 15.567 0.007
4842.54653 15.438 0.007
4844.54724 15.589 0.007
4847.60224 15.541 0.007
4849.55309 15.552 0.007
4853.55061 15.428 0.006
4854.55391 15.444 0.006
4859.59204 15.336 0.006
