2086.89971 16.984 0.014
2103.90643 16.746 0.009
2105.93657 16.713 0.010
2106.90218 16.693 0.011
2112.85456 17.061 0.012
2116.88230 17.047 0.012
2123.82923 16.855 0.012
2128.83670 16.678 0.012
2129.86869 16.696 0.011
2130.85510 16.686 0.010
2131.84916 16.718 0.012
2132.81695 16.848 0.013
2133.90577 16.776 0.013
2134.82124 17.026 0.015
2135.85527 17.051 0.013
2137.90211 17.026 0.015
2140.82253 17.064 0.012
2142.76206 16.983 0.012
2143.82757 16.978 0.012
2144.83426 16.960 0.011
2155.88975 16.712 0.015
2156.83639 16.752 0.012
2160.76576 17.042 0.014
2162.77260 17.073 0.012
2166.76716 16.984 0.011
2167.77563 16.982 0.012
2168.72483 16.920 0.011
2172.75738 16.791 0.011
2177.65084 16.788 0.011
2184.71246 17.078 0.016
2185.67596 17.068 0.016
2186.70081 17.063 0.018
2187.69597 17.058 0.015
2190.70257 17.004 0.014
2191.67311 16.937 0.012
2192.67324 16.902 0.010
2193.69431 16.891 0.010
2194.66445 16.841 0.011
2203.56091 17.033 0.013
2206.61720 17.063 0.017
2211.65131 17.031 0.013
2212.65515 16.996 0.013
2213.66095 16.973 0.015
2214.65214 16.937 0.015
2215.65913 16.936 0.018
2217.64583 16.867 0.014
2219.68870 16.859 0.014
2222.73726 16.807 0.013
2224.72356 16.718 0.011
2226.64645 16.774 0.014
2228.56834 16.999 0.015
2229.62662 16.994 0.013
2231.65327 17.050 0.014
2232.52003 17.064 0.016
2233.62342 17.061 0.013
2235.67352 17.061 0.012
2238.55709 16.930 0.013
2240.66138 16.949 0.013
2242.62891 16.865 0.014
2248.61823 16.670 0.009
2250.58688 16.778 0.011
2253.58057 17.008 0.012
2255.61721 17.047 0.014
2258.58349 17.096 0.011
2263.59425 16.989 0.013
2266.58010 16.827 0.013
2271.57463 16.675 0.011
2273.57395 16.711 0.012
2275.60888 16.738 0.011
2276.56847 16.949 0.017
2278.60108 16.987 0.014
2280.59687 17.055 0.015
2284.59975 17.065 0.015
2290.61373 16.935 0.013
2293.57603 16.823 0.013
2295.56892 16.691 0.011
2297.57225 16.684 0.012
2299.57134 16.756 0.013
2445.92217 16.954 0.014
2460.89006 17.027 0.017
2463.92636 17.080 0.014
2467.91215 17.007 0.013
2469.91151 16.967 0.013
2471.90098 16.909 0.013
2472.93041 16.909 0.010
2473.91727 16.843 0.009
2481.91461 16.710 0.013
2483.89985 16.917 0.011
2486.89686 17.055 0.016
2488.89076 17.076 0.017
2488.89511 17.072 0.017
2489.93422 17.062 0.016
2492.91459 17.035 0.014
2496.91424 16.919 0.012
2497.93768 16.896 0.015
2498.78493 16.754 0.011
2499.87059 16.814 0.011
2500.87612 16.752 0.011
2501.86509 16.725 0.010
2502.84526 16.673 0.012
2508.75658 17.084 0.021
2516.78783 16.979 0.015
2517.83458 16.991 0.013
2518.80600 16.918 0.013
2519.84292 16.939 0.012
2520.80231 16.869 0.013
2521.83440 16.866 0.010
2524.83271 16.756 0.013
2526.78890 16.679 0.009
2534.84525 17.057 0.016
2535.82544 17.073 0.014
2537.71322 17.034 0.016
2538.80922 17.047 0.016
2539.71202 16.967 0.013
2540.75390 16.955 0.016
2541.72390 16.929 0.013
2542.69369 16.872 0.012
2544.67323 16.788 0.010
2545.68728 16.784 0.011
2547.70527 16.730 0.011
2548.72273 16.698 0.010
2550.71787 16.673 0.011
2551.70447 16.727 0.010
2552.72052 16.760 0.010
2554.71370 16.956 0.012
2555.72165 16.990 0.012
2556.70066 17.055 0.012
2557.71319 17.051 0.011
2558.66968 17.062 0.013
2559.62658 17.043 0.013
2560.65965 17.018 0.012
2562.67807 16.997 0.013
2563.68603 16.974 0.012
2564.70141 16.976 0.013
2565.69133 16.912 0.013
2566.67163 16.881 0.012
2568.70262 16.850 0.014
2571.65626 16.720 0.012
2573.66869 16.692 0.014
2574.65253 16.681 0.010
2576.68673 16.766 0.012
2577.63939 16.902 0.015
2578.63949 17.013 0.014
2579.64613 17.041 0.015
2580.65825 17.045 0.012
2583.62956 17.040 0.015
2584.63694 17.030 0.014
2586.63580 17.031 0.012
2587.61956 16.957 0.013
2588.72994 17.011 0.013
2589.61041 16.888 0.012
2590.62464 16.899 0.015
2591.64775 16.860 0.012
2593.61677 16.776 0.011
2594.62053 16.757 0.014
2596.59606 16.674 0.013
2597.58324 16.701 0.013
2598.66376 16.664 0.011
2599.61655 16.738 0.013
2607.63779 17.082 0.018
2610.55754 16.978 0.015
2613.55130 16.893 0.013
2615.58018 16.853 0.012
2619.56783 16.711 0.012
2621.57693 16.659 0.012
2625.55945 16.961 0.018
2632.55842 17.037 0.013
2636.55439 16.954 0.014
2639.55408 16.880 0.013
2642.56364 16.780 0.014
2646.57566 16.692 0.012
2651.54854 17.004 0.018
2654.56959 17.072 0.018
2657.56839 17.056 0.016
2660.57192 17.005 0.016
2671.56183 16.702 0.012
2673.57362 16.808 0.015
2676.53501 17.055 0.016
2679.54942 17.050 0.015
2682.55155 17.055 0.017
2777.91402 16.692 0.013
2804.88096 16.722 0.013
2811.91542 17.074 0.018
2814.95109 17.073 0.022
2817.93759 17.022 0.016
2830.91470 16.754 0.013
2831.79244 17.047 0.017
2832.75842 17.070 0.015
2832.93634 16.859 0.012
2833.87633 17.037 0.016
2835.88499 17.070 0.014
2837.88602 17.065 0.021
2838.94323 17.050 0.020
2840.83597 16.999 0.015
2843.83739 16.916 0.012
2844.88320 16.920 0.012
2845.92923 16.915 0.014
2849.86663 16.769 0.012
2850.89940 16.750 0.015
2851.94296 16.748 0.016
2852.81361 16.700 0.012
2854.83935 16.823 0.012
2856.82630 17.009 0.017
2858.92033 16.989 0.012
2860.88635 17.051 0.013
2861.75751 17.031 0.012
2862.93654 17.084 0.020
2863.84572 17.036 0.018
2865.84257 17.014 0.017
2866.89225 17.030 0.015
2867.83977 16.943 0.013
2870.82654 16.869 0.011
2871.86945 16.849 0.012
2875.81580 16.701 0.012
2876.78671 16.707 0.011
2879.75021 17.013 0.012
2883.83637 17.064 0.012
2885.77120 17.068 0.013
2888.81948 17.055 0.017
2892.81087 16.914 0.015
2894.74001 16.794 0.012
2896.73709 16.746 0.010
2898.75809 16.709 0.010
2900.75694 16.719 0.009
2902.75647 16.830 0.010
2905.76363 17.037 0.014
2907.76504 17.077 0.012
2909.75414 17.076 0.009
2911.74551 17.031 0.011
2915.71700 16.899 0.011
2917.74309 16.859 0.011
2921.74621 16.752 0.011
2923.76279 16.708 0.012
2925.72578 16.756 0.010
2927.72329 16.923 0.014
2930.74137 17.074 0.014
2932.74790 17.076 0.013
2934.72770 17.075 0.013
2937.65170 16.950 0.013
2939.70436 16.925 0.012
2940.64447 16.866 0.010
2941.69431 16.885 0.011
2942.64444 16.812 0.011
2943.61566 16.723 0.012
2944.60026 16.693 0.011
2945.61706 16.688 0.014
2947.62654 16.714 0.012
2949.60779 16.899 0.013
2950.65258 16.883 0.011
2951.63977 17.000 0.014
2952.66871 17.017 0.014
2954.69358 17.076 0.017
2956.63957 17.080 0.012
2958.63396 17.034 0.013
2961.60509 16.974 0.017
2965.64347 16.859 0.012
2968.60485 16.726 0.011
2970.62410 16.675 0.010
2972.60856 16.752 0.012
2974.63014 16.869 0.011
2976.55899 17.070 0.015
2978.58514 17.082 0.016
2980.60200 17.088 0.017
2982.54719 17.015 0.014
2984.63816 17.023 0.014
2986.64821 16.983 0.015
2988.54212 16.842 0.012
2991.61365 16.796 0.011
2994.59640 16.703 0.011
2997.56944 16.829 0.012
3001.58463 17.050 0.013
3005.54270 17.070 0.015
3008.56901 17.014 0.016
3011.57240 16.921 0.017
3016.59908 16.803 0.014
3018.58551 16.700 0.010
3020.61359 16.688 0.010
3021.62639 16.696 0.009
3023.58232 16.882 0.011
3025.58873 17.058 0.013
3027.61431 17.085 0.014
3029.58619 17.059 0.014
3031.59078 17.046 0.012
3033.59310 17.028 0.013
3037.54015 16.858 0.014
3164.94055 17.006 0.016
3183.92251 17.025 0.015
3193.89029 16.910 0.015
3196.86243 16.801 0.010
3197.92494 16.806 0.012
3199.92919 16.752 0.014
3201.88237 16.692 0.008
3203.89033 16.757 0.009
3206.82816 17.091 0.016
3210.90422 17.068 0.013
3211.89561 17.075 0.013
3215.67175 16.846 0.014
3216.73978 16.871 0.015
3217.94025 16.978 0.016
3218.93031 16.962 0.017
3222.87237 16.784 0.012
3223.84574 16.724 0.012
3226.83599 16.731 0.012
3229.84314 16.930 0.010
3231.82525 17.033 0.018
3239.80365 16.984 0.012
3240.80089 16.930 0.014
3241.82523 16.972 0.014
3242.72460 16.827 0.012
3243.86102 16.900 0.012
3244.83825 16.875 0.013
3245.78735 16.742 0.011
3247.77356 16.683 0.011
3249.73825 16.716 0.011
3251.75176 16.874 0.010
3254.73889 17.043 0.011
3257.75534 17.060 0.010
3259.67449 17.028 0.013
3261.71257 16.986 0.011
3263.69528 16.919 0.010
3265.72968 16.885 0.010
3267.71849 16.812 0.009
3269.81242 16.835 0.013
3270.75177 16.733 0.011
3271.67459 16.692 0.010
3272.73182 16.662 0.009
3274.71765 16.787 0.012
3276.72210 16.941 0.013
3277.76086 16.951 0.012
3279.69246 17.069 0.011
3281.65118 17.065 0.012
3283.65268 17.025 0.010
3287.61884 16.871 0.011
3289.62995 16.821 0.010
3293.60668 16.686 0.009
3295.62551 16.685 0.008
3297.60732 16.874 0.008
3299.66366 16.900 0.009
3303.70014 17.075 0.016
3306.63267 17.073 0.010
3308.62043 16.984 0.013
3310.61952 16.961 0.012
3314.57437 16.789 0.013
3320.61225 16.702 0.010
3323.55573 17.026 0.013
3327.56722 17.059 0.013
3330.56146 17.059 0.014
3335.60630 16.922 0.014
3349.60620 17.028 0.010
3353.58535 17.089 0.012
3359.56187 16.929 0.012
3363.56922 16.808 0.012
3367.62855 16.726 0.011
3372.55929 16.951 0.011
3376.53862 17.066 0.012
3378.60554 17.082 0.013
3386.57203 16.870 0.010
3390.58558 16.792 0.013
3398.56735 17.033 0.013
3402.55577 17.040 0.010
3541.94064 16.963 0.011
3547.92522 16.778 0.010
3554.93343 16.865 0.011
3561.85763 17.035 0.010
3564.91771 16.973 0.010
3568.84856 16.846 0.010
3570.82011 16.754 0.013
3571.81161 16.740 0.014
3573.85730 16.704 0.012
3574.88814 16.664 0.010
3577.84674 16.879 0.011
3578.90531 16.844 0.010
3579.81017 17.024 0.011
3581.85511 17.058 0.014
3581.87966 17.025 0.013
3582.83996 17.056 0.014
3583.84999 17.048 0.011
3586.81872 16.995 0.010
3588.83658 16.930 0.010
3589.83150 16.936 0.010
3591.88423 16.891 0.009
3593.87051 16.857 0.012
3596.90222 16.786 0.009
3601.81983 16.872 0.012
3607.82527 17.085 0.011
3614.79664 16.899 0.009
3617.77908 16.803 0.009
3619.70906 16.684 0.009
3621.72752 16.718 0.009
3624.87581 16.691 0.011
3626.72520 17.066 0.012
3629.67882 17.033 0.015
3631.74119 17.063 0.014
3633.71746 17.048 0.014
3637.66044 16.885 0.011
3639.71050 16.836 0.008
3641.70704 16.803 0.010
3643.73143 16.716 0.008
3646.67056 16.772 0.010
3650.66963 17.050 0.012
3650.69369 17.033 0.011
3651.74360 17.044 0.011
3653.73978 17.069 0.012
3655.70593 17.078 0.011
3657.65963 16.994 0.010
3658.67176 16.996 0.012
3659.65183 16.914 0.013
3660.67934 16.934 0.013
3663.57084 16.750 0.012
3665.64651 16.759 0.010
3668.58285 16.703 0.009
3669.71372 16.680 0.010
3671.64250 16.849 0.010
3673.68460 16.898 0.012
3675.66919 17.042 0.011
3681.65270 17.043 0.015
3683.65853 16.970 0.011
3685.66369 16.900 0.010
3687.66396 16.868 0.011
3689.61552 16.753 0.010
3692.58651 16.679 0.010
3694.57050 16.805 0.011
3696.57106 16.952 0.010
3698.60472 16.994 0.016
3700.61472 17.075 0.014
3702.59497 17.044 0.012
3704.60125 17.025 0.012
3706.62171 17.021 0.010
3708.59864 16.972 0.012
3711.60115 16.876 0.012
3714.53488 16.698 0.012
3718.61542 16.737 0.013
3721.56903 16.974 0.012
3724.57404 17.096 0.013
3726.59454 17.053 0.013
3728.56769 17.024 0.014
3734.57112 16.883 0.011
3737.58682 16.799 0.010
3742.54545 16.740 0.013
3746.57070 16.976 0.015
3751.55063 17.020 0.019
3756.56336 16.965 0.014
3761.61359 16.877 0.013
3766.53846 16.728 0.010
3772.56129 17.066 0.015
3776.56136 17.037 0.014
3871.88727 16.748 0.015
3901.94977 16.719 0.014
3906.95003 17.066 0.019
3913.92808 17.009 0.010
3918.89047 16.818 0.010
3931.92577 17.090 0.014
3934.86881 17.036 0.010
3936.87699 17.009 0.012
3938.86100 16.955 0.012
3944.90840 16.803 0.010
3946.87650 16.686 0.009
3951.89575 16.811 0.011
3955.86091 17.063 0.017
3958.84640 17.062 0.014
3960.83755 17.016 0.011
3963.83429 16.946 0.015
3965.82610 16.860 0.008
3967.86849 16.835 0.009
3969.81167 16.721 0.009
3971.78783 16.690 0.009
3974.78955 16.908 0.011
3979.75079 17.062 0.012
3980.62828 17.018 0.015
3981.65454 17.004 0.011
3983.84488 17.070 0.013
3987.79339 16.891 0.011
3990.80071 16.832 0.009
3993.74556 16.717 0.010
3995.75077 16.698 0.008
3999.76013 16.958 0.010
4002.73223 17.085 0.011
4004.68398 17.042 0.010
4006.71024 17.038 0.010
4007.57361 16.908 0.011
4008.58259 16.890 0.010
4009.75243 16.969 0.011
4013.70910 16.829 0.011
4016.70370 16.736 0.009
4018.71041 16.689 0.010
4019.70107 16.748 0.011
4021.68785 16.868 0.010
4024.66132 17.058 0.011
4026.64020 17.055 0.011
4028.63616 17.008 0.010
4030.64872 17.013 0.012
4032.70080 16.997 0.013
4037.67700 16.799 0.009
4039.61489 16.711 0.009
4041.61449 16.677 0.011
4043.60016 16.783 0.012
4046.60947 16.974 0.014
4048.57540 17.038 0.014
4050.61754 17.079 0.012
4052.56963 17.021 0.012
4054.62377 17.004 0.013
4056.59586 16.938 0.012
4058.62941 16.912 0.011
4060.52825 16.786 0.011
4064.52592 16.686 0.008
4066.56739 16.704 0.010
4069.52574 17.004 0.013
4073.60931 17.052 0.013
4077.53269 16.998 0.011
4079.53465 16.968 0.012
4082.53456 16.865 0.012
4085.57228 16.813 0.010
4092.56836 16.776 0.009
4096.59432 17.064 0.013
4100.59710 17.048 0.014
4105.56495 16.955 0.013
4108.54116 16.848 0.009
4113.61909 16.753 0.010
4120.58992 17.029 0.010
4132.57311 16.947 0.016
4252.93706 16.936 0.017
4255.85634 17.078 0.016
4268.90906 16.763 0.011
4275.93116 16.776 0.014
4279.82785 17.034 0.019
4282.81939 17.039 0.015
4283.87233 17.032 0.016
4285.92664 17.038 0.015
4291.94744 16.889 0.016
4292.86597 16.780 0.010
4295.87000 16.669 0.010
4296.89973 16.674 0.010
4297.93261 16.657 0.009
4299.86745 16.825 0.010
4300.88894 16.872 0.011
4301.90693 16.934 0.010
4302.92856 16.949 0.014
4306.92569 17.058 0.014
4307.90742 17.056 0.011
4308.66857 16.886 0.013
4308.87659 17.027 0.013
4310.84891 16.964 0.014
4311.83647 16.927 0.017
4312.91033 16.956 0.011
4314.92979 16.926 0.015
4316.83634 16.768 0.012
4319.87350 16.716 0.011
4320.90037 16.696 0.013
4326.84428 17.041 0.014
4327.82334 17.035 0.015
4328.83899 17.063 0.015
4329.84068 17.055 0.014
4330.86979 17.066 0.012
4333.87106 17.019 0.014
4338.91140 16.952 0.015
4340.78388 16.775 0.012
4341.77904 16.738 0.012
4342.83495 16.762 0.013
4343.77254 16.665 0.011
4344.75468 16.690 0.011
4345.80065 16.695 0.010
4347.78957 16.848 0.011
4349.80275 16.974 0.012
4351.83001 17.047 0.014
4353.76306 17.065 0.014
4359.70987 16.885 0.011
4361.71244 16.862 0.013
4362.73726 16.867 0.013
4364.59417 16.670 0.014
4367.69170 16.712 0.012
4370.68337 16.885 0.013
4372.74680 16.937 0.011
4376.66219 17.055 0.014
4378.62876 16.982 0.013
4379.65673 17.013 0.017
4380.76961 17.052 0.013
4382.69700 16.935 0.012
4386.67209 16.816 0.012
4388.67258 16.747 0.011
4390.68157 16.677 0.010
4393.65536 16.798 0.012
4395.69026 16.900 0.013
4398.65570 17.036 0.015
4400.67854 17.085 0.018
4403.70437 17.036 0.014
4407.64444 16.914 0.013
4408.69063 16.901 0.013
4410.71355 16.866 0.012
4415.69771 16.682 0.012
4418.60435 16.908 0.011
4422.66558 17.030 0.013
4424.66266 17.079 0.014
4427.54935 16.974 0.014
4429.59215 16.963 0.017
4431.57979 16.905 0.013
4433.58561 16.816 0.013
4435.57390 16.764 0.011
4437.66299 16.768 0.014
4439.57488 16.691 0.012
4441.61072 16.755 0.012
4443.60142 16.923 0.013
4449.65550 17.042 0.013
4451.61058 17.028 0.012
4453.59255 16.968 0.014
4456.59396 16.917 0.015
4459.54653 16.763 0.012
4464.58619 16.683 0.010
4465.55216 16.771 0.011
4470.57110 17.063 0.014
4474.60758 17.061 0.016
4476.58575 17.020 0.013
4479.61051 16.983 0.015
4481.59520 16.918 0.013
4484.61189 16.822 0.016
4487.63339 16.734 0.016
4609.90676 17.007 0.015
4643.89140 16.719 0.012
4649.94157 16.805 0.013
4655.93811 17.056 0.012
4661.90477 16.968 0.012
4662.78746 16.809 0.010
4662.90441 16.905 0.011
4663.75915 16.785 0.013
4663.94303 16.920 0.015
4665.83211 16.793 0.013
4665.92607 16.861 0.014
4666.91992 16.812 0.014
4670.91433 16.690 0.011
4671.82857 16.792 0.011
4672.88832 16.753 0.014
4675.90592 16.951 0.013
4681.88566 17.065 0.011
4683.88090 16.986 0.011
4685.86698 16.950 0.012
4688.81835 16.821 0.011
4690.74389 16.697 0.010
4691.74680 16.676 0.012
4693.90187 16.722 0.013
4696.87544 16.723 0.013
4698.76359 17.063 0.012
4699.75759 17.067 0.013
4700.79510 17.053 0.012
4701.80031 17.074 0.013
4702.86044 17.057 0.015
4703.75952 17.045 0.013
4704.77836 17.047 0.011
4705.78558 17.024 0.015
4707.77826 16.972 0.010
4708.84649 16.978 0.011
4710.76250 16.848 0.010
4716.76398 16.697 0.010
4719.77187 16.722 0.012
4721.76287 16.949 0.017
4724.77481 17.066 0.014
4726.67047 17.045 0.015
4729.68150 16.965 0.014
4731.77170 17.001 0.010
4734.75402 16.901 0.010
4739.66011 16.696 0.011
4741.68137 16.704 0.009
4741.73467 16.671 0.009
4747.60124 17.074 0.014
4749.60086 17.059 0.017
4753.66996 16.996 0.015
4755.66391 16.951 0.012
4757.64840 16.884 0.011
4759.66097 16.818 0.011
4761.63125 16.730 0.009
4763.64390 16.701 0.012
4766.61211 16.852 0.013
4769.65023 16.996 0.015
4771.56126 17.065 0.018
4773.68608 17.071 0.013
4775.67294 17.056 0.016
4777.60665 17.013 0.013
4779.64224 16.932 0.012
4783.57581 16.789 0.011
4785.60692 16.728 0.012
4789.54231 16.821 0.012
4790.62453 16.729 0.009
4791.62280 16.807 0.009
4793.52698 17.059 0.013
4795.54401 17.051 0.012
4797.53620 17.056 0.014
4798.59948 17.070 0.015
4800.64681 17.029 0.013
4803.53809 16.913 0.012
4804.58832 16.942 0.014
4806.59732 16.881 0.013
4808.55555 16.774 0.013
4810.56598 16.720 0.010
4813.60536 16.700 0.012
4815.58155 16.836 0.014
4817.59801 16.971 0.011
4819.59764 17.051 0.012
4821.63955 17.090 0.012
4823.60034 17.065 0.015
4825.62877 17.032 0.014
4833.56113 16.777 0.010
4835.58373 16.700 0.013
4839.60526 16.707 0.013
4842.57233 17.017 0.017
4844.58286 17.084 0.013
4847.63711 17.103 0.021
4849.59694 17.063 0.013
4853.59442 16.955 0.012
4856.58836 16.847 0.012
4865.56146 16.877 0.012
