2086.90341 17.194 0.016
2103.91012 17.063 0.011
2105.94023 17.276 0.015
2106.90586 17.302 0.018
2112.85824 17.015 0.012
2114.84006 17.141 0.016
2116.88597 17.324 0.015
2123.83290 17.179 0.015
2128.84036 17.282 0.018
2129.87237 16.998 0.013
2130.85876 16.965 0.013
2131.85282 17.081 0.015
2132.82060 17.137 0.016
2133.90944 17.276 0.020
2134.82488 17.278 0.019
2135.85893 17.340 0.016
2137.90544 17.204 0.018
2140.82905 17.029 0.013
2142.76535 17.152 0.014
2143.83088 17.265 0.015
2144.84223 17.316 0.014
2155.89340 17.255 0.022
2156.84002 17.222 0.015
2160.76940 17.130 0.015
2162.77623 17.297 0.014
2166.77083 17.175 0.012
2167.77927 16.960 0.012
2168.72848 16.962 0.012
2171.75433 17.253 0.013
2172.76101 17.318 0.015
2177.65449 16.997 0.013
2184.71609 17.335 0.018
2185.67960 17.250 0.018
2187.69961 17.005 0.015
2190.70619 17.253 0.016
2191.67674 17.294 0.015
2192.67653 17.370 0.013
2193.69761 17.356 0.013
2194.66773 17.293 0.014
2203.56421 17.384 0.017
2206.62048 16.965 0.015
2211.65462 17.388 0.015
2212.65844 17.312 0.018
2214.65545 16.957 0.014
2215.66242 17.009 0.014
2217.64912 17.172 0.016
2219.69201 17.349 0.019
2222.74057 17.031 0.015
2224.72686 17.065 0.013
2226.64977 17.167 0.018
2228.57165 17.258 0.017
2229.62994 17.328 0.016
2231.66180 17.239 0.016
2232.52334 17.335 0.020
2233.62673 16.941 0.012
2235.67685 17.171 0.013
2238.56039 17.303 0.016
2240.66469 17.273 0.015
2242.63223 16.961 0.014
2248.63004 17.373 0.015
2250.59021 17.280 0.015
2255.62054 17.257 0.017
2258.58903 17.412 0.015
2263.59758 17.131 0.014
2266.58344 17.324 0.017
2271.57796 17.045 0.015
2273.57729 17.210 0.018
2275.61220 17.373 0.018
2276.57180 17.367 0.021
2278.60440 17.135 0.015
2280.60021 17.042 0.015
2284.60312 17.351 0.020
2290.61708 17.121 0.015
2293.57937 17.280 0.018
2295.57235 17.329 0.016
2297.57569 17.034 0.017
2299.57476 17.063 0.015
2445.92561 17.270 0.016
2460.89375 16.959 0.015
2463.93003 17.239 0.015
2467.91583 17.259 0.016
2469.91518 16.935 0.012
2471.90466 17.147 0.014
2473.92091 17.317 0.014
2481.91825 17.243 0.021
2483.90352 17.333 0.014
2486.90051 17.151 0.016
2488.90574 17.015 0.016
2489.93789 17.166 0.018
2492.91824 17.346 0.017
2496.91790 16.943 0.013
2498.78857 16.975 0.013
2499.87422 17.177 0.015
2500.87976 17.243 0.015
2501.86874 17.303 0.015
2502.84892 17.342 0.021
2508.76021 17.043 0.021
2516.79148 16.941 0.015
2517.83823 17.098 0.015
2518.80959 17.182 0.016
2519.84657 17.258 0.015
2520.80594 17.292 0.016
2521.83802 17.356 0.015
2524.83634 16.972 0.014
2526.79253 17.018 0.010
2534.84889 17.003 0.015
2535.82908 17.055 0.014
2537.71686 17.160 0.018
2538.81284 17.298 0.018
2539.71537 17.273 0.016
2540.75753 17.404 0.023
2541.72724 17.345 0.015
2542.69705 17.334 0.015
2544.67688 16.999 0.013
2545.69064 16.986 0.012
2547.70860 17.207 0.015
2548.72637 17.262 0.016
2550.72147 17.357 0.017
2551.70810 17.349 0.014
2552.72415 17.142 0.013
2554.71731 17.002 0.012
2555.72527 17.105 0.013
2556.70429 17.191 0.013
2557.71682 17.264 0.013
2558.67330 17.320 0.015
2559.63017 17.354 0.016
2560.66328 17.371 0.015
2562.68172 17.017 0.014
2563.68963 16.968 0.013
2564.70503 17.084 0.015
2565.69469 17.183 0.015
2566.67496 17.233 0.015
2568.70596 17.343 0.025
2571.65988 17.147 0.015
2573.67204 17.033 0.019
2574.65589 17.095 0.013
2576.69044 17.278 0.018
2577.64274 17.319 0.020
2578.64281 17.345 0.018
2579.65357 17.375 0.018
2580.66158 17.170 0.014
2583.63293 17.064 0.015
2584.64027 17.192 0.015
2586.63999 17.328 0.015
2587.62319 17.331 0.016
2588.73359 17.276 0.015
2589.61405 17.320 0.016
2590.62919 17.048 0.015
2591.65137 16.951 0.014
2593.62041 17.138 0.015
2594.62415 17.220 0.020
2596.59968 17.317 0.019
2597.58689 17.363 0.021
2598.66741 17.268 0.017
2599.62017 17.092 0.021
2607.64144 17.330 0.019
2610.56222 16.927 0.014
2613.55487 17.238 0.017
2615.58378 17.336 0.016
2619.57143 16.946 0.014
2621.58060 17.170 0.016
2625.56305 17.376 0.025
2632.56180 17.266 0.015
2636.55800 17.220 0.016
2639.55747 17.076 0.014
2642.56724 17.307 0.020
2646.57906 16.944 0.013
2651.55217 17.327 0.023
2654.57301 17.292 0.019
2657.57181 17.077 0.015
2660.57535 17.304 0.019
2663.58023 17.294 0.020
2671.56525 17.370 0.019
2673.57706 17.136 0.018
2676.53845 17.116 0.015
2679.55285 17.310 0.016
2682.55520 17.194 0.017
2777.91768 17.365 0.020
2804.88460 17.311 0.021
2805.86150 17.364 0.026
2811.91906 17.214 0.019
2815.89246 17.367 0.015
2817.94124 16.948 0.015
2830.91831 17.238 0.020
2831.79607 17.203 0.020
2832.76202 17.256 0.016
2832.93996 17.383 0.018
2833.87992 17.346 0.021
2835.88859 17.111 0.015
2840.83958 17.267 0.017
2843.84100 17.368 0.015
2844.88678 17.164 0.015
2845.93283 16.974 0.015
2849.87025 17.251 0.016
2850.90298 17.339 0.020
2852.81720 17.408 0.022
2854.84292 17.068 0.014
2856.82990 17.035 0.017
2858.92393 17.303 0.015
2860.88994 17.357 0.015
2861.76109 17.353 0.015
2862.94014 17.120 0.025
2863.84933 17.115 0.019
2865.84614 17.041 0.013
2866.89585 17.198 0.018
2867.83587 17.208 0.015
2868.78350 17.251 0.015
2869.92108 17.384 0.018
2870.83012 17.373 0.015
2871.87302 17.281 0.015
2875.81937 17.085 0.015
2876.79028 17.167 0.013
2879.75378 17.327 0.014
2883.83996 16.972 0.012
2885.77475 17.125 0.013
2888.82305 17.307 0.020
2892.81445 16.946 0.015
2894.74356 17.067 0.015
2896.74064 17.255 0.015
2898.76167 17.385 0.017
2900.76051 17.256 0.013
2902.76002 16.972 0.011
2905.76718 17.246 0.015
2907.76861 17.361 0.014
2909.75771 17.317 0.011
2911.74906 16.966 0.010
2915.72056 17.267 0.015
2917.74670 17.360 0.015
2921.74979 17.023 0.014
2923.76635 17.245 0.015
2925.72935 17.314 0.015
2927.72683 17.343 0.017
2930.74493 17.013 0.014
2932.75145 17.220 0.015
2934.73128 17.316 0.015
2937.65524 17.366 0.018
2939.70792 16.954 0.013
2940.64802 16.982 0.011
2941.69785 17.160 0.013
2942.64801 17.184 0.014
2943.61919 17.244 0.017
2944.60384 17.307 0.016
2945.62062 17.313 0.021
2947.63011 17.282 0.016
2949.61135 16.931 0.013
2950.65615 17.083 0.013
2951.64337 17.163 0.016
2952.67231 17.262 0.017
2954.69714 17.361 0.021
2956.64312 17.298 0.013
2958.63752 16.952 0.012
2961.60865 17.205 0.021
2965.64706 17.331 0.015
2968.60841 16.989 0.014
2970.62766 17.205 0.015
2972.61214 17.330 0.016
2974.63375 17.354 0.015
2976.56255 17.123 0.016
2978.58872 17.063 0.015
2980.60561 17.253 0.020
2982.55081 17.332 0.017
2984.64176 17.178 0.015
2986.65182 16.993 0.015
2988.54574 17.126 0.016
2991.61723 17.354 0.016
2994.59999 17.071 0.015
2997.57304 17.120 0.014
3001.58823 17.369 0.016
3005.54629 16.952 0.014
3008.57263 17.252 0.018
3011.57602 17.316 0.023
3016.60270 17.198 0.017
3018.58914 17.331 0.015
3020.61721 17.335 0.015
3021.63419 17.141 0.012
3023.58595 16.977 0.011
3025.59236 17.164 0.015
3027.61796 17.321 0.015
3029.58982 17.361 0.016
3031.59442 17.063 0.013
3033.59674 17.072 0.013
3037.54382 17.367 0.020
3164.94417 17.340 0.024
3183.92617 17.234 0.017
3193.89389 17.080 0.015
3196.86605 17.132 0.012
3197.92855 17.263 0.015
3203.89394 16.969 0.010
3206.83175 17.196 0.016
3210.90782 17.332 0.015
3211.89922 17.197 0.014
3215.67534 16.986 0.015
3216.74339 17.167 0.018
3217.94384 17.317 0.027
3218.93438 17.438 0.025
3223.84936 17.058 0.015
3226.83957 17.288 0.017
3229.84673 17.333 0.013
3239.80721 17.262 0.014
3240.80446 17.050 0.014
3241.82880 16.986 0.014
3242.72816 17.007 0.014
3243.86460 17.247 0.015
3244.84179 17.301 0.020
3246.78335 17.386 0.020
3247.77715 17.355 0.015
3249.74181 17.216 0.015
3251.75532 16.987 0.010
3254.74244 17.243 0.013
3257.75892 17.352 0.012
3259.67803 17.196 0.012
3261.71611 17.028 0.011
3263.69883 17.241 0.011
3265.73324 17.348 0.014
3267.72202 17.422 0.014
3269.81596 17.030 0.015
3270.75532 17.055 0.013
3271.67812 17.079 0.013
3272.73537 17.249 0.015
3274.72121 17.333 0.018
3276.72564 17.358 0.019
3277.76440 17.065 0.013
3279.69602 16.973 0.010
3281.65475 17.163 0.011
3283.65624 17.308 0.012
3287.62239 17.261 0.016
3289.63348 17.033 0.012
3295.62906 17.358 0.011
3297.61088 17.016 0.009
3299.66722 17.137 0.010
3301.64144 17.246 0.016
3303.70370 17.370 0.019
3306.63624 17.004 0.009
3308.62399 17.091 0.015
3310.62308 17.222 0.014
3314.57796 17.367 0.019
3320.61582 17.298 0.014
3323.55929 17.363 0.015
3327.57079 17.059 0.011
3330.56502 17.309 0.016
3335.60988 16.987 0.015
3338.61345 17.283 0.013
3349.60980 17.357 0.013
3353.58893 16.970 0.011
3359.56547 17.363 0.015
3363.57282 16.999 0.014
3367.63217 17.341 0.016
3372.56291 16.977 0.012
3376.54225 17.320 0.014
3378.60917 17.358 0.017
3386.57565 17.362 0.013
3390.60566 17.001 0.013
3398.57097 17.099 0.015
3402.55943 17.236 0.010
3541.94424 17.105 0.013
3547.92882 17.334 0.015
3554.93702 17.223 0.014
3561.86121 16.980 0.010
3564.92129 17.273 0.011
3568.85212 17.330 0.015
3570.82368 17.098 0.015
3571.81519 16.985 0.015
3573.86086 17.188 0.016
3574.89171 17.284 0.014
3577.85028 17.357 0.015
3578.90887 17.160 0.011
3579.81372 17.145 0.011
3581.85868 17.068 0.013
3581.88321 17.092 0.014
3582.84355 17.182 0.014
3583.85354 17.259 0.012
3586.82228 17.368 0.011
3588.84017 17.101 0.011
3589.83505 16.940 0.010
3591.88778 17.184 0.010
3593.87405 17.296 0.015
3596.90575 17.263 0.012
3601.82337 17.154 0.014
3607.82881 17.013 0.011
3614.80017 17.378 0.012
3617.78262 16.968 0.009
3619.71265 17.070 0.011
3621.73108 17.230 0.012
3624.87932 17.205 0.015
3626.72874 17.051 0.011
3629.68234 17.120 0.015
3631.74473 17.272 0.017
3633.72100 17.240 0.018
3637.66398 16.964 0.011
3639.71401 17.222 0.010
3641.71056 17.354 0.013
3643.73497 17.402 0.013
3646.67408 16.968 0.011
3650.67314 17.321 0.015
3650.69720 17.328 0.014
3651.74713 17.370 0.013
3653.74333 17.179 0.013
3655.70945 16.975 0.010
3657.66314 17.131 0.011
3658.67527 17.258 0.014
3659.65614 17.286 0.017
3660.68286 17.347 0.016
3663.57437 17.288 0.017
3665.65003 16.996 0.012
3668.58639 17.222 0.013
3669.71721 17.339 0.015
3671.68307 17.360 0.014
3673.68811 16.970 0.012
3675.67274 17.143 0.012
3681.65623 17.268 0.018
3683.66204 16.980 0.011
3685.66720 17.172 0.012
3687.66750 17.341 0.015
3689.61905 17.356 0.015
3692.59004 16.998 0.013
3694.57405 17.098 0.013
3696.57458 17.235 0.012
3698.60828 17.345 0.018
3700.61828 17.205 0.014
3702.59851 16.969 0.012
3704.60478 17.159 0.013
3706.62524 17.334 0.013
3708.60217 17.390 0.017
3711.60471 16.943 0.012
3714.53843 17.214 0.017
3718.61897 17.260 0.017
3721.57261 17.027 0.013
3724.57758 17.268 0.014
3726.59812 17.390 0.016
3728.57126 17.249 0.015
3734.60073 17.319 0.015
3737.59041 17.226 0.014
3742.54904 17.253 0.019
3746.57428 17.310 0.018
3751.55424 17.236 0.020
3756.56695 17.094 0.013
3761.61721 17.287 0.015
3766.54207 16.995 0.011
3772.56490 17.318 0.016
3776.56498 17.016 0.013
3871.89093 17.315 0.021
3902.91278 17.113 0.015
3907.90742 17.394 0.016
3913.93168 17.285 0.011
3918.89404 17.079 0.011
3931.92934 17.260 0.015
3934.87238 17.410 0.013
3936.88059 17.174 0.014
3938.86458 16.996 0.012
3944.91197 17.325 0.012
3946.88007 17.005 0.010
3951.90953 17.360 0.016
3955.86869 17.013 0.015
3958.84990 17.125 0.015
3960.84105 17.300 0.012
3963.83779 17.323 0.020
3965.82960 16.990 0.009
3967.87199 17.160 0.011
3969.81519 17.256 0.014
3971.79132 17.346 0.012
3974.79305 17.086 0.012
3979.75431 17.299 0.013
3980.63176 17.250 0.016
3981.65805 17.361 0.013
3983.84838 16.985 0.012
3987.79688 17.218 0.013
3990.80422 17.392 0.013
3993.74906 17.033 0.012
3995.75423 17.092 0.010
3999.76363 17.349 0.012
4002.73573 17.091 0.010
4004.68746 16.988 0.010
4006.71372 17.218 0.010
4007.57708 17.198 0.013
4008.58607 17.269 0.012
4009.75591 17.370 0.014
4013.71535 16.992 0.012
4016.70714 17.280 0.014
4018.71553 17.362 0.015
4019.70452 17.415 0.018
4021.69133 17.049 0.010
4024.66481 17.178 0.012
4026.64368 17.275 0.012
4028.64150 17.394 0.014
4030.65306 17.205 0.013
4032.70429 17.080 0.014
4037.68049 17.380 0.014
4039.61839 17.322 0.014
4041.61796 16.976 0.013
4043.60516 17.183 0.015
4046.61295 17.352 0.017
4048.57888 17.373 0.016
4050.62232 16.968 0.010
4052.57312 17.087 0.010
4054.63156 17.264 0.015
4056.59936 17.406 0.017
4058.63290 17.142 0.013
4060.53175 16.946 0.010
4064.52941 17.302 0.012
4066.57089 17.372 0.015
4069.52923 16.999 0.012
4073.61284 17.292 0.015
4077.53621 17.195 0.012
4079.53816 17.001 0.012
4082.53808 17.271 0.014
4085.57580 17.368 0.015
4092.57190 17.353 0.013
4096.59783 16.977 0.010
4100.60062 17.274 0.015
4105.56848 17.030 0.013
4108.54470 17.178 0.011
4113.62264 17.168 0.014
4120.59348 17.358 0.014
4132.57669 17.124 0.015
4252.94066 17.260 0.019
4255.85989 17.380 0.020
4268.91242 16.999 0.015
4275.93449 17.155 0.015
4279.83118 17.111 0.019
4282.82273 17.364 0.018
4283.87565 17.379 0.021
4285.92996 16.986 0.014
4292.86931 17.369 0.015
4295.87333 16.971 0.012
4296.90304 17.058 0.013
4297.93591 17.195 0.013
4299.87077 17.285 0.013
4300.89226 17.347 0.015
4301.91023 17.378 0.014
4302.93187 17.269 0.017
4306.92899 17.165 0.014
4307.91072 17.256 0.013
4308.67186 17.119 0.015
4308.87989 17.275 0.015
4310.85222 17.375 0.018
4311.83979 17.364 0.028
4312.91362 17.144 0.013
4314.93310 17.050 0.016
4316.83962 17.154 0.016
4319.87679 17.363 0.018
4320.90367 17.371 0.018
4326.84756 17.212 0.015
4327.82685 17.304 0.020
4328.84248 17.332 0.018
4329.84396 17.378 0.018
4330.87329 17.306 0.015
4333.87456 17.062 0.015
4338.91489 17.374 0.020
4340.78968 17.303 0.016
4341.78253 17.083 0.015
4342.83845 16.964 0.015
4343.77603 17.043 0.014
4344.75819 17.125 0.014
4345.80556 17.248 0.015
4347.79309 17.370 0.015
4349.80625 17.311 0.015
4351.83705 16.995 0.014
4353.76655 17.136 0.014
4359.71337 17.326 0.016
4361.71593 16.970 0.014
4362.74076 17.050 0.014
4364.59768 17.124 0.017
4367.69517 17.403 0.018
4370.68685 16.981 0.014
4372.75028 17.185 0.013
4376.66569 17.375 0.016
4378.63225 17.346 0.016
4379.66127 17.085 0.017
4380.77310 17.059 0.014
4382.70049 17.202 0.014
4386.67558 17.374 0.017
4388.67608 17.087 0.014
4390.68506 17.042 0.012
4393.65883 17.299 0.015
4395.69375 17.400 0.018
4398.65919 16.972 0.014
4400.68378 17.141 0.015
4403.70784 17.352 0.019
4407.64794 16.998 0.014
4408.69411 17.020 0.015
4410.71706 17.245 0.016
4415.70121 17.171 0.016
4418.60784 17.025 0.012
4422.66909 17.381 0.017
4424.66618 17.272 0.017
4427.55286 16.948 0.014
4429.59595 17.195 0.021
4431.58328 17.327 0.017
4433.58909 17.384 0.019
4435.57742 17.032 0.014
4437.66650 17.193 0.020
4439.57837 17.257 0.020
4441.61423 17.355 0.017
4443.60495 17.305 0.017
4449.65900 17.331 0.016
4451.61411 17.410 0.017
4453.59607 17.091 0.015
4456.59748 17.145 0.019
4459.55008 17.325 0.018
4464.58973 17.014 0.014
4465.55570 17.100 0.015
4470.57466 17.384 0.019
4474.61113 17.133 0.017
4476.58930 17.278 0.015
4479.61407 17.374 0.021
4481.59873 16.994 0.015
4484.61543 17.266 0.025
4487.63694 17.385 0.027
4609.91034 17.170 0.015
4649.94512 17.373 0.021
4655.93429 17.176 0.014
4661.90830 17.076 0.014
4662.79101 17.093 0.011
4662.90795 16.972 0.011
4663.76269 16.952 0.015
4663.94654 17.124 0.019
4665.83565 17.169 0.016
4665.92962 17.246 0.019
4666.92490 17.291 0.019
4670.91785 17.092 0.014
4671.83209 17.049 0.014
4672.89184 17.005 0.015
4675.90944 17.290 0.017
4681.88919 16.982 0.011
4683.88546 17.200 0.012
4685.87149 17.321 0.016
4688.82185 17.361 0.015
4690.74740 17.088 0.012
4691.75033 16.989 0.015
4693.90539 17.280 0.020
4696.87894 17.352 0.021
4698.76710 17.345 0.015
4699.76109 17.114 0.013
4701.80381 17.076 0.013
4702.86513 17.235 0.018
4703.76303 17.244 0.015
4704.78184 17.341 0.015
4705.78911 17.336 0.017
4707.78175 17.307 0.013
4710.76601 17.001 0.011
4716.76749 17.361 0.014
4719.77572 16.987 0.014
4721.77933 17.210 0.017
4724.77897 17.353 0.016
4726.67395 17.370 0.018
4729.68500 16.991 0.015
4731.77983 17.265 0.013
4734.75973 17.385 0.015
4741.73814 17.293 0.012
4747.60472 16.968 0.014
4749.60434 17.099 0.017
4753.67543 17.437 0.022
4755.66739 17.131 0.013
4757.65187 17.030 0.013
4759.66655 17.253 0.013
4761.63474 17.333 0.012
4763.64737 17.352 0.017
4766.61559 16.977 0.015
4769.65370 17.277 0.019
4771.56474 17.349 0.016
4773.68956 17.143 0.014
4775.67643 17.030 0.014
4777.61011 17.158 0.015
4779.64674 17.341 0.015
4783.57930 17.232 0.016
4785.61042 17.056 0.015
4789.54579 17.321 0.015
4790.62805 17.375 0.014
4791.62630 17.344 0.014
4793.53046 17.155 0.013
4795.54750 17.048 0.011
4797.53970 17.217 0.015
4798.60300 17.308 0.018
4800.65031 17.327 0.016
4803.54160 16.981 0.013
4804.59183 17.060 0.016
4806.60083 17.268 0.017
4808.55905 17.320 0.018
4810.56950 17.335 0.016
4813.60888 17.071 0.015
4815.58507 17.222 0.020
4817.60154 17.392 0.015
4819.60116 17.325 0.015
4821.64307 16.996 0.011
4825.63230 17.321 0.019
4833.56468 17.171 0.014
4835.58726 17.352 0.020
4839.60878 16.959 0.015
4842.57588 17.194 0.020
4844.58640 17.318 0.016
4847.64063 17.109 0.021
4849.60050 17.003 0.013
4853.59795 17.326 0.015
4856.59193 17.307 0.016
4865.56504 17.315 0.016
