2106.89468 16.045 0.008
2112.84706 15.997 0.008
2116.87482 15.905 0.008
2129.86123 15.884 0.008
2133.89832 15.909 0.008
2135.84783 15.924 0.008
2137.89546 15.967 0.008
2140.81508 15.905 0.008
2142.75544 15.856 0.008
2143.82093 16.065 0.008
2144.82762 15.869 0.007
2155.88236 15.893 0.009
2162.76516 15.921 0.008
2171.74329 15.998 0.007
2184.70505 15.974 0.008
2192.66667 15.870 0.007
2193.68773 16.058 0.008
2215.65251 16.045 0.008
2219.68209 15.965 0.008
2222.73065 16.023 0.008
2224.71696 16.046 0.008
2231.64666 15.939 0.008
2232.51339 15.990 0.009
2233.61680 15.984 0.008
2235.66692 16.028 0.008
2240.65476 15.887 0.008
2242.62229 15.941 0.008
2248.61159 16.041 0.008
2250.58026 16.060 0.008
2253.57389 15.890 0.008
2255.61054 15.952 0.008
2258.57683 15.879 0.007
2266.56354 15.922 0.008
2271.56792 15.851 0.008
2273.56725 15.906 0.008
2275.60218 15.890 0.008
2276.56174 16.022 0.009
2278.59433 15.952 0.008
2280.59016 15.906 0.008
2284.59304 15.866 0.008
2290.60701 15.954 0.008
2293.56930 15.884 0.008
2295.56208 15.856 0.008
2297.56538 15.868 0.008
2299.56448 15.902 0.008
2301.55676 15.932 0.008
2445.91531 16.026 0.009
2534.83784 15.865 0.008
2537.70582 16.074 0.009
2571.64887 15.864 0.008
2586.62811 15.884 0.008
2588.72054 15.947 0.008
2594.61311 16.051 0.009
2621.56947 15.877 0.008
2632.55162 15.877 0.008
2636.54702 15.930 0.009
2639.54727 15.899 0.008
2646.56883 16.007 0.008
2651.54112 16.003 0.010
2654.55866 15.877 0.008
2657.56154 16.003 0.009
2660.55731 15.962 0.008
2679.54150 16.061 0.008
2811.90798 16.050 0.010
2814.94365 15.910 0.008
2831.78504 15.993 0.009
2832.75103 15.892 0.008
2832.92898 15.873 0.008
2833.86895 16.040 0.009
2835.87758 16.054 0.008
2838.93584 15.945 0.009
2840.82858 15.957 0.008
2844.87583 16.035 0.008
2845.92182 15.899 0.008
2850.89202 15.991 0.008
2851.93559 15.945 0.008
2852.80626 15.982 0.008
2853.94568 15.969 0.010
2856.81895 15.873 0.008
2858.91300 15.877 0.008
2860.87899 15.897 0.008
2861.75017 16.049 0.008
2862.92917 15.943 0.008
2863.83841 15.973 0.009
2865.83527 15.899 0.008
2866.88493 16.012 0.009
2867.82496 15.876 0.008
2868.77261 16.034 0.008
2870.81920 16.054 0.008
2871.86213 15.889 0.008
2875.80850 15.945 0.008
2876.77940 15.938 0.008
2879.74292 16.021 0.008
2883.82909 16.035 0.008
2888.81219 15.983 0.008
2892.80358 16.051 0.010
2894.73275 16.066 0.009
2905.75637 16.053 0.008
2907.75776 16.038 0.008
2909.74687 16.003 0.006
2911.73824 15.938 0.008
2915.70971 15.865 0.008
2917.73582 15.854 0.007
2921.73358 15.909 0.008
2923.75551 15.966 0.008
2925.71850 16.002 0.008
2927.71599 16.041 0.008
2930.73409 15.874 0.008
2932.74060 15.916 0.008
2934.72040 15.963 0.008
2939.69708 15.873 0.008
2941.68702 15.876 0.008
2942.63717 16.066 0.008
2945.60974 15.910 0.010
2950.64530 15.883 0.008
2951.63247 16.005 0.008
2952.66138 15.863 0.008
2954.68631 15.885 0.008
2956.63229 15.904 0.008
2958.62669 15.942 0.008
2961.59780 15.896 0.009
2965.63620 15.865 0.008
2968.59754 16.012 0.008
2970.61679 15.943 0.008
2972.60128 15.900 0.008
2974.60201 15.865 0.008
2976.55172 15.856 0.008
2978.57781 15.879 0.008
2980.59466 15.930 0.009
2982.53987 15.951 0.008
2984.63077 16.003 0.008
2986.64088 16.035 0.008
2988.53325 16.069 0.009
2991.60632 15.901 0.008
2994.58863 15.932 0.008
2997.56080 16.026 0.008
3001.57728 16.050 0.008
3005.53533 15.985 0.009
3008.56164 16.006 0.010
3011.56503 15.878 0.008
3016.59169 15.979 0.008
3018.57813 15.922 0.008
3020.60619 15.879 0.008
3021.61901 16.040 0.008
3023.57491 16.063 0.008
3025.57339 16.045 0.008
3027.60691 15.976 0.008
3029.57880 15.927 0.008
3031.58336 15.884 0.008
3033.58571 15.881 0.008
3037.53274 15.898 0.008
3164.93313 15.990 0.009
3183.91512 16.021 0.008
3195.94210 15.912 0.008
3201.87501 16.018 0.007
3210.89688 15.983 0.008
3215.66442 15.898 0.008
3216.73243 16.048 0.009
3217.93293 15.910 0.008
3218.91758 16.034 0.010
3223.83842 16.007 0.009
3243.85373 15.924 0.008
3245.78006 15.950 0.008
3247.76629 16.010 0.008
3254.73162 15.910 0.008
3257.74804 15.943 0.007
3269.78767 15.965 0.008
3270.74450 15.900 0.008
3272.72452 15.881 0.007
3274.71039 15.865 0.008
3277.75362 16.041 0.008
3279.68517 16.006 0.008
3289.62268 15.860 0.007
3301.63060 16.047 0.008
3303.69287 15.970 0.008
3312.65632 16.047 0.008
3314.56711 16.052 0.009
3320.60497 15.858 0.008
3335.59899 15.869 0.008
3338.60260 16.008 0.008
3349.59890 16.035 0.008
3353.57801 15.927 0.008
3359.55452 15.890 0.008
3363.56188 15.955 0.008
3367.62118 16.053 0.008
3372.55193 15.911 0.008
3376.53124 15.961 0.008
3378.59816 16.021 0.008
3386.56462 15.971 0.007
3390.57818 15.903 0.008
3398.55995 15.986 0.008
3528.94050 15.877 0.008
3541.93329 15.921 0.007
3554.92610 15.955 0.008
3568.84127 15.952 0.007
3571.80432 16.055 0.009
3573.84180 16.077 0.008
3577.83947 16.008 0.008
3596.89498 15.874 0.007
3624.86862 15.937 0.008
3633.71023 15.893 0.008
3637.65323 15.931 0.008
3639.70330 15.957 0.007
3651.73641 15.916 0.007
3653.73257 15.874 0.007
3673.67741 15.964 0.008
3700.57842 15.990 0.008
3704.59399 16.054 0.008
3706.61444 16.033 0.007
3708.58731 15.995 0.008
3711.59390 15.983 0.008
3714.52763 15.885 0.008
3718.60816 15.916 0.008
3721.56174 15.950 0.008
3724.56673 16.005 0.008
3726.58727 16.052 0.008
3728.56038 16.066 0.008
3734.56384 15.890 0.008
3737.57951 16.074 0.008
3742.53814 15.923 0.009
3746.56340 16.014 0.008
3751.54328 15.880 0.008
3756.55603 15.945 0.008
3761.60627 16.063 0.008
3766.53109 15.920 0.008
3772.55392 16.057 0.008
3776.55397 16.028 0.008
3901.94239 15.926 0.008
3906.94269 16.022 0.008
3918.88313 15.858 0.007
3934.86150 16.016 0.007
3936.86968 15.949 0.008
3960.83041 15.942 0.007
3963.82712 16.048 0.009
3965.81899 16.062 0.007
3967.83884 16.061 0.007
3969.80449 16.038 0.008
3974.78243 16.021 0.008
3983.83774 15.965 0.008
3990.79361 15.875 0.007
3999.75300 15.871 0.007
4007.56650 15.935 0.007
4037.66988 16.062 0.007
4058.62231 15.904 0.007
4060.52114 15.880 0.008
4064.51877 15.893 0.007
4069.51861 15.899 0.008
4073.60218 15.900 0.008
4077.52552 15.919 0.008
4079.52747 15.982 0.009
4082.52740 15.895 0.008
4085.56513 16.075 0.008
4092.56117 16.020 0.007
4096.58713 16.080 0.008
4100.58992 15.996 0.008
4105.55771 16.028 0.008
4108.53396 15.849 0.007
4113.61185 15.930 0.007
4120.58269 16.076 0.008
4126.58051 15.919 0.008
4252.92975 16.033 0.009
4255.84907 15.887 0.008
4268.90236 15.899 0.008
4275.92451 15.868 0.008
4279.80223 15.897 0.011
4282.81273 15.992 0.008
4283.86567 15.981 0.008
4285.92000 16.039 0.008
4291.94079 16.017 0.009
4292.85932 15.931 0.008
4295.86335 15.919 0.008
4296.89311 16.030 0.008
4299.86081 15.870 0.008
4300.88229 16.068 0.008
4301.90029 15.895 0.007
4307.90082 16.016 0.008
4308.66197 15.946 0.008
4308.86997 15.892 0.008
4310.84231 15.873 0.008
4311.82986 16.056 0.011
4316.82974 15.941 0.008
4319.86692 15.900 0.008
4328.83182 16.018 0.008
4329.83410 15.976 0.008
4330.86261 15.933 0.008
4333.86389 16.018 0.008
4340.77674 15.914 0.008
4342.82779 15.999 0.009
4343.76542 15.911 0.008
4357.70482 16.039 0.008
4359.70276 16.059 0.008
4364.58709 15.916 0.009
4370.67626 16.033 0.008
4376.65508 16.021 0.008
4386.66500 15.890 0.008
4388.66549 15.942 0.008
4390.67447 15.988 0.008
4393.64827 15.865 0.008
4407.63733 16.064 0.008
4408.68352 15.904 0.008
4418.59725 16.066 0.008
4422.65845 16.015 0.008
4424.65553 15.954 0.008
4427.54220 16.020 0.008
4429.56815 16.066 0.011
4431.57262 16.077 0.008
4433.57845 16.054 0.008
4435.56679 15.988 0.008
4439.56769 15.904 0.008
4441.60354 15.884 0.008
4449.64828 16.026 0.008
4459.53933 15.989 0.008
4465.54495 15.877 0.008
4468.58828 16.042 0.008
4468.62316 16.024 0.008
4471.53571 15.956 0.008
4472.54790 15.910 0.008
4472.56954 15.923 0.008
4479.60329 16.040 0.009
4481.58796 15.980 0.008
4484.60464 15.999 0.010
4487.62618 15.885 0.009
4609.89945 16.024 0.008
4643.88417 15.903 0.008
4649.93437 15.922 0.008
4655.94586 16.026 0.008
4661.89753 16.014 0.008
4662.78023 15.896 0.008
4662.89717 15.938 0.008
4663.75193 15.996 0.008
4663.93583 15.934 0.009
4665.82490 15.909 0.008
4670.90713 16.051 0.008
4671.82138 15.881 0.008
4681.87847 16.063 0.008
4688.81121 15.952 0.008
4690.73673 15.991 0.008
4691.73963 15.904 0.008
4716.75687 16.058 0.008
4730.70298 15.879 0.007
4736.67069 16.003 0.008
4736.71168 16.017 0.008
4771.55412 15.957 0.008
4772.59926 15.912 0.008
4773.56342 16.026 0.008
4775.53198 16.029 0.008
4776.54130 15.873 0.008
4777.50938 16.078 0.010
4783.56867 15.935 0.008
4789.53519 15.877 0.008
4790.61740 16.048 0.007
4793.51981 15.925 0.008
4795.53687 15.965 0.008
4797.52907 16.028 0.008
4803.53098 16.021 0.008
4805.54289 15.967 0.008
4808.54841 16.031 0.008
4809.55051 15.888 0.008
4810.55883 16.031 0.008
4819.59045 15.990 0.008
4822.57254 15.865 0.008
4823.53713 16.054 0.009
4824.54550 15.881 0.008
4825.56977 16.051 0.008
4826.58470 15.925 0.008
4835.57652 15.872 0.008
4839.59804 15.934 0.008
4865.55420 15.995 0.008
