2104.88382 15.764 0.007
2112.92411 15.803 0.007
2115.90016 15.757 0.007
2116.92802 15.821 0.007
2117.89107 15.897 0.007
2123.88200 15.778 0.007
2128.88191 15.876 0.008
2130.82071 15.950 0.007
2131.81371 15.796 0.007
2132.85845 15.739 0.007
2133.87095 15.944 0.008
2134.86408 15.763 0.007
2135.90143 15.806 0.007
2136.90475 15.914 0.008
2140.86748 15.726 0.007
2141.77773 15.959 0.008
2142.87730 15.806 0.007
2143.88635 15.766 0.007
2144.80196 15.914 0.007
2156.72804 15.713 0.007
2160.80728 15.945 0.008
2162.81760 15.755 0.007
2166.80841 15.881 0.007
2167.74168 15.709 0.007
2168.76625 15.951 0.007
2172.81714 15.773 0.007
2173.76054 15.829 0.007
2174.74428 15.889 0.007
2177.69240 15.827 0.007
2184.75372 15.867 0.008
2187.66201 15.958 0.009
2190.74372 15.939 0.007
2191.64784 15.742 0.007
2192.71142 15.829 0.007
2193.73862 15.905 0.007
2194.70346 15.709 0.007
2200.71786 15.761 0.007
2203.60610 15.926 0.007
2206.65584 15.947 0.008
2208.69991 15.718 0.007
2211.70786 15.798 0.007
2212.69442 15.893 0.007
2214.69448 15.917 0.008
2215.73046 15.878 0.008
2217.68960 15.956 0.008
2219.72660 15.741 0.007
2222.77589 15.799 0.008
2223.68096 15.882 0.008
2227.53930 15.787 0.009
2228.60689 15.944 0.007
2230.54499 15.877 0.007
2232.55797 15.717 0.007
2234.60004 15.849 0.007
2236.58926 15.944 0.007
2239.53680 15.918 0.008
2241.58160 15.884 0.007
2243.61995 15.708 0.007
2249.57997 15.818 0.007
2251.63010 15.717 0.007
2254.58388 15.712 0.007
2256.60122 15.807 0.007
2259.62207 15.764 0.007
2262.62855 15.725 0.007
2266.62045 15.949 0.008
2271.59537 15.886 0.007
2273.59460 15.707 0.008
2276.58931 15.748 0.007
2280.58323 15.900 0.007
2285.57920 15.938 0.007
2289.61504 15.744 0.007
2291.62032 15.889 0.007
2293.60998 15.923 0.007
2295.60669 15.702 0.007
2297.61125 15.786 0.007
2299.60590 15.930 0.007
2301.59743 15.880 0.008
2453.89165 15.777 0.008
2460.93831 15.954 0.009
2464.89565 15.753 0.007
2466.88913 15.896 0.008
2468.88339 15.929 0.008
2470.87435 15.720 0.007
2472.89448 15.793 0.007
2481.87993 15.737 0.008
2483.94138 15.787 0.007
2486.94209 15.733 0.008
2489.82411 15.721 0.007
2490.82035 15.950 0.009
2496.80404 15.858 0.007
2497.82634 15.709 0.007
2498.82670 15.944 0.007
2499.91168 15.850 0.007
2500.92005 15.728 0.007
2501.90658 15.953 0.007
2502.88682 15.780 0.007
2508.79741 15.713 0.008
2516.82978 15.715 0.007
2517.87682 15.916 0.007
2518.85105 15.850 0.008
2519.80234 15.722 0.007
2520.84450 15.946 0.008
2521.79510 15.771 0.007
2524.79803 15.730 0.008
2526.83001 15.861 0.007
2529.78850 15.801 0.007
2535.74811 15.706 0.007
2537.75462 15.840 0.009
2539.74341 15.940 0.008
2540.79528 15.785 0.008
2541.75543 15.809 0.007
2542.72506 15.904 0.007
2544.71435 15.912 0.007
2545.72948 15.847 0.007
2547.73671 15.947 0.007
2548.76397 15.816 0.007
2550.75911 15.923 0.007
2551.74621 15.748 0.007
2552.76160 15.832 0.007
2553.70238 15.884 0.008
2554.75472 15.716 0.007
2555.76271 15.918 0.007
2556.74195 15.838 0.007
2557.75427 15.714 0.007
2558.71082 15.939 0.007
2559.66775 15.751 0.007
2560.70086 15.812 0.007
2561.74643 15.916 0.008
2562.71906 15.719 0.007
2563.72711 15.882 0.007
2564.74352 15.871 0.007
2565.73134 15.709 0.007
2566.71029 15.939 0.008
2571.70566 15.845 0.008
2572.76603 15.904 0.008
2573.70419 15.699 0.007
2574.68392 15.927 0.007
2576.72837 15.716 0.007
2577.68661 15.935 0.008
2578.67166 15.773 0.007
2579.68183 15.791 0.008
2580.69011 15.913 0.007
2583.66634 15.875 0.008
2584.66864 15.700 0.007
2587.66101 15.757 0.007
2588.67293 15.945 0.008
2589.66602 15.755 0.007
2590.67387 15.833 0.007
2591.70163 15.906 0.007
2593.65845 15.930 0.008
2594.66496 15.845 0.008
2596.63764 15.951 0.008
2597.62650 15.782 0.008
2598.70522 15.764 0.007
2599.66577 15.940 0.008
2608.56643 15.741 0.007
2610.60304 15.894 0.008
2613.59437 15.844 0.009
2615.63004 15.951 0.008
2620.60038 15.876 0.007
2622.54817 15.702 0.007
2625.60159 15.747 0.008
2629.53440 15.889 0.008
2632.57245 15.845 0.007
2636.56891 15.776 0.008
2639.56816 15.866 0.007
2643.54114 15.818 0.007
2649.55362 15.720 0.007
2651.59147 15.872 0.008
2655.54428 15.759 0.008
2658.55611 15.848 0.009
2661.56868 15.919 0.007
2665.53569 15.778 0.008
2669.56184 15.864 0.008
2674.54594 15.735 0.007
2676.56678 15.765 0.007
2680.53723 15.905 0.008
2683.56849 15.933 0.008
2804.84638 15.883 0.009
2805.90279 15.744 0.008
2812.91931 15.932 0.008
2815.92960 15.906 0.008
2818.94217 15.858 0.007
2829.87623 15.810 0.007
2831.87664 15.925 0.008
2832.81975 15.743 0.007
2833.91834 15.797 0.008
2835.90708 15.718 0.007
2840.89617 15.806 0.007
2843.88220 15.731 0.007
2844.92349 15.817 0.007
2849.90819 15.705 0.007
2850.93973 15.953 0.009
2852.86837 15.799 0.008
2854.87970 15.733 0.007
2857.88699 15.708 0.007
2859.87430 15.813 0.007
2860.92667 15.722 0.007
2861.79839 15.913 0.007
2862.88447 15.758 0.007
2863.88637 15.808 0.008
2865.80884 15.719 0.007
2867.79827 15.828 0.007
2868.83890 15.725 0.007
2869.85247 15.941 0.008
2870.86700 15.797 0.007
2872.79106 15.921 0.007
2875.85823 15.885 0.007
2876.88423 15.727 0.008
2877.85662 15.928 0.007
2879.82138 15.746 0.007
2884.77146 15.712 0.007
2886.78424 15.846 0.007
2890.74737 15.813 0.008
2893.79475 15.881 0.007
2895.80557 15.710 0.007
2897.75318 15.808 0.007
2899.78543 15.925 0.007
2903.80417 15.728 0.007
2906.75290 15.727 0.007
2908.72993 15.781 0.007
2910.72483 15.914 0.008
2912.73074 15.885 0.007
2916.74340 15.819 0.007
2918.72044 15.924 0.007
2922.72297 15.724 0.007
2924.71930 15.839 0.007
2926.65498 15.949 0.008
2929.71634 15.915 0.008
2931.69373 15.875 0.007
2933.70441 15.714 0.007
2935.66734 15.827 0.008
2937.69242 15.927 0.008
2939.67065 15.835 0.007
2940.68492 15.913 0.007
2941.66065 15.712 0.007
2942.68822 15.901 0.007
2943.65694 15.850 0.007
2944.64071 15.728 0.008
2946.63929 15.787 0.007
2947.66724 15.770 0.008
2949.64814 15.736 0.007
2950.59964 15.887 0.007
2951.68052 15.894 0.008
2953.62840 15.927 0.008
2955.61329 15.749 0.008
2957.62701 15.751 0.007
2965.68390 15.819 0.007
2968.64642 15.747 0.007
2971.65421 15.713 0.007
2973.64271 15.841 0.007
2975.53951 15.924 0.007
2977.63517 15.788 0.008
2979.61545 15.724 0.008
2982.57005 15.709 0.007
2984.60125 15.816 0.008
2986.61138 15.923 0.007
2988.58383 15.859 0.007
2990.60265 15.713 0.007
2993.60544 15.706 0.007
2997.55323 15.907 0.007
3000.60872 15.880 0.007
3003.58422 15.819 0.007
3006.57380 15.762 0.007
3009.56719 15.729 0.007
3013.57380 15.942 0.008
3017.56825 15.748 0.007
3020.54342 15.711 0.007
3022.57087 15.824 0.007
3024.57009 15.940 0.008
3026.54010 15.815 0.007
3028.54101 15.725 0.007
3030.54413 15.865 0.007
3032.56207 15.939 0.008
3034.56163 15.745 0.007
3038.55244 15.887 0.008
3179.94374 15.731 0.007
3184.90755 15.740 0.007
3193.93060 15.812 0.007
3196.90265 15.920 0.007
3202.89512 15.936 0.007
3203.93500 15.756 0.006
3206.87789 15.711 0.007
3210.94437 15.942 0.007
3211.86049 15.775 0.007
3216.78019 15.834 0.008
3217.83005 15.735 0.008
3224.82701 15.882 0.007
3228.80485 15.750 0.007
3230.77834 15.756 0.007
3238.80942 15.813 0.007
3239.84852 15.750 0.007
3242.77830 15.899 0.008
3243.90145 15.912 0.007
3244.88015 15.741 0.007
3245.82764 15.931 0.007
3246.82451 15.856 0.007
3247.82876 15.730 0.007
3249.78219 15.778 0.007
3251.79474 15.919 0.007
3254.78087 15.861 0.007
3257.80796 15.812 0.007
3261.75383 15.866 0.007
3263.75081 15.717 0.007
3265.83071 15.870 0.007
3267.75886 15.969 0.007
3270.71256 15.914 0.007
3271.71524 15.723 0.007
3273.67377 15.851 0.007
3275.66855 15.947 0.008
3276.76257 15.843 0.008
3277.80143 15.743 0.007
3279.73297 15.764 0.007
3281.69877 15.890 0.007
3283.69319 15.945 0.007
3287.65949 15.774 0.007
3289.67432 15.913 0.007
3291.61706 15.935 0.007
3294.62925 15.961 0.007
3298.60344 15.756 0.007
3300.60601 15.875 0.007
3302.58706 15.946 0.007
3305.68305 15.939 0.007
3307.59958 15.837 0.008
3309.62035 15.721 0.007
3311.57587 15.847 0.007
3314.61955 15.818 0.007
3320.65284 15.715 0.007
3323.60523 15.720 0.007
3327.63334 15.908 0.007
3330.60463 15.868 0.007
3335.64924 15.945 0.009
3338.55607 15.880 0.007
3350.56743 15.711 0.007
3357.60617 15.914 0.007
3361.60799 15.703 0.007
3363.61027 15.814 0.007
3369.58722 15.715 0.007
3376.57922 15.921 0.007
3380.56557 15.702 0.007
3386.61245 15.795 0.007
3395.56448 15.912 0.008
3399.59304 15.729 0.007
3402.60522 15.720 0.007
3543.92130 15.907 0.007
3551.94391 15.912 0.008
3558.92583 15.733 0.007
3562.91657 15.912 0.007
3568.90808 15.816 0.007
3570.86974 15.929 0.007
3571.85622 15.744 0.007
3573.90160 15.901 0.008
3575.86140 15.934 0.007
3577.91797 15.719 0.007
3579.85885 15.770 0.006
3581.92779 15.919 0.007
3582.88018 15.739 0.007
3583.89929 15.870 0.007
3586.88952 15.938 0.007
3588.88770 15.719 0.007
3590.84629 15.762 0.007
3592.80658 15.872 0.007
3594.84739 15.924 0.007
3600.93639 15.950 0.008
3603.75947 15.853 0.007
3608.81609 15.954 0.007
3614.84788 15.852 0.007
3615.85271 15.717 0.007
3618.83234 15.757 0.007
3620.85880 15.766 0.007
3622.81282 15.890 0.007
3625.75877 15.819 0.007
3628.78031 15.763 0.007
3630.69576 15.878 0.007
3632.67293 15.944 0.008
3634.70787 15.726 0.007
3637.70867 15.794 0.007
3640.67497 15.919 0.007
3644.70947 15.827 0.007
3650.74279 15.728 0.007
3652.68423 15.852 0.007
3654.66004 15.927 0.007
3656.71326 15.776 0.007
3657.74140 15.941 0.007
3658.71494 15.745 0.007
3659.69933 15.876 0.007
3660.70498 15.878 0.007
3663.69577 15.845 0.007
3665.72403 15.965 0.008
3668.65256 15.900 0.007
3668.67511 15.910 0.007
3670.66374 15.913 0.007
3672.59645 15.722 0.007
3674.75578 15.840 0.007
3676.64205 15.924 0.007
3682.61869 15.812 0.007
3684.63603 15.935 0.007
3686.60172 15.827 0.007
3688.57470 15.721 0.007
3690.58841 15.844 0.007
3693.58553 15.795 0.007
3695.58110 15.934 0.007
3698.56251 15.875 0.008
3701.60525 15.835 0.007
3703.61587 15.944 0.007
3705.58809 15.797 0.007
3707.58855 15.709 0.007
3712.60348 15.839 0.007
3715.56172 15.740 0.007
3719.64070 15.909 0.007
3722.58765 15.938 0.007
3725.66774 15.945 0.007
3730.57094 15.938 0.007
3735.57361 15.819 0.007
3739.57329 15.859 0.007
3743.54899 15.756 0.007
3748.55288 15.730 0.007
3753.55059 15.784 0.008
3758.57250 15.877 0.007
3762.57905 15.739 0.007
3768.53906 15.928 0.007
3773.53590 15.791 0.007
3777.56184 15.890 0.007
3871.93233 15.766 0.008
3902.94910 15.869 0.010
3907.94409 15.747 0.008
3915.91991 15.713 0.007
3918.93915 15.737 0.007
3933.82684 15.859 0.007
3934.90879 15.713 0.007
3936.91703 15.847 0.007
3938.90122 15.951 0.007
3945.87096 15.707 0.007
3950.85263 15.769 0.007
3957.80826 15.945 0.008
3959.80670 15.838 0.007
3961.79292 15.714 0.007
3964.80004 15.717 0.007
3966.79227 15.805 0.007
3968.78581 15.925 0.007
3970.77745 15.880 0.007
3973.74840 15.967 0.007
3975.76169 15.761 0.007
3980.69421 15.726 0.007
3981.69408 15.926 0.007
3982.75842 15.867 0.007
3986.73558 15.781 0.007
3989.83266 15.809 0.007
3991.77385 15.718 0.007
3994.67487 15.771 0.007
4001.67456 15.840 0.007
4003.64622 15.949 0.007
4004.73478 15.799 0.007
4005.72004 15.767 0.007
4007.61324 15.727 0.007
4008.62231 15.905 0.007
4011.67270 15.942 0.007
4014.67066 15.927 0.007
4016.65192 15.843 0.007
4018.64827 15.721 0.007
4020.68719 15.879 0.007
4023.63765 15.800 0.007
4025.63800 15.931 0.007
4027.62616 15.870 0.007
4029.60835 15.715 0.007
4031.59536 15.805 0.007
4036.63074 15.909 0.007
4038.58507 15.929 0.007
4040.56505 15.731 0.007
4042.63442 15.802 0.007
4045.51567 15.724 0.007
4047.58849 15.877 0.007
4049.56108 15.938 0.007
4051.61067 15.734 0.007
4053.62164 15.764 0.007
4055.55084 15.915 0.007
4057.58993 15.909 0.008
4059.62449 15.705 0.007
4063.61588 15.932 0.007
4066.53078 15.869 0.007
4068.59813 15.917 0.007
4071.53928 15.947 0.007
4074.57446 15.908 0.007
4077.62720 15.898 0.007
4079.57429 15.950 0.007
4083.58178 15.783 0.007
4087.60371 15.913 0.007
4095.56759 15.862 0.007
4095.60464 15.852 0.007
4098.58666 15.944 0.008
4102.55883 15.788 0.007
4107.56295 15.875 0.007
4112.56341 15.946 0.007
4119.55301 15.718 0.007
4122.57931 15.759 0.007
4128.57947 15.945 0.007
4253.90273 15.713 0.008
4255.92136 15.845 0.008
4258.93792 15.802 0.008
4273.92421 15.917 0.009
4279.77736 15.898 0.010
4282.75065 15.832 0.008
4282.91494 15.887 0.008
4283.84168 15.724 0.008
4284.90947 15.940 0.008
4289.88053 15.825 0.008
4292.91381 15.895 0.007
4295.90771 15.938 0.007
4296.94199 15.828 0.007
4298.86099 15.934 0.008
4299.90450 15.762 0.007
4300.92634 15.823 0.007
4301.94513 15.903 0.008
4303.83587 15.939 0.008
4307.73287 15.738 0.007
4308.70666 15.898 0.008
4308.91450 15.766 0.007
4310.88656 15.732 0.008
4311.88807 15.883 0.009
4314.81705 15.940 0.008
4316.87672 15.750 0.007
4320.86039 15.892 0.007
4326.88477 15.813 0.008
4327.90846 15.748 0.008
4328.87847 15.925 0.008
4329.87771 15.742 0.007
4330.90911 15.837 0.007
4332.92535 15.728 0.007
4334.91864 15.880 0.009
4339.87336 15.921 0.008
4340.82559 15.719 0.007
4341.81846 15.911 0.008
4342.89271 15.873 0.007
4343.81199 15.723 0.007
4344.79418 15.943 0.007
4346.77046 15.798 0.007
4348.75617 15.738 0.007
4350.73296 15.869 0.007
4353.69107 15.796 0.007
4355.74963 15.933 0.008
4358.69297 15.887 0.008
4362.70054 15.731 0.007
4365.67453 15.830 0.008
4369.73132 15.868 0.009
4371.69829 15.945 0.008
4376.70165 15.841 0.007
4378.66837 15.714 0.007
4379.69964 15.921 0.008
4381.65885 15.721 0.007
4383.68731 15.787 0.007
4386.71192 15.739 0.007
4388.71222 15.880 0.007
4390.72115 15.931 0.007
4394.60877 15.746 0.007
4396.69218 15.905 0.007
4398.69529 15.893 0.008
4402.68034 15.796 0.007
4404.69679 15.933 0.009
4407.70531 15.905 0.008
4409.72091 15.925 0.007
4411.71601 15.715 0.007
4415.71987 15.917 0.008
4417.66987 15.892 0.007
4420.65630 15.948 0.008
4422.68835 15.740 0.007
4424.68542 15.766 0.007
4427.57117 15.705 0.007
4429.61426 15.839 0.009
4431.60139 15.929 0.008
4433.60727 15.802 0.007
4435.59564 15.729 0.007
4438.65570 15.715 0.007
4440.62522 15.826 0.007
4442.58669 15.939 0.008
4444.61139 15.843 0.008
4452.62163 15.755 0.007
4454.64183 15.746 0.007
4455.58391 15.876 0.007
4457.59280 15.713 0.008
4460.54722 15.750 0.007
4463.61077 15.795 0.007
4467.59359 15.864 0.008
4470.59299 15.791 0.007
4474.63956 15.814 0.007
4476.61789 15.721 0.007
4481.62561 15.800 0.007
4483.64425 15.930 0.008
4485.62573 15.871 0.008
4488.62635 15.939 0.009
4492.61661 15.772 0.007
4643.93028 15.705 0.007
4655.91242 15.945 0.007
4661.92618 15.898 0.007
4662.84975 15.719 0.007
4662.94763 15.708 0.007
4663.79849 15.953 0.008
4671.85001 15.911 0.007
4677.86938 15.923 0.007
4682.84380 15.940 0.007
4684.88180 15.725 0.007
4686.84176 15.772 0.007
4688.85799 15.923 0.007
4690.78329 15.922 0.007
4691.78664 15.845 0.007
4694.83291 15.810 0.008
4697.77724 15.759 0.007
4699.79826 15.882 0.007
4700.83216 15.719 0.007
4701.83984 15.925 0.007
4703.79905 15.736 0.007
4704.81774 15.935 0.007
4705.82536 15.790 0.008
4707.84278 15.913 0.007
4709.77357 15.909 0.007
4715.78214 15.926 0.007
4717.73675 15.865 0.007
4720.71561 15.945 0.007
4722.73084 15.732 0.007
4725.73603 15.792 0.007
4730.72660 15.710 0.007
4730.78929 15.706 0.007
4733.76151 15.746 0.007
4740.70409 15.833 0.007
4743.70079 15.778 0.007
4748.68956 15.859 0.007
4750.72240 15.956 0.009
4754.64798 15.734 0.007
4756.65754 15.881 0.007
4758.63777 15.927 0.007
4760.62444 15.728 0.007
4762.61425 15.760 0.007
4767.64985 15.866 0.007
4770.69813 15.832 0.008
4772.63547 15.938 0.008
4774.61097 15.835 0.007
4776.58276 15.716 0.007
4778.58413 15.817 0.007
4780.58136 15.930 0.007
4782.55428 15.816 0.007
4783.61588 15.919 0.007
4786.53618 15.857 0.008
4789.58202 15.804 0.007
4791.56360 15.925 0.007
4793.57093 15.847 0.007
4795.58381 15.716 0.007
4797.57599 15.845 0.008
4798.63921 15.710 0.007
4801.54047 15.803 0.007
4802.62794 15.941 0.008
4803.59985 15.740 0.007
4805.53487 15.872 0.008
4807.56162 15.948 0.008
4809.58676 15.726 0.007
4811.60867 15.776 0.007
4814.56649 15.719 0.007
4816.56870 15.848 0.007
4818.58264 15.954 0.008
4820.56064 15.766 0.007
4822.61745 15.765 0.007
4824.60229 15.907 0.008
4831.57389 15.776 0.007
4833.60179 15.742 0.007
4835.62453 15.876 0.007
4839.62755 15.728 0.007
4842.59421 15.801 0.007
4844.60467 15.739 0.007
4849.61890 15.813 0.007
4853.61617 15.828 0.007
4855.62942 15.730 0.007
4862.60323 15.929 0.007
4868.58537 15.810 0.007
