 622.87546 15.262 0.006
 624.90202 15.083 0.006
 625.88946 15.257 0.006
 626.86099 15.186 0.006
 627.84721 15.061 0.006
 628.88830 15.252 0.006
 629.88610 15.206 0.006
 631.91704 15.233 0.006
 632.85755 15.226 0.006
 633.89298 15.018 0.006
 635.88784 15.252 0.006
 643.85685 15.146 0.006
 645.82858 15.121 0.006
 647.78629 15.260 0.007
 649.78369 15.070 0.006
 652.83089 15.048 0.006
 656.84404 15.237 0.006
 657.81630 15.228 0.006
 658.85661 15.027 0.006
 663.76287 15.272 0.006
 664.86778 15.032 0.006
 665.81507 15.169 0.006
 666.82563 15.276 0.006
 667.84485 15.065 0.006
 668.81567 15.147 0.006
 670.78125 15.120 0.006
 671.80329 15.114 0.006
 672.80884 15.268 0.006
 673.77622 15.161 0.006
 684.73660 15.208 0.006
 685.79146 15.248 0.006
 686.69272 15.041 0.006
 687.77408 15.193 0.006
 688.71612 15.268 0.006
 689.74327 15.049 0.006
 697.70940 15.257 0.006
 698.78050 15.148 0.006
 699.67955 15.066 0.006
 700.72032 15.244 0.006
 701.69255 15.198 0.006
 704.72052 15.204 0.006
 706.68619 15.221 0.006
 707.72375 15.240 0.006
 708.74790 15.019 0.006
 712.74844 15.186 0.006
 713.72981 15.267 0.006
 714.74479 15.043 0.006
 715.71035 15.154 0.006
 716.67843 15.271 0.006
 726.66105 15.184 0.006
 728.67176 15.245 0.006
 729.67389 15.210 0.006
 730.65827 15.024 0.006
 733.62476 15.028 0.006
 739.64472 15.047 0.006
 741.61052 15.273 0.006
 742.58676 15.105 0.006
 744.63388 15.271 0.006
 745.58481 15.142 0.006
 746.77562 15.133 0.006
 747.64609 15.273 0.006
 748.60782 15.171 0.006
 749.61321 15.062 0.006
 750.60705 15.249 0.006
 751.61546 15.192 0.006
 752.72988 15.058 0.006
 753.66551 15.246 0.006
 759.62335 15.198 0.006
 760.64903 15.237 0.006
 761.62507 15.029 0.006
 761.73033 15.032 0.006
 762.61645 15.186 0.006
 762.64601 15.182 0.006
 763.63267 15.275 0.006
 763.74342 15.260 0.006
 764.71937 15.039 0.006
 765.56474 15.158 0.006
 766.60218 15.280 0.006
 766.70507 15.272 0.006
 767.60972 15.098 0.006
 767.67134 15.081 0.007
 767.77196 15.049 0.006
 769.59256 15.270 0.006
 769.66627 15.271 0.006
 770.59868 15.126 0.006
 771.63175 15.113 0.006
 772.59360 15.271 0.006
 773.59870 15.166 0.006
 773.75091 15.119 0.006
 774.59170 15.079 0.006
 775.54960 15.246 0.006
 776.63050 15.181 0.006
 777.60477 15.049 0.006
 778.60817 15.240 0.006
 779.63505 15.203 0.006
 779.74537 15.181 0.006
 780.63492 15.039 0.006
 781.54924 15.216 0.006
 781.72758 15.234 0.006
 782.61263 15.235 0.006
 782.73861 15.203 0.006
 783.53179 15.027 0.006
 784.57372 15.208 0.006
 785.60059 15.249 0.006
 785.74617 15.223 0.006
 786.60426 15.027 0.006
 787.68471 15.188 0.006
 788.61754 15.259 0.006
 788.64308 15.261 0.006
 790.56623 15.154 0.006
 792.54420 15.091 0.006
 795.60888 15.115 0.006
 796.53778 15.087 0.006
 796.72315 15.149 0.006
 797.69794 15.273 0.006
 798.56058 15.165 0.006
 799.69853 15.099 0.006
 800.61351 15.251 0.006
 802.67357 15.066 0.006
 805.60089 15.041 0.006
 806.61108 15.222 0.007
 808.54249 15.029 0.006
 816.67348 15.275 0.006
 817.58357 15.082 0.006
 819.54636 15.272 0.006
 820.62266 15.117 0.006
 822.54323 15.265 0.006
 824.56902 15.087 0.006
 825.64215 15.262 0.006
 828.60232 15.252 0.006
 829.56892 15.205 0.006
 832.57582 15.224 0.006
 833.59569 15.026 0.006
 834.56529 15.212 0.006
 836.54343 15.035 0.006
 838.57639 15.260 0.006
 840.58615 15.179 0.006
 845.53788 15.109 0.006
 850.56101 15.262 0.006
 855.56602 15.035 0.006
 859.55382 15.214 0.006
 866.51840 15.274 0.006
 962.92225 15.256 0.006
 966.92174 15.187 0.006
 970.89813 15.027 0.006
 976.87877 15.045 0.006
 986.83312 15.098 0.006
 987.84676 15.254 0.006
 991.91478 15.174 0.006
 996.91871 15.224 0.006
 998.88981 15.025 0.006
1004.78839 15.080 0.006
1006.81700 15.271 0.006
1020.88647 15.041 0.006
1025.92425 15.242 0.006
1035.73918 15.151 0.006
1037.76838 15.261 0.006
1041.77655 15.194 0.006
1045.73826 15.021 0.006
1048.71945 15.023 0.006
1052.76231 15.172 0.006
1055.63560 15.121 0.006
1058.84757 15.141 0.006
1059.76554 15.267 0.006
1061.71833 15.082 0.006
1064.80221 15.082 0.006
1068.70361 15.225 0.006
1072.68375 15.249 0.006
1076.66154 15.047 0.006
1078.67209 15.276 0.006
1081.68464 15.270 0.006
1084.62282 15.260 0.006
1087.64271 15.261 0.006
1090.69910 15.246 0.006
1092.73120 15.022 0.006
1094.63790 15.232 0.006
1102.60806 15.166 0.006
1106.70292 15.281 0.006
1110.62202 15.147 0.006
1116.58050 15.220 0.006
1120.56908 15.035 0.006
1126.64442 15.050 0.006
1129.54288 15.103 0.006
1132.52594 15.130 0.006
1135.57601 15.155 0.006
1138.62570 15.180 0.006
1140.60313 15.256 0.006
1144.66067 15.209 0.006
1151.54027 15.064 0.006
1155.54188 15.131 0.006
1159.53733 15.263 0.006
1162.56973 15.261 0.006
1164.68330 15.085 0.006
1170.54171 15.039 0.006
1178.65176 15.261 0.006
1182.66366 15.077 0.006
1183.70201 15.151 0.006
1185.68515 15.103 0.006
1188.68450 15.135 0.006
1191.56824 15.192 0.006
1202.58333 15.196 0.006
1205.53477 15.161 0.006
1211.55523 15.109 0.006
1217.56587 15.059 0.006
1220.56835 15.025 0.006
1229.52107 15.060 0.006
1238.51736 15.145 0.007
1327.90161 15.251 0.007
1330.81831 15.231 0.006
1335.87005 15.022 0.006
1340.88955 15.269 0.006
1348.92560 15.130 0.006
1354.89920 15.066 0.006
1360.91893 15.033 0.006
1365.91514 15.266 0.006
1367.83865 15.169 0.006
1374.91069 15.273 0.006
1394.84687 15.072 0.006
1395.87835 15.161 0.006
1397.80006 15.103 0.006
1401.82709 15.099 0.006
1402.91198 15.262 0.006
1407.83506 15.047 0.006
1412.73037 15.265 0.006
1417.88870 15.188 0.006
1430.72133 15.252 0.007
1432.73201 15.036 0.006
1435.68846 15.024 0.006
1439.65488 15.173 0.006
1442.65856 15.164 0.006
1447.73377 15.100 0.007
1451.66999 15.076 0.006
1455.68970 15.239 0.006
1460.73043 15.031 0.006
1462.63605 15.259 0.006
1470.64228 15.140 0.006
1471.76908 15.255 0.006
1472.62950 15.126 0.006
1475.63524 15.152 0.006
1477.56430 15.237 0.006
1481.58208 15.229 0.006
1484.63096 15.230 0.006
1487.62610 15.244 0.006
1490.66483 15.263 0.006
1492.56450 15.152 0.006
1495.52128 15.109 0.006
1499.54993 15.257 0.007
1502.54805 15.247 0.007
1505.61461 15.245 0.006
1508.54996 15.219 0.006
1509.52625 15.241 0.006
1512.62813 15.248 0.006
1515.60278 15.270 0.006
1517.60624 15.170 0.006
1520.59349 15.143 0.006
1524.54120 15.274 0.007
1526.58134 15.093 0.006
1531.63291 15.183 0.006
1543.59039 15.260 0.006
1546.60523 15.271 0.006
1551.56699 15.086 0.006
1555.60053 15.252 0.006
1562.57910 15.236 0.006
1569.55823 15.059 0.006
1575.58405 15.126 0.006
1580.55907 15.237 0.006
1583.56173 15.233 0.006
1587.54152 15.234 0.006
1597.52701 15.101 0.006
1603.53511 15.154 0.006
1608.51084 15.230 0.006
1701.89264 15.200 0.006
1703.89577 15.029 0.006
1705.90126 15.263 0.006
1716.86167 15.070 0.006
1717.87204 15.253 0.006
1718.85805 15.194 0.007
1729.90771 15.195 0.006
1732.87748 15.171 0.006
1740.82856 15.157 0.006
1742.87632 15.252 0.006
1744.84542 15.065 0.006
1745.86968 15.240 0.006
1749.85010 15.227 0.006
1750.82205 15.028 0.006
1751.83387 15.211 0.006
1752.79522 15.252 0.006
1753.79626 15.028 0.006
1754.82295 15.188 0.006
1755.78831 15.282 0.007
1756.81778 15.040 0.007
1757.76696 15.146 0.006
1758.77148 15.279 0.006
1759.81583 15.093 0.006
1761.79684 15.267 0.006
1762.78325 15.132 0.006
1763.78626 15.115 0.006
1764.77875 15.260 0.006
1765.77325 15.152 0.006
1766.71428 15.073 0.006
1768.79336 15.174 0.006
1769.70274 15.035 0.006
1771.81883 15.195 0.007
1772.76120 15.027 0.006
1773.72851 15.224 0.006
1776.75131 15.191 0.006
1784.72797 15.093 0.006
1788.79346 15.118 0.006
1803.75376 15.033 0.006
1806.74791 15.051 0.006
1808.81752 15.269 0.006
1811.74591 15.280 0.006
1814.79275 15.268 0.006
1817.75841 15.255 0.006
1822.63585 15.024 0.006
1826.78694 15.224 0.006
1829.72920 15.187 0.006
1846.77720 15.192 0.006
1850.73398 15.035 0.006
1854.79002 15.204 0.006
1858.71390 15.263 0.006
1862.71278 15.106 0.006
1867.73721 15.260 0.006
1871.74377 15.186 0.006
2086.89971 15.207 0.006
2103.90643 15.108 0.006
2105.93657 15.128 0.006
2106.90218 15.086 0.006
2112.85456 15.035 0.006
2116.88230 15.206 0.006
2123.82923 15.267 0.006
2128.83670 15.107 0.006
2129.86869 15.256 0.006
2130.85510 15.149 0.006
2131.84916 15.088 0.006
2132.81695 15.232 0.007
2133.90577 15.166 0.007
2134.82124 15.059 0.006
2135.85527 15.238 0.006
2137.90211 15.043 0.006
2140.82253 15.020 0.006
2142.76206 15.252 0.006
2143.82757 15.035 0.006
2144.83426 15.164 0.006
2155.88975 15.130 0.007
2156.83639 15.089 0.006
2160.76576 15.231 0.006
2162.77260 15.034 0.006
2166.76716 15.187 0.006
2167.77563 15.239 0.006
2168.72483 15.048 0.006
2172.75738 15.157 0.006
2177.65084 15.153 0.006
2184.71246 15.057 0.006
2185.67596 15.215 0.007
2186.70081 15.229 0.007
2187.69597 15.044 0.006
2190.70257 15.037 0.006
2191.67311 15.194 0.006
2192.67324 15.257 0.006
2193.69431 15.051 0.006
2194.66445 15.165 0.006
2203.56091 15.077 0.006
2206.61720 15.072 0.006
2211.65131 15.225 0.006
2212.65515 15.030 0.006
2213.66095 15.213 0.007
2214.65214 15.264 0.007
2215.65913 15.014 0.007
2217.64583 15.267 0.007
2219.68870 15.181 0.007
2222.73726 15.164 0.007
2224.72356 15.090 0.006
2226.64645 15.276 0.007
2228.56834 15.090 0.006
2229.62662 15.260 0.006
2231.65327 15.074 0.006
2232.52003 15.235 0.007
2233.62342 15.189 0.006
2235.67352 15.241 0.006
2238.55709 15.202 0.006
2240.66138 15.025 0.006
2242.62891 15.258 0.007
2248.61823 15.275 0.006
2250.58688 15.115 0.006
2253.58057 15.101 0.006
2255.61721 15.167 0.006
2258.58349 15.203 0.006
2263.59425 15.222 0.006
2266.58010 15.198 0.006
2271.57463 15.074 0.006
2273.57395 15.282 0.007
2275.60888 15.149 0.006
2276.56847 15.287 0.007
2278.60108 15.117 0.006
2280.59687 15.155 0.006
2284.59975 15.058 0.006
2290.61373 15.026 0.006
2293.57603 15.033 0.006
2295.56892 15.267 0.006
2297.57225 15.153 0.006
2299.57134 15.087 0.006
2445.92217 15.160 0.007
2460.89006 15.271 0.007
2463.92636 15.263 0.006
2467.91215 15.124 0.006
2469.91151 15.267 0.007
2471.90098 15.076 0.006
2472.93041 15.260 0.006
2473.91727 15.194 0.006
2481.91461 15.201 0.007
2483.89985 15.022 0.006
2486.89686 15.062 0.007
2488.89076 15.270 0.007
2488.89511 15.271 0.007
2489.93422 15.079 0.006
2492.91459 15.111 0.006
2496.91424 15.072 0.006
2497.93768 15.251 0.007
2498.78493 15.208 0.006
2499.87059 15.049 0.006
2500.87612 15.234 0.006
2501.86509 15.207 0.006
2502.84526 15.035 0.006
2508.75658 15.056 0.007
2516.78783 15.263 0.007
2517.83458 15.135 0.006
2518.80600 15.094 0.006
2519.84292 15.257 0.006
2520.80231 15.170 0.006
2521.83440 15.073 0.006
2524.83271 15.062 0.007
2526.78890 15.212 0.006
2534.84525 15.179 0.007
2535.82544 15.259 0.007
2537.71322 15.135 0.007
2538.80922 15.265 0.007
2539.71202 15.125 0.006
2540.75390 15.129 0.007
2541.72390 15.272 0.007
2542.69369 15.149 0.006
2544.67323 15.251 0.006
2545.68728 15.189 0.006
2547.70527 15.239 0.007
2548.72273 15.195 0.006
2550.71787 15.224 0.007
2551.70447 15.220 0.006
2552.72052 15.021 0.006
2554.71370 15.235 0.006
2555.72165 15.024 0.006
2556.70066 15.181 0.006
2557.71319 15.246 0.006
2558.66968 15.050 0.006
2559.62658 15.154 0.006
2560.65965 15.260 0.006
2562.67807 15.130 0.006
2563.68603 15.267 0.006
2564.70141 15.112 0.006
2565.69133 15.108 0.006
2566.67163 15.246 0.006
2568.70262 15.091 0.006
2571.65626 15.052 0.006
2573.66869 15.201 0.007
2574.65253 15.026 0.006
2576.68673 15.228 0.007
2577.63939 15.038 0.006
2578.63949 15.203 0.006
2579.64613 15.255 0.007
2580.65825 15.041 0.006
2583.62956 15.065 0.006
2584.63694 15.151 0.006
2586.63580 15.085 0.006
2587.61956 15.137 0.006
2588.72994 15.277 0.007
2589.61041 15.139 0.006
2590.62464 15.115 0.007
2591.64775 15.265 0.007
2593.61677 15.077 0.006
2594.62053 15.253 0.007
2596.59606 15.060 0.006
2597.58324 15.226 0.006
2598.66376 15.197 0.006
2599.61655 15.043 0.006
2607.63779 15.265 0.007
2610.55754 15.260 0.007
2613.55130 15.259 0.007
2615.58018 15.107 0.006
2619.56783 15.247 0.007
2621.57693 15.053 0.006
2625.55945 15.217 0.007
2632.55842 15.258 0.006
2636.55439 15.084 0.006
2639.55408 15.124 0.006
2642.56364 15.142 0.007
2646.57566 15.051 0.006
2651.54854 15.228 0.007
2654.56959 15.246 0.007
2657.56839 15.260 0.007
2660.57192 15.277 0.007
2671.56183 15.062 0.006
2673.57362 15.195 0.007
2676.53501 15.214 0.007
2679.54942 15.224 0.006
2682.55155 15.253 0.007
2777.91402 15.113 0.007
2804.88096 15.140 0.007
2811.91542 15.064 0.007
2814.95109 15.043 0.007
2817.93759 15.031 0.006
2830.91470 15.112 0.007
2831.79244 15.247 0.007
2832.75842 15.187 0.007
2832.93634 15.142 0.006
2833.87633 15.086 0.007
2835.88499 15.179 0.006
2837.88602 15.248 0.008
2838.94323 15.194 0.008
2840.83597 15.220 0.007
2843.83739 15.187 0.006
2844.88320 15.251 0.006
2845.92923 15.030 0.006
2849.86663 15.140 0.006
2850.89940 15.270 0.008
2851.94296 15.067 0.007
2852.81361 15.122 0.006
2854.83935 15.115 0.006
2856.82630 15.262 0.007
2858.92033 15.080 0.006
2860.88635 15.166 0.006
2861.75751 15.017 0.006
2862.93654 15.244 0.007
2863.84572 15.202 0.007
2865.84257 15.208 0.006
2866.89225 15.205 0.007
2867.83977 15.023 0.006
2869.91754 15.234 0.007
2870.82654 15.034 0.006
2871.86945 15.189 0.006
2875.81580 15.274 0.007
2876.78671 15.107 0.006
2879.75021 15.142 0.006
2883.83637 15.080 0.006
2885.77120 15.195 0.006
2888.81948 15.199 0.006
2892.81087 15.032 0.007
2894.74001 15.254 0.007
2896.73709 15.168 0.006
2898.75809 15.067 0.006
2900.75694 15.275 0.006
2902.75647 15.120 0.006
2905.76363 15.103 0.006
2907.76504 15.158 0.006
2909.75414 15.250 0.006
2911.74551 15.042 0.006
2915.71700 15.211 0.006
2917.74309 15.016 0.006
2921.74621 15.174 0.006
2923.76279 15.055 0.006
2925.72578 15.272 0.006
2927.72329 15.118 0.006
2930.74137 15.107 0.006
2932.74790 15.143 0.006
2934.72770 15.247 0.006
2937.65170 15.222 0.007
2939.70436 15.025 0.006
2940.64447 15.203 0.006
2941.69431 15.225 0.006
2942.64444 15.018 0.006
2943.61566 15.180 0.006
2944.60026 15.271 0.007
2945.61706 15.056 0.006
2947.62654 15.271 0.007
2949.60779 15.138 0.006
2950.65258 15.270 0.006
2951.63977 15.104 0.006
2952.66871 15.123 0.006
2954.69358 15.127 0.007
2956.63957 15.252 0.006
2958.63396 15.067 0.006
2961.60509 15.037 0.007
2965.64347 15.211 0.007
2968.60485 15.180 0.006
2970.62410 15.038 0.006
2972.60856 15.275 0.007
2974.63014 15.141 0.006
2976.55899 15.125 0.006
2978.58514 15.265 0.007
2980.60200 15.095 0.007
2982.54719 15.178 0.006
2984.63816 15.247 0.007
2986.64821 15.048 0.006
2988.54212 15.230 0.007
2991.61365 15.239 0.006
2994.59640 15.253 0.006
2997.56944 15.269 0.007
3001.58463 15.108 0.006
3005.54270 15.082 0.006
3008.56901 15.071 0.006
3011.57240 15.053 0.007
3016.59908 15.238 0.007
3018.58551 15.192 0.006
3020.61359 15.027 0.006
3021.62639 15.172 0.006
3023.58232 15.056 0.006
3025.58873 15.271 0.006
3027.61431 15.133 0.006
3029.58619 15.135 0.006
3031.59078 15.246 0.006
3033.59310 15.079 0.006
3037.54015 15.227 0.007
3164.94055 15.152 0.006
3183.92251 15.196 0.006
3193.89029 15.273 0.007
3196.86243 15.251 0.006
3197.92494 15.169 0.006
3199.92919 15.253 0.007
3201.88237 15.061 0.006
3203.89033 15.221 0.006
3206.82816 15.268 0.007
3210.90422 15.042 0.006
3211.89561 15.178 0.006
3215.67175 15.269 0.007
3216.73978 15.141 0.006
3217.94025 15.138 0.006
3218.93031 15.278 0.007
3222.87237 15.179 0.007
3223.84574 15.071 0.006
3226.83599 15.061 0.006
3229.84314 15.017 0.006
3231.82525 15.250 0.007
3239.80365 15.141 0.006
3240.80089 15.262 0.007
3241.82523 15.123 0.006
3242.72460 15.105 0.006
3243.86102 15.278 0.006
3244.83825 15.120 0.006
3245.78735 15.090 0.006
3247.77356 15.183 0.006
3249.73825 15.236 0.006
3251.75176 15.028 0.006
3254.73889 15.033 0.006
3257.75534 15.025 0.006
3259.67449 15.277 0.006
3261.71257 15.168 0.006
3263.69528 15.105 0.006
3265.72968 15.274 0.006
3267.71849 15.104 0.006
3269.81242 15.138 0.006
3270.75177 15.087 0.006
3271.67459 15.249 0.006
3272.73182 15.176 0.006
3274.71765 15.234 0.006
3276.72210 15.033 0.006
3277.76086 15.233 0.006
3279.69246 15.017 0.006
3281.65118 15.259 0.006
3283.65268 15.171 0.006
3287.61884 15.268 0.006
3289.62995 15.125 0.006
3293.60668 15.257 0.006
3295.62551 15.066 0.006
3297.60732 15.192 0.006
3299.66366 15.232 0.006
3301.63787 15.070 0.006
3303.70014 15.227 0.006
3306.63267 15.266 0.006
3308.62043 15.173 0.006
3310.61952 15.081 0.006
3314.57437 15.128 0.006
3320.61225 15.069 0.006
3323.55573 15.040 0.006
3327.56722 15.213 0.006
3330.56146 15.194 0.006
3335.60630 15.069 0.006
3349.60620 15.231 0.006
3353.58535 15.235 0.006
3359.56187 15.282 0.006
3363.56922 15.093 0.006
3367.62855 15.113 0.006
3372.55929 15.176 0.006
3376.53862 15.022 0.006
3378.60554 15.230 0.006
3386.57203 15.173 0.006
3390.58558 15.273 0.006
3398.56735 15.055 0.006
3402.55577 15.217 0.006
3541.94064 15.032 0.006
3547.92522 15.039 0.006
3554.93343 15.148 0.006
3561.85763 15.239 0.006
3564.91771 15.238 0.006
3568.84856 15.238 0.006
3570.82011 15.195 0.006
3571.81161 15.273 0.007
3573.85730 15.183 0.006
3574.88814 15.274 0.006
3577.84674 15.283 0.006
3578.90531 15.081 0.006
3579.81017 15.115 0.006
3581.85511 15.142 0.006
3581.87966 15.126 0.006
3582.83996 15.093 0.006
3583.84999 15.253 0.006
3586.81872 15.229 0.006
3588.83658 15.049 0.006
3589.83150 15.231 0.006
3591.88423 15.029 0.006
3593.87051 15.240 0.006
3596.90222 15.252 0.006
3601.81983 15.155 0.006
3607.82527 15.107 0.006
3614.79664 15.231 0.006
3617.77908 15.215 0.006
3619.70906 15.028 0.006
3621.72752 15.266 0.006
3624.87581 15.266 0.006
3626.72520 15.131 0.006
3629.67882 15.115 0.006
3631.74119 15.147 0.006
3633.71746 15.265 0.006
3637.66044 15.212 0.006
3639.71050 15.217 0.006
3641.70704 15.028 0.006
3643.73143 15.247 0.006
3646.67056 15.267 0.006
3650.66963 15.087 0.006
3650.69369 15.059 0.006
3651.74360 15.160 0.006
3653.73978 15.101 0.006
3655.70593 15.271 0.006
3657.65963 15.084 0.006
3658.67176 15.264 0.006
3659.65183 15.193 0.006
3660.67934 15.066 0.006
3663.57084 15.017 0.006
3665.64651 15.230 0.006
3668.58285 15.256 0.006
3669.71372 15.013 0.006
3671.64250 15.269 0.006
3673.68460 15.178 0.006
3675.66919 15.083 0.006
3681.65270 15.156 0.006
3683.65853 15.258 0.006
3685.66369 15.072 0.006
3687.66396 15.209 0.006
3689.61552 15.229 0.006
3692.58651 15.205 0.006
3694.57050 15.057 0.006
3696.57106 15.275 0.006
3698.60472 15.192 0.006
3700.61472 15.091 0.006
3702.59497 15.278 0.006
3704.60125 15.118 0.006
3706.62171 15.141 0.006
3708.59864 15.256 0.006
3711.60115 15.240 0.006
3714.53488 15.220 0.006
3718.61542 15.244 0.007
3721.56903 15.265 0.006
3724.57404 15.273 0.006
3726.59454 15.139 0.006
3728.56769 15.121 0.006
3734.57112 15.172 0.006
3737.58682 15.196 0.006
3742.54545 15.210 0.007
3746.57070 15.260 0.006
3751.55063 15.156 0.007
3756.56336 15.150 0.006
3761.61359 15.270 0.006
3766.53846 15.037 0.006
3772.56129 15.058 0.006
3776.56136 15.156 0.006
3871.88727 15.190 0.007
3901.94977 15.243 0.007
3906.95003 15.037 0.006
3913.92808 15.171 0.006
3918.89047 15.116 0.006
3931.92577 15.024 0.006
3934.86881 15.024 0.006
3936.87699 15.268 0.006
3938.86100 15.174 0.006
3944.90840 15.128 0.006
3946.87650 15.143 0.006
3951.89575 15.255 0.006
3955.86091 15.241 0.007
3958.84640 15.247 0.006
3960.83755 15.185 0.006
3963.83429 15.176 0.006
3965.82610 15.076 0.006
3967.86849 15.287 0.006
3969.81167 15.119 0.006
3971.78783 15.165 0.006
3974.78955 15.198 0.006
3979.75079 15.227 0.006
3980.62828 15.261 0.006
3981.65454 15.034 0.006
3983.84488 15.241 0.006
3987.79339 15.045 0.006
3990.80071 15.082 0.006
3993.74556 15.138 0.006
3995.75077 15.253 0.006
3999.76013 15.181 0.006
4002.73223 15.210 0.006
4004.68398 15.211 0.006
4006.71024 15.020 0.006
4007.57361 15.168 0.006
4008.58259 15.269 0.006
4009.75243 15.035 0.006
4013.70910 15.160 0.006
4016.70370 15.137 0.006
4018.71041 15.125 0.006
4019.70107 15.116 0.006
4021.68785 15.164 0.006
4024.66132 15.206 0.006
4026.64020 15.228 0.006
4028.63616 15.027 0.006
4030.64872 15.260 0.006
4032.70080 15.210 0.006
4037.67700 15.068 0.006
4039.61489 15.282 0.006
4041.61449 15.129 0.006
4043.60016 15.160 0.006
4046.60947 15.190 0.006
4048.57540 15.247 0.006
4050.61754 15.051 0.006
4052.56963 15.237 0.006
4054.62377 15.225 0.006
4056.59586 15.040 0.006
4058.62941 15.271 0.006
4060.52825 15.157 0.006
4064.52592 15.267 0.006
4066.56739 15.118 0.006
4069.52574 15.084 0.006
4073.60931 15.258 0.006
4077.53269 15.239 0.006
4079.53465 15.217 0.006
4082.53456 15.194 0.006
4085.57228 15.176 0.006
4092.56836 15.278 0.006
4096.59432 15.180 0.006
4100.59710 15.062 0.006
4105.56495 15.252 0.006
4108.54116 15.262 0.006
4113.61909 15.171 0.006
4120.58992 15.263 0.006
4132.57311 15.209 0.006
4252.93706 15.070 0.007
4255.85634 15.134 0.007
4268.90906 15.021 0.006
4275.93116 15.188 0.007
4279.82785 15.270 0.007
4282.81939 15.261 0.007
4283.87233 15.154 0.007
4285.92664 15.260 0.007
4291.94744 15.239 0.007
4292.86597 15.217 0.006
4295.87000 15.244 0.006
4296.89973 15.028 0.006
4297.93261 15.196 0.006
4299.86745 15.034 0.006
4300.88894 15.168 0.006
4301.90693 15.269 0.006
4302.92856 15.068 0.006
4306.92569 15.136 0.006
4307.90742 15.262 0.006
4308.66857 15.189 0.007
4308.87659 15.134 0.006
4310.84891 15.262 0.007
4311.83647 15.176 0.007
4312.91033 15.068 0.006
4314.92979 15.182 0.007
4316.83634 15.218 0.007
4319.87350 15.204 0.007
4320.90037 15.243 0.007
4326.84428 15.272 0.007
4327.82334 15.071 0.007
4328.83899 15.162 0.006
4329.84068 15.279 0.007
4330.86979 15.098 0.006
4333.87106 15.133 0.007
4338.91140 15.266 0.007
4340.78388 15.036 0.006
4341.77904 15.224 0.007
4342.83495 15.211 0.007
4343.77254 15.033 0.006
4344.75468 15.208 0.006
4345.80065 15.241 0.006
4347.78957 15.190 0.006
4349.80275 15.045 0.006
4351.83001 15.284 0.007
4353.76306 15.145 0.006
4359.70987 15.074 0.006
4361.71244 15.188 0.007
4362.73726 15.069 0.007
4364.59417 15.246 0.007
4367.69170 15.235 0.007
4370.68337 15.256 0.007
4372.74680 15.186 0.006
4376.66219 15.277 0.007
4378.62876 15.120 0.006
4379.65673 15.279 0.007
4380.76961 15.094 0.006
4382.69700 15.262 0.006
4386.67209 15.186 0.007
4388.67258 15.240 0.006
4390.68157 15.036 0.006
4393.65536 15.030 0.006
4395.69026 15.250 0.007
4398.65570 15.272 0.007
4400.67854 15.169 0.007
4403.70437 15.148 0.006
4407.64444 15.267 0.007
4408.69063 15.145 0.006
4410.71355 15.260 0.006
4415.69771 15.048 0.006
4418.60435 15.023 0.006
4422.66558 15.187 0.006
4424.66266 15.036 0.006
4427.54935 15.099 0.006
4429.59215 15.277 0.007
4431.57979 15.094 0.006
4433.58561 15.164 0.007
4435.57390 15.250 0.006
4437.66299 15.060 0.006
4439.57488 15.220 0.007
4441.61072 15.226 0.007
4443.60142 15.019 0.006
4449.65550 15.039 0.006
4451.61058 15.267 0.006
4453.59255 15.139 0.006
4456.59396 15.103 0.006
4459.54653 15.080 0.006
4464.58619 15.201 0.006
4465.55216 15.022 0.006
4470.57110 15.244 0.006
4474.60758 15.042 0.006
4476.58575 15.268 0.006
4479.61051 15.275 0.007
4481.59520 15.115 0.006
4484.61189 15.099 0.007
4487.63339 15.083 0.007
4609.90676 15.202 0.007
4643.89140 15.131 0.006
4649.94157 15.083 0.006
4655.93811 15.021 0.006
4661.90477 15.029 0.006
4662.78746 15.154 0.006
4662.90441 15.178 0.006
4663.75915 15.281 0.007
4663.94303 15.266 0.007
4665.83211 15.146 0.006
4665.92607 15.169 0.006
4666.91992 15.277 0.007
4670.91433 15.126 0.006
4671.82857 15.105 0.006
4672.88832 15.265 0.007
4675.90592 15.254 0.006
4681.88566 15.222 0.006
4683.88090 15.031 0.006
4685.86698 15.258 0.006
4688.81835 15.274 0.006
4690.74389 15.148 0.006
4691.74680 15.276 0.007
4693.90187 15.140 0.006
4696.87544 15.110 0.006
4698.76359 15.171 0.006
4699.75759 15.065 0.006
4700.79510 15.251 0.006
4701.80031 15.190 0.006
4702.86044 15.058 0.006
4703.75952 15.232 0.006
4704.77836 15.213 0.006
4705.78558 15.043 0.006
4707.77826 15.244 0.006
4708.84649 15.018 0.006
4710.76250 15.264 0.006
4716.76398 15.282 0.006
4719.77187 15.275 0.006
4721.76287 15.101 0.006
4724.77481 15.074 0.006
4726.67047 15.213 0.007
4729.68150 15.245 0.007
4731.77170 15.224 0.006
4734.75402 15.199 0.006
4739.66011 15.089 0.006
4741.68137 15.274 0.006
4741.73467 15.269 0.006
4747.60124 15.256 0.006
4749.60086 15.055 0.006
4753.66996 15.236 0.007
4755.66391 15.013 0.006
4757.64840 15.254 0.006
4759.66097 15.190 0.006
4761.63125 15.041 0.006
4763.64390 15.287 0.007
4766.61211 15.275 0.007
4769.65023 15.273 0.007
4771.56126 15.090 0.007
4773.68608 15.148 0.006
4775.67294 15.255 0.007
4777.60665 15.040 0.006
4779.64224 15.230 0.006
4783.57581 15.033 0.006
4785.60692 15.273 0.006
4789.54231 15.108 0.006
4790.62453 15.143 0.006
4791.62280 15.274 0.006
4793.52698 15.098 0.006
4795.54401 15.170 0.006
4797.53620 15.265 0.006
4798.59948 15.188 0.006
4800.64681 15.240 0.006
4803.53809 15.218 0.006
4804.58832 15.229 0.006
4806.59732 15.208 0.006
4808.55555 15.034 0.006
4810.56598 15.268 0.006
4813.60536 15.278 0.007
4815.58155 15.140 0.006
4817.59801 15.104 0.006
4819.59764 15.265 0.006
4821.63955 15.103 0.006
4823.60034 15.167 0.006
4825.62877 15.256 0.006
4833.56113 15.024 0.006
4835.58373 15.271 0.007
4839.60526 15.059 0.006
4842.57233 15.091 0.006
4844.58286 15.260 0.006
4847.63711 15.269 0.007
4849.59694 15.064 0.006
4853.59442 15.239 0.006
4856.58836 15.224 0.006
4865.56146 15.158 0.006
