2090.92954 16.917 0.015
2104.91405 16.630 0.009
2112.86240 16.962 0.013
2115.83117 16.872 0.013
2117.83011 16.845 0.011
2123.90108 16.796 0.013
2125.79231 16.905 0.020
2128.90790 16.877 0.014
2129.89529 16.954 0.013
2131.76130 16.614 0.010
2132.88583 16.839 0.013
2134.89220 16.902 0.013
2135.90561 16.615 0.010
2137.85036 16.896 0.014
2140.89074 16.727 0.010
2141.80215 16.840 0.014
2142.82277 16.938 0.013
2144.75251 16.642 0.010
2156.75104 16.964 0.015
2161.70964 16.879 0.014
2162.84788 16.715 0.011
2167.68959 16.666 0.010
2168.78934 16.900 0.013
2171.80414 16.715 0.009
2172.84011 16.889 0.011
2173.78357 16.963 0.011
2174.67219 16.940 0.013
2177.72074 16.902 0.013
2184.77674 16.679 0.013
2185.74030 16.822 0.015
2187.60987 16.965 0.014
2189.76668 16.778 0.014
2192.73271 16.662 0.009
2193.75988 16.722 0.010
2194.72448 16.863 0.011
2200.74159 16.936 0.011
2203.62970 16.818 0.011
2208.73748 16.940 0.013
2211.73179 16.805 0.013
2212.72555 16.924 0.013
2217.71086 16.948 0.014
2221.59985 16.887 0.011
2223.65029 16.600 0.010
2226.56553 16.916 0.015
2228.62846 16.625 0.010
2230.61547 16.915 0.013
2232.63601 16.596 0.010
2234.62121 16.886 0.013
2236.61030 16.753 0.011
2239.55917 16.919 0.013
2241.61069 16.614 0.011
2243.64121 16.917 0.014
2249.60844 16.817 0.010
2251.56516 16.786 0.011
2254.60471 16.613 0.010
2257.56674 16.948 0.013
2263.56183 16.603 0.010
2265.61047 16.919 0.011
2271.59977 16.709 0.011
2273.59841 16.840 0.014
2277.60535 16.777 0.010
2283.62011 16.960 0.013
2289.61894 16.605 0.009
2291.62494 16.924 0.011
2293.62063 16.581 0.010
2295.61749 16.883 0.013
2296.59994 16.960 0.017
2298.60776 16.642 0.011
2300.60543 16.929 0.013
2303.59494 16.728 0.013
2453.92242 16.646 0.013
2462.91905 16.676 0.011
2464.92935 16.965 0.011
2470.89740 16.616 0.010
2472.83101 16.849 0.013
2481.80401 16.833 0.017
2485.83916 16.818 0.014
2489.84746 16.743 0.011
2492.82889 16.698 0.013
2495.81694 16.951 0.014
2496.82752 16.860 0.011
2497.85093 16.620 0.011
2498.85040 16.810 0.011
2500.78932 16.965 0.014
2501.93414 16.666 0.011
2502.75909 16.670 0.011
2511.77767 16.735 0.013
2516.90497 16.932 0.014
2517.90293 16.949 0.013
2518.87618 16.644 0.013
2519.74875 16.606 0.010
2521.76007 16.900 0.013
2524.69159 16.614 0.013
2529.72746 16.788 0.010
2535.77167 16.959 0.014
2537.79732 16.736 0.014
2538.88095 16.944 0.015
2539.77171 16.955 0.015
2540.82031 16.658 0.011
2541.78711 16.669 0.010
2542.75340 16.801 0.011
2544.73767 16.960 0.013
2545.76812 16.587 0.010
2547.76465 16.893 0.011
2548.78713 16.966 0.013
2550.78209 16.707 0.011
2551.77010 16.881 0.011
2552.78487 16.953 0.013
2553.72546 16.916 0.014
2554.77835 16.631 0.010
2555.78595 16.824 0.011
2556.76596 16.919 0.013
2557.78023 16.932 0.013
2558.73407 16.634 0.010
2559.69619 16.682 0.010
2560.72828 16.874 0.011
2561.76963 16.955 0.013
2562.74322 16.759 0.013
2563.75040 16.639 0.011
2564.77839 16.841 0.013
2565.76645 16.949 0.013
2566.74645 16.897 0.014
2571.72945 16.656 0.011
2573.73303 16.873 0.014
2574.72021 16.935 0.013
2576.76122 16.652 0.011
2577.72235 16.823 0.014
2578.69969 16.888 0.014
2579.71522 16.951 0.015
2580.60763 16.810 0.013
2583.71517 16.974 0.014
2584.70145 16.791 0.013
2587.68507 16.941 0.011
2588.69765 16.933 0.013
2589.69035 16.624 0.010
2590.70367 16.768 0.011
2591.72612 16.909 0.013
2593.73411 16.608 0.011
2594.68913 16.707 0.013
2596.66339 16.950 0.017
2598.54247 16.746 0.013
2599.69209 16.805 0.014
2609.55352 16.888 0.014
2611.60169 16.661 0.014
2614.52927 16.946 0.015
2618.60715 16.940 0.014
2622.57461 16.894 0.013
2627.55737 16.948 0.015
2630.57079 16.795 0.014
2636.59679 16.965 0.015
2637.54369 16.843 0.014
2640.56684 16.922 0.014
2643.58114 16.773 0.011
2649.57853 16.945 0.013
2652.56170 16.827 0.014
2655.57241 16.622 0.014
2659.53567 16.744 0.013
2662.55675 16.949 0.017
2666.55566 16.919 0.014
2670.56581 16.893 0.015
2674.57442 16.863 0.013
2677.56001 16.615 0.013
2680.56652 16.971 0.015
2683.57348 16.883 0.015
2804.78895 16.908 0.021
2805.92997 16.755 0.015
2812.94372 16.940 0.017
2813.94445 16.959 0.015
2816.91973 16.865 0.015
2819.91524 16.643 0.011
2829.89920 16.853 0.011
2831.89991 16.890 0.013
2832.86411 16.621 0.010
2833.94181 16.822 0.015
2835.93153 16.942 0.014
2836.93022 16.584 0.011
2841.88711 16.635 0.010
2843.91013 16.936 0.011
2844.94628 16.814 0.015
2848.88184 16.972 0.015
2851.85793 16.857 0.014
2852.89110 16.971 0.014
2854.90241 16.642 0.010
2857.93798 16.865 0.014
2859.89705 16.762 0.011
2861.82289 16.943 0.011
2862.83293 16.842 0.013
2863.90911 16.719 0.014
2865.75741 16.891 0.014
2866.75338 16.957 0.014
2868.84277 16.773 0.011
2869.92508 16.963 0.014
2872.81378 16.671 0.010
2877.82275 16.806 0.011
2879.84566 16.951 0.011
2884.79460 16.834 0.010
2886.80718 16.835 0.013
2890.75169 16.715 0.014
2893.82010 16.642 0.011
2895.75434 16.826 0.011
2897.78085 16.891 0.013
2900.77015 16.913 0.011
2903.82708 16.765 0.010
2906.77554 16.782 0.010
2908.75324 16.817 0.011
2910.74758 16.955 0.013
2912.75758 16.725 0.010
2916.76755 16.710 0.010
2918.74892 16.944 0.013
2922.74638 16.911 0.013
2924.74265 16.610 0.011
2926.67822 16.838 0.013
2929.73987 16.671 0.010
2931.71698 16.922 0.011
2933.72760 16.597 0.009
2935.69183 16.871 0.013
2939.61935 16.770 0.013
2942.69241 16.621 0.010
2944.64489 16.864 0.014
2946.65888 16.696 0.010
2947.69264 16.722 0.013
2949.67093 16.967 0.014
2950.62344 16.934 0.013
2951.70354 16.661 0.011
2953.65921 16.923 0.013
2955.63615 16.631 0.013
2957.65223 16.895 0.011
2958.64185 16.971 0.013
2960.66998 16.681 0.009
2961.61308 16.828 0.014
2966.62637 16.901 0.011
2970.57390 16.816 0.011
2972.61662 16.866 0.013
2974.55409 16.741 0.011
2976.58736 16.969 0.014
2978.53663 16.645 0.013
2980.62913 16.948 0.014
2983.54181 16.774 0.013
2986.55915 16.632 0.010
2989.58852 16.976 0.013
2994.53868 16.912 0.014
2998.57762 16.955 0.014
3002.57818 16.950 0.015
3005.56945 16.808 0.011
3008.57697 16.622 0.011
3011.58040 16.977 0.017
3015.59036 16.961 0.013
3017.59200 16.669 0.010
3020.56591 16.939 0.011
3022.59357 16.800 0.013
3024.59258 16.950 0.013
3026.56296 16.710 0.011
3028.56385 16.968 0.013
3030.57169 16.635 0.010
3032.58454 16.959 0.013
3035.54259 16.719 0.013
3038.57526 16.672 0.013
3180.93788 16.631 0.009
3184.92990 16.789 0.011
3194.87482 16.632 0.010
3196.93047 16.941 0.013
3202.91755 16.615 0.010
3204.88753 16.880 0.011
3206.90046 16.782 0.011
3211.81207 16.705 0.011
3216.80272 16.639 0.013
3217.91101 16.869 0.014
3224.84930 16.662 0.009
3228.82730 16.876 0.014
3230.80485 16.798 0.010
3238.83210 16.704 0.011
3239.87169 16.895 0.011
3241.73299 16.965 0.013
3242.80934 16.610 0.010
3245.85017 16.917 0.013
3246.84714 16.622 0.011
3248.75212 16.857 0.011
3250.81329 16.789 0.010
3253.76701 16.909 0.013
3256.75015 16.741 0.010
3258.75971 16.978 0.013
3260.75430 16.678 0.011
3262.76392 16.951 0.010
3264.71017 16.641 0.009
3266.78114 16.907 0.011
3268.71440 16.774 0.010
3270.78043 16.896 0.011
3271.74220 16.956 0.011
3273.70083 16.627 0.010
3275.69172 16.894 0.014
3276.78525 16.894 0.014
3278.66560 16.695 0.011
3280.69756 16.963 0.010
3282.69261 16.643 0.009
3286.65134 16.681 0.009
3288.66492 16.856 0.010
3291.64012 16.650 0.011
3294.65176 16.919 0.011
3296.61911 16.754 0.009
3298.62856 17.004 0.011
3300.62869 16.677 0.010
3302.60972 16.935 0.013
3305.70556 16.846 0.010
3307.62226 16.958 0.017
3309.64293 16.755 0.010
3311.59872 16.954 0.011
3315.63237 16.950 0.011
3321.51851 16.887 0.015
3324.60374 16.956 0.013
3329.57567 16.957 0.011
3334.59211 16.740 0.014
3336.59075 16.831 0.011
3350.59103 16.912 0.010
3355.60811 16.972 0.011
3360.60893 16.785 0.010
3369.59176 16.714 0.010
3372.62625 16.966 0.011
3379.58191 16.766 0.011
3387.57875 16.602 0.011
3395.58727 16.774 0.013
3403.56895 16.931 0.015
3527.94193 16.987 0.014
3544.94656 16.941 0.011
3547.93262 16.721 0.010
3552.89708 16.799 0.014
3558.95072 16.938 0.020
3562.94286 16.967 0.010
3569.85256 16.700 0.010
3570.89917 16.896 0.014
3571.89061 16.978 0.014
3573.93361 16.723 0.013
3575.89166 16.927 0.011
3577.92606 16.624 0.010
3579.89365 16.928 0.010
3582.88987 16.707 0.010
3585.86041 16.860 0.009
3590.85471 16.624 0.009
3591.89181 16.760 0.009
3592.84064 16.884 0.009
3596.86920 16.850 0.010
3603.80049 16.754 0.010
3608.84695 16.649 0.009
3615.86149 16.983 0.011
3618.86138 16.876 0.010
3620.86502 16.790 0.009
3622.82232 16.800 0.011
3625.80859 16.645 0.009
3628.71616 16.935 0.013
3630.72963 16.606 0.011
3632.75668 16.924 0.013
3634.66635 16.861 0.011
3638.73186 16.843 0.010
3640.71139 16.813 0.009
3644.73981 16.773 0.009
3646.74945 16.942 0.013
3650.76523 16.979 0.010
3652.71771 16.622 0.009
3654.72044 16.923 0.010
3656.76503 16.616 0.009
3658.72316 16.901 0.011
3659.73502 16.965 0.013
3661.68155 16.634 0.010
3664.75531 16.849 0.010
3666.75051 16.808 0.011
3668.70579 16.977 0.011
3670.68730 16.691 0.011
3672.65532 16.905 0.011
3674.77869 16.685 0.009
3676.68134 16.925 0.010
3682.65219 16.846 0.013
3684.67203 16.811 0.010
3686.63254 16.920 0.013
3688.60534 16.702 0.010
3690.63160 16.974 0.017
3693.61713 16.842 0.011
3695.61405 16.931 0.011
3697.56199 16.718 0.011
3699.60809 16.974 0.011
3701.63748 16.729 0.010
3703.64241 16.982 0.010
3705.52625 16.624 0.009
3707.55227 16.906 0.013
3712.67596 16.932 0.013
3714.54779 16.651 0.011
3716.53169 16.909 0.014
3720.59106 16.938 0.013
3724.63391 16.884 0.011
3726.63408 16.656 0.010
3731.56074 16.617 0.010
3736.56651 16.694 0.010
3741.55696 16.811 0.011
3745.56067 16.738 0.013
3755.55753 16.916 0.015
3760.56531 16.980 0.013
3764.57900 16.956 0.011
3769.54830 16.961 0.013
3774.52812 16.919 0.015
3778.54560 16.952 0.014
3903.92868 16.672 0.010
3909.92232 16.822 0.010
3915.94192 16.970 0.010
3920.91553 16.869 0.010
3933.85317 16.961 0.010
3935.84951 16.717 0.010
3937.88773 16.983 0.013
3945.82043 16.900 0.013
3950.87512 16.952 0.011
3957.84102 16.762 0.015
3959.83641 16.964 0.014
3961.81764 16.692 0.011
3964.82202 16.909 0.009
3966.81465 16.784 0.009
3968.80777 16.975 0.010
3970.79936 16.715 0.009
3973.77059 16.885 0.010
3975.78739 16.823 0.011
3980.71612 16.842 0.011
3981.71606 16.918 0.011
3982.78190 16.751 0.011
3986.75759 16.918 0.011
3991.66709 16.881 0.011
3994.71229 16.924 0.011
3998.83850 16.983 0.013
4001.70474 16.700 0.009
4003.66871 16.943 0.010
4005.74338 16.674 0.009
4008.66715 16.992 0.009
4011.69504 16.887 0.011
4014.70072 16.712 0.013
4016.67464 16.936 0.013
4018.67050 16.635 0.010
4020.70982 16.927 0.010
4023.65993 16.694 0.010
4025.70820 16.962 0.011
4027.64836 16.619 0.009
4029.63348 16.946 0.011
4031.61762 16.665 0.010
4036.67622 16.704 0.010
4038.64938 16.975 0.011
4040.58891 16.636 0.010
4042.65680 16.906 0.011
4045.54975 16.644 0.013
4047.61076 16.932 0.013
4049.62509 16.631 0.009
4051.63397 16.938 0.013
4053.57148 16.659 0.009
4055.57294 16.852 0.014
4060.55517 16.926 0.011
4064.59959 16.912 0.010
4066.57642 16.685 0.010
4069.57021 16.968 0.011
4072.52694 16.746 0.014
4075.54239 16.652 0.010
4077.57727 16.927 0.013
4079.60458 16.658 0.010
4083.53181 16.898 0.014
4087.62586 16.903 0.010
4096.61448 16.776 0.014
4100.56845 16.938 0.014
4107.58562 16.828 0.011
4108.59446 16.962 0.011
4113.62685 16.932 0.011
4119.58762 16.666 0.011
4120.61884 16.872 0.010
4122.61132 16.830 0.011
4127.59933 16.645 0.009
4253.92648 16.838 0.014
4258.88987 16.861 0.015
4273.94459 16.669 0.015
4278.87835 16.614 0.011
4279.88608 16.744 0.015
4282.86012 16.733 0.014
4283.78046 16.606 0.013
4284.93014 16.873 0.013
4289.90087 16.903 0.013
4292.93428 16.783 0.010
4295.92821 16.624 0.010
4297.84875 16.832 0.014
4298.88142 16.936 0.017
4299.92529 16.777 0.010
4300.94733 16.668 0.011
4302.84790 16.917 0.013
4303.85677 16.955 0.011
4307.79672 16.938 0.011
4308.72863 16.963 0.015
4310.90764 16.859 0.013
4312.82482 16.962 0.011
4314.83993 16.751 0.013
4316.89922 16.948 0.013
4320.79195 16.906 0.014
4326.91285 16.612 0.011
4328.90045 16.897 0.014
4329.91892 16.917 0.014
4330.84111 16.714 0.010
4332.92928 16.863 0.014
4336.83996 16.777 0.015
4339.90290 16.623 0.014
4340.82943 16.704 0.011
4342.89664 16.951 0.014
4344.82129 16.633 0.011
4346.79443 16.913 0.014
4348.77822 16.646 0.010
4350.75512 16.860 0.010
4353.71327 16.616 0.010
4355.77194 16.908 0.014
4358.71515 16.697 0.011
4361.73419 16.761 0.011
4363.69419 16.807 0.013
4367.70121 16.749 0.013
4371.70231 16.691 0.011
4376.72463 16.815 0.011
4378.69501 16.952 0.013
4379.72248 16.629 0.011
4381.68093 16.868 0.014
4383.70983 16.711 0.010
4387.65624 16.921 0.011
4391.55753 16.933 0.013
4392.62001 16.806 0.011
4394.67277 16.861 0.011
4396.71473 16.729 0.011
4399.62842 16.881 0.018
4402.70263 16.794 0.011
4406.62560 16.630 0.011
4409.66541 16.872 0.011
4412.65290 16.915 0.013
4417.70022 16.952 0.011
4420.67924 16.844 0.013
4422.69361 16.833 0.011
4425.56675 16.859 0.013
4427.65669 16.637 0.011
4429.61843 16.850 0.015
4431.60552 16.888 0.014
4433.61145 16.781 0.013
4435.59976 16.945 0.013
4437.67099 16.767 0.014
4439.58275 16.963 0.015
4441.61866 16.689 0.011
4443.62741 16.930 0.014
4451.61857 16.871 0.011
4453.60442 16.809 0.013
4455.61663 16.831 0.013
4456.61995 16.911 0.015
4457.61247 16.915 0.017
4460.59735 16.868 0.015
4463.57863 16.674 0.011
4465.60229 16.959 0.013
4468.60175 16.794 0.011
4469.58690 16.922 0.013
4472.57715 16.721 0.010
4475.60514 16.706 0.011
4475.64225 16.645 0.011
4480.62565 16.641 0.010
4482.63691 16.911 0.015
4485.63010 16.740 0.014
4488.63054 16.663 0.015
4490.59771 16.829 0.011
4492.62077 16.870 0.013
4640.90269 16.700 0.013
4647.93320 16.879 0.013
4651.92890 16.958 0.014
4655.84961 16.921 0.013
4662.87173 16.711 0.010
4663.82045 16.857 0.015
4665.89354 16.726 0.013
4671.92737 16.806 0.011
4674.82887 16.742 0.011
4677.89127 16.953 0.011
4682.88143 16.914 0.013
4684.90381 16.794 0.010
4686.86398 16.966 0.011
4688.87999 16.701 0.009
4690.80545 16.941 0.011
4691.80875 16.937 0.013
4694.84083 16.927 0.014
4696.92402 16.617 0.014
4697.79956 16.687 0.011
4699.82035 16.955 0.011
4700.85446 16.723 0.010
4701.88884 16.717 0.011
4703.82162 16.944 0.013
4704.83976 16.932 0.013
4707.85084 16.911 0.011
4709.79947 16.732 0.009
4715.80426 16.799 0.011
4717.75920 16.942 0.010
4720.73793 16.852 0.011
4724.70369 16.757 0.013
4726.69625 16.975 0.013
4729.75110 16.876 0.014
4729.76345 16.903 0.013
4730.75306 16.975 0.010
4733.76745 16.857 0.010
4740.72842 16.707 0.010
4747.66815 16.881 0.011
4749.62657 16.831 0.014
4753.71365 16.748 0.014
4756.70044 16.952 0.013
4758.66017 16.604 0.009
4760.64672 16.874 0.010
4762.63686 16.803 0.013
4768.59244 16.702 0.011
4771.58721 16.793 0.011
4772.65831 16.717 0.011
4775.54039 16.961 0.017
4776.60443 16.613 0.011
4778.60670 16.900 0.011
4780.64729 16.601 0.011
4782.57651 16.871 0.011
4783.63968 16.953 0.014
4786.55967 16.788 0.013
4790.52058 16.690 0.010
4792.60903 16.952 0.013
4794.57269 16.681 0.010
4796.64656 16.965 0.011
4797.62232 16.770 0.011
4799.60749 16.792 0.013
4801.58369 16.915 0.011
4803.56390 16.737 0.010
4805.56944 16.954 0.011
4807.58384 16.692 0.013
4809.60889 16.952 0.011
4812.52671 16.772 0.018
4814.58869 16.958 0.014
4816.59080 16.739 0.010
4818.53267 16.944 0.015
4820.59346 16.678 0.010
4823.63894 16.794 0.011
4826.64774 16.945 0.011
4833.60618 16.666 0.010
4835.62918 16.948 0.013
4837.62643 16.617 0.011
4841.61633 16.598 0.011
4843.61368 16.857 0.014
4846.61918 16.665 0.010
4849.62295 16.867 0.013
4854.61966 16.637 0.009
4863.55012 16.618 0.009
4866.57871 16.945 0.014
4870.55150 16.934 0.014
4871.54333 16.915 0.015
4873.56695 16.778 0.013
