2090.91753 17.276 0.021
2105.91540 17.378 0.017
2106.88003 17.329 0.021
2113.86125 17.248 0.018
2116.86357 17.280 0.016
2123.81036 17.365 0.019
2128.81818 17.313 0.020
2129.85014 17.366 0.020
2130.88039 17.190 0.015
2131.86800 17.393 0.022
2132.79839 17.389 0.022
2133.88705 17.222 0.021
2135.83479 17.346 0.021
2136.85638 17.199 0.019
2137.84342 17.357 0.022
2140.80374 17.390 0.019
2141.83852 17.288 0.026
2142.77956 17.218 0.017
2143.81033 17.415 0.019
2144.86519 17.216 0.016
2155.87114 17.388 0.026
2156.81778 17.190 0.018
2160.74273 17.316 0.017
2162.75369 17.199 0.016
2166.74824 17.345 0.016
2167.79442 17.334 0.016
2171.73199 17.227 0.013
2172.73865 17.398 0.018
2173.71919 17.343 0.016
2177.61012 17.146 0.021
2184.69335 17.434 0.022
2185.65728 17.278 0.019
2187.71470 17.390 0.022
2188.72452 17.142 0.018
2190.68373 17.415 0.020
2191.69428 17.202 0.016
2192.65576 17.308 0.015
2193.67690 17.380 0.015
2194.64502 17.182 0.014
2195.71178 17.363 0.015
2200.62254 17.198 0.016
2201.65963 17.396 0.017
2203.71609 17.304 0.013
2206.59973 17.261 0.023
2211.63364 17.214 0.016
2212.63463 17.306 0.019
2213.64302 17.339 0.021
2214.62723 17.157 0.018
2215.64166 17.346 0.018
2217.62865 17.147 0.019
2219.67113 17.372 0.023
2224.70635 17.396 0.018
2226.62690 17.194 0.018
2228.55117 17.388 0.020
2229.60941 17.186 0.016
2231.56107 17.386 0.020
2233.60536 17.414 0.022
2235.65947 17.297 0.015
2238.53998 17.209 0.018
2240.64382 17.201 0.017
2242.61160 17.441 0.023
2245.52738 17.414 0.026
2248.59259 17.414 0.015
2250.56418 17.331 0.017
2252.61752 17.234 0.017
2255.59990 17.252 0.019
2257.61732 17.291 0.015
2262.60793 17.354 0.019
2266.59737 17.156 0.017
2272.57498 17.147 0.015
2274.56058 17.390 0.025
2277.59564 17.389 0.017
2283.59251 17.271 0.017
2290.59160 17.306 0.018
2292.60457 17.161 0.017
2294.60111 17.430 0.021
2296.56729 17.309 0.026
2298.57792 17.180 0.021
2300.57667 17.414 0.023
2303.56021 17.380 0.027
2445.90221 17.388 0.020
2458.94408 17.181 0.019
2463.90776 17.380 0.018
2465.92045 17.374 0.017
2467.89327 17.222 0.017
2469.89288 17.327 0.018
2470.92716 17.273 0.014
2473.87840 17.219 0.014
2483.85081 17.429 0.018
2486.86834 17.413 0.023
2488.86501 17.351 0.022
2489.91484 17.308 0.017
2492.89593 17.306 0.020
2496.89553 17.292 0.017
2497.91900 17.396 0.020
2498.92178 17.141 0.014
2499.85193 17.266 0.015
2500.85637 17.395 0.019
2501.84628 17.224 0.015
2502.82613 17.258 0.017
2516.76878 17.148 0.018
2517.81559 17.369 0.019
2518.78659 17.387 0.021
2519.86541 17.209 0.015
2520.78359 17.362 0.018
2521.85481 17.302 0.017
2524.85256 17.275 0.016
2526.77011 17.388 0.015
2534.82636 17.315 0.019
2535.84715 17.392 0.022
2537.69449 17.263 0.023
2538.78815 17.390 0.019
2539.69452 17.230 0.018
2540.71351 17.297 0.025
2541.70643 17.412 0.017
2542.67621 17.196 0.015
2544.65455 17.407 0.018
2545.66995 17.164 0.014
2547.68780 17.392 0.020
2548.70406 17.188 0.014
2550.69895 17.402 0.018
2551.68567 17.157 0.015
2552.70181 17.353 0.015
2554.69501 17.187 0.014
2555.70294 17.365 0.017
2556.68186 17.372 0.017
2557.69447 17.198 0.014
2558.65095 17.375 0.018
2559.60770 17.379 0.019
2560.64086 17.178 0.015
2561.66649 17.391 0.023
2562.65934 17.371 0.018
2563.66716 17.222 0.019
2564.68272 17.388 0.019
2565.66886 17.296 0.017
2566.65385 17.250 0.016
2568.68524 17.236 0.020
2571.63753 17.228 0.020
2572.73418 17.374 0.025
2573.65118 17.425 0.025
2574.63507 17.215 0.016
2577.62074 17.223 0.019
2578.61905 17.298 0.023
2579.62845 17.367 0.019
2580.64052 17.197 0.015
2583.61187 17.213 0.021
2584.61939 17.360 0.019
2587.60063 17.349 0.019
2588.62949 17.327 0.020
2589.59062 17.219 0.017
2590.60539 17.392 0.021
2591.60660 17.339 0.018
2593.59713 17.375 0.018
2594.60091 17.280 0.021
2596.57706 17.367 0.022
2597.56443 17.309 0.025
2598.61736 17.311 0.019
2599.59755 17.374 0.022
2607.61738 17.365 0.023
2610.53771 17.371 0.027
2613.52972 17.363 0.019
2615.56157 17.166 0.017
2621.55781 17.228 0.017
2623.60558 17.202 0.020
2626.54915 17.224 0.019
2629.55510 17.191 0.022
2635.55618 17.181 0.014
2639.53663 17.349 0.023
2641.58283 17.237 0.016
2646.56163 17.317 0.020
2650.58125 17.312 0.020
2654.54800 17.387 0.025
2656.59604 17.367 0.026
2660.54592 17.393 0.020
2664.56668 17.211 0.020
2669.54385 17.321 0.017
2673.55634 17.275 0.022
2675.57225 17.172 0.015
2682.53291 17.336 0.025
2777.89541 17.333 0.022
2804.90136 17.204 0.022
2810.93370 17.312 0.020
2814.93126 17.391 0.018
2817.91926 17.398 0.025
2825.89495 17.354 0.021
2831.77365 17.332 0.022
2832.73913 17.394 0.021
2833.85720 17.264 0.022
2834.92643 17.371 0.021
2837.86740 17.380 0.030
2839.89890 17.325 0.017
2841.87960 17.113 0.015
2844.86483 17.135 0.015
2845.91085 17.372 0.022
2848.94781 17.384 0.035
2850.88095 17.196 0.018
2851.92424 17.401 0.020
2852.79484 17.372 0.018
2853.93477 17.257 0.016
2856.80792 17.181 0.018
2858.90198 17.221 0.015
2860.86801 17.410 0.019
2861.73900 17.371 0.016
2862.91799 17.321 0.020
2863.82711 17.410 0.027
2866.87374 17.389 0.021
2867.85468 17.212 0.017
2868.79838 17.292 0.018
2870.80809 17.176 0.015
2872.76550 17.400 0.017
2876.76825 17.185 0.016
2877.79011 17.367 0.018
2879.79886 17.205 0.014
2883.81729 17.380 0.015
2885.75242 17.215 0.015
2888.80073 17.290 0.018
2892.79228 17.379 0.023
2894.75859 17.267 0.018
2896.75570 17.185 0.017
2898.77659 17.374 0.018
2900.73855 17.300 0.015
2902.73808 17.155 0.014
2905.74528 17.170 0.017
2907.74652 17.367 0.016
2909.73551 17.358 0.015
2911.72699 17.192 0.013
2915.69836 17.363 0.017
2917.72435 17.240 0.015
2921.72227 17.382 0.020
2923.74355 17.311 0.018
2925.70714 17.144 0.015
2927.70454 17.409 0.019
2930.72240 17.387 0.018
2932.72877 17.372 0.018
2934.70888 17.148 0.014
2937.62942 17.136 0.016
2939.72299 17.364 0.018
2940.62600 17.137 0.013
2941.61965 17.364 0.016
2942.62580 17.373 0.016
2943.57821 17.154 0.017
2944.58167 17.341 0.017
2945.59840 17.388 0.025
2947.59525 17.383 0.026
2949.58938 17.162 0.016
2951.62115 17.307 0.022
2952.64854 17.255 0.018
2954.67506 17.228 0.020
2956.62110 17.410 0.016
2958.61062 17.270 0.019
2961.58662 17.272 0.025
2965.62492 17.393 0.017
2968.58613 17.388 0.021
2970.60550 17.342 0.018
2972.58962 17.200 0.016
2974.58395 17.363 0.019
2976.53988 17.336 0.020
2977.60693 17.289 0.022
2979.57122 17.401 0.023
2981.61623 17.314 0.028
2984.56483 17.250 0.020
2987.63994 17.350 0.019
2989.56222 17.147 0.015
2995.60687 17.187 0.013
2998.56898 17.175 0.018
3001.56621 17.201 0.018
3004.55814 17.225 0.017
3007.56582 17.277 0.017
3010.56339 17.317 0.019
3016.58055 17.347 0.020
3019.59399 17.340 0.020
3021.60793 17.219 0.013
3023.56324 17.358 0.019
3025.56223 17.368 0.019
3027.59590 17.276 0.017
3029.56779 17.290 0.018
3031.57217 17.364 0.019
3033.57463 17.276 0.017
3036.59190 17.346 0.019
3040.55490 17.375 0.022
3160.85236 17.360 0.021
3183.90427 17.351 0.020
3193.87200 17.230 0.016
3195.93102 17.197 0.015
3197.90658 17.375 0.018
3201.86403 17.197 0.014
3203.87116 17.376 0.015
3204.93958 17.261 0.017
3210.88579 17.295 0.018
3211.91402 17.421 0.018
3215.69248 17.459 0.026
3216.71670 17.154 0.020
3217.78979 17.389 0.019
3223.82728 17.365 0.019
3226.81580 17.375 0.021
3229.82488 17.369 0.015
3231.77555 17.343 0.025
3239.78509 17.165 0.014
3240.77440 17.397 0.020
3241.84362 17.298 0.021
3242.70614 17.156 0.015
3243.83872 17.385 0.020
3244.81982 17.257 0.019
3245.76527 17.214 0.017
3246.76151 17.379 0.020
3247.75287 17.316 0.017
3249.72002 17.411 0.019
3251.73274 17.237 0.014
3254.72010 17.249 0.014
3256.78595 17.183 0.014
3258.72201 17.410 0.019
3260.69606 17.272 0.017
3262.73204 17.182 0.012
3264.68376 17.428 0.014
3266.75471 17.356 0.016
3268.68800 17.165 0.013
3270.66834 17.376 0.018
3271.65584 17.194 0.017
3272.71270 17.379 0.016
3274.69480 17.212 0.016
3276.70365 17.361 0.020
3277.73650 17.280 0.019
3279.66910 17.336 0.016
3281.62854 17.395 0.015
3283.63433 17.199 0.011
3287.60045 17.387 0.019
3289.61139 17.267 0.014
3293.58840 17.422 0.017
3295.60715 17.312 0.011
3297.58839 17.196 0.011
3299.64529 17.343 0.014
3301.61944 17.373 0.022
3303.68163 17.220 0.017
3306.61422 17.220 0.012
3308.60205 17.372 0.021
3310.60124 17.356 0.016
3312.64326 17.298 0.014
3314.55592 17.342 0.022
3320.59364 17.136 0.013
3321.58934 17.335 0.017
3323.53722 17.155 0.015
3327.54842 17.359 0.018
3330.54239 17.362 0.019
3335.58347 17.192 0.018
3338.59047 17.224 0.015
3349.58759 17.188 0.012
3353.56487 17.337 0.018
3360.57573 17.342 0.017
3363.54542 17.352 0.019
3367.60861 17.291 0.018
3375.54162 17.185 0.014
3378.58714 17.173 0.015
3386.55355 17.318 0.015
3390.56198 17.213 0.019
3398.54900 17.166 0.015
3402.53711 17.314 0.015
3538.94584 17.220 0.021
3547.90711 17.285 0.016
3554.91530 17.378 0.018
3556.87095 17.345 0.018
3558.88889 17.132 0.014
3559.87716 17.333 0.015
3560.89533 17.421 0.014
3561.88500 17.143 0.012
3561.93448 17.183 0.012
3562.85790 17.337 0.014
3562.88671 17.320 0.014
3562.92060 17.370 0.013
3562.94738 17.401 0.017
3563.84279 17.400 0.020
3563.87946 17.389 0.021
3563.94125 17.358 0.018
3564.82304 17.135 0.013
3564.86429 17.139 0.013
3564.90256 17.168 0.012
3564.93667 17.248 0.013
3568.82272 17.357 0.015
3568.85614 17.366 0.016
3568.88958 17.396 0.014
3568.91210 17.375 0.015
3568.93521 17.384 0.017
3569.84461 17.363 0.017
3569.87073 17.346 0.016
3569.90537 17.340 0.016
3569.92443 17.314 0.016
3570.77026 17.131 0.019
3570.82779 17.164 0.019
3570.85907 17.214 0.018
3570.89429 17.244 0.017
3570.91810 17.276 0.017
3571.81916 17.334 0.022
3571.86036 17.402 0.022
3571.88675 17.348 0.021
3572.84463 17.374 0.020
3572.88523 17.303 0.018
3572.92528 17.217 0.018
3572.94595 17.262 0.021
3573.81166 17.197 0.017
3573.84959 17.185 0.018
3573.94172 17.308 0.023
3574.80852 17.369 0.018
3574.83670 17.408 0.018
3574.85873 17.413 0.017
3574.89971 17.421 0.018
3575.82048 17.354 0.015
3575.84305 17.315 0.015
3575.86534 17.327 0.016
3575.88782 17.284 0.016
3576.79604 17.208 0.015
3576.81900 17.213 0.015
3576.90632 17.273 0.018
3577.81684 17.404 0.017
3577.85431 17.382 0.018
3577.87670 17.372 0.017
3577.92217 17.423 0.017
3577.94432 17.406 0.021
3578.85349 17.268 0.014
3578.87534 17.235 0.015
3578.91299 17.196 0.012
3578.93537 17.186 0.013
3579.79511 17.208 0.012
3579.81776 17.254 0.012
3579.84061 17.253 0.013
3579.86305 17.254 0.012
3579.88535 17.294 0.014
3579.91664 17.299 0.016
3580.80190 17.354 0.019
3580.82444 17.428 0.020
3580.91325 17.417 0.017
3581.79993 17.305 0.014
3581.82180 17.291 0.015
3581.84024 17.245 0.017
3581.86276 17.215 0.016
3581.88718 17.188 0.017
3581.90956 17.204 0.016
3582.73735 17.180 0.012
3582.76020 17.214 0.014
3582.78288 17.204 0.014
3582.82516 17.290 0.016
3583.77818 17.406 0.016
3583.84241 17.418 0.014
3583.87609 17.403 0.015
3583.90330 17.420 0.015
3584.78089 17.286 0.013
3585.80189 17.295 0.012
3585.82444 17.289 0.011
3585.85175 17.324 0.011
3585.90992 17.349 0.013
3586.78490 17.408 0.013
3586.80394 17.383 0.012
3586.82659 17.423 0.013
3586.85286 17.399 0.013
3586.86737 17.374 0.012
3586.89341 17.378 0.012
3588.78813 17.286 0.014
3588.80084 17.304 0.014
3588.84478 17.305 0.014
3588.86765 17.324 0.019
3588.89253 17.389 0.016
3589.77385 17.416 0.015
3589.81464 17.426 0.016
3589.83904 17.392 0.016
3589.86522 17.380 0.015
3589.90563 17.322 0.014
3590.80139 17.218 0.013
3590.82794 17.215 0.012
3590.85066 17.216 0.012
3590.87305 17.212 0.012
3591.77949 17.308 0.012
3591.80278 17.338 0.013
3591.82937 17.343 0.013
3591.86930 17.353 0.013
3592.76493 17.430 0.013
3592.78834 17.418 0.013
3592.81480 17.379 0.013
3592.83690 17.368 0.012
3593.82307 17.209 0.014
3593.84339 17.199 0.014
3593.86428 17.234 0.014
3593.89532 17.249 0.015
3594.77531 17.332 0.013
3594.79787 17.345 0.013
3594.82869 17.356 0.014
3594.85163 17.357 0.015
3596.69046 17.186 0.015
3596.72312 17.186 0.015
3596.73690 17.188 0.014
3596.76836 17.189 0.015
3596.86128 17.253 0.015
3596.88753 17.252 0.016
3596.90987 17.264 0.013
3597.80457 17.377 0.017
3597.84469 17.407 0.016
3597.86968 17.387 0.015
3600.87399 17.435 0.027
3600.91758 17.366 0.022
3601.73912 17.376 0.017
3601.76129 17.363 0.015
3601.78688 17.352 0.016
3601.80519 17.317 0.016
3601.82730 17.303 0.017
3602.66903 17.156 0.017
3602.74248 17.183 0.018
3602.77203 17.234 0.018
3603.69844 17.330 0.016
3603.74121 17.381 0.017
3603.76352 17.386 0.015
3603.78580 17.375 0.015
3607.76408 17.313 0.013
3607.78650 17.258 0.013
3607.83332 17.159 0.012
3607.85602 17.159 0.013
3608.74791 17.258 0.012
3608.77409 17.282 0.013
3608.79781 17.275 0.013
3608.82023 17.309 0.013
3614.75397 17.295 0.012
3614.78136 17.314 0.012
3614.80481 17.317 0.014
3614.82839 17.362 0.012
3614.85357 17.399 0.015
3615.73135 17.419 0.015
3615.85691 17.377 0.014
3615.88106 17.378 0.014
3615.88555 17.369 0.014
3617.69121 17.273 0.014
3617.73800 17.331 0.015
3617.76071 17.328 0.013
3617.81229 17.355 0.013
3618.71229 17.380 0.014
3618.76425 17.368 0.014
3618.81221 17.364 0.014
3618.84436 17.333 0.013
3619.66832 17.285 0.015
3619.69043 17.250 0.014
3619.72150 17.153 0.012
3619.76685 17.125 0.012
3620.70015 17.303 0.012
3620.77876 17.391 0.013
3620.84005 17.375 0.014
3620.88357 17.392 0.014
3621.69144 17.383 0.014
3621.73923 17.419 0.015
3621.78355 17.364 0.015
3621.85459 17.257 0.013
3622.76751 17.140 0.013
3622.79358 17.178 0.015
3622.81728 17.165 0.014
3625.68780 17.175 0.014
3625.73903 17.184 0.013
3625.76521 17.159 0.013
3625.82754 17.205 0.012
3626.66833 17.285 0.016
3626.69261 17.326 0.015
3626.73318 17.360 0.016
3628.70673 17.156 0.017
3628.78601 17.244 0.017
3628.84966 17.256 0.016
3629.66330 17.337 0.021
3629.69505 17.389 0.020
3629.72042 17.330 0.019
3629.74337 17.376 0.021
3630.67372 17.383 0.019
3630.69984 17.383 0.018
3630.72401 17.368 0.021
3630.74785 17.362 0.019
3630.79788 17.272 0.018
3631.66990 17.188 0.018
3631.70125 17.193 0.018
3631.72508 17.240 0.018
3631.74910 17.253 0.018
3632.63537 17.316 0.023
3632.74838 17.403 0.019
3633.67026 17.391 0.019
3633.69069 17.363 0.020
3633.72890 17.300 0.021
3633.80455 17.198 0.015
3634.67757 17.198 0.014
3634.69684 17.223 0.013
3634.73142 17.226 0.014
3634.77126 17.241 0.013
3636.71410 17.299 0.016
3637.64555 17.168 0.015
3637.66794 17.219 0.014
3637.69030 17.203 0.014
3637.71263 17.260 0.017
3638.64847 17.365 0.016
3638.67080 17.355 0.015
3638.71122 17.399 0.015
3638.74973 17.413 0.016
3639.68017 17.276 0.012
3639.71793 17.207 0.011
3639.74259 17.192 0.011
3640.65542 17.231 0.013
3640.68261 17.239 0.013
3640.70497 17.265 0.012
3640.72918 17.289 0.013
3641.64392 17.357 0.016
3641.65535 17.366 0.016
3641.67761 17.402 0.015
3641.71465 17.380 0.016
3643.71668 17.307 0.013
3643.73903 17.322 0.012
3644.65052 17.392 0.014
3644.69103 17.412 0.014
3644.71338 17.405 0.014
3644.73569 17.396 0.013
3646.63143 17.312 0.016
3646.65159 17.259 0.015
3646.66681 17.291 0.015
3646.67797 17.315 0.015
3646.70717 17.296 0.015
3650.63644 17.401 0.017
3650.65490 17.413 0.018
3650.67893 17.402 0.016
3650.70122 17.398 0.015
3651.65714 17.128 0.012
3651.68845 17.136 0.013
3651.71044 17.163 0.013
3651.72878 17.188 0.012
3652.64069 17.330 0.014
3652.66348 17.334 0.014
3652.69087 17.361 0.014
3652.71346 17.362 0.014
3653.63230 17.396 0.016
3653.65485 17.394 0.015
3653.67671 17.411 0.016
3653.69994 17.439 0.016
3654.64163 17.140 0.013
3654.66422 17.167 0.013
3654.68686 17.146 0.013
3654.71642 17.190 0.014
3655.65024 17.350 0.015
3655.67220 17.351 0.015
3655.69116 17.362 0.014
3655.71348 17.369 0.015
3656.69484 17.392 0.016
3656.73815 17.317 0.016
3656.78285 17.242 0.015
3657.61971 17.140 0.013
3657.66717 17.157 0.013
3657.69259 17.196 0.014
3657.72302 17.239 0.014
3658.62771 17.375 0.020
3658.64634 17.289 0.016
3658.66279 17.316 0.017
3658.71896 17.370 0.017
3659.68069 17.383 0.022
3659.70317 17.350 0.021
3659.72561 17.355 0.022
3659.75284 17.287 0.018
3660.66009 17.183 0.016
3660.68677 17.230 0.017
3660.70878 17.232 0.017
3660.72060 17.258 0.018
3661.60707 17.358 0.023
3661.62939 17.346 0.018
3661.67738 17.396 0.018
3661.72005 17.364 0.018
3663.59350 17.156 0.016
3663.62999 17.184 0.020
3663.65238 17.243 0.017
3663.67725 17.199 0.016
3664.60965 17.388 0.013
3664.63632 17.376 0.013
3664.69992 17.390 0.013
3664.74319 17.394 0.014
3665.65397 17.312 0.017
3665.70554 17.302 0.017
3665.72777 17.281 0.018
3666.65581 17.233 0.013
3666.72117 17.295 0.016
3666.74617 17.267 0.015
3668.56808 17.399 0.016
3668.61132 17.359 0.016
3668.63411 17.364 0.015
3668.65654 17.274 0.014
3668.67906 17.251 0.014
3669.63382 17.228 0.016
3670.70528 17.389 0.017
3671.57911 17.338 0.018
3671.60472 17.320 0.018
3671.62354 17.263 0.016
3671.68723 17.190 0.014
3672.57792 17.206 0.016
3672.60039 17.250 0.015
3672.62400 17.270 0.015
3672.64642 17.264 0.014
3673.69216 17.391 0.017
3674.62437 17.232 0.013
3674.71937 17.183 0.012
3674.79665 17.208 0.015
3674.82210 17.253 0.016
3675.59419 17.262 0.013
3675.65426 17.339 0.015
3675.76234 17.353 0.016
3676.62344 17.400 0.016
3676.64887 17.403 0.015
3676.67720 17.372 0.016
3676.69920 17.368 0.017
3682.57754 17.409 0.018
3682.59995 17.440 0.021
3682.62264 17.340 0.018
3682.64769 17.290 0.019
3683.57141 17.180 0.015
3683.59874 17.183 0.014
3683.62507 17.230 0.015
3683.64356 17.198 0.015
3684.61341 17.332 0.014
3684.69009 17.388 0.016
3684.72535 17.379 0.015
3684.75122 17.393 0.015
3685.59532 17.403 0.015
3685.61760 17.374 0.016
3685.64877 17.374 0.016
3685.67595 17.340 0.014
3686.56015 17.181 0.015
3686.60554 17.184 0.015
3686.62815 17.195 0.016
3686.65045 17.261 0.016
3687.57533 17.334 0.016
3687.60029 17.340 0.016
3687.62272 17.349 0.017
3687.64343 17.343 0.016
3688.53329 17.377 0.016
3688.55583 17.387 0.016
3688.57854 17.366 0.016
3688.60085 17.377 0.016
3689.55357 17.191 0.014
3689.57564 17.186 0.014
3689.59581 17.235 0.016
3689.62559 17.226 0.015
3690.53917 17.331 0.020
3690.56481 17.348 0.019
3690.59222 17.403 0.018
3690.64961 17.427 0.022
3691.54450 17.414 0.019
3691.58283 17.376 0.017
3692.54716 17.211 0.015
3692.56694 17.214 0.016
3692.61398 17.243 0.016
3693.53420 17.325 0.019
3693.55892 17.341 0.020
3693.61280 17.339 0.018
3694.57849 17.349 0.016
3694.62337 17.248 0.013
3695.56248 17.238 0.014
3695.58616 17.227 0.016
3695.63607 17.285 0.014
3696.51461 17.359 0.017
3696.55137 17.347 0.015
3696.59733 17.400 0.014
3696.64361 17.391 0.014
3699.55705 17.391 0.017
3699.59910 17.348 0.015
3699.62979 17.346 0.015
3699.65497 17.400 0.014
3700.55414 17.316 0.016
3700.64068 17.084 0.015
3701.53733 17.259 0.015
3701.58614 17.279 0.016
3701.63330 17.354 0.015
3701.68106 17.329 0.015
3702.56096 17.374 0.019
3702.58006 17.371 0.018
3702.60474 17.389 0.017
3702.65363 17.375 0.016
3703.59278 17.134 0.012
3703.63816 17.123 0.012
3703.70310 17.119 0.012
3704.51859 17.267 0.021
3704.58302 17.319 0.017
3704.65328 17.340 0.014
3705.52182 17.392 0.018
3705.56252 17.388 0.014
3705.62589 17.393 0.014
3705.67168 17.371 0.014
3706.52763 17.199 0.014
3706.57210 17.142 0.013
3706.60718 17.122 0.012
3706.66816 17.161 0.012
3707.54787 17.310 0.017
3707.56998 17.343 0.017
3707.59249 17.337 0.015
3708.59475 17.376 0.018
3708.60620 17.373 0.018
3708.62845 17.367 0.018
3708.63642 17.355 0.018
3711.56775 17.401 0.019
3711.58612 17.386 0.019
3711.60862 17.368 0.017
3711.61657 17.352 0.018
3712.55774 17.126 0.013
3712.58503 17.158 0.014
3712.60720 17.164 0.015
3712.65321 17.160 0.015
3713.54321 17.369 0.020
3713.56835 17.337 0.017
3713.59016 17.379 0.017
3713.60868 17.440 0.017
3714.56537 17.379 0.018
3714.58763 17.366 0.016
3714.61385 17.350 0.016
3714.62156 17.343 0.016
3715.54318 17.160 0.014
3715.56604 17.152 0.013
3715.59415 17.188 0.014
3715.61670 17.194 0.016
3716.55097 17.363 0.022
3717.59500 17.376 0.018
3717.62094 17.316 0.015
3717.62852 17.288 0.015
3718.54823 17.168 0.017
3718.57120 17.178 0.016
3718.60055 17.207 0.017
3718.62289 17.219 0.017
3719.54708 17.370 0.021
3719.57582 17.414 0.020
3719.59109 17.388 0.019
3719.62216 17.405 0.020
3720.53948 17.377 0.022
3720.56155 17.336 0.022
3720.58669 17.333 0.020
3720.60861 17.275 0.018
3721.54083 17.215 0.020
3721.55779 17.225 0.017
3721.57657 17.239 0.017
3721.60334 17.292 0.021
3722.54733 17.412 0.020
3722.56920 17.364 0.019
3722.59132 17.402 0.018
3722.59907 17.395 0.019
3724.60021 17.270 0.016
3724.62518 17.307 0.016
3725.55619 17.389 0.016
3725.60983 17.413 0.015
3725.67153 17.416 0.020
3726.54330 17.262 0.015
3726.57748 17.261 0.016
3726.62066 17.177 0.015
3726.65186 17.192 0.016
3727.55049 17.255 0.017
3727.57270 17.260 0.015
3728.54877 17.424 0.018
3728.57541 17.424 0.018
3728.60063 17.420 0.017
3730.53401 17.254 0.016
3730.59999 17.321 0.013
3731.53268 17.407 0.028
3731.53765 17.405 0.022
3732.59545 17.223 0.017
3732.61775 17.210 0.014
3734.60464 17.386 0.016
3734.62722 17.379 0.015
3734.63956 17.353 0.014
3735.55474 17.166 0.015
3735.57724 17.190 0.013
3735.59954 17.191 0.013
3736.56225 17.345 0.016
3736.60727 17.358 0.015
3737.57184 17.380 0.017
3737.59424 17.395 0.017
3739.53342 17.349 0.021
3739.56197 17.360 0.015
3739.57698 17.354 0.015
3740.53654 17.389 0.019
3740.57342 17.369 0.017
3741.55276 17.229 0.018
3741.57459 17.173 0.015
3742.55294 17.367 0.023
3742.57654 17.357 0.022
3743.55275 17.364 0.018
3743.57600 17.324 0.018
3745.55253 17.399 0.022
3745.57833 17.388 0.018
3746.55203 17.325 0.022
3746.57813 17.308 0.020
3747.55392 17.256 0.022
3747.57724 17.277 0.019
3748.55737 17.367 0.028
3748.57957 17.417 0.030
3749.55386 17.300 0.029
3749.57585 17.212 0.026
3750.55188 17.275 0.022
3751.53968 17.395 0.027
3751.56268 17.404 0.026
3751.58510 17.377 0.025
3753.55430 17.317 0.023
3753.57665 17.308 0.023
3755.55320 17.229 0.022
3756.54857 17.309 0.019
3756.57467 17.323 0.018
3758.57620 17.171 0.018
3759.55892 17.307 0.019
3759.58145 17.354 0.018
3760.55507 17.369 0.020
3761.58360 17.170 0.015
3762.58524 17.377 0.019
3763.54327 17.342 0.014
3763.56731 17.348 0.015
3764.57483 17.171 0.014
3765.54970 17.372 0.014
3765.56801 17.384 0.014
3766.54597 17.348 0.015
3766.56886 17.327 0.014
3768.54275 17.403 0.021
3769.54419 17.332 0.018
3769.56597 17.270 0.016
3771.53966 17.416 0.021
3771.56164 17.398 0.019
3772.57194 17.245 0.017
3773.53981 17.252 0.017
3774.52393 17.410 0.030
3775.54477 17.205 0.018
3775.56657 17.182 0.016
3776.52105 17.278 0.028
3776.53964 17.258 0.017
3777.54355 17.420 0.020
3777.56563 17.412 0.019
3778.52262 17.191 0.021
3778.56365 17.138 0.015
3779.53696 17.253 0.022
3780.52707 17.400 0.020
3786.51812 17.430 0.022
3786.52695 17.414 0.019
3787.52401 17.172 0.016
3787.52834 17.151 0.016
3788.51403 17.367 0.022
3788.52260 17.368 0.018
3789.51426 17.411 0.019
3789.51847 17.393 0.017
3791.51486 17.344 0.020
3791.51872 17.343 0.019
3900.90750 17.411 0.017
3901.92244 17.244 0.016
3904.91600 17.237 0.014
3906.93532 17.262 0.013
3908.93285 17.397 0.014
3909.91847 17.207 0.013
3912.93985 17.163 0.012
3913.88984 17.287 0.012
3915.90182 17.187 0.013
3917.88985 17.405 0.016
3918.89805 17.199 0.013
3920.93384 17.345 0.013
3931.86292 17.376 0.017
3933.83089 17.205 0.014
3934.91273 17.395 0.015
3935.86775 17.206 0.013
3936.92116 17.320 0.015
3944.91683 17.140 0.014
3945.89789 17.369 0.013
3946.88795 17.394 0.016
3950.89656 17.212 0.013
3958.86279 17.321 0.020
3959.85883 17.246 0.017
3960.84903 17.405 0.015
3961.86037 17.261 0.019
3963.84179 17.401 0.026
3964.84000 17.239 0.011
3965.83735 17.273 0.011
3966.83617 17.411 0.015
3967.87950 17.223 0.012
3968.82930 17.275 0.014
3969.82888 17.410 0.016
3970.82687 17.209 0.012
3971.79935 17.292 0.013
3973.79421 17.181 0.013
3974.80104 17.308 0.016
3975.80892 17.371 0.014
3979.75857 17.223 0.014
3980.73759 17.301 0.015
3981.73749 17.411 0.015
3982.80333 17.216 0.014
3983.89511 17.365 0.016
3986.77529 17.374 0.016
3987.80079 17.295 0.015
3988.85703 17.283 0.017
3990.71600 17.377 0.014
3994.73939 17.269 0.014
3995.76379 17.398 0.014
3998.86187 17.391 0.018
3999.77283 17.155 0.012
4001.67868 17.397 0.013
4002.74402 17.149 0.010
4003.69029 17.288 0.013
4004.71571 17.387 0.016
4005.76498 17.169 0.012
4006.72133 17.323 0.012
4007.68234 17.369 0.014
4008.68874 17.157 0.010
4011.71832 17.175 0.012
4013.72332 17.318 0.016
4016.69626 17.343 0.016
4018.69201 17.381 0.017
4019.76025 17.206 0.014
4020.73434 17.250 0.014
4021.70052 17.395 0.015
4023.68160 17.249 0.014
4025.72994 17.155 0.013
4026.65138 17.222 0.012
4027.66978 17.410 0.015
4031.63901 17.182 0.011
4036.69756 17.395 0.015
4037.71337 17.169 0.013
4039.62658 17.376 0.015
4040.61044 17.109 0.014
4041.66466 17.410 0.019
4042.67835 17.414 0.019
4043.65505 17.217 0.017
4046.63873 17.188 0.019
4047.63199 17.361 0.017
4048.60733 17.396 0.016
4049.64622 17.206 0.012
4050.63025 17.401 0.015
4052.62251 17.205 0.011
4053.64765 17.397 0.014
4054.63920 17.307 0.019
4058.58836 17.245 0.014
4059.53605 17.395 0.016
4060.57865 17.251 0.014
4063.62348 17.213 0.013
4064.57699 17.298 0.012
4066.59386 17.173 0.014
4067.56720 17.280 0.014
4068.53158 17.413 0.015
4070.56722 17.306 0.016
4071.56669 17.421 0.019
4074.58220 17.382 0.018
4077.57285 17.368 0.020
4079.60032 17.395 0.017
4082.63452 17.369 0.020
4087.58154 17.319 0.016
4093.55234 17.336 0.015
4095.62553 17.207 0.013
4096.60335 17.384 0.016
4097.63695 17.319 0.017
4098.55960 17.160 0.015
4100.60601 17.361 0.017
4103.57453 17.292 0.017
4105.61567 17.443 0.017
4108.57689 17.431 0.015
4112.54443 17.208 0.016
4115.57400 17.147 0.012
4119.56137 17.340 0.017
4124.60028 17.211 0.013
4128.58732 17.395 0.016
4132.58098 17.258 0.018
4255.84175 17.183 0.020
4268.91607 17.367 0.019
4272.94548 17.169 0.021
4279.78148 17.256 0.025
4282.89799 17.348 0.019
4283.93055 17.370 0.021
4285.93765 17.381 0.021
4289.92191 17.310 0.018
4293.87100 17.245 0.015
4295.85625 17.300 0.015
4297.87032 17.422 0.018
4298.90269 17.168 0.019
4299.94672 17.345 0.022
4301.84528 17.224 0.013
4307.82204 17.212 0.014
4307.93747 17.225 0.014
4308.77796 17.290 0.016
4308.94063 17.424 0.019
4310.92910 17.268 0.018
4312.82018 17.388 0.016
4314.86384 17.390 0.022
4316.92079 17.290 0.017
4332.88543 17.402 0.019
4333.88938 17.175 0.017
4338.89338 17.319 0.022
4340.76509 17.348 0.019
4341.76115 17.414 0.021
4342.78548 17.176 0.017
4343.75450 17.373 0.017
4344.73669 17.381 0.019
4345.78268 17.201 0.018
4347.77155 17.357 0.017
4349.78479 17.409 0.017
4351.72137 17.209 0.018
4354.75199 17.269 0.016
4357.69249 17.213 0.015
4359.69047 17.276 0.017
4362.65801 17.258 0.021
4363.61737 17.250 0.020
4369.64476 17.327 0.025
4372.66822 17.349 0.015
4377.74723 17.265 0.017
4379.63868 17.400 0.023
4380.73457 17.266 0.017
4382.67884 17.356 0.018
4386.65382 17.257 0.015
4388.65468 17.311 0.018
4390.66367 17.413 0.016
4392.68815 17.302 0.015
4395.67213 17.315 0.021
4397.71012 17.187 0.018
4400.66055 17.202 0.018
4403.64913 17.219 0.017
4407.62634 17.348 0.019
4408.65160 17.285 0.017
4410.73514 17.392 0.019
4412.69617 17.308 0.018
4416.68128 17.422 0.019
4418.69019 17.317 0.016
4421.62378 17.325 0.019
4423.70543 17.202 0.019
4427.64892 17.353 0.020
4429.55704 17.109 0.022
4431.56163 17.390 0.019
4433.56758 17.380 0.019
4435.55154 17.145 0.016
4437.64480 17.280 0.022
4439.55672 17.427 0.025
4441.59251 17.253 0.018
4443.61954 17.262 0.019
4449.63732 17.214 0.017
4451.59212 17.385 0.019
4453.57448 17.335 0.019
4456.57600 17.370 0.023
4458.57686 17.214 0.017
4464.56811 17.268 0.018
4472.56225 17.184 0.015
4475.58168 17.122 0.014
4478.58831 17.138 0.018
4481.57002 17.159 0.017
4484.58014 17.160 0.022
4486.61883 17.315 0.027
4502.57052 17.328 0.019
4609.88358 17.210 0.016
4638.94851 17.160 0.019
4643.87337 17.386 0.017
4648.93944 17.383 0.020
4652.93268 17.206 0.017
4656.91339 17.301 0.015
4662.76961 17.254 0.015
4663.74125 17.379 0.021
4665.81418 17.308 0.020
4666.90198 17.380 0.023
4670.89629 17.196 0.016
4671.88255 17.384 0.019
4672.87050 17.400 0.017
4681.86779 17.278 0.014
4683.86637 17.425 0.018
4685.84909 17.284 0.019
4688.80035 17.287 0.016
4689.75812 17.402 0.016
4690.72576 17.342 0.015
4691.72877 17.241 0.019
4693.88388 17.186 0.018
4696.83374 17.210 0.021
4698.74560 17.400 0.016
4700.77702 17.336 0.016
4701.78220 17.372 0.017
4702.84229 17.269 0.017
4703.74154 17.345 0.017
4704.76040 17.389 0.015
4705.76761 17.248 0.017
4707.75974 17.364 0.013
4708.82846 17.262 0.014
4710.74438 17.361 0.015
4716.74604 17.248 0.014
4719.73817 17.217 0.017
4721.72686 17.431 0.022
4725.71432 17.119 0.015
4728.74239 17.143 0.015
4731.74791 17.170 0.013
4734.73061 17.169 0.013
4741.69677 17.413 0.015
4747.57413 17.360 0.017
4749.58268 17.198 0.019
4753.65198 17.409 0.020
4755.64073 17.280 0.015
4757.63027 17.162 0.015
4759.64290 17.401 0.018
4761.60813 17.342 0.013
4763.62570 17.176 0.017
4766.59361 17.157 0.018
4769.63198 17.222 0.018
4771.67693 17.270 0.015
4773.66814 17.384 0.018
4777.58668 17.346 0.018
4779.60720 17.383 0.018
4781.57408 17.232 0.016
4783.55598 17.274 0.022
4785.58858 17.389 0.021
4786.64585 17.181 0.019
4788.60398 17.377 0.017
4790.60627 17.336 0.013
4792.58440 17.204 0.015
4794.56484 17.376 0.015
4796.63484 17.385 0.017
4798.58155 17.262 0.019
4800.62871 17.186 0.016
4802.60620 17.374 0.018
4804.62938 17.284 0.025
4806.61530 17.177 0.017
4808.53676 17.406 0.020
4810.60204 17.346 0.019
4813.58734 17.378 0.021
4815.55956 17.131 0.017
4817.58001 17.404 0.016
4819.57394 17.374 0.020
4821.65762 17.233 0.014
4824.56204 17.222 0.019
4826.61180 17.259 0.017
4832.57925 17.221 0.017
4834.60419 17.388 0.022
4837.59546 17.399 0.026
4841.57168 17.162 0.019
4843.56597 17.383 0.025
4846.57075 17.367 0.018
4848.61131 17.382 0.017
4850.59863 17.265 0.019
4854.57984 17.394 0.021
4866.56273 17.380 0.022
