0.003308733082121762 19.019 0.079
0.007049423848911829 18.924 0.043
0.0096503879476586 18.927 0.064
0.009922726158038131 19.005 0.039
0.010752176072855946 18.879 0.053
0.010775663313324912 18.954 0.071
0.010858324836590327 18.898 0.062
0.013051666010142071 18.996 0.055
0.014682617984362878 19.09 0.085
0.015112185229554598 18.933 0.062
0.015495564235607162 18.703 0.093
0.01697122339919588 18.97 0.091
0.018207851636361738 18.902 0.058
0.019311060133077262 19.01 0.059
0.01966423871454026 18.874 0.039
0.020482954087128746 18.957 0.098
0.022261180387431523 19.054 0.065
0.025525167333398713 18.98 0.049
0.02656059596029081 18.948 0.043
0.027142616344008275 19.084 0.062
0.029054627187178994 18.871 0.057
0.02962037939050788 19.08 0.045
0.03077897843104438 19.017 0.044
0.032151712897757534 19.094 0.068
0.032477663249665056 19.037 0.073
0.03423978346381773 18.959 0.064
0.037911584997345926 19.107 0.088
0.04167911852846373 19.106 0.075
0.04466752467214974 19.127 0.086
0.04473814848915936 18.994 0.045
0.047067766533018585 18.999 0.066
0.04715942908205761 18.954 0.052
0.04731001938762347 19.108 0.065
0.04795168822238338 19.024 0.076
0.04912239728764689 18.971 0.061
0.049618870520134806 18.949 0.059
0.05127532148253522 19.089 0.082
0.056684498779304704 19.052 0.09
0.057490182151923364 19.11 0.062
0.057748424955207156 19.013 0.044
0.058227255592100846 19.004 0.065
0.05848992053233815 19.053 0.067
0.058758829832186166 19.188 0.083
0.05990628713698243 19.177 0.062
0.0630656254902533 18.972 0.041
0.06306981107763932 19.092 0.057
0.06368858084169915 19.296 0.07
0.06417436548781552 19.073 0.083
0.06770290764143283 19.0 0.055
0.06784240537308506 19.162 0.065
0.06920094361066731 18.96 0.057
0.06973772516539611 19.016 0.069
0.07005873539219465 19.049 0.089
0.07383807007954601 18.993 0.085
0.0745822891917669 18.989 0.072
0.07537647921071766 19.134 0.074
0.07771028284241766 19.22 0.068
0.0779120453289579 19.181 0.068
0.07851967977057939 19.004 0.06
0.07969686760770855 19.082 0.062
0.08018532662754296 18.962 0.078
0.08194413620458363 19.044 0.063
0.0838225921661433 19.131 0.072
0.08454183134745108 19.011 0.085
0.08509372469279697 19.025 0.062
0.08595569885528676 19.025 0.051
0.08615722051854391 18.974 0.057
0.08706545951190492 19.203 0.051
0.08843906679248903 18.939 0.064
0.08854975489975914 18.96 0.059
0.08910516906871635 19.092 0.054
0.09114101829572974 19.061 0.058
0.09465364602419868 19.202 0.082
0.0958995193195733 18.855 0.041
0.09608252557336527 19.042 0.063
0.09692125331912393 19.232 0.088
0.09900008096610691 19.055 0.05
0.09953796654099278 19.177 0.132
0.09978243919249508 19.168 0.073
0.10021572212917818 18.966 0.05
0.1003419940616368 18.91 0.078
0.10045173596790846 19.01 0.067
0.1024271066798974 19.085 0.053
0.10462199291123397 19.061 0.062
0.1048644823158611 19.103 0.11
0.10486776658854069 19.103 0.062
0.1053068001228894 19.083 0.055
0.10692807562190865 19.059 0.055
0.1114757529248891 19.029 0.046
0.11179063920553745 19.017 0.056
0.1132183370709754 19.098 0.08
0.11443518841770128 19.072 0.091
0.11547622407215385 19.085 0.064
0.11558802047511563 19.163 0.075
0.11651236128091114 19.045 0.052
0.11707527274211316 19.2 0.093
0.12459356468207261 19.127 0.045
0.12828068712587992 19.09 0.078
0.13010919961197942 19.103 0.062
0.13163644278301945 19.082 0.073
0.13211338208566303 19.288 0.078
0.1340005651163665 19.195 0.06
0.13552797358624957 19.291 0.07
0.1366763802998321 19.044 0.055
0.13728396985334257 19.144 0.063
0.1380821548655149 19.104 0.065
0.13865497828555817 19.187 0.069
0.13919258349051233 19.113 0.052
0.1485129448647058 19.137 0.071
0.14916823280145763 19.029 0.067
0.1511601705879002 19.125 0.071
0.1522161285074617 19.124 0.084
0.15252699236316403 19.123 0.064
0.15420132140206988 19.037 0.063
0.1582337386025756 19.147 0.068
0.158713634785272 19.27 0.066
0.15906298046684242 19.086 0.041
0.1618572635588862 19.1 0.059
0.1619713356903958 19.13 0.11
0.16314686660734878 19.203 0.073
0.1661346845794469 19.092 0.091
0.16796174926412277 19.178 0.085
0.16838961256326002 19.097 0.044
0.1685948060994633 19.051 0.063
0.17123694278416224 19.111 0.052
0.17153324347418675 19.094 0.077
0.17773495279925555 19.135 0.042
0.1777769554500992 19.071 0.074
0.17857131183700403 19.232 0.087
0.17987371247227202 19.114 0.058
0.18233442429936986 19.082 0.075
0.1826644693965136 19.122 0.069
0.18526504803230637 19.035 0.053
0.18547642358225858 19.127 0.057
0.18914748589622832 19.124 0.078
0.18959462234852253 19.217 0.083
0.190206203688831 19.361 0.081
0.19051323998974112 19.074 0.063
0.19128146112507238 19.179 0.051
0.19236619909952424 19.25 0.061
0.1933077136745851 19.185 0.073
0.193680518097608 19.142 0.068
0.19421559249894926 19.144 0.067
0.19436374498172881 19.154 0.08
0.19652176925956155 19.177 0.058
0.19688691429564642 19.115 0.068
0.1991748364216619 19.053 0.065
0.1999651254973287 19.135 0.057
0.20164510645008704 19.099 0.047
0.20311128507364629 19.029 0.056
0.2074718856056279 19.082 0.088
0.21278790125234082 19.051 0.078
0.2131277389639763 19.113 0.058
0.2157509288199435 19.204 0.096
0.21709816964084894 19.194 0.051
0.21837296763078484 19.025 0.07
0.2194345774641988 18.972 0.063
0.21976277184057835 19.105 0.062
0.22134164924955257 19.058 0.083
0.2238725117931608 19.019 0.066
0.22480151021773054 19.167 0.106
0.22617871705188008 19.17 0.066
0.22771121349296664 19.152 0.068
0.22876693058788078 19.255 0.098
0.23114233608794166 19.15 0.044
0.23231952392507083 19.137 0.081
0.23513909474786487 19.047 0.071
0.23654401609292108 19.148 0.075
0.23919234797449462 19.142 0.083
0.23921512770039044 19.091 0.047
0.23937578671484516 19.133 0.058
0.23957956094909605 19.194 0.065
0.24108473831802257 19.05 0.062
0.2417673410518546 18.956 0.068
0.24224423546729668 19.026 0.082
0.2426910926187702 19.199 0.107
0.24378375930518814 19.192 0.059
0.24392303153217654 19.086 0.069
0.2459208567142923 18.987 0.065
0.2464093627577313 19.272 0.073
0.24642329179914668 19.039 0.066
0.2466529187768174 19.05 0.066
0.24669575042116776 19.106 0.082
0.2470892758001355 19.132 0.058
0.24756822578092397 19.263 0.068
0.2476801372540649 19.126 0.049
0.24969544507439423 19.07 0.061
0.2506836626689619 19.216 0.099
0.25127062210958684 19.132 0.08
0.2521245086736599 19.079 0.062
0.25447247896408953 19.101 0.068
0.2551997651316924 18.966 0.044
0.256015594875862 19.169 0.095
0.26106002684991836 19.11 0.063
0.2617372897448149 19.173 0.059
0.26240244582049854 19.216 0.094
0.2627596161892143 19.221 0.082
0.2633987959025035 19.163 0.083
0.2651840496000659 18.963 0.069
0.26547055660648766 19.126 0.068
0.2663128764274916 19.007 0.104
0.2679043533494223 19.17 0.045
0.268105476367964 19.147 0.055
0.27327483863336965 19.178 0.07
0.27420842342780816 19.067 0.059
0.27609433606858147 19.192 0.114
0.2761497957262691 19.148 0.048
0.27920137434921344 19.217 0.065
0.28095315546033817 19.111 0.08
0.2829079584039391 19.075 0.068
0.28340273303365393 19.217 0.103
0.2865300640573878 19.256 0.095
0.28674270999817963 19.051 0.049
0.2883088817325188 19.214 0.079
0.2891024091250074 19.186 0.082
0.28954985551536083 19.055 0.05
0.29522583952166315 19.035 0.062
0.29944701570912 19.192 0.062
0.29986896738591895 19.067 0.047
0.300247020804818 19.117 0.053
0.3024454257229081 19.173 0.071
0.30322039175007376 19.09 0.086
0.30333561599672976 19.063 0.062
0.3039783482399798 19.16 0.101
0.3044584097215193 19.204 0.08
0.30531789583164937 19.194 0.077
0.30580805665886146 19.069 0.095
0.3076282856090984 19.149 0.056
0.30798837331258255 19.078 0.062
0.31140943931131915 19.23 0.106
0.3173079812177093 19.059 0.072
0.3174342991051162 19.124 0.063
0.31764091087461566 19.061 0.063
0.3185262978222454 18.983 0.07
0.3185906487806278 19.041 0.062
0.31882105559179763 19.181 0.095
0.3189496249824515 19.144 0.084
0.31997593893993326 19.14 0.059
0.3203417519453069 19.13 0.084
0.3204790409254201 19.178 0.047
0.32345917208022 19.127 0.072
0.3242777232217122 19.137 0.05
0.3243665810100538 19.12 0.052
0.3247533604298951 19.213 0.104
0.3266234024649748 19.23 0.11
0.3271215764380031 19.024 0.06
0.3287821659632755 19.067 0.055
0.32937480688724463 19.252 0.092
0.3301065558061964 18.871 0.062
0.3318028323719773 19.23 0.072
0.33183311045968367 19.177 0.044
0.3330583308443238 19.047 0.071
0.33352011346778454 19.096 0.065
0.33656391122349305 19.126 0.085
0.3370913711269168 19.138 0.092
0.33716305407870095 19.105 0.048
0.3388603666198833 19.186 0.07
0.34063239772240195 19.076 0.08
0.3413268803419669 19.164 0.061
0.34134175772032904 18.977 0.083
0.3420435897887728 19.201 0.077
0.3440931304357946 19.164 0.067
0.34610145681563154 19.252 0.096
0.34643822150928827 19.078 0.078
0.3474279317933906 19.127 0.062
0.3477219799115119 19.16 0.071
0.34792223439035297 19.152 0.046
0.3486563520191339 19.19 0.061
0.34999621275437676 19.291 0.104
0.3523099580570488 19.143 0.073
0.3538970577292275 19.193 0.056
0.3559197894537647 19.15 0.048
0.3561265654552699 19.033 0.069
0.3588119641344747 19.155 0.072
0.3617021523632502 19.215 0.09
0.36293492133972904 19.105 0.063
0.3642552417331899 19.357 0.068
0.36627908389164077 19.093 0.078
0.3694656583102187 19.25 0.05
0.37314741455156764 19.213 0.079
0.37487464501373324 19.266 0.095
0.37684060964238597 19.209 0.054
0.3818186821172276 18.979 0.108
0.38455646530019294 19.106 0.076
0.3858674693874491 19.112 0.079
0.3861816941098368 19.209 0.076
0.3872679258433891 19.18 0.066
0.387327099056165 19.433 0.174
0.3904545034674811 19.262 0.095
0.3906139337741479 19.379 0.098
0.3925777441554601 19.112 0.045
0.3993289079353417 19.231 0.085
0.4010564526101916 19.326 0.07
0.40172377825183503 19.247 0.066
0.40410873767905287 19.208 0.078
0.40521020268442953 19.237 0.072
0.40883045654845773 19.073 0.089
0.40950010494361777 19.336 0.075
0.40958146544016927 19.082 0.06
0.4126559816095323 19.275 0.108
0.41432047635271374 19.145 0.07
0.4145541214829791 19.203 0.08
0.4161779320579626 19.219 0.085
0.4195998566201524 19.233 0.069
0.4261340267776177 19.241 0.1
0.4263598657444163 19.206 0.045
0.42643711190248723 19.149 0.078
0.42666690204441693 18.948 0.067
0.42739375465680496 19.222 0.06
0.42769040910388867 19.05 0.052
0.42902371447416954 19.122 0.044
0.4299534727797436 19.237 0.076
0.42998196926055243 19.115 0.079
0.43027507224633155 19.205 0.069
0.43050062977545167 19.25 0.083
0.4312089712529996 19.16 0.05
0.43350696850029635 19.231 0.058
0.43352666772898374 19.12 0.047
0.4335734003170728 19.191 0.044
0.43374480028523976 19.187 0.113
0.4338244272657903 19.192 0.075
0.43403470770317654 19.048 0.061
0.43418964462125587 19.174 0.062
0.43680222034890903 19.27 0.075
0.4417925670800287 19.069 0.075
0.4420805340023435 19.277 0.049
0.4448550708384573 19.191 0.06
0.44687713673192775 19.303 0.068
0.4511357017699993 19.002 0.06
0.45309022434412327 19.227 0.079
0.4534619172654857 19.104 0.075
0.4562212186920078 19.154 0.067
0.4569178751526124 19.183 0.13
0.45827798267418984 19.129 0.095
0.45864837456883834 19.073 0.095
0.4589940558580565 19.189 0.095
0.4612988133148974 19.098 0.077
0.4613163672038354 19.245 0.062
0.46667379412429 19.063 0.062
0.4682497869735016 18.88 0.062
0.4692132162999769 19.038 0.045
0.4707193890317285 19.052 0.091
0.47309843256243767 19.125 0.049
0.4765272213599019 18.906 0.075
0.47705042015059007 19.108 0.062
0.4773160900640505 19.208 0.082
0.4806255117773617 19.138 0.09
0.4852749520450743 19.049 0.044
0.48766911057282414 18.865 0.059
0.4888675658548891 18.947 0.063
0.4896713589623687 19.095 0.078
0.4909564664849313 18.954 0.061
0.4912342902425735 19.185 0.078
0.49271511289953196 19.189 0.057
0.49284324980271776 19.069 0.051
0.4944592335550624 19.148 0.084
0.495105441733358 18.861 0.077
0.4952067643716873 18.871 0.038
0.49780616346151874 18.941 0.074
0.4984960290748859 19.231 0.053
0.4999031495544841 19.171 0.062
0.5010424775782667 19.166 0.069
0.5014797786661802 19.222 0.094
0.503973887554821 18.869 0.04
0.5076732119355256 18.952 0.045
0.5084148981077306 19.179 0.091
0.509682008209893 18.982 0.052
0.5110047411326377 19.055 0.063
0.5143047688752631 18.958 0.036
0.5143619620484969 18.979 0.055
0.5148030960353935 18.939 0.077
0.516829465790579 19.041 0.068
0.5170976590270584 18.984 0.055
0.5174875463762874 19.103 0.07
0.5211200370877123 18.873 0.065
0.522325483786517 18.974 0.087
0.5237205697667378 19.096 0.117
0.5252355397497013 18.919 0.07
0.5258941393913119 19.127 0.081
0.5263725439526752 19.059 0.079
0.533510684157136 18.908 0.069
0.5344525503514888 18.931 0.044
0.5348891449943949 18.802 0.053
0.5351568234482329 19.002 0.082
0.5355096878174663 19.051 0.065
0.5366542669744376 18.872 0.044
0.5371388229132208 18.821 0.049
0.5376872086171716 18.941 0.076
0.5378915314763617 18.843 0.046
0.5382539091588114 18.855 0.056
0.5397862117988552 18.829 0.074
0.5411507371845801 18.864 0.06
0.5416870873186781 18.74 0.032
0.5418872684103917 18.741 0.052
0.5448090072532068 18.908 0.048
0.5456851185062987 18.634 0.054
0.5457339372978822 18.753 0.053
0.5513761441220595 18.743 0.037
0.5534251240314916 18.906 0.045
0.5537828889810044 18.788 0.064
0.5542436028536031 18.896 0.065
0.554409750619925 18.964 0.055
0.5577088310938052 18.77 0.043
0.5592877993462935 18.799 0.043
0.5607126390141275 18.699 0.035
0.5618787353478183 18.736 0.033
0.5698634938926261 18.913 0.071
0.5710131567457211 18.68 0.041
0.574028456952874 18.765 0.036
0.5742049887089706 18.867 0.043
0.574273434411225 18.863 0.066
0.5746796326902768 18.657 0.045
0.5758601343695773 18.786 0.038
0.5779222645542177 18.613 0.03
0.5789032937254888 18.703 0.042
0.5863216680781989 18.662 0.038
0.5871581902783873 18.69 0.046
0.5908129812050902 18.649 0.047
0.5915142493286112 18.68 0.042
0.5960227625864718 18.841 0.043
0.5985040037066938 18.722 0.054
0.5997725331117181 18.806 0.033
0.6044419091585951 18.918 0.078
0.6053603230247973 18.745 0.051
0.6059457000010298 18.68 0.039
0.6062164984978153 18.717 0.062
0.6073126389828758 18.643 0.039
0.6081831036644871 18.676 0.036
0.6087940957668252 18.743 0.034
0.6096336931213955 18.714 0.053
0.6100328244583579 18.757 0.074
0.6103861662013514 18.841 0.043
0.6128779819064221 18.91 0.08
0.6130736610593885 18.725 0.049
0.6138706237757106 18.778 0.045
0.614514254126334 18.702 0.034
0.616149702695111 18.781 0.048
0.616861044871257 18.81 0.053
0.6186150721423473 18.718 0.051
0.6203337704027945 18.805 0.06
0.6224508148252426 18.918 0.078
0.6233467029687745 18.721 0.061
0.6269375426509214 18.778 0.073
0.6273638715783818 18.816 0.057
0.6329187581918632 18.706 0.045
0.6369318573515557 18.758 0.04
0.6375261060366029 18.764 0.047
0.6377056855144474 18.811 0.066
0.6384558643421769 18.745 0.05
0.6398614942690983 18.749 0.054
0.6399426905331893 18.735 0.06
0.6423267005538946 18.864 0.063
0.6447926196933622 18.692 0.043
0.6452547998933369 18.618 0.051
0.6468322547943899 18.821 0.054
0.6474191704164696 18.8 0.029
0.6478676855585945 18.721 0.046
0.6488718471455286 18.798 0.071
0.649617176690299 18.707 0.041
0.6498076823736483 18.734 0.06
0.6529157402446799 18.709 0.05
0.6543783684746813 18.812 0.042
0.6552022911619133 18.711 0.056
0.6557893239905752 18.778 0.038
0.6571505376714413 18.829 0.04
0.6575100746122189 18.862 0.046
0.6582467241123595 18.717 0.047
0.6612832896271357 18.828 0.045
0.6626216117160766 18.786 0.056
0.6661818206212047 18.814 0.061
0.6672328067088529 18.663 0.049
0.6675542034681712 18.921 0.047
0.6691290563157963 18.731 0.037
0.6694771447891981 18.86 0.05
0.6724070171885614 18.711 0.058
0.6725040085329965 18.688 0.06
0.6747705502834833 18.836 0.035
0.678624200611921 18.817 0.063
0.679857886220816 18.744 0.044
0.6817427322484946 18.682 0.05
0.6824266360090405 18.739 0.028
0.6828135347714124 18.881 0.057
0.6850238601882666 18.847 0.062
0.6876811873944462 18.844 0.048
0.6899097457144308 18.868 0.063
0.6907302330782841 18.861 0.074
0.6926388477841101 18.816 0.06
0.6947525772939116 18.772 0.049
0.6974917095976707 18.893 0.045
0.6992959079857428 18.803 0.049
0.7004759354963426 18.776 0.047
0.7013641610474224 18.734 0.064
0.703290695511896 18.807 0.044
0.704068783718867 18.818 0.052
0.7083848212287194 18.808 0.069
0.7112083891825023 18.786 0.058
0.7113979454588844 18.839 0.039
0.7126646569158765 18.848 0.062
0.713388390554428 18.752 0.058
0.71416352081269 18.733 0.056
0.7172984684730181 18.802 0.075
0.7191070113367459 18.83 0.066
0.7198852627061569 18.802 0.043
0.7218227757430213 18.782 0.046
0.7254832438784433 18.892 0.069
0.7259069675455976 18.843 0.056
0.7270169668890958 18.886 0.05
0.727620577837115 18.832 0.038
0.7277238847909757 18.809 0.063
0.7292485280440815 18.863 0.055
0.7300472616816478 18.77 0.05
0.7319440741639482 18.777 0.073
0.7324356225890369 18.808 0.047
0.7329697101758939 18.759 0.057
0.7332281172093644 19.07 0.094
0.7371647553873117 18.781 0.042
0.7411991373101046 18.88 0.041
0.7427471922801487 18.81 0.057
0.7446523267744851 18.833 0.045
0.7454157720167132 18.79 0.082
0.7464940333566119 18.775 0.065
0.7503065264172619 18.843 0.066
0.7519673973802128 18.82 0.049
0.7554994154688757 18.887 0.045
0.7574071267235922 18.764 0.067
0.7579219596818803 19.083 0.081
0.7579225489207602 18.952 0.041
0.7586855231984373 18.951 0.081
0.7590506660972096 18.818 0.061
0.7598581225292946 18.772 0.052
0.7601001879947944 18.872 0.056
0.7611260637636406 18.849 0.049
0.7627889443356253 18.928 0.05
0.7637060682181982 18.914 0.052
0.7660246692148576 18.93 0.08
0.7695185581660553 18.937 0.062
0.7715031618217836 18.907 0.052
0.7732825730108743 18.859 0.096
0.7758084177667115 18.879 0.05
0.7773193674611321 18.819 0.057
0.7775025653781995 18.823 0.046
0.7775437401014642 18.85 0.062
0.7783234118423934 18.981 0.084
0.7796486306801853 18.867 0.059
0.781190987780974 18.863 0.046
0.7827643051869018 19.004 0.058
0.7872925176752688 18.901 0.074
0.7873696159895189 18.927 0.079
0.7877088623245072 18.754 0.078
0.7883323673713676 18.867 0.049
0.7891605173272183 18.786 0.063
0.7904026300429905 18.823 0.046
0.7925415069216797 18.958 0.078
0.793245894019492 18.921 0.054
0.79616732078739 18.801 0.061
0.7971695012647615 18.825 0.049
0.7976092597682509 18.81 0.038
0.7988248111569192 18.936 0.078
0.7989809767823317 18.855 0.044
0.7997870181861799 18.851 0.045
0.8016263111703665 18.874 0.069
0.8018063156578137 18.875 0.044
0.8063869849675029 18.942 0.058
0.8070659222385075 18.925 0.074
0.8085668417006673 18.827 0.062
0.8087741203717087 18.928 0.046
0.8123282523556554 18.843 0.041
0.8127260826649945 18.894 0.059
0.8130281471330818 18.873 0.061
0.8156713493626739 18.927 0.062
0.8166484337716611 18.878 0.057
0.8191951637127204 18.967 0.063
0.8209284294152894 18.848 0.042
0.824623089763918 18.737 0.063
0.8262163012695964 18.875 0.043
0.8267473072901339 18.887 0.034
0.827757239066159 18.918 0.071
0.8284408635272484 18.951 0.04
0.829348435619977 18.913 0.068
0.8294285389069955 18.828 0.041
0.8297909165894453 19.01 0.092
0.8304239296057858 18.895 0.073
0.8310022791847587 19.097 0.111
0.8329297235122795 19.004 0.061
0.8332082284200624 18.875 0.067
0.8335567483127306 18.916 0.076
0.8351336097011881 18.959 0.067
0.8355581655696369 18.833 0.055
0.8377963950224512 18.94 0.057
0.837826390603368 18.896 0.064
0.8417743283353047 18.909 0.04
0.8427718173497851 18.844 0.032
0.8433556588861393 18.92 0.057
0.8435129602394227 18.868 0.052
0.8435622246988714 18.945 0.066
0.8466090997480933 18.835 0.055
0.8468288617923463 18.867 0.065
0.8481819429862298 19.04 0.077
0.8482302591073676 18.911 0.054
0.8486385884771153 18.894 0.037
0.8488306317376555 18.858 0.043
0.8499054192789117 18.904 0.048
0.8505804064452605 18.945 0.056
0.8521373331223003 19.11 0.098
0.8526197611763564 18.857 0.058
0.8548986495015924 18.928 0.046
0.8574905733867126 18.893 0.041
0.8589366673186305 18.773 0.044
0.8605291200110514 18.898 0.048
0.860572737899929 18.833 0.07
0.863482715131795 18.827 0.051
0.8635791151000376 18.884 0.05
0.8637820175890738 18.949 0.045
0.864121143511511 18.841 0.038
0.8650930206076737 18.857 0.045
0.8691587440262083 18.918 0.05
0.8765963006890161 18.923 0.042
0.8777031044655814 18.903 0.058
0.8785342113014849 18.881 0.047
0.8814017434206107 19.013 0.063
0.8828512267182305 19.022 0.045
0.8839348970113861 19.059 0.076
0.8850795944435959 18.968 0.049
0.8886663636076264 18.884 0.053
0.8892409600857718 18.908 0.041
0.8893137566756195 18.98 0.069
0.8895837578829742 18.907 0.052
0.8904409265819595 18.877 0.048
0.8907297969553838 18.971 0.05
0.8910171461393475 18.895 0.045
0.8910232569037362 18.932 0.065
0.8917495170717302 18.946 0.047
0.8922038276978128 18.863 0.049
0.8955380059715026 18.934 0.063
0.8966997984434784 18.954 0.037
0.8967575085343924 19.036 0.079
0.9040193635055402 18.835 0.06
0.9046171768313798 18.936 0.078
0.9063266770608607 19.091 0.061
0.9066982078884394 18.879 0.052
0.9089823494832672 18.908 0.052
0.9092548497874304 18.953 0.051
0.9095540735143004 18.908 0.065
0.909953395445882 18.848 0.043
0.9123305487109974 18.996 0.069
0.914102651063331 18.865 0.058
0.9141045160349677 18.934 0.061
0.9154175614366977 18.932 0.065
0.9155451080332568 18.961 0.056
0.9156485749426793 18.885 0.049
0.9197202580771773 18.979 0.057
0.9221742599247591 18.965 0.063
0.9229589419728654 19.037 0.052
0.9234861653249027 18.98 0.062
0.9243354327436464 18.94 0.049
0.9302570742911485 18.927 0.066
0.9321002001743182 18.946 0.054
0.9322806766931535 19.027 0.059
0.9365413268651537 19.243 0.087
0.9379843741417062 18.976 0.062
0.9394664703936542 18.929 0.046
0.9394812305658888 18.954 0.04
0.9400631722191974 19.005 0.042
0.9429712460041628 19.008 0.051
0.943317090455821 19.037 0.078
0.9447897008258224 18.994 0.068
0.9460360472230605 18.959 0.08
0.9497355589910512 18.971 0.045
0.9500860172438479 18.96 0.054
0.9531752935854456 18.995 0.052
0.9542478296234549 18.918 0.039
0.9543682601151886 18.906 0.041
0.9554859965078322 19.035 0.087
0.9565802403167254 18.994 0.083
0.9570552872164626 18.996 0.068
0.9570723373662986 18.969 0.056
0.9574304560746896 19.068 0.066
0.9585479516408668 19.073 0.042
0.9617819757804682 19.232 0.05
0.9638759654499154 19.033 0.076
0.9649076509522274 19.039 0.063
0.965067558633109 18.989 0.058
0.9659962492578416 18.995 0.085
0.9682328951766976 18.988 0.06
0.9704053707564526 19.13 0.081
0.9714979465989018 18.934 0.034
0.9719512803858379 18.985 0.048
0.9720489845867633 19.115 0.07
0.9729316052489594 19.13 0.084
0.9733466018469699 19.029 0.082
0.9758528667171049 19.024 0.057
0.9798463126035131 18.881 0.05
0.9806154820780648 18.911 0.045
0.9836560393787295 18.958 0.062
0.9871708167229372 18.936 0.079
0.9887418420144058 18.953 0.036
0.9904052854617476 18.902 0.05
0.9915249844389109 18.92 0.073
0.9928588843904436 18.912 0.051
0.9934995578632879 19.042 0.066
0.994012375868806 19.365 0.09
0.9951544252908207 18.95 0.058
0.9956996186328979 18.987 0.068
0.9972733325466834 19.031 0.045
0.9977525956719546 19.02 0.081
