7.057241600705311e-05 19.167 0.092
0.000965331476436404 19.044 0.065
0.001340871500360663 19.175 0.083
0.0021328209095372586 19.321 0.131
0.0022078476577007677 19.092 0.078
0.003492337285024405 19.123 0.089
0.0034943975315400166 19.071 0.073
0.004451261127542239 19.021 0.071
0.005285093531711027 19.167 0.071
0.005375039942009607 19.153 0.068
0.006220339986612089 19.08 0.113
0.006227317988305003 19.207 0.067
0.006385239349583571 19.223 0.108
0.006585878099031106 19.5 0.136
0.0074710212102218065 19.244 0.083
0.008588368486925901 19.196 0.093
0.008795233963610372 19.129 0.061
0.008822481484457967 19.03 0.08
0.009106758790949243 19.173 0.118
0.009121922157646623 19.098 0.082
0.009603539280760742 19.046 0.054
0.011375217436579987 19.108 0.062
0.012957360679138219 19.021 0.059
0.015115850768779637 19.049 0.063
0.015338296730988077 19.152 0.087
0.01564131868963159 19.215 0.066
0.019736172080229153 19.114 0.111
0.020162417295068735 19.217 0.1
0.02042058598726726 19.158 0.053
0.020422175482963212 19.197 0.088
0.02187750685152423 19.235 0.081
0.02266677400257322 19.06 0.08
0.023230024902659352 19.19 0.07
0.02453199467890954 19.057 0.07
0.024961235987575492 19.055 0.066
0.025438527884034556 19.277 0.072
0.026305635137759964 19.194 0.055
0.027414324465098616 19.138 0.081
0.02930100903267885 19.071 0.06
0.029662382498827355 19.188 0.084
0.030772934513151995 19.101 0.073
0.03127002700693993 19.09 0.055
0.03200635530447471 19.221 0.079
0.03280730415190192 19.109 0.056
0.03320628519213642 19.28 0.066
0.0335447861780267 19.079 0.051
0.03475823096414388 19.105 0.055
0.03592018230483518 19.196 0.087
0.03684881623303227 19.142 0.085
0.03698237722801423 19.117 0.083
0.037171651782045956 19.158 0.073
0.03767088748372771 19.206 0.068
0.037988099986250745 19.073 0.063
0.03850824586697854 19.396 0.094
0.038996497671178076 19.144 0.072
0.0391069536390205 19.265 0.092
0.040260540541567025 19.168 0.091
0.04125920217757084 19.123 0.068
0.04142161500931252 19.123 0.059
0.041675704011140624 19.064 0.045
0.04181742821674561 19.078 0.087
0.0419295936171693 19.075 0.077
0.042443429649210884 19.225 0.053
0.04279849342856323 19.126 0.069
0.043426084357633954 19.278 0.105
0.04364222796357353 19.216 0.064
0.043924284437707684 19.172 0.062
0.044409049075511575 19.349 0.081
0.045138726035474974 19.18 0.085
0.04530307901768538 19.094 0.08
0.045390699480776675 19.179 0.055
0.045403187919873744 19.051 0.1
0.04561109268615837 19.147 0.048
0.04676721975374676 19.301 0.131
0.04723761111108615 19.077 0.08
0.04729443408905354 19.123 0.068
0.04817212844682217 19.228 0.091
0.049073180698542274 19.386 0.102
0.04937831454844854 19.175 0.076
0.05194090832446818 19.182 0.065
0.05210011451072205 19.117 0.07
0.05328730675682891 19.262 0.082
0.054347853210856556 19.175 0.077
0.054402427704189904 19.085 0.053
0.05463883532866021 19.281 0.095
0.05507132009915949 19.148 0.082
0.056411242601825506 19.113 0.088
0.05661822068759648 19.114 0.043
0.05823664969739184 19.24 0.081
0.059373836385020695 19.144 0.065
0.059685172973331646 19.247 0.096
0.06343582470981346 19.217 0.048
0.0640552672521153 19.203 0.094
0.06460139981390967 19.073 0.078
0.06534000791452854 19.172 0.071
0.06684577128544333 19.343 0.113
0.0670122361570975 19.193 0.108
0.06726581376005925 19.08 0.065
0.06795228974988277 19.192 0.074
0.06943045295520278 19.15 0.054
0.07302760833590582 19.164 0.09
0.07374987535513355 19.154 0.064
0.07537428555406223 19.228 0.046
0.07538436492541223 19.079 0.08
0.07563988833680924 19.207 0.057
0.0767292588170676 19.267 0.085
0.07689531940013694 19.245 0.129
0.0775905344671628 19.252 0.078
0.07773340690255282 19.256 0.09
0.07850350479202461 19.114 0.058
0.07860831189100281 19.188 0.067
0.08050893779909529 19.125 0.087
0.08232183429936413 19.36 0.134
0.08272872002089571 19.133 0.087
0.08281916117266519 19.222 0.081
0.08292150756460615 19.102 0.071
0.08388078206007776 19.167 0.07
0.08581209101248533 19.23 0.062
0.08653783037516405 19.214 0.07
0.0865708855108096 19.154 0.049
0.08699245651587262 19.409 0.159
0.08725549881273764 19.197 0.073
0.08748803713569941 19.261 0.058
0.0881493663382571 19.362 0.101
0.08844294026130228 19.289 0.059
0.08918629087020236 19.152 0.052
0.09028580718404555 19.09 0.061
0.0909400992513838 19.151 0.07
0.09101593274226616 19.27 0.046
0.09122025805299927 19.193 0.067
0.09176929259047029 19.109 0.077
0.09205416242002684 19.156 0.088
0.09233045192377176 19.149 0.05
0.0923892815153522 19.196 0.055
0.09251227955610375 19.091 0.063
0.09433526092652755 19.047 0.086
0.09496381734788883 19.377 0.069
0.0950765606121422 19.192 0.083
0.09512639809599932 19.242 0.067
0.09557339274397236 19.193 0.062
0.09573911367260735 19.248 0.083
0.09749943679526041 19.065 0.085
0.09852045951629407 19.191 0.064
0.09961801352801558 19.218 0.085
0.09966113337031857 19.166 0.061
0.09981910087481083 19.149 0.063
0.10213171315626823 19.099 0.068
0.10255266015701636 19.248 0.064
0.10458932442452351 19.296 0.073
0.10763312553899596 19.09 0.106
0.10820661272919097 19.262 0.079
0.1085302623505413 19.237 0.097
0.10930067957087886 19.083 0.058
0.11123224139191734 19.126 0.064
0.11251043599258992 19.192 0.076
0.11351264759650803 19.159 0.067
0.11370928045107576 19.202 0.08
0.11554757844078267 19.037 0.069
0.11817059863551549 19.23 0.076
0.11826435537295765 19.15 0.068
0.1183553060873237 19.198 0.084
0.12025492769134871 19.203 0.079
0.120895994707098 19.221 0.057
0.12389471550795861 19.188 0.094
0.12496751602157019 19.085 0.052
0.12795355082016613 19.177 0.055
0.12796031476500502 19.209 0.086
0.128601250684369 19.17 0.081
0.12929987912502838 19.169 0.068
0.12974257253154065 19.297 0.083
0.12977535447498667 19.099 0.064
0.13031838566712395 19.02 0.103
0.13092128956486704 19.2 0.05
0.1325164308109379 19.241 0.075
0.1325766744903376 19.192 0.057
0.13308640684226702 19.259 0.075
0.13346998814358813 19.175 0.085
0.13368128412548685 19.251 0.057
0.13601577741428628 19.167 0.051
0.13621758654971927 19.359 0.115
0.1370513949641463 19.139 0.053
0.13832393520169717 19.178 0.122
0.13853528282743355 19.252 0.057
0.1391091816331027 19.219 0.077
0.1391199588051677 19.152 0.054
0.13929411613389675 19.163 0.052
0.1398727113064524 19.268 0.073
0.14151731906167697 19.107 0.086
0.14265249913478328 19.228 0.081
0.1440986261713988 19.268 0.093
0.14525626511203882 19.073 0.069
0.14764853587621474 19.172 0.075
0.1478088884596218 19.244 0.099
0.15026827745987248 19.313 0.118
0.15101884977411828 19.274 0.075
0.15214338927034987 19.234 0.092
0.15276738409193058 19.31 0.071
0.1532934262068011 19.421 0.075
0.15390754838244902 19.126 0.077
0.15394646476852358 19.439 0.144
0.15527974342694506 19.246 0.104
0.15575429209820868 19.204 0.046
0.15649072550968413 19.07 0.073
0.1573987171123008 19.209 0.066
0.158435663799537 19.205 0.062
0.1591413828482473 19.268 0.066
0.1591944971078192 19.088 0.058
0.1592086876516987 19.136 0.059
0.15929345228323655 19.435 0.088
0.15960543486926326 19.167 0.07
0.15993785504815605 19.09 0.087
0.1607069874444278 19.16 0.092
0.16202625829737372 19.218 0.069
0.16284033441297652 19.114 0.053
0.16306525040999986 19.148 0.099
0.1640579438444547 19.158 0.058
0.16514662951340142 19.169 0.102
0.16576029576026485 19.196 0.078
0.16582956286765693 19.231 0.067
0.1671977888336187 19.216 0.156
0.1681948684654344 19.273 0.069
0.17053992853379896 19.167 0.069
0.17069840560361627 19.268 0.057
0.17284667956391786 19.41 0.082
0.17477231932753057 19.181 0.076
0.17493717254819785 19.254 0.06
0.17517631789814914 19.212 0.057
0.1754180605548754 19.167 0.082
0.17590494441174087 19.235 0.051
0.17624006350706622 19.185 0.07
0.17630205726709391 19.207 0.084
0.1763143241569196 19.146 0.081
0.17721534509109915 19.359 0.077
0.1776862533424719 19.235 0.088
0.17782300615908753 19.42 0.122
0.1780383375225938 19.262 0.085
0.1789900026851683 19.213 0.074
0.17998582147811248 19.35 0.256
0.18054799244600872 19.234 0.065
0.1811299695091293 19.251 0.086
0.1815690151652234 19.262 0.098
0.18186643440094485 19.207 0.068
0.18217973146056465 19.152 0.066
0.18281819001458643 19.309 0.056
0.1828387733658019 19.256 0.103
0.18291149815559038 19.287 0.092
0.18451622403154033 19.143 0.076
0.1852163403546001 19.116 0.068
0.18528832853371568 19.251 0.122
0.1853473335322633 19.181 0.059
0.18750090570756583 19.059 0.062
0.18771029286108387 19.226 0.081
0.18786995497612224 19.237 0.105
0.18846199674771924 19.273 0.05
0.19172090767915506 19.261 0.068
0.1919392554600563 19.312 0.051
0.19272989055752987 19.257 0.087
0.1933966710639652 19.239 0.078
0.19375805935487733 19.192 0.097
0.19486706068346393 19.392 0.076
0.19522776400299335 19.318 0.065
0.1965568853465811 19.21 0.065
0.197756861378366 19.244 0.077
0.1977576514645989 19.277 0.093
0.19814865203261434 19.366 0.112
0.19815398156424635 19.31 0.105
0.20031905270025163 19.369 0.09
0.20089240329343738 19.068 0.062
0.2012931638982991 19.177 0.071
0.20278776246595953 19.197 0.057
0.20473284468425845 19.269 0.07
0.2059052223830804 19.374 0.079
0.20603600883259787 19.203 0.064
0.20701437512980192 19.227 0.115
0.20789584084286616 19.264 0.065
0.20792688203255238 19.05 0.056
0.2090000406915351 19.343 0.092
0.20973410934675485 19.202 0.047
0.21049768516240874 19.23 0.07
0.21303247571177053 19.156 0.046
0.21436114845892007 19.235 0.09
0.2156010451799375 19.208 0.096
0.21595381233692024 19.115 0.092
0.21641956646271865 19.266 0.095
0.216735691701615 19.568 0.125
0.21849039727749187 19.139 0.081
0.21857968469885236 19.195 0.066
0.2187052782119281 19.202 0.055
0.21902249071354163 19.288 0.112
0.22106449001330475 19.31 0.104
0.22118605730702257 19.26 0.072
0.22183290062093874 19.257 0.069
0.22224675701363594 19.307 0.071
0.22321160291539854 19.35 0.099
0.22496952246729052 19.437 0.128
0.22522230265531107 19.217 0.105
0.2260661719537893 19.255 0.054
0.22706458438551635 19.181 0.089
0.2283550625334101 19.118 0.072
0.2284860095669501 19.324 0.093
0.22882650250357983 19.316 0.091
0.2288362163981219 19.043 0.065
0.22976365778777108 19.422 0.119
0.23029988821690495 19.192 0.086
0.23046135022013914 19.174 0.058
0.2311886864090411 19.324 0.13
0.23502384441053437 19.268 0.052
0.23504597844839736 19.603 0.129
0.23574667996399512 19.322 0.065
0.23718589913005417 19.185 0.066
0.2377980756573379 19.571 0.122
0.23791616128255555 19.213 0.06
0.23866978882324474 19.177 0.071
0.23908435034809372 19.131 0.072
0.23981620932772785 19.338 0.06
0.24150166262006678 19.202 0.104
0.24184537869768974 19.238 0.061
0.2445925968058873 19.257 0.075
0.24590848393381748 19.264 0.114
0.24710038170996995 19.269 0.059
0.2480536048860813 19.324 0.086
0.24809826059026818 19.132 0.063
0.24860070294016623 19.171 0.101
0.2504311885313655 19.399 0.067
0.2509240997242159 19.157 0.083
0.25097707738859754 19.244 0.076
0.25239157071155205 19.238 0.044
0.25291981883492554 19.318 0.056
0.2531838782660998 19.298 0.1
0.2535497432054399 19.232 0.107
0.2553294626377465 19.338 0.118
0.25692823880308424 19.161 0.138
0.2573089457810056 19.191 0.06
0.25742202320179786 19.262 0.073
0.25826448024145066 19.378 0.106
0.2588290751009481 19.273 0.068
0.2591410743443703 19.224 0.067
0.2601832859318165 19.215 0.058
0.26215743404463865 19.235 0.069
0.26269235566178395 19.256 0.102
0.2627211723538494 19.278 0.107
0.26273464660698664 19.325 0.064
0.2663334043154464 19.225 0.083
0.26641299266520946 19.105 0.083
0.2671821785352222 19.287 0.11
0.26737966244218114 19.289 0.093
0.26806914552253147 19.216 0.078
0.2694101239694646 19.165 0.084
0.2712065667801653 19.192 0.061
0.2743117431491555 19.194 0.056
0.27489191116183065 19.265 0.047
0.27606745302909985 19.295 0.071
0.27779302257840754 19.238 0.069
0.2783408885643439 19.366 0.086
0.27844992127575097 19.186 0.086
0.27941890966940264 19.194 0.057
0.28162375740612333 19.241 0.088
0.28171524716981367 19.379 0.09
0.2824966557800508 19.161 0.056
0.28394899288832676 19.138 0.071
0.2848324265632982 19.287 0.068
0.2867764066941163 19.341 0.058
0.28823726515656745 19.289 0.081
0.2889142303101835 19.064 0.085
0.289393438368279 19.194 0.067
0.2894709203264938 19.352 0.116
0.29043128224839165 19.343 0.136
0.2905715092419996 19.098 0.068
0.29137354551676253 19.17 0.062
0.29146340147417504 19.307 0.062
0.2920042211590044 19.192 0.06
0.2930032852491422 19.221 0.056
0.2956763110032625 19.242 0.09
0.2967203188127314 19.124 0.096
0.2971117309989495 19.258 0.086
0.2974906455820019 19.254 0.084
0.2992972027477663 19.264 0.078
0.30203742069898 19.17 0.073
0.30217394646751927 19.169 0.082
0.30218422889993235 19.268 0.063
0.30263855969315046 19.335 0.064
0.30322691490437137 19.336 0.047
0.30362899731335347 19.229 0.079
0.30407986859427183 19.234 0.118
0.30417756293172715 19.291 0.083
0.30539306597165705 19.419 0.086
0.3075858203937969 19.199 0.053
0.3077681704198767 19.444 0.127
0.3078934039531305 19.436 0.069
0.3088163686952612 19.226 0.071
0.3101198503436535 19.349 0.09
0.31044788616054575 19.208 0.068
0.31261872809409397 19.208 0.062
0.31530626372659754 19.354 0.109
0.31559273038328683 19.261 0.094
0.3157150194656424 19.232 0.065
0.3166316375400129 19.243 0.087
0.3170943752502353 19.27 0.082
0.31778506019509223 19.25 0.072
0.31781446024797333 19.277 0.063
0.318898455051567 19.325 0.112
0.319631506571568 19.384 0.084
0.3206532659032746 19.2 0.089
0.32107911599541694 19.23 0.05
0.3217613866945612 19.471 0.133
0.32192605900854687 19.176 0.09
0.3226585623160645 19.175 0.074
0.3258532309992006 19.101 0.11
0.32739497746297275 19.303 0.103
0.32808166384165816 19.199 0.095
0.32852054142313136 19.359 0.11
0.32865404894437233 19.374 0.062
0.3295876026186306 19.259 0.073
0.3296684979504789 19.146 0.084
0.32986785920547845 19.247 0.097
0.33036029964478075 19.351 0.104
0.3304031001553085 19.324 0.087
0.3333923729187518 19.308 0.065
0.33349860144153354 19.179 0.052
0.33536213483785104 19.215 0.12
0.33615118043962866 19.227 0.049
0.33626503312189016 19.199 0.084
0.33650549278354447 19.329 0.081
0.337582882553761 19.203 0.072
0.3378364841446455 19.284 0.096
0.3380763955938164 19.298 0.077
0.33823465844216116 19.164 0.097
0.33879174541471 19.306 0.113
0.33888971844135085 19.319 0.088
0.3393761851821182 19.246 0.078
0.34078902254441346 19.355 0.086
0.3428870030929829 19.363 0.09
0.3438979003003624 19.25 0.053
0.34421502234908985 19.262 0.105
0.3451884245896508 19.242 0.07
0.3453189230258431 19.158 0.069
0.34607491349197517 19.171 0.08
0.34825303610432456 19.169 0.104
0.34835487293275946 19.331 0.098
0.3487106824886723 19.535 0.098
0.3487395471565833 19.392 0.057
0.34965999022097094 19.265 0.082
0.3515244502978021 19.275 0.069
0.35193857988178934 19.318 0.057
0.3522308006813546 19.237 0.054
0.35251232743030414 19.362 0.088
0.35355567242550023 19.466 0.106
0.35380877194529603 19.254 0.076
0.3540982938302477 19.357 0.074
0.3544179985219671 19.262 0.074
0.3548388255858299 19.384 0.134
0.35511677088652505 19.341 0.065
0.3566202322981553 19.136 0.066
0.3569595381941326 19.227 0.056
0.35741168696768 19.167 0.047
0.357508149953901 19.205 0.061
0.3580478602198127 19.285 0.102
0.3588864479588665 19.213 0.08
0.35893728974770056 19.188 0.053
0.3593903117298396 19.568 0.147
0.3600482903575539 19.207 0.094
0.36047114618941123 19.243 0.108
0.3605963077625347 19.017 0.092
0.36077733598267514 19.228 0.073
0.36146649239890394 19.192 0.086
0.3624086042464114 19.196 0.068
0.3665023260618909 19.203 0.091
0.366695052639443 19.352 0.071
0.36758482564800943 19.281 0.096
0.36817887220240664 19.27 0.058
0.3684953019510431 19.178 0.087
0.368651308983317 19.22 0.069
0.3690545985955396 19.451 0.082
0.3697904837936221 19.233 0.067
0.3720728006610443 19.205 0.111
0.372115204214424 19.43 0.063
0.37372228751701186 19.214 0.076
0.3744343070884497 19.13 0.078
0.3749262842684402 19.237 0.093
0.3755016802861064 19.103 0.066
0.37556141440381907 19.292 0.079
0.37605407639239274 19.178 0.073
0.376988457132029 19.27 0.072
0.3775189998850692 19.433 0.111
0.3775761200395209 19.334 0.068
0.3779733306782873 19.172 0.09
0.37897048044033 19.188 0.076
0.37958777044968883 19.386 0.11
0.37975268463560496 19.032 0.047
0.38038415968912886 19.249 0.078
0.38047514172376395 19.171 0.073
0.3823177945887437 19.295 0.059
0.38254374437565275 19.423 0.096
0.3829045991151361 19.298 0.09
0.3843297570001596 19.15 0.111
0.384404709953742 19.367 0.086
0.38456799583218526 19.363 0.097
0.3849330318735156 19.243 0.085
0.3856761166225624 19.354 0.104
0.38909824712573027 19.352 0.135
0.3891895873057365 19.273 0.127
0.39021668166878953 19.152 0.059
0.39195766012289823 19.31 0.094
0.3923276287405315 19.225 0.095
0.3929996613187541 19.319 0.053
0.3937130561680533 19.216 0.052
0.3946084540566517 19.174 0.065
0.3948660375572217 19.135 0.086
0.3973584910172576 19.249 0.081
0.3995415776862501 19.184 0.086
0.3997411143500358 19.348 0.125
0.4009237911359378 19.182 0.056
0.4049043838913349 19.345 0.065
0.40544972453426453 19.37 0.054
0.40566944759302714 19.239 0.095
0.4071404463938961 19.346 0.085
0.4075103005707206 19.158 0.107
0.40753365113414475 19.385 0.097
0.4076246018485108 19.156 0.055
0.4081271143295453 19.174 0.057
0.4087565364652619 19.362 0.103
0.4101567396264727 19.207 0.111
0.41046964156339527 19.169 0.067
0.4127157834373065 19.182 0.068
0.4129941183655319 19.223 0.07
0.4131500016319478 19.193 0.086
0.41417288703905797 19.367 0.13
0.4151284676427167 19.327 0.083
0.4180149547437395 19.137 0.07
0.41924997786009044 19.217 0.062
0.4201157486477314 19.279 0.066
0.4231722634176549 19.409 0.095
0.42457985620058025 19.262 0.058
0.4246226178993311 19.355 0.112
0.42472463563171914 19.271 0.07
0.42598737152002286 19.177 0.095
0.426437628122585 19.266 0.07
0.4271836536590854 19.37 0.104
0.42779734205942077 19.173 0.065
0.42907083296449855 19.364 0.077
0.4303954166944095 19.385 0.122
0.4313227602997358 19.346 0.087
0.4327086436542231 19.357 0.112
0.4328660259652679 19.317 0.078
0.4331426348007881 19.062 0.051
0.43318967558661825 19.229 0.086
0.43325648565041774 19.323 0.091
0.43392319052873063 19.21 0.061
0.43519320159703057 19.39 0.089
0.4354239991680515 19.233 0.109
0.43573592827851826 19.103 0.08
0.4376812836871977 19.303 0.106
0.4393036669525827 19.277 0.075
0.43947263317659235 19.201 0.09
0.43975211450197094 19.231 0.089
0.4399494691442669 19.179 0.06
0.4401514148739807 19.329 0.086
0.44087986048361927 19.212 0.057
0.4418638221723086 19.125 0.103
0.4429280108815874 19.315 0.089
0.4450359230468166 19.021 0.083
0.4450417528187245 19.109 0.079
0.44553702143639384 19.201 0.104
0.44673161629361857 19.229 0.149
0.44684670032802387 19.226 0.073
0.44746340514393523 19.192 0.066
0.44754227903649735 19.172 0.081
0.4499994067246007 19.206 0.062
0.4502431781475025 19.314 0.069
0.45188773975860386 19.232 0.079
0.4522732981868103 19.362 0.079
0.45239884738930414 19.215 0.061
0.4549529364667251 19.107 0.089
0.4559680316324375 19.226 0.073
0.4569828442818107 19.038 0.077
0.4578050982690911 19.167 0.058
0.4582979504884861 19.101 0.069
0.45832719728969096 19.144 0.051
0.4588919748857734 19.204 0.059
0.45910387072399317 19.306 0.099
0.45948292190223583 19.209 0.085
0.4597243082453133 19.305 0.088
0.4599480298684284 19.29 0.098
0.4614975370859611 19.267 0.079
0.4636712735036781 19.334 0.066
0.4642387260282703 19.109 0.071
0.4644308434235427 19.265 0.094
0.46532066990766907 19.245 0.094
0.46638325445746887 19.233 0.083
0.46642386545318004 19.269 0.091
0.4669494756271888 19.071 0.056
0.4675831012227718 19.176 0.054
0.4729482536968135 19.294 0.095
0.47350941302920546 19.079 0.107
0.47694495865471254 19.145 0.065
0.4769517465865647 19.17 0.075
0.48041170605301886 19.211 0.098
0.4811898305561044 19.178 0.092
0.48137110981406295 19.315 0.097
0.48198358168701816 19.074 0.085
0.4826767439972173 19.307 0.059
0.4827718833457766 19.191 0.078
0.48407648557167704 19.018 0.07
0.48601810094351094 19.25 0.065
0.4862489519873634 18.982 0.081
0.48676750103913946 19.135 0.085
0.48691856800360256 19.082 0.065
0.48736569191714807 19.39 0.113
0.4877313814486115 19.205 0.062
0.48950227685054415 19.248 0.086
0.4916245419763072 19.185 0.048
0.49214303006283444 19.175 0.056
0.49251177482074127 19.095 0.094
0.4944532794179395 19.221 0.073
0.49643561839548056 19.299 0.082
0.4965285535681687 19.161 0.078
0.4973338739491737 19.052 0.052
0.49745002125928295 19.157 0.081
0.49828727253225225 19.074 0.099
0.498557815224558 19.193 0.077
0.4987740197957464 19.105 0.064
0.5000291703363473 19.149 0.056
0.500504265388372 19.1 0.057
0.5031245811696863 19.005 0.071
0.5047537062237097 19.255 0.107
0.5061573374205182 19.084 0.073
0.5063581589092792 19.158 0.062
0.5064124195669137 19.172 0.084
0.5068786684314546 19.174 0.077
0.5070945849893178 19.106 0.051
0.5078040810531093 19.131 0.044
0.5083121261250199 19.206 0.046
0.50844975398104 19.099 0.061
0.5085010055545354 19.137 0.086
0.5085011421497256 19.009 0.079
0.5086879928121562 19.142 0.061
0.5098364052673787 19.052 0.069
0.5112817367207754 19.133 0.087
0.5121304629647057 19.172 0.076
0.5126298962286455 19.197 0.074
0.5128181609798048 19.276 0.073
0.5128542491866028 19.098 0.05
0.5133453753132926 19.26 0.093
0.5140609060417773 19.359 0.06
0.5151463224265171 19.172 0.065
0.5152527115305929 19.03 0.064
0.5161287259379606 19.207 0.063
0.5171478270003718 19.035 0.06
0.5176703431361602 19.053 0.05
0.519650001687296 19.196 0.051
0.5200232082697767 19.226 0.072
0.5203003266706219 19.167 0.081
0.5204971717494118 19.26 0.077
0.5219007124933341 19.264 0.058
0.5219390363563434 19.24 0.06
0.5221270795573218 19.034 0.078
0.5226368192415975 19.109 0.043
0.5227784068501933 18.992 0.056
0.5242351468095876 19.011 0.069
0.5245245837395487 18.967 0.045
0.5252642865980306 19.016 0.064
0.5262849973159973 19.281 0.109
0.5276507164289796 19.204 0.069
0.5281481282572713 19.264 0.067
0.5293646134468872 19.068 0.067
0.5300788371923773 19.25 0.07
0.5315814180667076 19.15 0.055
0.5338633361434404 19.333 0.074
0.5352228986612317 19.038 0.064
0.5362807850106037 19.167 0.088
0.5378265003910201 19.109 0.096
0.5379169028892647 19.083 0.068
0.5381913998371601 18.885 0.072
0.5389260998263126 19.049 0.067
0.5392239363391127 19.114 0.068
0.5394479772967316 19.007 0.069
0.5403671115491306 19.085 0.065
0.5406366371062177 18.943 0.056
0.5412894616110862 19.014 0.043
0.541851411027892 19.126 0.099
0.5435021365683497 19.115 0.068
0.545537000947661 19.053 0.042
0.5456216954480624 19.014 0.052
0.5464112819327056 18.974 0.044
0.5470238221023465 18.895 0.061
0.5482394489099534 19.128 0.104
0.5486524081079551 19.107 0.069
0.5497691480368303 19.184 0.059
0.5504842173377256 19.09 0.078
0.5511453249873739 19.008 0.074
0.5513833367713232 19.081 0.069
0.5521594933134111 19.069 0.07
0.5532531430380914 19.09 0.059
0.5540113061997545 19.17 0.131
0.5544739054821548 19.121 0.089
0.5576740846045141 19.011 0.056
0.5599450132867787 19.209 0.104
0.5600911938163335 18.909 0.054
0.5601266193680203 19.053 0.063
0.5606399163516471 19.322 0.078
0.5611851831981767 18.972 0.054
0.5612600585272958 19.163 0.076
0.5613492758184293 19.046 0.054
0.5613748305595436 19.142 0.069
0.561516008381659 19.011 0.068
0.5615765492420906 19.106 0.077
0.5630813009775011 19.366 0.084
0.5631891023376738 19.485 0.189
0.5641637987300783 19.062 0.06
0.5644046165361942 18.899 0.055
0.5651517275036895 19.148 0.096
0.5674263962227997 19.116 0.054
0.5676021115687035 19.016 0.043
0.5678269814206942 19.171 0.065
0.5680490157647 18.977 0.071
0.5684235459848423 19.091 0.051
0.5684476404912857 19.142 0.089
0.5688417424280487 19.033 0.068
0.5689979376993506 19.027 0.116
0.570035332983025 18.917 0.061
0.5708162929986429 19.201 0.052
0.5743179120745481 19.052 0.072
0.5762410356601322 18.943 0.045
0.5764843068463961 19.045 0.056
0.5771441166825753 19.008 0.048
0.5781456508084375 18.979 0.052
0.5795447149048414 19.037 0.062
0.5797965830724934 19.074 0.074
0.5834033822211495 18.935 0.06
0.5840190699018422 19.176 0.086
0.5848459981007181 19.272 0.113
0.5872208606779168 19.284 0.08
0.5884387211444846 18.942 0.058
0.5892665926803602 19.054 0.094
0.5899055459731244 19.154 0.056
0.59119354125869 19.084 0.065
0.5912924797758023 19.015 0.079
0.5921360537267901 19.037 0.041
0.5922248464094082 19.345 0.094
0.5929646931926982 19.101 0.069
0.594521846725911 19.124 0.048
0.5951131813735628 19.128 0.073
0.5951186678230442 19.017 0.06
0.5966923451769617 18.93 0.057
0.5980251604150908 19.125 0.064
0.598526410222803 19.001 0.059
0.5995948466970731 19.143 0.075
0.5996526130129496 18.944 0.051
0.601014896599736 18.927 0.041
0.6015808980573638 19.04 0.067
0.6017206229789736 18.939 0.05
0.6018021644686087 18.99 0.04
0.6030672429606057 19.052 0.073
0.6034100305259926 18.974 0.098
0.6041257439910623 19.039 0.034
0.6042605363363691 19.013 0.055
0.6044827460864326 18.932 0.064
0.6045275143987965 19.166 0.083
0.6058468480496231 19.029 0.056
0.6059358289694501 19.142 0.057
0.6079995063755632 19.258 0.097
0.6082153324805404 19.046 0.045
0.6108758992822914 19.106 0.06
0.613111780878171 19.121 0.091
0.6137305699321587 18.973 0.067
0.6141651074594847 18.951 0.054
0.6158278138700553 18.776 0.068
0.6160605792392744 19.197 0.097
0.6165883344583563 18.874 0.057
0.6190541016039788 19.056 0.073
0.6197242788275616 19.063 0.089
0.6208499572294386 19.042 0.097
0.6228379377398596 18.844 0.084
0.625439038116383 18.974 0.058
0.6255055823203293 19.095 0.045
0.6269904669934476 19.142 0.085
0.6275407125576749 19.062 0.061
0.6283288388112851 19.064 0.045
0.629248222266142 19.106 0.082
0.6294979933682043 18.983 0.067
0.6305741757741998 19.08 0.067
0.6315867086195794 19.055 0.045
0.6320376648545789 19.005 0.062
0.6323794407835521 19.18 0.056
0.6325675762709579 19.113 0.061
0.6326127027296025 19.093 0.089
0.6331806038506329 19.081 0.075
0.6335208309283189 18.968 0.061
0.6336346153129853 19.163 0.072
0.6367130610597087 18.989 0.067
0.6371212371041111 19.014 0.072
0.6374838640786038 19.067 0.073
0.6385471777448402 19.03 0.066
0.6386656363392831 18.971 0.067
0.6388144751399523 19.06 0.075
0.6390688594874518 19.175 0.084
0.6392300336374319 18.897 0.057
0.6408883685135152 18.878 0.086
0.64098127969919 19.043 0.082
0.6427974991202063 19.008 0.051
0.6430244587063498 19.128 0.066
0.6438141744565655 18.829 0.053
0.644246978560659 19.138 0.068
0.6443700503987202 19.054 0.076
0.6444652285572374 18.945 0.066
0.644925403947127 18.914 0.065
0.645372732753458 18.945 0.056
0.6453977779292472 19.014 0.062
0.6455474382964894 19.02 0.075
0.647533443512657 19.097 0.058
0.6480885515247792 19.045 0.071
0.6482847376155405 18.959 0.055
0.6485689761093454 19.168 0.067
0.6488027531167972 19.024 0.08
0.6497596943354438 18.877 0.077
0.650043332813766 19.005 0.07
0.6551372208068642 18.847 0.071
0.6555076380245737 19.198 0.089
0.6558186034772007 19.084 0.063
0.6566522033335787 19.141 0.077
0.6589530359724449 19.217 0.122
0.6593697795160551 19.166 0.074
0.6601751515381693 18.992 0.059
0.6602315960490159 18.9 0.043
0.6603452198505693 19.233 0.091
0.6605451589675795 19.007 0.045
0.6609723160408976 18.972 0.048
0.6612440900844376 18.992 0.067
0.6625126484141219 19.092 0.123
0.6631068943606806 18.913 0.084
0.6633395101462156 18.942 0.046
0.6640894492920779 18.927 0.047
0.6642557627437782 19.069 0.075
0.6642565455003933 19.057 0.064
0.6642733813214363 19.027 0.055
0.6644968685668573 19.058 0.095
0.668850726877281 19.035 0.062
0.669754946964531 18.96 0.061
0.6699249026696634 19.111 0.056
0.6700571345290882 19.035 0.062
0.6703053752698906 19.001 0.061
0.6708799885336703 19.13 0.066
0.6709401639172938 18.851 0.055
0.6717651316439515 18.958 0.061
0.6734458664168415 19.015 0.087
0.6749208692799584 19.057 0.072
0.6749955545383273 18.879 0.039
0.6750513215720275 19.035 0.091
0.67648064410605 18.91 0.084
0.6774093020212604 18.972 0.067
0.6782256284550385 18.878 0.056
0.678792944383531 19.253 0.117
0.6788336919771609 18.985 0.063
0.679603068077995 19.031 0.058
0.6819504006198258 18.95 0.037
0.682168657946022 18.988 0.066
0.683200411695907 19.022 0.051
0.6840565128986782 19.188 0.058
0.6846540945953166 19.08 0.068
0.6847726897849498 19.079 0.073
0.6848474821526906 19.061 0.054
0.6858640282262058 19.06 0.061
0.6863586045419652 19.212 0.081
0.6866601294514112 19.075 0.079
0.6888378477760853 18.919 0.058
0.6896715639068134 19.136 0.082
0.6899880324654077 18.996 0.069
0.6919498582210508 19.088 0.079
0.6951201980191399 18.992 0.108
0.6951363250445866 18.89 0.069
0.6953724446539127 19.022 0.057
0.6955744974948175 19.066 0.056
0.6971832680774241 19.057 0.054
0.6984690941708322 18.87 0.061
0.698573589269472 19.061 0.061
0.6991557805513366 18.975 0.078
0.6992192548659659 19.205 0.072
0.7000046305602154 19.152 0.064
0.7004358839831184 18.903 0.05
0.7017508147837361 18.955 0.064
0.7041826296008367 18.987 0.068
0.7043925649686571 18.892 0.052
0.7048801854380145 19.107 0.061
0.7050534307491034 19.077 0.066
0.7057321053398482 19.097 0.079
0.7071897941341376 19.125 0.096
0.7096038850995683 19.073 0.093
0.7099405160661263 19.147 0.058
0.7099942616605404 18.864 0.072
0.7103269033905235 18.957 0.051
0.715346318347656 18.99 0.089
0.7156655522885558 19.181 0.061
0.7190124270036904 18.903 0.042
0.7196205828104212 18.899 0.077
0.7196459991228039 19.044 0.072
0.7219978766097483 19.05 0.071
0.7220239630678407 19.023 0.091
0.7223112198107629 19.085 0.064
0.7229760398477083 18.985 0.067
0.7237501196432277 18.985 0.075
0.7238711312329542 19.083 0.06
0.7243099110291951 19.172 0.08
0.7248638947985455 19.154 0.088
0.7250880871742993 19.029 0.057
0.7257894661697719 18.964 0.084
0.7259410630194907 19.041 0.061
0.7266237158510194 19.121 0.078
0.7272328887920594 19.226 0.073
0.729221652058186 18.92 0.054
0.7315152924775248 18.982 0.053
0.7316746740707458 19.084 0.073
0.731814255066638 18.928 0.073
0.731842180062813 18.879 0.075
0.7320321320949006 18.966 0.037
0.7321012607735611 19.047 0.073
0.7331883441165701 19.129 0.07
0.7332813457542215 18.898 0.037
0.733307956439603 18.955 0.035
0.733412497680547 19.036 0.057
0.7336717684611358 19.016 0.061
0.7343973712277148 19.052 0.067
0.7360095773383364 18.929 0.065
0.7365642607392147 19.128 0.094
0.7365983423342186 18.89 0.077
0.7367905889932445 19.014 0.066
0.7394951358537583 19.066 0.071
0.7395079584503037 19.109 0.066
0.7406947925519489 19.063 0.105
0.7418003288676118 19.034 0.061
0.7423596643257042 19.155 0.101
0.7426818998555973 19.055 0.069
0.7442266184243636 19.017 0.087
0.744835647439686 19.102 0.064
0.7455243331005477 18.986 0.067
0.7457257471132834 19.234 0.061
0.747614521414107 18.916 0.066
0.7490119831854827 19.041 0.09
0.750589011111515 19.107 0.084
0.7506879957727506 18.944 0.067
0.7512485404258769 19.003 0.055
0.7520240268195266 19.079 0.057
0.7520370469792397 18.975 0.05
0.7539016214950607 19.126 0.046
0.7541345641066073 18.991 0.078
0.7542358360624348 19.074 0.079
0.7551573645596363 19.076 0.074
0.7577025834634696 18.912 0.047
0.7588932941953317 19.123 0.069
0.7589796704778564 19.003 0.06
0.759002533633975 18.89 0.035
0.7593327496379061 18.893 0.053
0.7594632702275703 18.89 0.07
0.7596532222596579 19.201 0.105
0.7612822568626143 18.923 0.073
0.7638811677261401 19.035 0.059
0.7638906527390645 18.978 0.074
0.7644921110677387 18.971 0.059
0.7657912471659074 18.929 0.059
0.7674438815356552 18.982 0.068
0.7675410866304446 19.222 0.117
0.7692701858268265 18.939 0.063
0.7697264402740984 18.974 0.059
0.7701147419265908 19.068 0.056
0.771937230390904 18.989 0.048
0.7720206807098293 19.159 0.069
0.7723489047621115 19.045 0.046
0.7733810554673255 19.208 0.078
0.7737603743371437 18.937 0.059
0.7751802561660952 18.955 0.081
0.779882992173043 19.158 0.078
0.7808603413377568 19.223 0.093
0.7819102084040424 19.109 0.062
0.7819823018580792 18.977 0.069
0.7826294128626614 19.041 0.05
0.7838272142053029 18.985 0.074
0.7839539337937822 19.162 0.074
0.7851859866377708 18.92 0.073
0.7866838065147022 19.072 0.038
0.7872488812899974 19.031 0.059
0.78739781803597 19.0 0.083
0.7875776980272349 18.847 0.09
0.789460712687287 18.982 0.058
0.7906553610191622 19.093 0.066
0.7909485178242903 19.093 0.088
0.7915751266064035 19.108 0.088
0.7915982243030157 19.052 0.091
0.7924760865735152 18.926 0.052
0.7940425422220869 19.092 0.081
0.7948580545817094 19.044 0.083
0.7949891382104397 19.066 0.066
0.7967257766122202 19.027 0.08
0.7970160664281138 18.983 0.062
0.797114868350036 18.99 0.059
0.798300100124834 18.928 0.076
0.7985024261561193 19.137 0.08
0.7990586214318682 19.031 0.089
0.7993960129988409 18.966 0.061
0.801636622280057 19.035 0.073
0.8017830981552834 18.938 0.069
0.8033768328023143 19.042 0.067
0.8042696757029262 18.999 0.071
0.804971503294837 18.867 0.057
0.8075900006979282 19.053 0.117
0.8091755961240779 19.101 0.084
0.8097644220852089 19.196 0.093
0.810613735356128 19.109 0.075
0.8107698789854112 19.003 0.069
0.8117598015433032 18.902 0.042
0.8129223490723234 19.148 0.075
0.813748557316103 18.939 0.102
0.8155434309519478 18.955 0.078
0.8177524821467159 19.0 0.042
0.8180630747920077 19.042 0.069
0.8184614318270178 19.246 0.117
0.8194262850611267 18.954 0.065
0.8197337375249845 18.865 0.068
0.8198736378535614 18.777 0.033
0.8206086037034765 18.983 0.045
0.8244836657377164 19.039 0.058
0.8244934036210907 19.003 0.049
0.8245749985835573 19.032 0.081
0.82535173665201 19.241 0.113
0.8268545537357568 19.015 0.036
0.8276507970558669 19.063 0.044
0.8278326911531622 19.02 0.073
0.8294237600366614 19.058 0.048
0.8294305313138466 18.951 0.043
0.829551620525308 19.08 0.067
0.8301780632245936 18.966 0.061
0.8302581075022317 19.007 0.063
0.8303799479881491 18.79 0.065
0.8316041477919498 19.025 0.061
0.8317907325927081 18.909 0.07
0.8326982367889286 18.812 0.097
0.8331044247115642 18.983 0.066
0.8331848179714143 19.036 0.067
0.8336347995482356 19.123 0.052
0.8352589328933391 19.141 0.097
0.8356844931386149 19.057 0.062
0.836949774689856 19.061 0.05
0.8370186301799549 19.156 0.1
0.8373270093243264 18.96 0.077
0.8379163466834143 19.011 0.06
0.839507533672986 19.193 0.078
0.8416553905190085 19.106 0.057
0.8441543660519528 19.063 0.106
0.8447534079805337 18.836 0.06
0.8451882501813088 19.154 0.12
0.8460804101050599 19.05 0.085
0.846180382412058 19.265 0.066
0.8464439692561427 19.032 0.095
0.8472415823562187 19.008 0.079
0.8483662196358637 18.969 0.054
0.8489065297580964 18.986 0.053
0.8511608366752625 19.179 0.063
0.8521136279086932 19.071 0.056
0.8527725018993806 18.992 0.076
0.8548832514115929 19.084 0.056
0.8552397144576389 19.064 0.077
0.8553278369927284 19.02 0.076
0.8564180733465037 19.023 0.081
0.8568383816818823 19.187 0.073
0.8579880179959218 19.093 0.084
0.8586349296056142 19.107 0.063
0.859561124980246 18.926 0.089
0.862621267178838 18.947 0.06
0.8631404475672753 19.339 0.095
0.8635851624130737 18.936 0.079
0.8645189283124637 19.059 0.091
0.8646437262395921 19.052 0.061
0.8654621497407788 19.103 0.047
0.8661309590142992 18.989 0.063
0.8670464750011888 19.077 0.044
0.8672305972613685 19.062 0.047
0.8682941841188949 19.264 0.112
0.8694390152886626 18.892 0.073
0.8707985944620305 19.204 0.057
0.8709193401919038 18.922 0.053
0.8711656001387382 19.166 0.084
0.8716442138393177 19.046 0.06
0.8729266580412514 19.051 0.091
0.8731578745610022 18.986 0.041
0.8742630767192168 19.111 0.068
0.8751512750550319 19.09 0.067
0.8752542656129663 19.168 0.079
0.8768650188221727 19.122 0.052
0.8769098499333268 18.982 0.056
0.8778804038356611 19.065 0.089
0.87828569273006 19.118 0.096
0.87891817009222 19.067 0.053
0.8793242362426099 19.046 0.064
0.879337020028288 19.0 0.043
0.8810032837354811 19.02 0.059
0.8811171345842013 19.059 0.077
0.882396652823445 19.044 0.062
0.8828048160394246 19.125 0.068
0.8832448585089878 19.051 0.07
0.8833647440205823 19.043 0.073
0.8838608267124073 19.123 0.068
0.8846964719941752 18.829 0.068
0.8858283752906573 19.054 0.053
0.8858300625724951 19.114 0.1
0.8877710041306273 19.025 0.054
0.888035755862802 19.151 0.087
0.8888839430564985 19.086 0.067
0.890550729158349 19.037 0.06
0.8909321062828894 19.135 0.087
0.8914116724845371 19.114 0.054
0.8929301828229654 18.884 0.062
0.8941915046216309 19.079 0.057
0.8945828393461852 18.942 0.056
0.8950007994189946 19.025 0.069
0.8954845229363855 19.102 0.065
0.8971853906296019 19.074 0.063
0.8989640541194603 19.103 0.05
0.8994509306457985 19.089 0.063
0.9035407148658123 19.13 0.061
0.9035653114433444 19.09 0.096
0.90492842392905 19.027 0.057
0.9049417855749198 19.188 0.071
0.9051367311494687 19.004 0.076
0.9053809751576409 19.087 0.053
0.9071376560277713 19.029 0.088
0.9071412059947761 19.122 0.051
0.9081927087008808 19.027 0.063
0.9090073994948398 19.115 0.073
0.9100597089427538 19.119 0.057
0.9102197421943856 18.995 0.047
0.9104469768053605 18.949 0.079
0.910812847242596 19.07 0.072
0.9110443684330676 19.083 0.056
0.9133663972697832 19.031 0.061
0.9145373683713842 19.063 0.052
0.9150011472011101 19.062 0.076
0.9152012302456569 19.066 0.061
0.9152663991726513 19.177 0.071
0.9155576932917029 19.095 0.061
0.9158429877315939 19.251 0.096
0.9160250497425295 18.951 0.082
0.9191664602403762 19.006 0.052
0.9194522272646282 19.15 0.082
0.9212138721923111 19.023 0.088
0.9219722495727183 19.014 0.072
0.922266096686144 19.087 0.047
0.9252225265390734 19.1 0.075
0.9254185963563941 19.107 0.065
0.9254462481621886 19.17 0.057
0.925782605940185 19.011 0.07
0.9260217291339359 19.042 0.068
0.9266478431754877 19.209 0.081
0.9272079853744799 19.165 0.099
0.9299846773310492 19.027 0.046
0.9309572378442681 19.106 0.079
0.9311336066821241 19.087 0.073
0.9321970053024415 19.099 0.082
0.934260324564093 19.112 0.069
0.9343477419661212 19.021 0.059
0.934355371626225 19.106 0.057
0.9367984896762209 18.956 0.065
0.937311467323525 19.156 0.063
0.9389479045366897 19.206 0.062
0.9406591857605235 19.025 0.062
0.9441549917228258 19.248 0.13
0.9442919346083727 18.915 0.053
0.9453229832251964 19.046 0.054
0.9458726435987046 19.11 0.062
0.9465648625719041 19.127 0.055
0.9470542016424588 19.051 0.063
0.9476523557004839 19.099 0.046
0.9482920529371768 19.063 0.097
0.9482932454775437 19.039 0.064
0.94846266030072 19.037 0.071
0.9488196770580544 19.039 0.075
0.9492378273598661 19.093 0.067
0.9493060072036315 19.191 0.083
0.9497598432581071 19.04 0.072
0.9504674766340031 19.042 0.079
0.9504804746375157 19.019 0.074
0.9509642497951063 19.069 0.068
0.951228036034081 19.08 0.077
0.9522929926715733 19.057 0.056
0.9536691013272502 19.208 0.069
0.9539805430313208 19.065 0.067
0.955289212119169 19.412 0.122
0.9554913092688366 19.044 0.068
0.9569417615339262 19.319 0.094
0.9574119240096479 19.15 0.072
0.9581031793240982 19.045 0.057
0.9581436925373055 19.183 0.077
0.9599793525776477 19.017 0.11
0.9601736519944097 19.101 0.076
0.9614692696050042 18.977 0.067
0.9627899452234487 19.141 0.072
0.9628283225592895 19.051 0.049
0.9629815993575903 19.276 0.126
0.9631545788097355 18.975 0.046
0.9636437739527537 19.045 0.037
0.9677854798919725 19.143 0.052
0.9682510586098942 19.054 0.071
0.9683845291510806 19.135 0.144
0.9684310235552402 19.08 0.058
0.9686142781083618 19.135 0.079
0.9694521367282505 19.157 0.082
0.9694746732202475 19.093 0.081
0.9696804199538747 19.23 0.073
0.96968197797014 19.068 0.05
0.970801370672234 19.15 0.085
0.9713809240056435 19.199 0.114
0.971518627491605 19.219 0.064
0.9724669642328081 19.141 0.056
0.9724794286848919 18.995 0.078
0.9726390834684935 19.149 0.065
0.9733221609094471 19.011 0.12
0.9737449317872233 18.996 0.085
0.9745121110445325 18.993 0.088
0.9749135694491997 19.067 0.047
0.9753544463128492 19.268 0.079
0.9760588805347652 19.096 0.051
0.9762023529856378 19.214 0.065
0.9779011476020969 19.151 0.072
0.9790093606789014 19.134 0.055
0.979351684822177 19.164 0.075
0.9802056113358049 19.135 0.076
0.980903340747318 18.92 0.065
0.9811873448616097 19.228 0.077
0.9814617716783687 19.183 0.086
0.9818900991358532 19.149 0.074
0.9840796155913267 19.097 0.05
0.9849403318712575 19.017 0.057
0.986728441563173 19.121 0.051
0.9889860140974633 19.083 0.05
0.9891096046612802 19.076 0.094
0.9899288182468808 19.166 0.079
0.9921387204940402 19.219 0.095
0.9928354622579718 19.336 0.091
0.9928740666418889 19.091 0.068
0.9935981113922026 19.274 0.093
0.9943489180859615 19.182 0.057
0.9946571921154828 19.215 0.106
0.9951292467649182 19.041 0.07
0.995159171044179 19.029 0.08
0.9959836680181979 19.121 0.067
0.9961773139439174 19.207 0.104
0.9996225273207529 19.086 0.072
