0.0006947311968814596 19.186 0.101
0.001523784894425173 19.02 0.072
0.0025790959213281006 18.978 0.053
0.004616073833767498 18.971 0.151
0.006284028219533777 19.127 0.094
0.006955383167587481 19.401 0.177
0.009573456285715931 19.082 0.078
0.009987760417652591 19.093 0.087
0.011624097484536744 18.962 0.054
0.011965401187944646 19.216 0.071
0.012406416014209665 19.043 0.058
0.012940901399497218 19.117 0.075
0.012948114032633296 19.028 0.098
0.014870351261970338 19.14 0.091
0.015085649789079891 18.934 0.091
0.01590149035646382 19.189 0.112
0.016919794722207282 18.975 0.05
0.020960593694007823 18.981 0.065
0.021043578495345994 18.955 0.071
0.02118307864898261 19.048 0.073
0.02129689871721885 19.008 0.042
0.022019785687598326 19.058 0.089
0.022300266760475917 18.999 0.064
0.02271260054899349 19.092 0.042
0.02385471762195257 19.066 0.075
0.023923887359751372 19.084 0.067
0.025442602233533673 19.032 0.073
0.028371363552332607 19.093 0.072
0.028937315887242132 19.136 0.089
0.02975022725800036 18.982 0.119
0.029816257481479536 19.058 0.058
0.03168720606995512 19.0 0.073
0.03186089818123028 19.066 0.055
0.03303145858867529 19.15 0.038
0.033123625183770766 18.989 0.042
0.0344231379032407 19.271 0.131
0.03454099166779079 19.009 0.043
0.034853896182221344 19.032 0.083
0.03618085750363198 19.059 0.051
0.037079159779432214 19.108 0.053
0.03794902108134002 19.135 0.107
0.03859377156154542 19.058 0.067
0.03945350543190207 18.965 0.116
0.04210680820201551 19.06 0.064
0.04249981718808149 19.16 0.065
0.04831811330918745 19.006 0.061
0.04861242974643565 19.054 0.134
0.04869718660725075 19.012 0.044
0.049318169986372506 19.076 0.061
0.05097642207251729 18.919 0.09
0.052020955821399095 19.007 0.055
0.05288348150738775 19.086 0.101
0.053717972232925515 19.052 0.093
0.05398331988194505 19.146 0.067
0.05626466779440298 18.959 0.072
0.056585017693259854 18.967 0.054
0.05664105904625094 18.925 0.083
0.05970440894466256 19.167 0.075
0.0600612424128939 19.265 0.082
0.06241818805360699 19.13 0.047
0.06264952999267726 19.132 0.06
0.0638161508947177 19.095 0.062
0.06451897869615086 19.008 0.087
0.06555150059616599 19.085 0.05
0.06682858251351709 18.999 0.093
0.0683559907853577 19.084 0.072
0.07250486828675085 19.012 0.042
0.07291272176453267 18.986 0.098
0.07339775996310882 18.951 0.078
0.07366796891224103 19.093 0.047
0.07416092672260666 19.131 0.061
0.07443679836924266 19.143 0.087
0.07991361162353305 19.087 0.055
0.08090545739482868 19.093 0.057
0.08112520884847063 18.937 0.071
0.08209639705787586 18.972 0.084
0.08337967893717169 19.083 0.054
0.08356970457284651 19.158 0.084
0.08573857462092738 19.159 0.058
0.08750406700632984 19.256 0.1
0.08842930682535544 19.121 0.044
0.0896922774351423 19.049 0.06
0.09018385834465326 19.07 0.067
0.09285084492844353 19.087 0.116
0.0931267368756834 19.008 0.054
0.09337136488070419 19.325 0.096
0.09407387613705387 19.136 0.079
0.09539518915757972 19.156 0.062
0.09554622361829379 19.189 0.107
0.09575347836803294 19.173 0.082
0.1002448776122491 19.421 0.202
0.10187125437473687 19.163 0.076
0.10291941721529829 19.037 0.076
0.10379815934506942 19.223 0.073
0.10496555167051147 19.071 0.06
0.10594567570628888 18.986 0.062
0.10878960014260874 19.148 0.108
0.1089029592004862 19.132 0.079
0.10972217557869035 19.169 0.065
0.10985005431816708 18.814 0.082
0.11417520093223166 19.091 0.046
0.1146769739449609 19.097 0.131
0.11487849564823582 19.1 0.057
0.11758511830489615 19.238 0.093
0.11933856886630556 19.106 0.06
0.1230709056232171 19.151 0.039
0.12385332447561259 19.119 0.12
0.12471824563717737 19.077 0.08
0.12558280256816934 19.105 0.076
0.12652606086444385 19.146 0.09
0.12659206252069444 19.371 0.122
0.12789604964714263 19.071 0.069
0.1300514747669239 19.133 0.036
0.13199892870911745 19.14 0.067
0.13200407185618124 19.101 0.053
0.13212812817155273 19.083 0.101
0.13383745976138917 19.083 0.067
0.13406933542105426 19.069 0.06
0.13446321615233492 19.13 0.053
0.13731031693591822 19.127 0.067
0.1377658276013789 19.197 0.091
0.13801076720087613 19.065 0.051
0.1388947671963705 19.22 0.083
0.14048895209148204 19.242 0.072
0.1414933566481067 19.046 0.073
0.14184969935890868 19.084 0.073
0.1418701480089566 19.075 0.09
0.14654714380608302 19.149 0.076
0.14691240204060696 19.005 0.08
0.14852196632969017 19.059 0.064
0.14965413490849633 19.035 0.047
0.15271796966012507 19.112 0.039
0.15328845139961222 19.004 0.061
0.15340302259178307 19.086 0.055
0.15718624197588715 19.09 0.093
0.15768837072723718 19.132 0.084
0.1580556137011171 19.093 0.079
0.15885112506080068 19.132 0.062
0.15952376957707193 19.111 0.061
0.1613408848594644 19.069 0.06
0.16302126796167604 19.184 0.075
0.16323243246883967 19.029 0.093
0.16365814792291067 19.185 0.102
0.16389358091796558 18.986 0.076
0.16407710444459545 19.043 0.072
0.16430314437243387 19.048 0.094
0.164418784187228 18.974 0.053
0.16598927845975586 19.194 0.073
0.16612631869306815 19.172 0.076
0.16734287163549189 19.228 0.08
0.16765360398053408 19.077 0.072
0.16810745943953398 19.174 0.075
0.16926182370402776 19.191 0.1
0.17044845608929782 19.112 0.054
0.17120075255811562 19.233 0.082
0.17217212819709848 19.07 0.068
0.17287936005700422 19.03 0.125
0.17400128884551114 19.139 0.038
0.17567258929525442 18.994 0.068
0.17640552508296414 19.042 0.06
0.17648952491585979 19.1 0.053
0.1771045722413418 19.134 0.094
0.18195430483924602 19.237 0.065
0.18305370014209066 19.073 0.087
0.18451114931363 19.081 0.051
0.18595717653502097 19.051 0.054
0.18627851526130135 19.196 0.06
0.18632354776232196 19.236 0.094
0.18753073856682922 19.312 0.084
0.18883406780641954 19.189 0.084
0.18900819095474608 19.101 0.055
0.18926327851331726 19.25 0.08
0.18951888893811875 19.209 0.057
0.1906310127436881 19.148 0.1
0.19176078820660214 19.318 0.091
0.19187009917245623 19.08 0.078
0.19196204245977233 19.137 0.065
0.19222550569124897 19.191 0.073
0.19500351321644294 19.055 0.06
0.19559207315492122 19.074 0.068
0.1998805296494992 19.097 0.105
0.20000686435982962 19.055 0.076
0.20166453481274393 19.137 0.061
0.20181847580774948 19.17 0.054
0.20215972097107615 19.046 0.072
0.20368603418924058 18.98 0.065
0.20423449232080193 19.16 0.065
0.20536568056390936 19.142 0.079
0.20586948836412378 19.15 0.046
0.20588884904523186 19.236 0.108
0.20597222310120744 19.185 0.05
0.20832471936014374 19.128 0.06
0.2102567556691156 19.201 0.051
0.2114324533191848 19.279 0.068
0.21332962892952312 19.239 0.084
0.21732556629890498 19.167 0.108
0.21837287769280922 19.175 0.061
0.2189029125153411 19.143 0.043
0.2215938262439977 19.128 0.126
0.22185467069189146 19.275 0.098
0.2263931395861164 19.234 0.1
0.2269808039342479 19.097 0.051
0.22741425983726915 19.169 0.075
0.22797995062469456 19.101 0.075
0.2285101466710785 19.114 0.082
0.2289076850608126 19.064 0.064
0.23220466968964504 19.073 0.102
0.23300605501904104 19.1 0.071
0.23536822996029516 19.131 0.098
0.239373458892851 19.05 0.046
0.24262636160769946 19.06 0.089
0.2428238470253291 18.988 0.067
0.2475708831258544 19.097 0.055
0.2476984143931077 19.15 0.098
0.25141566541119575 19.163 0.078
0.2527713280711851 19.236 0.079
0.25523504001207586 19.137 0.076
0.2552826207208 19.173 0.076
0.2557309043574151 19.167 0.112
0.25626665428776507 19.143 0.098
0.25747949952360616 19.043 0.133
0.2592523716690721 19.319 0.108
0.25929930393854195 19.028 0.071
0.26187863185000426 19.093 0.068
0.2633482817069762 19.035 0.098
0.2646263451403229 19.024 0.093
0.26510604545151184 19.091 0.051
0.2655243655678078 19.032 0.08
0.26576966585539596 19.05 0.09
0.26831297711364643 19.04 0.058
0.26949771917738874 19.134 0.072
0.27323686018976334 19.151 0.078
0.27507668930288676 19.196 0.076
0.2750965336578247 19.031 0.057
0.2768506302972128 19.252 0.102
0.27774314925104593 19.156 0.065
0.27881844909975373 19.318 0.096
0.2796966180873369 18.972 0.057
0.28006556985851605 19.041 0.055
0.2806976468342782 19.123 0.068
0.28227027857851683 19.142 0.067
0.28277970493322757 19.125 0.1
0.28342232620766483 19.108 0.049
0.2840732587098046 19.068 0.087
0.2843864306757041 19.085 0.043
0.28517397119380805 19.064 0.054
0.28527747853663643 19.112 0.065
0.28642911542910954 19.174 0.076
0.28817927610602967 19.087 0.084
0.28968070096416343 19.214 0.129
0.2897357761522926 19.079 0.079
0.29050390453417096 19.173 0.071
0.29059851074875953 19.184 0.047
0.2932649468536056 19.159 0.075
0.29420879623071416 19.203 0.078
0.2942425906677727 19.199 0.082
0.29509979994750213 19.175 0.054
0.29528890614997183 19.075 0.097
0.2957541226566264 19.228 0.075
0.29767248482553443 19.197 0.064
0.29829281976494715 19.193 0.053
0.29899914399961747 19.168 0.065
0.29946640614766695 19.045 0.087
0.3006141859201762 19.054 0.125
0.3007404644514736 19.18 0.086
0.3010972334756389 19.094 0.13
0.30118066370973795 19.229 0.129
0.302114515724179 19.183 0.061
0.30264682303700285 19.236 0.097
0.3046529309846392 19.083 0.065
0.3052016124230704 19.228 0.084
0.3061353187905752 19.004 0.096
0.3101841615399735 19.166 0.073
0.31112818889973826 19.08 0.083
0.31245364443125256 19.433 0.187
0.3133888207109067 19.117 0.073
0.3136129285357129 19.163 0.108
0.3162536378228197 19.175 0.098
0.31686470150011703 19.061 0.078
0.31893392487031635 19.09 0.057
0.3193256513724464 19.147 0.09
0.31993209713041326 19.034 0.068
0.32047663369544355 19.138 0.062
0.3217248089066743 19.168 0.098
0.3243903827120903 19.181 0.073
0.32461613134605616 19.165 0.12
0.3247613680884115 19.138 0.054
0.32599634552175305 19.231 0.107
0.3285079020785361 19.088 0.06
0.3296049222068632 19.133 0.053
0.331248184153219 19.125 0.068
0.33140196628542073 19.15 0.073
0.3323581440560247 19.339 0.131
0.3324848106609807 19.021 0.098
0.3326476910230213 19.298 0.119
0.3334609331083357 19.119 0.036
0.3346733817785662 19.156 0.084
0.33760106244053534 19.214 0.101
0.3381795700185194 19.324 0.102
0.3386446217597495 19.202 0.072
0.3391373479968479 19.32 0.093
0.33927848046791953 19.104 0.057
0.33939640480789424 19.091 0.125
0.3412129802396976 19.259 0.08
0.34434728751207333 19.133 0.094
0.3468877710762627 19.15 0.055
0.3472695073011437 19.2 0.075
0.34803533698745925 19.36 0.061
0.3500054008951793 19.141 0.09
0.3500122910787923 19.172 0.065
0.3508460509816814 19.272 0.058
0.35186989388025725 19.258 0.071
0.35410653646399626 19.137 0.054
0.35446433491656537 19.214 0.062
0.35672048146684576 19.067 0.084
0.35943457830185255 19.199 0.049
0.3598487941459553 19.284 0.071
0.3634849185752046 19.077 0.051
0.3646794514512749 19.251 0.087
0.3656143102326951 19.165 0.091
0.3657105225594478 19.129 0.083
0.3657911786910063 19.123 0.076
0.3658181771367254 19.031 0.065
0.36602465455839595 19.29 0.108
0.3664999187027661 19.062 0.076
0.36685600953924224 19.208 0.097
0.3671695575427748 19.146 0.062
0.3672560519927629 19.22 0.073
0.36917302286351517 19.189 0.076
0.37003802640870165 19.091 0.062
0.37076346181370357 19.111 0.055
0.3713978518818749 19.288 0.079
0.3741348261334224 19.11 0.089
0.3749691376957799 19.152 0.06
0.37541250385370406 19.237 0.082
0.3757888150845702 19.186 0.096
0.37580488469998274 19.247 0.068
0.37727084456460036 19.323 0.091
0.3778714892884182 19.226 0.086
0.37952234957870135 19.28 0.111
0.3807076314937149 19.286 0.086
0.3809369886922923 19.165 0.076
0.38098082581714154 19.201 0.086
0.3854152833947865 19.127 0.049
0.3855228149883715 19.053 0.072
0.38770510139843284 19.175 0.064
0.38833041117541145 19.229 0.093
0.38988872270160757 19.179 0.069
0.3906204607516429 19.107 0.062
0.3925488191020122 19.415 0.114
0.39388356501663113 19.203 0.087
0.39561261797612135 19.232 0.089
0.3971211180857154 19.196 0.055
0.39760881212591814 19.101 0.071
0.39778000017340676 19.045 0.129
0.3978062737011442 19.316 0.076
0.4 19.467 0.194
0.40006109008177193 19.258 0.08
0.40044916719184587 19.185 0.057
0.40116524400004894 19.37 0.084
0.4018472733165709 19.322 0.111
0.40208860435236604 19.141 0.069
0.40345985767921777 19.399 0.133
0.4044574400401416 19.271 0.08
0.4060261025307682 19.221 0.069
0.4067988976986726 19.285 0.076
0.4072172416578269 19.177 0.096
0.40953508258612603 19.246 0.105
0.4111628445158658 19.042 0.068
0.41148099250008274 19.205 0.046
0.41473067213578363 19.208 0.055
0.4159306420421217 19.244 0.112
0.4179327101625404 19.19 0.079
0.420058585085053 19.23 0.094
0.4229687224502868 19.128 0.064
0.42351526995994393 19.229 0.065
0.4244575538256413 19.24 0.09
0.4246000190529685 19.403 0.098
0.42472111619795216 19.162 0.089
0.4248066839042167 19.155 0.069
0.4252206764409948 19.197 0.05
0.42851807416686827 19.158 0.089
0.42930492918699203 19.296 0.062
0.4299803298673851 19.146 0.105
0.43110514134709776 19.219 0.057
0.43129996383836444 19.245 0.096
0.4325328909059408 19.276 0.082
0.43318543801310627 19.235 0.115
0.43588614846034945 19.143 0.049
0.4372699726069641 19.237 0.04
0.4397814323844159 19.168 0.078
0.43984544339823517 19.229 0.06
0.44004972716870727 19.087 0.046
0.44014321212503094 19.089 0.065
0.44096838485679657 19.058 0.097
0.4410901077787003 19.31 0.075
0.44233197067082985 19.168 0.087
0.44294128731135063 19.028 0.107
0.4435526278854468 19.249 0.087
0.4448048858870607 19.157 0.084
0.44665181291352385 19.186 0.082
0.4472788494255383 19.189 0.072
0.44765822487229345 19.205 0.067
0.4476958511810608 19.106 0.068
0.4478499151597589 19.26 0.061
0.4487544258887738 19.129 0.101
0.4488915102657757 19.032 0.127
0.4490539152208385 19.128 0.05
0.45027033809369643 19.106 0.134
0.45074761436230804 19.056 0.079
0.4524511531850749 19.117 0.064
0.4537567499661691 19.288 0.093
0.4546664062042055 19.082 0.068
0.45611282999143443 19.227 0.111
0.45662161381064836 19.116 0.143
0.45671269125582514 19.103 0.06
0.4581093118919398 19.135 0.051
0.4587913997494525 19.151 0.068
0.4596664400770806 19.152 0.062
0.4610444284933465 18.865 0.062
0.4624110938745162 19.249 0.053
0.462862054834568 18.99 0.072
0.4636187456896096 19.149 0.055
0.4636327602171605 19.11 0.044
0.46553117770977226 19.132 0.068
0.46647457692929495 19.097 0.065
0.4665163207263504 19.244 0.134
0.4668945437594175 19.035 0.053
0.4692052305955713 19.061 0.054
0.47203542825595834 18.857 0.062
0.4723587623499498 19.033 0.058
0.47292919167980474 18.915 0.083
0.4733103583058892 18.902 0.06
0.4750500235510572 19.247 0.068
0.4758959482620867 18.953 0.065
0.47591364429140415 19.155 0.075
0.47621718430459625 19.146 0.09
0.47628861095577124 19.129 0.104
0.4775059209256597 19.076 0.054
0.4800608835709227 18.944 0.06
0.48015335821869487 19.039 0.089
0.4803248016820817 19.068 0.06
0.48127574801756057 19.034 0.072
0.4815427756699592 19.151 0.084
0.48204853233132783 18.864 0.055
0.4827818908903737 18.961 0.051
0.48278944390963263 18.912 0.126
0.4829419936064824 19.003 0.038
0.48336015486042927 19.041 0.055
0.48424479739164783 19.065 0.087
0.48455783079421055 18.882 0.084
0.4859819203335519 19.008 0.047
0.4861668469663073 19.09 0.075
0.48618624824907786 19.169 0.078
0.48756854276248307 19.05 0.067
0.4884974402399621 18.9 0.042
0.49113376953905574 19.02 0.051
0.49121458099048143 19.042 0.075
0.4912585684857277 19.068 0.062
0.4932053739882122 18.993 0.055
0.49326487589737555 19.054 0.051
0.4943178499894657 18.99 0.053
0.49674418867530223 18.871 0.067
0.497671923111875 18.924 0.053
0.4977601705014877 19.036 0.073
0.49818879485214895 18.984 0.033
0.49907205693957624 18.903 0.089
0.4994007527640406 19.05 0.084
0.5000765294832036 18.901 0.049
0.5006705108732149 18.908 0.038
0.5028410599708423 19.028 0.075
0.5028683055667443 18.963 0.055
0.5030298878688427 18.95 0.049
0.5045548647873602 18.957 0.057
0.5056300560471755 18.94 0.067
0.5061764099970333 18.877 0.055
0.5085693054867534 18.921 0.054
0.5094007260930994 18.903 0.06
0.5102596441680817 18.968 0.057
0.5104541992092436 19.026 0.049
0.5113558916915736 18.993 0.054
0.5119333544900201 19.057 0.08
0.5119747734765042 18.965 0.078
0.5127790797365833 19.003 0.057
0.5134208878049776 18.728 0.069
0.5164253030322016 18.881 0.044
0.517368922016567 19.008 0.08
0.5187473450120251 19.198 0.079
0.5202432863349259 18.96 0.051
0.5204692497842643 18.962 0.057
0.5238640337317065 18.944 0.064
0.5242040226172776 18.888 0.079
0.5252330863237603 18.99 0.069
0.52559139583459 18.791 0.054
0.5260292258223217 18.829 0.053
0.5286628921936881 18.881 0.072
0.5312751057384958 18.83 0.082
0.5314235511638344 18.815 0.051
0.5327387251239998 19.03 0.133
0.535115596322521 18.929 0.116
0.5363642264138889 18.861 0.08
0.539398975296217 18.883 0.064
0.5404252936919193 18.802 0.064
0.5407101750548918 18.825 0.062
0.54093704494735 19.037 0.096
0.5425328562556843 18.797 0.044
0.5438268328031427 19.037 0.086
0.543971837973595 18.871 0.042
0.5448838873254772 18.907 0.061
0.5450309058016046 18.949 0.084
0.5450442718889917 18.961 0.061
0.5452410611816504 18.86 0.044
0.5456590026702998 18.865 0.054
0.5464931697666998 18.945 0.093
0.5466752425012601 18.896 0.09
0.5469955279565056 18.878 0.06
0.54706845449291 18.871 0.055
0.5476987641319738 18.747 0.069
0.5480944790066588 18.875 0.044
0.5482049674079917 18.744 0.068
0.5487551140351116 18.873 0.049
0.5499276089073192 18.967 0.053
0.5509953748557109 18.875 0.054
0.5510697259811878 18.895 0.069
0.5512966579564363 18.848 0.046
0.5514423760102091 18.859 0.065
0.5521616435622946 18.788 0.043
0.5522165957660491 19.026 0.082
0.5526423100388002 18.853 0.061
0.5544809199315296 18.862 0.065
0.554682946789535 18.932 0.098
0.5554735383083426 18.878 0.083
0.55924293413741 18.887 0.039
0.5618371721663152 18.799 0.055
0.5622128111137045 18.905 0.071
0.563109340147912 18.795 0.057
0.5640516299169122 18.93 0.091
0.5646330322216727 18.733 0.069
0.5655913880651952 18.83 0.044
0.5665596900418223 18.81 0.053
0.5667000619420378 18.971 0.094
0.5668115545210185 18.817 0.044
0.5671913765815134 18.83 0.154
0.5716394903608034 18.79 0.049
0.5733445064066928 18.876 0.069
0.5749317007959235 18.854 0.072
0.5767125175767888 19.001 0.084
0.5770067754739557 18.802 0.057
0.5782554294088641 18.774 0.051
0.5784648910245324 18.785 0.06
0.5842595262708074 18.741 0.05
0.5850714070326376 18.899 0.058
0.5879506758400567 18.945 0.084
0.5893817344036961 18.765 0.042
0.5914484775531946 18.787 0.08
0.5938302733153705 18.737 0.044
0.5945798424137593 18.752 0.061
0.5950853184091557 18.902 0.047
0.5952055438080152 18.758 0.043
0.5961094204925758 18.927 0.075
0.5969684412526931 18.8 0.046
0.5970011382745725 18.751 0.061
0.5979244518945507 18.942 0.046
0.5980631447461292 18.829 0.057
0.5986167616016701 18.801 0.035
0.5997339055694738 18.839 0.062
0.6000736149695968 18.924 0.043
0.6005327282952294 18.873 0.038
0.6005441037392757 18.773 0.047
0.6023715853385966 18.847 0.053
0.6037305152211957 18.738 0.06
0.6052816785592313 18.961 0.051
0.6092659383363298 18.835 0.046
0.6095623063189578 18.825 0.054
0.6095737700512928 18.79 0.035
0.609718225923325 18.887 0.04
0.6113570026078833 18.839 0.042
0.6114777475574101 18.792 0.053
0.6115284163257911 18.75 0.05
0.6160369419991639 18.735 0.049
0.6165782292806853 18.853 0.068
0.6167825071476273 18.918 0.094
0.6183235919212621 18.86 0.044
0.6189815496269603 18.798 0.043
0.6193633061526725 18.761 0.05
0.6204933695945783 18.796 0.076
0.6215413532715047 18.879 0.071
0.6222988478863499 18.761 0.065
0.6223163623896198 18.801 0.039
0.6230248240969104 18.788 0.036
0.6235373038140551 18.912 0.057
0.623932972182638 18.841 0.071
0.6239637309705813 18.849 0.044
0.6278145437269359 18.863 0.078
0.6278500087215889 18.806 0.049
0.6288017012308501 18.927 0.087
0.6299146465086324 18.844 0.082
0.6321142885605241 18.771 0.042
0.6338329405067725 18.893 0.061
0.6356173708024017 18.889 0.06
0.6360334125237387 19.023 0.108
0.638340258996459 18.763 0.08
0.6392702312265556 18.851 0.084
0.6412777219790314 18.825 0.038
0.6416892843432379 18.826 0.08
0.6420225586665765 18.832 0.05
0.6429132016952736 18.826 0.089
0.6435856814449835 18.785 0.084
0.6435924451011715 18.792 0.054
0.6455318647128024 18.841 0.04
0.6481033077103803 18.779 0.049
0.6494039190260082 18.802 0.076
0.6505167292840724 18.796 0.067
0.65190613728887 18.847 0.051
0.6524210183858031 18.847 0.057
0.6527429590458041 18.938 0.112
0.6534900620942153 18.809 0.061
0.6534970658148268 18.763 0.09
0.6537036459202682 18.882 0.072
0.6539898097659261 18.816 0.057
0.6554983039701711 18.778 0.044
0.6561970489807664 19.056 0.051
0.656990619970793 18.846 0.114
0.6602110107311546 18.775 0.057
0.6614392795055665 18.87 0.054
0.661744349151968 18.943 0.078
0.6622351288903247 18.786 0.078
0.6623945175421341 18.851 0.072
0.6625136478861805 18.939 0.057
0.66325674698478 18.827 0.065
0.6639373911345047 18.9 0.058
0.6649661729922173 18.755 0.068
0.6652507427603723 18.822 0.044
0.6655343177968917 18.886 0.055
0.6660202707049848 18.869 0.083
0.6665279070611178 18.912 0.05
0.6667369112089091 18.786 0.046
0.667570365421534 18.817 0.075
0.66765212864143 18.796 0.082
0.6677403557313483 18.815 0.058
0.667908957105874 18.892 0.051
0.668066734921149 18.826 0.072
0.6691862240901628 18.964 0.054
0.6702478174635417 18.982 0.06
0.6713226551206845 18.831 0.05
0.6720824819473364 18.956 0.058
0.6733156908623187 18.861 0.067
0.6747299692875913 18.855 0.049
0.6747444124904632 18.944 0.055
0.6752478154591245 18.833 0.038
0.6752703227399707 18.83 0.049
0.6759154983525605 18.946 0.053
0.6764641653941453 18.838 0.067
0.6765586247812735 18.871 0.053
0.6773417803616667 18.938 0.061
0.6788511045307587 18.894 0.097
0.6788896264294181 18.841 0.06
0.6793075058364139 18.756 0.065
0.6815513516045485 18.814 0.057
0.6823086623327527 18.937 0.122
0.6828493679810436 18.775 0.043
0.6830858315858223 18.913 0.038
0.6851896135055086 18.828 0.04
0.6854904702924159 18.842 0.064
0.6859925345994725 18.829 0.071
0.6890756058679927 18.861 0.067
0.6899347736814662 18.877 0.067
0.6905496824450893 18.954 0.094
0.6917202022510992 18.92 0.089
0.6920127334127756 18.804 0.055
0.6925156109261025 18.845 0.062
0.6929533143862955 18.859 0.068
0.6931639187420388 18.858 0.036
0.6947645795413792 18.637 0.08
0.6954823675083844 18.838 0.044
0.6961966913765082 18.904 0.067
0.6975026894475832 18.84 0.054
0.7001081034583422 18.811 0.058
0.7003394012523586 18.808 0.061
0.7009461085569001 18.642 0.04
0.7012923762446462 18.838 0.043
0.7036248515736588 18.885 0.082
0.7045119396285827 18.789 0.093
0.7056112525482604 18.903 0.076
0.7064532818973476 18.881 0.091
0.7065498870221291 18.803 0.047
0.7072474104517369 18.893 0.064
0.7073148916928403 18.918 0.073
0.7088472198044201 18.84 0.043
0.7105046848897928 18.852 0.071
0.710957380850823 18.85 0.057
0.7112743955409769 18.782 0.072
0.7121037454814086 18.84 0.047
0.7121323238344758 18.881 0.057
0.7125897378106402 18.859 0.049
0.7132670694128592 18.919 0.055
0.7132778608626268 18.829 0.055
0.7135375160650256 18.922 0.082
0.7150349225768423 18.902 0.065
0.7158027858682999 18.991 0.071
0.7158997410541815 18.832 0.064
0.7160898955795801 18.886 0.06
0.7162317123671983 18.873 0.046
0.717399812854319 18.775 0.046
0.7174995586734895 18.884 0.046
0.7177822739978638 19.123 0.123
0.718776790961465 18.935 0.05
0.7218843577924418 18.977 0.093
0.7227072759721068 18.87 0.046
0.7236495945350271 18.934 0.064
0.7255663541342529 18.914 0.05
0.7262441000154013 18.826 0.044
0.7267896527934227 18.823 0.05
0.7271037406486812 18.78 0.05
0.7299437900243447 18.914 0.062
0.7314839386068798 18.929 0.058
0.7319137130081345 18.879 0.068
0.7325788857084717 18.783 0.065
0.7329729694462458 18.869 0.036
0.7345807784328372 18.875 0.076
0.7374445769716204 19.001 0.084
0.7378945073216073 18.989 0.119
0.7398473921636196 18.875 0.047
0.7419467473643181 18.822 0.049
0.7442204778123142 18.9 0.038
0.7456671175956672 18.846 0.047
0.7468882502168072 18.755 0.108
0.7523342485052581 18.913 0.055
0.7528355963846934 18.944 0.047
0.753614949840221 18.951 0.065
0.7537252352355154 18.807 0.075
0.7538379099747999 18.909 0.051
0.7543833600690505 18.984 0.05
0.7545162960306243 18.87 0.05
0.7549199734800368 19.046 0.076
0.7554506305370069 18.874 0.053
0.7578228540693545 18.947 0.073
0.7580996475113807 18.917 0.036
0.7582091638429574 19.075 0.072
0.75905456309888 18.867 0.049
0.7596986054192257 18.87 0.073
0.7621258982350355 18.843 0.055
0.7649804696535739 19.016 0.091
0.7660957733475243 18.906 0.071
0.7677839124768525 18.895 0.051
0.768378298698417 18.9 0.047
0.7692064162044062 18.94 0.04
0.7701401572677696 18.807 0.076
0.7705415563224506 18.767 0.091
0.7708789729300861 18.784 0.06
0.7712028922011541 18.923 0.055
0.7722932895955182 18.913 0.036
0.7728537489489554 18.89 0.043
0.7742615396613474 19.024 0.094
0.7749967824107898 18.975 0.084
0.7770558842531955 19.012 0.051
0.7778368617604429 18.945 0.069
0.7782499119763543 18.855 0.078
0.7786257886265503 18.92 0.068
0.7792870135548583 18.72 0.071
0.7793108916063375 18.975 0.08
0.7793337213357973 18.951 0.043
0.7798622359711317 18.878 0.053
0.7819758075253503 18.836 0.061
0.7828141147716906 18.842 0.051
0.7831556417824231 18.881 0.086
0.7846939203447164 18.917 0.055
0.7855779991811233 18.895 0.079
0.7865483359452355 18.842 0.06
0.7900504437563086 18.862 0.069
0.790087476623421 18.914 0.096
0.7911761269826002 18.855 0.055
0.7918044053764334 18.975 0.047
0.7926775900802113 19.097 0.131
0.7952551159584346 18.918 0.055
0.7970343887106083 18.919 0.053
0.7975461376041949 18.988 0.042
0.7976615602421134 19.048 0.082
0.7981893464163022 18.855 0.053
0.7992963329783379 19.059 0.08
0.8007103319183898 18.804 0.047
0.8020147156104486 18.929 0.119
0.8035679687342508 18.861 0.067
0.8066005157006884 18.875 0.083
0.807375122348867 18.891 0.08
0.8075145472036183 18.941 0.042
0.8091942724196541 18.974 0.049
0.812510605694706 18.996 0.054
0.8129656350489767 18.915 0.033
0.8138107118553761 18.976 0.072
0.8138982666629544 18.893 0.039
0.8147403927911454 19.129 0.094
0.8162755271147488 18.95 0.084
0.8163709585716332 19.108 0.09
0.8170735928130397 19.009 0.082
0.8171691472540714 18.958 0.064
0.8185610796223499 18.999 0.044
0.8186660068291984 19.015 0.049
0.8188564349358329 18.973 0.065
0.8218018819740336 18.869 0.05
0.8223639880412974 18.843 0.044
0.8225650846121879 18.98 0.083
0.8277963886681845 18.926 0.051
0.8279573189876372 18.935 0.047
0.8281992732123853 18.947 0.042
0.8297658279795086 18.942 0.075
0.8319048921881858 19.116 0.072
0.8325760512149372 18.869 0.039
0.8342336775246166 18.913 0.053
0.8352491697738968 18.992 0.093
0.835545179430619 18.971 0.079
0.8359256593763802 18.993 0.046
0.8370760196918581 18.994 0.064
0.8379913398084908 18.891 0.084
0.8396268636683089 18.868 0.058
0.8406580672073232 18.914 0.049
0.841618592856912 19.192 0.094
0.843194799877574 18.95 0.047
0.8445992995231335 18.871 0.05
0.8455735316489608 18.979 0.062
0.84593444790803 18.964 0.051
0.8460602212859611 18.877 0.047
0.8462754350672639 18.976 0.038
0.8470144204467487 19.026 0.12
0.8478384110182104 18.973 0.05
0.8482492951949552 19.016 0.091
0.8487681802422684 18.968 0.053
0.8493905608221666 19.022 0.116
0.849772425936544 18.908 0.058
0.8498772098570497 18.97 0.062
0.8499899348713824 18.909 0.049
0.8500964181424933 18.699 0.073
0.8507288855531896 18.943 0.043
0.8515123432813652 18.908 0.055
0.8518748394482372 19.065 0.072
0.8529934771719581 18.901 0.05
0.854313449168012 18.957 0.04
0.8558444065096409 18.986 0.098
0.8561608719011473 18.978 0.091
0.858268458307657 19.015 0.039
0.8599713045465704 18.958 0.054
0.861273920902613 18.923 0.082
0.86129645438873 19.047 0.072
0.8622450588387891 18.897 0.061
0.862523992339129 18.9 0.072
0.8630567568949572 18.946 0.072
0.8641192805549962 18.981 0.065
0.8644966665375704 18.916 0.04
0.8658841041994036 18.923 0.06
0.866193113350755 18.983 0.047
0.8668844689269917 18.934 0.061
0.867383785562788 19.022 0.058
0.8728559369807498 18.847 0.069
0.8731740287863885 18.929 0.038
0.874278831145284 18.898 0.055
0.8751717669644221 18.952 0.054
0.8763583266392287 19.096 0.094
0.8804590538335559 18.979 0.043
0.8806531658025505 18.959 0.075
0.8806552735269633 19.009 0.05
0.8831319346878899 18.936 0.046
0.8831704029968477 19.109 0.108
0.8844801231704422 19.009 0.04
0.8847902941821757 18.87 0.057
0.885561496452874 19.248 0.154
0.8880358851235086 18.924 0.049
0.8893677783204565 19.071 0.067
0.8900499341649719 19.004 0.035
0.8906286232674119 18.816 0.072
0.8922387691897256 18.975 0.055
0.8935276431926922 18.9 0.04
0.8938367670636125 18.994 0.102
0.8939771484107495 18.925 0.046
0.8944333169617038 19.118 0.137
0.8948435109174624 19.02 0.082
0.896796496080833 18.84 0.039
0.897287254338289 18.982 0.091
0.898975076922079 19.156 0.096
0.9003310858730855 18.966 0.053
0.9009088805675218 18.928 0.053
0.9011122925918698 18.916 0.042
0.901393589232748 18.817 0.078
0.9017919408289798 18.993 0.086
0.9020272867175207 19.008 0.14
0.90556726680702 19.002 0.076
0.9058562226934099 18.98 0.044
0.9074404734898507 18.908 0.046
0.9074903231472944 19.043 0.053
0.9081583964768014 19.044 0.035
0.9082303271008185 19.005 0.123
0.9160258041626093 18.976 0.068
0.9175110005418445 18.923 0.061
0.9176563281609105 19.155 0.109
0.9180053208580374 19.004 0.049
0.9184979562211537 19.055 0.076
0.918641011347654 19.016 0.068
0.9192650827859778 18.969 0.067
0.9194738171214794 19.051 0.057
0.920247423133469 18.957 0.06
0.9211266321787206 19.008 0.046
0.9229063886029052 18.992 0.067
0.9241851207758827 18.96 0.069
0.9242926726689347 18.843 0.054
0.9247262432906154 19.11 0.109
0.9255673005706284 18.962 0.04
0.9265696356429998 18.801 0.055
0.9282468806383348 18.981 0.062
0.9286058218305242 18.943 0.054
0.9318767083256261 18.984 0.046
0.9337482503566661 19.071 0.05
0.9348272843425547 19.037 0.134
0.9351883474297664 18.877 0.049
0.9357031402384108 19.012 0.064
0.9364787368946508 19.08 0.115
0.9383226690985338 19.109 0.091
0.9390263195533861 18.954 0.043
0.9424383064107587 19.065 0.054
0.9426289660892961 18.897 0.06
0.9445308741111602 19.07 0.069
0.9456493888489148 18.988 0.043
0.9460090429262435 18.989 0.057
0.9476533593257499 19.024 0.04
0.9479039819231274 18.964 0.065
0.9487475493982855 18.881 0.058
0.9516523059125119 19.049 0.047
0.9519057144222187 19.11 0.051
0.9533433277307721 18.985 0.061
0.9535650698277549 19.002 0.05
0.9554707143485301 18.952 0.062
0.9561735898365895 18.926 0.075
0.9566078912804641 18.972 0.078
0.9568570342936709 19.104 0.087
0.958941725345221 18.937 0.064
0.9590486790736121 19.136 0.061
0.9598563731789453 18.945 0.058
0.96143014057875 19.045 0.075
0.9623867649630937 18.99 0.046
0.9638267414126402 19.092 0.084
0.9640430049240876 18.95 0.093
0.9669889427219913 19.01 0.062
0.967949909081335 18.904 0.101
0.9714287608500398 19.007 0.046
0.9738910076017873 18.985 0.078
0.97505757232434 18.963 0.068
0.9760792024523197 18.941 0.067
0.9766004305655769 19.028 0.079
0.9766499863404987 19.059 0.057
0.976935384892522 18.944 0.044
0.9791990988586803 19.089 0.087
0.9794026959504207 18.979 0.075
0.979670106952335 19.028 0.06
0.9805334961196421 19.159 0.137
0.9807090988530489 18.951 0.068
0.9833608958339481 19.119 0.083
0.9846462125011839 18.98 0.038
0.9892425545282548 19.045 0.053
0.989653907981983 18.953 0.053
0.9899530654180579 19.031 0.068
0.9912627999880441 18.999 0.071
0.9913159263138822 19.036 0.064
0.9931984092101174 18.964 0.064
0.9960610303116026 18.954 0.076
0.9962236491261591 19.061 0.149
