7.274014751601499e-05 19.086 0.07
0.001512066317445715 19.267 0.079
0.0033995510520981043 19.096 0.068
0.0075513525398491765 19.199 0.08
0.007883869051511283 19.156 0.057
0.00841093070266652 19.039 0.082
0.010716146827689954 19.058 0.091
0.011750809039767773 19.113 0.083
0.01207102898388257 19.036 0.076
0.013716449442199519 19.213 0.079
0.014903642782883253 19.129 0.055
0.01902634172074613 19.042 0.072
0.01961600419599563 19.151 0.09
0.019851512983223074 19.057 0.065
0.02085161168997729 19.066 0.074
0.021141535731658223 19.089 0.077
0.02207649553747615 19.049 0.081
0.022255379895796068 19.027 0.1
0.02242559317710402 19.057 0.065
0.02254412817001139 19.172 0.117
0.02273605462778505 19.037 0.092
0.02619538830640522 19.207 0.102
0.027944453842792427 19.02 0.066
0.02818338985707669 19.073 0.095
0.028187774490106676 19.258 0.118
0.028410663035174366 19.128 0.086
0.031137305553784245 19.052 0.079
0.03221626442973502 19.268 0.091
0.03421896160671167 18.967 0.066
0.03715246530191507 19.115 0.105
0.03778778674950445 19.091 0.07
0.03812471322817146 19.191 0.068
0.04037318789505662 19.014 0.104
0.04146078539542941 19.199 0.068
0.04216655009531678 19.159 0.061
0.04447891378458735 19.131 0.066
0.04676645361905685 19.065 0.072
0.04831131560149515 19.063 0.072
0.050264604164112825 19.024 0.064
0.05236372600211325 19.185 0.067
0.05485236123058712 19.017 0.054
0.05496777968619426 19.155 0.117
0.05753913589387594 19.098 0.08
0.06415313291654456 19.156 0.091
0.0652378186318856 19.099 0.043
0.06689600295248965 19.178 0.103
0.06803045989727252 19.059 0.081
0.06929243108561423 19.172 0.072
0.07128816975546215 19.149 0.067
0.07153627219076952 19.02 0.086
0.07490512243748526 19.123 0.091
0.07499693761110393 19.166 0.081
0.07656378514548123 19.125 0.089
0.07964997594353918 18.989 0.066
0.08186776927686878 19.29 0.098
0.0856389878445043 19.264 0.159
0.08564014476996817 19.282 0.083
0.08717944635100139 18.964 0.055
0.0885707373099649 19.05 0.056
0.09030783706839429 19.134 0.073
0.09386578908242882 18.905 0.091
0.09400022143199749 19.021 0.072
0.09441964592133445 18.995 0.049
0.09634596636624337 19.104 0.059
0.09660765816806816 18.995 0.075
0.09902657746170007 19.125 0.053
0.10096326019447588 19.14 0.067
0.10102389554504043 19.177 0.072
0.10119646622297296 19.148 0.062
0.10356912923907657 19.118 0.073
0.10586075076571433 19.182 0.053
0.10737073206200876 19.116 0.054
0.10878759303432162 19.181 0.099
0.10886630246022833 19.153 0.077
0.11362294881564594 19.214 0.109
0.11533519352542498 18.997 0.05
0.1200266509413268 19.079 0.054
0.12013150821439922 19.12 0.084
0.12076908175095014 19.209 0.091
0.12084403441622271 19.144 0.076
0.12189362359913503 19.044 0.083
0.12337837865470647 19.208 0.066
0.12395820726669626 19.102 0.071
0.12585392111850524 19.256 0.073
0.126614979131773 19.122 0.103
0.12844948440215376 19.177 0.095
0.1327917441039972 19.258 0.064
0.13323273165860883 19.128 0.071
0.13733874939453017 19.102 0.092
0.13830737119951664 19.242 0.131
0.13938943237508283 19.091 0.087
0.14079538379064616 19.31 0.142
0.1408236524575841 19.151 0.088
0.14170347555227636 19.291 0.086
0.14227984050739906 19.273 0.104
0.1426444682847432 19.297 0.096
0.14302217124350136 19.208 0.065
0.1432336335301443 19.181 0.091
0.14424252097524004 19.101 0.072
0.14449911380870617 19.119 0.056
0.1485884003063802 19.265 0.127
0.14862917678601661 19.252 0.089
0.14952416929099854 19.19 0.056
0.1549725555087207 19.489 0.131
0.15553164132870734 19.303 0.069
0.15614627588365693 19.176 0.099
0.15723242398235016 19.202 0.126
0.15885717115816078 19.278 0.101
0.15982050556795002 19.364 0.139
0.1610325644223849 19.221 0.081
0.16393467181842425 19.049 0.069
0.16507117421133444 19.261 0.084
0.16746657668954867 19.196 0.083
0.16824459540021053 19.191 0.077
0.17243686204892583 19.201 0.068
0.17638363782225497 19.161 0.075
0.17955923573026666 19.167 0.074
0.17956243287153484 19.43 0.171
0.1817883799521951 19.427 0.186
0.1819031204968269 19.388 0.09
0.1858466432295245 19.14 0.098
0.18720462768487778 19.156 0.046
0.19038738487870432 19.268 0.106
0.19549528088737134 19.15 0.064
0.19675174820304164 19.251 0.095
0.19754929814007482 19.097 0.06
0.1999586006759273 19.046 0.067
0.20530391441570828 19.087 0.072
0.207588518391276 19.116 0.06
0.2083479716588954 19.176 0.09
0.21003781418949075 19.069 0.066
0.21028351693894365 19.157 0.089
0.21107121940167417 19.346 0.12
0.21112749545318366 19.147 0.09
0.21132628872055648 19.099 0.076
0.21213234601236763 19.162 0.055
0.2149659555298058 19.13 0.127
0.2157682872548321 19.397 0.084
0.2207990532497206 19.234 0.127
0.22371079373078828 19.204 0.089
0.22630613991077553 19.29 0.075
0.22716063606003445 19.425 0.11
0.22881976543249039 19.081 0.064
0.22975807835427986 19.143 0.074
0.23133620203543614 19.094 0.075
0.23244217843875958 18.989 0.075
0.23293267531062156 19.326 0.136
0.23303299784038245 19.097 0.056
0.23333537442522356 19.079 0.072
0.23440886459729882 19.106 0.083
0.23701265699946816 19.234 0.059
0.23738306416998967 19.289 0.084
0.23807786990528257 19.2 0.061
0.23814094974750333 19.072 0.073
0.2412976344648996 19.179 0.084
0.24281364868784294 19.223 0.115
0.243068935113115 19.297 0.073
0.24394516914344422 19.171 0.059
0.24494469587898493 19.083 0.08
0.2466783313520864 19.296 0.084
0.2484922303337953 19.596 0.18
0.25084711175168195 19.497 0.113
0.25108377034302976 19.012 0.075
0.25147975799154665 19.208 0.12
0.2542565324665702 18.977 0.089
0.2544920152895429 19.047 0.081
0.25479684159836324 18.836 0.062
0.2559407645594547 19.205 0.096
0.2561801035899407 19.253 0.075
0.25870639938875684 19.189 0.075
0.2588265573440367 19.392 0.104
0.25929957555854344 19.2 0.081
0.2593372107958203 19.154 0.069
0.2617976768042354 19.357 0.113
0.2618401444965457 19.254 0.074
0.26271478027047124 19.406 0.071
0.26286541480476444 19.222 0.084
0.26363113171464647 19.121 0.064
0.2651237350592055 19.178 0.059
0.26641415036010585 19.146 0.084
0.2685016041286872 19.248 0.105
0.27299348443193594 19.362 0.086
0.27581647623992467 19.274 0.139
0.2763347497821087 19.12 0.069
0.2770947756507667 19.108 0.072
0.279040904928479 18.968 0.087
0.27936356350164715 19.358 0.113
0.28009201762597513 19.097 0.121
0.28382837561002816 19.15 0.113
0.2844065259914714 19.249 0.095
0.2845224982047512 19.137 0.083
0.2851571157807484 19.206 0.086
0.2877230870344647 19.151 0.124
0.28808571290846885 19.187 0.077
0.2881922184769792 19.131 0.061
0.2894439527844952 19.135 0.041
0.28994907054129726 19.207 0.079
0.2907975838015773 19.211 0.075
0.29130793954482215 19.259 0.097
0.2915127657388439 19.33 0.068
0.2916616713764597 19.244 0.097
0.29269775702687184 19.239 0.062
0.29393758731748676 19.14 0.061
0.29397700735080434 19.12 0.054
0.29456890307392314 19.175 0.075
0.29876177812093374 19.223 0.114
0.29974409523129 19.18 0.062
0.3019118319784866 19.221 0.071
0.3047298307537858 19.233 0.089
0.3050614327812582 19.071 0.07
0.3063878655921144 19.192 0.074
0.31299775035768107 19.096 0.096
0.3138433836566037 19.235 0.176
0.31385237714766845 19.219 0.086
0.3149146294881575 19.445 0.115
0.31565898096869205 19.185 0.056
0.3163487494957735 19.24 0.088
0.3165031154585449 19.303 0.117
0.32593653469666606 19.074 0.07
0.32606756452059926 18.959 0.105
0.3275630666685174 19.316 0.088
0.32823196762456064 19.185 0.102
0.328550290973908 19.247 0.083
0.3289334042210612 19.178 0.077
0.32964250256463856 19.231 0.092
0.3318123107237625 19.174 0.094
0.3321204901485544 19.215 0.074
0.3321882588229528 19.34 0.1
0.334753476797232 19.485 0.105
0.3364361795129298 19.188 0.066
0.33806278622705577 19.15 0.097
0.3384663250844824 19.17 0.066
0.3403103028622354 19.365 0.088
0.34603218022039073 19.219 0.061
0.3474097817365873 19.261 0.087
0.34948653133233165 19.4 0.117
0.3496614853693245 19.289 0.132
0.3516158743300366 19.291 0.074
0.352911482813397 19.214 0.079
0.3561585762208779 18.998 0.112
0.3563592231639632 19.278 0.069
0.35864615983291515 19.189 0.089
0.35945517768823265 19.232 0.087
0.3618984405611627 19.273 0.101
0.36227824486741156 18.933 0.091
0.36232379790271807 19.192 0.058
0.36273470728974644 19.203 0.08
0.3627826424271916 19.32 0.092
0.3629772935000801 19.129 0.058
0.3630373009800678 19.107 0.082
0.3632266022686963 19.422 0.176
0.3637084527681509 19.188 0.105
0.365336533588561 19.168 0.081
0.36723285060634225 19.408 0.116
0.36772930566348805 19.177 0.06
0.3685078781336415 19.297 0.064
0.36875152119409904 19.148 0.082
0.3687930620476436 18.943 0.059
0.37460960920725483 19.234 0.107
0.3749662521931896 19.056 0.086
0.37790306419992703 19.371 0.102
0.37937942830194515 19.121 0.067
0.3806061723171297 19.309 0.091
0.3806066701772579 19.102 0.075
0.3835079183563721 19.183 0.125
0.38371830495088943 19.13 0.072
0.38540746308262896 19.244 0.073
0.3878134826409223 19.173 0.075
0.38990836807079177 19.449 0.121
0.39227371645620224 19.036 0.115
0.3923769943157822 19.325 0.102
0.39324396708343556 19.188 0.088
0.39437128421377565 19.272 0.101
0.3970042402970648 19.177 0.077
0.39741297233649675 19.197 0.075
0.3994375887023125 19.22 0.11
0.4004667516455811 19.152 0.086
0.4011847388019305 19.401 0.116
0.40124910034865024 19.194 0.072
0.4021360073575124 19.139 0.071
0.40307702479549334 19.293 0.082
0.4050327207933151 19.335 0.101
0.4056314027220651 19.232 0.054
0.405969112416642 19.286 0.1
0.40903178576991195 19.38 0.092
0.4106675478105899 19.239 0.096
0.4117442292636042 19.12 0.092
0.41209796695511614 19.339 0.087
0.41443144065306114 19.269 0.062
0.41484322035103105 19.318 0.132
0.41623374630762555 19.286 0.073
0.41656017985587823 19.218 0.083
0.4175346097331385 19.369 0.091
0.42054482095318235 19.35 0.089
0.4207052698802727 19.372 0.187
0.42116163222726755 19.487 0.148
0.42127224942214525 19.334 0.073
0.42167571290883643 19.106 0.123
0.4222415667209134 19.315 0.109
0.42405912427511794 19.398 0.127
0.43141679424024915 19.185 0.125
0.43553791962631294 19.195 0.118
0.43923213296102404 19.291 0.101
0.44728706090063497 19.294 0.055
0.4474263751117178 19.269 0.096
0.4481927452261516 19.281 0.094
0.44840088036016823 19.374 0.082
0.4504526143291514 19.212 0.085
0.45467916896086535 19.213 0.077
0.45744891541926336 19.189 0.088
0.4578996920326972 19.179 0.07
0.46034006845366093 19.086 0.07
0.4622979912091978 19.398 0.105
0.4623024505831381 19.301 0.087
0.4647140058368677 19.088 0.098
0.4647902402066393 19.185 0.072
0.4652486986688018 19.34 0.068
0.46706833872895004 19.303 0.106
0.46789400721991115 19.155 0.086
0.4685402434570278 19.143 0.062
0.46988583964594 19.0 0.045
0.4720851787042193 19.185 0.111
0.47381139947174233 19.453 0.082
0.4739222226789934 19.127 0.059
0.4766926334359596 19.427 0.117
0.48248466220047703 19.258 0.095
0.4827801525043469 19.344 0.12
0.48461979568583047 19.176 0.061
0.48759166842592094 19.105 0.065
0.48869982154974423 19.066 0.07
0.48961883459105593 18.952 0.044
0.49380216301824476 19.149 0.096
0.4940639184687825 19.325 0.075
0.49743146230593993 19.034 0.075
0.49748197257576976 19.062 0.072
0.49898026109895 18.96 0.055
0.49987304569003754 19.237 0.089
0.5014321814378491 19.533 0.15
0.5035984941177958 19.347 0.131
0.5042014047039629 19.093 0.081
0.5044919072088305 19.161 0.061
0.5045689377757299 19.317 0.094
0.5051652669098985 19.09 0.065
0.5060891812854607 18.934 0.05
0.5067468938195816 19.354 0.092
0.5068173129966453 19.379 0.087
0.5084009418078494 19.294 0.158
0.5094485154786526 18.904 0.068
0.51359641009185 19.358 0.106
0.5137918950485982 18.935 0.073
0.5153161254074803 19.612 0.204
0.5159507936505179 19.185 0.067
0.5164999103617447 19.44 0.062
0.5166109559067991 19.236 0.053
0.5175389318737871 18.98 0.054
0.5183052019128809 19.188 0.101
0.5216543408851066 19.014 0.088
0.5218740270556737 19.234 0.068
0.5247705351084733 19.07 0.088
0.5268580636193292 19.04 0.074
0.5293622484578009 18.89 0.034
0.5306478176953533 18.966 0.051
0.5316715515073156 19.143 0.088
0.5343095701318816 19.025 0.075
0.5359998292888122 19.199 0.094
0.5363868734848438 18.902 0.071
0.5403260115854209 19.197 0.083
0.5410876974710845 19.335 0.112
0.5441517019371531 19.066 0.062
0.5459862078359947 19.255 0.088
0.5481529377711922 18.949 0.074
0.5485199229451609 18.864 0.079
0.5488997779193596 18.938 0.058
0.5500034521960515 18.974 0.074
0.5525066354548471 19.18 0.117
0.5533825770080512 18.979 0.055
0.5545685698771194 19.339 0.077
0.5546852199986461 19.287 0.098
0.5561054887266437 18.847 0.054
0.55713263092548 19.003 0.105
0.560775232965625 19.496 0.147
0.5629313458202887 18.902 0.068
0.5642325706030533 18.81 0.041
0.5696650458548902 19.142 0.116
0.5703475744921889 18.872 0.06
0.5719733979904049 18.753 0.082
0.5721544148918838 18.829 0.047
0.5758174490338206 19.149 0.111
0.5810809426711785 19.138 0.067
0.5811659904811677 18.904 0.094
0.5822735404371997 18.891 0.074
0.5852389077263069 18.933 0.057
0.5854419296510969 19.457 0.169
0.5856051337586905 19.117 0.067
0.5895533907578283 18.865 0.064
0.5915743433170064 19.309 0.074
0.5925954019221535 18.944 0.059
0.5942816800934452 18.834 0.059
0.5957793849220252 19.239 0.061
0.5971240218195817 18.624 0.049
0.5982020597184601 18.914 0.057
0.5983104254528371 18.894 0.04
0.5986599956177088 18.905 0.071
0.5989953979533311 19.076 0.076
0.601067924751078 18.943 0.072
0.6035147071788742 18.967 0.09
0.6050401886768668 19.28 0.098
0.6057902506699975 18.658 0.041
0.6058025531001476 18.779 0.068
0.6094621034853844 18.995 0.047
0.6102918836040772 18.763 0.076
0.6112529912570608 19.09 0.095
0.6125033691187127 18.846 0.103
0.6137197703174024 18.778 0.066
0.613924341719212 18.598 0.051
0.6146313881235983 18.979 0.07
0.6178068059825819 18.609 0.042
0.618059119490681 19.245 0.077
0.6188174223252645 18.885 0.09
0.6191061205609003 18.722 0.084
0.6230790376903315 18.684 0.086
0.6240334527219602 18.931 0.07
0.6245343424488965 18.707 0.046
0.6277309997012708 18.77 0.058
0.6280904225732229 18.817 0.041
0.6281083295798453 18.642 0.055
0.628379618668987 18.626 0.038
0.6318638932307294 18.708 0.042
0.6339268480760438 18.956 0.101
0.6342810088854094 19.028 0.074
0.6347318349075977 18.995 0.06
0.6356126537202726 18.696 0.035
0.63767666478725 19.146 0.096
0.6401268556001014 18.836 0.051
0.6402282986264254 18.843 0.087
0.6405596029444496 18.902 0.043
0.6414662635179411 18.735 0.043
0.6440571750272284 18.644 0.044
0.6450504881568122 18.984 0.069
0.6455107561205295 18.885 0.037
0.649544856497414 18.686 0.039
0.6495576002598682 18.734 0.035
0.65003902826993 18.824 0.058
0.6506953596535823 18.959 0.056
0.6509840078524576 18.922 0.049
0.6513632895953378 18.639 0.052
0.6538127602116219 18.848 0.088
0.6541678907760797 18.613 0.061
0.6548091957411089 18.952 0.089
0.6575289844313374 18.715 0.056
0.6606707227065272 18.577 0.065
0.6617933803117921 18.884 0.049
0.661968830951082 18.821 0.064
0.6628129101709419 18.805 0.062
0.6630255482250504 18.803 0.062
0.663543646321159 18.817 0.066
0.6666370458133315 18.623 0.064
0.6671030301513383 18.728 0.065
0.6672971333282476 18.811 0.053
0.6681546654126578 18.743 0.066
0.6694222470396198 18.807 0.057
0.6714435550939015 18.767 0.062
0.671622208736153 18.658 0.077
0.6719825578175005 18.862 0.057
0.6720965833983428 18.803 0.084
0.6725363893237954 18.843 0.062
0.6738134629285923 18.723 0.061
0.6771015492936385 18.803 0.039
0.6780544167349944 18.759 0.043
0.6786219182122295 18.8 0.061
0.6797112439812736 18.843 0.057
0.6838382046589686 18.878 0.058
0.6856789547291555 18.745 0.052
0.6859048408950912 18.866 0.047
0.6863173979463681 18.827 0.057
0.6901349286908953 18.775 0.051
0.6925369113632769 18.799 0.088
0.6931723634515947 18.965 0.109
0.6933743597219291 18.949 0.076
0.6977730072721897 18.913 0.07
0.6981377592001081 18.938 0.038
0.6986549317161916 18.711 0.057
0.7023614169156644 18.722 0.075
0.70240839338976 18.886 0.05
0.7028893989127027 18.886 0.054
0.7036722195125549 18.894 0.064
0.7040272636140799 18.844 0.045
0.7061738597849399 18.891 0.052
0.7063463751928793 18.737 0.058
0.7100989665577799 18.919 0.06
0.7110255107063495 18.779 0.069
0.7123273581282774 18.79 0.077
0.712712250309778 18.92 0.054
0.717314099835221 18.885 0.058
0.717867726588338 18.812 0.08
0.7187410052870291 19.106 0.107
0.7192476296022505 18.533 0.084
0.7192829380082912 18.933 0.076
0.7196883864407937 18.752 0.056
0.7201846666812344 18.678 0.047
0.720460242214358 18.969 0.061
0.7225452579832563 18.909 0.04
0.7240206016631419 18.81 0.056
0.7257369833350822 18.919 0.055
0.7286114564258241 18.801 0.081
0.729722097586091 18.86 0.053
0.7298213938311164 18.85 0.055
0.7316578593427039 18.87 0.087
0.7350166956757676 18.908 0.073
0.7371557965384454 18.74 0.05
0.7373126258353295 18.922 0.097
0.7383608774143795 18.856 0.04
0.738825102289411 18.928 0.071
0.7423865120968003 19.084 0.081
0.7439275178712705 18.745 0.069
0.7459829585641273 18.918 0.062
0.7484757047914172 18.829 0.077
0.7509421984941582 18.801 0.039
0.751270392135666 18.922 0.056
0.7526546492163106 19.086 0.068
0.7537619879285558 18.914 0.083
0.7562301910556926 18.912 0.065
0.7567914295195806 19.057 0.066
0.7630525149843379 18.916 0.084
0.7655345388238857 18.907 0.065
0.7667178252900158 18.808 0.05
0.766923752510138 18.772 0.056
0.7676272910830448 18.811 0.07
0.7682592847477281 18.845 0.053
0.7690704299138815 19.033 0.097
0.7713304237959164 19.048 0.09
0.7722512151431147 18.907 0.064
0.7750165269308127 19.11 0.092
0.7760457457734447 18.747 0.052
0.7763971202066386 18.887 0.051
0.7767648586604992 18.848 0.082
0.7775605289589294 18.97 0.058
0.7779101803562298 18.833 0.077
0.7826191469939658 18.969 0.069
0.7844152890802434 18.934 0.053
0.7847168064490688 18.86 0.053
0.7862388041903614 18.905 0.085
0.7906877449049716 18.894 0.064
0.7908042202088836 18.961 0.069
0.7927342161824527 18.903 0.077
0.7974774155327395 19.028 0.088
0.7997446428125841 18.825 0.076
0.80245709279734 19.029 0.066
0.8037221499580482 18.828 0.072
0.8048720558081186 18.949 0.069
0.8065660717275023 19.01 0.073
0.808102312039864 18.908 0.051
0.8100875889749659 19.131 0.119
0.8123304044247561 19.02 0.059
0.8141734059554437 19.013 0.121
0.8145522340155367 19.054 0.073
0.8149874310820451 18.728 0.066
0.8152016985877708 19.089 0.096
0.8162008886715739 19.037 0.083
0.8187137251161403 18.989 0.077
0.8198114165033985 19.037 0.056
0.8240862487859886 18.98 0.071
0.8252913296619226 18.896 0.056
0.8265017902590444 19.003 0.072
0.8280238074730732 19.051 0.061
0.8301050229320026 18.946 0.081
0.8309756211915555 18.864 0.086
0.8320872086624149 18.977 0.066
0.8322261497942236 19.018 0.099
0.8345276903910417 18.945 0.058
0.8362895756899889 19.042 0.077
0.8372161945799235 18.867 0.06
0.8373051486360055 18.97 0.067
0.8383209028897909 19.053 0.074
0.8397102478456873 19.068 0.073
0.8399326508842933 18.87 0.068
0.8408867487351017 18.927 0.065
0.8414152285913588 18.944 0.092
0.8430305091214905 18.928 0.079
0.8466474929982724 19.017 0.105
0.849056142329573 18.93 0.066
0.8495566030778718 18.967 0.074
0.8498413450306543 18.997 0.088
0.8508271205637357 18.964 0.057
0.852596462227666 18.98 0.064
0.8541209921831978 18.937 0.064
0.8546274169784738 18.733 0.031
0.856351983589775 18.977 0.095
0.8566551362710015 19.038 0.072
0.8573524553776224 19.086 0.075
0.8580897229430775 18.864 0.065
0.8583447669288944 19.021 0.061
0.861591512589257 19.104 0.07
0.862120073049482 19.032 0.086
0.8624272561264661 18.672 0.079
0.8632671483474041 19.121 0.081
0.8635419458969409 18.906 0.068
0.8647596652263019 18.89 0.067
0.8664373112624162 18.984 0.071
0.866546721495979 19.019 0.065
0.8669724824831064 19.151 0.072
0.8675437848978618 19.052 0.072
0.8689677733318604 19.079 0.05
0.8709016255115785 19.17 0.09
0.8713890864491987 19.045 0.095
0.8731644746503662 19.071 0.052
0.8745418207463445 19.01 0.074
0.8748569163881257 19.122 0.079
0.8751894888009701 18.914 0.074
0.8761005034411937 18.999 0.067
0.8764225575887394 19.017 0.064
0.8779856242863389 19.001 0.066
0.8782232597541224 19.066 0.087
0.878931910276151 19.261 0.121
0.8797210192233251 18.92 0.047
0.8805656015347267 19.015 0.057
0.8820196492943069 18.924 0.079
0.882199012039564 19.098 0.09
0.8842451361997519 19.173 0.076
0.8847260663505949 19.052 0.072
0.8855581037923912 18.941 0.056
0.8859066235982027 18.85 0.054
0.8911458965490056 19.018 0.059
0.8919139461522718 18.947 0.104
0.8922390862726388 19.11 0.1
0.892748763479176 19.122 0.066
0.8973901584477062 18.958 0.085
0.899278004538246 19.282 0.059
0.90200700445439 18.989 0.117
0.902293047583953 19.054 0.053
0.9026727771488368 19.298 0.071
0.9051660518016433 18.994 0.066
0.914003750934171 18.916 0.098
0.9144895882809578 18.907 0.101
0.9147440538044975 18.984 0.043
0.9147867769161167 18.971 0.061
0.9157594467023955 18.95 0.053
0.9160885912556296 19.242 0.118
0.9162951963844534 19.09 0.119
0.9164519704099803 19.074 0.047
0.9167681840340265 18.977 0.057
0.920209841421638 19.137 0.104
0.9218233930550923 18.987 0.081
0.9219689709088925 19.086 0.091
0.923276123310643 19.011 0.072
0.9233121843672052 18.915 0.052
0.9258436674872428 19.195 0.102
0.9282857792959476 18.99 0.061
0.9307673052771861 18.938 0.061
0.931404249685329 19.246 0.07
0.9328884321384976 19.059 0.087
0.9343703066051603 18.962 0.046
0.9357757048901476 18.818 0.058
0.9378380059024494 18.943 0.077
0.9383588292421337 19.072 0.066
0.9408763415376598 18.901 0.058
0.9409074713239534 19.042 0.102
0.9431796057997417 18.923 0.12
0.9451438480964498 19.043 0.046
0.945445813286824 19.109 0.073
0.9456838459082064 19.067 0.053
0.9472748393882284 19.184 0.072
0.9482847524886893 19.031 0.099
0.9498723622855323 19.102 0.068
0.950074066079651 19.189 0.071
0.9557960987831393 19.073 0.053
0.9577048794390066 19.155 0.065
0.9609759875211239 19.194 0.149
0.9628452422057308 19.114 0.058
0.9631037563385689 19.055 0.053
0.9634047764766365 19.018 0.058
0.9634206985374476 18.911 0.107
0.968575435146704 19.045 0.077
0.9694548968845993 19.092 0.113
0.9723374177856385 19.224 0.126
0.9758756857445405 19.167 0.09
0.9774169398197046 19.191 0.068
0.979597395624296 19.151 0.092
0.982503197391452 18.998 0.07
0.9842075802043837 19.037 0.097
0.9864512042040587 19.271 0.101
0.9886082432676631 18.893 0.097
0.9888803103394821 19.028 0.075
0.989842991545629 19.004 0.068
0.9901402555506138 19.155 0.089
0.9907811621033034 19.025 0.055
0.9910355775882635 19.122 0.098
0.9926910990543547 19.227 0.11
0.9936663075450269 19.068 0.074
0.994560298469878 18.949 0.13
0.9967573548719884 19.04 0.061
0.9980094375559929 19.244 0.081
