0.0003922373762179632 19.231 0.079
0.0036446720841922797 19.003 0.063
0.008083149901722209 19.007 0.059
0.008393574343244836 19.2 0.086
0.010673428079826408 18.997 0.067
0.01274363682114199 19.121 0.083
0.01294718500230374 19.116 0.122
0.01295397775083984 18.9 0.104
0.014018065678101266 19.142 0.063
0.014672793547106266 19.126 0.117
0.018599476849885832 19.456 0.123
0.020341508946330578 19.051 0.075
0.02073157863560482 19.104 0.064
0.022783052890190447 19.1 0.079
0.023744958392853732 19.12 0.047
0.02425454437161534 19.08 0.071
0.02634087586648093 19.035 0.043
0.03060508666203532 19.05 0.088
0.03523270007690371 19.094 0.081
0.035469216933961434 19.164 0.064
0.039651896278883214 19.172 0.046
0.04057073116655374 19.155 0.048
0.04061102054765797 19.108 0.044
0.04207200050495885 19.09 0.053
0.04302548228270098 19.074 0.076
0.045547133021500485 19.049 0.048
0.04819921629768942 19.35 0.097
0.048429296361973684 19.093 0.066
0.04880839700854267 19.173 0.066
0.05177625767464633 19.041 0.054
0.05254530324418738 19.347 0.071
0.053151590740526444 19.127 0.077
0.053606969090651546 18.988 0.06
0.0542814488762815 19.239 0.088
0.05557000396947842 19.045 0.102
0.05626445727648388 19.013 0.066
0.059517686284380034 19.253 0.122
0.06062601189205452 19.248 0.077
0.06228428482882009 19.07 0.079
0.0624075518517202 19.122 0.118
0.0634075614016183 19.108 0.058
0.0689877982440521 19.133 0.081
0.07057539762354281 19.019 0.046
0.07072204252926895 19.147 0.058
0.07367034078743018 19.033 0.075
0.07556393475442746 19.103 0.093
0.0767698161998851 19.23 0.068
0.07724986746052309 19.072 0.077
0.07739161776953551 19.204 0.099
0.07856141572256092 19.088 0.081
0.08017590933013707 19.195 0.044
0.0819840371641476 19.05 0.079
0.08347164903807425 19.285 0.091
0.08350509204228729 19.225 0.095
0.08455124061856623 19.114 0.051
0.08924001918967406 19.272 0.079
0.09166239113892516 19.164 0.057
0.09316381886401359 19.281 0.113
0.0967331748261131 19.228 0.088
0.09933301739783928 18.945 0.081
0.10017122475665019 19.231 0.094
0.10203533999720094 19.244 0.075
0.10441676984009973 19.093 0.046
0.10834846375200868 19.1 0.053
0.10870374497517332 19.147 0.069
0.1088586560499607 19.15 0.069
0.11073054631924606 19.061 0.057
0.11134641502030718 19.242 0.075
0.11164673752227827 19.126 0.06
0.11169428119956137 19.229 0.068
0.11286599328013835 19.1 0.079
0.1146208101808952 19.01 0.074
0.11673189461453148 19.089 0.07
0.11726274511238444 19.124 0.05
0.11729596498480532 19.185 0.087
0.11773999832985282 19.022 0.068
0.12075583059640849 19.034 0.099
0.12083850424369302 19.078 0.076
0.12088095575563784 19.183 0.055
0.12355255739657878 19.216 0.067
0.12360959266243299 19.295 0.084
0.12480257732249811 19.107 0.048
0.1260072188979393 19.188 0.147
0.1302114739796707 19.278 0.075
0.13035743253840337 19.108 0.06
0.13202921261108713 19.261 0.074
0.13521896553083934 19.231 0.075
0.1353599975382167 19.113 0.061
0.1367605506475229 19.115 0.051
0.13880137583328178 19.06 0.054
0.13943740603644983 19.11 0.094
0.13947539810078524 19.229 0.119
0.1413393517577788 19.161 0.072
0.14148888029194495 19.104 0.062
0.14723548116853635 19.319 0.091
0.14826955685202847 19.254 0.068
0.14929086773918243 19.171 0.071
0.14929669501634635 19.218 0.1
0.150489128513982 19.355 0.078
0.15284010860386843 19.225 0.071
0.1533694560848744 19.204 0.053
0.1552887484549501 19.107 0.073
0.1554227069236731 19.195 0.061
0.15877408127835224 19.117 0.046
0.16073331346433406 19.141 0.083
0.16282387002047471 19.152 0.045
0.16368155572945398 19.226 0.046
0.16441427466725145 19.065 0.084
0.16444064816187165 19.111 0.1
0.1647312942886856 19.226 0.08
0.16478780882061983 19.109 0.051
0.1655084012363659 19.118 0.071
0.1664486070694693 19.249 0.04
0.16679306805144734 19.123 0.064
0.16693535187732778 19.166 0.094
0.17302160875260597 19.159 0.066
0.17469788745165715 19.22 0.08
0.17484365247310052 19.207 0.063
0.17582856628632726 19.181 0.075
0.17631193312990945 19.292 0.106
0.17651265686981787 19.172 0.045
0.1819918223636705 19.26 0.066
0.1822745542458506 19.151 0.074
0.1829736941608644 19.273 0.071
0.18424584570857405 19.18 0.053
0.18571626932316576 19.172 0.073
0.18630625566947856 19.218 0.094
0.19251960226938536 19.093 0.049
0.19739833310723043 19.231 0.054
0.19838006332884106 19.119 0.088
0.1991878952640036 19.133 0.069
0.20254073345404322 19.185 0.044
0.2064429974043378 19.086 0.088
0.20646640168524755 19.153 0.077
0.20731892326330126 19.176 0.054
0.20951963567586063 19.22 0.062
0.2109312434131425 19.214 0.05
0.2110378037286864 19.187 0.053
0.21410127400849888 19.168 0.067
0.22146385872656538 19.191 0.084
0.22204038114796276 18.906 0.07
0.22471905229849654 19.177 0.107
0.22802007215068443 19.146 0.082
0.2297065943648704 19.137 0.059
0.2322226913929626 19.221 0.106
0.23705863240957115 19.24 0.11
0.238808195562342 19.115 0.069
0.2433019224781674 19.148 0.098
0.24413217641358642 19.198 0.06
0.24594681384132855 19.171 0.067
0.2479721841400533 19.007 0.081
0.24806613082273543 19.138 0.07
0.24889618719043938 19.094 0.069
0.24922057628464245 19.213 0.066
0.25119410587649327 19.194 0.05
0.2516082253459899 19.059 0.062
0.25176508417280274 19.17 0.057
0.2530421471283262 19.231 0.095
0.2539036099678924 19.258 0.062
0.25409204963216325 19.224 0.062
0.2544021877256455 19.071 0.059
0.25533784449726227 19.296 0.067
0.2559213044378339 19.161 0.052
0.2593805373317082 19.403 0.101
0.2595843422686812 19.258 0.12
0.2625432376353274 19.177 0.073
0.26274890473905543 19.221 0.089
0.2630025674807257 19.233 0.076
0.26673537341866904 19.183 0.048
0.2667385306140204 19.258 0.068
0.2682940835793488 19.113 0.075
0.26992976015208114 19.102 0.06
0.27046105941553833 19.231 0.065
0.27276862252210776 19.168 0.08
0.2728126850033732 19.19 0.073
0.2740908422238135 19.301 0.052
0.27495414083205105 19.172 0.059
0.27511173074344697 19.104 0.07
0.27566349466906104 19.157 0.069
0.2761475070110464 19.256 0.062
0.2762667497354414 19.229 0.093
0.2788592492324824 19.206 0.063
0.27948581021246355 19.2 0.071
0.2798083699290146 19.179 0.084
0.28028105810699344 19.249 0.073
0.28092196609577513 19.326 0.151
0.2811274620289623 19.098 0.094
0.2812480293750923 19.373 0.094
0.2814020173564131 19.048 0.082
0.28167824367301364 19.132 0.087
0.28186630737582163 19.233 0.086
0.28212819307645987 19.141 0.063
0.2884455491175686 19.157 0.084
0.29043510629253433 19.157 0.044
0.29151375241053756 19.116 0.057
0.2939808267828994 19.197 0.081
0.29512816591704905 19.151 0.059
0.29519016858193936 19.152 0.056
0.2972123520930836 19.199 0.068
0.3019871439300914 19.153 0.049
0.30375316662048135 19.323 0.122
0.3043118976574988 19.136 0.073
0.30475208190455305 19.197 0.053
0.3073924874242948 19.261 0.094
0.30957582762493985 19.212 0.079
0.30991206564704044 19.14 0.074
0.3162913643318461 19.116 0.087
0.3193510246928781 19.408 0.133
0.31942332686503505 19.223 0.107
0.32041453992405877 19.217 0.129
0.32278135558590293 19.014 0.063
0.3241605417806568 19.154 0.094
0.3254495656456129 19.209 0.094
0.3261946862012337 19.241 0.058
0.32657534029749513 19.246 0.078
0.3270569041605995 19.107 0.078
0.32762719055335765 19.052 0.052
0.32866478980668035 19.142 0.062
0.33466979921922757 19.356 0.098
0.3371076652347256 19.138 0.053
0.3381086306681027 19.357 0.127
0.3386087506214608 19.099 0.074
0.3417554065299555 18.995 0.071
0.3450666530861781 19.393 0.104
0.34538222887749725 19.206 0.06
0.3478018683617847 19.149 0.077
0.3478850835836056 19.278 0.092
0.34864036206909077 19.29 0.098
0.35006168702875584 19.258 0.076
0.35014046517244424 19.107 0.077
0.3527166171143108 18.891 0.102
0.35387549243114336 19.256 0.094
0.3562069565168713 19.238 0.083
0.3573709408083232 19.256 0.058
0.35746282372747373 19.229 0.066
0.35846265807685995 19.326 0.065
0.3616198382915172 19.14 0.079
0.36169619435531786 19.057 0.05
0.3638509189031538 19.17 0.092
0.3655082863915595 19.271 0.097
0.3657712791382437 19.296 0.105
0.366717308220359 19.292 0.082
0.3670631010481884 19.361 0.08
0.3683961186216038 19.093 0.077
0.37197852892404626 19.268 0.095
0.3721853535084847 19.177 0.069
0.37417183907382423 19.159 0.045
0.37704153035701893 19.218 0.073
0.38023734813577903 19.278 0.083
0.3803995590778868 19.067 0.047
0.38378907026890374 19.291 0.138
0.38573356989900276 19.224 0.054
0.3860952751310833 19.286 0.108
0.386736769431991 19.189 0.066
0.38877317434889846 19.359 0.065
0.3900268202414736 19.307 0.086
0.39042648072154407 19.209 0.044
0.392532037842102 19.25 0.078
0.3932590374552092 19.102 0.051
0.39610316635662457 19.266 0.087
0.4003097971135503 19.147 0.077
0.4011512376664541 19.386 0.11
0.40162528728433244 19.273 0.117
0.4018923043295217 19.179 0.065
0.4059275980971506 19.211 0.061
0.4065337831971192 19.25 0.092
0.4070982127195748 19.249 0.08
0.4072476652545447 19.153 0.072
0.4106285943344119 19.197 0.065
0.4109659130035652 19.112 0.047
0.4118618907423297 19.227 0.086
0.41188359444095113 19.239 0.063
0.4128925188551875 19.296 0.106
0.4144977384480626 19.231 0.051
0.41496158692643803 19.211 0.054
0.41615415880460205 19.295 0.063
0.4203239453909191 19.491 0.131
0.42229656870040344 19.254 0.103
0.42240813156695367 19.191 0.059
0.42332755276765965 19.222 0.145
0.42344237842098664 19.366 0.077
0.42483940240344964 18.999 0.063
0.42584023181734665 19.267 0.078
0.425914185806505 19.169 0.056
0.42649491647716786 19.088 0.084
0.42797591316320904 19.156 0.121
0.42855382342258963 19.502 0.115
0.4292662784619097 19.148 0.075
0.4297311484015154 19.289 0.104
0.4314304858480682 19.212 0.082
0.43324874521294987 19.475 0.092
0.4353913080876737 19.182 0.069
0.43650383638851054 19.375 0.101
0.4381525585476993 19.065 0.074
0.43856112833464067 19.308 0.118
0.44221763975929207 19.126 0.062
0.44363896471986664 19.186 0.069
0.4455724056933832 19.055 0.061
0.44671555255627027 19.086 0.072
0.44993399712802784 19.164 0.046
0.45052651753940154 19.147 0.079
0.4512472123506086 19.191 0.064
0.45304567339462665 18.933 0.086
0.45328544025505835 19.247 0.107
0.4569678580701293 19.001 0.061
0.4575248165560879 19.376 0.096
0.4585587242654583 19.258 0.062
0.46037363123014075 19.224 0.091
0.4605118060071618 19.153 0.062
0.4665950208677714 19.053 0.057
0.46727090127296833 19.203 0.067
0.46838874889817816 19.265 0.106
0.47073049331856964 19.098 0.053
0.4713895910199426 19.174 0.074
0.47240757590407156 19.156 0.081
0.4737718023816342 19.05 0.062
0.4748111318131123 19.13 0.065
0.4755502635071025 19.126 0.062
0.4769747920663576 19.087 0.053
0.47795809088165697 19.067 0.045
0.4781983584689442 19.483 0.077
0.48531810471831704 19.083 0.087
0.48750711700449756 19.226 0.096
0.490215753992743 19.128 0.046
0.4923360532548031 19.081 0.091
0.493357552123598 19.192 0.073
0.49516532080542675 19.214 0.084
0.4965158561963108 19.13 0.05
0.4971866412415693 19.118 0.108
0.502623628789479 19.232 0.081
0.5035844032081513 18.851 0.062
0.5073187385605706 18.955 0.049
0.5080912781077132 19.081 0.061
0.5087197732245841 18.93 0.047
0.5095075164608716 19.124 0.074
0.5103137597961904 19.053 0.084
0.5143946326770674 19.307 0.088
0.5163911345962333 18.932 0.061
0.5195904295414948 19.299 0.119
0.5214871119292184 18.918 0.047
0.5217088794188385 19.186 0.079
0.5227006355808044 19.077 0.054
0.5258140660598656 19.077 0.071
0.527229761311446 19.005 0.065
0.530578880723624 19.13 0.063
0.5318825051554086 19.001 0.086
0.5331849633535057 18.945 0.07
0.5342626399724395 19.074 0.078
0.5361583136809713 18.875 0.048
0.5398941152307088 18.993 0.056
0.5399462927189234 19.228 0.065
0.540714010472584 19.106 0.092
0.5449273684007494 18.92 0.041
0.5481738342541576 19.28 0.075
0.5484616582998569 18.851 0.072
0.5484950029376705 18.949 0.062
0.5497571621681345 18.894 0.046
0.551152307171833 18.869 0.071
0.5517043998206645 19.062 0.07
0.5540081361987177 18.836 0.054
0.5562926373636401 19.154 0.049
0.5577354371935144 18.933 0.06
0.5581380053363318 19.121 0.063
0.5599945303338245 18.971 0.044
0.5643981509128935 18.936 0.049
0.5647668272868032 18.944 0.049
0.5653614370257856 18.911 0.056
0.5686595732504429 18.93 0.057
0.5709057623798799 19.087 0.06
0.5720016527475309 18.868 0.044
0.5720508146187058 18.835 0.062
0.5735111194817364 18.901 0.039
0.5768666533194846 19.139 0.091
0.5769005186903087 18.937 0.068
0.5775994970217653 18.913 0.055
0.5791512400692227 18.759 0.06
0.5826868290268976 18.912 0.037
0.5860576393556585 19.101 0.075
0.5869576405584667 19.076 0.063
0.5897883223442477 18.958 0.058
0.5905380903268451 18.971 0.043
0.5915740113659922 19.051 0.08
0.5925900853171697 18.965 0.05
0.5929257170196252 18.946 0.08
0.5972236371590043 18.85 0.045
0.5977847383164772 18.717 0.032
0.5992621162622527 18.864 0.066
0.6011212049152164 18.938 0.053
0.6018529415714511 18.837 0.039
0.6046418341557 18.853 0.048
0.6047367199116707 18.687 0.056
0.6066369018335536 18.694 0.062
0.6067330994274016 18.883 0.048
0.6087592776411839 18.624 0.039
0.6096965862307115 18.866 0.075
0.6101291794002464 18.619 0.049
0.6104162987603559 18.869 0.044
0.6118192219901175 18.907 0.052
0.6123485598864136 18.629 0.088
0.6130206863635976 18.611 0.04
0.6144756031289944 18.738 0.052
0.6166498492375467 18.647 0.039
0.6180428585084883 18.831 0.067
0.6227696123341957 18.848 0.051
0.622831717396366 18.714 0.045
0.6229054329696737 18.798 0.058
0.6237934613145626 18.752 0.047
0.6261298031859042 18.708 0.038
0.6285033036410823 18.712 0.048
0.6315153683644894 18.945 0.067
0.6356394998401811 18.678 0.04
0.6375224151424845 18.892 0.077
0.6383197819586712 18.798 0.059
0.638387328749559 18.864 0.039
0.638710376410927 18.73 0.05
0.6411503781600913 18.641 0.034
0.6438395495797522 18.768 0.057
0.6465951703294195 18.623 0.048
0.6468528901573336 18.758 0.049
0.6486590534268544 18.702 0.035
0.6491634912517839 18.798 0.062
0.6494973463722999 18.735 0.039
0.6514794116701523 18.767 0.056
0.6527523743288839 18.753 0.043
0.6548216399678495 18.901 0.046
0.6608515438956601 18.929 0.072
0.6625069987831012 18.798 0.038
0.6633350314004929 18.947 0.05
0.663877649270944 18.768 0.056
0.6646278355910908 19.029 0.072
0.6654856332834242 18.92 0.05
0.6662215094165731 18.622 0.039
0.6666640301591542 18.675 0.051
0.6675572226367876 18.739 0.041
0.6715716629987583 18.79 0.039
0.6722488120340131 18.93 0.041
0.6728585175096669 18.837 0.081
0.6753880824926455 18.725 0.061
0.6778920642518642 18.711 0.052
0.6782880763967114 18.87 0.037
0.6783046583359464 18.713 0.057
0.6830855005837293 18.851 0.049
0.6837358281927663 18.868 0.105
0.6869421070614408 18.902 0.053
0.6884354998073832 18.824 0.057
0.6886194408452866 18.897 0.053
0.689129197994589 18.833 0.041
0.6897916872758287 18.969 0.09
0.6907417902557427 18.69 0.058
0.693598960714553 18.82 0.064
0.6941936072716999 18.703 0.043
0.69735619239691 18.814 0.036
0.6991318290802155 18.843 0.047
0.7001313306782322 18.812 0.059
0.7013833447599609 18.666 0.032
0.7024645785709254 18.748 0.045
0.7032321603055607 18.95 0.048
0.7043823902922668 18.827 0.065
0.7044106035855293 18.95 0.064
0.7056898286723481 18.864 0.039
0.7059521591090743 18.855 0.049
0.7065270033153865 18.799 0.043
0.7067519520360293 18.869 0.066
0.7069872762613159 18.807 0.083
0.7120850829719529 18.776 0.05
0.7127371239466811 19.107 0.093
0.7128957817240007 18.84 0.065
0.7137263948116015 18.779 0.054
0.7139454570669841 18.867 0.042
0.7146897441416513 18.751 0.059
0.7184112218874361 19.089 0.092
0.7195251508073852 18.712 0.047
0.7213411296679624 18.764 0.057
0.721556763524859 18.963 0.039
0.7232074926241694 18.95 0.074
0.7236392955219344 18.721 0.082
0.7253517728931911 18.94 0.044
0.7264428446642341 18.768 0.065
0.7264923656848623 18.727 0.045
0.7267642773258558 18.916 0.066
0.7271368756028096 18.916 0.051
0.7291826977807432 18.751 0.059
0.729729464713273 18.832 0.049
0.7306409693082969 18.906 0.05
0.7319073463741006 18.83 0.068
0.7354852708322142 18.903 0.041
0.7363777058271808 18.804 0.055
0.7377830775349139 18.974 0.064
0.738307383288884 18.797 0.031
0.7393372562792138 18.942 0.053
0.7402425616646724 18.872 0.042
0.7402535962837646 18.873 0.058
0.7402875208417754 18.797 0.07
0.7412213882507785 18.926 0.043
0.7427097744166531 18.779 0.071
0.7428358354527518 18.959 0.057
0.7440904468157896 18.93 0.055
0.7446749450300558 18.795 0.076
0.7450897380635979 18.783 0.048
0.74736894227226 18.932 0.054
0.7476069757603909 18.938 0.076
0.7485908121207103 18.842 0.053
0.7507236058099807 18.727 0.048
0.7519288377270641 18.955 0.072
0.7519889910081474 18.927 0.07
0.7529003708382334 18.872 0.053
0.755344363261429 19.059 0.048
0.7590028264667126 18.948 0.064
0.7615802974733015 18.832 0.053
0.7645195224786221 19.012 0.056
0.7647374312832653 18.933 0.055
0.7655699193182954 19.042 0.087
0.7712345512327374 18.89 0.058
0.7713627392495255 18.987 0.078
0.7726084053201703 18.96 0.058
0.7759816177231187 18.828 0.056
0.7763462106140651 18.903 0.042
0.7767019997891111 18.831 0.056
0.77838217802082 18.95 0.06
0.7802853331859296 18.939 0.088
0.782464632277879 18.962 0.055
0.7832598873978895 18.856 0.044
0.7833266158513652 18.834 0.045
0.7840748152402739 19.029 0.066
0.7853282955202303 18.972 0.054
0.7874379361255706 18.989 0.057
0.788153150027938 18.969 0.059
0.790233509474092 18.873 0.046
0.7927892991510817 18.953 0.045
0.7941856312295386 18.903 0.059
0.7956105149105497 18.965 0.036
0.7956489813050212 18.869 0.049
0.79617579472324 18.922 0.057
0.7970823023260891 18.879 0.057
0.798227456960376 18.867 0.037
0.8005387275907196 18.952 0.057
0.8016658268625179 18.874 0.043
0.8039685769281277 18.99 0.07
0.804386424760196 18.914 0.057
0.807790147772721 19.051 0.074
0.811899833041025 18.972 0.048
0.8119230661523034 18.877 0.052
0.8144092829270448 19.032 0.059
0.8153830173487222 18.958 0.053
0.816164557344564 18.776 0.045
0.8182895208474292 18.979 0.049
0.8187372361512644 18.947 0.055
0.8197851940985856 19.0 0.057
0.8204616480343248 19.023 0.056
0.8210281445144574 18.973 0.076
0.8215839150925603 18.913 0.1
0.8239378907928767 18.964 0.08
0.8239673431216943 18.949 0.06
0.8252900371517171 18.961 0.059
0.8290165214784793 19.043 0.063
0.8300318867140959 18.978 0.044
0.8301545042077123 19.04 0.05
0.8309799787248267 18.972 0.054
0.8314907773428786 18.905 0.039
0.8319634263407352 18.877 0.072
0.8333092246894012 18.941 0.057
0.834440988201095 18.97 0.047
0.8347781452876006 19.13 0.125
0.8351732679602719 18.943 0.07
0.8355796628343342 19.028 0.08
0.8384991487046136 18.98 0.058
0.839323601760043 19.006 0.063
0.8404256425733365 19.257 0.111
0.8427555868320269 18.93 0.066
0.8444871482524832 19.016 0.048
0.8459261157945548 19.096 0.097
0.847068072386719 18.938 0.035
0.8487445686605497 18.982 0.059
0.8550155904686108 18.976 0.051
0.8561919371959448 18.911 0.049
0.856418214567384 18.925 0.046
0.857482216909375 18.939 0.045
0.8593225823333341 18.926 0.046
0.8596375518063724 18.998 0.056
0.8622405515716309 18.924 0.091
0.8625403997448302 18.925 0.041
0.8627788419853459 19.001 0.075
0.8652028217074985 19.087 0.068
0.8652418424589996 18.909 0.054
0.8656073640013346 19.076 0.078
0.866350454415624 19.025 0.049
0.8664863182593763 18.929 0.063
0.8671038483644224 18.944 0.047
0.8686972486229934 19.098 0.068
0.869489527305177 19.092 0.051
0.8721164984908683 19.062 0.068
0.8732742763468195 19.038 0.07
0.8733373956447394 19.002 0.049
0.8738117092430002 18.994 0.061
0.8772850907425891 18.975 0.081
0.8792918793860736 18.943 0.07
0.8833620303930729 19.108 0.075
0.8836128614675545 18.915 0.039
0.8837904249003259 18.995 0.061
0.8878702426964082 18.851 0.068
0.8897210300297047 19.057 0.08
0.8903668517868937 19.018 0.055
0.890740889863082 19.002 0.06
0.8913858389605593 19.003 0.043
0.8914698844673694 18.936 0.047
0.89154780273293 18.974 0.065
0.8920852916216973 18.898 0.08
0.8930590948166355 19.04 0.064
0.8938673491193185 19.103 0.094
0.8995078680372899 19.07 0.068
0.8998098815363846 18.89 0.097
0.9017578543025593 19.08 0.076
0.9041481806725642 18.911 0.098
0.9048431178944156 18.966 0.052
0.9055515486361401 18.993 0.038
0.9056743837054455 18.938 0.04
0.9072840291219109 19.104 0.07
0.9076414628889324 19.099 0.07
0.9093382030541761 19.003 0.059
0.91012912349197 19.042 0.06
0.911826990712143 19.065 0.071
0.9125336840506861 18.952 0.045
0.9130663615660524 18.879 0.057
0.9152742722817493 18.936 0.068
0.9158234389269637 19.135 0.084
0.9171108237578665 19.02 0.054
0.9189192715621175 18.966 0.048
0.920555818432149 18.975 0.079
0.9214569867026512 19.026 0.061
0.9238709477094744 19.041 0.037
0.9253901668189428 18.971 0.044
0.9322190693719676 18.974 0.08
0.9341522408094534 19.121 0.065
0.9346283629447498 19.104 0.06
0.9360013371460809 19.048 0.075
0.9473684050599331 19.268 0.105
0.9524134439407135 19.156 0.075
0.9526984139520209 19.082 0.065
0.9528295911886744 18.922 0.07
0.9537737053069577 18.879 0.071
0.9537990373328284 18.989 0.123
0.9560564298908503 18.96 0.088
0.9587200949185899 18.98 0.096
0.9593928964895895 18.984 0.044
0.9602348545804489 19.072 0.074
0.9602923081847621 19.018 0.058
0.9612814246902417 19.099 0.077
0.9619232557724899 18.988 0.061
0.962054844123486 19.091 0.062
0.9688118372787358 19.002 0.047
0.9706621390287182 18.978 0.081
0.9710828577062784 19.093 0.041
0.9726372148452356 19.348 0.128
0.9727641429853975 19.106 0.058
0.9746745628654025 19.139 0.098
0.9752865488444513 19.062 0.067
0.9773113984074371 18.902 0.066
0.9782796815161419 18.913 0.093
0.9786211996824932 19.007 0.068
0.9823291743223308 18.995 0.065
0.98740031313082 19.05 0.044
0.9899120011468767 19.246 0.108
0.9902621310184259 19.154 0.078
0.9908046464920517 19.028 0.043
0.990971108892154 19.002 0.045
0.9913171848738784 19.237 0.114
0.9959955487602201 19.162 0.105
0.9961173383308051 19.146 0.073
0.9970357116717423 19.196 0.098
0.9973006129903297 19.122 0.055
