0.00023561620255352356 18.803 0.052
0.0011271387651504705 18.725 0.04
0.001668778831481199 18.789 0.049
0.0020241059186446586 18.702 0.079
0.002239158003612851 18.62 0.045
0.003726797819035732 18.757 0.063
0.004179405495415289 18.674 0.052
0.004599817791040572 18.701 0.068
0.004763207765245192 18.752 0.049
0.0055909749329657865 18.661 0.056
0.005845643452994431 18.722 0.049
0.006114855232590366 18.706 0.049
0.00726145959870339 18.826 0.038
0.009011267286405222 18.815 0.08
0.009436747027757542 18.801 0.054
0.009729145480741885 18.726 0.053
0.00995712946441929 18.782 0.056
0.010102124497643694 18.69 0.062
0.01045810463747332 18.724 0.038
0.010821727722395758 18.632 0.052
0.011974405642286023 18.737 0.082
0.012157058906632323 18.742 0.045
0.015347845877295208 18.818 0.065
0.016140243125300935 18.745 0.084
0.01700702788130004 18.762 0.068
0.018082197770490915 18.761 0.069
0.01976958571085563 18.703 0.053
0.020474118339188885 18.81 0.064
0.02059382471124993 18.86 0.055
0.020783456013668933 18.812 0.04
0.021223622608340542 18.755 0.045
0.021389115142847026 18.796 0.05
0.02209201853374909 18.671 0.067
0.022719318845156544 18.788 0.059
0.022754047757553075 18.744 0.077
0.02359514223135195 18.759 0.049
0.023662204093307104 18.765 0.08
0.02542211053460053 18.782 0.05
0.026250973771675512 18.642 0.066
0.028965523374972713 18.834 0.047
0.029544659630482806 18.757 0.047
0.02979312285733615 18.672 0.051
0.030562027986343332 18.766 0.044
0.031208884988154773 18.741 0.043
0.03323161216430892 18.688 0.043
0.033274678852103556 18.792 0.045
0.033725339796910725 18.762 0.047
0.034343487618025414 18.697 0.05
0.034749656268468265 18.798 0.039
0.034893734961224276 18.767 0.042
0.03753465794889055 18.703 0.047
0.039262243294524546 18.671 0.08
0.03994710575298088 18.721 0.046
0.039981798719418316 18.771 0.053
0.041022659195186884 18.769 0.045
0.04136361672990463 18.684 0.044
0.04238046396258144 18.784 0.032
0.04244912514004684 18.729 0.044
0.042955862587768956 18.793 0.071
0.04321704786925695 18.743 0.056
0.044019969393411906 18.778 0.04
0.04508024860697335 18.767 0.06
0.045455629607113246 18.762 0.073
0.04617909636945117 18.715 0.057
0.04799302493520374 18.706 0.05
0.04815242565691735 18.698 0.075
0.048465716256396285 18.776 0.067
0.04896112112000994 18.657 0.061
0.04916488823018883 18.714 0.053
0.049678082784703315 18.738 0.053
0.049962125393358314 18.758 0.057
0.05231789765675787 18.742 0.046
0.05301051070855467 18.683 0.059
0.056810652469175715 18.867 0.069
0.057718048106289666 18.789 0.06
0.05855009171264103 18.811 0.067
0.058824844068476545 18.786 0.064
0.058844185273665084 18.815 0.062
0.058951151332075846 18.86 0.066
0.05997857044840205 18.786 0.069
0.060319132767654104 18.76 0.056
0.06187714091392993 18.771 0.047
0.062448076963301014 18.754 0.067
0.06256714854171153 18.817 0.069
0.06364994952164127 18.793 0.066
0.06385263844040312 18.69 0.045
0.06502584359477626 18.728 0.045
0.06511497196916027 18.638 0.06
0.06558533922216159 18.885 0.055
0.06648026385337291 18.747 0.058
0.06767447520624048 18.767 0.072
0.06770633502619605 18.794 0.057
0.06780896441468942 18.739 0.077
0.07067020434933513 18.751 0.042
0.07126090674310037 18.767 0.068
0.07205540674422084 18.616 0.061
0.07295559040485389 18.804 0.055
0.07376952702034034 18.725 0.043
0.07543293164180798 18.778 0.095
0.07557753164874159 18.831 0.056
0.0762972965361769 18.801 0.042
0.07745726998600733 18.769 0.058
0.07999895399134405 18.75 0.059
0.0805525078034407 18.646 0.097
0.08181712343357506 18.764 0.066
0.08217862608071302 18.747 0.045
0.082258332463789 18.783 0.086
0.08263328813372939 18.698 0.046
0.08372645736781126 18.821 0.061
0.08379408834516655 18.742 0.063
0.08544043424208214 18.732 0.067
0.0856075257110206 18.796 0.059
0.08569725293218655 18.874 0.067
0.0858617030311507 18.765 0.061
0.08680178505474034 18.755 0.06
0.08949708924719746 18.796 0.081
0.089912075018583 18.797 0.04
0.09403724741596309 18.853 0.077
0.0945652428757967 18.715 0.05
0.09563242240383263 18.696 0.064
0.09576004122154702 18.692 0.049
0.0961144220458664 18.822 0.036
0.09926100428892826 18.994 0.086
0.0995462028144175 18.766 0.058
0.1020058023517777 18.777 0.061
0.10249283330167602 18.818 0.05
0.10298703425760325 18.857 0.05
0.10424743893454436 18.841 0.054
0.10436510278432254 18.721 0.056
0.10481222953822 18.715 0.064
0.10544738264106857 18.749 0.072
0.10576464442456202 18.781 0.076
0.10730070010995407 18.659 0.084
0.10867845095290252 18.766 0.055
0.10930169614166518 18.819 0.042
0.10944821276498262 18.786 0.063
0.1110229984709804 18.701 0.058
0.11226901533555067 18.738 0.087
0.11251277660212511 18.704 0.042
0.11305639332240391 18.781 0.051
0.11357917736122547 18.802 0.067
0.11400862866903483 18.784 0.074
0.11445938521628707 18.749 0.056
0.1146705558861868 18.785 0.089
0.11510241481882988 18.761 0.058
0.11533967098639553 18.678 0.043
0.11549671169304931 18.664 0.096
0.11610976214560653 18.707 0.064
0.11613311048076869 18.782 0.042
0.11751586289974514 18.872 0.078
0.11813046467514143 18.815 0.094
0.11847661575247914 18.773 0.075
0.11853389616353527 18.763 0.05
0.11900767772149268 18.783 0.044
0.1210443491185288 18.675 0.05
0.12269852954741511 18.826 0.042
0.12444116742099143 18.795 0.064
0.12925606006901946 18.819 0.071
0.13144265015844214 18.713 0.068
0.13202423638940675 18.74 0.062
0.13277228512779404 18.747 0.054
0.13286172478128722 18.81 0.068
0.13299444096664959 18.785 0.05
0.1331813947630508 18.837 0.068
0.13849559156587932 18.84 0.04
0.1392808129770856 18.778 0.062
0.14111148898828108 18.765 0.054
0.1427974812444518 18.847 0.073
0.1438772574932955 18.676 0.054
0.14653925837992576 18.782 0.1
0.14777369142066166 18.82 0.041
0.1488745995833597 18.707 0.05
0.1498604374668503 18.838 0.058
0.15039621965697736 18.904 0.059
0.15106454413344184 18.778 0.045
0.15117376819980566 18.874 0.066
0.1526036064818982 18.803 0.05
0.15425294116485022 18.78 0.044
0.15432635229572045 18.847 0.072
0.15464798688608428 18.73 0.049
0.15523822800278142 18.751 0.056
0.15603809468066177 18.817 0.043
0.1571192005534613 18.828 0.076
0.15747809156291626 18.849 0.087
0.1585485177123701 18.783 0.039
0.15926307156169062 18.795 0.065
0.160839031060641 18.839 0.045
0.16142215054551345 18.839 0.044
0.1643692603787713 18.763 0.049
0.16460477344699032 18.771 0.063
0.1657993022930896 18.847 0.051
0.16605424031276927 18.867 0.062
0.16708442689869119 18.799 0.046
0.16746105979782444 18.737 0.046
0.16868069174179257 18.78 0.054
0.16869026956228483 18.832 0.071
0.16893933163682961 18.796 0.064
0.16940879440462597 18.839 0.081
0.17124999469015167 18.893 0.067
0.1734837965517727 18.764 0.061
0.17407491242047402 18.876 0.059
0.1741243882228446 18.822 0.04
0.17464735199282588 18.766 0.067
0.17467832539696249 18.794 0.045
0.17490235005097932 18.801 0.045
0.17578158736014304 18.786 0.086
0.176431948629579 18.813 0.06
0.1766993873874526 18.728 0.073
0.1787201017717962 18.758 0.078
0.17888201814721472 18.804 0.061
0.17951969875812213 18.843 0.098
0.17987113276685707 18.767 0.063
0.1814040916373415 18.847 0.063
0.18171464488423228 18.846 0.047
0.1818826048905976 18.932 0.078
0.18218790531991547 18.8 0.061
0.1823471801343658 18.856 0.055
0.18253215727681893 18.797 0.053
0.18459538768493078 18.93 0.051
0.1848814547478469 18.706 0.057
0.18496295203240154 18.791 0.051
0.18518900113977 18.777 0.052
0.18714363644394327 18.939 0.075
0.18717068627247502 18.746 0.046
0.1881719120541675 18.776 0.051
0.18837135454159581 18.799 0.062
0.1888557141986894 18.881 0.06
0.1907285345354467 18.802 0.035
0.19193575570207033 18.818 0.044
0.19581273475469063 18.901 0.074
0.19616124546555513 18.838 0.049
0.19618679215491286 18.89 0.065
0.19643045724515107 18.861 0.069
0.19651100224418772 18.803 0.063
0.196954840790022 18.92 0.069
0.19935828591078464 18.839 0.067
0.20094136723255362 18.7 0.062
0.201348470481571 18.908 0.061
0.20248786908668992 18.927 0.056
0.20706918334999502 18.839 0.049
0.20728779314358692 18.739 0.041
0.20748750513112102 18.89 0.066
0.20752443239634888 18.792 0.044
0.20821784228464824 18.78 0.058
0.20837896803768674 18.782 0.086
0.20873467848596194 18.713 0.058
0.20949279003107224 18.848 0.074
0.20954682420178872 18.827 0.06
0.2101974367118601 18.798 0.06
0.2113201537416899 18.891 0.069
0.2114148644708621 18.861 0.063
0.2119467232763782 18.868 0.066
0.21428967128886145 18.826 0.052
0.21533166980352691 18.798 0.056
0.21711308549665775 18.816 0.068
0.21772702274702171 18.992 0.074
0.21795409020105583 18.706 0.056
0.21803664158542235 18.829 0.089
0.2193289540740807 18.832 0.043
0.2204156663923641 18.786 0.051
0.22097525178915023 18.807 0.047
0.22157032718077974 18.79 0.078
0.2218488770125987 18.87 0.051
0.22408595522792896 18.901 0.055
0.22425423272616174 18.844 0.052
0.22441863502390336 18.856 0.044
0.22607281545278968 18.892 0.041
0.2263401883405095 18.838 0.049
0.2263982655871587 18.787 0.06
0.2275813777199801 18.797 0.046
0.22815660263713655 18.873 0.059
0.23013163907799028 18.84 0.057
0.23142836576826087 18.958 0.077
0.23220064323450063 18.823 0.044
0.23361831031834301 19.017 0.076
0.2345090721795714 18.891 0.063
0.23620957777202423 18.961 0.107
0.23704765315587795 18.746 0.052
0.23728811999935717 18.753 0.062
0.23849499375173766 18.93 0.054
0.23872305565091667 18.746 0.053
0.23895922158080796 18.722 0.06
0.23941108662565969 18.931 0.065
0.23956204756395894 18.875 0.04
0.239721544078202 18.83 0.05
0.23985182233391245 18.916 0.061
0.2406134799242864 18.869 0.047
0.241853495318901 18.83 0.06
0.24218449788477303 19.006 0.087
0.24340841869652652 18.834 0.047
0.24397827674547445 18.815 0.047
0.24558862978610707 18.874 0.057
0.24682456013524645 18.831 0.065
0.24759199787913533 18.86 0.064
0.24860586818103914 18.963 0.09
0.24979835450394605 18.964 0.047
0.25132810853110643 18.854 0.055
0.2535578795526817 18.88 0.078
0.254719530233524 18.846 0.062
0.2557068417158007 18.988 0.086
0.25598148623375894 18.854 0.049
0.2559963170619085 18.79 0.073
0.2574369308598762 18.871 0.062
0.2582021523734511 18.954 0.057
0.25895500488777545 18.743 0.095
0.2593428328013033 18.913 0.088
0.26118524884841465 18.954 0.08
0.26186794287823434 18.821 0.064
0.26205604092629076 18.794 0.054
0.2635276460063324 18.9 0.083
0.26475090191015627 18.818 0.057
0.264836322386509 18.911 0.06
0.26650498020571833 18.877 0.1
0.2673357483958171 18.883 0.053
0.26779044018067 19.043 0.119
0.26860355644057565 18.824 0.049
0.26919815229521193 18.867 0.063
0.2700852423962715 18.911 0.066
0.2701067697174949 18.877 0.084
0.2712862462252815 19.032 0.054
0.27158657500185657 18.842 0.053
0.272428525968644 18.958 0.071
0.27260044530466987 18.929 0.056
0.27275876783496644 18.72 0.083
0.27275976811179137 18.843 0.072
0.2741667012668586 18.892 0.075
0.2748253523208405 18.936 0.046
0.27517509705412524 18.862 0.071
0.2758024094104258 18.875 0.052
0.2784954674483743 18.893 0.057
0.27882039024634653 18.94 0.076
0.28063693045023685 19.049 0.103
0.28151501786705924 18.74 0.087
0.28310862346315835 18.784 0.049
0.28317183985600414 18.948 0.063
0.2841842546289626 18.937 0.045
0.284227429155544 18.795 0.056
0.2859389080625987 18.926 0.103
0.2861984823652164 18.83 0.076
0.28648989822922877 18.823 0.069
0.28770929059592154 19.018 0.105
0.289844757958599 18.867 0.061
0.2898787082925991 18.906 0.073
0.29019505373744314 18.95 0.055
0.2918791472551674 18.891 0.051
0.2924735396703908 18.886 0.069
0.2938472353902397 18.785 0.057
0.29488084211370724 18.966 0.066
0.2958764793269437 18.928 0.102
0.2985936285216666 18.894 0.081
0.2992505065534714 19.042 0.095
0.2999324698061172 18.866 0.078
0.30040725164180904 18.897 0.064
0.30059071340692745 18.891 0.08
0.302401760835346 18.899 0.063
0.30499223766619243 18.976 0.061
0.30515465709722767 18.896 0.049
0.30616982709934737 18.734 0.06
0.306279482710488 18.846 0.063
0.30756054014673273 18.808 0.057
0.30832219773801617 18.942 0.047
0.30838019085549595 18.901 0.063
0.3083862826691983 18.827 0.09
0.30849957973478004 18.982 0.082
0.3101564497159415 19.022 0.055
0.3103588032648985 18.874 0.088
0.3110570707543956 18.881 0.047
0.3134274521475162 18.832 0.057
0.3145406574161824 18.987 0.05
0.31616912949484677 18.873 0.075
0.3177343134788315 18.916 0.046
0.3178409738979098 18.959 0.081
0.31861176610200337 18.84 0.059
0.3187040089782385 18.964 0.06
0.3196214254525329 19.011 0.057
0.31973785527898135 18.933 0.04
0.32009798031085657 18.979 0.058
0.3206202133032092 18.877 0.1
0.3207383982748069 18.857 0.063
0.3208720127317064 18.799 0.075
0.32114372831019855 18.842 0.055
0.3213804274095309 18.89 0.063
0.32194930927234955 18.883 0.059
0.3239333961977535 18.808 0.067
0.32395669635061486 19.007 0.127
0.3246699025061388 18.885 0.062
0.3247288960923469 18.775 0.082
0.3248184616526486 19.077 0.066
0.32649040184915057 18.957 0.043
0.3267841118571595 18.976 0.074
0.32699797791192386 18.983 0.056
0.32785626303793824 18.883 0.05
0.3285596278959928 18.871 0.052
0.3288454734505648 19.031 0.096
0.3289821307065721 19.011 0.072
0.3290345834388062 18.808 0.061
0.32923040196637876 18.81 0.058
0.3311554416717626 18.886 0.04
0.3314373937659183 18.96 0.06
0.3315754107601605 18.898 0.044
0.3335614622941647 19.114 0.065
0.3339616172364912 18.85 0.075
0.33454440718414835 18.99 0.062
0.3349098032926121 18.947 0.094
0.33606528443478956 18.998 0.06
0.33610197212274207 18.873 0.055
0.33727703404692866 18.955 0.08
0.3385726050122684 18.963 0.069
0.33963407025694314 18.834 0.062
0.3398007663180578 18.914 0.066
0.3407160326218217 18.961 0.043
0.34133511485051704 18.97 0.076
0.3414543119528388 18.994 0.064
0.3416217807602151 18.797 0.088
0.3427072592470721 18.979 0.051
0.3428098227672307 18.956 0.062
0.3428210595588097 18.921 0.055
0.3430629698872507 18.949 0.06
0.344848770432145 18.884 0.065
0.34532822430574006 18.786 0.079
0.346973234366851 18.802 0.099
0.3475900224488213 18.951 0.051
0.3476574975960829 18.924 0.049
0.34814731389124054 18.892 0.057
0.3489437003931015 18.875 0.044
0.349258919845306 18.906 0.053
0.34948862866885966 19.002 0.095
0.350695580336287 18.914 0.085
0.3515684627376685 18.906 0.092
0.35183418850956505 18.814 0.075
0.3528519701498225 19.111 0.083
0.3536428937999516 19.028 0.107
0.35372732021314723 18.939 0.045
0.35418850524310974 19.068 0.082
0.35440105333727834 18.856 0.054
0.35607610841670967 18.905 0.068
0.3582136299654848 18.875 0.056
0.3601975014056733 18.994 0.076
0.3607002317225123 18.949 0.053
0.36142669329310584 19.002 0.097
0.36205528728205527 18.886 0.041
0.3628327400323541 18.901 0.05
0.3641694787560481 19.006 0.067
0.3659923320896268 18.951 0.081
0.3660427423004875 18.89 0.073
0.3661389445054737 18.988 0.09
0.3680929147107235 18.855 0.042
0.3681959511704007 19.03 0.089
0.368532272804623 18.885 0.052
0.36860049077349677 19.006 0.054
0.3687917033234043 18.895 0.063
0.37036736339850895 19.071 0.073
0.37071083677838024 18.928 0.05
0.3709129089715133 19.075 0.097
0.371039323498644 18.881 0.062
0.371590014432877 18.877 0.077
0.3719781715020871 18.91 0.087
0.3748299177445005 19.0 0.059
0.37563386946785604 19.009 0.065
0.37665277107898865 18.928 0.084
0.37743721993538193 18.897 0.077
0.37818086613551705 18.981 0.077
0.37915634178843893 18.988 0.047
0.3792336582340794 18.922 0.053
0.38030966673832145 18.966 0.05
0.3808182908791422 18.968 0.064
0.38147007154148005 18.904 0.062
0.38258335472564786 18.861 0.079
0.38337587769037773 18.944 0.095
0.3843133181548182 18.964 0.052
0.3848922148330529 19.086 0.078
0.3850210494128077 18.958 0.09
0.3864366141273421 18.965 0.057
0.38892639625410075 18.928 0.059
0.3900381459929121 18.997 0.051
0.3935679799045828 18.906 0.067
0.39420678048500113 18.818 0.064
0.39655791684835995 18.893 0.073
0.3969218393562186 18.898 0.079
0.39848190809461803 19.065 0.11
0.39906531495798836 18.918 0.045
0.3998351544945762 18.868 0.063
0.3999400121596408 18.856 0.05
0.3999999999999999 19.258 0.114
0.4000501407103001 19.123 0.063
0.4007326909553739 18.95 0.067
0.4008120499223877 18.867 0.058
0.40085052851136416 18.915 0.086
0.4009202976125379 19.015 0.088
0.40107849423511643 19.027 0.089
0.40118428611631307 18.794 0.06
0.40189610280358457 18.895 0.055
0.40289486073052094 18.909 0.047
0.4043546121023609 18.89 0.094
0.40435973939420355 19.026 0.076
0.40527813826829506 18.975 0.055
0.40578625333127993 18.995 0.05
0.40581018244565703 18.945 0.086
0.4058200777584715 18.945 0.054
0.40761819328727134 18.958 0.063
0.4090847309211312 18.945 0.064
0.40964420867148865 18.918 0.055
0.4103925389557843 19.019 0.072
0.4119395978790634 18.962 0.086
0.4119611073223495 18.902 0.041
0.4123284319006415 19.098 0.08
0.41333960098781963 18.924 0.094
0.4136941193823076 19.113 0.102
0.41441082942392304 19.021 0.1
0.4148970400186953 19.076 0.053
0.4172256305240807 18.947 0.072
0.4177929428045899 18.999 0.086
0.41781309250964105 18.85 0.053
0.4179098758762847 19.162 0.102
0.41873637909829986 18.822 0.068
0.41965954580282405 18.862 0.044
0.41982084526298413 18.988 0.058
0.42150958672791594 18.953 0.068
0.4219172948463892 18.95 0.055
0.4222464944663442 18.971 0.083
0.4233006163798563 19.018 0.055
0.42368476631772856 19.08 0.094
0.4238255389249388 18.975 0.045
0.4238415256699226 18.914 0.052
0.42517619194713907 18.954 0.042
0.42561716140098715 18.858 0.067
0.4256974427311433 18.934 0.049
0.42682656887645853 18.988 0.066
0.4337668958109133 19.029 0.103
0.4340310282917925 18.912 0.055
0.43471145809817235 18.917 0.065
0.4347504875417143 18.987 0.094
0.43534776109336226 18.999 0.082
0.43564715546326616 18.954 0.058
0.4364581810181334 18.965 0.066
0.4366094955861626 19.003 0.06
0.43750348580979326 18.931 0.061
0.4376325900806477 18.884 0.093
0.4383486832060952 18.945 0.066
0.438373912402676 18.88 0.079
0.44014150959028475 18.975 0.089
0.44122511926289 18.964 0.057
0.4413193568601854 18.943 0.044
0.4414137681655119 18.974 0.052
0.4419059743999241 18.986 0.067
0.442592435982442 18.975 0.076
0.44318150932886047 19.041 0.118
0.4435305891542156 19.022 0.05
0.44353926230032803 19.018 0.063
0.44434230953938814 18.931 0.053
0.4443470416157651 18.971 0.078
0.44465663053088056 18.913 0.04
0.44546933331494065 18.959 0.081
0.4475898557965592 18.896 0.065
0.44867669402210586 18.947 0.051
0.4496207173082438 18.968 0.066
0.4510408040627225 18.988 0.078
0.45107931257316514 19.144 0.104
0.45152076118065443 18.941 0.066
0.4535128145675116 19.033 0.066
0.4539468236697757 18.822 0.074
0.45514909144403637 19.019 0.062
0.45543256493729123 18.923 0.039
0.4558127438825976 18.952 0.085
0.45695320261111183 18.958 0.076
0.4592244227455011 19.055 0.107
0.4592341264737114 18.943 0.05
0.4596556946857162 18.966 0.113
0.4604966813216378 18.939 0.068
0.461134266139561 18.836 0.049
0.4640377222925962 18.89 0.099
0.46423529596395374 19.007 0.062
0.46552255888527716 18.992 0.079
0.4665062765219772 18.99 0.065
0.4668579199927989 18.915 0.069
0.467648795842615 18.889 0.042
0.47074259600631185 18.904 0.056
0.4711127539216249 18.887 0.06
0.4731488682495182 18.837 0.09
0.47335645090552125 19.012 0.067
0.47372494965966316 19.022 0.075
0.47393032813070013 19.139 0.075
0.474325307789877 18.972 0.044
0.47609038951432003 19.036 0.093
0.4762291672090213 18.99 0.072
0.4790468673239956 18.955 0.05
0.47921723533672766 19.021 0.073
0.4797473510438066 18.916 0.057
0.48051029045691385 18.956 0.065
0.4807969145889728 19.008 0.043
0.4809925117982856 19.02 0.073
0.4813553141460942 19.044 0.081
0.48266112143428463 18.855 0.095
0.4842900429352084 19.104 0.076
0.4871878924504016 18.894 0.064
0.49124814168353614 18.97 0.06
0.4913645715099846 19.017 0.057
0.49142557167342593 18.902 0.04
0.49147802440566 18.894 0.06
0.49305366660464633 18.85 0.053
0.49334035039137225 18.916 0.064
0.4933591224816154 18.948 0.06
0.495659686971885 19.067 0.075
0.4960646515241023 19.044 0.05
0.49703501193052935 18.842 0.101
0.49885832635018224 18.862 0.074
0.4994653932093569 18.925 0.046
0.5002195516384744 18.976 0.074
0.5025311310304459 18.956 0.045
0.5026631343174812 19.008 0.055
0.5035841926295688 18.881 0.049
0.5038134405589516 18.904 0.056
0.503987114658139 19.068 0.073
0.5042648740585718 19.03 0.075
0.5047719289990709 19.044 0.046
0.5048197275713391 18.915 0.085
0.5054423259220129 18.997 0.065
0.5071882222713611 18.92 0.051
0.5080194933247184 19.129 0.073
0.5108570555761616 18.948 0.063
0.5125122003359137 18.929 0.072
0.5133426928108746 18.938 0.05
0.5141870634482983 18.881 0.058
0.5144995816839582 19.023 0.046
0.514581600090787 18.983 0.057
0.5147176225540533 18.95 0.047
0.5152202151097298 18.882 0.089
0.5158835500564236 19.006 0.064
0.5162311084817701 19.009 0.079
0.5178258519248629 18.896 0.087
0.518727683085126 18.881 0.052
0.5187738524185987 18.931 0.096
0.5191357024817989 19.03 0.092
0.5196047403018382 18.94 0.055
0.5214826397467731 18.901 0.076
0.5225762525700701 19.0 0.098
0.5229103278592446 18.988 0.067
0.5237427668738746 19.064 0.093
0.5256894415491842 18.874 0.056
0.5270079772966709 18.948 0.056
0.5270109542274439 18.964 0.065
0.5283783785943341 19.013 0.075
0.5285617266894405 18.92 0.046
0.5290876495122574 18.797 0.054
0.5292267746212018 19.033 0.054
0.5292794490536834 19.042 0.061
0.5301060960604445 18.985 0.058
0.5309143183925698 18.923 0.061
0.5311891665409347 18.99 0.06
0.5323129258162225 19.01 0.128
0.533171103105269 19.022 0.042
0.5372662848798426 18.959 0.077
0.5382456837254721 18.896 0.055
0.5383377050933631 19.003 0.06
0.5384775730248292 19.039 0.075
0.5393413987270832 18.759 0.082
0.5408011500989232 18.916 0.041
0.5420522765693021 19.006 0.053
0.5430422175671992 19.064 0.067
0.5432404081551794 18.89 0.076
0.5442172915376431 19.046 0.075
0.5449204527652909 18.866 0.072
0.5450871010247282 19.059 0.069
0.5469494930706786 18.928 0.061
0.5471230416455 18.912 0.075
0.5475090786580039 18.858 0.051
0.5480074421924654 18.958 0.074
0.551594430989462 19.073 0.057
0.5516211934404054 18.935 0.056
0.5519265117476606 18.877 0.061
0.5522036359738194 18.996 0.062
0.5530281924651717 18.937 0.089
0.55393747479402 18.929 0.059
0.5553980350490746 18.952 0.062
0.5558045031224537 18.863 0.06
0.5562288747481943 18.948 0.037
0.5570286934347677 19.008 0.062
0.5575496267269044 18.899 0.058
0.5588350987476587 19.056 0.084
0.5590471138642896 18.895 0.061
0.5607991857736123 19.099 0.103
0.5618110314320801 19.004 0.055
0.5625227340655328 18.921 0.079
0.5627944016536275 18.89 0.052
0.563036677274249 19.009 0.096
0.5630972641532934 18.914 0.051
0.5651804344210176 19.159 0.109
0.5659512083651861 18.96 0.06
0.5669598075927751 18.998 0.109
0.5676406209517153 18.944 0.072
0.5678729054665381 18.99 0.099
0.5688968747139369 18.93 0.062
0.5698015508736716 18.9 0.058
0.5699672349941465 19.046 0.104
0.5714921673674325 18.917 0.073
0.5724710571361356 18.997 0.053
0.5749212407057711 19.071 0.081
0.5752382032573222 18.939 0.061
0.575794230754036 18.966 0.047
0.5764077724064918 19.029 0.109
0.5772303821676359 18.977 0.086
0.5773297950494451 18.894 0.074
0.5774058475489254 19.008 0.072
0.5778127949673943 18.983 0.086
0.5791109414334641 18.943 0.069
0.5795728092474746 18.899 0.068
0.5798324614655939 18.898 0.067
0.5799882382265422 18.985 0.039
0.5802167730656946 19.013 0.064
0.5811637554055777 18.896 0.073
0.5814331408922953 18.879 0.068
0.5815339972590663 18.875 0.065
0.5815445392194305 18.954 0.077
0.5824695867853733 18.912 0.057
0.5832331431141937 19.051 0.066
0.5857122874880587 19.008 0.085
0.5874211666117843 18.969 0.071
0.5874929127498034 19.023 0.067
0.5875513970671817 18.985 0.06
0.5881232317691683 18.968 0.063
0.5884121380007854 19.02 0.065
0.5889138859187368 19.068 0.08
0.5902421611503086 19.058 0.085
0.5907667362802385 19.219 0.077
0.5912396193774838 18.95 0.057
0.5921314893543239 18.923 0.068
0.5936659634116039 19.004 0.089
0.5939223212075375 18.956 0.073
0.595252022045679 19.002 0.075
0.595263432545289 18.957 0.062
0.595898375802244 19.049 0.069
0.5971411582826476 18.956 0.055
0.5971667529642217 19.055 0.101
0.5971725630401123 19.008 0.066
0.5976089142799537 18.942 0.037
0.5976613670130972 19.072 0.075
0.5980414680419925 19.022 0.056
0.6009674457704022 18.988 0.062
0.6013826530501318 19.073 0.068
0.6019957514949055 18.975 0.061
0.602333384875601 19.079 0.059
0.6034270453077624 19.031 0.078
0.6044777948840419 19.021 0.109
0.6048209686490735 18.886 0.086
0.6049697494949213 19.048 0.058
0.6060556832357178 18.819 0.085
0.6082719468371578 19.064 0.1
0.608499409698561 19.047 0.056
0.6094984971636221 18.91 0.059
0.6112097005483519 18.94 0.047
0.6125994490734228 18.964 0.059
0.6134904505119265 18.92 0.076
0.6140750255284728 18.842 0.093
0.6144420388294747 18.991 0.074
0.6151601566010867 19.009 0.081
0.6161622989124225 18.983 0.051
0.6167619441433998 19.008 0.06
0.6171567800178308 18.967 0.049
0.6176056201406026 19.04 0.071
0.6193275570707555 19.067 0.082
0.6195460114162414 19.008 0.063
0.6198470050998366 18.935 0.062
0.6202168816611446 18.999 0.052
0.6202184988536827 19.075 0.105
0.6213868761409684 18.932 0.051
0.6219746975879388 19.096 0.08
0.6224306294187953 19.009 0.069
0.6233683215054042 19.157 0.06
0.6234264883304603 18.995 0.076
0.6244627725622194 19.021 0.102
0.6262287407020266 18.974 0.076
0.6271854743794392 18.99 0.051
0.6281767273134391 19.0 0.073
0.6286968099451768 19.052 0.058
0.6304305529733027 19.149 0.072
0.6308607167988156 19.021 0.064
0.6321474704508545 19.004 0.101
0.6322839063899663 19.043 0.071
0.6326602579350946 19.144 0.072
0.6334468270382785 19.011 0.058
0.6355173049845688 18.893 0.072
0.6358177594769585 19.137 0.106
0.6366033642510955 19.0 0.073
0.637514006317724 19.004 0.065
0.6378937898556614 18.968 0.064
0.6381711239249852 18.941 0.079
0.6404076988959786 19.099 0.105
0.6417889120360996 19.11 0.072
0.6422327505828433 19.04 0.087
0.643190292761028 19.182 0.118
0.6439123156559616 18.928 0.052
0.6446659350853223 18.888 0.059
0.6453342716071346 19.034 0.077
0.6457230638510736 19.078 0.079
0.6459876214707037 19.098 0.078
0.6463974618822248 19.041 0.068
0.6470513808602845 19.019 0.059
0.6472118117821082 19.075 0.069
0.6473690261977025 18.991 0.061
0.6486878015224646 18.999 0.047
0.6488025362417829 18.954 0.071
0.6504753269067804 18.939 0.08
0.6505988426100884 18.949 0.077
0.6509571528416926 18.953 0.076
0.6512633396863747 19.082 0.076
0.6520542934507829 19.068 0.054
0.6520600077350536 19.09 0.063
0.6531070196791915 18.999 0.08
0.6538057962465245 19.082 0.09
0.6549192710157512 19.18 0.062
0.6550932328749695 19.008 0.077
0.6584734115698665 18.86 0.071
0.6585839534058322 19.093 0.067
0.6616139499923519 19.002 0.079
0.661744971070584 19.085 0.059
0.6627290122218255 19.087 0.128
0.6632116886261428 18.988 0.06
0.6645147766297668 19.025 0.095
0.6647293075924607 19.022 0.063
0.6660739587599891 18.928 0.065
0.6662151743843423 18.877 0.057
0.66650131936276 19.109 0.114
0.6665712503167014 19.197 0.101
0.6688800086089031 18.993 0.052
0.6698497219853379 18.988 0.057
0.670355495293188 19.043 0.122
0.6709978597968074 19.049 0.078
0.6717689514247467 18.989 0.06
0.6726107286825935 19.016 0.076
0.6749851111839233 19.131 0.067
0.6763855874236469 18.977 0.078
0.6765439758231877 19.01 0.085
0.6776101731424204 19.033 0.066
0.6777967016090769 19.125 0.085
0.6800617343282283 19.045 0.071
0.6800714977111055 19.079 0.058
0.6806290108537723 18.99 0.071
0.6811956401574206 18.993 0.071
0.6823026102114453 18.977 0.044
0.6839057275677988 18.957 0.073
0.6840590185987822 18.937 0.062
0.6844141601235606 19.11 0.09
0.6848427726248701 19.033 0.055
0.6854955834882276 19.029 0.043
0.6861957977083876 18.949 0.072
0.6870937771840545 18.989 0.074
0.6877318230875972 18.999 0.08
0.6878941049475543 18.952 0.055
0.6880755063124525 19.05 0.087
0.6900544358317348 19.04 0.045
0.6901084400782566 18.948 0.051
0.690275531547195 19.069 0.099
0.6904769685655993 18.975 0.09
0.6919586426660317 19.103 0.115
0.6923200856585027 18.991 0.054
0.6923726940298366 19.161 0.102
0.6938781235361603 19.036 0.045
0.6940693360860678 18.976 0.079
0.6956338372841856 18.912 0.053
0.6957275658054641 18.995 0.078
0.6959748906123423 18.958 0.061
0.6960181791913783 19.109 0.121
0.697682170803455 19.047 0.062
0.6985216539163958 18.864 0.049
0.6989841207690916 18.899 0.056
0.6997245384158305 18.99 0.063
0.7014643911346866 18.971 0.066
0.7023217119307447 19.103 0.055
0.7025057727345484 18.934 0.05
0.7037062672956381 18.996 0.055
0.7044350348654916 19.073 0.051
0.7054242631560556 18.958 0.062
0.7055237535700144 19.061 0.102
0.7062583314085714 18.831 0.047
0.7070920821687651 18.897 0.055
0.7072155082927566 18.954 0.088
0.7077760760897945 18.933 0.054
0.7084309413297888 19.033 0.088
0.708661015828875 19.116 0.104
0.7108734821453254 18.91 0.08
0.7137793579680874 18.945 0.057
0.7151966296445608 18.854 0.055
0.7154210794368737 19.016 0.09
0.7160054688914897 19.002 0.042
0.7164482473148382 18.873 0.045
0.7170066767952449 18.852 0.064
0.7194548178416881 19.019 0.062
0.7196526310912305 18.991 0.069
0.7204707306676937 19.247 0.096
0.7214074403540508 18.815 0.051
0.7220581307796238 18.909 0.084
0.7221176274209938 18.899 0.068
0.7225928707242929 18.744 0.061
0.7226317264598038 18.856 0.051
0.7239853564118676 18.83 0.084
0.7242081293565207 18.856 0.038
0.7243106268164411 18.864 0.057
0.7259269455725189 18.809 0.08
0.7265534014371952 18.95 0.108
0.7268927957951746 18.891 0.054
0.7271719326203311 18.874 0.073
0.7272917944391338 18.961 0.092
0.7292554503041174 18.82 0.046
0.7294747908739737 18.756 0.061
0.7306533329741797 18.848 0.044
0.7308988371491069 18.941 0.042
0.7311552425543596 18.805 0.063
0.7343784644812331 18.804 0.052
0.7348642616001598 18.85 0.072
0.7352470999843718 18.784 0.055
0.7361703745267733 18.731 0.046
0.7394896667296053 18.831 0.053
0.7408967798068261 18.786 0.055
0.7425897501010695 18.849 0.05
0.743797887798246 18.695 0.053
0.7440922026766202 18.759 0.059
0.7441498487618446 18.781 0.035
0.7455336255492512 18.696 0.063
0.7461983559882356 18.82 0.062
0.7464515031082556 18.804 0.05
0.7471180666074361 18.753 0.071
0.748665143409562 18.723 0.06
0.7492615600871432 18.833 0.057
0.7492793977693509 18.752 0.042
0.7499072310587508 18.827 0.051
0.7503402280293813 18.725 0.078
0.7505972386874419 18.944 0.086
0.7510813587663506 18.827 0.074
0.751172397735354 18.787 0.064
0.7517151459172965 18.801 0.079
0.7543289349463521 18.806 0.065
0.7545353436184087 18.726 0.099
0.7550841056985519 18.791 0.057
0.7555129698233941 18.789 0.047
0.755638342295606 18.839 0.059
0.7578856929711947 18.793 0.055
0.7584541914733564 18.84 0.065
0.7595464084219202 18.727 0.044
0.7602775659301187 18.794 0.073
0.7603713902439267 19.019 0.131
0.7605641721851498 18.686 0.055
0.7605770382155242 18.766 0.073
0.7609362828547092 18.77 0.038
0.7628885396919941 18.816 0.067
0.7630567874579356 18.718 0.054
0.7630908514624025 18.754 0.038
0.7631926060993465 18.844 0.067
0.7645698181326225 18.701 0.041
0.7649443305939713 18.731 0.055
0.7667002180509371 18.626 0.046
0.7667109457646802 18.676 0.061
0.7672332446267319 18.793 0.077
0.7674292551213512 18.839 0.059
0.7694497959886576 18.809 0.053
0.7695504425099898 18.919 0.077
0.771360729238404 18.767 0.046
0.7741089295617712 18.667 0.067
0.7744009506763178 18.777 0.056
0.7745578654766178 18.702 0.054
0.7756126522966952 18.737 0.031
0.776837854931182 18.742 0.06
0.7777141992486577 18.744 0.054
0.7784431405265423 18.725 0.043
0.7803605967523254 18.725 0.045
0.7813398040124412 18.821 0.063
0.7813471656030743 18.906 0.066
0.7819529984402834 18.668 0.05
0.7820842590948814 18.713 0.063
0.7826509185146279 18.802 0.056
0.7832902942331202 18.726 0.072
0.783874869248757 18.722 0.051
0.7845870988379829 18.744 0.053
0.7856127453154841 18.689 0.057
0.7864649207507682 18.649 0.039
0.7870083338397308 18.558 0.049
0.7880064389059044 18.713 0.046
0.7885123377385753 18.744 0.064
0.7886561770459594 18.693 0.062
0.7893361815225944 18.697 0.056
0.7896014701103923 18.754 0.06
0.79077341131906 18.664 0.039
0.7920962238889843 18.692 0.05
0.7941611610689506 18.807 0.056
0.7945863054404981 18.667 0.055
0.7950294011638107 18.759 0.046
0.7958021400976577 18.826 0.076
0.7958633438924153 18.674 0.057
0.7961338553726819 18.827 0.06
0.7969865220078646 18.64 0.056
0.7980081013160089 18.697 0.051
0.798718366297544 18.626 0.038
0.7996740876518743 18.566 0.073
0.8015018465779576 18.685 0.052
0.8015332810677137 18.717 0.073
0.802800124782516 18.671 0.042
0.8037441659456818 18.649 0.051
0.8077612525070436 18.674 0.042
0.8078909258932981 18.739 0.051
0.8092444118696221 18.651 0.061
0.8094625187999555 18.749 0.068
0.8096540787650156 18.673 0.061
0.8097782294520585 18.735 0.052
0.811364228049024 18.532 0.061
0.8140817664374481 18.799 0.093
0.8158752756061404 18.565 0.041
0.8163412885036451 18.651 0.054
0.8188007922493853 18.732 0.051
0.8198875045667592 18.813 0.061
0.8202813881574912 18.67 0.065
0.8203849519535652 18.47 0.047
0.8206091621690575 18.639 0.057
0.8214104723323544 18.654 0.042
0.8240069809402485 18.656 0.065
0.8250333399340889 18.634 0.043
0.827405302572879 18.652 0.071
0.8300217211184645 18.699 0.058
0.8302480579872281 18.633 0.063
0.8316796992152377 18.62 0.046
0.8321640227353783 18.591 0.042
0.834065163059131 18.746 0.078
0.8341886008478469 18.73 0.04
0.8343130989500424 18.601 0.055
0.8346178302648696 18.708 0.053
0.8363545982159849 18.583 0.057
0.8366352863635257 18.625 0.037
0.8375879827957761 18.625 0.053
0.8394014201625396 18.623 0.06
0.8413273760164884 18.482 0.04
0.8415226854662251 18.484 0.06
0.8418079619063065 18.653 0.053
0.8423273978900397 18.686 0.047
0.8454657799278721 18.671 0.061
0.8460394057214217 18.706 0.041
0.8461555959705948 18.66 0.056
0.8470903589271984 18.67 0.056
0.8483886252774028 18.644 0.045
0.8486971839914986 18.705 0.044
0.8488251022330587 18.634 0.047
0.8493998478046706 18.656 0.062
0.8499517306012422 18.602 0.034
0.8517074260888876 18.624 0.045
0.8518341586826864 18.63 0.057
0.8542784359996404 18.672 0.05
0.854548995663572 18.657 0.041
0.8552779369414566 18.661 0.051
0.855305825385949 18.675 0.056
0.8558398825447512 18.615 0.054
0.85613220289124 18.607 0.047
0.8561997858763789 18.708 0.054
0.8562007202839595 18.548 0.054
0.8565375628499169 18.667 0.053
0.8568641211008071 18.675 0.038
0.858758816173031 18.669 0.042
0.8608210939140918 18.633 0.051
0.8622845650392265 18.738 0.061
0.8630796996416393 18.612 0.031
0.8643844827523935 18.637 0.036
0.8650871349022055 18.658 0.043
0.8667309768101404 18.649 0.047
0.8673072140503791 18.701 0.046
0.8697369004979919 18.522 0.061
0.8703724727169174 18.615 0.041
0.870551675729439 18.683 0.03
0.8706916394534346 18.661 0.031
0.8709786889161478 18.659 0.047
0.8729135695388323 18.605 0.056
0.8731198045019483 18.613 0.038
0.8741161066231143 18.726 0.055
0.8762462549169868 18.613 0.047
0.8768118722813597 18.639 0.045
0.8768275716487551 18.578 0.051
0.8775303971232461 18.717 0.049
0.8775714873485413 18.609 0.06
0.8793933582841419 18.656 0.051
0.8804225686839345 18.581 0.035
0.8815618114589597 18.67 0.044
0.881700852821632 18.553 0.046
0.8827427434975107 18.619 0.053
0.8832784596273996 18.555 0.052
0.8833504270809499 18.416 0.058
0.8839938219756732 18.659 0.041
0.8859410836434108 18.655 0.066
0.8860559740009194 18.687 0.038
0.8873010867640915 18.659 0.046
0.8874801757241585 18.625 0.057
0.8887545067449537 18.556 0.054
0.8890612327826602 18.731 0.059
0.8902080229021522 18.743 0.065
0.8906307472210756 18.623 0.067
0.891353201660786 18.66 0.051
0.892795540680163 18.576 0.056
0.8936553472070955 18.782 0.049
0.8949920560065948 18.734 0.043
0.895195661455 18.648 0.038
0.8961505741175643 18.647 0.052
0.8966728372246507 18.62 0.047
0.8972605508337438 18.693 0.058
0.8977568121894365 18.676 0.044
0.8981558110257538 18.751 0.06
0.89891379685414 18.699 0.031
0.8999725066763858 18.557 0.058
0.9021630681421812 18.794 0.075
0.9024574133258284 18.583 0.069
0.9030727458788533 18.673 0.056
0.9030930692919356 18.633 0.05
0.9046543240596293 18.702 0.046
0.9052170602857587 18.712 0.061
0.9058092961253351 18.733 0.042
0.9067969909696331 18.776 0.052
0.907132234411074 18.583 0.053
0.9091922659985358 18.663 0.044
0.9096676647490313 18.703 0.049
0.9101728028826074 18.683 0.04
0.9107766291425833 18.634 0.044
0.9114760047467826 18.768 0.062
0.913570633506788 18.755 0.054
0.9142169575319713 18.642 0.033
0.9143000541311267 18.604 0.044
0.9151877312237048 18.693 0.042
0.9159616379278305 18.643 0.038
0.9160436563355688 18.732 0.063
0.9176194901177951 18.772 0.068
0.919196126379029 18.61 0.067
0.9206878994231374 18.674 0.053
0.9216358159796073 18.766 0.04
0.9237845925794318 18.724 0.04
0.9255778322480183 18.789 0.089
0.9275386728444573 18.776 0.041
0.9275838119787295 18.748 0.042
0.9280132809721181 18.687 0.035
0.9282959278974886 18.722 0.062
0.9292107506106732 18.694 0.046
0.9302196675211235 18.701 0.046
0.9304776603861683 18.727 0.062
0.9307119396247799 18.74 0.038
0.9308087408684514 18.739 0.051
0.9310695969938024 18.686 0.065
0.9310916273692783 18.617 0.036
0.932610905304864 18.655 0.073
0.9333915448309199 18.682 0.056
0.9339852362003512 18.495 0.084
0.9346693737137685 18.725 0.052
0.9354925525907675 18.662 0.036
0.9356183024018719 18.703 0.066
0.9358460769239173 18.723 0.057
0.9359815780716417 18.698 0.068
0.9364811159724923 18.674 0.051
0.9377620296258101 18.677 0.051
0.9377801068852932 18.686 0.084
0.938782249196629 18.665 0.039
0.9389128748674921 18.629 0.038
0.9395151138591246 18.792 0.069
0.9410431010777757 18.724 0.044
0.9423119873148608 18.736 0.031
0.9424508728474393 18.716 0.068
0.9428270986758435 18.742 0.066
0.9459698173826837 18.7 0.045
0.9466399927963721 18.764 0.058
0.9503041359952477 18.616 0.046
0.9506411404148821 18.683 0.045
0.9512189587097964 18.567 0.067
0.9513670447244295 18.683 0.076
0.9514812404435361 18.82 0.047
0.951525588954064 18.793 0.045
0.9526629928367584 18.696 0.054
0.9534376963787509 18.769 0.065
0.9541301357234261 18.77 0.06
0.9554239995344688 18.704 0.075
0.95588737087146 18.686 0.039
0.9560199133487913 18.739 0.073
0.9570393539601355 18.707 0.041
0.9572654032594073 18.732 0.057
0.9576756089640185 18.75 0.064
0.958873857562503 18.64 0.042
0.9590658308110506 18.594 0.05
0.9592531978918487 18.765 0.043
0.96023878434371 18.683 0.046
0.9607401728002515 18.744 0.042
0.9610482884985686 18.766 0.038
0.9612445385695537 18.699 0.049
0.9629428757329151 18.547 0.059
0.9635265163418808 18.688 0.057
0.9652140000756845 18.733 0.037
0.9657865655539354 18.772 0.046
0.966522676646855 18.929 0.054
0.9679788520510556 18.775 0.068
0.9709349165754247 18.746 0.043
0.9739399357789807 18.775 0.073
0.9763883164026993 18.841 0.086
0.9766000080047889 18.719 0.059
0.9775490507439827 18.863 0.061
0.9795455305678843 18.781 0.069
0.9820643453917001 18.725 0.062
0.9859454392216321 18.674 0.052
0.9869944936903267 18.765 0.042
0.9878087178743954 18.714 0.042
0.9884341792943815 18.709 0.043
0.9885144066096473 18.706 0.051
0.9889521057333696 18.734 0.035
0.9909047760460453 18.742 0.054
0.9919328783311357 18.839 0.055
0.9919724288969519 18.702 0.076
0.9920965195464305 18.744 0.061
0.9921440186957625 18.746 0.059
0.9925967701559785 18.791 0.062
0.9926265874522869 18.701 0.056
0.9929266467292109 18.882 0.087
0.993233833850718 18.659 0.042
0.9934524737585889 18.772 0.045
0.9942947900184663 18.737 0.043
0.9943855773634823 18.745 0.047
0.9946994254145466 18.683 0.041
0.9953902533974542 18.731 0.043
0.998780926062318 18.723 0.052
0.9993948992590959 18.724 0.057
