0.0019903383596555635 19.235 0.045
0.003972015825092878 19.071 0.058
0.0042410341260619155 18.931 0.075
0.005229639498929739 19.058 0.073
0.006742257785299355 19.039 0.051
0.007414497266745368 19.119 0.061
0.00860602873140115 19.056 0.053
0.00878571274110973 19.279 0.083
0.009270559608148599 19.028 0.072
0.013047493507565289 19.129 0.052
0.013655259933011532 19.103 0.075
0.014548237853568846 19.156 0.066
0.017095140155242827 19.108 0.05
0.018645433045685333 19.08 0.063
0.018994560088935852 19.099 0.045
0.019003116394878727 19.107 0.078
0.01924423695177202 19.04 0.093
0.020232965498644173 19.005 0.054
0.021496427740339552 19.137 0.067
0.024293384290240194 19.243 0.118
0.026232783197110532 19.072 0.067
0.027086479507624883 19.286 0.079
0.027163335176419334 19.058 0.072
0.02965281235301509 19.197 0.059
0.030512623615459145 19.041 0.079
0.03182444005656171 19.169 0.072
0.032263062212132265 19.072 0.067
0.033114491093124254 19.219 0.056
0.03603542098417156 19.198 0.072
0.04375786697542017 19.081 0.058
0.044450950072268736 19.134 0.07
0.04580394149584199 19.178 0.082
0.04598105477921299 19.028 0.055
0.04729586746238956 19.09 0.055
0.05389232908705699 19.138 0.063
0.05398442803893877 19.187 0.077
0.054031112334678166 19.182 0.082
0.05680304420777693 19.171 0.058
0.056819293394391845 19.003 0.061
0.05935465101006221 19.173 0.068
0.06040441941572672 19.355 0.093
0.06076802615384613 19.102 0.096
0.06244163982423734 18.911 0.081
0.06276461764823571 19.256 0.109
0.06288224636969053 19.286 0.103
0.06406666937723449 19.104 0.059
0.06442699325693857 19.162 0.06
0.06511207755547721 19.172 0.062
0.07005841061268248 19.18 0.063
0.07255556494524162 19.045 0.073
0.07386568361166601 19.026 0.058
0.0740051065669376 19.239 0.094
0.07447443305968582 19.047 0.074
0.07842661474082879 19.215 0.054
0.07849071827436083 19.164 0.074
0.07936951097794909 19.1 0.09
0.08171707929354843 18.988 0.071
0.08445854007313747 19.068 0.075
0.08463732492364207 19.057 0.047
0.08598729747577627 19.139 0.079
0.08629515423344847 19.286 0.065
0.08797545155280195 19.357 0.117
0.08810963608643751 19.129 0.047
0.08865623494389174 19.135 0.055
0.08932553941681354 19.103 0.071
0.08980700550105203 19.032 0.081
0.09085343697020098 19.143 0.065
0.09271005490622874 19.28 0.071
0.09416177318885266 19.227 0.065
0.09688475762154658 19.1 0.101
0.0996735161981177 19.178 0.063
0.1005317152124916 19.232 0.059
0.10094041163679313 19.146 0.104
0.10228174401881907 19.243 0.066
0.1032143976155111 19.045 0.089
0.1043199517344191 19.346 0.055
0.10476270873473359 19.26 0.067
0.11141078287359951 19.119 0.053
0.11185603102344421 19.049 0.056
0.11188444862923452 19.166 0.048
0.11280017664071229 19.179 0.061
0.11670705373571755 19.203 0.056
0.11713271052044538 19.126 0.074
0.11993964406124169 19.142 0.061
0.12304898103857331 19.384 0.077
0.12516127976155067 19.128 0.098
0.12745904078624326 19.112 0.066
0.12776454267341242 19.346 0.07
0.13122919668981003 19.202 0.101
0.13204745105090288 19.214 0.064
0.1348158589581998 19.162 0.056
0.13583836408556627 19.132 0.09
0.13762996813798045 19.153 0.095
0.13838468433609696 19.138 0.077
0.1416739631114523 19.128 0.114
0.14240670948870493 19.307 0.094
0.14305187176355494 19.119 0.078
0.14344149310581988 19.263 0.053
0.14695370961194376 19.214 0.043
0.14881905158065356 19.334 0.082
0.15017906497828326 19.215 0.071
0.15019031065096433 19.116 0.05
0.15061160720792932 19.12 0.084
0.15347306564185592 19.261 0.063
0.1561789534363469 19.207 0.065
0.15968820252796823 19.163 0.079
0.1625638530832929 19.192 0.123
0.16386214498211293 19.109 0.067
0.1648541239811947 19.166 0.069
0.16537106013643088 19.043 0.087
0.16904632884065895 18.933 0.057
0.17008289505306484 19.146 0.075
0.1704783761807902 19.239 0.056
0.17390494222527186 19.174 0.08
0.17612367545475527 18.99 0.064
0.17697298008934004 19.19 0.048
0.17710548353002187 19.11 0.073
0.17901571933648475 19.182 0.081
0.17957892213544246 19.126 0.115
0.17973066384856784 19.139 0.059
0.18160979696735913 19.203 0.07
0.18746861186868946 19.065 0.056
0.1882353166125994 19.217 0.078
0.18865910431795774 19.211 0.067
0.1887843106084346 19.055 0.067
0.189228476146718 19.234 0.081
0.1901727930686774 19.267 0.061
0.19121807807246105 19.196 0.06
0.191312007749866 19.276 0.098
0.19171594892318344 19.065 0.052
0.1945036370356319 19.373 0.073
0.19544690017519306 19.308 0.071
0.19665421932759264 19.234 0.084
0.19680890582562816 19.187 0.064
0.19912729889406355 19.143 0.071
0.1991386722767401 19.149 0.069
0.20138399762768122 19.226 0.057
0.20521213520796655 19.166 0.083
0.2056464714725279 19.259 0.099
0.206452505706602 19.251 0.054
0.21198807975374612 19.101 0.05
0.21248417682832033 19.095 0.064
0.21355994411489965 19.088 0.059
0.2145877033882697 19.278 0.09
0.2213929463547628 19.194 0.076
0.22204649791538023 19.185 0.063
0.22296659331109359 19.293 0.095
0.2243570680249376 19.214 0.061
0.2264011414723881 19.175 0.073
0.22760450756722994 19.207 0.055
0.23038270901465685 19.193 0.086
0.23201090349371034 19.149 0.071
0.23469670697650136 19.208 0.042
0.23564622300946203 19.412 0.094
0.24312446047601943 19.323 0.085
0.2439938930180232 19.368 0.075
0.24892863779327845 19.284 0.095
0.25123816268833243 19.187 0.075
0.25492456008955733 19.317 0.093
0.25681075424304245 19.379 0.086
0.26333613944748313 19.212 0.072
0.2670677942616293 19.198 0.062
0.26802160238380557 19.121 0.063
0.26823841301475104 19.133 0.069
0.26881830361858183 19.3 0.113
0.27411463047214957 19.052 0.056
0.2755130699144046 19.291 0.1
0.2758339418375271 19.182 0.061
0.2786933031890384 19.17 0.056
0.27891720035531753 19.13 0.072
0.2790841024456312 19.182 0.082
0.2793664339680162 19.294 0.061
0.27964292143010416 19.079 0.061
0.2802900130606303 19.345 0.128
0.28182058354982464 19.315 0.071
0.2823068556364432 19.1 0.072
0.28518347611056916 19.26 0.072
0.287122690609658 19.235 0.092
0.28789490108911187 19.353 0.068
0.2897575543981019 19.157 0.065
0.2906793518522135 19.243 0.061
0.29102207924156565 19.326 0.103
0.2951446433832188 19.368 0.078
0.29668391431928276 19.254 0.07
0.29705731363960686 19.117 0.06
0.2977444426063811 19.294 0.056
0.29803061353791227 19.289 0.094
0.2985402430175781 19.199 0.072
0.3000216590281979 19.296 0.073
0.30389305819053325 19.325 0.067
0.3103972852919923 19.253 0.049
0.3109937710175017 19.185 0.079
0.3116884932766424 19.206 0.071
0.3124673831213385 19.134 0.094
0.31379409690966886 19.312 0.075
0.3149781818430256 19.321 0.062
0.31504996943717745 19.26 0.066
0.3151743692498258 19.14 0.061
0.31566000424904817 19.276 0.076
0.3178755751743211 19.175 0.065
0.321573990656043 19.249 0.084
0.3229628671828323 19.175 0.09
0.3230253348821407 19.331 0.057
0.32867687918783306 19.236 0.065
0.3303069515651714 19.143 0.095
0.33312145481081645 19.237 0.079
0.33347344610344865 19.261 0.081
0.33356265722013634 19.21 0.064
0.3336066957446292 19.313 0.054
0.3354708886273784 19.208 0.066
0.33561000924205475 19.251 0.056
0.3357865781205419 19.077 0.07
0.33734920216570574 19.143 0.07
0.3391213265882925 19.408 0.079
0.3394957570623319 19.147 0.101
0.3416728704934485 19.21 0.08
0.34188390711747163 19.273 0.071
0.3451312192020396 19.37 0.09
0.3465724151320956 19.178 0.064
0.34746450271190954 19.099 0.058
0.3491334781071146 19.191 0.064
0.3496052783608775 19.171 0.061
0.3524279088207095 19.301 0.078
0.3536880331691009 19.337 0.074
0.3541018605648333 19.289 0.068
0.35439256469194336 19.209 0.087
0.3556856303156565 19.395 0.089
0.35643192577790617 19.19 0.067
0.3573457070462155 19.483 0.106
0.36153444463925555 19.399 0.087
0.3636641983340724 19.313 0.145
0.3667535174746718 19.191 0.063
0.3683804475557736 19.261 0.064
0.36955158808418676 19.435 0.104
0.37146531307930675 19.139 0.063
0.37188968878549533 19.296 0.072
0.3758394920090723 19.436 0.104
0.3773367045270334 19.251 0.061
0.3792040037229981 19.119 0.059
0.3792165488204319 19.341 0.079
0.38451509260371497 19.222 0.059
0.3859412198827613 19.364 0.109
0.3859522909243879 19.482 0.116
0.3868291070990836 19.206 0.12
0.38748560248827746 19.281 0.077
0.39258526496282686 19.354 0.078
0.3960230357062301 19.444 0.081
0.39974218377656145 19.209 0.065
0.4 19.523 0.074
0.4001900219547224 19.476 0.132
0.4011679153255955 19.34 0.07
0.40192948123572025 19.272 0.072
0.4019687540261657 19.244 0.056
0.40209829171603817 19.331 0.091
0.40472813556052645 19.466 0.095
0.40800831029823714 19.207 0.068
0.4146858234199954 19.384 0.073
0.41478956926689536 19.335 0.099
0.41934443095342433 19.281 0.067
0.4258536255848867 19.308 0.044
0.4275359151571593 19.488 0.118
0.42814533646915154 19.165 0.067
0.4287230504111449 19.351 0.056
0.4336957449662805 19.163 0.073
0.4374317223606795 19.19 0.038
0.43789474354584856 19.163 0.062
0.43892920219300324 19.22 0.055
0.4430948428027023 19.235 0.069
0.44342457765574184 19.225 0.074
0.4487359652995565 19.369 0.086
0.45079190936135094 19.496 0.124
0.45440913349025325 19.295 0.064
0.45448476049446074 19.201 0.062
0.45476933061868297 19.235 0.079
0.4571065960145916 19.081 0.048
0.4589440176097469 19.45 0.087
0.4605309742084046 19.241 0.095
0.4649388694417894 19.045 0.063
0.46531024601758875 18.965 0.045
0.4704443998245097 19.309 0.079
0.4737582208139429 18.868 0.055
0.4740348009587706 18.878 0.059
0.47525902639349626 19.347 0.091
0.4775814616240496 18.924 0.057
0.4795690188826939 18.923 0.049
0.4795728933183 18.979 0.057
0.47962452155720714 19.017 0.043
0.48272339313202794 18.997 0.055
0.48385169567873165 18.908 0.045
0.4843088223034556 19.032 0.066
0.4848598924155795 19.179 0.134
0.4892823914748533 18.891 0.056
0.48954616611299573 18.835 0.062
0.48994207275532065 18.944 0.063
0.49209169132714126 19.032 0.056
0.4939854509013003 18.896 0.073
0.4960808030736189 18.774 0.051
0.4962685382971813 18.845 0.067
0.49744115812350176 19.029 0.061
0.5005842035417573 18.933 0.066
0.5025575746264167 18.812 0.062
0.5037874089622619 18.876 0.066
0.504613758131336 18.971 0.048
0.5060565732148007 18.905 0.062
0.513625374344565 18.862 0.064
0.5157957690991225 18.591 0.051
0.5158962540100674 18.953 0.059
0.516698795727416 18.651 0.051
0.5174185390850653 18.698 0.056
0.5185009333221388 18.781 0.049
0.5186717098487407 18.702 0.04
0.5196619779695993 18.704 0.06
0.5236814533601774 18.787 0.058
0.5276746187101026 18.727 0.047
0.5313669614226001 18.877 0.077
0.5347100991768002 18.742 0.046
0.537110938469732 18.722 0.047
0.5373342030835829 18.859 0.05
0.5380301180238348 18.678 0.05
0.5383203740067529 18.828 0.051
0.5385601856129597 18.688 0.036
0.5413387775492083 18.619 0.041
0.5415290930256106 18.646 0.042
0.5416544067656105 18.725 0.044
0.5458425747039201 18.755 0.046
0.5467549202700411 18.612 0.048
0.547127147875608 18.715 0.055
0.5484263353561346 18.68 0.051
0.548534328739288 18.711 0.047
0.5491111120726601 18.621 0.053
0.55078520367274 18.748 0.041
0.5537669034885312 18.766 0.067
0.554958286277406 18.58 0.056
0.5553341252894143 18.734 0.047
0.5594223825056815 18.795 0.064
0.5601209992097665 18.666 0.051
0.5604293296124979 18.749 0.056
0.5633492371695411 18.721 0.044
0.5634898501854423 18.739 0.055
0.5637647980737711 18.804 0.042
0.5663403800541801 18.819 0.049
0.5687411669324774 18.869 0.089
0.5702012833218305 18.667 0.055
0.5723996377606909 18.854 0.079
0.5726231801721952 18.712 0.041
0.5736042997019922 18.733 0.062
0.5737059291644983 18.687 0.031
0.5759305386095775 18.821 0.045
0.5768141730483421 18.793 0.053
0.5783451254575539 18.75 0.063
0.5785916993346746 18.7 0.032
0.5799665576643293 18.702 0.041
0.5818435665370544 18.738 0.041
0.582131327793968 18.716 0.049
0.5821372066303866 18.687 0.078
0.5822070334196724 18.76 0.033
0.5822992119505216 18.798 0.037
0.5826456031603812 18.821 0.057
0.586834267373115 18.834 0.053
0.5890200252580599 18.69 0.055
0.5896379154347869 18.819 0.056
0.5897407306730656 18.803 0.046
0.5902649587379983 18.742 0.063
0.5928291280248686 18.735 0.055
0.5964006735116755 18.824 0.056
0.6009086202790513 18.788 0.062
0.6016619288958737 18.649 0.049
0.6028545656005463 18.781 0.033
0.6039552265273415 18.808 0.043
0.6053642188145659 18.731 0.055
0.6054384932732774 18.72 0.049
0.6111875348159629 18.789 0.056
0.6146921380206095 18.722 0.05
0.61584025827201 18.707 0.044
0.6160454946822483 18.787 0.051
0.6161519511125789 18.716 0.046
0.6174071875085702 18.881 0.063
0.6177448337208716 19.003 0.057
0.6217232301388776 18.752 0.044
0.6243700903356967 18.853 0.06
0.6291705238255872 18.861 0.065
0.6294972126435369 18.824 0.067
0.6307234460565724 18.812 0.056
0.6315948918162576 18.815 0.068
0.6341403374505262 18.832 0.047
0.6345051849999891 18.802 0.054
0.6346136379669588 18.856 0.051
0.6360492128502756 18.813 0.045
0.6373753062329343 18.76 0.044
0.6379123791149596 18.776 0.06
0.638561172804225 18.813 0.037
0.6423043992187104 18.777 0.044
0.6430661364330718 18.774 0.047
0.6464758793523743 18.828 0.043
0.6470245876891113 18.92 0.076
0.6489966953332896 18.87 0.072
0.6529804402431637 18.803 0.061
0.6539174295236535 18.965 0.073
0.6543696986892883 18.752 0.062
0.6554539751088214 18.802 0.051
0.6557271535054042 18.851 0.054
0.6593427584822621 18.88 0.074
0.6600481095867053 18.835 0.053
0.6675159216681777 18.839 0.043
0.6695617026672608 18.847 0.054
0.6713824197757049 18.927 0.079
0.6724595126937857 18.856 0.058
0.6811495763023686 18.633 0.054
0.6819540473749385 18.834 0.047
0.6830826689439619 18.853 0.058
0.6836690666511004 18.935 0.042
0.684570724051946 18.867 0.085
0.6846509454852822 18.918 0.043
0.6857829363970268 18.826 0.043
0.6905341961061368 18.989 0.065
0.6937388057805493 18.866 0.064
0.6940117299665417 18.839 0.043
0.6962115165307751 18.864 0.078
0.6971808974406258 19.047 0.07
0.7015262735168563 18.919 0.059
0.7017701230012335 18.808 0.047
0.7025891454851717 18.814 0.046
0.7062652966680162 18.88 0.054
0.7086819236486918 18.865 0.058
0.7092951758010259 18.93 0.063
0.7097408416022063 18.894 0.059
0.7133241466749723 18.781 0.039
0.7148980356952507 18.967 0.057
0.7199750247861175 18.918 0.054
0.7201720589383968 18.918 0.079
0.7229294000893788 19.037 0.068
0.7265209424464502 19.063 0.056
0.7266601154757609 18.88 0.042
0.7390891448586899 18.929 0.056
0.7413888195145774 18.866 0.062
0.7421514558883701 18.931 0.056
0.742490379601486 18.889 0.038
0.7426041505697413 18.851 0.034
0.7435360114988271 18.949 0.058
0.7441104645041833 18.839 0.057
0.7455412071789397 18.891 0.055
0.7467138751345829 18.817 0.05
0.7471305186492373 18.883 0.048
0.7487319103912796 18.862 0.077
0.7498595096268673 19.016 0.051
0.7503155491055168 18.928 0.051
0.7523086078155302 18.943 0.056
0.7547276928322845 18.814 0.073
0.7558138121240973 18.92 0.067
0.757186720838854 18.866 0.047
0.7611592724903403 18.903 0.046
0.761355265964221 18.906 0.062
0.7613773589597713 18.951 0.043
0.7634903243045074 18.906 0.055
0.7637874133185051 18.995 0.072
0.7647822444199847 18.909 0.067
0.7667797586601864 18.936 0.038
0.7686910561125387 18.892 0.04
0.7692013138597759 19.002 0.051
0.7707204961995103 18.957 0.061
0.7717716023838875 18.888 0.056
0.7721116280091792 18.815 0.046
0.7730142998817883 18.918 0.06
0.7736911773883094 18.911 0.053
0.7736918301999595 18.94 0.043
0.7742655822645702 18.926 0.085
0.7762515596808953 18.91 0.057
0.7805133571283932 18.994 0.049
0.780613491568738 18.92 0.062
0.7818211533296108 19.014 0.066
0.7840125977801563 18.886 0.063
0.7919909385015217 18.831 0.083
0.7929030613055602 18.995 0.056
0.7936817798462471 19.112 0.05
0.8004417156058935 18.9 0.05
0.8007242331997532 18.904 0.063
0.800874416036686 18.902 0.055
0.8031154895676537 18.897 0.062
0.8033948065023196 18.888 0.038
0.8055833359532244 18.887 0.053
0.806350176975252 18.985 0.056
0.8086632968453614 18.95 0.056
0.8097185902890033 18.99 0.082
0.8187349319681744 19.008 0.054
0.8222747831888683 18.945 0.064
0.8243842376724843 18.982 0.056
0.8268530215720148 18.954 0.047
0.8284929477660171 18.94 0.059
0.8307565669730593 18.96 0.067
0.8371126549474411 18.96 0.064
0.8372703848609945 19.031 0.053
0.8383799323056792 18.822 0.052
0.8388892673066494 18.954 0.062
0.8391604010354513 19.027 0.06
0.8408024076303718 19.014 0.073
0.8416524761043093 19.001 0.078
0.8463781981805824 18.804 0.06
0.8516104093545437 18.803 0.057
0.8522984453431036 19.064 0.056
0.8541900449382865 19.009 0.047
0.8542659542728416 19.078 0.08
0.8562865907489595 19.016 0.059
0.8604565444112723 18.952 0.044
0.8609617340854584 19.058 0.074
0.8623743892354924 18.889 0.044
0.862808475574775 19.06 0.062
0.8651498224445732 18.918 0.081
0.868456297446437 18.994 0.053
0.8717807832646486 19.038 0.067
0.8730507535666675 18.971 0.058
0.8735129542137884 18.994 0.065
0.8741211471107363 19.006 0.042
0.8754784306230704 19.005 0.033
0.8785357217090223 18.932 0.066
0.8796830354828217 19.065 0.061
0.8799756096469992 19.036 0.047
0.8822636567103018 19.018 0.056
0.8825612708266363 18.883 0.056
0.8838860002239471 19.062 0.045
0.8842425816607374 18.962 0.05
0.8853012218170534 19.029 0.07
0.8855048119106869 19.054 0.068
0.8898449845920823 18.906 0.051
0.8907798889366859 19.027 0.062
0.891824112295717 18.951 0.057
0.8928140938004617 19.03 0.054
0.893109564618635 19.08 0.081
0.9042539927082999 19.041 0.066
0.9057349953508492 18.955 0.058
0.9080391622284424 18.969 0.071
0.9091778315479587 19.118 0.06
0.9093390854262907 19.178 0.067
0.9102153240848111 19.102 0.064
0.9150463272977958 19.09 0.083
0.9182774609550051 19.173 0.07
0.919084868949676 19.0 0.086
0.919507896394316 19.134 0.101
0.9267081818690257 19.09 0.061
0.928876567689167 19.309 0.08
0.9321904813604305 19.035 0.065
0.932667118107156 19.002 0.043
0.9373042206445006 19.044 0.05
0.937777592878001 18.984 0.085
0.9394809924234777 19.03 0.069
0.9399423541878149 18.962 0.056
0.9401092641407103 18.999 0.049
0.940441733164016 19.048 0.055
0.9423112833584582 18.983 0.038
0.9438382817521869 19.256 0.077
0.9453635938108618 19.158 0.082
0.946116046863517 19.061 0.058
0.9484731849990111 19.109 0.066
0.9496404432290091 19.115 0.05
0.9504458055991107 19.035 0.072
0.9545867674666169 19.012 0.065
0.9581266108254112 19.134 0.065
0.9609544708884186 19.081 0.085
0.9626985648661956 19.121 0.056
0.9643032263631084 18.961 0.055
0.9644757137686155 19.071 0.055
0.9648685970033966 18.99 0.059
0.9654063574725114 19.218 0.056
0.9659355347213476 19.032 0.071
0.96677353506916 19.037 0.063
0.966820803080418 18.962 0.061
0.9689099111789345 18.998 0.077
0.971241165746187 19.226 0.121
0.9732280030113087 19.067 0.076
0.9733419600499018 19.056 0.066
0.9804440578292541 19.083 0.051
0.9813309846523679 19.023 0.057
0.9835789157579256 19.317 0.084
0.9858593135369573 19.198 0.079
0.9876149381405184 19.135 0.056
0.9918241776978447 19.096 0.063
0.9933556945199142 19.091 0.064
0.9961696245337861 19.14 0.058
0.9992111627078883 19.109 0.055
