0.0023466704806196503 19.123 0.075
0.0030420018947552308 19.025 0.043
0.003821141768412417 19.035 0.059
0.0043511185126590135 19.071 0.079
0.005113101769893547 19.121 0.068
0.008279301338916412 19.098 0.067
0.008456556454802922 19.11 0.098
0.008617343846708536 18.969 0.054
0.009498219715169398 19.259 0.129
0.01082299977861112 19.152 0.085
0.01115435316660296 18.955 0.06
0.01146992733811203 18.993 0.052
0.01274659102637088 18.991 0.092
0.015682314288142152 19.119 0.065
0.015839314042523256 19.031 0.055
0.015870328817072732 19.09 0.06
0.016669847782395664 18.979 0.045
0.019388093981888233 19.116 0.063
0.0198655763779243 18.829 0.051
0.021095192494158255 19.162 0.074
0.021237643898530223 19.223 0.096
0.021784129305160604 19.09 0.052
0.022771059684600914 19.022 0.074
0.022838507850792666 18.985 0.07
0.02310312270128634 19.069 0.071
0.023382435570965754 19.007 0.045
0.023586787056501635 19.036 0.07
0.025016056230015238 19.094 0.067
0.02633509408269674 19.042 0.053
0.029590288801955467 19.051 0.07
0.02980337863391469 19.16 0.093
0.030181408024873235 19.028 0.056
0.03141935311487032 19.096 0.05
0.03185200665211596 19.073 0.067
0.03213422674161848 19.118 0.058
0.03257729498000117 18.934 0.072
0.03579586256546463 19.154 0.061
0.03648632736167201 19.131 0.091
0.0389895454550242 19.11 0.078
0.039568960573888035 19.039 0.07
0.039726434892145335 19.103 0.084
0.04012391888500133 19.126 0.049
0.04037626393528626 19.051 0.068
0.04131905748454301 19.057 0.072
0.0420189922915597 19.079 0.058
0.043709419693186646 19.061 0.065
0.04456153117826034 19.039 0.084
0.04481321327693877 19.113 0.072
0.04481512339407345 19.094 0.06
0.04612353260290547 19.1 0.097
0.047068323880921525 19.1 0.067
0.04744995160308463 19.078 0.057
0.047675220102064486 19.119 0.064
0.04876990820594074 19.04 0.099
0.05136918474181584 19.11 0.055
0.05294256407341891 19.131 0.047
0.05409926581319269 19.086 0.091
0.05513957057337393 18.985 0.059
0.05594866606134019 19.125 0.077
0.05632949524169817 19.074 0.088
0.05849955373923876 19.119 0.076
0.059338437956284906 19.167 0.067
0.05986660497546836 19.094 0.043
0.06069739619806569 19.011 0.079
0.06135183567403146 19.085 0.077
0.06200253105293996 19.099 0.069
0.0634904515100061 19.039 0.071
0.06474866474036389 19.173 0.074
0.06614446888124803 19.12 0.066
0.06651705670060437 19.085 0.082
0.06798877357141464 19.19 0.076
0.068104454801869 19.181 0.065
0.06847086678476444 19.143 0.072
0.07275416073935048 19.233 0.083
0.07280064743599723 19.056 0.072
0.0743057861827765 19.015 0.041
0.07486649726342876 19.069 0.057
0.07533871239729706 19.16 0.063
0.07537662893446395 19.155 0.059
0.07602526100799878 18.981 0.072
0.07638142647647328 19.22 0.083
0.07782180719777898 19.207 0.076
0.08037710322696512 19.093 0.057
0.08082908633627994 19.187 0.051
0.08089787410131066 19.076 0.05
0.08109802766193752 19.123 0.052
0.08163082401460997 19.089 0.08
0.08233730179199483 19.152 0.066
0.08426207501179306 18.994 0.065
0.08534327170855249 19.136 0.05
0.08543119270052557 19.043 0.059
0.08546547609103072 19.07 0.053
0.08579766413731704 19.227 0.056
0.08585422525811737 19.019 0.079
0.08716207229076645 19.159 0.09
0.09037292901348337 19.162 0.077
0.09090142222794384 19.093 0.095
0.09185919423475752 19.175 0.063
0.09201277348597614 19.11 0.058
0.09232208512548823 19.153 0.099
0.09354991615441577 19.072 0.061
0.09375307992968374 19.025 0.048
0.09443754189669562 19.086 0.092
0.09591282894007236 19.105 0.055
0.09669947590919037 19.062 0.076
0.09723083097014751 19.094 0.07
0.09760753132195532 18.978 0.087
0.09987915188958141 19.147 0.065
0.10019466178596304 19.069 0.073
0.1007576558558867 19.046 0.046
0.10678310691582737 19.256 0.075
0.11329920114894776 19.11 0.079
0.11365459401622502 19.119 0.069
0.1137925494576848 19.192 0.075
0.11725531982210669 19.27 0.103
0.11972560820231593 19.034 0.057
0.11979028695577654 19.026 0.075
0.11998512267382466 19.229 0.117
0.12229561150979862 19.179 0.07
0.12287239762645186 19.206 0.086
0.1256039609261279 19.109 0.039
0.1268073607052429 19.193 0.055
0.12682154322305905 19.195 0.052
0.12757373731437838 19.12 0.083
0.1289211001849253 19.136 0.052
0.1336182665859269 19.377 0.121
0.13365767017239705 19.166 0.09
0.13470650063482026 19.174 0.058
0.13767708576233417 19.008 0.046
0.13825275548242644 19.077 0.06
0.1394053808071476 19.201 0.093
0.14029613475486258 19.06 0.054
0.14053591418655742 19.138 0.084
0.14239680237415087 19.145 0.078
0.14281228429808834 19.341 0.122
0.14412021894258942 19.062 0.05
0.14549667721303194 19.196 0.044
0.14613391951843369 19.21 0.073
0.14698524302184524 18.931 0.095
0.14710527184774946 19.211 0.066
0.14846693966501334 19.153 0.054
0.14876323224143562 19.173 0.054
0.15156756506803504 19.057 0.045
0.1535502905062458 19.158 0.065
0.15368807646063942 19.197 0.057
0.15413508774145157 19.005 0.054
0.1548518353702093 19.232 0.049
0.15704349938914675 19.276 0.1
0.15763218947358837 19.161 0.061
0.15776554152148492 19.132 0.053
0.15845172429999366 19.215 0.091
0.15981259839645645 19.246 0.081
0.16000489272664709 19.127 0.039
0.1601588483690648 19.154 0.04
0.16045507445096518 19.121 0.058
0.16334080159890618 19.163 0.085
0.16337893338118192 19.126 0.058
0.1638530877080484 19.218 0.103
0.16461026992510597 19.206 0.093
0.17095029101255932 19.065 0.067
0.17173915447619947 19.205 0.06
0.1740950756679922 19.082 0.081
0.17639997066089563 19.077 0.067
0.1776200054337096 19.278 0.093
0.17849861813192547 19.143 0.084
0.1801056182848697 19.163 0.057
0.18171081223408692 19.303 0.078
0.1838959345841431 19.015 0.09
0.18553997346225515 19.18 0.047
0.18556831829755538 19.063 0.07
0.18578708828317758 19.225 0.073
0.18586822550332727 19.161 0.052
0.18590500230675389 19.095 0.055
0.18789940277019923 19.161 0.067
0.18792778724127857 19.072 0.061
0.1883773610315984 19.075 0.09
0.18887325203127148 19.064 0.068
0.19011360161948687 19.097 0.058
0.19050973193498066 19.161 0.061
0.19288238277249548 19.269 0.083
0.19402633272511594 19.174 0.061
0.19542707127675385 19.113 0.052
0.19701971590620815 19.036 0.057
0.19746732678140688 19.275 0.085
0.19910176579924155 19.167 0.059
0.19915497199190213 19.038 0.052
0.200006634469446 18.992 0.061
0.20086514721333515 19.046 0.07
0.2011113164262497 19.09 0.065
0.20184148766747967 19.25 0.076
0.20227819428259863 19.09 0.103
0.20240579577966855 19.127 0.087
0.20325427151510667 19.173 0.077
0.20371391973094433 19.137 0.072
0.205666732708778 19.178 0.119
0.20593978082797548 19.184 0.045
0.20688767697356525 19.241 0.094
0.20767546275874338 19.046 0.088
0.2080037861146593 19.153 0.069
0.20928509061377554 19.212 0.061
0.20958551684088889 19.075 0.054
0.21047521422929094 19.142 0.043
0.21201106397484182 19.082 0.046
0.21278841263938375 19.273 0.096
0.2129156927621807 19.336 0.089
0.2144543352578694 19.11 0.087
0.21492439817211562 19.107 0.059
0.21603876186236448 19.305 0.11
0.21623950002049241 19.092 0.096
0.21643110936201992 19.061 0.061
0.21723325159018714 19.272 0.058
0.2188398040377706 19.265 0.093
0.22075396491300125 19.096 0.05
0.22175817563925193 19.072 0.059
0.22227431587816682 18.958 0.059
0.22268934435760457 19.097 0.061
0.2237177944271025 19.21 0.039
0.2242317172544972 19.275 0.095
0.22437978453763208 19.067 0.087
0.2258804088044144 19.111 0.061
0.22801581325984444 19.157 0.056
0.22950833619188415 19.086 0.116
0.23023642783027753 19.089 0.055
0.23167127194392378 19.206 0.119
0.23500792525919678 19.19 0.034
0.23514327985685668 19.061 0.059
0.23572871892542935 19.22 0.073
0.23579289013468951 19.171 0.101
0.2364693035660821 19.182 0.077
0.23658178175628564 19.163 0.059
0.23808739284868352 19.131 0.061
0.23990164819042548 19.19 0.073
0.24151590316068905 19.181 0.086
0.24168878734508326 19.071 0.052
0.2417187935373022 19.176 0.048
0.2424319859892421 19.034 0.047
0.24461822473676875 19.179 0.061
0.24635896610743657 19.095 0.051
0.24644094020550256 19.075 0.064
0.2483207745326581 19.137 0.095
0.2505249024779914 19.066 0.065
0.2518596284153318 19.119 0.048
0.2521257712514853 19.234 0.054
0.2524655169718244 19.225 0.058
0.25309539794943703 19.147 0.059
0.25417694195994045 19.142 0.067
0.2550326117570876 19.175 0.065
0.2561083387236067 19.184 0.066
0.25758801651772956 19.221 0.065
0.2579758865722397 19.219 0.129
0.2598111069019069 19.324 0.108
0.26244971922915283 19.093 0.067
0.26283988764998867 19.067 0.054
0.263517959836463 19.321 0.067
0.26439631061293767 19.19 0.087
0.26825915563722447 19.148 0.064
0.26993414631647283 19.177 0.064
0.2699627002748457 19.26 0.092
0.2702597271177183 19.095 0.06
0.2711475130886356 19.133 0.065
0.2713409938287441 19.093 0.082
0.2715177941990987 19.165 0.056
0.2716945536321873 19.064 0.082
0.2722553302896813 18.944 0.06
0.272469192722383 19.114 0.069
0.2724844529193433 19.142 0.068
0.2731640693891677 19.188 0.066
0.27339991281633047 19.193 0.069
0.2734994675138296 19.144 0.048
0.27639322820164125 19.093 0.055
0.2764314907526568 19.117 0.047
0.27942990429710335 19.259 0.073
0.28058679404102804 19.132 0.057
0.28063076972603085 19.242 0.087
0.2834691706984813 19.119 0.078
0.28355921444926935 19.125 0.069
0.2851537541992002 19.242 0.054
0.28754290535925975 19.058 0.057
0.2881052764960259 19.042 0.048
0.289377046710797 19.267 0.066
0.2905112752923742 19.042 0.04
0.2908133369364805 19.184 0.052
0.2908572413070942 19.062 0.067
0.2911936950731615 19.197 0.074
0.29146652924782757 19.037 0.087
0.2915067758326586 19.094 0.073
0.2920111864127648 19.068 0.058
0.29358697636416764 19.093 0.052
0.2945707235230657 19.048 0.075
0.2953038477444352 19.19 0.09
0.2962560188698262 19.122 0.046
0.2989525508162387 19.196 0.059
0.2992317981093038 19.137 0.051
0.3007112993764167 19.007 0.054
0.30229826515278546 19.036 0.063
0.3038018935112632 19.094 0.061
0.30539210548340634 19.188 0.089
0.3064557052798591 19.138 0.055
0.3073359217160032 19.122 0.084
0.3083627795240318 19.157 0.059
0.30856470187336527 19.202 0.084
0.31017718935618177 19.165 0.058
0.31090884986679157 19.043 0.056
0.3119615089021863 19.165 0.057
0.31301821359284077 19.158 0.075
0.31317896356722486 19.094 0.039
0.3141126282998812 19.198 0.076
0.3146820764250151 19.215 0.077
0.3158810867535067 19.077 0.076
0.317392893500255 19.034 0.065
0.3175153761026195 19.079 0.083
0.31885494753669263 19.171 0.061
0.31909344904306636 19.13 0.058
0.3198709966554816 19.127 0.084
0.32063732880760654 19.076 0.097
0.32072110910939955 19.159 0.072
0.3207623444577621 19.145 0.056
0.3209668737717948 19.091 0.068
0.3215010484418599 19.131 0.084
0.3220363804448425 19.252 0.084
0.32241536248329794 19.193 0.06
0.3234027863281881 19.145 0.088
0.3270576920945132 19.175 0.067
0.3289616090576146 19.124 0.067
0.32939148614241276 19.199 0.096
0.32969328586568736 19.275 0.093
0.33017336023021926 19.339 0.117
0.330199936277495 19.213 0.084
0.3307393808117922 19.131 0.095
0.3315883161153579 19.216 0.1
0.3324988028844018 19.141 0.07
0.3342873833298654 19.073 0.068
0.3349001771684925 19.244 0.095
0.3349904009664897 19.273 0.138
0.33525694483341795 19.033 0.086
0.33715837060299236 19.096 0.08
0.33945635457507706 19.1 0.084
0.340263210230205 19.006 0.117
0.34059251439293803 19.085 0.064
0.34069875117074844 19.092 0.097
0.34197336563374847 19.311 0.057
0.3433951942040494 19.221 0.072
0.34437114640695654 19.333 0.086
0.344601128332215 19.094 0.056
0.34482485384728534 19.222 0.057
0.3450649709529898 19.18 0.071
0.3452816331755457 19.172 0.098
0.3460451457194722 19.245 0.089
0.3466105913462343 19.078 0.058
0.3475419062133369 19.27 0.081
0.3522218380267077 19.13 0.047
0.35333774822083797 19.213 0.083
0.35535917595825595 19.278 0.113
0.3566801450474486 19.229 0.052
0.3584666388496771 19.288 0.09
0.36137447776036424 19.159 0.05
0.36389959589087084 19.192 0.067
0.36448568605010223 19.137 0.064
0.3646150505960577 19.05 0.066
0.36531201964589854 19.239 0.067
0.3656242820452462 19.156 0.057
0.3662172541480686 19.165 0.063
0.3668634698628921 19.08 0.082
0.36858326606215996 19.162 0.06
0.368904894561183 19.249 0.051
0.37174467033128167 19.18 0.058
0.37251816968728235 19.155 0.103
0.37661037462248714 19.134 0.091
0.37764295352189947 19.186 0.061
0.379010475801806 19.298 0.08
0.3803933542312734 19.29 0.11
0.38127577216437203 19.255 0.105
0.3816621586884139 19.131 0.048
0.38356917477972274 19.061 0.086
0.3839362541511946 19.275 0.11
0.387214859296364 19.169 0.083
0.38773390010055664 19.129 0.069
0.3884025934098645 19.278 0.081
0.38854248230563826 19.268 0.091
0.38893962732436194 19.188 0.05
0.39089608179074276 19.185 0.073
0.3918742949449552 19.106 0.065
0.3924714006989234 19.329 0.083
0.39250292875613013 19.15 0.046
0.39282670817237886 19.126 0.068
0.39514461649014265 19.179 0.078
0.39632908328940175 19.254 0.065
0.3969249124183989 19.238 0.075
0.3978121780673973 19.183 0.076
0.3989993042464448 19.295 0.065
0.40186473861467675 19.111 0.056
0.4019398518857997 19.193 0.052
0.40225617753822007 19.163 0.072
0.4047760737812496 19.311 0.098
0.4051258507706734 19.176 0.088
0.4102853938611588 19.195 0.061
0.41047467797670834 19.162 0.065
0.4111738846386288 18.946 0.057
0.412236360999259 18.962 0.065
0.41357287072196414 19.133 0.11
0.413733036099984 19.103 0.074
0.4140352905687905 19.187 0.047
0.41419526312074595 19.055 0.075
0.4156635361496228 19.153 0.068
0.4177027795522008 19.171 0.054
0.41834900230605854 19.131 0.066
0.4194719265151434 19.059 0.078
0.4213582171178132 19.118 0.052
0.4221712499111163 19.139 0.068
0.42461407830887765 18.944 0.088
0.42567558664131866 19.001 0.04
0.42579374146589544 18.984 0.065
0.4269287206129775 19.26 0.093
0.4276371600026323 19.112 0.065
0.42793713148330426 19.223 0.105
0.4281158093747308 19.18 0.088
0.4297448253382754 19.24 0.086
0.42997644620095343 19.117 0.11
0.43048012251529144 19.157 0.08
0.4330589028859322 19.154 0.082
0.4331908075200772 19.28 0.098
0.433364902753965 19.085 0.055
0.433412505846718 19.154 0.043
0.43563036860359716 19.015 0.061
0.4358403535675279 19.22 0.046
0.4364369015820557 19.072 0.085
0.4370379001850324 19.192 0.083
0.4393775755529532 19.202 0.059
0.43962533220633304 19.22 0.061
0.43989767421749093 19.252 0.089
0.442397277680584 19.186 0.054
0.44331989865986543 19.296 0.079
0.4437736879742715 19.392 0.106
0.4437751935411143 18.941 0.041
0.4452461985656555 19.185 0.076
0.44554025613001613 19.085 0.065
0.4468059790578991 19.126 0.073
0.4472531633464314 19.049 0.064
0.44818766495518503 19.177 0.067
0.44827229177485606 19.133 0.068
0.45029149949778 19.257 0.058
0.4506893563630001 19.163 0.091
0.45089370784808125 19.29 0.08
0.45175617549693925 19.162 0.081
0.45286279572837884 18.88 0.065
0.45378584811533074 19.277 0.058
0.45470195206416975 18.864 0.067
0.45492939481937356 19.026 0.072
0.4558703799439172 19.065 0.058
0.45640054729437907 19.167 0.084
0.4590518128518397 19.191 0.112
0.4592145675951542 19.277 0.088
0.4618319763494583 19.146 0.048
0.4618945169631843 19.197 0.055
0.4642099366888033 19.143 0.082
0.46497712905511435 18.869 0.035
0.46552071076075663 18.795 0.073
0.46621651321765967 19.218 0.078
0.46680083367073166 18.555 0.031
0.4729365697658068 19.146 0.046
0.47372883391471987 18.888 0.046
0.4738157190840866 19.286 0.082
0.4738420613693961 19.096 0.081
0.4749369471201135 19.206 0.077
0.47605979205673066 19.09 0.055
0.4762989027981348 18.969 0.061
0.4773508707239671 18.913 0.063
0.4798915144911007 18.762 0.033
0.4808299358073782 18.953 0.055
0.4813291993332314 19.061 0.084
0.48138582824958576 18.895 0.045
0.4818073552405622 18.913 0.063
0.48247851288670063 18.909 0.068
0.4835385143512667 18.813 0.034
0.48570887440655497 18.829 0.061
0.4858369680678152 18.919 0.072
0.48630565748499066 18.864 0.038
0.4868636132323445 18.989 0.043
0.4871550801299236 19.125 0.071
0.48949367651948705 19.057 0.085
0.49016370016852306 18.76 0.06
0.49031110710234316 18.588 0.034
0.4909263322970219 19.055 0.079
0.490995893964282 18.864 0.059
0.4921444710321339 18.73 0.04
0.4924047184695155 19.32 0.087
0.4928175713903329 19.107 0.06
0.49357354959829536 19.017 0.05
0.499287478264705 19.113 0.078
0.49943457882000075 18.762 0.059
0.5017857245293271 18.858 0.057
0.5024982707122945 18.927 0.082
0.5062191142574193 18.877 0.057
0.5066007208602059 18.605 0.051
0.5066364257245368 18.727 0.051
0.5074616195852286 18.696 0.066
0.5082469304743427 18.619 0.051
0.5086872059619054 18.821 0.061
0.5091412149590724 19.041 0.051
0.509564034873847 18.686 0.032
0.5098199721333003 19.085 0.044
0.5109099749702182 18.873 0.051
0.5111242256550668 18.565 0.027
0.5111632656280563 18.422 0.05
0.5115052067239958 18.925 0.075
0.5127193883349719 18.714 0.041
0.5134370828727697 19.13 0.08
0.5151312847510781 18.808 0.066
0.5152135207672472 19.134 0.113
0.5153281476577831 19.086 0.053
0.5198778265519195 18.679 0.065
0.5202738270154441 18.889 0.044
0.5204919925854483 18.696 0.063
0.5208622599998307 18.582 0.089
0.5210615507439798 18.947 0.061
0.5219752255557069 18.944 0.064
0.5231936434283853 18.823 0.07
0.5232400050936121 18.839 0.047
0.52358521480528 18.891 0.047
0.5246776701178533 18.946 0.04
0.5251725684493067 18.806 0.052
0.5257657919146368 19.029 0.059
0.5279203119971498 18.761 0.04
0.52848149894362 18.791 0.055
0.529425129368974 18.912 0.046
0.5294717494364249 18.563 0.031
0.5315875064643478 18.895 0.044
0.5319613823858163 19.089 0.047
0.532639064101204 18.908 0.058
0.5346177272031127 18.595 0.05
0.5346231093199094 18.795 0.053
0.5389239490609725 18.465 0.035
0.5391036333148804 18.925 0.059
0.545138042403778 18.917 0.056
0.5459085033871816 18.668 0.058
0.5474582807692059 18.963 0.079
0.547567395691658 18.939 0.047
0.548192005885312 18.916 0.068
0.5499850646956475 18.818 0.058
0.5516920311374633 18.891 0.051
0.552031175961929 18.798 0.028
0.5541224634034734 18.774 0.041
0.5548641283239704 18.85 0.071
0.5554160614237844 18.868 0.066
0.5558044680965395 18.641 0.039
0.5571829918917501 18.764 0.048
0.5587195116281691 18.691 0.046
0.560153813383522 18.654 0.035
0.5634363184167341 18.665 0.034
0.5639854107887459 18.718 0.034
0.5641971654595181 18.87 0.053
0.5668419302846814 18.51 0.036
0.5675224795850227 18.724 0.057
0.5696057334880607 18.845 0.053
0.5699919940632299 18.934 0.037
0.5714567145191722 18.69 0.072
0.5720912014912756 18.919 0.053
0.5720914352532418 18.406 0.026
0.5724186527727397 18.669 0.036
0.5730980623388859 18.77 0.029
0.573445357392302 18.714 0.077
0.5739177032946827 18.826 0.049
0.5739918639183088 18.898 0.067
0.5742021363603271 18.634 0.037
0.5749695404520025 18.717 0.038
0.5750118560808914 18.734 0.047
0.575139808412132 18.389 0.043
0.5776676013028919 18.954 0.045
0.5780920566353416 18.743 0.04
0.5793646509482642 18.834 0.075
0.5805660904143224 18.736 0.045
0.581078397642159 18.953 0.041
0.5828105679368036 18.78 0.038
0.5829482883154924 18.912 0.051
0.5842311045034876 18.63 0.04
0.5852392138158393 18.729 0.052
0.5852408294149427 18.845 0.041
0.5864254806992903 18.746 0.065
0.5875898405038242 18.773 0.064
0.5886045161255424 18.712 0.031
0.5889644212547864 18.707 0.043
0.5890995804256818 18.761 0.077
0.5909253109286965 18.749 0.055
0.5910422406259386 18.805 0.05
0.5918676717692506 18.827 0.05
0.5924957245033511 18.828 0.05
0.5926646048874318 18.449 0.046
0.5934562892598478 18.64 0.046
0.5938032897965968 18.511 0.036
0.594479746383513 18.597 0.043
0.5950379160749435 18.715 0.052
0.5955212366352498 18.715 0.046
0.5962727188807548 18.806 0.041
0.5969643048947546 18.917 0.072
0.5982126633825828 18.871 0.042
0.6014129768554994 18.615 0.066
0.6023257619935976 18.563 0.046
0.6050264892646737 18.866 0.05
0.6051496172181032 18.696 0.036
0.6061388235475533 18.571 0.039
0.6062327508889211 18.752 0.057
0.6084543308861612 18.792 0.057
0.6093416176536266 18.906 0.06
0.6100444389458062 18.686 0.048
0.6105586844496429 18.716 0.073
0.6105750165856989 18.726 0.046
0.6106370439174498 18.793 0.041
0.6108390318411239 18.766 0.042
0.6119877185592486 18.655 0.046
0.6122448016744784 18.705 0.059
0.6123920470799931 18.788 0.053
0.6147846667199701 18.66 0.069
0.614787999609689 18.851 0.052
0.6149450064040138 18.751 0.049
0.6185657071346213 18.637 0.056
0.6189417176765346 18.782 0.052
0.6189810371697604 18.707 0.054
0.6215140858457744 18.753 0.04
0.6216840007527935 18.589 0.035
0.6231617626917796 18.857 0.051
0.6234101506179286 18.667 0.043
0.6235086544961632 18.814 0.04
0.624540198873774 18.77 0.051
0.6246436371627624 18.781 0.065
0.6250107328323793 18.551 0.037
0.6250555876315502 18.788 0.05
0.627803183728247 18.737 0.044
0.6302574987657863 18.827 0.033
0.6312573900559073 18.979 0.074
0.6332639678857959 18.741 0.041
0.6336578011328129 18.757 0.04
0.6338534948463348 18.852 0.064
0.633923275278903 18.584 0.036
0.634925679799835 18.798 0.063
0.6358952422215225 18.898 0.065
0.6414827452408645 18.913 0.061
0.6421788096185992 18.569 0.044
0.6431833452406863 18.703 0.065
0.6435213269933229 18.943 0.048
0.6436348573056421 18.872 0.067
0.6459994499655295 18.83 0.061
0.6460403850578587 18.693 0.048
0.6464099556233123 18.887 0.046
0.6470083168833298 18.827 0.068
0.6503741545120647 18.717 0.04
0.651694373036662 18.775 0.039
0.6520472267338846 18.815 0.043
0.6530648469943117 18.77 0.052
0.6538632671617961 18.894 0.067
0.6539418850288712 18.87 0.047
0.6542657300224164 18.784 0.049
0.6543084502013699 18.759 0.043
0.6545034589266834 18.802 0.048
0.6562968791304229 18.751 0.057
0.656306954855836 18.83 0.029
0.6563633416699304 18.801 0.056
0.6581236674937827 18.861 0.044
0.659398409205096 18.864 0.04
0.6598354746120094 18.912 0.057
0.6605025910405402 18.728 0.033
0.6608408963866168 18.82 0.073
0.6609807095310316 18.854 0.045
0.6610048938582622 18.846 0.039
0.6618504236539593 18.917 0.052
0.6637621553918507 18.719 0.05
0.6651947002201268 18.772 0.047
0.6657571356322478 18.748 0.04
0.6665601803124446 18.778 0.06
0.6676640848463649 18.83 0.072
0.6685596996712775 18.786 0.05
0.6689916633986286 18.813 0.073
0.6702273897763007 18.8 0.04
0.6710553402717778 18.875 0.057
0.6722190732416493 18.925 0.047
0.6729050200392521 18.858 0.045
0.6736889398332551 18.73 0.045
0.6742459042147857 18.867 0.075
0.674853919051202 18.839 0.065
0.6750051567769333 18.883 0.063
0.6762163642888481 18.751 0.079
0.6783278639377386 18.715 0.05
0.6788391190448237 18.97 0.081
0.6802475121421594 18.747 0.046
0.6820979037547659 18.882 0.037
0.6820982942272167 18.869 0.061
0.6845703875105755 18.847 0.045
0.6848404020765884 18.893 0.052
0.6857437229436982 18.815 0.041
0.6870804501304519 18.738 0.05
0.6895859525125161 18.835 0.074
0.6900513825730741 18.861 0.036
0.6903395588180956 18.854 0.042
0.6913982893966022 18.853 0.037
0.6916447170110587 18.912 0.049
0.6917393936162171 18.85 0.044
0.6923242714256048 18.778 0.045
0.6927119895908618 18.881 0.057
0.6935996201536909 18.824 0.031
0.6937076151602923 18.779 0.052
0.6986598806433904 18.846 0.054
0.6994670823132765 18.852 0.063
0.7001052050331964 18.843 0.045
0.7029789696771331 18.913 0.067
0.7037970619110183 18.94 0.064
0.7053828655321013 18.837 0.036
0.706032136835347 18.786 0.042
0.7062360335767153 18.829 0.058
0.7067473344413884 18.795 0.053
0.7069996794912186 18.9 0.057
0.709635043020171 18.838 0.025
0.7106608170288382 18.824 0.042
0.711698859920034 18.913 0.072
0.7124343560426496 18.931 0.031
0.7147374205751476 18.811 0.049
0.7147888531599165 18.988 0.046
0.7152214014859055 18.911 0.068
0.7170181404999312 18.829 0.046
0.7183177017136586 18.825 0.055
0.7191734322655066 18.811 0.051
0.7192686080741169 18.84 0.04
0.7207122957456704 18.957 0.049
0.7231747552725665 18.817 0.046
0.7247769517853158 18.759 0.051
0.7271002879779189 18.934 0.066
0.7278546144698339 18.841 0.047
0.7291225375936392 18.94 0.082
0.7312457435634769 18.897 0.054
0.731556192718017 18.963 0.042
0.732316219182394 18.758 0.06
0.7327884541336971 18.869 0.043
0.734747296801288 18.854 0.061
0.7355689367886953 18.89 0.063
0.7358153842205866 18.875 0.069
0.7361296901069636 18.755 0.059
0.7367956232628785 18.87 0.072
0.73699625138579 18.847 0.037
0.7373597993041585 18.855 0.055
0.7381202558754012 18.871 0.052
0.7385969026972816 18.882 0.114
0.7390036885126392 18.829 0.048
0.7408221008436158 18.868 0.047
0.7413041707186494 18.825 0.059
0.7417591860794346 18.71 0.049
0.743173783172324 18.844 0.069
0.7436282830312848 18.827 0.055
0.7438851473834802 18.742 0.048
0.7439537832597125 18.863 0.066
0.7463262936873889 18.908 0.044
0.746381299964014 18.876 0.046
0.746455789002539 18.896 0.067
0.7498898953749631 18.834 0.038
0.7503516302331263 18.905 0.053
0.7511833014868898 18.981 0.07
0.7512793154737665 18.885 0.042
0.7525034557374966 18.906 0.053
0.7525048573925233 18.892 0.057
0.7534389711327094 18.875 0.061
0.7545424922354869 18.965 0.068
0.7549016269822459 18.798 0.048
0.7553526187257376 18.883 0.041
0.7556174475193984 19.079 0.084
0.7568623832858066 18.956 0.064
0.75713005058833 18.93 0.054
0.7573735952373681 18.93 0.049
0.7580122334586576 18.901 0.055
0.7584784642785962 18.921 0.043
0.7591272249026133 18.855 0.067
0.7608922813706158 18.818 0.051
0.7620190191551046 18.927 0.042
0.7621061403051499 18.877 0.045
0.7648572519422032 18.972 0.054
0.7660187626788684 18.975 0.072
0.7711425551478897 18.916 0.067
0.7719700566376559 18.953 0.086
0.7720575427010772 18.756 0.055
0.7724093618762709 18.841 0.048
0.7724665216733229 18.894 0.065
0.775593685707463 18.842 0.056
0.7766671354247592 18.97 0.047
0.7784992345902992 18.975 0.049
0.7785721674827073 18.986 0.056
0.7788999273616355 18.947 0.036
0.7796510671123542 18.863 0.058
0.7818803918698904 18.901 0.053
0.7836824698451892 18.949 0.066
0.7845003257152712 18.932 0.074
0.7872688238276169 18.816 0.058
0.7874894876322287 18.939 0.046
0.7915145450403998 18.9 0.033
0.7924354896649675 18.915 0.071
0.792774051194101 19.018 0.048
0.7933853170461589 18.948 0.054
0.7941603219678655 18.891 0.06
0.7951209989769268 18.766 0.065
0.7955982885496269 18.939 0.073
0.7959169640671462 18.853 0.059
0.797858415437986 18.864 0.04
0.8001275390734008 18.828 0.045
0.8023250412563812 19.025 0.081
0.8041213242240701 18.928 0.055
0.8055537603195262 18.883 0.086
0.8068167116157383 18.931 0.063
0.8071736954434527 18.915 0.042
0.8074223827084097 18.942 0.055
0.8104953667816517 18.861 0.077
0.8119147415764019 18.925 0.056
0.8127338485139717 18.955 0.055
0.8133704432486866 18.914 0.039
0.8143248330870847 18.939 0.051
0.8149781341289781 19.025 0.048
0.8150800386929404 18.961 0.063
0.8167155566898145 18.961 0.076
0.8176440356501189 19.011 0.054
0.8183131485075137 18.98 0.053
0.8184334146144465 18.98 0.05
0.820859218849364 18.98 0.053
0.8230658216898519 18.853 0.064
0.8248159208187644 18.99 0.046
0.8258466714760289 19.003 0.073
0.8263810587886837 18.966 0.051
0.8269264489181296 18.965 0.061
0.8269606658150224 18.987 0.059
0.8279268768289967 18.987 0.065
0.830138901421833 18.955 0.045
0.8306678868002564 18.94 0.063
0.8308246994674846 18.856 0.048
0.8310450617154856 19.004 0.057
0.8312336551030057 18.936 0.058
0.8313486091064988 18.992 0.068
0.8333673620836635 18.934 0.048
0.834958156434368 19.005 0.082
0.8350531134774428 18.881 0.041
0.837347138107134 18.909 0.085
0.8379085165770448 18.89 0.071
0.8380093258638226 19.056 0.047
0.8381201836346008 18.989 0.057
0.8387894509814942 18.944 0.071
0.8396871956047107 18.993 0.069
0.8400209138562786 18.914 0.06
0.841141994825648 18.966 0.042
0.8419595059824587 18.873 0.066
0.8420225409781779 18.922 0.087
0.842701024753751 18.896 0.075
0.8429088808361485 19.043 0.096
0.8432690478857694 18.975 0.032
0.8434669008593119 18.993 0.045
0.8470316272841956 19.027 0.069
0.8477310641892473 18.913 0.06
0.848497116821818 18.877 0.069
0.849005295220195 18.924 0.057
0.8503498758993828 18.936 0.048
0.8504071651659615 18.978 0.051
0.8522598212493904 19.209 0.069
0.8541570024181055 18.813 0.039
0.8554310358013026 18.848 0.053
0.8605954186514282 18.94 0.061
0.8610327644964855 18.876 0.052
0.8613732876392532 18.97 0.056
0.8629484172415687 18.916 0.058
0.8630230744665823 18.923 0.088
0.8636397880109143 19.059 0.073
0.8646655025656855 18.886 0.048
0.8656099267109312 19.054 0.058
0.8664440121065127 19.189 0.117
0.8666057041682507 18.971 0.044
0.8669443942480939 18.949 0.063
0.8695326023898815 18.909 0.065
0.8702832922160724 18.945 0.05
0.8703704063264013 18.973 0.072
0.8712717048247214 19.033 0.056
0.8718349339578708 19.05 0.042
0.8723533725660673 19.029 0.091
0.8729263151114992 18.987 0.057
0.8730584781469588 18.935 0.061
0.8736897339204006 18.873 0.074
0.8754807086884284 18.917 0.048
0.8763768588323728 18.954 0.055
0.8776270900198142 18.948 0.091
0.8792460993536224 19.009 0.055
0.8795483749427149 18.973 0.056
0.8797132339277596 18.888 0.058
0.8799524978585396 18.935 0.057
0.8803056905298945 18.976 0.051
0.8823172600059479 19.053 0.069
0.8823401817871854 19.083 0.075
0.8847323233439965 18.972 0.083
0.8849604325705513 19.001 0.036
0.8868774808488524 19.005 0.071
0.889126114058854 19.026 0.054
0.8896157403078178 18.954 0.044
0.890079172638707 18.925 0.037
0.894076741905792 19.077 0.056
0.8946688758323944 18.893 0.039
0.8963912134213388 19.012 0.047
0.8967683614791895 19.013 0.092
0.897253076654124 18.985 0.048
0.8990525102481115 19.067 0.063
0.9035675549166626 19.046 0.052
0.9047367333610055 18.99 0.075
0.9048434623018693 18.971 0.047
0.9053656898481677 19.002 0.042
0.9061209619485453 19.092 0.059
0.9063593397252134 19.021 0.06
0.9069096559251193 18.89 0.069
0.9076363177482563 19.03 0.035
0.9089204713154686 18.941 0.055
0.9094368677378952 18.937 0.054
0.9094996222956979 19.178 0.091
0.9112615214808102 19.023 0.075
0.9121847657756916 19.071 0.066
0.912355203223342 19.086 0.073
0.9148247784564774 18.941 0.052
0.915845137751603 18.948 0.042
0.916621347984119 18.981 0.037
0.9169728643009876 19.049 0.064
0.9177671706356705 18.973 0.056
0.9190335028001755 19.054 0.068
0.9195023172478614 19.059 0.065
0.9197917675155622 19.078 0.068
0.9227965334241617 18.978 0.064
0.9242013118910108 18.927 0.058
0.9247842364279677 18.968 0.064
0.9269330248598635 18.969 0.04
0.9280952078061091 19.035 0.06
0.9283224823757337 19.073 0.058
0.9303426383089572 18.962 0.084
0.9317384481882982 19.1 0.033
0.932220775164069 19.07 0.053
0.9327499744858869 19.022 0.071
0.9340286851816018 19.069 0.052
0.9343446661218877 19.147 0.046
0.9344485754554626 18.994 0.047
0.9349827501246182 19.108 0.06
0.9373519276614388 19.033 0.09
0.9376959752180483 19.091 0.051
0.9386922928169952 18.941 0.041
0.9391116081342261 19.057 0.06
0.9405451382062893 19.026 0.064
0.9427153230362819 18.897 0.053
0.9430901775454004 19.25 0.07
0.94592885451857 19.104 0.063
0.946761061093639 18.956 0.074
0.9469489285552299 19.072 0.066
0.9471155761470982 19.004 0.078
0.9472152197595278 19.088 0.087
0.9481757832154472 19.044 0.083
0.9490094605407648 18.96 0.053
0.9538081049183802 19.165 0.089
0.9548910211251496 19.036 0.036
0.9556007921567016 19.016 0.059
0.9556755814510325 19.081 0.063
0.9558639842325647 19.135 0.082
0.9566240960912182 18.949 0.07
0.9567668538729777 19.012 0.056
0.9583669883813855 19.178 0.079
0.9619450133891405 19.035 0.074
0.9652576003672948 19.053 0.039
0.9656257587175787 18.922 0.085
0.9659345948755345 19.075 0.058
0.9662540266972428 19.072 0.051
0.9670093199165422 19.034 0.084
0.9697035019985378 18.955 0.063
0.969879786868205 19.056 0.072
0.9717006283362934 19.017 0.055
0.9723333957977047 18.941 0.058
0.974482166630878 19.136 0.054
0.9753209852706277 19.015 0.046
0.9754980673815226 18.959 0.081
0.9764699070510687 19.135 0.058
0.9769586541860917 18.971 0.078
0.9823308768195602 19.054 0.065
0.9846125660733378 19.158 0.059
0.9847329396116038 19.041 0.07
0.9859938042645808 19.072 0.063
0.9892079762785215 19.007 0.036
0.9898485338753744 19.088 0.059
0.991044591224636 19.001 0.056
0.9926723389048675 19.151 0.089
0.9958803174822606 19.17 0.067
0.9974737161946905 19.005 0.053
0.9977119839386432 19.074 0.06
