0.00015222184756558121 19.318 0.07
0.00015666732579111553 19.173 0.094
0.0011180113173394624 19.358 0.096
0.0015997231979780757 19.554 0.133
0.0034777231316183155 19.204 0.104
0.005619193937854927 19.445 0.084
0.0061892341976999 19.284 0.089
0.006993463091384822 19.458 0.106
0.008775334057099737 19.322 0.123
0.009657513082311109 19.306 0.081
0.012188939197039783 19.537 0.094
0.013962707960126775 19.196 0.077
0.015123260858126653 19.254 0.072
0.01621838488008498 19.37 0.058
0.016229954276604897 19.258 0.083
0.01880820962596763 19.395 0.108
0.020026155530467826 19.015 0.055
0.020324005637485265 19.275 0.054
0.02062650241841768 19.586 0.119
0.020887357542414997 19.268 0.088
0.022527443957551463 19.418 0.099
0.022664603338307665 19.406 0.132
0.023900725893690855 19.269 0.057
0.025416653667343803 19.388 0.097
0.026860725003098218 19.183 0.061
0.02822686953677478 19.428 0.119
0.02839108212847352 19.261 0.068
0.02882171830733571 19.326 0.105
0.03656270798946937 19.276 0.079
0.03816437390869398 19.461 0.108
0.0392695011218166 19.221 0.091
0.04164082042134398 19.313 0.073
0.04292369913073346 19.085 0.066
0.043445687662278965 19.352 0.119
0.04785645812753503 19.315 0.119
0.05099067794017176 19.177 0.076
0.05412311103045797 19.358 0.107
0.05608862598946873 19.308 0.094
0.0572427316414178 19.271 0.088
0.05772075271797805 19.471 0.102
0.05963724531775372 19.115 0.064
0.05976937039067709 19.252 0.112
0.06083838632130212 19.294 0.083
0.06438466235467788 19.357 0.088
0.06470240275339167 19.266 0.115
0.06626924129650436 19.343 0.067
0.0664991072875637 19.335 0.076
0.06749546417759122 19.609 0.132
0.06987627401613283 19.332 0.083
0.07109636511395367 19.329 0.087
0.0719869187954828 19.306 0.077
0.07377534635579652 19.428 0.102
0.07424253029003014 19.484 0.099
0.07628067604255195 19.587 0.115
0.07754310788677687 19.637 0.119
0.08055165479108839 19.375 0.075
0.08249245892275214 19.265 0.083
0.08634028753240275 19.232 0.11
0.08684758993185826 19.313 0.1
0.09278992434101385 19.318 0.091
0.09320955844978018 19.327 0.071
0.09458756724907291 19.378 0.096
0.09532359916502176 19.474 0.114
0.09803827088708206 19.534 0.115
0.09840230453974075 19.307 0.076
0.1036355616482979 19.307 0.067
0.10418707170301789 19.311 0.097
0.10501047029665644 19.435 0.125
0.1061145421348556 19.477 0.081
0.10676088740674461 19.421 0.112
0.1085455372298384 19.457 0.088
0.10932513821753675 19.41 0.12
0.10994687526490454 19.309 0.099
0.11131000165496518 19.459 0.124
0.11156404832527189 19.357 0.099
0.11160364739171202 19.451 0.105
0.11309462906265255 19.566 0.113
0.11344172696353783 19.434 0.077
0.11440013883238864 19.401 0.074
0.11638592588442409 19.35 0.074
0.11679346227301723 19.329 0.089
0.11847385850833236 19.373 0.062
0.11853952849050986 19.474 0.124
0.11867294731328004 19.495 0.124
0.12047091425247347 19.27 0.114
0.12057782659794614 19.31 0.071
0.12096676644378024 19.387 0.066
0.12134219472081897 19.354 0.132
0.12517231048823307 19.263 0.097
0.13118698081907498 19.414 0.146
0.132380402331728 19.547 0.083
0.1382233417765747 19.419 0.077
0.1387746389704262 19.435 0.093
0.14669909021667993 19.47 0.114
0.14822900011440654 19.854 0.141
0.14890478490033277 19.321 0.104
0.1517248721987926 19.565 0.063
0.1545033841752229 19.507 0.105
0.15831366705824623 19.397 0.083
0.1614129277326356 19.47 0.102
0.16169540246064573 19.35 0.104
0.1627911659783422 19.479 0.101
0.16416819157111606 19.44 0.119
0.16531529832482195 19.253 0.072
0.1658075426315918 19.406 0.118
0.16592504699783606 19.483 0.126
0.1672409076803888 19.398 0.092
0.17153351769902658 19.354 0.062
0.1724384577240926 19.555 0.078
0.1748555517946443 19.344 0.112
0.17602631490935894 19.298 0.119
0.17910185379641919 19.394 0.083
0.17983555408263785 19.417 0.086
0.18112741468794413 19.492 0.081
0.1832519439107273 19.297 0.084
0.18411346229768244 19.325 0.09
0.18572940120102432 19.537 0.19
0.18609879537816598 19.403 0.071
0.1878778650729146 19.521 0.103
0.19148975058433282 19.669 0.111
0.19276064000896442 19.323 0.095
0.1946366919377397 19.371 0.098
0.19648845784777225 19.36 0.059
0.1986995247201776 19.411 0.102
0.1988859798269914 19.291 0.083
0.20021009506799603 19.478 0.075
0.20497027264664214 19.425 0.106
0.20643848165254897 19.469 0.063
0.2071402485993531 19.332 0.051
0.2081388111904744 19.483 0.104
0.21025049384970773 19.366 0.068
0.21186397610417773 19.673 0.132
0.21264138214555717 19.359 0.083
0.21587121736174597 19.598 0.28
0.21678686367285993 19.597 0.139
0.217014523963735 19.499 0.092
0.22004386727658132 19.468 0.078
0.22076549043722482 19.388 0.085
0.22090284700552731 19.6 0.119
0.2212921480599107 19.395 0.104
0.22184465608133908 19.543 0.112
0.2224302729176998 19.453 0.083
0.22331282207906045 19.607 0.146
0.22354782497986891 19.501 0.079
0.22489868780703548 19.41 0.138
0.2259446097790715 19.346 0.074
0.2260511179078094 19.51 0.117
0.22890159475664407 19.534 0.116
0.22991411304374199 19.384 0.068
0.2307516685317751 19.39 0.072
0.2307764340343056 19.48 0.106
0.23157995399778886 19.53 0.109
0.23203337942359215 19.541 0.105
0.2348485856813568 19.389 0.134
0.2354630025341976 19.424 0.112
0.23577742809666236 19.405 0.105
0.2358465536066433 19.372 0.077
0.23664083580606532 19.667 0.141
0.23760447333861523 19.372 0.066
0.24029402418582324 19.57 0.107
0.24172357432089486 19.342 0.105
0.24320655146893844 19.617 0.137
0.2473105172679425 19.691 0.094
0.24806661424681808 19.318 0.11
0.2484352340710757 19.475 0.133
0.2493981891006115 19.426 0.089
0.2531933632284563 19.408 0.095
0.25618395891651746 19.321 0.07
0.2574370387314048 19.533 0.126
0.2582160539854158 19.587 0.151
0.25873056322361665 19.088 0.129
0.2599040075141602 19.564 0.135
0.26034230359018695 19.404 0.082
0.26059623599157933 19.589 0.174
0.2616855172722353 19.45 0.067
0.2628320508696561 19.687 0.121
0.2635815630086654 19.55 0.098
0.26401381022460557 19.469 0.103
0.26441551553343745 19.694 0.105
0.2666239384083383 19.733 0.153
0.2677177686813593 19.446 0.102
0.26821578939452595 19.548 0.142
0.2685811822242613 19.553 0.126
0.27133304429426064 19.515 0.098
0.27138670257536435 19.509 0.077
0.2723035400344088 19.502 0.158
0.27237334221663334 19.57 0.133
0.27770977785658035 19.416 0.099
0.28297922151377863 19.408 0.079
0.2847137895945707 19.435 0.059
0.28677014243239685 19.299 0.091
0.2877392350741502 19.44 0.083
0.28833326957592365 19.358 0.088
0.2896997372294209 19.583 0.098
0.29154698330730755 19.438 0.079
0.2951166764181835 19.409 0.081
0.29905230234671765 19.341 0.112
0.2994733843837821 19.524 0.091
0.2996971127608049 19.461 0.095
0.3002856890574549 19.349 0.116
0.3012361627410428 19.543 0.099
0.30361824883348165 19.721 0.182
0.30372798395674183 19.511 0.069
0.3054961080755675 19.514 0.094
0.30621093936624677 19.452 0.121
0.3076782364236351 19.541 0.09
0.30919226904134123 19.702 0.182
0.31029989682465386 19.356 0.078
0.31242989591683 19.65 0.138
0.3149343732487978 19.402 0.073
0.3160673670276083 19.48 0.092
0.31816450916940087 19.359 0.07
0.3192177737504608 19.617 0.101
0.3193740969994906 19.519 0.085
0.32081501934262635 19.58 0.129
0.32231235057533925 19.488 0.099
0.32467408256470665 19.35 0.114
0.3254863872365604 19.184 0.088
0.325654765195759 19.471 0.076
0.3275133023829767 19.544 0.105
0.3284260604918018 19.543 0.175
0.3308043580958838 19.631 0.152
0.3309910260626566 19.471 0.079
0.3326253701519818 19.741 0.106
0.33357613870739444 19.698 0.123
0.33518940226931593 19.563 0.155
0.3365072997097741 19.569 0.094
0.33740101988169047 19.43 0.083
0.3377035480074483 19.631 0.103
0.33802730009065274 19.658 0.114
0.3384431134531042 19.371 0.111
0.33957839895028885 19.412 0.096
0.3397967327213337 19.495 0.088
0.34458320974899836 19.343 0.081
0.3495957301996896 19.533 0.086
0.35159043681906044 19.439 0.077
0.35284069385434125 19.402 0.101
0.35639372949972314 19.48 0.08
0.35843560414414244 19.821 0.179
0.35932552999602196 19.539 0.155
0.36202597356568733 19.364 0.11
0.3679625208154903 19.592 0.171
0.3689262618630892 19.456 0.148
0.37199989976252257 19.376 0.17
0.3749756932314995 19.501 0.102
0.37671875114701836 19.525 0.105
0.37763812052016876 19.69 0.131
0.378683687116245 19.362 0.056
0.3804367141432522 19.389 0.077
0.3819118526129387 19.484 0.095
0.38267636725995546 19.401 0.072
0.3835567223872204 19.457 0.176
0.38621565022767756 19.579 0.107
0.38671619210381325 19.488 0.105
0.38779202815148894 19.475 0.098
0.3882989742645805 19.604 0.099
0.3895459671288336 19.386 0.141
0.39035176222696466 19.453 0.099
0.39137790908480385 19.568 0.103
0.3915058961260002 19.414 0.115
0.39187976712801176 19.432 0.083
0.39295086282745617 19.517 0.147
0.3979353477719997 19.399 0.143
0.3992264371203419 19.271 0.092
0.3995448111812948 19.497 0.065
0.4 19.872 0.206
0.4005637337062581 19.391 0.101
0.40080514667479294 19.451 0.102
0.40110235728698174 19.473 0.117
0.4033029356518455 19.482 0.062
0.40538497760226166 19.482 0.088
0.4076075797887825 19.3 0.078
0.4099171502670288 19.486 0.098
0.410890969772845 19.737 0.14
0.41122194928666433 19.41 0.076
0.41138784325939926 19.37 0.108
0.41637511289209217 19.464 0.108
0.4171056466906521 19.484 0.085
0.41878024410234505 19.472 0.087
0.42025667632278785 19.809 0.182
0.4234869000832987 19.496 0.177
0.42450602963563144 19.454 0.062
0.42727357362255136 19.51 0.103
0.428723634225571 19.447 0.095
0.42965498304274663 19.363 0.081
0.4302904638401742 19.718 0.176
0.4304744838012994 19.62 0.102
0.4307803765181234 19.375 0.141
0.4320580519810392 19.436 0.126
0.4367206956716473 19.42 0.09
0.43677825761860734 19.52 0.095
0.4429430100693935 19.569 0.087
0.44328982968490893 19.525 0.111
0.4449237032198653 19.373 0.146
0.4453556497332102 19.59 0.084
0.4456824472939843 19.588 0.087
0.44670229342991663 19.627 0.128
0.45151768966334205 19.759 0.309
0.45196413095200116 19.635 0.107
0.4525790389538088 19.466 0.088
0.4534463503308871 19.438 0.06
0.4543021205594414 19.532 0.176
0.4556291240036444 19.413 0.055
0.4556683246859393 19.437 0.123
0.4557676806483869 19.407 0.172
0.4562800437828628 19.598 0.139
0.4566591462802535 19.473 0.122
0.45706323206050004 19.536 0.115
0.4612066719086215 19.407 0.097
0.4614467911264001 19.559 0.076
0.46229773990980905 19.548 0.135
0.46619234125628284 19.597 0.17
0.4674495815183036 19.524 0.088
0.46796440622110824 19.665 0.102
0.4700768807319037 19.55 0.097
0.47060797034591817 19.525 0.089
0.4714522796142774 19.318 0.062
0.4719045430532788 19.644 0.084
0.4722145455520149 19.319 0.09
0.4723986748607786 19.212 0.054
0.47250910907077925 19.316 0.091
0.472695592425589 19.298 0.146
0.47310310639786624 19.373 0.072
0.4763335488518351 19.501 0.133
0.4766917115133765 19.498 0.127
0.47833229673087774 19.758 0.148
0.47833256335379704 19.206 0.062
0.4801347776714465 19.492 0.081
0.4813534002472807 19.357 0.093
0.4893835305951143 19.355 0.141
0.49036728786577444 19.5 0.106
0.49047331067904454 19.356 0.119
0.4912524899531491 19.407 0.076
0.4930582261344171 19.406 0.112
0.4947658776885874 19.414 0.089
0.49603045472886154 19.329 0.092
0.4960650320630521 19.335 0.076
0.49773719433269437 19.386 0.067
0.4986649558590216 19.251 0.083
0.502409442829412 19.417 0.135
0.5028002124066916 19.249 0.093
0.5058059804545337 19.722 0.165
0.5071402942516215 19.225 0.076
0.5076214504710151 19.301 0.07
0.5093111167274401 19.292 0.11
0.5096391766932357 19.645 0.118
0.5101258341286666 19.43 0.084
0.5108250516635963 19.393 0.12
0.511873118830772 19.352 0.083
0.5135249064036543 19.307 0.064
0.5165789264641717 19.226 0.071
0.5205971092867913 19.179 0.055
0.5210284015442085 19.339 0.082
0.5232737217205795 19.363 0.07
0.5255569058212132 19.23 0.068
0.5268261725463163 19.418 0.09
0.5273849158633311 19.465 0.109
0.5273866362471381 19.302 0.087
0.5283285605013589 19.163 0.098
0.5291551421682016 19.469 0.094
0.5298145195269172 19.365 0.076
0.5299713222570063 19.353 0.098
0.5311194444760986 19.413 0.093
0.5311990419080758 19.263 0.083
0.5343421060219044 19.187 0.066
0.5378013053281393 19.594 0.161
0.538906294946537 19.275 0.092
0.5402627818251858 19.466 0.075
0.5422159131225271 19.622 0.117
0.5425373219090034 19.363 0.073
0.5430060191996745 19.48 0.118
0.5430262191233851 19.363 0.102
0.5437040612609053 19.312 0.094
0.5456615345205137 19.474 0.105
0.5461669144291591 19.399 0.101
0.5487516228571622 19.302 0.138
0.5490013128004648 19.367 0.09
0.5513292387126058 19.144 0.062
0.5519863332823661 19.474 0.083
0.5520351105218652 19.124 0.046
0.5537232388245684 19.491 0.137
0.5564585810247081 19.151 0.08
0.5568328992534589 19.228 0.073
0.5576250734351561 19.249 0.07
0.5580830097655053 19.291 0.085
0.5626262216768737 19.237 0.062
0.5641916033631788 19.259 0.069
0.5644087097220108 19.434 0.143
0.5646515795482628 19.259 0.088
0.5655851457298923 19.455 0.108
0.5662623707898092 19.46 0.133
0.5680709610945996 19.459 0.156
0.5712301583584122 19.307 0.102
0.5714471670338753 19.417 0.102
0.5721346453223305 19.424 0.079
0.5725113615166265 19.242 0.062
0.5734451943202657 19.563 0.154
0.5752885855739805 19.429 0.108
0.5779640449503859 19.109 0.086
0.5782227324629275 19.205 0.079
0.5822710695569185 19.185 0.055
0.5824694386823467 19.459 0.113
0.582641653970677 19.306 0.138
0.584459806072482 19.211 0.105
0.5849947612645338 19.471 0.106
0.5874263676063493 19.233 0.09
0.5887338419664957 19.4 0.072
0.5912008770877947 19.324 0.093
0.5954907306671885 19.192 0.097
0.5978754813471824 19.536 0.16
0.5991460270619428 19.447 0.109
0.5994019894800658 19.088 0.121
0.6043138212166014 19.283 0.103
0.6046595531983258 19.3 0.109
0.6054557686415137 19.12 0.057
0.6060259437594141 19.588 0.142
0.606512957483028 19.537 0.19
0.6072096246947695 19.072 0.087
0.6078967162642585 19.179 0.069
0.6079502710303132 19.303 0.121
0.6081086906309793 19.28 0.088
0.6097205667696471 18.926 0.083
0.6103976287207843 19.069 0.08
0.6112648365837231 19.337 0.122
0.6113761379105199 18.989 0.094
0.6147632679179879 19.147 0.069
0.614911783833486 19.493 0.14
0.6169864549259728 19.423 0.125
0.617893994113183 19.241 0.092
0.6184529063715672 19.084 0.081
0.6184756409451438 19.143 0.068
0.6210023177822221 19.353 0.112
0.6219300412198208 19.435 0.076
0.6227110502253708 19.119 0.048
0.6260664597542926 19.095 0.073
0.6268551062397818 19.294 0.086
0.6293445810637421 19.296 0.132
0.6296856672828652 19.392 0.081
0.6301403201208813 19.378 0.089
0.6305690082930595 18.975 0.071
0.6352133073045478 19.398 0.069
0.6363705736142946 19.533 0.126
0.6380770407626186 19.203 0.098
0.6381773624374545 19.03 0.063
0.6382871688178056 19.176 0.069
0.6397912713249752 19.174 0.08
0.6406562510723233 19.417 0.093
0.6427425345695155 19.329 0.09
0.6441288750169405 19.443 0.076
0.644835331649483 19.283 0.084
0.6476611093325118 19.144 0.075
0.6500361799420715 19.23 0.071
0.6523265601303136 19.439 0.086
0.6536358359711811 19.382 0.067
0.6563902443562255 19.33 0.079
0.6568919334589736 19.18 0.083
0.6569155575656622 19.12 0.053
0.6581761596820797 19.445 0.124
0.6615816196084778 19.044 0.089
0.6618362999401142 19.057 0.046
0.6642212518194355 19.102 0.103
0.664948931492654 19.081 0.069
0.6674560393325009 19.234 0.086
0.6736925993804106 19.22 0.084
0.6756416356542103 19.182 0.076
0.6762145641163442 19.371 0.09
0.6766333369409039 19.155 0.102
0.6768921933939054 19.265 0.069
0.6770306572756453 19.193 0.083
0.6791583158104912 19.175 0.102
0.685150999495272 19.348 0.06
0.6860105474601368 19.234 0.076
0.6878831088701189 19.094 0.096
0.6885193268439251 19.339 0.082
0.6895999327620301 19.129 0.1
0.6905999208660432 19.157 0.104
0.6928341637043558 19.215 0.088
0.6933058186326888 19.425 0.118
0.6942923547589088 19.526 0.072
0.6951145689494296 19.159 0.09
0.6983228441544269 19.321 0.077
0.6994964954741589 19.083 0.059
0.7028000912136121 19.331 0.09
0.7039781987645255 19.324 0.1
0.704487023447109 19.295 0.1
0.7056620778634168 18.992 0.085
0.7057005521213795 19.126 0.082
0.7065904349650736 19.042 0.077
0.7069467365521631 19.29 0.063
0.7078237279996755 19.378 0.182
0.708720734759845 19.122 0.076
0.7093620896452193 19.202 0.084
0.7100604265773653 19.372 0.083
0.7109293324059762 19.062 0.09
0.7111379323445361 19.259 0.086
0.7127805534086291 19.269 0.069
0.715421501786659 19.126 0.06
0.7176501869138519 19.29 0.097
0.7188208016827047 19.325 0.112
0.7193842853506793 19.266 0.126
0.7197137582519644 19.085 0.055
0.7213897811792775 19.274 0.068
0.7224084742569175 19.042 0.074
0.7225342125906535 19.347 0.09
0.7240950081053596 19.447 0.087
0.7245131795238193 19.045 0.053
0.7260975933162626 19.076 0.065
0.7284871166042648 19.397 0.112
0.7289996437561057 19.278 0.075
0.7304346520990292 19.235 0.08
0.732293238127022 19.073 0.064
0.7330473736123166 19.383 0.092
0.7440630886716462 19.344 0.098
0.7518518871505875 19.209 0.087
0.7528873636232674 19.287 0.105
0.7534726416683042 19.321 0.057
0.7561588306602061 19.34 0.079
0.7580085109724677 19.067 0.103
0.7587921845655727 19.285 0.066
0.7605519976290451 19.211 0.092
0.7621729874257652 19.321 0.087
0.7632785941235851 18.942 0.09
0.7652696157687386 19.808 0.147
0.7673459525716679 19.277 0.082
0.769224210199718 19.348 0.084
0.769854437084541 19.204 0.089
0.7707380017085597 19.276 0.104
0.774049079476208 19.386 0.094
0.7741965839371914 19.075 0.118
0.7784826714454538 18.915 0.083
0.7788742212072974 19.226 0.063
0.7792901869264823 19.158 0.062
0.7806998790269062 19.137 0.062
0.7809339699773772 19.349 0.081
0.7844643158818143 19.196 0.076
0.7844902433711467 19.356 0.112
0.7857615204296962 19.098 0.061
0.7871830319631044 19.282 0.081
0.7952197959906697 19.329 0.179
0.7956149563746293 19.211 0.074
0.7988487548513148 19.261 0.083
0.8009233165952536 19.102 0.074
0.8024536737188099 19.213 0.062
0.8065753904487791 19.189 0.126
0.8068251175713157 19.207 0.105
0.8112593490326616 19.285 0.084
0.8135392407133621 18.898 0.09
0.8137875109772721 18.936 0.094
0.8137932815510793 19.687 0.144
0.8162470923174623 19.326 0.092
0.8164241573025719 19.142 0.078
0.817399124034091 19.385 0.096
0.8187140015083059 19.215 0.067
0.8202046130412781 19.311 0.151
0.8233443300608996 19.233 0.079
0.8239721988897144 19.151 0.069
0.8251924159207191 19.229 0.1
0.8275042203453267 19.069 0.076
0.8304817781167002 18.969 0.071
0.8321378130689481 19.055 0.069
0.8323741204707402 19.409 0.13
0.8329115000555247 19.362 0.104
0.837368116548896 19.324 0.11
0.8398557616423203 19.227 0.078
0.8409172144487456 19.249 0.053
0.8409561709244371 19.339 0.069
0.8414330662775682 19.163 0.075
0.8472041520202764 19.342 0.112
0.8513209038750573 19.418 0.108
0.8538865801969222 19.157 0.069
0.8567354079199503 19.135 0.081
0.8577724945183944 19.351 0.103
0.8593806270031563 19.221 0.08
0.8599786305980159 19.382 0.056
0.8625429849229476 19.364 0.08
0.8644802671873548 19.199 0.069
0.8684252684774036 19.333 0.147
0.8688469617603913 19.221 0.112
0.8697716428190687 19.189 0.071
0.8698479214048347 19.206 0.069
0.8700533812801949 19.45 0.135
0.8720249245056038 19.12 0.067
0.8739575981848247 19.329 0.092
0.875832612234626 19.282 0.046
0.87686734661238 19.348 0.131
0.8773594268999658 19.227 0.083
0.8783135631414551 19.286 0.093
0.8783801939165641 19.41 0.124
0.8817338624679905 19.129 0.064
0.8819723872342364 19.32 0.05
0.8822593016078826 19.326 0.098
0.8827249995259989 19.253 0.105
0.8846662078734879 19.247 0.108
0.8852020095904662 19.33 0.1
0.8891704543815648 19.234 0.055
0.890834930326855 19.159 0.077
0.8917088041283932 19.201 0.111
0.8933227501942382 19.33 0.059
0.8933892433737127 19.362 0.067
0.8971904946096401 19.373 0.124
0.8974984953414604 19.165 0.055
0.8989951440702497 19.38 0.096
0.9009273100158679 19.197 0.079
0.9012899181574539 19.536 0.112
0.9013163874582459 19.334 0.069
0.9019191089859304 19.351 0.103
0.9027497036653584 19.222 0.069
0.9031920781793814 19.239 0.109
0.9035231894553362 19.202 0.059
0.9039679561050433 19.293 0.101
0.9056609636221764 19.172 0.066
0.9067027847408098 19.179 0.066
0.9074905475257764 19.214 0.065
0.9076190198824405 19.213 0.089
0.9076882771563759 19.234 0.096
0.909266932036553 19.303 0.092
0.9094699128449064 19.242 0.081
0.9121654001077331 19.218 0.105
0.9122211605739721 19.219 0.081
0.9157030603741076 19.24 0.055
0.9164351720368358 19.517 0.129
0.9168603549300314 19.202 0.068
0.9173643209891451 19.379 0.067
0.921514781238693 19.38 0.083
0.9218257073529457 19.364 0.077
0.9221472703196922 19.242 0.076
0.9229717273859932 19.191 0.059
0.9235585344571517 19.315 0.085
0.9237991331605371 19.418 0.142
0.9248351007821838 19.47 0.118
0.9249999586994817 19.433 0.109
0.9252824450908519 19.264 0.105
0.9261122909296318 19.591 0.159
0.9262908791091831 19.023 0.056
0.9264380017679286 19.286 0.094
0.9275799267774345 19.159 0.085
0.9278507626744612 19.139 0.05
0.9304098259102829 19.191 0.076
0.9334999424931083 19.287 0.082
0.9350236112617494 19.188 0.073
0.935274261997074 19.354 0.105
0.9371237361914608 19.286 0.119
0.9372926873087635 19.29 0.069
0.9380579507955189 19.085 0.066
0.9395343108475571 19.281 0.083
0.9406746579874379 19.371 0.109
0.9414300119582548 19.139 0.064
0.9415381808770689 19.315 0.09
0.942059082687956 19.086 0.066
0.9430365499896651 19.33 0.162
0.9440599757630479 19.091 0.106
0.9450638294432792 19.296 0.064
0.9452962018325706 19.205 0.09
0.9467234467623711 19.197 0.089
0.9490853163473729 19.306 0.12
0.9541834996756733 19.171 0.091
0.9577633747570871 19.201 0.12
0.9584845184330333 19.274 0.111
0.9609923800357136 19.148 0.054
0.9612086026931137 19.182 0.082
0.9626927154035001 19.303 0.074
0.9645117942158321 19.192 0.103
0.9669511980486276 19.162 0.072
0.9675468386689317 19.282 0.086
0.9690963372426267 19.404 0.06
0.969528312004877 19.239 0.083
0.9703034782663962 19.17 0.147
0.974958756928936 19.303 0.083
0.9773815032998754 19.16 0.095
0.9783637091262789 19.402 0.095
0.9789138308455221 19.383 0.078
0.9802971912398788 19.153 0.08
0.9848434231193095 19.166 0.09
0.9878897021839292 19.366 0.048
0.9926223950000348 19.119 0.094
0.9969045389292659 19.296 0.08
0.997007984083575 19.225 0.076
0.9994770012903245 19.348 0.105
