0.00046840967388561694 19.498 0.141
0.0016133650633491925 19.721 0.121
0.001683461832726607 19.611 0.136
0.00268595992201881 19.474 0.078
0.004669244679462281 19.343 0.099
0.004698715630638617 19.466 0.075
0.005002107244763465 19.378 0.097
0.005446856208436657 19.565 0.083
0.005518080356523569 19.535 0.13
0.0058863328013103455 19.375 0.071
0.006884517353682895 19.694 0.142
0.008102525674985372 19.4 0.069
0.009255746030248702 19.51 0.132
0.010286428153449378 19.451 0.087
0.010583187821794127 19.427 0.068
0.0116659084596904 19.559 0.09
0.011774205544497818 19.529 0.071
0.015100676543625013 19.509 0.103
0.015647555044779438 19.614 0.123
0.018536430681706406 19.414 0.116
0.01926457292734085 19.499 0.101
0.020557973007271357 19.452 0.106
0.020929443644035928 19.564 0.086
0.021607316909467045 19.527 0.082
0.021821360267495038 19.517 0.061
0.02193897683173418 19.507 0.148
0.02323447913477139 19.592 0.063
0.023692865721386625 19.625 0.082
0.023825317947739677 19.601 0.114
0.023845448800784652 19.673 0.096
0.02398758482104313 19.497 0.07
0.024512661021617532 19.53 0.067
0.024961898876426858 19.587 0.093
0.0251309504319579 19.495 0.091
0.027387088132854842 19.443 0.082
0.029949972561553295 19.423 0.128
0.030832255434006584 19.417 0.116
0.032827822637045756 19.423 0.097
0.032829879221026204 19.468 0.078
0.035095776183879934 19.391 0.065
0.03526089432671142 19.613 0.128
0.03601075239839702 19.626 0.077
0.03779830727444278 19.212 0.074
0.03848554085016076 19.614 0.066
0.03923897922800279 19.44 0.092
0.03925316332242801 19.457 0.116
0.04069350519193904 19.649 0.101
0.04147905139961949 19.721 0.107
0.04240861045582278 19.6 0.103
0.043174440573238826 19.524 0.092
0.04331453842951305 19.527 0.108
0.04396094341245771 19.483 0.083
0.0461501707068237 19.411 0.084
0.046487925314977474 19.386 0.092
0.04942728831883869 19.347 0.093
0.04971237607128387 19.489 0.067
0.0499646425660103 19.518 0.083
0.0535704094936591 19.53 0.09
0.055213785175510566 19.645 0.079
0.055813649813899247 19.587 0.1
0.05615142944316176 19.855 0.144
0.05618844092805375 19.459 0.083
0.057298266064435666 19.204 0.117
0.05783465907597929 19.498 0.113
0.059225998261808854 19.479 0.08
0.060781105222758924 19.646 0.114
0.06275938864382624 19.511 0.117
0.06343636453038926 19.418 0.083
0.06460603754840122 19.544 0.074
0.06479597360703337 19.665 0.128
0.06513893473152166 19.372 0.084
0.06627396231215243 19.629 0.108
0.06875056834360294 19.523 0.062
0.06903940474376213 19.514 0.085
0.07025496914502583 19.424 0.086
0.07232231858051819 19.493 0.069
0.07324025556044944 19.391 0.078
0.07350194642822316 19.744 0.142
0.07371522933044616 19.549 0.092
0.07409692803230428 19.689 0.104
0.07515820608159629 19.487 0.081
0.07525461686145718 19.514 0.08
0.07579262707713497 19.571 0.137
0.07645779412587217 19.561 0.084
0.07666203298595065 19.441 0.115
0.07853020194784222 19.379 0.097
0.07909772134189552 19.652 0.087
0.07981782621845923 19.608 0.1
0.08303659905050154 19.522 0.101
0.08533861933096887 19.558 0.096
0.08614031293654989 19.467 0.132
0.08617583733393985 19.563 0.066
0.08660992985824123 19.578 0.104
0.08856414721958572 19.749 0.127
0.09035391341103605 19.913 0.179
0.09153703728998153 19.327 0.055
0.09177012956206454 19.432 0.091
0.09178840640561248 19.741 0.113
0.0918610814121621 19.606 0.077
0.09352885584576143 19.382 0.081
0.0937763716228801 19.541 0.102
0.09405022203009139 19.495 0.067
0.09449718251198647 19.618 0.132
0.09783230100583751 19.907 0.179
0.09911737466791237 19.365 0.102
0.09950109832948328 19.805 0.148
0.10053446558049473 19.736 0.113
0.10164686174175586 19.675 0.068
0.10176519132664907 19.477 0.114
0.10382924510304292 19.548 0.092
0.10384071224325453 19.504 0.08
0.10531218750452354 19.555 0.108
0.10673952689739963 19.623 0.131
0.10695010405379435 19.681 0.066
0.10696030029066605 19.614 0.126
0.10721010045017465 19.678 0.103
0.10876384763105307 19.623 0.075
0.10988500999337703 19.702 0.153
0.10989527929723408 19.556 0.11
0.10996197791882878 19.429 0.088
0.11091522070910287 19.549 0.143
0.11097831420784132 19.575 0.136
0.112534076934935 19.435 0.069
0.11406002281455585 19.667 0.107
0.11427819755408564 19.612 0.077
0.11579612668356276 19.637 0.136
0.1179258726133412 19.45 0.085
0.12132052051811115 19.42 0.075
0.12265604051117407 19.443 0.082
0.12278011387479637 19.645 0.075
0.1267612550227568 19.575 0.07
0.12911251218429243 19.567 0.099
0.1306778884486448 19.685 0.124
0.13161486073204287 19.632 0.072
0.13263316472557563 19.519 0.086
0.1327269107941902 19.464 0.061
0.13281354450145955 19.544 0.103
0.1334568133661378 19.592 0.109
0.13503130633125693 19.676 0.114
0.13735253726508745 19.628 0.082
0.13877529448859605 19.537 0.083
0.13938567403965862 19.699 0.106
0.14049813866222394 19.486 0.075
0.14279941409404273 19.63 0.073
0.14343410372202925 19.738 0.107
0.14397097735036368 19.554 0.077
0.14426738631300395 19.53 0.105
0.1451759994142776 19.65 0.128
0.14521137788324268 19.715 0.122
0.1460802213050556 19.463 0.105
0.14698656143491462 19.561 0.085
0.14717360278518754 19.627 0.091
0.1476544660572472 19.56 0.116
0.14770802809107408 19.614 0.08
0.1482305466743128 19.492 0.078
0.1484209361296962 19.983 0.179
0.14871340267472988 19.677 0.085
0.15306313796645554 19.681 0.08
0.1538371601845938 19.694 0.127
0.15426962670153443 19.778 0.106
0.15677075438998145 19.534 0.087
0.1570076137286378 19.607 0.081
0.15731382739340916 19.616 0.077
0.1573151233169483 19.711 0.102
0.15921858887804774 19.337 0.091
0.15922957099974155 19.465 0.083
0.1596699561787318 19.698 0.106
0.15993272658033675 19.543 0.086
0.1610659552056859 19.45 0.069
0.16293104029136884 19.59 0.096
0.16318117513765173 19.572 0.083
0.1636410968576456 19.496 0.101
0.16902465939892863 19.867 0.097
0.16949899321252815 19.539 0.108
0.16984319981111184 19.545 0.055
0.16991059543852316 19.601 0.078
0.1699434687361645 19.349 0.108
0.17025056616944312 19.571 0.079
0.1719219709502795 19.498 0.088
0.1733152892511498 19.524 0.069
0.17474603820301127 19.705 0.114
0.17549894811963895 19.585 0.055
0.17768539220105595 19.849 0.185
0.1784606807173077 19.783 0.229
0.17989661996671202 19.512 0.062
0.182278924045022 19.54 0.069
0.18525521226320052 19.81 0.089
0.1852863410495047 19.617 0.132
0.18648709481021797 19.407 0.113
0.18752976572795887 19.552 0.09
0.1895364974129734 19.87 0.183
0.1902654593668558 19.635 0.114
0.19135496228318516 19.609 0.07
0.19145526764077658 19.641 0.095
0.19202735599969856 19.591 0.078
0.19274247975590697 19.572 0.084
0.1952367591075017 19.684 0.135
0.19755588101270405 19.968 0.206
0.19870722694122378 19.629 0.102
0.2002844210492185 19.563 0.098
0.2010850307169676 19.841 0.158
0.20255415093515694 19.474 0.078
0.20273361972067505 19.642 0.063
0.2027779601594375 19.57 0.095
0.20347132725692063 19.67 0.089
0.2037051801889902 19.564 0.062
0.2044847664324152 19.587 0.062
0.20542694502819359 19.799 0.161
0.20581385024615884 19.211 0.136
0.2061131357040722 19.596 0.133
0.20685491557310343 19.635 0.07
0.20831987017800202 19.653 0.112
0.20861541138901885 19.651 0.098
0.2099885213701782 19.522 0.064
0.211417612283185 19.603 0.086
0.21387457488344808 19.649 0.088
0.21575676880684114 19.54 0.102
0.21773290917121813 19.599 0.095
0.21838480071073718 19.644 0.124
0.21943539029143722 19.695 0.071
0.21970933418151617 19.757 0.1
0.21983558703277595 19.76 0.127
0.2234709157874022 19.691 0.093
0.22422387794904353 19.456 0.083
0.2248644208521 19.669 0.091
0.2249453402018844 19.535 0.069
0.2249715701423156 19.581 0.137
0.22627991957961058 19.728 0.173
0.227761235770231 19.612 0.088
0.2282702510474337 19.368 0.14
0.22913295654689136 19.522 0.059
0.2307261183011633 19.534 0.083
0.2308693452669104 19.467 0.079
0.2324363429352161 19.531 0.104
0.23288093716610092 19.538 0.1
0.23443989306315416 19.607 0.067
0.23512786908395356 19.515 0.073
0.23619990826227877 19.542 0.101
0.23704142399219563 19.625 0.108
0.23744893607567974 19.532 0.07
0.23822341829281868 19.368 0.124
0.2386764322200179 19.606 0.088
0.23897571307315957 19.428 0.118
0.24015979358318873 19.563 0.118
0.24186739914694044 19.579 0.089
0.24203544643341957 19.636 0.079
0.24318216895335354 19.726 0.109
0.2445658695178281 19.531 0.07
0.24503052834188566 19.646 0.124
0.24508619259904663 19.615 0.102
0.24577010569919366 19.599 0.082
0.2458601463567902 19.614 0.123
0.24772740212756617 19.842 0.092
0.24976145009395623 19.404 0.057
0.2502879565349758 19.558 0.102
0.25041014406269824 19.619 0.115
0.25137840467164096 19.566 0.128
0.2543556789437389 19.562 0.067
0.256784131828681 19.63 0.101
0.2591595030944518 19.49 0.081
0.25942257195674756 19.463 0.082
0.2596930198149039 19.646 0.106
0.26044057288527256 19.486 0.119
0.2611347348729396 19.642 0.112
0.26169451776195274 19.762 0.158
0.26184675914396394 19.384 0.09
0.263768717936955 19.553 0.082
0.2667439059998742 19.885 0.115
0.26716129304077185 19.512 0.085
0.26752617716829263 19.545 0.082
0.2677318052319606 19.635 0.119
0.2677827642100965 19.588 0.112
0.27093137201427453 19.428 0.08
0.27147677944230963 19.576 0.108
0.2715075050782616 19.619 0.166
0.2716916381068586 19.483 0.087
0.27195342245613574 19.724 0.112
0.2729140260262284 19.62 0.082
0.27344201515279565 19.545 0.086
0.2738108460998774 19.527 0.1
0.27410480694470607 19.412 0.145
0.2743045659206018 19.686 0.098
0.2751932347264301 19.308 0.073
0.2757278309832145 19.749 0.117
0.2759245791496596 19.508 0.056
0.2764092182924287 19.538 0.099
0.2791284184354481 19.617 0.093
0.2808446648914469 19.792 0.118
0.2838036895418554 19.95 0.17
0.28433797592697374 19.577 0.084
0.284943784717143 19.439 0.075
0.28573135568149155 19.673 0.108
0.2862568964856109 19.651 0.098
0.2879208265876514 19.572 0.095
0.28903556878594827 19.729 0.171
0.2917187639122858 19.712 0.135
0.29181259445749674 19.647 0.099
0.29184861288013053 19.471 0.084
0.2930026191188517 19.613 0.112
0.29367552968051314 19.575 0.145
0.29491284654159244 19.495 0.097
0.2949567748237314 19.605 0.101
0.2962467405272946 19.631 0.078
0.2971042851522725 19.682 0.082
0.2976853034515443 19.593 0.09
0.29986612225729914 19.607 0.07
0.30046281874729175 19.643 0.098
0.3008334216319781 19.426 0.082
0.30268854288260627 19.527 0.08
0.303823905354875 19.624 0.113
0.30495366296872817 19.733 0.133
0.3059974702719046 19.51 0.109
0.3062206463473558 19.562 0.128
0.30697775590488163 19.683 0.057
0.3073144926315763 19.699 0.106
0.30758786242131464 19.768 0.134
0.3107546491855828 19.593 0.101
0.3119491741481397 19.845 0.116
0.31395304995885454 19.522 0.065
0.3168401876864664 19.486 0.073
0.3176879256125176 19.547 0.068
0.3179938226012382 19.727 0.173
0.31821958151795116 19.697 0.152
0.31843800447313697 19.608 0.098
0.32089845850168786 19.655 0.126
0.32430689195643936 19.518 0.11
0.3244095181253215 19.586 0.099
0.3246373426309219 19.496 0.084
0.3257265448864928 19.472 0.066
0.32842092931423394 19.61 0.124
0.3297150582257018 19.652 0.078
0.330483072437346 19.328 0.078
0.33126813362468965 19.524 0.054
0.332130267631328 19.681 0.167
0.33460143494630756 19.406 0.136
0.3350783147643597 19.92 0.149
0.3351710475581058 19.664 0.089
0.3366827202626155 19.942 0.133
0.3389367423310432 19.504 0.068
0.3390972326624251 19.803 0.163
0.33934115912870766 19.718 0.134
0.34016020958370063 19.562 0.064
0.34146532522026973 19.412 0.1
0.34200049977607705 19.85 0.123
0.34200342871599787 19.781 0.139
0.3461252870547469 19.564 0.095
0.3475795397830552 19.684 0.059
0.34819411457192473 19.664 0.086
0.3508752645257118 19.612 0.066
0.3510435758389576 19.59 0.085
0.35750086522148194 19.7 0.093
0.35764921202644473 19.595 0.083
0.3582229103794816 19.56 0.071
0.35903160525731437 19.777 0.136
0.3593276156761931 19.684 0.102
0.35945763559470834 19.612 0.074
0.3598813769458502 19.599 0.126
0.35993189634268674 19.617 0.07
0.3606139396219987 19.618 0.105
0.36080768598458235 19.415 0.087
0.36197733838343993 19.59 0.068
0.3624759092081149 19.634 0.067
0.3638926902503954 19.643 0.08
0.36607912752515404 19.615 0.107
0.3664896822456285 19.515 0.073
0.3665127260242116 19.447 0.109
0.36790248003535453 19.492 0.131
0.36932578613459555 19.59 0.096
0.37036611101575545 19.601 0.11
0.37273764495876094 19.488 0.07
0.3731815375795122 19.506 0.086
0.37364772452656325 19.605 0.072
0.3740817555981266 19.798 0.104
0.37488205559930066 19.69 0.104
0.37509843338193605 19.559 0.092
0.3752231466987723 19.688 0.089
0.37651554471085547 19.698 0.112
0.3769096195446764 19.675 0.083
0.37782607383996947 19.802 0.142
0.3779134453852748 19.594 0.113
0.3786049152367923 19.519 0.108
0.3790874115263705 19.636 0.091
0.37963277090966585 19.506 0.083
0.38005458098632516 19.725 0.072
0.3804713851250199 19.496 0.065
0.3805458843107772 19.898 0.175
0.38144383396320336 19.849 0.135
0.381979871870044 19.784 0.083
0.38273168163141236 19.604 0.097
0.38511053291404096 19.658 0.069
0.3855237637553728 19.57 0.095
0.3860849928996686 19.821 0.127
0.38645975899180485 19.652 0.092
0.3867457803507932 19.713 0.06
0.38683043934452144 19.476 0.061
0.38863888332889474 19.615 0.088
0.38893718273334343 19.857 0.087
0.38964055470205494 19.614 0.097
0.39009404024091054 19.816 0.12
0.39081210214635576 19.444 0.069
0.39126209605456097 19.608 0.122
0.39128589368738176 19.553 0.105
0.3913562544830711 19.69 0.081
0.3915818176317316 19.775 0.135
0.391774423005927 19.528 0.106
0.391955782029072 19.627 0.083
0.3941972960537896 19.835 0.1
0.39490549861056934 19.456 0.07
0.39597752637882877 19.656 0.101
0.3960155969830339 19.55 0.091
0.39809315406637324 19.64 0.073
0.40205761035122123 19.698 0.061
0.4025341963142637 19.825 0.081
0.402557476896618 19.798 0.103
0.40382284327279194 19.881 0.157
0.4039339257733445 19.78 0.079
0.40675747618047353 20.055 0.15
0.4075808719990164 19.675 0.12
0.40965963413191275 20.0 0.148
0.409836328912661 19.862 0.11
0.41049390738317015 19.551 0.087
0.4108225336749456 19.523 0.089
0.4111240877025466 19.898 0.132
0.41317779030578095 19.558 0.104
0.41512427996531187 19.526 0.144
0.4168633287906687 19.724 0.087
0.41723058817387937 19.841 0.099
0.41778302169313974 19.617 0.086
0.4181209516527815 19.525 0.07
0.4189976979259882 19.862 0.176
0.4192121330243026 19.689 0.106
0.42077513162780633 19.802 0.093
0.42129057387501234 19.726 0.116
0.4217704805178073 19.659 0.136
0.42224907081981655 19.7 0.088
0.4227292873333681 19.645 0.114
0.4229993364424445 19.585 0.091
0.4241076060307023 19.527 0.096
0.4242114710723399 19.664 0.081
0.4244983487742502 19.952 0.133
0.4248341446827908 19.529 0.125
0.42567055899348816 19.56 0.08
0.42722307170242857 19.613 0.082
0.4276213826078674 19.667 0.095
0.42871417417518387 19.724 0.105
0.4289051285200003 19.736 0.117
0.42936671267761994 19.626 0.079
0.43074371283410073 19.788 0.174
0.43222018242113336 19.811 0.12
0.4323494324708008 19.565 0.102
0.43338194798434415 19.705 0.142
0.4338544892423215 19.503 0.093
0.43541130428320685 19.572 0.11
0.43653094292403694 19.553 0.083
0.43806307216345886 19.932 0.112
0.4382800444627719 19.779 0.125
0.43879684889407145 19.689 0.1
0.43983735153142334 19.476 0.092
0.4419537741091517 19.836 0.124
0.44242739930450625 19.552 0.073
0.44245781087170144 19.623 0.079
0.4431932978832265 19.639 0.082
0.44476398274673556 19.576 0.072
0.4473135436219309 19.75 0.127
0.45007173436442827 19.672 0.127
0.45196358706016326 19.587 0.1
0.45202604500536836 19.498 0.079
0.45288329597769916 19.736 0.131
0.45359939458103327 19.519 0.085
0.4549719172555342 19.394 0.103
0.455761881894432 19.819 0.223
0.4558699353697193 19.359 0.072
0.4560043711135222 19.676 0.117
0.45649934121593105 19.395 0.087
0.458023779387986 19.503 0.081
0.45804236610297266 19.589 0.104
0.4590731711323315 19.614 0.079
0.45954310232627904 19.762 0.09
0.45988593573747494 19.507 0.091
0.46120353659875946 19.671 0.105
0.46168475037211465 19.66 0.063
0.46392408930933016 19.543 0.107
0.46555399371482054 19.669 0.084
0.46621938415933073 19.378 0.086
0.4663224885425734 19.585 0.063
0.46666792060659645 19.381 0.073
0.4686103449412258 19.648 0.15
0.46964257120362163 19.489 0.093
0.47060972024792136 19.682 0.104
0.471889018102047 19.547 0.078
0.4723143810588226 19.729 0.134
0.47512102540713386 19.414 0.081
0.47546942064150244 19.402 0.106
0.476416771523418 19.797 0.105
0.477714958751676 19.288 0.044
0.4787422361246172 19.071 0.064
0.4792485706766456 19.555 0.093
0.4794322597217615 19.175 0.059
0.48012055942672305 19.558 0.107
0.48048447331257194 19.549 0.072
0.48170935038706375 19.605 0.067
0.48187054913432803 19.683 0.083
0.4819396960783706 19.259 0.098
0.4819751225923028 19.639 0.14
0.4829722526283149 19.201 0.062
0.48498053986213563 19.451 0.093
0.4859970673146563 19.088 0.062
0.48626952851873284 19.099 0.059
0.48747913034821977 19.204 0.064
0.4875309684907734 19.681 0.103
0.4877155000649509 19.738 0.132
0.48816751652884705 19.566 0.066
0.4890674068676617 19.169 0.083
0.4897011718940121 19.256 0.138
0.48979328955101664 19.222 0.071
0.4932390601716179 19.685 0.102
0.4933130787412665 19.7 0.133
0.49373891331060804 19.461 0.086
0.4959604876457888 18.998 0.053
0.4965893037829119 19.316 0.069
0.4973654600523787 19.435 0.073
0.49846089811421734 19.548 0.12
0.4993408920008733 19.199 0.06
0.49956520005889615 19.297 0.102
0.4998776835582248 19.399 0.109
0.5006339619965274 19.223 0.062
0.5017477179385423 19.138 0.084
0.5019628294230642 18.978 0.05
0.5026733710083136 19.054 0.045
0.5028259584887564 18.965 0.06
0.5039749381685397 19.65 0.078
0.5042900933860892 19.3 0.074
0.5043940927444055 19.052 0.064
0.5062954356644696 19.613 0.098
0.5066748615981851 19.82 0.136
0.509733055221659 18.966 0.049
0.5117969906968938 19.183 0.075
0.5118935768277879 19.089 0.059
0.513304015173162 19.767 0.08
0.5137259845878361 19.015 0.07
0.5145091395243071 18.998 0.084
0.5151987555691449 19.094 0.039
0.515739275560918 19.197 0.052
0.5161393127618794 19.038 0.048
0.5167735127652122 19.356 0.112
0.5168501185776222 19.018 0.053
0.5179856313798155 19.18 0.066
0.518478597144167 19.302 0.101
0.5199837199725152 19.237 0.099
0.5204321014844027 19.014 0.061
0.5217746317566707 19.062 0.049
0.5224779218569893 19.247 0.108
0.5234219088215468 19.232 0.069
0.5247714697909487 19.124 0.068
0.5252786766995996 19.124 0.056
0.5266269257303975 19.227 0.063
0.5266993637289943 19.539 0.086
0.5272103923525719 19.226 0.066
0.527276104718112 19.199 0.071
0.5281191759968351 19.119 0.082
0.5288484956636239 19.397 0.062
0.529091217284531 19.232 0.069
0.5304058685860582 19.603 0.101
0.5313140785374344 19.048 0.065
0.5327384481579429 19.695 0.167
0.5343713383499562 19.451 0.086
0.5349466493021282 19.553 0.132
0.5368106594569326 19.061 0.099
0.5373139513721981 19.034 0.042
0.5407848427730642 18.979 0.046
0.5408779787157982 18.857 0.055
0.5412620234542374 19.019 0.047
0.5430263567959628 19.172 0.1
0.5452082709498427 18.864 0.056
0.5462310388138576 19.068 0.075
0.5470752875135076 19.098 0.052
0.5502879294317609 19.007 0.127
0.5504327005364757 18.988 0.049
0.5504456617727556 19.013 0.056
0.5516173639498447 19.4 0.099
0.551659975891198 18.95 0.084
0.5520560094241773 19.134 0.093
0.5525618475467127 19.01 0.083
0.5560342376472818 19.356 0.06
0.5600351677494473 19.233 0.109
0.5603664657601257 19.137 0.104
0.5614506370548042 18.919 0.068
0.5633373038531317 19.094 0.087
0.5638180121904952 18.978 0.047
0.5652948735169048 19.135 0.073
0.5657641875777699 19.297 0.115
0.5665806393772073 19.076 0.045
0.566685677438727 18.999 0.052
0.5687880752593628 19.13 0.077
0.5694107877050101 18.986 0.057
0.5719780036861266 19.018 0.072
0.5738794240742209 18.976 0.05
0.5746978870197381 19.086 0.074
0.5747347481747056 18.971 0.06
0.5759575550546288 18.897 0.051
0.5778867655369595 18.952 0.043
0.5788452622782643 19.181 0.067
0.5794535264001297 19.041 0.072
0.5797589381672879 18.937 0.057
0.5800745988217386 18.997 0.049
0.5811414977436016 19.015 0.046
0.5833773862900671 19.054 0.069
0.5837309830303639 18.973 0.045
0.5854577263853571 18.957 0.054
0.5864050454401877 18.971 0.09
0.5868332756836026 18.882 0.061
0.587086366895619 19.14 0.05
0.5870879724870974 19.013 0.053
0.5876307970720518 19.019 0.065
0.589142786656339 19.054 0.064
0.589250701007586 19.083 0.059
0.5909489620707973 19.087 0.078
0.5928442605518285 18.998 0.048
0.5930867135425615 18.978 0.057
0.59535988220523 19.061 0.068
0.595559807526115 19.11 0.051
0.5957780621386064 19.032 0.062
0.5968280982378928 19.185 0.069
0.5968614271323531 19.064 0.048
0.5974471985527998 19.056 0.047
0.5975239136591881 19.02 0.041
0.5983986854205341 19.162 0.081
0.6029389763093604 19.22 0.072
0.6034659155261579 19.141 0.082
0.6035290862891998 19.127 0.068
0.6050396796604218 19.106 0.063
0.606526026607753 19.112 0.06
0.6068074497825364 18.933 0.095
0.6074698224092572 19.065 0.051
0.6079984719071945 19.13 0.078
0.6081622282727039 19.072 0.057
0.6099530149504062 19.203 0.089
0.6106615477947344 19.072 0.043
0.611265192907922 19.166 0.049
0.6124680080592952 19.109 0.055
0.6128714592205142 19.163 0.046
0.6146514389274671 19.184 0.075
0.6153477507759817 19.367 0.057
0.6172938124675511 19.127 0.065
0.6207764192222385 19.065 0.046
0.6214902472574977 19.138 0.068
0.6221024968317579 19.057 0.063
0.6222630031788867 19.122 0.071
0.6239613166890194 19.284 0.073
0.6256785970399505 19.164 0.05
0.6311455889103854 19.389 0.133
0.6315265747944068 19.159 0.075
0.6320733874399593 19.058 0.047
0.6321327821297018 18.984 0.063
0.633534174232409 19.06 0.049
0.633708436705092 19.046 0.054
0.6351200889014308 19.008 0.044
0.6353206789954129 19.173 0.065
0.6356882756754203 19.136 0.054
0.6369430108366032 19.207 0.069
0.638041197882103 19.1 0.051
0.6380498545863702 19.088 0.059
0.6386722253350854 19.365 0.121
0.6387487580814195 19.235 0.059
0.6398652926327486 19.173 0.063
0.640192855404166 19.103 0.06
0.6413418146657932 19.099 0.06
0.6416739644155314 19.268 0.06
0.6426940765741165 19.066 0.061
0.6464539432954552 19.218 0.074
0.646462021496518 19.107 0.078
0.6467274884380458 19.395 0.051
0.6481584856028348 19.181 0.063
0.6486352631354748 19.34 0.093
0.6501124455398894 19.136 0.06
0.6511239420306083 19.208 0.068
0.651789719611088 19.139 0.086
0.6520692977819635 19.335 0.053
0.6522581430981518 19.18 0.059
0.6539721690296574 19.211 0.069
0.654104063170962 19.09 0.077
0.6541726726491106 19.198 0.074
0.6554506996017153 19.397 0.106
0.6557045446679695 19.206 0.071
0.6584621044630694 19.178 0.087
0.6599405009219481 19.243 0.096
0.6604844825114924 19.196 0.052
0.6611981397995805 19.262 0.081
0.6626221723272465 19.241 0.052
0.664811948498027 19.235 0.068
0.665834850677129 19.234 0.077
0.6671787131035671 19.255 0.088
0.6675521470433523 19.494 0.104
0.669238795240517 19.182 0.065
0.6702416598454874 19.201 0.066
0.6704679608328661 19.118 0.053
0.6713866880991191 19.127 0.047
0.6726463517325101 19.142 0.049
0.675197859896798 18.994 0.052
0.6766590658535279 19.239 0.083
0.6769865557621415 19.146 0.049
0.6773033528006636 19.239 0.046
0.6796356066879525 19.048 0.07
0.6797373286735819 19.037 0.066
0.6802501610609397 19.248 0.086
0.6811007320411591 19.296 0.081
0.6843264581011681 19.231 0.063
0.6856764790682064 19.159 0.056
0.685732061253475 19.093 0.063
0.6872896051263524 19.228 0.077
0.6884870794456219 19.302 0.086
0.6887852149086484 19.309 0.056
0.690696416974788 19.279 0.067
0.6931138583149732 19.222 0.06
0.6939990084720193 19.429 0.101
0.6953946201601866 19.127 0.091
0.695883789434447 19.381 0.093
0.6962599403295826 19.122 0.067
0.6964997330105689 19.234 0.084
0.6967676278554791 19.184 0.048
0.6989941468807501 19.17 0.056
0.6990626378556044 19.188 0.059
0.7005139662478541 19.288 0.107
0.7006504313530968 19.218 0.087
0.7030703664540852 19.211 0.067
0.7055750173949491 19.206 0.072
0.7063536105770254 19.242 0.073
0.7083723378618743 19.212 0.042
0.7086869279864914 19.242 0.062
0.7104691216154606 19.199 0.078
0.711738614971182 19.188 0.068
0.7120026038296601 19.36 0.074
0.7131626018572206 19.256 0.073
0.7162510360976739 19.127 0.077
0.7164157627030363 19.095 0.065
0.7167107300174393 19.399 0.077
0.7176845272274477 19.24 0.071
0.7183432785132027 19.278 0.081
0.7203196010341344 19.208 0.062
0.7213732905061079 19.301 0.061
0.7230314243824978 19.21 0.059
0.724778134648659 19.407 0.102
0.7260698038276132 19.428 0.124
0.7260777270948893 19.233 0.065
0.7271291389897669 19.257 0.077
0.727867652826717 19.22 0.05
0.7288911789455597 19.343 0.095
0.7294132125098258 19.249 0.066
0.7294902532985361 19.34 0.069
0.7296427314850007 19.24 0.073
0.7296942439443228 19.122 0.067
0.7308828223508499 18.954 0.072
0.7329355799372479 19.168 0.084
0.73440496638068 19.084 0.075
0.7348383324779206 19.256 0.056
0.735352223983682 19.077 0.068
0.7419420314472518 19.28 0.071
0.7421690976984792 19.214 0.064
0.7423369079770055 19.298 0.067
0.7425552740833155 19.205 0.049
0.7443371055981061 19.225 0.051
0.74553343892876 19.234 0.071
0.7457464938297562 19.141 0.071
0.7468130554570962 19.305 0.085
0.74949464499241 19.274 0.071
0.750995294742097 19.364 0.083
0.7524845548186931 19.26 0.059
0.7528185697847221 19.245 0.068
0.7547391483794854 19.322 0.079
0.7564417640187457 19.355 0.08
0.756707540829666 19.183 0.065
0.757964523737428 19.268 0.063
0.7598078817914029 19.434 0.13
0.7611421264807632 19.234 0.093
0.7622252386554464 19.085 0.053
0.7625746631811126 19.638 0.188
0.7638171863545722 19.325 0.081
0.7651955915262079 19.271 0.072
0.765307163853322 19.17 0.045
0.7657506487194041 19.368 0.056
0.7657543064922265 19.297 0.071
0.7662003011346314 19.465 0.064
0.7667245642305716 19.355 0.074
0.7672367886921165 19.196 0.098
0.7678204418725727 19.13 0.056
0.7682399789810006 19.348 0.077
0.7696726433932781 19.327 0.055
0.7696959511986279 19.251 0.063
0.7746890080027242 19.25 0.05
0.7764460898592915 19.397 0.103
0.7779879713534683 19.275 0.087
0.7789052319485563 19.276 0.068
0.7796268695537947 19.248 0.081
0.7803824099514713 19.129 0.152
0.780858157786497 19.225 0.075
0.782337706645194 19.262 0.099
0.7824202269821399 19.293 0.065
0.782723243075452 19.302 0.062
0.7835337963656457 19.469 0.084
0.7835920704828823 19.286 0.046
0.7846531047198368 19.228 0.066
0.7857437282082174 19.294 0.054
0.7864532951502952 19.434 0.09
0.7866563335674073 19.241 0.081
0.7872288979394853 19.441 0.108
0.7878585906328226 19.253 0.077
0.7888590595648566 19.259 0.039
0.7906133059632339 19.29 0.075
0.7932802718230505 19.585 0.115
0.7933453830692088 19.331 0.087
0.793532215039022 19.295 0.072
0.7939935964195683 19.265 0.045
0.7942038957344266 19.31 0.069
0.7954958291429648 19.277 0.052
0.7956964762879579 19.369 0.089
0.7985470945586712 19.401 0.079
0.79923086873805 19.116 0.063
0.8000243818560193 19.188 0.099
0.8006807508754719 19.337 0.063
0.8017212787376593 19.272 0.068
0.8035141786449458 19.34 0.084
0.8038800968697615 19.321 0.051
0.8041471854153315 19.412 0.059
0.8050537577446448 19.401 0.08
0.8053710604217486 19.188 0.108
0.8059116895037732 19.694 0.137
0.8070927067583398 19.251 0.055
0.8081529096725717 19.214 0.08
0.8082061212062399 19.285 0.053
0.8089941111311418 19.379 0.08
0.8122154872216925 19.073 0.096
0.8143448049786457 19.482 0.114
0.8145456344846025 19.279 0.083
0.8151472890722289 19.364 0.097
0.8162940846582387 19.344 0.069
0.8184956626582789 19.34 0.071
0.8185697586950482 19.3 0.102
0.8186355327161436 19.302 0.071
0.8188607221381972 19.353 0.057
0.8190017285778595 19.419 0.072
0.8198062646497419 19.331 0.056
0.8213700239143691 19.42 0.1
0.82315832103086 19.452 0.101
0.8235575201051688 19.289 0.101
0.8236446344301385 19.315 0.069
0.8248773893337784 19.858 0.1
0.8249135697010388 19.366 0.099
0.8253670025897009 19.361 0.081
0.8256226740377315 19.353 0.085
0.8277255957127636 19.226 0.074
0.8278179049398204 19.313 0.08
0.8284087345427906 19.319 0.05
0.8301252976750675 19.189 0.062
0.8309801297473314 19.382 0.093
0.8315635667431707 19.325 0.059
0.8322997621708055 19.163 0.09
0.832391208046829 19.301 0.078
0.8327647556825468 19.427 0.075
0.8334723114803637 19.526 0.084
0.8395487857251283 19.201 0.095
0.8416616394079028 19.296 0.067
0.8423949151056149 19.311 0.071
0.8439902107061243 19.345 0.084
0.8441296615992542 19.246 0.104
0.8446372102048372 19.399 0.107
0.8459176444430341 19.308 0.057
0.8461266250142216 19.289 0.084
0.8464923244482634 19.265 0.07
0.8465742528751434 19.384 0.072
0.8476479841187938 19.322 0.11
0.8481886748572833 19.385 0.106
0.8483693893213058 19.318 0.101
0.8491026854344454 19.35 0.081
0.8494450792632051 19.35 0.095
0.8502567849523075 19.348 0.077
0.8512293681069423 19.674 0.16
0.8523820259742934 19.607 0.12
0.8529140644113795 19.209 0.081
0.8532717220741688 19.431 0.082
0.8590670055477858 19.68 0.093
0.8593354058293698 19.379 0.054
0.859575508380658 19.292 0.101
0.8601612341599321 19.367 0.082
0.8603988679717531 19.477 0.115
0.8619256359625069 19.306 0.063
0.8626060986725861 19.323 0.049
0.8631856867314127 19.077 0.075
0.8642603175539989 19.384 0.074
0.8642937329223059 19.313 0.09
0.8643187718316767 19.4 0.072
0.8672308299646829 19.371 0.052
0.8674683406679833 19.483 0.052
0.8677319263770187 19.358 0.134
0.8685432403253799 19.395 0.074
0.8686288809694815 19.244 0.068
0.8694999130898395 19.2 0.062
0.8697934091283059 19.421 0.073
0.8698698029529623 19.295 0.098
0.8710569102881891 19.691 0.096
0.8721691310975075 19.293 0.075
0.8750233296732404 19.428 0.081
0.876864772265435 19.237 0.1
0.8776407826053401 19.326 0.048
0.8785134431373081 19.415 0.079
0.8799966541700996 19.232 0.081
0.8806296903640032 19.486 0.075
0.8826288492819003 19.18 0.083
0.8829666038909636 19.554 0.108
0.8837230370609177 19.283 0.104
0.8838880893499663 19.357 0.135
0.8846119384736539 19.371 0.084
0.8860182794642242 19.348 0.073
0.8884140344025582 19.499 0.106
0.88903313911851 19.416 0.087
0.8891377215841203 19.394 0.069
0.8901191187806035 19.41 0.102
0.8915824471750966 19.551 0.142
0.8916823039435258 19.487 0.114
0.8936509560176091 19.823 0.182
0.8940714473510525 19.398 0.079
0.8948684609022166 19.445 0.095
0.8989157539981534 19.472 0.074
0.899606397335674 19.234 0.097
0.9002828926049915 19.355 0.122
0.9003245593257816 19.409 0.084
0.902009663384888 19.171 0.066
0.9025958219399399 19.635 0.121
0.9027047179442889 19.49 0.085
0.9029813379540883 19.41 0.071
0.9032121072123118 19.521 0.075
0.9053097016658285 19.515 0.103
0.9065278693269647 19.534 0.086
0.9077116241533076 19.43 0.105
0.9091217254058392 19.574 0.086
0.913296077652376 19.524 0.093
0.9154609288134452 19.245 0.073
0.9164912898595503 19.413 0.082
0.9171558055440983 19.405 0.093
0.9173707530862885 19.447 0.07
0.9180990706845478 19.349 0.097
0.9182356701048775 19.425 0.084
0.9193758997998884 19.389 0.056
0.919448362819594 19.16 0.062
0.9207554415581853 19.589 0.112
0.9245235618332117 19.521 0.088
0.9251321764559179 19.273 0.098
0.9253415601756387 19.461 0.108
0.9255493927494172 19.382 0.089
0.9268081431923747 19.373 0.057
0.9272445247027008 19.369 0.121
0.9289736343080222 19.51 0.097
0.9296706111344974 19.625 0.078
0.9304205102412197 19.353 0.07
0.9304507552596988 19.336 0.112
0.9321141843274745 19.433 0.051
0.934537647286561 19.333 0.056
0.9353037666551245 19.457 0.068
0.9376834516633608 19.474 0.081
0.9381773102004445 19.398 0.079
0.9383020028981264 19.288 0.068
0.9389895737713232 19.32 0.067
0.9394633903320937 19.446 0.073
0.9399820713906593 19.541 0.118
0.9402206251997995 19.336 0.056
0.9408273541887411 19.539 0.125
0.9420042740885037 19.436 0.088
0.9431379012585239 19.559 0.093
0.9435601759389556 19.451 0.063
0.944793921499695 19.485 0.067
0.9452227987057995 19.49 0.064
0.9473061406042689 19.43 0.097
0.9480078137021337 19.302 0.088
0.9492664138151667 19.333 0.059
0.9514510541321215 19.434 0.086
0.9516363395596272 19.33 0.081
0.9523489947787311 19.39 0.095
0.9527186776674625 19.434 0.074
0.952928418897045 19.469 0.053
0.9541821724067177 19.294 0.085
0.9542621351274647 19.418 0.066
0.9548563993093921 19.415 0.077
0.9552434594625083 19.835 0.152
0.9556073733481298 19.401 0.085
0.95844155937084 19.385 0.08
0.9599024236304103 19.454 0.082
0.9600634105945574 19.378 0.078
0.9613418771268698 19.507 0.099
0.962843121394144 19.378 0.065
0.9629462896336918 19.289 0.067
0.964365450537116 19.549 0.064
0.9651242569671012 19.452 0.068
0.965254103530242 19.506 0.073
0.970146916431986 19.434 0.077
0.9704791800802468 19.437 0.072
0.9708563170288471 19.456 0.077
0.9714666921772732 19.486 0.09
0.9714932796259745 19.509 0.104
0.9716003718658612 19.56 0.074
0.9718019255988111 19.441 0.081
0.9726228618892492 19.328 0.074
0.9735106106991225 19.422 0.07
0.9751750124114551 19.433 0.063
0.9754534952348877 19.429 0.065
0.9763485639923601 19.446 0.078
0.9769011772650629 19.511 0.083
0.9774525722843919 19.515 0.08
0.9775456305569605 19.547 0.103
0.9777161419779077 19.625 0.09
0.9782235927000329 19.362 0.126
0.978389785977015 19.46 0.068
0.9794936689595488 19.348 0.063
0.9808717758742205 19.473 0.068
0.9826945909180722 19.532 0.081
0.983265877379381 19.37 0.066
0.9859740179326764 19.494 0.101
0.9861856061625076 19.419 0.081
0.9870731295786754 19.603 0.136
0.9887331993331827 19.58 0.072
0.9896348706156459 19.515 0.06
0.9899731262576097 19.344 0.063
0.9904590569231004 19.521 0.1
0.991120721133484 19.385 0.081
0.991973984249853 19.564 0.075
0.9922340625162178 19.441 0.062
0.9939018871937151 19.393 0.077
0.9939689845646171 19.662 0.141
0.9957671228139588 19.464 0.065
0.9966319827808547 19.228 0.1
0.9971222315907653 19.557 0.124
0.9974237329679454 19.413 0.124
0.9977531451440882 19.624 0.117
0.9977829872159418 19.565 0.091
0.9978959485433734 19.443 0.091
0.9990005763738736 19.343 0.084
0.9992575505511923 19.403 0.057
