0.0005629330611554018 19.469 0.16
0.001961667945943102 19.111 0.075
0.003194038093533802 19.086 0.07
0.0036591898036930637 19.117 0.06
0.003957583946794241 19.107 0.068
0.003970372229014085 19.329 0.068
0.00875067250981365 19.075 0.062
0.010372848092992992 19.223 0.073
0.01106052235572852 19.332 0.108
0.011956055679911426 19.23 0.079
0.015202033140121696 19.119 0.071
0.016564833565462234 19.136 0.105
0.019427717745565953 19.043 0.064
0.019875871522708533 19.356 0.081
0.021332546505982375 19.124 0.092
0.021494611363232163 19.156 0.099
0.022142054627147356 19.121 0.068
0.022849391353156445 19.141 0.084
0.02968805491436788 19.16 0.092
0.038809605322421614 19.194 0.069
0.04083663996552778 19.237 0.1
0.041792634003650075 19.222 0.09
0.04282264523080803 19.122 0.078
0.043340804471335925 19.035 0.068
0.043545269725109303 19.157 0.103
0.04403753740498351 19.17 0.051
0.04579482691988224 19.147 0.06
0.04642507702319554 19.384 0.074
0.04777042933746989 19.196 0.095
0.050871577035104476 19.505 0.148
0.05291896719736533 19.218 0.057
0.05444721992753321 19.378 0.125
0.05745364671965936 19.245 0.108
0.057953559792076614 19.288 0.079
0.058275498979492024 19.2 0.065
0.05843517538633014 19.248 0.064
0.06299663777044762 19.181 0.079
0.06333323171602379 19.307 0.112
0.06403283616000399 19.213 0.095
0.06599472611233059 19.259 0.061
0.07376862296714526 19.425 0.105
0.07496740517071876 19.182 0.075
0.07651338209361702 19.182 0.14
0.07717463376447986 19.13 0.101
0.0779009429155848 19.283 0.078
0.08146096827422289 19.201 0.083
0.08435056621729009 19.253 0.118
0.08544625618415003 19.27 0.14
0.08768992914010587 19.34 0.112
0.0891102409354061 19.071 0.077
0.09069919154298978 19.197 0.065
0.0908301317216682 19.077 0.095
0.09083750103527555 19.108 0.095
0.09158055920524921 19.172 0.153
0.09332742506503555 19.339 0.091
0.09483022434087607 19.522 0.147
0.09599069268861049 19.105 0.113
0.09677693454195824 19.197 0.075
0.09943948226591592 19.266 0.082
0.10086175615779203 19.12 0.074
0.10164112383008606 19.244 0.101
0.10368499136111486 19.245 0.129
0.10384466474843057 19.154 0.075
0.10503111186735614 19.277 0.066
0.1104729878710713 19.353 0.071
0.11159379516757317 19.216 0.061
0.11323563925125191 19.34 0.106
0.11478571209172506 19.137 0.091
0.11525118785393706 19.142 0.119
0.11675107368446325 19.218 0.071
0.119571917417852 19.496 0.118
0.11989447182841095 19.168 0.114
0.12084358866686662 19.214 0.088
0.12142879464809075 19.304 0.097
0.12544807270878655 19.152 0.077
0.126595707821616 19.162 0.091
0.12964331695948195 19.436 0.141
0.1308599132611561 19.271 0.09
0.1326208096001209 19.338 0.09
0.13547029631208707 19.337 0.153
0.1375160303190568 19.341 0.081
0.1383145713574776 19.236 0.106
0.1383775825474003 19.339 0.075
0.14122840470499787 19.391 0.11
0.14173961160704485 19.229 0.131
0.14219257818549513 19.365 0.11
0.14335555809284406 19.063 0.099
0.14412023510922145 19.223 0.119
0.14805881066822613 19.394 0.106
0.14874968049152804 19.36 0.094
0.14999318276604745 19.225 0.112
0.1540401705673502 19.147 0.074
0.15866063241664952 19.362 0.113
0.15970432020949366 19.101 0.055
0.16208097693779555 19.036 0.061
0.16276649991177683 19.219 0.075
0.164977731178078 19.459 0.079
0.16580553041912927 19.081 0.079
0.1682970716869021 19.653 0.141
0.16875039821516102 19.257 0.125
0.1692011444050876 19.191 0.105
0.16972525666224092 19.218 0.071
0.17900575150306386 19.342 0.126
0.18012001772458452 19.352 0.066
0.1803743009844765 19.068 0.094
0.18466023630517148 19.552 0.104
0.18502851280245514 19.253 0.086
0.18510458533582996 19.292 0.068
0.18794862020004066 19.354 0.11
0.195217422175483 19.212 0.088
0.19532000752897138 19.319 0.051
0.19554090378769606 19.357 0.084
0.19567581979517845 19.153 0.084
0.20118769220644017 19.333 0.066
0.2013230882552306 19.397 0.113
0.2026330763777877 19.283 0.068
0.20266823962574554 19.499 0.087
0.2051463804076774 19.195 0.088
0.20866784870977417 19.264 0.082
0.21053678828720868 19.313 0.153
0.21301298475955255 19.123 0.087
0.2145835721279581 19.075 0.074
0.21585543526489337 19.158 0.092
0.2174114550856756 19.237 0.064
0.21790954361804316 19.171 0.109
0.2199233458381058 19.279 0.116
0.22101757153577628 19.272 0.103
0.22222590754281546 19.285 0.079
0.2264487206388366 19.272 0.049
0.22793344181027342 19.229 0.082
0.23062868013985272 19.305 0.153
0.2310466065786385 19.317 0.086
0.2315052081588873 19.06 0.082
0.231744188558332 19.292 0.09
0.23547797782921398 19.337 0.113
0.2360589771791637 19.183 0.07
0.23633956595713235 19.266 0.114
0.23793616799357542 19.338 0.1
0.23866482366101982 19.237 0.056
0.24852147486799359 19.241 0.079
0.24860135818598783 19.185 0.071
0.24949377981956777 19.209 0.099
0.2497384374795728 19.27 0.071
0.2530044403705687 19.348 0.075
0.25788545952891573 19.212 0.055
0.2613873374879403 19.27 0.084
0.26191638565378517 19.398 0.087
0.2653970167906663 19.41 0.087
0.26917308636839143 19.234 0.083
0.2714155624020349 19.389 0.082
0.2743783164145497 19.234 0.057
0.2773569791328554 19.468 0.105
0.278529179738507 19.359 0.094
0.2823241046702605 19.307 0.121
0.2847988939005517 19.285 0.088
0.2848115171376775 19.146 0.069
0.28534982491819383 19.518 0.158
0.2861136559071382 19.324 0.108
0.2863706966230892 19.16 0.075
0.2878955558684537 19.366 0.1
0.28835718494738094 19.268 0.075
0.2900257367567973 19.226 0.075
0.2902438785771664 19.23 0.077
0.2902539573755347 19.485 0.173
0.2921245561259638 19.405 0.112
0.2923403604858321 19.488 0.106
0.2946252788527999 19.266 0.055
0.29613317606290357 19.069 0.11
0.2989628054068816 19.275 0.081
0.2998759069336302 19.37 0.088
0.3021391403721282 19.161 0.07
0.3029178508853875 19.538 0.156
0.30505071139614304 19.302 0.081
0.3085709975470309 19.439 0.099
0.3088366558107737 19.254 0.095
0.3150839111362075 19.24 0.103
0.3259431697701075 19.145 0.117
0.3268728160323008 19.423 0.104
0.3322317033866057 19.28 0.061
0.3331946165602858 19.207 0.099
0.33359623510423264 19.249 0.06
0.333862373408374 19.297 0.1
0.33458601802831256 19.373 0.069
0.33479440812188843 19.416 0.157
0.33959450604779706 19.32 0.073
0.34009623428428315 19.132 0.068
0.3423235755202768 19.552 0.134
0.34454120092723317 19.24 0.081
0.3446299386327155 19.308 0.088
0.3452443280024454 19.361 0.082
0.346147236678371 19.28 0.079
0.3476241802922232 19.419 0.092
0.3484137736953926 19.324 0.112
0.35038424831545856 19.287 0.129
0.355064963897712 19.196 0.064
0.35531941521949195 19.209 0.123
0.3556569722644781 19.305 0.082
0.35620491470072013 19.358 0.075
0.35758288582237585 19.31 0.097
0.35956613363159706 19.255 0.084
0.3622181912964152 19.514 0.108
0.3656064540777152 19.43 0.126
0.36649324674672246 19.349 0.099
0.36824779389680773 19.47 0.109
0.3688179492732161 19.254 0.074
0.37311634580546527 19.354 0.105
0.375232775313998 19.289 0.09
0.37546625891027363 19.719 0.162
0.37626735344510964 19.34 0.055
0.3775443564512898 19.416 0.094
0.37791578959277106 19.303 0.122
0.3794856869229989 19.396 0.071
0.3820726840898715 19.404 0.101
0.3829959422486354 19.453 0.086
0.3859111918922281 19.351 0.069
0.3874907208595687 19.47 0.135
0.3876363577322991 19.638 0.088
0.3892377755877533 19.36 0.13
0.3895085317866688 19.349 0.065
0.3898936381523527 19.287 0.083
0.3922509084972262 19.42 0.126
0.3953711155094425 19.367 0.103
0.39548280448834705 19.464 0.121
0.3973179129219716 19.459 0.074
0.39742486391460263 19.341 0.106
0.3995583963527679 19.428 0.154
0.4 19.787 0.132
0.4005100697044327 19.276 0.066
0.40258254431628304 19.511 0.074
0.4049970378786384 19.465 0.087
0.40532140443374376 19.282 0.086
0.405480711835844 19.404 0.082
0.40562206391987277 19.355 0.081
0.4073946083230112 19.298 0.099
0.4099897399777547 19.387 0.087
0.4122103989206153 19.327 0.081
0.41543578369819445 19.284 0.095
0.41687849428435586 19.404 0.075
0.42267617349934883 19.372 0.112
0.4233022589045504 19.353 0.077
0.4274083243257337 19.476 0.112
0.42813961434003434 19.33 0.06
0.43025247928053434 19.452 0.09
0.4305448422504924 19.471 0.079
0.436989484689002 19.221 0.095
0.4375564445039345 19.473 0.11
0.43976019240235475 19.286 0.075
0.44139495834351694 19.28 0.079
0.44593962373746765 19.334 0.106
0.44794056253740566 19.245 0.082
0.4489300666858981 19.224 0.068
0.4497010117132959 19.374 0.11
0.45395688172302473 19.276 0.068
0.4539890114350783 19.338 0.129
0.45565368368115744 19.344 0.108
0.4573529368311938 19.173 0.092
0.45820073164250064 19.219 0.09
0.46524095606891935 19.326 0.068
0.46524240826365715 19.031 0.051
0.46616230581676066 19.257 0.061
0.46789443606703573 19.251 0.075
0.46834326479111044 19.348 0.119
0.47037095659143235 19.221 0.064
0.4711105790196598 19.201 0.094
0.47236225469750937 19.196 0.078
0.4726742502702109 19.16 0.052
0.47301549197200077 19.368 0.099
0.47454896272793123 19.354 0.13
0.4768477736946807 19.038 0.064
0.4779523150331443 19.146 0.09
0.48072176879704787 19.091 0.057
0.4810630524329099 19.171 0.06
0.48404960374446093 19.023 0.087
0.4857392732295921 19.244 0.075
0.48663161703043445 19.03 0.071
0.4878817593411441 19.007 0.056
0.48819310379112724 19.392 0.101
0.4890024106483907 19.127 0.062
0.49021269096501785 19.12 0.065
0.4907490993895408 19.033 0.051
0.4912966788582708 19.361 0.073
0.4928830820066651 19.149 0.069
0.49349418860438166 19.222 0.09
0.49892243029935346 19.115 0.049
0.5024262854461995 19.135 0.09
0.5026712701750512 19.159 0.088
0.5041625834122897 19.013 0.049
0.5042031656279505 18.935 0.07
0.5042554019450108 19.101 0.122
0.5073902244761485 19.043 0.055
0.5111034539435423 19.092 0.078
0.5114106276618259 19.035 0.061
0.5136747104674214 18.989 0.077
0.5137818593842894 19.055 0.056
0.5142335297563477 19.123 0.079
0.5159624584088306 19.075 0.087
0.5170239901621244 19.014 0.052
0.5178311517669499 18.918 0.084
0.5182871938153767 19.011 0.125
0.5182932699421144 19.112 0.078
0.5198604577884908 18.977 0.078
0.5199018531515321 19.139 0.095
0.5207168580740472 19.008 0.077
0.5243193408563457 19.181 0.075
0.5256985632307988 19.031 0.079
0.5259619920492696 19.236 0.07
0.5264790979621466 19.057 0.065
0.5270241329893907 19.013 0.047
0.5361897134293031 18.994 0.09
0.5367197277140804 19.02 0.053
0.5374252851755955 18.74 0.114
0.5395956792739526 18.905 0.09
0.5397926282807021 18.947 0.065
0.540306862682337 18.868 0.075
0.5407275495957947 18.955 0.071
0.541826750121254 18.922 0.077
0.5458496977456889 18.857 0.061
0.5502275753891809 18.905 0.06
0.5513048481083388 18.97 0.1
0.5520885394847937 18.981 0.059
0.5535186268320104 18.941 0.062
0.5559278933136739 18.918 0.069
0.5567951077104226 19.247 0.091
0.559982649617632 18.955 0.084
0.5600496245628165 18.942 0.055
0.5616390253493592 18.771 0.066
0.5641558580467972 19.256 0.113
0.5650952201389373 19.094 0.078
0.5663040871771955 19.152 0.077
0.5674068103320679 19.02 0.061
0.573969487596878 18.908 0.062
0.5747133649496391 18.92 0.039
0.5753562352723748 18.985 0.101
0.5764610288646509 18.768 0.056
0.5777486749015225 18.884 0.064
0.580443757240937 18.911 0.065
0.5806885708892878 18.916 0.056
0.5807411822483118 18.987 0.062
0.5808636219529945 19.044 0.053
0.5818780934790994 18.971 0.049
0.5898425750623574 18.963 0.101
0.5925682510482148 18.967 0.042
0.592936041467874 19.111 0.053
0.592977799799337 18.877 0.071
0.5935378824136933 19.029 0.103
0.6028353392897771 19.058 0.062
0.6037989817399648 19.013 0.06
0.6055289573618211 18.971 0.062
0.6071228559516385 18.919 0.069
0.6083461224747225 18.936 0.053
0.6088804275826988 19.035 0.084
0.6100400499039097 18.906 0.066
0.6160683472438905 18.879 0.055
0.6168999901496136 18.966 0.048
0.6201925417593884 18.874 0.069
0.628909314282646 19.023 0.068
0.6347403476187538 18.906 0.059
0.6368588713861755 18.965 0.066
0.6369362401250328 19.008 0.066
0.6397756121417842 18.894 0.1
0.6410950789308117 18.969 0.056
0.6424508280573719 19.21 0.103
0.6425165457134426 19.012 0.074
0.6443998877924969 19.059 0.047
0.6468634640454184 18.901 0.083
0.6587879001730471 18.841 0.053
0.6588178004407382 19.061 0.057
0.659577211460055 19.048 0.056
0.6599280488993827 19.087 0.1
0.6608964712699162 18.972 0.059
0.6616161071819079 18.965 0.091
0.6630499902234078 19.017 0.075
0.664937674117391 19.157 0.103
0.6653902384881804 19.054 0.117
0.6680492635818155 18.972 0.057
0.6689298241348297 18.997 0.077
0.6692613201443237 18.912 0.081
0.6741995205851709 18.931 0.056
0.6742150602853144 18.953 0.071
0.6754224181026075 18.965 0.051
0.6756439775557738 19.202 0.062
0.676621701475051 18.993 0.078
0.6793128170415003 19.007 0.11
0.6813367731951075 19.031 0.077
0.6833677323524171 19.009 0.095
0.6834552969625293 19.018 0.064
0.684297792896723 19.115 0.064
0.6865094622675315 18.955 0.06
0.6867475996581561 19.242 0.141
0.6875225205152674 18.981 0.074
0.6892615548089452 19.003 0.069
0.690286585173817 18.948 0.091
0.6904998360390892 19.119 0.074
0.6913951023383561 18.83 0.083
0.6943423944843744 18.945 0.095
0.6967920093587964 19.044 0.094
0.6975829140586939 19.113 0.068
0.7038749971501602 18.911 0.068
0.704573920610892 18.964 0.055
0.7048435815462654 19.024 0.061
0.7058574828037308 18.902 0.106
0.7083007454715698 18.986 0.064
0.7189750812234706 19.037 0.039
0.7195110424876475 19.04 0.069
0.7198188223732359 18.904 0.061
0.7224088560937162 18.951 0.051
0.722881653197328 19.278 0.079
0.7234338022657539 19.064 0.081
0.7235191045523607 19.132 0.056
0.7238993561835741 19.078 0.065
0.7299145861437865 19.088 0.056
0.7325844880901059 18.967 0.108
0.7343700247360175 19.084 0.106
0.7345163127296473 19.071 0.057
0.7346002346170281 19.126 0.11
0.7346622317176298 19.007 0.07
0.7364848789378812 19.137 0.059
0.7369063998052298 18.948 0.105
0.7380262470209346 18.996 0.104
0.7388417410387774 19.074 0.055
0.7398427791989889 19.017 0.16
0.7420718966817731 18.997 0.065
0.742638496546897 18.982 0.056
0.7432575306542276 18.954 0.087
0.7435108806752396 19.232 0.101
0.7447272790535863 19.178 0.117
0.7458544385557616 19.057 0.065
0.7512218562464114 19.043 0.07
0.7517446753166951 19.077 0.068
0.7521224965616057 19.141 0.104
0.7535465138211294 18.967 0.064
0.7551447421523335 18.883 0.055
0.7558082501112949 19.065 0.051
0.7562281507201988 19.116 0.088
0.7576270476314676 18.991 0.057
0.7585496187706667 19.134 0.105
0.7591624298169336 19.094 0.082
0.7615413129700755 19.113 0.082
0.7640117664235732 19.152 0.066
0.7664405393792549 19.049 0.073
0.7676143602415323 19.087 0.07
0.7686633888473807 18.989 0.075
0.7693965812362876 19.247 0.094
0.7697300215544601 19.143 0.097
0.7708611387755809 18.987 0.083
0.773171315691252 18.93 0.059
0.7779947577186249 19.046 0.057
0.7813328274536616 18.944 0.071
0.7830841760245676 19.189 0.068
0.7840957609500038 18.97 0.081
0.7845711595204193 19.245 0.11
0.7852755828011141 19.011 0.082
0.7863108479536095 19.098 0.061
0.7864476633161758 19.024 0.046
0.7868459960713153 19.13 0.095
0.7886566232040423 18.932 0.052
0.7921727506940442 19.013 0.056
0.795090424686714 19.006 0.065
0.7966910293966066 19.223 0.101
0.8065502340981766 19.089 0.068
0.8088852945205872 19.038 0.069
0.809072809814461 19.066 0.064
0.8126785572589142 19.071 0.081
0.8130331602082151 19.196 0.053
0.8141983605049973 19.239 0.11
0.8149878009366148 19.126 0.094
0.8170799081502992 19.169 0.056
0.8200835744668439 18.955 0.084
0.8219207831984022 19.061 0.073
0.8229469477431849 19.119 0.061
0.8292544957197606 19.019 0.065
0.8305366838725604 19.136 0.073
0.8308442594738153 19.034 0.097
0.8310016645022188 19.026 0.062
0.8311452071133317 19.208 0.11
0.8320733951444709 19.02 0.068
0.832568939236262 19.081 0.084
0.8360346368393948 19.097 0.069
0.837484236698765 19.183 0.074
0.8390010755096228 18.901 0.092
0.8397451957411249 19.18 0.075
0.8447594328166815 19.088 0.059
0.8459625927338493 19.106 0.068
0.846006688523994 19.058 0.095
0.8474331002711551 19.189 0.125
0.8487957356523111 19.131 0.084
0.8495902381213455 19.284 0.112
0.8562157105410734 19.218 0.126
0.8577345087518552 19.172 0.078
0.8616014736830039 19.289 0.123
0.8619895266969252 19.266 0.081
0.8630569665141593 19.033 0.088
0.8630879650640054 19.18 0.044
0.8641907241175432 19.261 0.145
0.8642789368308513 19.108 0.1
0.8643498815667044 19.058 0.068
0.8651994526248018 19.083 0.062
0.8670385546742182 19.099 0.134
0.8689197964562482 19.062 0.077
0.869653357848074 19.199 0.091
0.8705798957602383 18.972 0.061
0.8721337250548459 19.113 0.091
0.8723301490685117 18.854 0.062
0.87622061409038 19.262 0.084
0.8764907490289261 19.042 0.073
0.8779270446670125 19.225 0.105
0.8796930688025896 19.158 0.073
0.8820327018442186 19.105 0.068
0.8831088373648527 19.045 0.075
0.8848030046532586 19.113 0.106
0.8850045655184658 19.162 0.07
0.8851107033646258 18.982 0.1
0.8875063415729528 19.072 0.057
0.8888368321499002 19.227 0.104
0.8896217959076239 19.352 0.121
0.8912047965162856 18.993 0.09
0.8912643179559382 19.093 0.1
0.8913928398218559 19.126 0.071
0.8921074230751401 19.38 0.123
0.8923177604950979 19.336 0.109
0.8932481809873934 18.946 0.095
0.8938375248239027 19.169 0.044
0.8946480409980723 19.119 0.103
0.8962603507983659 19.131 0.059
0.9023236372862811 19.104 0.092
0.9035267972043584 19.215 0.106
0.9096912198687277 19.015 0.068
0.910210561261374 19.081 0.048
0.911782444835262 19.172 0.082
0.9171448756263998 19.116 0.09
0.9193309774886074 19.042 0.095
0.9209533241522876 19.047 0.112
0.9225403723861745 19.057 0.077
0.9233603283095362 19.14 0.06
0.9249620641816363 19.068 0.081
0.9268261486999108 19.134 0.068
0.9295668333574212 19.1 0.053
0.9312144982926838 19.137 0.09
0.9326790709250417 19.122 0.051
0.9368394820161483 19.191 0.056
0.9372955301018009 19.153 0.108
0.9378650373750133 19.125 0.06
0.9385122404577486 19.282 0.1
0.9413826140420496 19.096 0.083
0.9416070389683227 19.086 0.079
0.9421840326271194 19.181 0.051
0.942865750855526 19.081 0.078
0.9441054544171492 19.251 0.07
0.9441186868411022 19.23 0.099
0.9467108148232 19.258 0.105
0.9480363396300162 19.202 0.092
0.9543806382311231 19.086 0.082
0.9562819024262352 19.103 0.13
0.9573299977950227 19.124 0.068
0.9591660394657082 19.462 0.101
0.9598670991221296 19.24 0.101
0.9602182636330325 19.255 0.056
0.9610406767855237 19.126 0.062
0.9612920526373272 19.22 0.095
0.965574951405324 19.144 0.079
0.968413357303143 19.184 0.069
0.97032134572637 19.115 0.097
0.9708158757297496 19.097 0.07
0.9741243632110126 19.213 0.06
0.9760352231445721 19.0 0.069
0.9763608919423858 19.387 0.084
0.9783765545993446 19.35 0.09
0.9810467805968073 19.179 0.094
0.9876333061505647 19.097 0.06
0.9888744588901317 19.19 0.094
0.9896517111714274 19.305 0.081
0.991284298658138 19.144 0.059
0.9924621671465501 19.18 0.051
0.9926300169585374 19.2 0.073
0.992780385779406 19.401 0.105
0.9943449359374426 19.28 0.083
0.9966640094993635 19.187 0.126
0.9971767558075952 19.214 0.064
0.9976998868554801 19.431 0.094
0.9977870073229496 19.12 0.084
