8.25652514322428e-05 19.335 0.062
0.0005263969742372865 19.331 0.104
0.005026908802392427 19.368 0.115
0.01081642951703543 19.643 0.126
0.011277677602265612 19.379 0.096
0.011416382815696124 19.257 0.096
0.015125552837162104 19.497 0.11
0.015359137993982586 19.306 0.097
0.01675185970361781 19.36 0.093
0.017733932859300694 19.501 0.096
0.018904283971096447 19.402 0.087
0.019698127365700202 19.387 0.106
0.01979021738316078 19.342 0.059
0.0224749155840982 19.474 0.1
0.02272557262040209 19.476 0.101
0.024105988401970535 19.286 0.085
0.02580223818313243 19.339 0.063
0.026081249969138298 19.357 0.087
0.02644073529245361 19.754 0.143
0.0291004432410773 19.473 0.131
0.029613219157909043 19.26 0.086
0.0330792419381396 19.287 0.111
0.03322601431773364 19.424 0.093
0.03392316433109954 19.427 0.108
0.03617720970669325 19.523 0.065
0.03667309271804697 19.47 0.073
0.037896686603744456 19.404 0.075
0.03877733563876973 19.391 0.084
0.04118747743723361 19.646 0.09
0.04230861959513277 19.609 0.133
0.04255593809921265 19.516 0.105
0.04510758217656985 19.403 0.099
0.04538476673224068 19.446 0.081
0.04570331812828954 19.518 0.112
0.04670804675515683 19.363 0.096
0.050051559016537794 19.501 0.107
0.05040261338308483 19.375 0.079
0.05287796735410666 19.408 0.084
0.055250812160011264 19.595 0.1
0.05731977013510914 19.514 0.098
0.0581858388177352 19.411 0.089
0.05835689236573671 19.344 0.065
0.05856905378095689 19.408 0.063
0.059968780655253795 19.395 0.078
0.061589826185809216 19.531 0.098
0.06184066511650599 19.496 0.091
0.06226552812222508 19.494 0.104
0.06235464047313144 19.547 0.106
0.06267087217747758 19.388 0.078
0.06318996932259324 19.293 0.096
0.06418364094861317 19.395 0.103
0.0684412364353193 19.312 0.111
0.06902183547845198 19.344 0.091
0.06997440637314867 19.555 0.103
0.07481943845141359 19.528 0.117
0.07519085795956926 19.604 0.13
0.07538811336780782 19.428 0.067
0.07852153791736782 19.524 0.102
0.08030503631107422 19.494 0.06
0.08075503041072807 19.584 0.1
0.08129133898273722 19.604 0.092
0.0832463611568528 19.456 0.081
0.08336289200815372 19.489 0.106
0.08494791332668683 19.514 0.065
0.08635189194319537 19.484 0.064
0.08683017961902806 19.379 0.063
0.09169245622433664 19.553 0.086
0.09269703735299117 19.388 0.06
0.09508488325445796 19.448 0.076
0.09524498332302755 19.448 0.079
0.09554452997872431 19.417 0.123
0.09673122457570571 19.472 0.061
0.10007930791289255 19.547 0.168
0.10480885897322878 19.75 0.177
0.10645345224747871 19.59 0.143
0.10828212414435257 19.582 0.075
0.11002761516374449 19.379 0.058
0.11456083489883895 19.42 0.082
0.11488216113320959 19.481 0.098
0.11666616789261752 19.58 0.085
0.11818156773915689 19.394 0.069
0.11822813766502804 19.363 0.091
0.11884864092189673 19.679 0.084
0.12176522442587157 19.714 0.078
0.1257811072291588 19.475 0.072
0.12837193215773368 19.589 0.106
0.13188262007315643 19.422 0.055
0.13435373447009624 19.475 0.116
0.13479899279809615 19.47 0.074
0.13545395995879517 19.444 0.124
0.13555817903852585 19.453 0.058
0.13699238117169443 19.601 0.148
0.13710173291474348 19.451 0.064
0.14044682641724648 19.676 0.104
0.14503839854933176 19.568 0.1
0.14564993441126717 19.588 0.128
0.14610487132722483 19.372 0.119
0.1478067650587036 19.859 0.19
0.15199421269562663 19.363 0.094
0.1524058880404482 19.409 0.083
0.15245319641780952 19.595 0.104
0.15379195491004793 19.439 0.115
0.15593451869426644 19.525 0.119
0.15864909089941648 19.321 0.078
0.15876284399018914 19.711 0.174
0.1594708691118285 19.555 0.139
0.15952434197424736 19.52 0.123
0.1597733905109635 19.586 0.131
0.1606137916623993 19.572 0.125
0.16203867981130315 19.647 0.087
0.1635718426105086 19.685 0.131
0.16412628587659128 19.354 0.073
0.16473304864939564 19.425 0.095
0.16680532503687573 19.475 0.076
0.1676154896904336 19.382 0.099
0.16965613396860135 19.803 0.162
0.1699261373078116 19.663 0.145
0.17151290667243302 19.569 0.132
0.17216013313736767 19.356 0.099
0.173477959056072 19.495 0.092
0.1804167285818039 19.54 0.091
0.18352298273021006 19.391 0.101
0.18535896029789 19.447 0.073
0.18542191897995508 19.422 0.056
0.18712118958774226 19.573 0.167
0.18798515357411816 19.516 0.069
0.1885995053280567 19.478 0.106
0.19150199380601407 19.493 0.076
0.19420971337422088 19.6 0.075
0.1982407410378073 19.491 0.081
0.19986988602340716 19.438 0.073
0.20065577957029745 19.83 0.171
0.20307227277862694 19.607 0.144
0.2031640032228097 19.658 0.098
0.20323591923806816 19.49 0.082
0.2037303483866708 19.559 0.077
0.20592304065576172 19.304 0.079
0.20648958864876477 19.63 0.095
0.20790550940273533 19.744 0.144
0.20842492798965395 19.63 0.1
0.21010823188225913 19.647 0.145
0.21159603344221978 19.513 0.092
0.21635317483742256 19.492 0.063
0.21767504334547993 19.578 0.09
0.21865572510705533 19.681 0.092
0.21949523317016428 19.429 0.081
0.22075739017509477 19.602 0.151
0.222909439779869 19.223 0.085
0.22354964177338843 19.521 0.072
0.22428898048474366 19.557 0.083
0.22549149511269206 19.592 0.1
0.22581196638930123 19.753 0.132
0.22681475712397514 19.586 0.095
0.22705663661281505 19.505 0.119
0.22734053507247154 19.556 0.135
0.22955849798290728 19.489 0.133
0.22981994169231257 19.464 0.078
0.2300916901558594 19.711 0.118
0.23149650863888382 19.499 0.062
0.23209364182912395 19.648 0.106
0.23277496175160195 19.604 0.085
0.23543100469578349 19.453 0.136
0.23581668392853317 19.535 0.132
0.23678962499616318 19.777 0.175
0.237599967326787 19.377 0.082
0.238702476484832 19.474 0.128
0.2389258646289818 19.613 0.109
0.2403651771969635 19.537 0.134
0.2443492753618557 19.534 0.093
0.2451851004088894 19.579 0.109
0.24827144455821326 19.479 0.068
0.24870650879347522 19.464 0.143
0.24881760063090042 19.646 0.095
0.24966221117665555 19.716 0.083
0.251566102410834 19.587 0.097
0.25157262143875414 19.671 0.095
0.2518368068840573 19.512 0.091
0.253719073177308 19.559 0.062
0.25511510616070154 19.416 0.102
0.2554475275283039 19.638 0.125
0.2566753149039869 19.567 0.09
0.2625812428273093 19.695 0.087
0.262939645215738 19.648 0.09
0.26960015227996337 19.575 0.098
0.27271657034089003 19.74 0.122
0.27494336694235244 19.544 0.116
0.27734468510971055 19.797 0.154
0.2788388309409129 19.513 0.095
0.27884779330543097 19.641 0.134
0.2794050294196495 19.522 0.096
0.2804027558031521 19.477 0.077
0.2804598865313892 19.618 0.112
0.28090234779438106 19.484 0.095
0.28140206050557026 19.658 0.071
0.28213331485130766 19.505 0.124
0.2827671977247519 19.544 0.091
0.2876164463341411 19.485 0.072
0.290540744570535 19.481 0.128
0.29131118268924183 19.717 0.125
0.29432406690011703 19.576 0.116
0.2978087406927443 19.408 0.09
0.29831956654925307 19.543 0.095
0.2991102331852744 19.598 0.114
0.2993484066155361 19.801 0.161
0.30270493892112427 19.766 0.107
0.30413140831024066 19.809 0.179
0.3069955859846232 19.467 0.099
0.3070310808971044 19.867 0.187
0.3072798029634214 19.588 0.084
0.30884232134030754 19.664 0.111
0.30891211756897974 19.625 0.093
0.3100972187567095 19.637 0.096
0.31561056369628204 19.66 0.132
0.31596303460901254 19.691 0.136
0.31826293871381495 19.628 0.081
0.3210109220690356 19.458 0.071
0.32226914293005393 19.477 0.098
0.3224099578692403 19.46 0.087
0.324441636861593 19.685 0.132
0.32551777021672024 19.66 0.085
0.32559704009690904 19.675 0.133
0.3261419975433455 19.525 0.109
0.32644447075017524 19.566 0.091
0.3265207759468467 19.523 0.115
0.3265341274909588 19.567 0.096
0.32750882455502506 19.751 0.141
0.32799398206589103 19.485 0.125
0.3281848932028879 19.753 0.145
0.32894738487448194 19.59 0.078
0.3316607814958843 19.369 0.13
0.33443585898749006 19.703 0.125
0.33491306875839655 19.753 0.095
0.3375378463033485 19.535 0.115
0.3386257298407145 19.459 0.091
0.34160330103441083 19.608 0.096
0.34259785779704544 19.523 0.095
0.34413964139821474 19.505 0.178
0.3452094304830098 19.614 0.112
0.3455033440604893 19.651 0.106
0.346006593103084 19.569 0.118
0.34629364398551843 19.435 0.136
0.3483049419319286 19.476 0.117
0.3507108433441317 19.767 0.117
0.3512230325222845 19.756 0.142
0.3517530450153572 19.589 0.085
0.3519017293237994 19.407 0.094
0.35411574684167135 19.675 0.09
0.35458979202121554 19.676 0.115
0.3554124633228639 19.83 0.163
0.358569840459495 19.725 0.154
0.35965544746522937 19.485 0.111
0.3609662489125185 19.528 0.083
0.3665086028395308 19.922 0.18
0.3681752216834866 19.882 0.151
0.36890309644149966 19.495 0.106
0.3689055498380185 19.972 0.161
0.37139141723400826 19.706 0.124
0.37500549945343664 19.563 0.093
0.37649279767720145 19.533 0.096
0.37712575728073716 19.598 0.121
0.3784360553931947 19.549 0.113
0.38361929362872615 19.682 0.128
0.3838894637729027 19.629 0.148
0.38514556273730705 19.539 0.102
0.38639433087973885 19.758 0.129
0.3908415848418372 19.846 0.151
0.39185672969506413 19.66 0.132
0.3920154693623772 19.826 0.129
0.39743301108865126 19.588 0.104
0.39757890043983934 19.699 0.108
0.39918624280471704 19.869 0.17
0.39970480935699015 19.798 0.12
0.4001627180941796 19.855 0.125
0.40033779621899157 19.604 0.106
0.4003606256310377 19.724 0.161
0.40080836624110816 19.693 0.127
0.40115025541581417 19.577 0.074
0.40166105823027465 19.551 0.143
0.4021808514798977 19.657 0.128
0.4034392772773572 19.567 0.077
0.41155491904828523 19.662 0.082
0.41331094864381157 19.505 0.12
0.4154781250963424 19.664 0.106
0.41573968741886347 19.678 0.147
0.416923417333237 19.541 0.093
0.41744586096319836 19.693 0.122
0.41793680700175173 19.479 0.1
0.42292086491943337 19.695 0.081
0.42319175420925603 19.655 0.111
0.42335329889374407 19.694 0.193
0.42654689219762076 19.586 0.074
0.4269853008108839 19.6 0.118
0.4270360750997497 19.642 0.086
0.4276667753701986 19.606 0.078
0.4283809670832852 19.648 0.084
0.43193069208700763 19.675 0.096
0.43387518363942945 19.512 0.118
0.4394418015344854 19.613 0.106
0.4408241422252104 19.764 0.116
0.44109625821420195 19.64 0.092
0.44194246216920874 19.663 0.117
0.45166383488503925 19.425 0.135
0.4516824880047352 19.702 0.166
0.45197900961647974 19.439 0.095
0.4568011863175343 19.628 0.107
0.4578335685600905 19.515 0.134
0.45805539055254485 19.57 0.095
0.4583707853107626 19.545 0.11
0.4594268720425134 19.726 0.134
0.45975151166021533 19.246 0.09
0.46563400039121916 19.406 0.096
0.46773916658003145 19.472 0.132
0.47007689324436797 19.545 0.119
0.4702359485099805 19.624 0.132
0.47074202350449923 19.623 0.104
0.4714126388607838 19.584 0.128
0.4725531021722418 19.619 0.087
0.4752226785558378 19.593 0.094
0.4772684064901114 19.269 0.079
0.4775338546587591 19.596 0.084
0.48016633184579405 19.786 0.139
0.4813215804442734 19.474 0.083
0.48302839476355075 19.391 0.053
0.4852319872898079 19.54 0.084
0.4853439772450656 19.459 0.093
0.4865294271321545 19.436 0.114
0.48936212359785713 19.563 0.132
0.49053334475593147 19.639 0.131
0.4914883589863166 19.347 0.089
0.492167055786922 19.342 0.079
0.4922194465270877 19.644 0.122
0.49251668062788667 19.494 0.085
0.4965477082905636 19.502 0.14
0.49904588956633233 19.559 0.097
0.49985765557994455 19.424 0.064
0.5010475068165761 19.419 0.08
0.5015694018411523 19.198 0.063
0.5017343009640172 19.364 0.069
0.5036784207741221 19.478 0.103
0.5047104304621826 19.296 0.073
0.5049781551606429 19.441 0.074
0.5072367586290056 19.305 0.068
0.5082782570580093 19.617 0.143
0.5112441744522584 19.503 0.079
0.514200295458977 19.402 0.077
0.5172040454717717 19.504 0.062
0.5181547015145043 19.252 0.085
0.5220116698928905 19.436 0.095
0.5232547567675283 19.505 0.127
0.524059141658654 19.376 0.086
0.5241807792090185 19.43 0.093
0.5287533696418905 19.508 0.113
0.5292376420147775 19.402 0.094
0.5295081566418958 19.378 0.072
0.5325672922581361 19.256 0.089
0.5337088104342911 19.35 0.106
0.5354803335885663 19.335 0.072
0.5381565857433088 19.358 0.136
0.5384295688563725 19.343 0.066
0.5409659394008486 19.347 0.153
0.5410745598292124 19.192 0.075
0.5423006100336352 19.256 0.067
0.5427689207226649 19.194 0.082
0.5441151969625935 19.303 0.095
0.5468770603470148 19.355 0.075
0.5533658278218354 19.592 0.108
0.5535356597001737 19.335 0.104
0.5540847884085451 19.178 0.1
0.5550571988806041 19.3 0.099
0.5567207818075985 19.309 0.076
0.5576548785538762 19.493 0.108
0.5588640840442167 19.24 0.099
0.5590653560775536 19.239 0.049
0.5606899178201274 19.377 0.1
0.5630151529258001 19.183 0.143
0.5635242336588817 19.218 0.099
0.5639068769733058 19.407 0.112
0.5656261870663002 19.265 0.047
0.5678431533660842 19.295 0.075
0.5679215381087488 19.2 0.083
0.5693124945737509 19.165 0.1
0.5699300260084783 19.283 0.089
0.5707276890443609 19.245 0.096
0.5708693840897467 19.193 0.08
0.5724236613586982 19.216 0.071
0.5725980081679154 19.3 0.058
0.5735860739741838 19.278 0.066
0.5745252811566388 19.219 0.078
0.577870015085864 19.208 0.077
0.5786861753108496 19.28 0.083
0.5787069302059535 19.381 0.091
0.5790943344427433 19.387 0.104
0.5792142096706812 19.104 0.062
0.5800753837297634 19.262 0.093
0.5834107986447634 19.404 0.148
0.5842586111002674 19.231 0.064
0.5873161151748718 19.23 0.088
0.5894905319100872 19.382 0.102
0.5912033682443507 19.205 0.078
0.5932434710557573 19.323 0.08
0.5941267511643673 19.11 0.058
0.5952969275194846 19.202 0.081
0.5962740880395359 19.22 0.093
0.5964611313438581 19.192 0.093
0.5968588964769879 19.306 0.11
0.5983947176091533 19.316 0.056
0.6082112083086031 19.294 0.074
0.6085792712710827 19.112 0.052
0.6088545438997244 19.092 0.068
0.6101291392396888 19.159 0.07
0.6106610414317402 19.208 0.046
0.6106837191300656 19.294 0.142
0.6114395689451158 19.337 0.067
0.6117747953294383 19.356 0.081
0.612271199688621 19.157 0.06
0.6135455871699378 19.268 0.104
0.6166388091078261 19.226 0.119
0.6169011128040438 19.339 0.062
0.617753637988244 19.313 0.09
0.618534803714283 19.15 0.064
0.6209734029735046 19.164 0.062
0.6223757651378037 19.223 0.06
0.6223806928646809 19.212 0.082
0.6224375122128549 19.116 0.069
0.6231147522275933 19.381 0.111
0.6255621592135867 19.228 0.061
0.6256368529884639 19.187 0.058
0.6257421499740303 19.206 0.069
0.628271642731761 19.168 0.079
0.629756669454764 19.176 0.053
0.6311890703200334 19.264 0.069
0.6317847919954147 19.322 0.088
0.6318971256205259 19.306 0.094
0.6320760715780125 19.282 0.074
0.6360562666995975 19.262 0.076
0.6366333503451642 19.251 0.091
0.636810206694463 19.316 0.091
0.6394312522179462 19.271 0.142
0.6399215251940404 19.363 0.108
0.6401792146534717 19.292 0.085
0.6408058651968531 19.277 0.057
0.6442826264587893 19.208 0.062
0.6444364354783829 19.336 0.112
0.6462641761527266 19.311 0.063
0.6470246041817518 19.258 0.082
0.6490292523203607 19.37 0.072
0.6503076974822761 18.99 0.045
0.6521774621560326 19.284 0.093
0.6522966513402935 19.223 0.065
0.6541073733569647 19.674 0.102
0.6607260684959329 19.473 0.12
0.6658763997329515 19.265 0.077
0.6679395800547354 19.224 0.078
0.6690792869021607 19.193 0.104
0.6692506920689993 19.388 0.118
0.6745097070161137 19.218 0.041
0.6758554950101825 19.25 0.057
0.6782239765989289 19.159 0.062
0.6808276288029447 19.227 0.103
0.680946094623323 19.155 0.072
0.6825601106529575 19.012 0.085
0.6840500219395835 19.225 0.062
0.6872589067888839 19.335 0.07
0.6877973200562337 19.229 0.09
0.6878442646448093 19.189 0.069
0.6878567633402781 19.288 0.077
0.6886693763599396 19.184 0.095
0.6893753198255581 19.519 0.093
0.6902032373718612 19.049 0.082
0.6910918119183407 19.394 0.091
0.691625130655666 19.313 0.059
0.6917467761586522 19.5 0.068
0.6928978182841092 19.202 0.063
0.6934708161779781 19.439 0.121
0.6958366666922302 19.177 0.058
0.6964107626117766 19.271 0.064
0.697433982583334 19.278 0.073
0.6980727722484517 19.295 0.08
0.6997525297492757 19.446 0.113
0.7016423439690698 19.245 0.076
0.702637105667236 19.193 0.061
0.7048281894376487 19.491 0.105
0.7058491450470683 19.176 0.064
0.7058728553797664 19.368 0.085
0.7065986526995403 19.224 0.055
0.7069347520537121 19.406 0.107
0.7072036883600958 19.241 0.06
0.7079484782525469 19.271 0.111
0.7082339449716528 19.313 0.082
0.7083271099727426 19.276 0.078
0.7097822266669027 19.37 0.094
0.7098425399990447 19.299 0.08
0.713219973883497 19.465 0.168
0.7145653980883253 19.255 0.121
0.7179662179432853 19.336 0.156
0.7186336607583144 19.167 0.08
0.7195695285927286 19.289 0.057
0.7205746360996272 19.103 0.068
0.7214013269467614 19.265 0.077
0.72463869018884 19.262 0.065
0.7271296873259416 19.458 0.103
0.7274262211049063 19.243 0.058
0.728410085469477 19.213 0.062
0.7304234679932051 19.19 0.083
0.7305774387878046 19.273 0.056
0.7307187570622773 19.424 0.113
0.7310474874611828 19.366 0.082
0.7311480566268074 19.188 0.075
0.7314004436975665 19.113 0.095
0.7314805886544491 19.318 0.1
0.733369545808273 19.313 0.087
0.7362458403777055 19.369 0.091
0.7373956306564651 19.355 0.066
0.7382617144294272 19.212 0.068
0.743745710929943 19.394 0.129
0.7446446622761869 19.172 0.076
0.7466770394812556 19.382 0.094
0.7492944099403758 19.583 0.117
0.7522327470605887 19.232 0.098
0.7531796869861864 19.298 0.095
0.7559578888276519 19.318 0.077
0.7584422080844888 19.286 0.092
0.758667556347973 19.483 0.092
0.7593970324687689 19.195 0.087
0.7613144600636588 19.281 0.065
0.7614851619891851 19.348 0.124
0.762707184694591 19.156 0.068
0.7642443641198042 19.236 0.114
0.7643013431334111 19.157 0.073
0.7645224568550475 19.398 0.102
0.7646050761404695 19.327 0.081
0.7705227383430611 19.305 0.074
0.7706739192099121 19.449 0.083
0.7706765502844064 19.367 0.053
0.7709029634725084 19.187 0.089
0.7750257064899415 19.341 0.064
0.775192520462042 19.309 0.066
0.7761375224954463 19.288 0.08
0.7769840751498123 19.404 0.123
0.7785005499790714 19.254 0.075
0.782734569650529 19.337 0.07
0.7834029328132601 19.128 0.114
0.7861199722092351 19.406 0.096
0.7861524492154786 19.367 0.062
0.7865590459332452 19.435 0.111
0.788229124845202 19.415 0.094
0.7885349956509344 19.381 0.125
0.7894532824275302 19.34 0.096
0.7905114688264803 19.294 0.119
0.7911747223670318 19.241 0.063
0.7964760676650258 19.096 0.077
0.7966483298978346 19.38 0.096
0.7996624135485035 19.276 0.052
0.8001440707512302 19.411 0.119
0.8005058196249593 19.325 0.068
0.8006144630944618 19.35 0.096
0.8011843496205984 19.458 0.101
0.8018453165705068 19.294 0.089
0.8022227215906241 19.232 0.057
0.8028104976338 19.477 0.078
0.8030996653810689 19.257 0.075
0.8049054366301789 19.267 0.085
0.8051733532838625 19.195 0.096
0.8075625595874953 19.513 0.106
0.8110917086683003 19.475 0.069
0.8133606730325482 19.214 0.064
0.813585159201466 19.347 0.077
0.814541410189122 19.333 0.072
0.8164335038636636 19.218 0.055
0.817526548135902 19.348 0.073
0.818060355119087 19.387 0.108
0.8257621858565471 19.403 0.128
0.8257824101583537 19.406 0.081
0.826011089817257 19.34 0.084
0.8261012498942364 19.299 0.062
0.826112870590805 19.307 0.06
0.8275226398418454 19.355 0.071
0.8296763029766225 19.261 0.074
0.8298751136617284 19.358 0.086
0.8313172082052915 19.326 0.102
0.8318848131693812 19.692 0.132
0.8326007558498532 19.351 0.082
0.8327554428678923 19.322 0.075
0.8345259212192104 19.54 0.152
0.8345431427051153 19.266 0.054
0.8355677741910768 19.441 0.091
0.8357310841201979 19.458 0.115
0.835911611317897 19.358 0.119
0.8369592310700682 19.412 0.09
0.8391566922136917 19.294 0.077
0.8407162308171792 19.226 0.071
0.8420575944201119 19.606 0.155
0.843054091184058 19.26 0.107
0.8432305808219098 19.474 0.113
0.8458046976611513 19.346 0.086
0.848520692254624 19.39 0.178
0.8494059023050795 19.364 0.082
0.8507079333421643 19.244 0.048
0.853999082935843 19.453 0.078
0.8547626885374484 19.376 0.125
0.8548170062967984 19.186 0.114
0.8555969243916479 19.312 0.076
0.8582988721491347 19.272 0.085
0.8610898962360807 19.442 0.106
0.8642007042612931 19.393 0.093
0.8656582772755428 19.428 0.085
0.8665138002452295 19.362 0.111
0.8671137305009324 19.367 0.071
0.867243635124396 19.461 0.085
0.8693654763019367 19.37 0.057
0.8708225560385472 19.624 0.116
0.8725446740709231 19.321 0.074
0.8732126432637415 19.404 0.102
0.8736784444126897 19.382 0.086
0.8754453943838598 19.43 0.081
0.8763453746305458 19.331 0.081
0.8765144751951084 19.392 0.13
0.8772438297801273 19.377 0.048
0.8801469883983373 19.261 0.108
0.8834346297317097 19.333 0.074
0.8836369717182606 19.304 0.095
0.8850430198222057 19.318 0.086
0.8872574996230469 19.403 0.099
0.8876159250530691 19.347 0.078
0.8882200797925179 19.232 0.11
0.8913101371381345 19.466 0.134
0.8918102324651045 19.358 0.063
0.8922264738539525 19.355 0.085
0.8925038842789945 19.39 0.061
0.8938596765192415 19.434 0.107
0.8965875902085827 19.316 0.088
0.8976962495758016 19.446 0.066
0.8977695569865318 19.312 0.06
0.8978627090054943 19.296 0.107
0.8990395661621733 19.456 0.084
0.9014496740464892 19.392 0.057
0.9015080674962519 19.187 0.073
0.9021225709648206 19.362 0.118
0.9041456392142209 19.416 0.085
0.9053045586615553 19.174 0.094
0.9061553056199045 19.325 0.124
0.9104147174653008 19.401 0.106
0.9111083131356281 19.31 0.059
0.9150168353107802 19.343 0.086
0.9156988253735108 19.409 0.078
0.9159254162395882 19.375 0.079
0.9169143600456664 19.388 0.115
0.9174329186462273 19.363 0.104
0.917453651312826 19.386 0.076
0.9178656912599763 19.283 0.057
0.9202633486402192 19.459 0.092
0.9229874095872219 19.391 0.072
0.9234645086962701 19.479 0.083
0.9238916553713352 19.494 0.065
0.926669995946213 19.65 0.136
0.9272757520466257 19.375 0.081
0.927304045623714 19.401 0.102
0.9295573776953461 19.434 0.079
0.9304934123347266 19.394 0.091
0.9324862520370516 19.485 0.11
0.9327082437557692 19.482 0.09
0.9336423434251628 19.464 0.064
0.9346796253221328 19.475 0.098
0.940238710380072 19.223 0.096
0.9423693441949581 19.465 0.07
0.944093561893169 19.533 0.105
0.9470343834036612 19.543 0.081
0.9473413262730901 19.458 0.114
0.9475193669713917 19.354 0.1
0.9480630797079357 19.419 0.085
0.9493182956439341 19.411 0.108
0.9505577368199738 19.636 0.065
0.9510522040991418 19.344 0.111
0.9513777619558823 19.401 0.134
0.9537462133639565 19.308 0.09
0.9547091501844989 19.522 0.101
0.9605510587180106 19.473 0.114
0.9609592107117351 19.453 0.081
0.9621339380214522 19.583 0.094
0.9647300875676592 19.39 0.081
0.9654201779003415 19.353 0.093
0.9686088283870049 19.384 0.095
0.9698757010437475 19.377 0.058
0.9708108425938917 19.439 0.116
0.9712662878755509 19.382 0.062
0.9713561265111821 19.235 0.088
0.9739624248795735 19.5 0.082
0.9750311771113047 19.531 0.126
0.9787211445927824 19.273 0.096
0.9806480429178919 19.346 0.079
0.9821040677925339 19.412 0.073
0.9874372429985669 19.355 0.095
0.9902824310211145 19.458 0.111
0.9910414525656961 19.476 0.123
0.9919882076746944 19.292 0.114
0.9945380684966949 19.378 0.065
0.9962340378888257 19.436 0.107
0.9964025789740845 19.454 0.116
0.997498554827871 19.349 0.089
0.9984817411004769 19.445 0.115
0.9987520960603433 19.436 0.077
