0.002925766957559972 19.281 0.126
0.006627791726714349 19.429 0.107
0.009883553924737498 19.331 0.086
0.010891289661230985 19.317 0.06
0.012309140189245227 19.498 0.101
0.013150681208571768 19.325 0.092
0.01387895747757284 19.331 0.088
0.01398050785792293 19.311 0.104
0.014418077689697384 19.388 0.061
0.014576384921383578 19.35 0.091
0.014592815272408188 19.259 0.102
0.01468378804747772 19.642 0.149
0.015464694522961508 19.399 0.114
0.01623689301777631 19.346 0.127
0.017729072586007533 19.192 0.096
0.01800290793835302 19.306 0.106
0.019875666785083013 19.306 0.093
0.02040664549167559 19.427 0.08
0.02059405385170976 19.307 0.099
0.02118576998509525 19.33 0.1
0.021368148643887253 19.345 0.061
0.022096705607509648 19.36 0.124
0.02210058330456377 19.433 0.065
0.024211937858126475 19.282 0.085
0.02676894913565775 19.379 0.121
0.02844318475035834 19.385 0.07
0.03076541324116988 19.503 0.098
0.030828358145299717 19.296 0.081
0.03250351079077518 19.512 0.083
0.035024205359150073 19.361 0.097
0.03628877708069922 19.342 0.081
0.037148967360735696 19.373 0.091
0.03980021182633209 19.361 0.068
0.04029903856644523 19.394 0.1
0.04398342128479271 19.382 0.082
0.04446968774755078 19.428 0.083
0.04655074090624112 19.375 0.102
0.047209160245984094 19.403 0.09
0.04913153783490998 19.417 0.089
0.04966020237225166 19.468 0.081
0.052535221442667535 19.356 0.046
0.052630924164986936 19.353 0.09
0.053899898144663894 19.44 0.072
0.054347771238099085 19.351 0.101
0.054553563400986604 19.402 0.095
0.055079779135667195 19.464 0.089
0.05525004079390783 19.349 0.071
0.05550973583194718 19.506 0.088
0.05785730968636926 19.413 0.098
0.05884313575006672 19.279 0.092
0.05921897745975002 19.39 0.096
0.060981912323768483 19.471 0.134
0.06119897431744903 19.471 0.096
0.06236987424381368 19.232 0.142
0.06367179910193954 19.371 0.103
0.06414997359388508 19.218 0.097
0.06427364703085914 19.408 0.105
0.06540777935333608 19.383 0.094
0.06602419816590555 19.413 0.074
0.06735624787143024 19.386 0.08
0.06883457290496153 19.41 0.129
0.07423634377119015 19.457 0.101
0.0778925462072948 19.317 0.076
0.0785093054146273 19.366 0.085
0.07900790226085519 19.412 0.091
0.07985463555633032 19.404 0.102
0.08096637555900088 19.335 0.085
0.08224612782578333 19.382 0.104
0.0836135403787921 19.353 0.071
0.0836500666646316 19.552 0.138
0.08698252033718745 19.402 0.095
0.08713647865624807 19.543 0.091
0.08986591842767666 19.295 0.093
0.09001529413581011 19.354 0.118
0.09039498051515693 19.454 0.148
0.09217484996952408 19.291 0.082
0.09278370772153721 19.382 0.136
0.09310174091842782 19.565 0.102
0.09414833615846874 19.392 0.1
0.09579078433125687 19.469 0.077
0.09594695775376749 19.704 0.123
0.09864921301596041 19.563 0.103
0.10339024148743192 19.327 0.106
0.10514214022623491 19.666 0.11
0.1056329359580559 19.446 0.09
0.10609884865334607 19.459 0.082
0.10750250425007835 19.486 0.094
0.1085022420011228 19.339 0.072
0.10976284077150922 19.382 0.076
0.11665857700427296 19.271 0.074
0.11751199751233798 19.597 0.101
0.1180524932769913 19.551 0.104
0.12179341565388313 19.961 0.259
0.1225166266594897 19.518 0.126
0.12372294786291604 19.482 0.09
0.12617799088911852 19.407 0.107
0.12695808956414112 19.272 0.094
0.1283810218628787 19.29 0.077
0.12894766697900195 19.307 0.104
0.12945419195239083 19.476 0.104
0.13090846587874694 19.386 0.119
0.13251379843040922 19.378 0.092
0.13582286781638686 19.455 0.116
0.13734244908118853 19.503 0.078
0.14016369355886127 19.4 0.067
0.14095409549918259 19.357 0.131
0.1419715540487232 19.498 0.097
0.14485521378810517 19.527 0.081
0.14493978131758922 19.354 0.096
0.1457642810582911 19.418 0.158
0.14955595640094543 19.674 0.113
0.15020706235372927 19.428 0.121
0.15039721037283016 19.477 0.12
0.15271177238537348 19.346 0.091
0.15320201561189606 19.416 0.145
0.1536239946490241 19.344 0.075
0.15390300195213058 19.707 0.141
0.15404065693473967 19.366 0.068
0.15407353414593672 19.493 0.101
0.1612865110164421 19.538 0.132
0.1645527238088107 19.314 0.068
0.17000651649686915 19.435 0.131
0.1718814256691985 19.468 0.08
0.17199491396422673 19.319 0.113
0.1722155767638469 19.522 0.13
0.17402372811102396 19.54 0.076
0.17422207098570652 19.493 0.1
0.1743282535171602 19.294 0.104
0.17525901834960678 19.89 0.22
0.17613917247217614 19.41 0.088
0.17654479482553143 19.514 0.072
0.1783165024498885 19.59 0.072
0.18166873325390043 19.467 0.097
0.1818503955637425 19.619 0.129
0.18222847269316844 19.466 0.075
0.18225188238648116 19.623 0.146
0.18727560787738184 19.501 0.101
0.1889015393298905 19.661 0.142
0.18984869386804348 19.455 0.104
0.18991210490821686 19.475 0.1
0.1902695412227331 19.427 0.05
0.19048712396397605 19.489 0.154
0.19079060151489102 19.531 0.137
0.19281109379699046 19.482 0.079
0.19387477858253988 19.642 0.17
0.19647490555689728 19.515 0.13
0.19869463361101225 19.564 0.107
0.20147308881496429 19.472 0.133
0.20776103547177627 19.625 0.153
0.20961004169294029 19.404 0.1
0.21069026352051878 19.508 0.092
0.21083278816695383 19.43 0.055
0.21217414154307335 19.345 0.101
0.2123534579295665 19.475 0.138
0.21416176931415976 19.404 0.086
0.21427706373287947 19.402 0.101
0.21575741588640085 19.473 0.089
0.21690673764896928 19.429 0.122
0.21972651131909515 19.587 0.113
0.22191137187292043 19.49 0.096
0.22202706383905024 19.592 0.146
0.22299275713703537 19.828 0.12
0.22385488562758837 19.382 0.091
0.2277308947959682 19.611 0.101
0.23083667035643884 19.647 0.182
0.23183300544405938 19.628 0.125
0.23258190601518436 19.504 0.05
0.23613894209483988 19.43 0.145
0.23694980068466975 19.436 0.109
0.24077847733769886 19.44 0.161
0.24084900616435334 19.397 0.102
0.24663670862173603 19.437 0.094
0.24787133966310648 19.567 0.095
0.24846907111168548 19.552 0.091
0.24876815784045903 19.222 0.081
0.24922156360116787 19.482 0.124
0.2519122048342979 19.317 0.067
0.25201962828032265 19.606 0.096
0.25427059889261727 19.471 0.081
0.25556350585429755 19.577 0.11
0.2560020257405995 19.459 0.07
0.2565143132742378 19.509 0.083
0.2567865228647861 19.375 0.085
0.2577255104934011 19.513 0.078
0.25983312579592166 19.647 0.196
0.2627616616246087 19.376 0.082
0.2654936035451101 19.401 0.094
0.26603888387035113 19.414 0.131
0.2702657602603722 19.595 0.076
0.27050223104561155 19.439 0.096
0.27184905612739385 19.292 0.059
0.2730535661303293 19.38 0.09
0.2743923233701935 19.249 0.082
0.27857658576431277 19.445 0.102
0.27897494299759273 19.564 0.098
0.2819531585355435 19.437 0.08
0.28202501845225925 19.446 0.096
0.2821288626837486 19.544 0.111
0.2845726841442229 19.296 0.083
0.2848189094966074 19.431 0.085
0.28797218776890077 19.439 0.053
0.28950273530244885 19.443 0.103
0.28999984991060046 19.534 0.092
0.2904452208567818 19.922 0.209
0.2926407707927865 19.466 0.071
0.295815506571671 19.502 0.118
0.3008485420850775 19.343 0.066
0.30359093841161666 19.584 0.1
0.3041508175647323 19.481 0.095
0.304832363357491 19.388 0.077
0.306951310725708 19.436 0.092
0.30756001352165185 19.644 0.203
0.3088820216107706 19.448 0.13
0.3119313896040694 19.468 0.146
0.313188781304234 19.446 0.097
0.31332172666043334 19.54 0.068
0.3151243415322824 19.536 0.094
0.3152666324749589 19.7 0.138
0.31536923960265995 19.489 0.13
0.3166427428495808 19.604 0.107
0.3174548182196304 19.591 0.073
0.3184800816943607 19.541 0.066
0.3187064854628261 19.513 0.101
0.31914360820883303 19.511 0.098
0.3215650208385341 19.506 0.17
0.3220116492084344 19.39 0.101
0.32306448584859027 19.526 0.109
0.3241114214833942 19.443 0.143
0.3246181801587227 19.418 0.107
0.3266095471808512 19.54 0.091
0.3267078092067095 19.528 0.099
0.328924744253527 19.394 0.082
0.330064388923347 19.327 0.111
0.3344213655909698 19.458 0.104
0.3370973825913097 19.638 0.128
0.33861921579227783 19.454 0.11
0.33900545094184054 19.483 0.084
0.34161529565244564 19.382 0.147
0.34197420277087076 19.655 0.183
0.3440577288629356 19.478 0.135
0.34460302062143455 19.563 0.083
0.34511269550603174 19.674 0.09
0.3457611189514864 19.636 0.118
0.3482374657978653 19.392 0.099
0.34878154077523504 19.338 0.099
0.3493031700854772 19.233 0.114
0.3511648712155875 19.43 0.065
0.35164879556577944 19.497 0.14
0.3530173347226082 19.389 0.069
0.35335069833672605 19.661 0.155
0.3572929128222313 19.718 0.089
0.3597289331682987 19.419 0.098
0.36005703465343686 19.282 0.083
0.36180089857589337 19.464 0.084
0.36225394870234595 19.395 0.116
0.36231330931332195 19.58 0.083
0.3625017744161596 19.434 0.16
0.3638864124168322 19.287 0.091
0.3645537467673421 19.321 0.074
0.3667767885799549 19.423 0.098
0.36699903903536324 19.443 0.099
0.36726319348599645 19.666 0.181
0.36865965382094146 19.513 0.083
0.36933064613549504 19.435 0.088
0.3708802785840817 19.396 0.069
0.37253396864252863 19.372 0.077
0.37419021292407706 19.375 0.112
0.377737174363574 19.657 0.156
0.3785298663406138 19.524 0.079
0.37898576155021146 19.49 0.109
0.37986717817693716 19.657 0.147
0.3799181153081008 19.406 0.08
0.38101421498140553 19.503 0.124
0.38202965022173885 19.444 0.136
0.3826123852923047 19.418 0.099
0.38730222641424916 19.454 0.082
0.38805443566525355 19.622 0.113
0.3896947220837319 19.505 0.072
0.3910227950254921 19.471 0.09
0.3943699923238455 19.431 0.067
0.3950058186583192 19.334 0.081
0.39587545740687347 19.469 0.099
0.3989247263325524 19.462 0.114
0.4000273620713415 19.394 0.104
0.4000918832007301 19.305 0.064
0.4032702197873732 19.524 0.114
0.40906074319536856 19.479 0.112
0.4096451573750528 19.293 0.07
0.4106559033116355 19.291 0.07
0.4107250642100553 19.764 0.175
0.41435163460482727 19.522 0.106
0.4154352921232203 19.388 0.075
0.416592407376811 19.357 0.047
0.4172785726168513 19.191 0.062
0.4195036694909504 19.334 0.085
0.4223743231414119 19.348 0.092
0.42309113017108757 19.373 0.079
0.42345286205090815 19.281 0.084
0.4238465261696547 19.417 0.066
0.4243980834562535 19.383 0.062
0.42464232233123766 19.405 0.086
0.4246973175177118 19.433 0.101
0.42524918217714003 19.363 0.062
0.42585680790762126 19.244 0.115
0.42849638499319553 19.283 0.069
0.4302096731735219 19.258 0.077
0.4309214339937171 19.439 0.079
0.43444203396757075 19.589 0.112
0.43489540289738216 19.514 0.088
0.4353686912145349 19.29 0.123
0.4365850654648966 19.358 0.068
0.43852297161356546 19.291 0.084
0.4404340501623665 19.315 0.098
0.44073029942592257 19.049 0.103
0.44108344017513446 19.44 0.078
0.44158488337234303 19.217 0.069
0.44246686901533394 19.385 0.065
0.44296806707916403 19.483 0.082
0.44398626992551726 19.543 0.098
0.44782424644108687 19.408 0.075
0.44820031677227234 19.356 0.079
0.44841156793518167 19.678 0.156
0.4509277865799959 19.513 0.147
0.4539055118466422 19.228 0.066
0.4549628040895186 19.267 0.073
0.4566898401117214 19.382 0.1
0.45764543844779837 19.349 0.111
0.46019921090555727 19.196 0.101
0.46215727014350705 19.157 0.058
0.4628335461820825 19.414 0.072
0.46322353582581854 19.174 0.095
0.46377314347046195 19.183 0.102
0.46583048083630274 19.298 0.101
0.4665369680915319 19.311 0.07
0.46710282191997976 19.134 0.085
0.46896793841915496 19.247 0.09
0.4702357819860481 19.174 0.098
0.4707939985455596 19.275 0.068
0.47264035909574886 19.281 0.068
0.47765832329423574 19.334 0.132
0.48015523220783507 19.346 0.106
0.48304753007505496 19.27 0.112
0.48555685447172436 19.453 0.127
0.48717077942455944 19.174 0.076
0.4887957608261786 19.059 0.073
0.4903987055422476 19.265 0.123
0.4933283933751227 19.138 0.091
0.49341580217515 19.497 0.124
0.4953639099767315 19.115 0.067
0.49558149271979346 19.232 0.054
0.4959930198856455 19.254 0.088
0.49681533755210694 19.207 0.083
0.5010939055300696 19.358 0.102
0.5019397383093747 19.186 0.093
0.5024928730927058 19.217 0.085
0.5092574319860432 19.368 0.1
0.511474923345304 19.158 0.061
0.5118783420311956 19.208 0.099
0.5163015760881535 19.2 0.073
0.5174415776655223 19.275 0.062
0.5195614700041915 19.262 0.082
0.5217092847960885 19.451 0.1
0.5219111167061783 19.203 0.063
0.5223028146665456 19.177 0.1
0.5234433687492128 19.202 0.065
0.5254397692806378 19.222 0.067
0.5258130821675877 19.203 0.089
0.5261153188093886 19.159 0.072
0.5270353091582365 19.219 0.087
0.5272278856609773 19.218 0.11
0.5296222979504819 19.384 0.106
0.5296821831216221 19.519 0.101
0.5316365246999339 19.451 0.129
0.5367848698715534 19.264 0.094
0.5372684004823896 19.328 0.074
0.5409893056767032 19.208 0.061
0.544149995133921 19.209 0.092
0.5457384261189873 19.311 0.09
0.5495712878382619 19.184 0.085
0.5510249838589516 19.246 0.11
0.5560560532157979 19.305 0.145
0.5562650067240611 19.19 0.079
0.5582222962657397 19.148 0.101
0.5624959666374707 19.103 0.049
0.5633773261088209 19.089 0.085
0.563933178962543 19.127 0.091
0.565456142574476 19.15 0.08
0.566536225956952 19.127 0.046
0.5685160107022966 19.089 0.046
0.5688581635895389 19.241 0.063
0.5691359553838993 19.239 0.073
0.5705231272859237 19.283 0.106
0.5714153882490791 19.266 0.098
0.5715682733134599 19.237 0.063
0.5726074891226745 19.118 0.056
0.5735748704173602 19.217 0.1
0.5738814966098289 19.063 0.072
0.5744384227200499 18.937 0.062
0.5749854189871257 19.267 0.107
0.5765838014085602 19.073 0.079
0.5766673693487974 19.144 0.099
0.5779747163724096 19.196 0.069
0.5785756015447987 19.301 0.133
0.5792473229121242 19.26 0.086
0.5806083632433001 19.112 0.047
0.5815941804148679 19.199 0.068
0.5862376352661158 19.19 0.07
0.5870501031058666 19.213 0.086
0.5898334165394772 19.155 0.077
0.5909219437198772 19.292 0.081
0.5957017097616699 19.055 0.086
0.5976664778063423 19.167 0.083
0.5989821987695905 19.195 0.093
0.6001348215886537 19.169 0.08
0.602038257788081 19.251 0.085
0.6043242762589216 19.216 0.091
0.6055286757600697 19.093 0.066
0.6060029877990019 19.141 0.058
0.6069835021971812 19.245 0.09
0.6131689306321277 19.19 0.098
0.6134000808597193 19.14 0.079
0.6135680283477996 19.173 0.079
0.613814397225724 19.211 0.1
0.6145440909531317 19.207 0.065
0.6152961414381934 19.262 0.074
0.616887042819144 19.326 0.135
0.6178052753166412 19.186 0.077
0.6188766761188162 19.188 0.082
0.6203388045087195 19.127 0.077
0.6211980942698574 19.11 0.084
0.621576834406369 19.058 0.079
0.6221248289912182 19.233 0.071
0.6227194156090263 19.26 0.088
0.6241503789151466 19.228 0.144
0.6295302972648642 19.346 0.108
0.6333889260295109 19.25 0.118
0.6338222523700097 19.117 0.089
0.6353708077513147 19.187 0.09
0.6388002342719119 19.186 0.082
0.6391977430612314 19.159 0.081
0.6413872726025147 19.106 0.08
0.642759448124707 19.1 0.075
0.6437136582117091 19.21 0.069
0.6473385774461349 19.415 0.141
0.6476978948176111 19.141 0.067
0.6517181115486892 19.102 0.057
0.6556327223861445 19.184 0.054
0.6595840690761179 19.256 0.081
0.6626026276262564 19.175 0.069
0.663777049615419 19.139 0.053
0.6652265567627182 19.126 0.073
0.6661858283005131 19.129 0.067
0.6721542226914607 19.179 0.051
0.6786393487873283 19.242 0.146
0.680910386119649 19.13 0.073
0.6820964018206723 19.176 0.124
0.6827788659138605 19.1 0.048
0.6829030423195945 19.163 0.074
0.6837104321939478 19.169 0.079
0.6838119508229283 19.224 0.077
0.6842406539053627 19.273 0.07
0.6849051101544319 19.115 0.091
0.6886863717354572 19.176 0.059
0.6892655098072282 19.141 0.057
0.6894760077866522 19.217 0.117
0.6908222803649551 19.099 0.063
0.6910571164953581 19.219 0.085
0.6941370881759212 19.231 0.101
0.6948027281814575 19.249 0.091
0.6954861740814522 19.304 0.096
0.6977343935996032 19.116 0.096
0.699523533703541 19.154 0.07
0.7014847263435513 19.168 0.063
0.7023189654100861 19.171 0.105
0.7060961803699684 19.281 0.096
0.7063873059469188 19.146 0.088
0.711862897805986 19.163 0.062
0.7127412343779724 19.112 0.074
0.7130461243104946 19.209 0.093
0.7138447058623569 19.165 0.074
0.7141914210424147 19.187 0.068
0.7143480453578377 19.231 0.063
0.7207309364712273 19.103 0.092
0.7208907145104604 19.212 0.085
0.7236537630833482 19.105 0.071
0.724053906114932 19.035 0.106
0.7251395869425323 19.2 0.059
0.7260228134991848 19.121 0.05
0.7263219904052676 19.167 0.075
0.726926636418284 19.055 0.088
0.7292006953830423 19.202 0.075
0.7307138917230986 19.211 0.074
0.7314074490968778 19.109 0.064
0.7319299586051784 19.11 0.081
0.7326897251041373 19.346 0.119
0.7330777333500009 19.139 0.06
0.733696330431485 19.246 0.096
0.7363236660421535 19.213 0.088
0.7364627499191556 19.132 0.125
0.7373332815659523 19.168 0.068
0.7382843341219996 19.339 0.05
0.7393214453313703 19.206 0.094
0.7393580770349217 19.193 0.11
0.7394914618544135 19.087 0.072
0.7402281666800263 19.284 0.092
0.7414646609940974 19.145 0.067
0.742963389333454 19.088 0.086
0.7446534812024765 19.181 0.06
0.7450632187628798 19.401 0.113
0.7451821711420052 19.459 0.093
0.7478162269926543 19.139 0.079
0.751054756119629 19.255 0.062
0.7517360516976623 19.097 0.072
0.7532576931080257 19.231 0.065
0.7549094817877631 19.161 0.105
0.7551080050197925 19.12 0.055
0.7583605449053721 19.18 0.065
0.7587614931962889 19.224 0.073
0.7595150424294843 19.199 0.092
0.7614201132819289 19.176 0.068
0.7636517906812514 19.254 0.107
0.7696613308035012 19.253 0.099
0.771893459095736 19.179 0.069
0.773079892667738 19.151 0.068
0.7758565836647904 19.149 0.07
0.7760040059183666 19.144 0.054
0.7762859662670962 19.182 0.064
0.7778375521666021 19.289 0.089
0.7799536696929863 19.217 0.087
0.7819068757798959 19.327 0.088
0.7868382161159388 19.387 0.118
0.7871634890307178 19.198 0.073
0.7877345884771785 19.146 0.062
0.7883074457804469 19.284 0.077
0.7898005423767245 19.234 0.076
0.7901203397777863 19.145 0.063
0.7907491626392584 19.096 0.063
0.7917873801306996 19.185 0.061
0.7934724105471105 19.173 0.068
0.7951063196633186 19.192 0.06
0.7985766417004925 19.149 0.103
0.8000075884956459 19.232 0.111
0.8000242030138907 19.246 0.077
0.8003336018937262 19.186 0.056
0.801160284981961 19.254 0.123
0.8019657214026665 19.222 0.12
0.8044192288452905 19.305 0.109
0.8049682636628859 19.232 0.07
0.8070929151654127 19.351 0.114
0.8072081079717464 19.231 0.058
0.8111434663169348 19.515 0.162
0.8126490698450652 19.375 0.134
0.8132379434355244 19.208 0.071
0.8151185453116341 19.197 0.058
0.8151487349368836 19.289 0.062
0.8155722330429853 19.181 0.076
0.8155772132067796 19.124 0.046
0.816145200844403 19.346 0.073
0.8168558312518144 19.166 0.072
0.8185338264411257 19.146 0.054
0.8193687564598804 19.393 0.088
0.8210287374495238 19.129 0.054
0.8218732797777193 19.32 0.098
0.8252630961515024 19.257 0.089
0.8278716720051307 19.205 0.096
0.8299696013273206 19.243 0.069
0.8310922225009563 19.25 0.079
0.831336015560737 19.26 0.083
0.8314952156906656 19.182 0.061
0.8322965153129189 19.141 0.077
0.8333530099152995 19.142 0.126
0.8340301153475593 19.244 0.068
0.8344697084903601 19.479 0.136
0.8349002049908449 19.24 0.067
0.8349330123455729 19.245 0.071
0.8352656608803954 19.461 0.11
0.8400247695917642 19.338 0.108
0.8429935379317612 19.332 0.091
0.8437617850631796 19.334 0.084
0.8460414884666534 19.32 0.094
0.8482890271970973 19.252 0.088
0.8494989555601933 19.123 0.062
0.8496558707338409 19.431 0.078
0.8513760836412985 19.272 0.069
0.852403345024868 19.338 0.088
0.8571997344770352 19.186 0.069
0.8591135196620598 19.265 0.097
0.8601813907844189 19.194 0.064
0.8602515550819589 19.178 0.064
0.8616528812708566 19.304 0.065
0.8626771413455572 19.326 0.122
0.8639991824602475 19.221 0.089
0.8642542275638334 19.15 0.082
0.8644730474097742 19.205 0.094
0.8674961352262471 19.26 0.096
0.868184131988528 19.336 0.089
0.8691370973538142 19.302 0.082
0.8723786646223743 19.208 0.072
0.8731676211591548 19.377 0.124
0.874239489365209 19.295 0.07
0.8789684897419647 19.178 0.072
0.8793262131039228 19.35 0.145
0.8810070546460338 19.32 0.061
0.8817198887227278 19.367 0.104
0.8858405305054475 19.276 0.087
0.8881468239960668 19.215 0.084
0.8888190000670875 19.155 0.052
0.889255778610277 19.363 0.158
0.8892591736603208 19.447 0.098
0.8926397397044639 19.255 0.058
0.892965392385122 19.219 0.063
0.8934693224910006 19.284 0.072
0.8948902352876758 19.188 0.077
0.8958086976799677 19.313 0.148
0.8975762367499556 19.24 0.07
0.9009939666848368 19.029 0.074
0.9017799879584345 19.306 0.087
0.9019921523413359 19.205 0.103
0.9031332106624177 19.322 0.125
0.9036467670539423 19.281 0.074
0.9042158114370977 19.485 0.141
0.9063243971140764 19.511 0.124
0.9066895494433993 19.251 0.099
0.9069169566118944 19.267 0.068
0.906931757390339 19.345 0.125
0.9074951128759494 19.333 0.108
0.9096172215886327 19.167 0.078
0.9108168250950257 19.416 0.104
0.9120225315600692 19.207 0.081
0.9122718852322578 19.252 0.069
0.9139150129230984 19.201 0.109
0.914623268194191 19.211 0.097
0.9147262690603384 19.269 0.109
0.9158215609313629 19.402 0.086
0.9164177212333016 19.397 0.071
0.9184975258594932 19.578 0.119
0.920081823853252 19.436 0.077
0.9265772366998135 19.162 0.06
0.9284991227505088 19.369 0.098
0.9297171964299196 19.385 0.076
0.9316741125549015 19.236 0.085
0.9316937664843863 19.409 0.111
0.9319803996258997 19.171 0.091
0.9324247671720514 19.253 0.079
0.933248640742022 19.399 0.11
0.9350254466517072 19.263 0.077
0.9359490492424811 19.305 0.071
0.9382382531875919 19.224 0.084
0.9384545505636197 19.254 0.103
0.9404650698143087 19.383 0.056
0.9445010132476455 19.695 0.125
0.9473090573046647 19.485 0.101
0.9492246854442783 19.212 0.055
0.9493505955742876 19.416 0.115
0.9494646566981828 19.277 0.086
0.9503115500292552 19.252 0.077
0.954277172937509 19.33 0.083
0.9558387598117406 19.693 0.198
0.9567046059619315 19.302 0.088
0.9572285646827368 19.563 0.129
0.958142392384616 19.272 0.097
0.9594890078951721 19.497 0.087
0.960743968573297 19.294 0.103
0.9627000781692914 19.247 0.066
0.9636421661743952 19.304 0.107
0.9665916743233538 19.377 0.06
0.967809841991766 19.61 0.174
0.9688534283050103 19.344 0.111
0.9711645216011675 19.222 0.124
0.9742490187418298 19.547 0.17
0.9770949201738404 19.382 0.086
0.9774160766100977 19.451 0.095
0.9789426727802493 19.506 0.139
0.9797650476011768 19.468 0.101
0.9812194764854212 19.376 0.116
0.9866680438753974 19.216 0.065
0.9892134995461674 19.357 0.053
0.9898742165423755 19.195 0.076
0.9906633991613489 19.364 0.099
0.9923290995302523 19.367 0.085
0.9930460704053985 19.266 0.12
0.9932531847689461 19.444 0.091
0.9954867584674503 19.463 0.094
0.9975266671644931 19.393 0.067
0.9978930553243117 19.431 0.089
0.9983901496107137 19.424 0.109
0.9989899780375708 19.353 0.103
