0.0008342919472852373 18.783 0.069
0.0022032656552255503 18.84 0.054
0.0022956816137593705 18.83 0.054
0.0028451932475945796 18.812 0.066
0.0036364441184559837 18.68 0.052
0.004087281491592876 18.769 0.075
0.005090109571028734 18.852 0.101
0.005596322790552222 18.709 0.047
0.01104634816692851 18.809 0.053
0.011331557768244238 18.665 0.074
0.012087338366654876 18.762 0.044
0.01502311921922228 18.755 0.082
0.015141160920393304 18.856 0.073
0.016017864330024167 18.777 0.079
0.01643104923732608 18.77 0.088
0.016981600004328357 18.599 0.053
0.01856427989423537 18.792 0.057
0.02290239306694275 18.637 0.087
0.023238233143274556 18.805 0.089
0.023372851477688528 18.706 0.078
0.024046600011388364 18.778 0.047
0.026370529963969602 18.827 0.069
0.026671013582017622 18.7 0.069
0.027631354751065373 18.761 0.061
0.030745617683351156 18.916 0.065
0.032796979568956885 18.684 0.053
0.03346824037362239 18.749 0.052
0.033786209858590155 18.839 0.073
0.03419705424767017 18.977 0.061
0.03442160080976464 18.787 0.048
0.03485256477688381 18.826 0.043
0.03917666203687986 18.737 0.065
0.04107979914169846 18.732 0.056
0.04269136195489409 18.918 0.111
0.04857438008093595 18.801 0.084
0.04898347156449745 18.857 0.08
0.04983856597755221 18.769 0.079
0.05097206986647507 18.847 0.106
0.05787121201410628 18.781 0.071
0.060649603931778984 18.875 0.057
0.06590677998519823 18.998 0.106
0.06958381090134935 18.847 0.058
0.06971060729119927 18.827 0.083
0.06992457449905487 18.918 0.093
0.07131775997731893 18.696 0.084
0.07344525683947722 18.677 0.058
0.07373721585645399 18.775 0.06
0.07644693475685926 18.824 0.094
0.07740474614365667 18.879 0.057
0.07937332382698514 18.754 0.094
0.08894734672776394 18.833 0.106
0.08955304571190936 18.819 0.066
0.09016278495073493 18.795 0.062
0.09068104343623418 18.778 0.093
0.09093682829370664 18.87 0.079
0.0917246017825164 18.749 0.063
0.09267796221956814 18.741 0.066
0.0927519026590744 18.803 0.087
0.092833076199895 18.911 0.054
0.09493482361813221 18.848 0.071
0.09638006220120587 18.785 0.049
0.10153695830013021 18.836 0.103
0.10478423756103439 18.702 0.113
0.11137018899080431 18.891 0.07
0.11154029245244601 18.836 0.088
0.11205273180803488 18.677 0.056
0.1124905280657913 18.678 0.075
0.11273462267490686 18.912 0.066
0.11372635554835142 18.883 0.058
0.11675235162419995 18.832 0.048
0.11842697367228538 18.784 0.073
0.11958637298630492 18.805 0.057
0.12075306353654014 18.812 0.093
0.123708474083287 18.81 0.067
0.12471606484723452 18.767 0.054
0.1257910829208413 18.794 0.056
0.1269461215879346 18.91 0.071
0.12730114849728125 18.849 0.073
0.1274186508362618 19.073 0.087
0.12757606328159454 18.826 0.083
0.13176672112422239 18.781 0.1
0.13209590085989475 18.842 0.076
0.134822394312323 18.667 0.053
0.13938747621250513 18.924 0.085
0.14343669828394923 18.745 0.093
0.1443145632974847 18.912 0.073
0.14434369239006628 18.864 0.089
0.14717877639577637 18.849 0.061
0.1473229844314119 18.81 0.057
0.14905214731334127 18.838 0.069
0.1538217897841605 18.775 0.063
0.15427405101490876 18.766 0.061
0.15444192157247016 18.874 0.076
0.15594904047611635 19.1 0.091
0.15650499102048343 18.746 0.049
0.15771316397604096 18.903 0.094
0.16622953962632891 18.815 0.058
0.17275680112379632 18.901 0.093
0.17356753201966058 18.849 0.075
0.17623709464078274 18.738 0.07
0.17787264779417455 18.875 0.067
0.17855237629191834 18.7 0.082
0.1796918366344471 18.775 0.07
0.1825838452723474 18.829 0.078
0.18316701736785035 18.902 0.082
0.18857943110288033 18.915 0.065
0.18962722762535122 18.783 0.066
0.189677530282097 18.872 0.043
0.19213355867213977 18.908 0.107
0.19241274625619553 18.733 0.067
0.19535651234764373 18.839 0.06
0.2000076541717135 18.884 0.085
0.20024019462925935 18.707 0.051
0.20373373583788634 18.778 0.063
0.20504912742671877 18.806 0.075
0.20516161225350515 18.795 0.067
0.20600995724998938 18.811 0.07
0.20897017007519025 18.916 0.097
0.21228542466451472 18.856 0.056
0.21579674493113998 18.721 0.082
0.21666413697766984 18.592 0.079
0.22399080653394776 19.089 0.091
0.22481987316496088 18.968 0.067
0.22573754435688898 18.744 0.075
0.22618084678015293 18.786 0.062
0.22640731573937956 18.787 0.047
0.22677662701335066 18.772 0.06
0.22906547264847177 18.664 0.067
0.22933718219064758 18.859 0.082
0.23008496889360686 18.876 0.057
0.23264475339055934 19.007 0.094
0.23314230965206661 18.795 0.076
0.23372050009038503 18.821 0.069
0.2397147028868858 18.903 0.062
0.2415695661184145 18.733 0.063
0.24205398353387864 18.881 0.088
0.24967702843332518 18.799 0.079
0.2524607223977 18.808 0.085
0.2528216315422469 18.845 0.054
0.2588367802727589 19.006 0.102
0.2605975092674271 18.825 0.06
0.26121377029357973 18.863 0.082
0.26185043789155316 18.821 0.076
0.26231986582661193 18.751 0.061
0.2624572415716102 18.834 0.089
0.2628988653095803 18.869 0.065
0.26383945431371103 18.833 0.054
0.2666248987252402 18.845 0.076
0.26688034213930223 18.724 0.062
0.2669270610276726 18.916 0.106
0.2669419441217542 18.811 0.073
0.2670896295385319 18.826 0.063
0.26753052465210203 18.862 0.073
0.2685785104376919 18.816 0.07
0.27030353287500475 18.972 0.082
0.27124892538631684 18.716 0.078
0.2726558719496097 18.859 0.071
0.27281384107209306 18.749 0.069
0.2786515641664664 18.876 0.067
0.2791726345103598 18.931 0.062
0.28430690845016215 18.893 0.066
0.2846579990327882 18.994 0.111
0.2870969349378356 18.897 0.079
0.288389790981455 18.777 0.052
0.28919650513307715 18.796 0.085
0.2895466629706789 18.764 0.058
0.291779077542742 18.821 0.091
0.29600347006726224 18.827 0.065
0.2986730326883844 18.96 0.071
0.2987099985793975 18.95 0.062
0.30110250258985616 18.914 0.052
0.30184528166773816 19.032 0.088
0.30203676526889467 18.829 0.063
0.3044953877742955 18.991 0.078
0.30470830965259665 18.762 0.087
0.3049199276847503 18.895 0.066
0.30882623567958944 18.968 0.079
0.3101279379452535 18.743 0.067
0.3105944018934679 18.925 0.071
0.3163856906357978 18.802 0.061
0.31771945755463094 18.825 0.07
0.3192892596234742 18.946 0.079
0.32022277016494627 18.872 0.062
0.3236404398803643 19.096 0.138
0.32367124519987556 18.883 0.071
0.32505561042580666 19.111 0.149
0.32717115975447086 18.945 0.078
0.3283037308992789 18.919 0.069
0.3284868123691922 18.967 0.083
0.3285229605598943 18.95 0.045
0.3287958638720738 18.814 0.057
0.32933441142631636 19.039 0.109
0.32992990712409664 18.925 0.071
0.3306665664531465 19.061 0.093
0.33149133057395375 18.924 0.071
0.33168364053290134 18.977 0.094
0.3330529185477644 18.911 0.079
0.34011822783031675 18.835 0.065
0.34158028056026524 18.89 0.084
0.3434272414297084 18.884 0.073
0.3485521446373241 19.232 0.142
0.3491082844457196 18.88 0.144
0.3494367355551731 19.011 0.079
0.3541773466640734 18.699 0.063
0.35522146168659674 18.825 0.047
0.3567755543062958 18.966 0.071
0.3583506015156672 18.913 0.093
0.35840303068835055 18.887 0.067
0.3620521299671964 18.937 0.053
0.3642373988714098 18.797 0.093
0.3645702749627162 18.74 0.082
0.3655771717249081 18.95 0.071
0.3693472235245281 18.888 0.08
0.36966260755070834 18.864 0.082
0.3730547319410107 19.026 0.085
0.3735551606569061 18.94 0.074
0.37376948907967744 18.874 0.065
0.37421372424796573 19.068 0.074
0.3770827235421166 18.785 0.061
0.37850488101685187 18.99 0.093
0.3820618575300614 18.892 0.071
0.38273137408577895 18.9 0.096
0.38393778793852107 18.855 0.058
0.38394395716750296 18.938 0.076
0.38976244394962123 18.925 0.106
0.3899036644879743 18.959 0.076
0.3919781990134652 18.929 0.06
0.39463147199603554 18.954 0.083
0.3982334812862973 18.895 0.078
0.398336183407082 18.922 0.056
0.39836009087139246 19.016 0.078
0.40075554775376077 18.968 0.092
0.40414170083658973 18.933 0.044
0.40476704314005474 18.877 0.071
0.405206589844056 18.876 0.079
0.4053326662633481 18.918 0.091
0.4063138049268673 18.96 0.06
0.40907385245373007 18.813 0.075
0.4100950904885394 18.846 0.062
0.41105007147325523 18.79 0.058
0.4130053680692072 18.847 0.084
0.41430603985827474 18.833 0.089
0.41469537297962233 18.837 0.071
0.4148534484893389 18.89 0.06
0.41500257384723227 18.827 0.039
0.4164180140751341 18.802 0.048
0.4171685829296621 18.804 0.073
0.41954265224467235 18.922 0.074
0.4208117900889192 18.858 0.058
0.42505189206349314 18.633 0.066
0.4275693826521092 18.923 0.066
0.4277072742488599 18.926 0.063
0.4328615366366648 18.846 0.076
0.4334887951390556 18.924 0.058
0.4341443205230462 18.811 0.065
0.43557045514899073 18.721 0.061
0.4373562210430464 18.757 0.069
0.4375407746219935 18.699 0.074
0.4385542080244704 18.684 0.04
0.4386904617613254 18.883 0.061
0.4425057863109032 18.753 0.092
0.44268480775463104 18.933 0.102
0.44357426774331543 19.008 0.137
0.443708427132151 18.713 0.073
0.4450985273824699 18.67 0.079
0.4462253635028901 18.755 0.069
0.44725687038680917 18.683 0.067
0.4493449371393581 18.685 0.071
0.449989124831518 18.595 0.044
0.45831619907494314 18.779 0.096
0.4598552044808457 18.713 0.051
0.4608804765730383 18.813 0.075
0.4617498887464535 18.717 0.074
0.46410551593999116 18.633 0.049
0.46475581595404947 18.727 0.066
0.46608856725197256 18.641 0.042
0.4704634830213763 18.682 0.056
0.47132735686227534 18.725 0.062
0.472068541360386 18.651 0.069
0.4725513864796085 18.655 0.066
0.47415245281445095 18.519 0.066
0.47510342325222155 18.705 0.065
0.475189400299314 18.656 0.062
0.47885581969239865 18.665 0.065
0.47917436936495506 18.729 0.075
0.47960079950462386 18.739 0.066
0.4797224831108906 18.515 0.051
0.481099826782156 18.768 0.078
0.48110287118743145 18.657 0.075
0.48176288957347424 18.75 0.084
0.4838188830162835 18.686 0.054
0.48421086716098216 18.573 0.054
0.4858213908419202 18.662 0.069
0.485836314759581 18.761 0.075
0.4907128381610164 18.603 0.048
0.49383389256217924 18.592 0.048
0.4953261531109092 18.559 0.078
0.4970740129410842 18.851 0.107
0.5040669033733138 18.672 0.048
0.5062636522106914 18.646 0.056
0.5072601564243087 18.617 0.045
0.5074349161823193 18.558 0.045
0.5088592088295627 18.503 0.044
0.5097185921249547 18.534 0.063
0.5101425753600779 18.614 0.063
0.5129394910472911 18.596 0.061
0.5169925925374628 18.609 0.084
0.517752039781044 18.55 0.065
0.5190996741721392 18.579 0.043
0.5192537329357947 18.467 0.057
0.5205304304690799 18.603 0.06
0.5218247041711948 18.575 0.058
0.5286996184659074 18.524 0.075
0.5293937562582869 18.517 0.071
0.530547879493497 18.58 0.073
0.5313456496924118 18.437 0.056
0.5329933112161598 18.616 0.065
0.5335984943476433 18.526 0.069
0.5346932645852576 18.621 0.071
0.5394987917634353 18.544 0.051
0.540476257584487 18.366 0.052
0.5418266666993077 18.553 0.049
0.5421254493521701 18.582 0.065
0.5440755750278186 18.576 0.073
0.544335959275486 18.644 0.042
0.5456071259031887 18.542 0.062
0.5459720777607799 18.574 0.039
0.546519477734364 18.604 0.057
0.547623911896153 18.539 0.047
0.5477064771266669 18.59 0.045
0.5564170678189839 18.536 0.073
0.5581155317686353 18.576 0.094
0.5595512870349921 18.676 0.047
0.5635556148836258 18.565 0.043
0.564080312277838 18.748 0.067
0.5654690703186134 18.652 0.069
0.5661504280196823 18.543 0.042
0.5665115239698935 18.511 0.036
0.568555178954739 18.473 0.045
0.570856389016626 18.522 0.04
0.5714221494645244 18.687 0.084
0.5733071809218018 18.565 0.052
0.5740363708655423 18.415 0.052
0.5773667126659348 18.643 0.048
0.5785811204141282 18.564 0.039
0.5812914454700149 18.701 0.067
0.5814206083468889 18.665 0.071
0.5821256929066294 18.605 0.069
0.5869859736912986 18.609 0.051
0.5874287194392309 18.627 0.047
0.5925765825122653 18.638 0.071
0.5925945335220604 18.479 0.042
0.5963417503862729 18.593 0.061
0.5967732054650696 18.555 0.062
0.5996044273633743 18.582 0.036
0.6015405791786179 18.534 0.051
0.604002163214318 18.543 0.04
0.6080750082137456 18.651 0.052
0.6158665867342279 18.578 0.045
0.6245152909086755 18.737 0.066
0.6256073841541365 18.551 0.075
0.6278626509747482 18.638 0.048
0.6279388750253929 18.668 0.052
0.6320002969996494 18.747 0.07
0.6325818336918019 18.582 0.063
0.6347824359800143 18.749 0.079
0.6364901049064429 18.624 0.056
0.6375826657540529 18.567 0.073
0.637685113047155 18.835 0.075
0.6385508437206227 18.658 0.065
0.638609492831165 18.62 0.063
0.6386668974610075 18.565 0.036
0.6388274371884108 18.53 0.071
0.6400277882003138 18.581 0.063
0.6402009274097509 18.598 0.053
0.6419684565298667 18.545 0.042
0.65076030363889 18.574 0.052
0.6544907471798069 18.503 0.06
0.6556003176356171 18.606 0.042
0.6560766174570745 18.667 0.069
0.6569533208667053 18.646 0.058
0.6603671457887685 18.67 0.07
0.6614039040114221 18.681 0.073
0.6622280718629554 18.515 0.051
0.663649385667668 18.564 0.049
0.668518732875782 18.578 0.054
0.6696241888557779 18.629 0.042
0.6705533721469692 18.585 0.047
0.6720451081873762 18.602 0.051
0.6725882872988223 18.56 0.079
0.6730600136997964 18.534 0.066
0.6811430032175849 18.719 0.093
0.6826378665400625 18.632 0.074
0.6838352560225758 18.633 0.042
0.6859529664916408 18.651 0.056
0.6872628915098176 18.674 0.06
0.6875852055572977 18.704 0.06
0.6878640974910013 18.603 0.058
0.6888983531298436 18.74 0.069
0.6892997550266955 18.671 0.076
0.6902599873501458 18.605 0.048
0.6935857495336677 18.685 0.08
0.6947367219754597 18.583 0.036
0.695288156006427 18.659 0.076
0.6971520287543171 18.609 0.052
0.6982224560942996 18.546 0.044
0.6993257942167475 18.789 0.061
0.699343311021039 18.616 0.048
0.6993795569424037 18.675 0.052
0.700216496226858 18.662 0.071
0.7030999864609839 18.454 0.045
0.7037474053640835 18.566 0.058
0.7067424068563923 18.705 0.085
0.7093297654619164 18.643 0.043
0.7127770615816189 18.451 0.053
0.7155784937822318 18.622 0.057
0.7204568505067073 18.607 0.049
0.7215442070373683 18.568 0.076
0.7218127088790425 18.607 0.049
0.7241372437592872 18.493 0.057
0.725358001343011 18.65 0.056
0.7276408249590531 18.639 0.097
0.7279073128711389 18.66 0.083
0.7288998399344564 18.679 0.056
0.7291299755388536 18.746 0.061
0.729822960383899 18.641 0.051
0.7332899344492034 18.691 0.047
0.7335258867242374 18.575 0.058
0.735174113578978 18.664 0.087
0.7361035009889747 18.696 0.065
0.7396466162272191 18.736 0.089
0.7408266348875259 18.583 0.048
0.741777042450849 18.646 0.062
0.7418392097670221 18.713 0.066
0.7422718413017719 18.68 0.052
0.7437260065244118 18.619 0.053
0.7438983849397118 18.613 0.052
0.7441204697415742 18.778 0.096
0.7458033875345791 18.676 0.051
0.7458193097600088 18.698 0.049
0.7461553786952209 18.609 0.058
0.7476208432417479 18.66 0.069
0.751286166594582 18.553 0.049
0.7536972500538468 18.671 0.075
0.7548904990917435 18.676 0.054
0.7551190079502703 18.684 0.074
0.7565556959616515 18.626 0.048
0.7566488974534877 18.56 0.052
0.7605401330902168 18.651 0.053
0.7623234038283044 18.677 0.048
0.7623475896307355 18.742 0.053
0.7629160443848377 18.651 0.048
0.7668895904253077 18.656 0.073
0.7679658529777953 18.743 0.065
0.77516816316529 18.744 0.053
0.7795536669464127 18.61 0.062
0.779709985811678 18.729 0.071
0.7839095443232509 18.651 0.058
0.7842887718898055 18.681 0.063
0.7845882336887371 18.662 0.051
0.7879065413399076 18.68 0.075
0.7901475064827537 18.553 0.047
0.7928944955810948 18.742 0.07
0.7933887377566862 18.755 0.075
0.7945488261020728 18.736 0.079
0.7970564573070078 18.65 0.049
0.7976292393104814 18.651 0.049
0.7998829189800745 18.674 0.043
0.8010745722094725 18.64 0.076
0.8015057811171573 18.701 0.082
0.8040234461141154 18.781 0.089
0.810021034759302 18.728 0.044
0.8138684895257029 18.709 0.061
0.8146760473473478 18.718 0.073
0.8180993444702835 18.622 0.076
0.8239078976484961 18.686 0.051
0.8241269231903061 18.653 0.06
0.82736493190896 18.822 0.07
0.828093384569911 18.756 0.054
0.8285159192073479 18.689 0.06
0.8290681733979 18.552 0.052
0.8346666276729593 18.712 0.044
0.836222897515654 18.604 0.058
0.8376724633471895 18.75 0.076
0.8396396097450634 18.647 0.062
0.8419773094401535 18.736 0.047
0.8424060640154494 18.703 0.045
0.8467208672236666 18.692 0.065
0.849338841885583 18.79 0.053
0.8529000887410803 18.663 0.04
0.8536993335064835 18.721 0.073
0.854614623355701 18.722 0.053
0.8554397128364144 18.64 0.058
0.8571722961914929 18.715 0.074
0.8588529810822365 18.735 0.066
0.8615082172864277 18.689 0.083
0.8636025361429347 18.623 0.071
0.8647522232831761 18.6 0.048
0.8654266917865243 18.669 0.044
0.8670440304467775 18.672 0.073
0.8696424422059863 18.794 0.07
0.8696828792808446 18.845 0.06
0.8727880349679253 18.737 0.043
0.8784275807238373 18.615 0.061
0.8791271591180703 18.707 0.052
0.8806861034954636 18.754 0.058
0.8826926206384087 18.642 0.051
0.8854827300028774 18.586 0.042
0.8876885687741378 18.749 0.067
0.8903100208171963 18.688 0.065
0.892581103476914 18.606 0.057
0.8930568639343619 18.879 0.101
0.8949311008045697 18.711 0.051
0.895896358065329 18.663 0.085
0.8988009661861724 18.66 0.052
0.8990332369621683 18.663 0.058
0.902359242856619 18.688 0.07
0.9062912582412537 18.729 0.053
0.9068396416687392 18.77 0.085
0.9080160765606706 18.724 0.057
0.9082418280067941 18.787 0.063
0.9113416086556754 18.866 0.069
0.9114541763583475 18.71 0.049
0.912481485891476 18.798 0.061
0.9133152088188581 18.731 0.069
0.9205554510390357 18.696 0.066
0.9259129058182225 18.669 0.061
0.9264291899680757 18.68 0.057
0.930901514467223 18.958 0.07
0.931090412607773 18.72 0.061
0.9325720938031736 18.694 0.066
0.9349828098484068 18.865 0.083
0.9379296203442209 18.717 0.088
0.9449056904295503 18.764 0.06
0.9465255489858464 18.729 0.085
0.949484837723503 18.666 0.056
0.9518749517346805 18.723 0.047
0.9539538221661132 18.816 0.06
0.9553735661329483 18.684 0.071
0.9567931381498056 18.585 0.051
0.9583219551250295 18.608 0.062
0.9599421513839843 18.798 0.069
0.9601050873079657 18.724 0.044
0.9603226382841967 18.78 0.07
0.9608158017317692 18.763 0.061
0.9608216035485384 18.887 0.122
0.9613242985633406 18.758 0.06
0.9662763891501527 18.753 0.062
0.9672278445032134 18.621 0.07
0.9673501070665225 18.867 0.111
0.9680555850072778 18.672 0.047
0.9698142530514815 18.691 0.043
0.9698929969981691 18.617 0.051
0.9699341775540233 18.742 0.063
0.9712911319666091 18.796 0.067
0.9726702916477734 18.718 0.065
0.9727765119723699 18.724 0.058
0.979258633075915 18.721 0.061
0.9793198416782616 18.75 0.056
0.98191124299683 18.744 0.058
0.9830591054706019 18.765 0.067
0.983687231154363 18.734 0.07
0.9855251738517836 18.803 0.056
0.9859364920403095 18.696 0.074
0.9902084298100817 18.746 0.075
0.9924989689825452 18.702 0.065
0.9926943307746114 18.744 0.057
0.9945948168551695 18.779 0.049
0.9948520255711628 18.756 0.053
0.9952949346125024 18.673 0.056
0.997004371298317 18.805 0.052
0.9977829224981178 18.837 0.084
0.9978939030488618 18.961 0.082
0.9994562852125455 18.906 0.07
0.9999771922630316 18.818 0.069
