0.0007136556736440092 19.077 0.051
0.002046843466723569 18.95 0.067
0.004326789209153414 19.15 0.053
0.004755825994288809 19.014 0.072
0.007151776872342364 18.946 0.054
0.008223518952399811 19.015 0.044
0.008688506315047473 19.074 0.105
0.010344893615547246 18.945 0.06
0.011577634957939065 18.986 0.056
0.013002758241236645 18.877 0.087
0.01308563234342719 19.125 0.089
0.0142404451420588 19.053 0.057
0.015559651810144626 19.158 0.061
0.019860944423635285 19.045 0.068
0.020569797166808623 18.89 0.087
0.021279117945959936 19.099 0.078
0.021696744496148224 19.152 0.126
0.022511882053913634 19.127 0.049
0.023039139440152123 19.14 0.096
0.024517374183596896 19.045 0.051
0.025088684697402552 19.028 0.09
0.025704002018664962 18.989 0.047
0.02613816392968138 19.026 0.085
0.026164933177278638 19.014 0.073
0.02949528052195083 18.977 0.056
0.03309733634469003 19.177 0.104
0.033957352620200165 19.036 0.082
0.0342078508114354 19.058 0.062
0.03539231123922937 18.991 0.069
0.0392292454638663 18.991 0.05
0.04193353483096862 19.079 0.074
0.04376871391232262 19.039 0.079
0.04492240733034114 19.039 0.062
0.04568121759657506 19.117 0.068
0.04706236708752831 19.14 0.061
0.047101760465375175 19.069 0.042
0.052067796517258014 19.034 0.066
0.052815887021461005 19.043 0.067
0.05507547388642697 19.045 0.083
0.05906648264535752 19.087 0.078
0.05957964615972733 19.2 0.097
0.05968934568718387 18.998 0.062
0.05988403320989155 18.924 0.068
0.06390804281172668 19.155 0.113
0.06479438612213917 19.098 0.107
0.06499226858104512 19.024 0.059
0.06847278267869106 18.937 0.101
0.0688435703626964 19.108 0.045
0.07092830703313657 19.107 0.054
0.07124657842668958 18.94 0.067
0.07181895214343959 19.157 0.068
0.0726463942186455 18.996 0.058
0.07388476134237854 19.016 0.051
0.07486422594902242 19.147 0.072
0.07527524777869976 19.095 0.062
0.07800196398820836 19.061 0.076
0.08116239950086301 19.127 0.093
0.08282630403791691 19.028 0.082
0.08400143510916669 18.971 0.062
0.08438375789537522 19.021 0.071
0.08663036268299029 19.091 0.085
0.08737179721665589 19.061 0.087
0.08752079560636039 19.073 0.092
0.08914280190801938 18.997 0.06
0.09159763845073021 19.168 0.076
0.09225614270726501 19.067 0.071
0.09431195257448044 19.188 0.093
0.09830106494919155 19.064 0.062
0.09872165414471956 19.048 0.044
0.10057660412749092 19.174 0.065
0.101129600571221 19.069 0.072
0.10139015426866527 19.007 0.038
0.10229892668885432 19.209 0.077
0.1032695269181203 19.317 0.069
0.10397606649203217 19.108 0.059
0.10507935258410717 19.116 0.062
0.10545614942602688 19.15 0.078
0.10640135524126881 19.095 0.081
0.1085066553863725 19.144 0.078
0.11007546024611647 19.285 0.111
0.11200961377053309 19.364 0.14
0.11300265069839943 19.124 0.09
0.11319111421462358 19.053 0.073
0.11566345707424253 19.027 0.081
0.11929760388684363 19.121 0.071
0.11982143591458216 19.095 0.069
0.12031474426421473 19.244 0.103
0.12165925536774003 19.142 0.062
0.1219484109318727 19.112 0.07
0.12558308156112608 18.95 0.067
0.12598796404145096 19.12 0.063
0.13001783743438855 19.213 0.11
0.13109681547703067 19.056 0.07
0.13481355777857962 19.047 0.065
0.13521270173205258 19.213 0.096
0.1369054002201664 19.198 0.074
0.1381323851968772 19.13 0.063
0.13905234275389367 19.05 0.071
0.13953226741559766 19.092 0.059
0.13963946740605016 19.078 0.076
0.1416202016834176 19.119 0.073
0.14166889140224148 19.148 0.068
0.14748465593165738 19.261 0.069
0.1482621404838027 19.163 0.106
0.15187551961698764 19.075 0.073
0.15198481260576946 19.031 0.07
0.15267511366564568 19.059 0.087
0.15291079489215909 19.134 0.057
0.15291962585924912 19.058 0.065
0.1541955385640903 19.206 0.083
0.15556401494395677 19.085 0.049
0.15769920752554745 19.101 0.109
0.15773584551961894 19.118 0.132
0.1586427777323478 19.198 0.08
0.16006042704375423 19.055 0.071
0.16110956123648057 18.873 0.048
0.16153731237991442 19.27 0.108
0.16177237488172969 18.817 0.133
0.16243247148067885 19.127 0.057
0.16371402514359934 19.096 0.055
0.1660930193424064 19.081 0.06
0.16629803300056656 19.18 0.179
0.16707940029973534 19.074 0.052
0.1675120666476686 19.055 0.059
0.16752401360954527 19.011 0.051
0.16777129636411692 18.959 0.087
0.16828878217929732 19.069 0.059
0.16987627689686624 18.925 0.068
0.17037222788476347 19.072 0.062
0.17093987542684763 19.079 0.064
0.1710424642536963 19.057 0.071
0.17351078392530317 19.044 0.043
0.17725778154081118 19.248 0.105
0.17791474696823562 19.141 0.1
0.1788157261993546 19.091 0.055
0.18136358686333542 19.097 0.075
0.18139490084868148 19.136 0.064
0.18419435365867676 19.095 0.071
0.18562580571087883 19.194 0.107
0.18624701491025908 19.148 0.069
0.18695540228000018 19.077 0.069
0.1882115440843335 19.284 0.099
0.1885543201427935 19.151 0.072
0.18863969644226009 19.174 0.068
0.18954199206509648 19.162 0.1
0.18968775185921904 19.103 0.077
0.1900585881307051 19.165 0.09
0.19212895990531242 19.103 0.074
0.19378299303607482 19.108 0.077
0.19735784498552666 19.178 0.067
0.19933319149131423 19.123 0.047
0.19998787676322538 19.156 0.064
0.20048766950039865 19.053 0.064
0.2011549792963706 19.162 0.06
0.2018962092310176 19.079 0.051
0.20217780922066597 19.017 0.114
0.20220169289441403 19.198 0.05
0.20627534080122134 19.138 0.059
0.2079780814905462 19.029 0.081
0.21225462423572028 18.889 0.073
0.21254774454464498 19.158 0.06
0.2150105864642683 19.099 0.05
0.21574251246911447 19.06 0.054
0.21797348455711474 18.979 0.069
0.21803724974906802 19.244 0.129
0.2203052356175249 18.974 0.083
0.2221215844023391 19.147 0.07
0.22224635674083404 19.124 0.066
0.22318588592079325 19.095 0.093
0.22583767456844728 19.135 0.064
0.22779710976137724 18.987 0.05
0.22793931174182946 19.122 0.073
0.22962915767075176 19.128 0.058
0.2348931855771298 19.146 0.084
0.23687501646954845 19.207 0.068
0.2392210762499417 19.145 0.058
0.23983218933917672 19.211 0.062
0.24127512790746553 19.176 0.072
0.24184594762155032 19.148 0.067
0.2422668970315499 19.1 0.062
0.24379623450013244 19.112 0.066
0.2446042894456696 19.272 0.126
0.24506517162299135 19.094 0.09
0.2464586207037428 19.149 0.11
0.2465912223018677 19.147 0.049
0.24768234165676406 19.107 0.054
0.24846803618438573 19.089 0.076
0.24905824342149574 18.887 0.054
0.2512169180680758 19.198 0.087
0.25148561531514135 19.093 0.072
0.2521705540297262 19.235 0.068
0.252697703990998 18.971 0.063
0.25566115664914835 19.139 0.065
0.2559531010068895 19.265 0.162
0.2562115613099195 19.074 0.081
0.2612548380951921 19.282 0.085
0.26140612422877896 19.106 0.064
0.2658413860803194 19.071 0.099
0.26617106997482554 19.137 0.082
0.2670936603143673 19.308 0.1
0.2681693185526456 19.051 0.074
0.26872153799322407 19.169 0.068
0.26889749998226764 19.149 0.087
0.27035797561657093 19.389 0.114
0.27265982625740437 19.119 0.067
0.2748170953213048 19.129 0.061
0.27585881438008075 19.335 0.137
0.27611195294221036 19.165 0.095
0.2795804639016751 19.106 0.074
0.2806705864767537 19.163 0.088
0.2808231814136889 19.251 0.091
0.28190679378112693 19.062 0.054
0.28210544565390594 19.06 0.051
0.28254178256102025 19.083 0.046
0.28456043061887615 19.067 0.072
0.28898246213329915 19.099 0.077
0.289924756947039 19.213 0.081
0.292797772339236 19.042 0.06
0.29294341751428876 19.091 0.07
0.2961123237786524 19.177 0.048
0.29808332975098895 19.137 0.087
0.29893826722254746 19.198 0.075
0.3009068195841792 19.096 0.058
0.30195596136572933 19.105 0.069
0.30336359390403234 19.15 0.058
0.3052992706838268 19.125 0.084
0.3075228967230942 19.238 0.081
0.31034256264629223 19.185 0.115
0.3145384856224155 19.095 0.072
0.315648803473232 19.328 0.128
0.31886232009164817 19.094 0.041
0.3196612677233134 19.144 0.105
0.32031616518306694 19.145 0.07
0.3239548589994229 19.132 0.084
0.32556093881012205 19.101 0.064
0.3287529923494731 19.162 0.07
0.3302700814769196 19.051 0.102
0.33400611373272115 19.132 0.084
0.3352713396901891 19.114 0.057
0.33776071324373336 19.247 0.072
0.34138163237948904 19.331 0.227
0.3417232378091285 19.208 0.053
0.3434168537400183 18.846 0.079
0.3437478950248988 19.138 0.04
0.34571181079572855 19.149 0.065
0.34611731426812187 19.187 0.075
0.3467583710429608 19.106 0.092
0.34711165241005804 19.162 0.083
0.34886023558137824 19.059 0.082
0.35025801681777013 19.185 0.103
0.35127951517315525 19.222 0.068
0.3547338889960884 19.095 0.082
0.3557788208294369 18.968 0.083
0.3559545478650762 19.147 0.073
0.35804342007431844 19.055 0.062
0.3597493329333702 19.059 0.097
0.3615276711583647 19.223 0.083
0.36388522770348575 19.154 0.062
0.3675430201805284 19.177 0.048
0.3691399440912392 19.213 0.116
0.3700241788304993 19.077 0.071
0.3701100280926767 19.102 0.053
0.37172161867183606 19.213 0.076
0.3730670958051633 19.163 0.08
0.3755934193758549 19.195 0.097
0.37591378416291266 19.232 0.119
0.3792261347838576 19.22 0.081
0.38068718282138436 19.191 0.076
0.3811957735100805 19.165 0.06
0.38150809192247837 19.168 0.063
0.38298742328006485 19.216 0.049
0.38610048546470355 19.103 0.081
0.3897490226003356 19.16 0.098
0.39044754881242627 19.104 0.055
0.3909521827394201 19.125 0.061
0.39229223869042473 19.222 0.105
0.392643033036984 19.066 0.114
0.393455292607905 19.066 0.071
0.39466553309321173 19.11 0.074
0.3979606662591323 19.2 0.071
0.4 19.507 0.164
0.40068775027466474 19.105 0.074
0.40489975082382446 19.431 0.11
0.40717504440308405 19.119 0.072
0.4085253680481401 19.29 0.086
0.4087179287656909 19.244 0.083
0.41267037998695744 19.179 0.057
0.41282541828504693 19.159 0.069
0.4147242346342864 19.158 0.075
0.4209011887336601 19.164 0.074
0.42271525736341575 19.116 0.079
0.4243576047032548 19.277 0.085
0.4249285162690285 19.107 0.098
0.4249974676889906 19.236 0.086
0.4261579628386244 19.273 0.082
0.42661761062245207 19.354 0.08
0.4266596777810264 19.235 0.061
0.42924473100438265 19.174 0.081
0.43027977891451885 19.065 0.097
0.43296502353077815 19.351 0.101
0.4343050870701518 19.365 0.104
0.4346094513515709 19.337 0.099
0.43556080449834556 19.073 0.12
0.4428785902722666 19.231 0.104
0.44472502850512685 19.213 0.097
0.44516376018546 19.231 0.11
0.44527433655039206 19.274 0.055
0.44600148020290364 19.181 0.074
0.44708444841799067 19.117 0.076
0.4498629779303883 19.252 0.065
0.4513622665557705 19.173 0.048
0.45194713421224153 19.158 0.076
0.452821630397375 19.232 0.069
0.455995329263169 19.216 0.089
0.45640475874861297 19.338 0.16
0.4569700266942164 19.236 0.05
0.4613754443020298 19.188 0.062
0.4623788741859244 19.159 0.095
0.46323209631864304 19.308 0.069
0.4642263577856284 19.327 0.092
0.4667439319913683 19.104 0.093
0.4669428138899093 19.283 0.076
0.4677991341790403 19.389 0.081
0.4679262504363578 19.245 0.069
0.4679268076637527 19.202 0.063
0.46812643088869665 19.241 0.049
0.4708731556132989 19.297 0.072
0.471117585810498 19.266 0.086
0.47250136009997734 19.273 0.109
0.4738289069349776 19.321 0.121
0.48048861282804867 19.142 0.063
0.4815473625793857 19.226 0.084
0.48223989520683974 19.006 0.082
0.48267014095963534 19.145 0.056
0.48304472180589075 19.261 0.092
0.4835855439227089 19.192 0.089
0.48361265554958666 19.195 0.068
0.4847964873973979 19.017 0.068
0.4943556913343855 19.144 0.064
0.494485711399102 19.216 0.077
0.5002899480204178 19.144 0.07
0.5020023764094731 19.099 0.051
0.5030401462949158 19.173 0.092
0.503634236279504 19.047 0.071
0.5042588245154548 19.119 0.069
0.504479943835031 19.207 0.083
0.5051935967698228 19.229 0.049
0.5053436405268258 19.36 0.078
0.5055143039352515 19.19 0.066
0.5058849458568148 19.097 0.05
0.506280726346995 19.059 0.064
0.5068518576885254 19.094 0.072
0.5082361713670253 19.256 0.097
0.5091123365704334 19.16 0.077
0.5122844658580107 19.173 0.098
0.5147397704353353 19.086 0.13
0.5153560591101268 19.221 0.103
0.523159065463824 19.126 0.058
0.5233704310520807 19.224 0.101
0.5243868684423433 19.3 0.083
0.5252010168086599 19.36 0.112
0.5261652066650641 19.038 0.087
0.5265866214516791 19.009 0.045
0.527913848674325 19.082 0.069
0.5290103486062435 19.063 0.076
0.5291347170690642 19.17 0.078
0.5297254636938306 18.996 0.051
0.5324182331354678 19.104 0.084
0.5346568963090249 19.113 0.082
0.537144669931331 19.033 0.066
0.5373812913657275 19.127 0.071
0.5380366541998228 19.169 0.05
0.5402549919084777 19.131 0.089
0.5403841043861576 19.087 0.056
0.5415862984954402 19.312 0.084
0.5421082265514997 19.159 0.096
0.5436454851327653 19.184 0.089
0.5445733562140959 19.168 0.068
0.5467684084745997 19.103 0.078
0.5494065838023744 19.12 0.083
0.551570802626793 19.235 0.075
0.5557827443393762 19.136 0.071
0.557263604277432 19.061 0.055
0.5573088026070764 18.96 0.067
0.5574682322916488 19.246 0.166
0.559349043934526 18.95 0.081
0.5595690131262018 18.96 0.06
0.5688387752965355 18.962 0.086
0.5721217417252774 18.912 0.055
0.5723994001299616 19.26 0.062
0.5735837713658839 19.076 0.07
0.5742639580820651 19.036 0.066
0.5769442081576927 19.114 0.062
0.5804566188948229 18.926 0.113
0.5816469734667408 19.066 0.068
0.5841769190095875 19.093 0.102
0.5851488766296825 18.983 0.057
0.5862172089249725 18.941 0.055
0.5866872648415665 19.031 0.063
0.5879371518907647 19.065 0.055
0.5910082721788058 18.984 0.067
0.5937700545377084 18.964 0.045
0.5943747337004425 19.101 0.078
0.59719446378258 19.056 0.08
0.6010041557959994 19.06 0.056
0.6011650244730845 19.031 0.059
0.6026153371780311 18.998 0.06
0.6045923602904623 18.951 0.064
0.6047509875446849 18.889 0.045
0.6100815052772305 18.711 0.048
0.6103069673976279 19.046 0.045
0.610525446347674 18.964 0.062
0.6110754983805237 19.005 0.072
0.6151290660258383 18.993 0.049
0.6154162177812396 18.98 0.057
0.6159553298824904 19.131 0.097
0.6162818598380909 18.917 0.058
0.6168376116678701 19.016 0.055
0.6192094029178407 19.009 0.068
0.6201707478061508 18.938 0.076
0.6220860888710377 18.849 0.052
0.6255012503610488 18.893 0.048
0.630151024150473 18.947 0.066
0.6309321971006284 18.962 0.066
0.6320001691796279 19.025 0.071
0.6345057072316195 19.064 0.083
0.635347524451754 18.959 0.057
0.6357010590058053 18.926 0.046
0.6368001761478809 19.072 0.125
0.6414077191779143 18.96 0.047
0.6476357911791638 18.947 0.058
0.6500248997203016 18.957 0.085
0.6521589880989268 18.916 0.062
0.6533825659511422 19.163 0.092
0.6545015819187029 18.941 0.06
0.656616367037168 18.924 0.047
0.658016453854907 18.97 0.055
0.6584178191264073 18.983 0.105
0.659915252366227 18.968 0.065
0.6602994821809262 18.854 0.056
0.662646783944092 18.931 0.08
0.6628326480880787 19.006 0.059
0.6632367125670499 18.948 0.051
0.6635731188579485 18.942 0.088
0.66388896206754 18.953 0.087
0.6642728058444846 18.969 0.089
0.6649325444945134 18.966 0.05
0.6756419994439057 18.93 0.059
0.6770163878058156 18.976 0.046
0.677348975507266 18.923 0.066
0.6775888996975482 18.963 0.039
0.6778282461622439 18.789 0.053
0.6782589724656646 18.896 0.077
0.6805997515042691 18.928 0.044
0.6827896277858599 18.902 0.073
0.6828649231532836 18.92 0.047
0.6839002648543101 18.947 0.055
0.6847385318491434 18.931 0.06
0.6856244431959567 18.96 0.059
0.687706186867581 18.882 0.05
0.6908099451215094 18.914 0.045
0.6924445933904281 18.931 0.056
0.6925338702771114 19.039 0.055
0.6955107396383028 18.818 0.042
0.6963857930499217 18.901 0.059
0.6986690179923244 18.986 0.109
0.701139604907803 18.903 0.073
0.7029714558078922 18.954 0.062
0.7047902430253089 18.654 0.071
0.7052840007835585 18.895 0.051
0.706510413356591 19.073 0.079
0.708823768745242 18.876 0.055
0.7095554085475669 19.031 0.06
0.7109698450834913 19.007 0.072
0.7111349567252546 18.903 0.057
0.7117042808753468 18.841 0.071
0.7124210573928395 18.842 0.056
0.7125042765341277 18.985 0.098
0.7140465884926016 19.004 0.064
0.7181589423611513 18.906 0.069
0.7186824957756471 19.001 0.083
0.7225164802670406 18.813 0.057
0.7226450435013249 18.972 0.075
0.7236277208834508 18.81 0.061
0.7238672461257011 18.888 0.048
0.7253268961689173 18.951 0.047
0.7255037015869675 18.917 0.055
0.7261163276829393 18.975 0.048
0.7262651932227527 19.019 0.079
0.7280209079875931 18.886 0.062
0.7298759725885248 18.912 0.068
0.7325213994503429 18.928 0.048
0.734453983397907 19.009 0.063
0.738205674173878 19.024 0.069
0.7384718612405777 18.862 0.048
0.7393306021234821 18.831 0.068
0.7421222871702412 18.947 0.057
0.7428305265115341 18.882 0.042
0.7445071193368676 18.871 0.055
0.7447679516470999 18.955 0.062
0.7448729432302571 18.927 0.054
0.7467430195387351 18.889 0.045
0.7496538257159046 18.881 0.052
0.751645418323642 19.012 0.053
0.7550770456913597 18.806 0.041
0.7553919072996905 18.9 0.067
0.757325439833403 18.926 0.071
0.7605908513563918 18.92 0.057
0.7619204737460678 18.924 0.067
0.7629124728968236 18.899 0.05
0.7694139197350524 19.03 0.069
0.7742800969175733 18.993 0.06
0.7795499552034016 18.984 0.099
0.7803573147488351 18.944 0.055
0.782569111500743 18.77 0.051
0.782870359788285 18.88 0.064
0.7844584451426272 18.952 0.07
0.7859212415354705 19.046 0.077
0.78791604691869 18.992 0.086
0.7890168330799497 18.878 0.066
0.791278707688798 18.938 0.067
0.7917336292961409 18.943 0.045
0.7926174062503378 19.04 0.08
0.7930215781547304 18.912 0.047
0.7938258729531299 18.942 0.044
0.7941467107033532 18.788 0.069
0.7951459382274152 18.746 0.071
0.7957307804585071 18.957 0.059
0.7959155069878762 18.893 0.05
0.7977025455947114 18.801 0.055
0.7993495473632719 18.941 0.033
0.8003311539518108 18.871 0.061
0.8024223852575232 18.885 0.062
0.8026045917516966 18.981 0.046
0.8028051324198713 18.947 0.052
0.8039988481895306 18.887 0.065
0.8050378862721117 18.96 0.074
0.8055816273748859 19.064 0.086
0.8057671054806632 19.053 0.07
0.8073447390419459 18.998 0.048
0.8079994653129687 19.052 0.04
0.8086704710962294 19.079 0.059
0.8087739006899937 18.955 0.048
0.8110869698770329 18.98 0.076
0.8115886589970613 18.844 0.069
0.8121714818484178 18.874 0.062
0.8166333083494464 18.86 0.047
0.8177103824204095 19.048 0.099
0.8180182688405693 18.918 0.087
0.8184071656004561 19.012 0.072
0.8188033575546796 18.951 0.071
0.8224106531210054 18.953 0.062
0.8250637251434454 18.901 0.059
0.8286415776805369 18.9 0.061
0.8318995820531199 18.845 0.053
0.832073402059359 19.037 0.068
0.8374937618877083 18.984 0.099
0.8379720763681688 18.974 0.058
0.8379872922809226 18.941 0.042
0.8386428927291489 18.88 0.057
0.838934287450138 18.966 0.059
0.8394256018472332 18.89 0.062
0.8400203868372045 18.973 0.055
0.8404490299971257 18.836 0.056
0.842125009420124 18.892 0.069
0.8463603105964466 19.041 0.087
0.8468454753960031 18.816 0.063
0.8481259351050539 19.044 0.075
0.8493893204607956 18.984 0.047
0.8493951994281814 18.989 0.101
0.8501518753013442 18.918 0.083
0.8509300962517954 18.935 0.044
0.8567803336340147 18.87 0.063
0.8593473005475061 18.983 0.084
0.8630253623145108 18.988 0.047
0.8680832161830039 19.004 0.052
0.8682327463724504 19.056 0.124
0.8686774541951308 19.001 0.108
0.8694465985803617 18.91 0.057
0.8698396335420511 18.922 0.095
0.8707083095959205 18.928 0.064
0.8711514072369027 18.959 0.089
0.8713241564504641 18.919 0.053
0.871474813610257 19.057 0.057
0.8725342663505216 18.91 0.09
0.8728284908633213 18.992 0.09
0.8744409886370703 18.942 0.064
0.8775810090973208 19.032 0.067
0.8793968519043118 19.022 0.051
0.8796194356440536 18.96 0.057
0.8798607502398226 19.098 0.075
0.8804146872875207 18.887 0.061
0.8815345645215529 18.884 0.049
0.8817292649540831 19.029 0.055
0.8829228835496905 18.978 0.042
0.8833822527198207 18.911 0.073
0.8884818465461648 19.07 0.066
0.8886884783682034 19.04 0.052
0.8892308442431385 19.106 0.097
0.8905488825488646 18.948 0.065
0.8912821249445186 18.876 0.077
0.8936345059059021 18.977 0.052
0.8944365258725155 18.915 0.083
0.8949994984863223 18.837 0.062
0.895258401002502 18.975 0.073
0.8958181274323578 18.922 0.075
0.8967816883154227 18.841 0.055
0.8967972800163806 18.968 0.065
0.8977365818313046 18.953 0.048
0.897840282450852 18.904 0.063
0.8991831833713149 19.051 0.059
0.8996038389917884 18.973 0.056
0.9029969239994897 19.047 0.054
0.9065997131664516 19.054 0.102
0.9076932455267523 19.017 0.055
0.9077437348491002 18.997 0.041
0.9088499706753281 19.085 0.134
0.910581934617221 18.892 0.061
0.9112960529249903 19.001 0.055
0.9114098420654044 19.036 0.048
0.9119561009369135 18.973 0.07
0.9123534376989482 18.92 0.076
0.9129428831096447 19.023 0.059
0.9133192787361621 19.068 0.059
0.9151144533047044 19.152 0.087
0.9155563161579265 18.966 0.054
0.9167154873279286 18.968 0.055
0.918145425979128 18.972 0.078
0.9189806999751453 18.92 0.075
0.9205302581452997 18.944 0.076
0.9227081620378157 18.995 0.057
0.922711712263117 19.155 0.061
0.923397443158501 18.976 0.069
0.9235787117098879 18.985 0.075
0.9240692491051958 19.04 0.069
0.9271926784243987 18.942 0.056
0.9286776431521502 19.043 0.058
0.9329490433277896 19.099 0.089
0.9346333040806711 19.064 0.067
0.9349751881230985 18.898 0.058
0.9369765188916062 19.019 0.066
0.9415210407172707 18.965 0.071
0.941590441939661 19.038 0.059
0.9438835842141997 19.011 0.045
0.9441094782991057 18.795 0.078
0.9444474871819692 18.944 0.062
0.9458808101911926 19.013 0.069
0.9476244322326237 19.027 0.074
0.9478384636185182 18.955 0.081
0.9488210669864201 19.032 0.063
0.9494814167714138 18.934 0.076
0.9517583307828317 18.969 0.05
0.9520500451157203 19.088 0.079
0.9521856575505807 19.001 0.076
0.9540366837867622 18.735 0.065
0.9543099511987747 18.97 0.084
0.9548595302693683 19.008 0.064
0.9571561081515028 19.07 0.069
0.957418688816142 18.921 0.051
0.958049482825936 18.942 0.068
0.9599309822800932 19.219 0.076
0.9602978693777913 19.119 0.086
0.9608354680762203 18.985 0.075
0.9618817269451028 19.141 0.091
0.9630097526563985 19.024 0.074
0.9631203290222401 18.888 0.07
0.9636478801980046 18.981 0.054
0.9637565267697936 18.979 0.04
0.9652915310174648 18.961 0.055
0.9656835923600737 19.133 0.09
0.9677643312683357 19.113 0.052
0.9678403220354084 19.212 0.073
0.9689480401197215 19.051 0.102
0.9718609142631975 19.118 0.099
0.9725806173541058 18.947 0.075
0.973717280078199 19.027 0.055
0.9753365055688845 19.004 0.087
0.9770007194687422 19.012 0.069
0.9784784558227329 19.112 0.062
0.980552383144095 18.969 0.081
0.9810586936777326 19.143 0.085
0.9824520250844215 18.959 0.054
0.9834339994780747 19.054 0.067
0.9881412301882846 19.119 0.118
0.9885490392429346 19.001 0.052
0.9900453758686125 19.065 0.066
0.9908823853087596 19.026 0.039
0.9925804563912606 19.018 0.069
0.9926540011369069 19.068 0.094
0.993424627780223 18.99 0.077
0.995050363478549 19.062 0.098
0.9956983187661534 19.039 0.053
0.9977939467811665 19.007 0.045
0.9981248168773162 19.136 0.065
