0.0004652606925446001 19.023 0.072
0.005085193445120151 19.13 0.049
0.005491467462343191 19.301 0.091
0.005545217351391241 19.167 0.101
0.006576528281948324 19.1 0.052
0.011929838708419904 19.061 0.046
0.01598222517204695 19.116 0.047
0.020502400400255194 19.142 0.063
0.020752977520169136 19.216 0.069
0.020926999426956083 19.159 0.078
0.023665725128830584 19.162 0.081
0.025630406992968258 19.135 0.055
0.027734633119871344 19.105 0.087
0.028038821497284427 19.168 0.058
0.028426256274906248 19.595 0.107
0.02895605384528599 19.328 0.064
0.02923492494337543 19.222 0.052
0.03076990206627661 19.259 0.058
0.033666439633088796 19.328 0.069
0.03462287118454688 19.151 0.078
0.03700383390323614 19.159 0.076
0.03751257771627925 19.287 0.088
0.03862110712670974 19.191 0.09
0.03998656404692147 19.331 0.061
0.04289794788828649 19.238 0.091
0.04354565577104941 19.173 0.088
0.04522854845654356 19.112 0.06
0.045270965607778546 19.189 0.07
0.04862229678237773 19.206 0.061
0.04868940580981862 19.309 0.085
0.054123287015863664 19.218 0.067
0.054611251906317104 19.348 0.06
0.0566621092370041 19.224 0.064
0.059072763291078356 19.226 0.061
0.06344457284048977 19.213 0.081
0.06512165196945707 19.216 0.064
0.06534297931502797 19.221 0.125
0.06713759315734924 19.215 0.067
0.06840724458961622 19.076 0.05
0.06845988294153349 19.313 0.122
0.07199618032736899 19.2 0.069
0.07273791525167317 19.233 0.078
0.07356786059553988 19.166 0.07
0.07359383929306196 19.225 0.09
0.07385950393236262 19.135 0.108
0.07422047936997833 19.147 0.119
0.0779873780660636 19.515 0.113
0.0787892902184466 19.04 0.067
0.07910049589681867 19.174 0.072
0.08194928646153121 19.208 0.05
0.08368884405390409 19.226 0.076
0.0856675983904096 19.126 0.107
0.08568322274677476 19.329 0.073
0.08674815750637199 19.255 0.079
0.09237493894024729 19.282 0.073
0.09303466358269352 19.236 0.05
0.09378570299613775 19.233 0.061
0.09478190296013045 19.037 0.06
0.0950619991939674 19.198 0.063
0.09577450082124406 19.268 0.063
0.0960560701427311 19.224 0.084
0.09655507339757596 19.222 0.053
0.10051246604180042 19.109 0.069
0.10143267509047282 19.223 0.063
0.1021313900650056 19.298 0.053
0.10338137960243321 19.105 0.055
0.10497452524659812 19.234 0.075
0.1053983492542101 19.316 0.069
0.1087214340845093 19.253 0.12
0.10953531657505655 19.241 0.117
0.11197214415042245 19.336 0.09
0.11462134208559283 19.336 0.076
0.11557327193295341 19.324 0.084
0.11694295023098666 19.223 0.11
0.12317343877239173 19.223 0.091
0.125131951021467 19.232 0.079
0.12698573132038282 19.111 0.084
0.12759394562399384 19.083 0.069
0.12884161987894904 19.139 0.056
0.12930642153824 19.355 0.076
0.12939756408732128 19.199 0.075
0.1298320649078959 19.266 0.111
0.13162830451747132 19.203 0.052
0.13854473579467586 19.236 0.069
0.13964372496266142 19.303 0.11
0.1413323230985042 19.368 0.075
0.14684391747541659 19.353 0.151
0.1476836705573077 19.349 0.082
0.15401650673848044 19.249 0.088
0.15620620904737725 19.407 0.084
0.1570679521377314 19.083 0.076
0.15793333641286145 19.245 0.085
0.16118772003519544 19.277 0.098
0.16200188285201866 19.266 0.082
0.16219205433153538 19.293 0.044
0.16235753086984905 19.206 0.091
0.16403683550051928 19.213 0.082
0.16548673158413285 19.431 0.079
0.16589935599258743 19.282 0.058
0.16718250825797432 19.228 0.076
0.16765530440206922 19.233 0.061
0.17464047353896595 19.483 0.072
0.17527739528886732 19.133 0.081
0.17650832388098925 19.228 0.053
0.17817953326211855 19.37 0.13
0.17901548698810066 19.308 0.067
0.17945148043545478 19.092 0.069
0.1800401055146721 19.229 0.072
0.18173260562016358 19.425 0.084
0.18321785085154252 19.45 0.066
0.18422285512169756 19.373 0.093
0.1846980056301617 19.248 0.081
0.18473921903423607 19.169 0.07
0.18670921670163798 19.273 0.084
0.18771674940435323 19.197 0.061
0.18813831981369722 19.284 0.061
0.19341444228475657 19.575 0.134
0.19540113369876044 19.303 0.069
0.19615501546049918 19.414 0.098
0.19839103382528256 19.427 0.095
0.19967998010670263 19.257 0.122
0.19976903029455562 19.201 0.066
0.20078924666850062 19.358 0.061
0.2020068161231392 19.312 0.155
0.20303282344948448 19.502 0.12
0.20390409579831603 19.332 0.098
0.20572673977121658 19.598 0.149
0.20737749819218143 19.282 0.07
0.20749001697040503 19.156 0.085
0.2095356409376108 19.368 0.084
0.21153459706547428 19.297 0.066
0.21210988803832143 19.423 0.078
0.21304166679365144 19.205 0.081
0.21443957189458152 19.338 0.066
0.21513338696095152 19.282 0.079
0.21631195203681264 19.226 0.075
0.21772728497253402 19.145 0.069
0.21854210371602667 19.365 0.085
0.21962698069673925 19.224 0.099
0.21976872970608374 19.368 0.088
0.21994315224619632 19.245 0.069
0.22297283483239871 19.159 0.093
0.22958365228205369 19.406 0.07
0.2300884690934254 19.269 0.098
0.23074810516973232 19.402 0.101
0.23249205942229312 19.362 0.07
0.23380687080170903 19.169 0.076
0.23718390583817384 19.307 0.098
0.2381056020225515 19.339 0.082
0.2389405242223802 19.295 0.09
0.2395376201515319 19.293 0.104
0.24073874259593142 19.364 0.098
0.2433082455330805 19.311 0.101
0.24433479275867287 19.257 0.049
0.24478309427959177 19.341 0.14
0.24607649035024226 19.213 0.07
0.24644573632158429 19.275 0.079
0.2466442888702659 19.418 0.102
0.2468772280666599 19.074 0.085
0.2520577808021699 19.128 0.072
0.2522424104949096 19.413 0.078
0.25260206309521893 19.163 0.056
0.2526831090266569 19.152 0.058
0.25532431126102895 19.207 0.128
0.25625479221289427 19.383 0.108
0.25670172996560725 19.505 0.127
0.25723235018940616 19.321 0.084
0.2595589351898525 19.337 0.107
0.25989832859013406 19.281 0.066
0.2605351367405092 19.261 0.076
0.26130341222906284 19.283 0.095
0.2614441742865893 19.185 0.096
0.262644168717452 19.318 0.087
0.26431310189618673 19.312 0.091
0.26548876843016844 19.523 0.107
0.265957671160686 19.439 0.091
0.2662748180440758 19.284 0.09
0.2677061747539483 19.552 0.183
0.270081841211686 19.29 0.072
0.27422290226277257 19.349 0.12
0.2770616352903744 19.246 0.066
0.28253056577877944 19.424 0.127
0.28779880371930633 19.299 0.096
0.2881265333557167 19.244 0.076
0.2896048846545455 19.353 0.113
0.29070315621029297 19.497 0.119
0.29246743377589157 19.274 0.096
0.29261474960494527 19.265 0.072
0.29442589838745337 19.369 0.104
0.29545200405154903 19.208 0.046
0.29600327861444387 19.282 0.088
0.29961785959349074 19.373 0.093
0.30135352377274105 19.297 0.105
0.3014178845118295 19.275 0.056
0.30309592492667436 19.173 0.11
0.3049710564204361 19.276 0.052
0.30615945304944037 19.4 0.075
0.30665864257152864 19.25 0.067
0.30711900299629635 19.265 0.079
0.3071846474926133 19.33 0.078
0.30883557264169215 19.274 0.053
0.30978579000238826 19.231 0.072
0.3098312974547298 19.481 0.111
0.31553425607253305 19.388 0.082
0.31778937446360944 19.283 0.053
0.32000247939995463 19.124 0.076
0.3204774772279052 19.117 0.088
0.3206324986598702 19.289 0.069
0.3219336339219808 19.306 0.081
0.3223545593904419 19.367 0.078
0.3224297722244046 19.221 0.073
0.323552600090261 19.259 0.073
0.3295398818103422 19.254 0.061
0.32995184479968886 19.361 0.117
0.33112060456769543 19.394 0.111
0.3316315500636847 19.279 0.07
0.33415812711191395 19.104 0.11
0.33532325852811484 19.232 0.064
0.3354808810612667 19.232 0.053
0.33580323321111794 19.336 0.072
0.33580438382923605 19.309 0.058
0.34064557125875583 19.22 0.082
0.3418345578505978 19.302 0.078
0.34202317807958027 19.225 0.073
0.34264771723828746 19.251 0.047
0.3445061604765215 19.345 0.078
0.34478874727610676 19.662 0.13
0.3482688799398602 19.389 0.096
0.3492559586187781 19.303 0.107
0.35039567199273736 19.261 0.061
0.35289541531474244 19.338 0.069
0.35437862131257136 19.257 0.108
0.3573949643017841 19.322 0.076
0.3585012425418427 19.339 0.084
0.3585663618227045 19.286 0.055
0.3599461336742934 19.335 0.088
0.3601348155874803 19.31 0.084
0.3609346518536768 19.263 0.078
0.36416784858138274 19.202 0.064
0.3646612960013954 19.314 0.069
0.36792875294340777 19.222 0.047
0.37195657211523214 19.414 0.113
0.3722919304072093 19.408 0.105
0.3728432049696494 19.28 0.091
0.37402901454461246 19.311 0.076
0.37723115189091916 19.393 0.098
0.38067644963612113 19.447 0.088
0.38299418818623965 19.226 0.079
0.3832230110478122 19.306 0.09
0.3844906146909125 19.515 0.085
0.3857403898640769 19.393 0.087
0.38604952150617466 19.153 0.104
0.38795222202807056 19.309 0.076
0.38906405610296135 19.303 0.096
0.39160657691390954 19.404 0.099
0.39672883897528666 19.238 0.078
0.39678992008284697 19.255 0.079
0.3972928362903986 19.31 0.082
0.3990336580995063 19.295 0.113
0.4 19.663 0.101
0.4014757471335543 19.364 0.114
0.40151194703175863 19.473 0.09
0.4052598593001676 19.399 0.131
0.40607451680843953 19.437 0.105
0.40744585446318526 19.396 0.11
0.4078709567351325 19.617 0.125
0.4104334674024358 19.31 0.069
0.4109692073901897 19.225 0.113
0.4124127194931134 19.427 0.063
0.41431254286308106 19.41 0.09
0.4155731041695617 19.294 0.113
0.4162075365678902 19.499 0.133
0.41890746126900924 19.401 0.105
0.42271478430429854 19.41 0.091
0.42289537645992825 19.467 0.111
0.4241830023314833 19.39 0.09
0.4259321813919087 19.374 0.105
0.4267854566964161 19.319 0.108
0.4280525711395967 19.319 0.085
0.4283172323493091 19.499 0.134
0.43041569255674406 19.349 0.079
0.4309755515690995 19.198 0.082
0.4332357139914166 19.45 0.096
0.4336621867381837 19.431 0.076
0.43449464646655545 19.397 0.11
0.43590889047063686 19.285 0.149
0.4373008067317642 19.347 0.114
0.44120357370356944 19.249 0.072
0.4428748966833155 19.32 0.07
0.4431646534652828 19.297 0.081
0.4434857878208277 19.206 0.085
0.44442067092440996 19.316 0.053
0.4451740244052417 19.412 0.085
0.44857578797054887 19.299 0.108
0.45194535558621285 19.345 0.122
0.45371146229845183 19.3 0.117
0.45478861841356777 19.304 0.098
0.45508561420447224 19.336 0.072
0.46088280017957006 19.418 0.096
0.4613970381409672 19.325 0.073
0.4656204288807203 19.423 0.064
0.4662337208045756 19.314 0.07
0.4665282290929099 19.223 0.11
0.4691053521304639 19.271 0.079
0.4696210136939044 19.304 0.095
0.47167803514767004 19.363 0.099
0.47682980470508485 19.334 0.073
0.47683653618914834 19.369 0.055
0.4778257157871849 19.359 0.069
0.48110679814717516 19.345 0.099
0.4824641011959102 19.342 0.075
0.48534476217664635 19.333 0.058
0.48563231178231947 19.522 0.098
0.4865950796769539 19.404 0.087
0.4897490339530123 19.37 0.067
0.49013760529978756 19.188 0.069
0.4907187379252719 19.231 0.078
0.4915619556917591 19.03 0.101
0.49335208737047653 19.417 0.095
0.49487992503636635 19.364 0.125
0.5009310251683928 19.279 0.078
0.5053880434046732 19.249 0.069
0.5063746750305654 19.343 0.09
0.5089456174668158 19.373 0.058
0.5092651932312947 19.446 0.123
0.509880828533278 19.339 0.088
0.5118935291706294 19.124 0.085
0.5156579739517838 19.348 0.064
0.5178244067714332 19.391 0.09
0.518989026386771 19.377 0.084
0.522003454725018 19.205 0.078
0.5241230077703222 19.153 0.084
0.5258621042597952 19.211 0.105
0.5267395712575308 19.531 0.09
0.5293193570809308 19.398 0.07
0.5297462463562624 19.471 0.064
0.529954267692483 19.327 0.06
0.5302658618060377 19.493 0.142
0.5304230482692219 19.094 0.06
0.5323646469127198 19.162 0.096
0.532700836415097 19.375 0.191
0.5346748075056894 19.37 0.063
0.5349070345841028 19.203 0.111
0.5351997894571469 19.153 0.047
0.5361849956306287 18.96 0.076
0.5386277979972874 19.466 0.113
0.5393270021717399 19.472 0.113
0.5416914800142877 19.195 0.125
0.5424400038285967 19.426 0.087
0.5442236183875139 19.343 0.082
0.545204983061376 19.014 0.09
0.550965318703129 19.383 0.125
0.5515221460367684 19.272 0.066
0.5518147256265366 19.135 0.055
0.5561551508957564 19.224 0.069
0.557422676375063 19.397 0.09
0.5581054811758804 19.369 0.095
0.5581649646122969 19.205 0.047
0.5581882664750083 19.567 0.114
0.5587714395491276 19.3 0.078
0.5598424907961089 19.38 0.088
0.5620224494818103 19.071 0.079
0.5631838261164376 19.15 0.075
0.5648144474929723 19.376 0.09
0.5678941111395034 19.125 0.046
0.5679189782998947 19.052 0.098
0.5726033322620424 19.079 0.056
0.5734739822741176 19.435 0.096
0.5740976706823858 19.117 0.063
0.5811658254346185 18.924 0.049
0.5813718539578986 19.387 0.088
0.5822505497348175 19.125 0.073
0.5841691592171628 19.229 0.079
0.5853641627449179 19.125 0.061
0.5957238763525311 18.987 0.061
0.5981305319495732 19.296 0.081
0.5998206941689205 18.919 0.047
0.6001138356258707 19.171 0.093
0.6023862951364208 19.122 0.093
0.6042702449844001 18.63 0.043
0.6063904961014487 19.421 0.093
0.6087826639108244 19.169 0.066
0.6133327362839737 18.962 0.06
0.6133913634770579 19.077 0.064
0.6169814388480518 19.162 0.06
0.6182879546608092 18.723 0.046
0.6222641615117027 19.161 0.063
0.6230914831516202 19.009 0.064
0.6237644912011092 19.045 0.081
0.626957772327296 19.034 0.052
0.6270777695102879 19.095 0.061
0.627115456545107 18.992 0.078
0.6278326632558674 18.605 0.034
0.6289798690835596 18.923 0.055
0.6297050910347025 18.949 0.046
0.631652008544188 18.665 0.06
0.6322428731731634 19.135 0.093
0.6357186653671306 18.973 0.075
0.6366762139467937 19.042 0.066
0.6377132052943125 18.843 0.073
0.6407176646620428 19.066 0.09
0.6422875157826639 19.172 0.096
0.6434138962662473 18.882 0.049
0.6463071682486771 18.997 0.055
0.6484760775860196 19.007 0.058
0.6489247687544776 18.924 0.041
0.6491085983965604 18.791 0.052
0.649741179677585 19.111 0.07
0.650008817588423 18.856 0.041
0.6514584993068638 18.901 0.06
0.65398915054393 19.241 0.116
0.6550495219156801 18.961 0.081
0.6552158632515784 18.939 0.049
0.6563863849891277 19.004 0.056
0.6575029827685285 18.869 0.04
0.6600254801336632 18.951 0.072
0.6610352395531663 19.0 0.064
0.6613008510634245 18.932 0.055
0.6630349566506993 19.106 0.064
0.6666092690351434 18.999 0.081
0.669012031217244 18.914 0.037
0.6695668852802555 19.026 0.058
0.6736552181968364 18.707 0.035
0.6745923494057934 18.945 0.084
0.6761942407341849 18.878 0.037
0.6802359448933203 18.897 0.044
0.6844603604526128 18.888 0.06
0.6861733646468565 18.85 0.053
0.6877250043584354 19.149 0.076
0.6881733956592143 18.921 0.052
0.6909449060607585 19.134 0.076
0.6913349645432391 18.792 0.041
0.6924052181688239 18.966 0.047
0.6928589997909512 19.04 0.067
0.6935308193564197 19.033 0.075
0.6973618393934885 18.864 0.055
0.6996238028672451 18.926 0.052
0.700174327446257 18.992 0.056
0.7031468278313696 19.093 0.046
0.7040783922215269 18.831 0.047
0.7064766300976771 19.062 0.06
0.7077972073979254 18.918 0.058
0.7128039135099243 19.195 0.067
0.7132683285848543 18.794 0.055
0.7150086007240134 19.014 0.052
0.7150234598333555 18.992 0.044
0.7151941166042889 18.936 0.073
0.7165744002590145 18.978 0.063
0.7169351527776598 19.065 0.061
0.7179872902665011 18.948 0.075
0.7182400819023315 18.9 0.058
0.7208038708344248 18.967 0.05
0.7209814594065392 19.013 0.122
0.7212975552223725 19.061 0.063
0.7264888550102114 18.987 0.066
0.7271856553346879 18.983 0.058
0.727452142628772 19.07 0.052
0.7284367814421785 18.996 0.041
0.7298603958978674 19.078 0.079
0.7308693931330709 19.008 0.061
0.732353896935274 19.136 0.111
0.7344302187306312 19.055 0.067
0.7414383813087625 18.932 0.053
0.7414760683426721 18.91 0.063
0.7419747210291462 19.002 0.061
0.7435381588597011 19.171 0.066
0.7450403372371511 19.091 0.084
0.7455134949326748 18.97 0.046
0.7473077203416324 19.127 0.081
0.7491180159462602 18.918 0.047
0.7491894880462496 19.033 0.05
0.7503633394816461 19.049 0.073
0.7535380476469072 19.068 0.064
0.7577446750323361 19.026 0.087
0.7602810207357834 18.909 0.047
0.7609756951091186 18.969 0.038
0.764483123813443 19.139 0.069
0.7669732065873177 19.022 0.076
0.7685918221876819 19.167 0.099
0.7702047549422787 18.918 0.043
0.772359057401809 19.013 0.047
0.7747198775845391 19.083 0.063
0.7759761344408617 18.858 0.049
0.7760069568525069 18.942 0.047
0.7771051288576928 19.098 0.07
0.7778583827879629 19.081 0.075
0.7813211883798431 19.04 0.113
0.7821182763567777 19.088 0.061
0.782964445791913 18.955 0.053
0.7836425821609737 18.968 0.078
0.7842384657882576 18.918 0.063
0.7854317018531219 19.035 0.067
0.7867044240450923 19.087 0.067
0.7868154501942627 18.941 0.052
0.7868196911116684 19.046 0.053
0.7873988981022194 18.869 0.047
0.7881447322482927 19.249 0.082
0.7885979251208483 19.03 0.061
0.789675646167234 19.097 0.073
0.7920954215072925 19.035 0.052
0.7964957772650451 19.105 0.056
0.7978245591370069 19.058 0.069
0.7990641576801863 18.98 0.05
0.7996258623174072 19.145 0.119
0.8002165547271943 18.909 0.079
0.8008162517584424 19.152 0.093
0.8018923329886093 19.015 0.075
0.8022148463736812 19.05 0.04
0.8026950818424666 19.023 0.049
0.8033516416666316 19.041 0.06
0.8034291080997719 19.034 0.076
0.8054376240110287 19.01 0.061
0.8067684591636862 19.006 0.06
0.8094857555096496 19.116 0.078
0.8097804586217535 19.006 0.058
0.8134573794317476 19.001 0.069
0.8137547282193737 19.039 0.073
0.8140690987164817 19.094 0.052
0.814401432671184 19.18 0.091
0.8158557644950634 19.085 0.091
0.8168907544744798 18.893 0.043
0.8207099635605118 19.074 0.085
0.8232797944614504 19.145 0.066
0.8233048118730949 18.906 0.047
0.8258863761433531 19.159 0.104
0.827079002704886 19.151 0.055
0.8310482172850242 19.074 0.058
0.8315029363751818 19.108 0.064
0.8315536955155038 19.075 0.058
0.8357861458547631 19.02 0.072
0.8383717733317098 19.069 0.081
0.8385211674743913 19.035 0.049
0.8399473579987897 19.018 0.064
0.8416019567042894 19.185 0.075
0.8419007785800203 19.135 0.044
0.8449892605798595 19.047 0.06
0.8460094910018596 19.189 0.119
0.8465068013114432 19.046 0.049
0.8479065605910363 18.957 0.058
0.8492548345656359 19.052 0.049
0.853215439665655 19.177 0.088
0.8547999898741181 19.058 0.095
0.8565604149565842 19.052 0.088
0.8578449181535688 19.143 0.081
0.8595992633994682 18.961 0.07
0.8630293728587275 19.097 0.093
0.8638157504368791 19.073 0.067
0.8664126025445511 19.007 0.058
0.867103697418679 19.018 0.05
0.8701975068410319 19.04 0.052
0.8719597115836222 19.286 0.09
0.8729152533036539 18.979 0.081
0.8744309465613695 19.097 0.079
0.874907208606055 19.082 0.088
0.8753157924133119 19.123 0.07
0.8755318949528372 19.065 0.087
0.8801210321757025 19.151 0.088
0.8809755448141003 19.064 0.108
0.8826703980688761 19.111 0.076
0.8856616240949733 19.04 0.056
0.8863784032922921 19.247 0.085
0.8872356306314031 19.131 0.061
0.8877133040799889 19.211 0.079
0.8914662884748394 19.08 0.061
0.8919480923044829 19.07 0.055
0.8954356166563229 19.058 0.078
0.8979110070489695 19.062 0.07
0.8987162715015073 19.103 0.061
0.899681186737689 19.129 0.079
0.9026078443670484 19.048 0.067
0.9056014601950664 19.053 0.061
0.9076515620476129 19.075 0.049
0.9094824093775968 19.131 0.069
0.9099131780179959 19.039 0.055
0.9106849572721329 19.111 0.082
0.9110026043385004 19.108 0.063
0.9123305635561336 19.223 0.076
0.9168380770828661 19.147 0.072
0.9194721905618279 19.088 0.05
0.9214751506391621 19.156 0.082
0.9295397911741019 19.09 0.095
0.9307826021744403 19.034 0.072
0.9337102101048003 19.193 0.058
0.9346544331341646 19.028 0.047
0.9369942300858383 19.247 0.076
0.9397244739524466 19.083 0.069
0.9410761216171522 19.282 0.069
0.9422816547697948 19.173 0.073
0.9426148028222996 19.157 0.079
0.9453261078982904 19.116 0.06
0.9456570640380959 19.112 0.056
0.9470708457241925 18.988 0.058
0.9479274116469241 18.984 0.06
0.948942936984531 19.21 0.07
0.9498299973532993 19.261 0.09
0.9508799948438535 19.196 0.104
0.9513591859535153 19.165 0.081
0.9522431951030739 19.142 0.064
0.9527779035646744 19.173 0.076
0.9530685098829053 19.197 0.091
0.9533850820647785 19.213 0.07
0.9537789472446092 19.033 0.075
0.9546175216118171 19.271 0.081
0.9564252551957906 19.09 0.069
0.9571352424385622 19.223 0.091
0.9588046929119627 19.158 0.067
0.9629752449822262 19.165 0.07
0.9653352675435598 19.276 0.079
0.965680836053616 19.098 0.067
0.9668393605701566 19.243 0.075
0.9676517699730538 19.059 0.087
0.968208572273761 19.167 0.063
0.9721575081161062 19.251 0.076
0.9735424461545334 19.057 0.073
0.9753642143436081 19.328 0.128
0.975432073356751 19.067 0.072
0.9771843653201358 19.021 0.101
0.9813413994455913 19.216 0.099
0.9824407587206223 19.109 0.04
0.9847068763951028 19.214 0.095
0.990551642642822 19.011 0.058
0.9920208781490145 19.134 0.05
0.9953892701154472 19.169 0.078
0.9980026406878095 19.15 0.066
0.9993194057982691 19.09 0.069
0.9994135995679243 19.204 0.055
