0.00022666788390779402 19.245 0.083
0.0003571209708752576 19.247 0.079
0.0021709923221351346 19.354 0.077
0.0037808553397553624 19.21 0.054
0.003998307784968347 19.368 0.086
0.006341801480630238 19.217 0.111
0.007186009656834358 19.285 0.05
0.008395345896133222 19.326 0.075
0.009662636670327629 19.352 0.085
0.010335295666664024 19.283 0.069
0.010504516104447248 19.291 0.056
0.011747265660233097 19.332 0.069
0.0128974288977588 19.336 0.044
0.014406205992600007 19.299 0.102
0.014984505192842335 19.319 0.075
0.015160859571551555 19.426 0.077
0.01563248588809074 19.25 0.057
0.017870568632133654 19.131 0.082
0.020017252405523323 19.164 0.082
0.020773255358108145 19.301 0.104
0.02208716866425675 19.262 0.08
0.022272704878105287 19.321 0.069
0.02241994379346579 19.231 0.079
0.02276171772791713 19.352 0.066
0.022810371862760803 19.256 0.093
0.024244535557954805 19.204 0.102
0.0242819263594356 19.387 0.092
0.025662348156402004 19.392 0.085
0.026002581539614766 19.083 0.069
0.02662518095712585 19.245 0.063
0.02725114035183651 19.472 0.092
0.027729102043849707 19.241 0.048
0.029812036596922553 19.307 0.095
0.029978217169627897 19.284 0.063
0.030108246155577945 19.38 0.089
0.03048053087786684 19.191 0.109
0.03074383669081726 19.158 0.096
0.032019976588344434 19.323 0.08
0.032120771546942706 19.363 0.069
0.03252340674498555 19.197 0.102
0.03323121944140439 19.405 0.072
0.03514350711247971 19.277 0.089
0.03563398789992789 19.377 0.057
0.036634417249842954 19.417 0.069
0.03667556521122606 19.344 0.059
0.03893322392104892 19.278 0.075
0.03977560452585749 19.212 0.063
0.04040120231366018 19.336 0.14
0.04255089877733553 19.346 0.056
0.04405054590188229 19.542 0.115
0.04429083870263639 19.39 0.079
0.045040722660814936 19.467 0.098
0.048102961391123245 19.328 0.072
0.04970470098305668 19.285 0.077
0.050109340611015796 19.337 0.075
0.05242058733438171 19.408 0.063
0.05351987810990977 19.375 0.06
0.05410216319614847 19.391 0.099
0.055244556469006056 19.206 0.079
0.05529932145600469 19.369 0.056
0.05591659178480768 19.4 0.096
0.05698194312662963 19.374 0.085
0.05731246015329816 19.308 0.077
0.05910989716358017 19.315 0.076
0.059134199285836075 19.462 0.06
0.059537258584896335 19.524 0.123
0.059724212843320856 19.365 0.051
0.0599595384173881 19.397 0.121
0.06113989430377842 19.321 0.06
0.06213324603595538 19.346 0.076
0.0635526201886023 19.307 0.073
0.0641614175756331 19.313 0.095
0.0645526899043034 19.203 0.053
0.06622114991205308 19.434 0.069
0.06664877760704258 19.426 0.082
0.06701465408332297 19.299 0.064
0.06711362961641498 19.293 0.111
0.06779624406590301 19.343 0.07
0.06874747044275864 19.319 0.105
0.06921828387567075 19.396 0.069
0.06986947683890321 19.457 0.137
0.07074473846751062 19.362 0.061
0.07419849899906694 19.391 0.072
0.07585510953958874 19.305 0.056
0.07604515355797048 19.327 0.057
0.0777648854373183 19.304 0.066
0.07788223527131777 19.429 0.091
0.07874670781620807 19.4 0.114
0.07877202462623245 19.411 0.061
0.07899779810213658 19.225 0.109
0.08125234630551859 19.415 0.059
0.08274718823304283 19.346 0.114
0.0836681201999454 19.266 0.053
0.08403527541213407 19.164 0.076
0.08438111847499385 19.444 0.056
0.08997684082305568 19.403 0.105
0.090014705874637 19.357 0.05
0.0946519182252814 19.423 0.096
0.0952864150303867 19.312 0.088
0.0953324096817596 19.26 0.079
0.0969646328867384 19.432 0.08
0.09881629839219386 19.319 0.096
0.10105704456600506 19.523 0.12
0.10138787973301078 19.533 0.072
0.10263868010133592 19.394 0.076
0.10281449996000447 19.33 0.056
0.10318526684932294 19.393 0.066
0.10600618154512631 19.459 0.112
0.1079603989401221 19.372 0.077
0.1096266487675166 19.351 0.086
0.1098153184630064 19.314 0.112
0.11021108599379659 19.455 0.061
0.11068564818651794 19.412 0.066
0.11232393432055687 19.439 0.111
0.11368138682610152 19.586 0.142
0.11392369863096974 19.331 0.092
0.1163555971261303 19.334 0.066
0.11700704796112404 19.327 0.099
0.11821128383780888 19.3 0.076
0.11894492463261486 19.332 0.051
0.1190127014860991 19.411 0.104
0.11916562912210793 19.418 0.072
0.11988060465046146 19.392 0.083
0.12145928973586706 19.208 0.093
0.1223574312425626 19.335 0.08
0.12299515908944159 19.304 0.092
0.12384442613529245 19.36 0.085
0.12527946323643846 19.266 0.069
0.12566604473067855 19.404 0.08
0.12783487848355435 19.364 0.073
0.12787973593913193 19.414 0.111
0.1303908136778773 19.677 0.16
0.13090278124582255 19.617 0.172
0.13274258468209155 19.483 0.143
0.13353693285716872 19.497 0.083
0.13694912329901854 19.202 0.091
0.1370618697410464 19.356 0.064
0.13837091560981207 19.44 0.091
0.13975706564906432 19.46 0.082
0.14024145015901013 19.485 0.057
0.1414315097990766 19.358 0.085
0.14310503484830406 19.478 0.072
0.14316608111585083 19.532 0.072
0.14486824145933497 19.478 0.075
0.14539308775601967 19.429 0.086
0.14599168664517492 19.37 0.064
0.1463178144313133 19.454 0.091
0.14715445839374297 19.304 0.086
0.14792100936119823 19.382 0.077
0.14909201495265734 19.359 0.054
0.14927156085241222 19.536 0.095
0.15073318089616805 19.362 0.051
0.15115701388185698 19.325 0.07
0.15164033800920151 19.351 0.072
0.15375713690082193 19.368 0.069
0.1552318747717436 19.582 0.163
0.1555110784329372 19.445 0.07
0.15582539207389345 19.437 0.091
0.15595995998228318 19.367 0.066
0.15704897716386768 19.513 0.121
0.15758623659348814 19.304 0.056
0.1601480850322332 19.395 0.066
0.16115184744103317 19.41 0.067
0.16155708580072314 19.482 0.124
0.16187863514278433 19.432 0.104
0.16271326652895368 19.418 0.07
0.16279983535605425 19.459 0.054
0.16376662069342274 19.404 0.073
0.16432480126422888 19.423 0.063
0.1655941191884267 19.362 0.08
0.16663979477425528 19.492 0.085
0.16786013227647345 19.399 0.086
0.1699804887512073 19.306 0.079
0.17002882474662329 19.286 0.069
0.1704784277917497 19.366 0.075
0.1712518172776072 19.509 0.108
0.17275749003874807 19.227 0.053
0.17524164792030206 19.621 0.121
0.17677260414257034 19.425 0.066
0.17716473924974707 19.214 0.08
0.18365801474556065 19.444 0.108
0.1849842142214584 19.413 0.069
0.18599106638976082 19.457 0.098
0.18739211218962737 19.449 0.075
0.18809100486760144 19.388 0.053
0.1902868708666574 19.399 0.098
0.190360338413484 19.659 0.146
0.1912603554137604 19.299 0.057
0.19316140889714006 19.353 0.063
0.19348557597459148 19.344 0.093
0.19362439801443543 19.393 0.111
0.19648492629130487 19.483 0.095
0.1975678471962965 19.394 0.08
0.19944999014205678 19.314 0.082
0.20138361491081014 19.388 0.054
0.20358603043678158 19.315 0.077
0.2039153351697678 19.497 0.112
0.20778333732323517 19.405 0.12
0.20838661444577156 19.258 0.061
0.2087933852126298 19.452 0.06
0.20910481484406773 19.631 0.107
0.210996054410316 19.277 0.059
0.21229630722518777 19.306 0.043
0.2126360394358926 19.509 0.107
0.21479626513701078 19.33 0.064
0.21699268837528507 19.394 0.053
0.21746502778660215 19.329 0.077
0.21886231419784963 19.446 0.069
0.22031078726740816 19.258 0.083
0.22308181084190437 19.31 0.069
0.22679733637914978 19.46 0.064
0.2268928958660581 19.372 0.069
0.2277751229785281 19.258 0.073
0.2288657577819322 19.474 0.096
0.2292002898411738 19.389 0.096
0.23066850733448518 19.393 0.101
0.23178824105343665 19.46 0.082
0.23381341224830976 19.373 0.146
0.23656953388945112 19.387 0.066
0.23891576585629082 19.323 0.086
0.23946979628453846 19.311 0.069
0.23966595955334924 19.616 0.092
0.23978701245232514 19.284 0.085
0.24036651777350926 19.529 0.108
0.24172696222285595 19.372 0.061
0.24295970643015607 19.326 0.067
0.24406789622298675 19.42 0.089
0.2444188001263683 19.49 0.08
0.24586077553522045 19.395 0.057
0.247429334737717 19.463 0.085
0.24811488506293244 19.529 0.117
0.24824962142884033 19.362 0.105
0.24852696837115218 19.418 0.109
0.24916159188433085 19.485 0.108
0.24919797442453273 19.42 0.075
0.2506180678437886 19.413 0.098
0.25063754402162886 19.273 0.083
0.25223138668479805 19.328 0.093
0.2542966019927917 19.452 0.096
0.25470199003575544 19.32 0.075
0.2556190900013462 19.616 0.147
0.2568282017164165 19.479 0.133
0.2627518939971196 19.424 0.091
0.26594238206325826 19.631 0.143
0.26638651671055413 19.363 0.093
0.2679121875662531 19.454 0.089
0.2707119605411208 19.384 0.067
0.2710017141885146 19.441 0.075
0.2716406128356539 19.362 0.057
0.2719000574998063 19.414 0.064
0.2728621727492282 19.439 0.075
0.2738189986866928 19.372 0.077
0.2746125566986848 19.468 0.093
0.2748002159050884 19.373 0.061
0.27682661396829644 19.173 0.053
0.2773350884199317 19.666 0.085
0.2775780925721847 19.72 0.172
0.27826916736285057 19.411 0.075
0.2801356661320824 19.472 0.092
0.2802365942279721 19.542 0.111
0.2811698684336079 19.402 0.075
0.28645288241750677 19.398 0.053
0.28744611558749966 19.413 0.066
0.288584647710195 19.611 0.131
0.28901511346521147 19.348 0.082
0.2898266071015314 19.338 0.072
0.2900342372290652 19.495 0.109
0.2902011207779651 19.381 0.093
0.2926929219165686 19.37 0.114
0.293096586376123 19.52 0.099
0.293202510845731 19.644 0.093
0.29350582099550593 19.384 0.093
0.2941890406054881 19.426 0.091
0.2981265493672254 19.308 0.086
0.2984302171780655 19.284 0.077
0.2990123963027145 19.254 0.086
0.3008691932909642 19.319 0.067
0.30113817127949005 19.369 0.079
0.3015072872003657 19.554 0.123
0.3023043489556585 19.281 0.075
0.30362915953446645 19.538 0.104
0.3052059918463783 19.495 0.098
0.30686613082161784 19.352 0.066
0.30707857231891467 19.342 0.077
0.30751229011730175 19.373 0.075
0.30765374446764326 19.398 0.063
0.30845391870116146 19.329 0.064
0.3091110812329134 19.39 0.102
0.31195189423397096 19.384 0.08
0.31197306287413085 19.123 0.072
0.31242382411710423 19.301 0.082
0.3130272924172459 19.304 0.06
0.3145154726844339 19.412 0.115
0.3151831768000193 19.486 0.092
0.31720999896424473 19.345 0.093
0.3181673280460018 19.334 0.137
0.3207651596148935 19.298 0.08
0.3217617507907562 19.423 0.075
0.32296229594749093 19.415 0.089
0.3256890131324326 19.348 0.079
0.3273395688902383 19.241 0.075
0.32755371125040256 19.335 0.048
0.32765232517704135 19.378 0.053
0.3303207363369438 19.339 0.089
0.3305137162324172 19.427 0.088
0.33082256344778216 19.248 0.08
0.3311515710429376 19.313 0.069
0.3353384193310376 19.517 0.101
0.3359205569622645 19.472 0.085
0.33857215760326653 19.39 0.061
0.3397023207735401 19.383 0.073
0.34072777374058205 19.324 0.067
0.341811322524336 19.481 0.061
0.3435714727238519 19.507 0.128
0.3450203698939731 19.488 0.108
0.34536616503555706 19.387 0.061
0.34609553515201696 19.407 0.073
0.3468014577811118 19.321 0.085
0.34702868264866993 19.394 0.086
0.34989385383869376 19.388 0.093
0.3514530938673488 19.39 0.099
0.35261066349085013 19.316 0.077
0.35573102718717564 19.413 0.066
0.35632596450523124 19.395 0.08
0.3564028940463686 19.471 0.134
0.3592920430437516 19.42 0.079
0.3595011411098312 19.407 0.066
0.3598227111979213 19.468 0.091
0.36041282257247076 19.305 0.059
0.3620523355739351 19.504 0.095
0.3645612695718228 19.371 0.089
0.3654858776853871 19.423 0.089
0.36864061949108873 19.57 0.091
0.369252400676487 19.301 0.073
0.3695432895478916 19.358 0.057
0.372600841899839 19.51 0.077
0.37342483165684826 19.385 0.085
0.3738898605251961 19.438 0.067
0.3763157042376406 19.284 0.051
0.3763379957554207 19.513 0.112
0.37723250063663727 19.576 0.076
0.37746883670024545 19.416 0.066
0.37759739774674017 19.419 0.096
0.3808864456432275 19.426 0.098
0.3822154458857767 19.306 0.083
0.3827085029151931 19.273 0.083
0.3837609463798799 19.341 0.076
0.3837681425611663 19.3 0.056
0.3839931177271865 19.346 0.083
0.38724657127568207 19.509 0.098
0.38845439165379503 19.432 0.101
0.388906583287735 19.513 0.092
0.3895201984723826 19.595 0.112
0.38959531698947103 19.425 0.08
0.39056162190127 19.517 0.143
0.3919381410551068 19.53 0.061
0.3927273784956924 19.234 0.093
0.39578436520787363 19.365 0.057
0.39628303191602754 19.375 0.059
0.3984888553422934 19.439 0.077
0.4007310694541957 19.544 0.101
0.4009804734496356 19.389 0.069
0.4010634765481882 19.394 0.123
0.40174842171381897 19.339 0.077
0.4036353135338686 19.351 0.108
0.4044121588422058 19.466 0.067
0.4060482639433758 19.583 0.086
0.40667805336852325 19.49 0.086
0.4075697014150137 19.437 0.093
0.4079262214254413 19.42 0.083
0.4102747342149087 19.696 0.128
0.4103370073498809 19.541 0.066
0.41187463166170346 19.378 0.105
0.4123699549390949 19.587 0.083
0.4129449149077118 19.419 0.076
0.4155370431817573 19.682 0.121
0.4166827798862869 19.581 0.088
0.4167508477039519 19.393 0.066
0.41748412689230463 19.512 0.077
0.41880899353873247 19.542 0.111
0.41935662412288366 19.297 0.067
0.4193866003920448 19.509 0.117
0.41995876602231874 19.545 0.109
0.4204146357742502 19.529 0.08
0.4209113958695525 19.458 0.072
0.423282354058756 19.377 0.076
0.42570539700409427 19.421 0.072
0.42809418683100375 19.518 0.107
0.4287830326666153 19.844 0.156
0.4288016334639906 19.712 0.104
0.4317954447433294 19.661 0.098
0.4335958882711566 19.365 0.082
0.43360729708911094 19.495 0.075
0.4341501516246353 19.408 0.096
0.43794482331304607 19.45 0.082
0.4410166432899132 19.644 0.101
0.4412272572153597 19.484 0.096
0.44139098850973824 19.402 0.089
0.4419070064304833 19.45 0.112
0.4436056257363816 19.469 0.08
0.4438434858043365 19.49 0.108
0.4463307979131059 19.487 0.054
0.44672750529207406 19.338 0.091
0.44679015263409383 19.386 0.099
0.447645212390853 19.523 0.091
0.44925431242063496 19.585 0.099
0.45016319311616826 19.56 0.13
0.45093711712252116 19.416 0.073
0.45147468629147625 19.554 0.099
0.4515929801727907 19.552 0.069
0.45232187826604786 19.525 0.076
0.4526797538255778 19.45 0.096
0.4529886635364164 19.417 0.089
0.4533455098335253 19.648 0.115
0.4540898962477513 19.633 0.077
0.4571629304900853 19.682 0.096
0.4579417530530918 19.577 0.098
0.4580155367666521 19.621 0.121
0.45834469181772874 19.45 0.06
0.46084246869668277 19.458 0.08
0.46270181278032396 19.633 0.082
0.46316609940640774 19.409 0.104
0.4632734918131973 19.348 0.096
0.46451697521069946 19.592 0.108
0.4649755896616625 19.605 0.073
0.46618340806890046 19.643 0.115
0.46619366906179494 19.755 0.207
0.46637969187395356 19.511 0.105
0.46652219005954976 19.372 0.085
0.4667325564860221 19.485 0.085
0.4669590556577532 19.19 0.056
0.47046800330554106 19.327 0.091
0.4718201558707733 19.456 0.096
0.47423744759908004 19.41 0.102
0.4748037560511875 19.347 0.098
0.47552286714744696 19.408 0.069
0.47735389210538415 19.353 0.076
0.48072194461383333 19.441 0.124
0.4811633970575713 19.455 0.096
0.4822887323116447 19.364 0.063
0.4827213936723638 19.353 0.073
0.48323337581314263 19.496 0.091
0.4834635200113553 19.585 0.101
0.4857570931817463 19.222 0.076
0.4865148510943982 19.433 0.085
0.48660178598311177 19.428 0.105
0.4876541733810882 19.536 0.133
0.48829527578072884 19.352 0.064
0.48831225278445345 19.349 0.08
0.4895242067595973 19.423 0.07
0.4904287481094798 19.237 0.095
0.49046707875731954 19.34 0.07
0.4910106090937916 19.097 0.048
0.4915534782026043 18.995 0.045
0.49298975031706505 19.092 0.069
0.49331899898334086 19.235 0.079
0.49429428640905826 19.443 0.108
0.49713503691600636 19.165 0.076
0.49744222501612967 19.36 0.105
0.49822098311233276 19.088 0.056
0.49823772299077973 19.231 0.123
0.4987829188694377 19.216 0.061
0.5011705378956322 19.158 0.07
0.5014738315003342 18.951 0.048
0.5020329207964096 19.248 0.064
0.5021315512694855 19.191 0.07
0.5041643844951977 19.047 0.069
0.508260457747383 19.214 0.066
0.5101529031799146 19.0 0.043
0.5101837881747997 19.014 0.057
0.5103706737645552 19.125 0.082
0.5131539044659803 18.998 0.054
0.51468666134042 19.067 0.059
0.5150436760941375 18.985 0.061
0.516164942220712 19.051 0.079
0.5167262977656719 19.09 0.048
0.5175431538391422 18.853 0.051
0.517686244583274 18.85 0.05
0.5182151266590154 18.893 0.043
0.5210518394133032 18.858 0.07
0.5216526504564172 18.957 0.041
0.5217696656027329 19.049 0.056
0.5221354235181934 19.183 0.07
0.5230261692668137 19.072 0.059
0.5253334362778332 18.886 0.043
0.5255732489085858 19.002 0.047
0.5261167251510415 19.015 0.038
0.5289044802020726 19.073 0.075
0.530052666184929 18.886 0.04
0.5306038750986772 18.973 0.073
0.5308328714709205 18.836 0.038
0.5312629837644636 18.899 0.048
0.5334070851213255 19.03 0.045
0.5343050270503227 18.89 0.06
0.5353964228693258 18.98 0.054
0.5364100409433377 18.818 0.066
0.5385146388798603 18.801 0.038
0.5391635364476315 18.935 0.031
0.5424219384472053 18.796 0.059
0.542443911825103 18.955 0.059
0.5430121683839388 19.042 0.092
0.5437221747151852 18.817 0.091
0.544100403802986 18.915 0.07
0.5442795236285747 18.853 0.035
0.545036979946417 18.941 0.045
0.547054634847882 18.987 0.079
0.5493853224279519 19.01 0.063
0.554810325280414 18.921 0.064
0.5550282225744922 18.858 0.044
0.5558161896806268 18.936 0.045
0.5581340484268367 19.014 0.057
0.5584566976713177 18.9 0.06
0.5591720266611446 18.903 0.037
0.5620249907233301 18.799 0.04
0.5647293311758403 18.861 0.051
0.5647582762085221 18.797 0.076
0.5662079217945575 18.828 0.06
0.5676402932385827 18.838 0.053
0.5681932237639558 18.904 0.057
0.5695437898275486 18.908 0.05
0.5713381351069984 18.859 0.054
0.5737146884016511 18.901 0.054
0.5740176868403069 18.86 0.038
0.5751912123514558 18.805 0.066
0.5781934424776409 18.797 0.048
0.5790179188325055 18.84 0.051
0.5799526693763255 18.812 0.04
0.580372585144687 18.818 0.035
0.5833537859407443 18.881 0.043
0.5836126380454516 18.869 0.047
0.5836322555060178 18.871 0.054
0.5843785964552808 18.844 0.053
0.5851496073037197 18.84 0.053
0.5861859409960744 18.979 0.085
0.5876178112694106 18.91 0.077
0.5891440267632788 18.891 0.05
0.5899364517790673 18.842 0.054
0.5911996588520196 18.849 0.053
0.5914076404678781 19.097 0.088
0.593067625560252 19.034 0.07
0.596277893369006 18.86 0.05
0.5970035520203965 18.886 0.051
0.5973327362189593 18.939 0.05
0.5995460532185461 18.875 0.04
0.6000366691150703 18.826 0.037
0.6002691440280614 18.832 0.047
0.6003451482956734 18.949 0.047
0.6024842678525602 18.8 0.04
0.6031801831613848 18.834 0.037
0.6039401846010151 18.873 0.051
0.6056822015711987 18.852 0.056
0.607543703967167 18.734 0.054
0.6086421213371978 18.874 0.054
0.608709309830374 18.899 0.064
0.6093664244399406 18.855 0.041
0.6099445178906535 18.768 0.067
0.6103135006742377 18.941 0.064
0.6145410646759046 18.976 0.045
0.6148225200113302 18.963 0.05
0.6149924807191383 19.007 0.056
0.6150465679320405 18.834 0.051
0.6152548758336707 18.828 0.077
0.6158966957827943 18.87 0.051
0.6169495779240606 18.88 0.082
0.6181065549881168 18.909 0.051
0.6185336627377183 18.826 0.05
0.6190497159777806 18.894 0.076
0.6195326886181647 18.989 0.064
0.6204687220961205 18.852 0.073
0.6222847245844605 18.981 0.06
0.6227087260267581 18.857 0.051
0.624408678162581 18.793 0.041
0.6244108238752233 18.878 0.041
0.6245189274050063 18.895 0.07
0.6257253588878484 18.924 0.056
0.6273538851996818 18.946 0.057
0.6305810114499764 18.934 0.032
0.632357348489677 18.945 0.057
0.6337123598623293 19.036 0.069
0.6352182529476522 18.981 0.082
0.6356063377011196 18.932 0.056
0.6356364970006325 18.888 0.067
0.6358424887594083 18.913 0.07
0.6366121440605639 18.887 0.047
0.6375327163950715 18.991 0.07
0.6377007536866586 18.898 0.05
0.6391301247858792 18.884 0.038
0.63953672512298 18.891 0.04
0.6408526408858961 19.079 0.047
0.6418945988334599 18.889 0.047
0.6422772796577192 18.889 0.05
0.6446340677830449 18.952 0.054
0.6451986067031612 18.909 0.051
0.6473013916420314 18.911 0.045
0.647468044238849 18.989 0.05
0.6479498670796602 18.969 0.057
0.6535401896999247 19.061 0.061
0.6564135967055336 19.023 0.077
0.6570382067257015 18.898 0.061
0.6571628090641752 19.011 0.05
0.6582684851091472 18.949 0.082
0.658872485700158 18.979 0.063
0.659283003253222 19.172 0.099
0.6595801153653156 18.913 0.05
0.6612441715583373 18.954 0.054
0.6618921584254167 18.917 0.05
0.6619479546479852 18.933 0.04
0.6625068754874519 18.929 0.069
0.6637775262397554 19.066 0.075
0.6640252231991326 18.998 0.041
0.664246081571946 19.009 0.045
0.6644444965149887 18.957 0.076
0.6649823546767948 18.991 0.035
0.671468375697259 19.008 0.066
0.6729968347190152 19.019 0.056
0.6732904183954815 18.913 0.054
0.6740056974904292 19.031 0.054
0.6744790308439406 19.198 0.086
0.6759327831059636 19.074 0.054
0.6765678640690567 18.926 0.059
0.6765707584527263 18.962 0.05
0.6771097664113768 18.947 0.061
0.6773621396323506 19.02 0.054
0.6793629526382574 19.046 0.099
0.6800348340711935 19.064 0.044
0.6802069197447054 18.987 0.054
0.6810059587542128 19.067 0.061
0.6812903833133532 19.137 0.08
0.6816261649601074 19.299 0.098
0.6823980304416182 19.09 0.048
0.6830253705866198 19.008 0.048
0.6834970675454315 18.894 0.041
0.6849195875238365 18.962 0.044
0.6849888883816675 18.986 0.05
0.6857427935447049 18.992 0.098
0.6860970781740434 18.987 0.043
0.6883243468864748 19.007 0.037
0.6904537604614234 18.962 0.073
0.6905551771269529 18.985 0.047
0.6928553645493594 19.1 0.053
0.6940506263113093 19.071 0.073
0.6954223029770219 19.113 0.069
0.6958296455550226 19.032 0.047
0.6969129260933187 19.067 0.054
0.6975372325473472 18.958 0.04
0.698078074507066 19.131 0.079
0.6985314949797612 19.178 0.086
0.6989875976560143 19.067 0.057
0.699930108047738 18.994 0.064
0.7008918345154598 19.021 0.064
0.7022686987293127 19.009 0.048
0.7026293896306015 19.128 0.066
0.7065784069982328 18.898 0.06
0.706880401120543 18.984 0.048
0.7070026974333814 18.957 0.048
0.7077119301466155 19.127 0.069
0.7103089634056232 18.932 0.053
0.710418853012925 18.947 0.06
0.7129020023785415 19.067 0.069
0.7135371189197031 19.028 0.06
0.7138817642608046 19.008 0.054
0.7156276737550797 19.062 0.064
0.7169273920490014 18.95 0.05
0.7180694671806123 19.068 0.06
0.7201477837697894 19.05 0.051
0.7204788039398409 18.959 0.045
0.7211448136204126 19.099 0.124
0.7216166810085269 19.069 0.054
0.7222125996668183 19.105 0.072
0.7227444655409272 18.963 0.079
0.7238042985900393 19.235 0.099
0.7245248902272579 19.085 0.059
0.728011681465432 19.025 0.083
0.7301691316024517 19.123 0.096
0.7309103012921696 19.085 0.059
0.7310863022094054 19.024 0.053
0.7338150798914285 19.084 0.063
0.7339455621267916 19.102 0.06
0.734704773402882 19.076 0.059
0.7359429361131333 19.133 0.045
0.7359650445996522 19.037 0.051
0.7367385464758627 19.079 0.063
0.7394665339934363 19.123 0.038
0.7403556828685396 19.09 0.061
0.7429657153916196 19.089 0.056
0.7448281845554448 19.038 0.047
0.7459926717410781 19.142 0.083
0.7475680195675523 19.021 0.066
0.7477790721686688 19.083 0.092
0.7484007942348399 19.161 0.072
0.7487023953744938 19.073 0.063
0.7488501935013119 19.075 0.066
0.7493600235015947 18.922 0.064
0.7514194522718753 19.101 0.05
0.7522480227016786 19.033 0.086
0.7566316475649728 19.097 0.08
0.7578495856832888 19.004 0.053
0.7603600083657511 18.999 0.056
0.760476609784746 19.063 0.064
0.7616885304123571 19.084 0.067
0.7630003977947126 19.11 0.053
0.7634067298849914 19.113 0.064
0.7635437949948027 19.008 0.053
0.7680339578882922 19.097 0.091
0.7686349769091976 19.053 0.059
0.7705138823848756 19.155 0.06
0.7712262320328591 19.23 0.072
0.7733442367889438 19.148 0.054
0.7734560330109161 19.044 0.061
0.7738920815245365 19.096 0.076
0.7751688557291345 19.048 0.056
0.7776502128435823 19.114 0.054
0.7782939954740868 19.215 0.045
0.7790266549291118 18.918 0.08
0.7794159727227452 19.092 0.056
0.7803792795184563 19.058 0.063
0.7815545765351999 19.089 0.072
0.7817194722001659 19.141 0.063
0.7826962275648839 19.129 0.092
0.7827239956250196 19.068 0.063
0.7828437221241984 19.267 0.063
0.7832406686011382 18.992 0.083
0.7841961011872627 19.11 0.043
0.7851022769600604 19.144 0.073
0.7856965446480899 19.043 0.056
0.7858842330042535 19.032 0.048
0.7865558316179886 19.239 0.059
0.7878955295545893 19.179 0.07
0.7887780268856659 18.977 0.05
0.7892156327543489 19.174 0.067
0.7892541691517181 19.179 0.066
0.7899219856572017 18.989 0.059
0.7916813602660113 19.187 0.066
0.7921624907603473 19.043 0.063
0.7929737867925724 19.251 0.102
0.7948486545164997 19.101 0.064
0.795287983966773 19.126 0.053
0.7954080140316364 19.137 0.077
0.7965322575269056 19.142 0.047
0.7986616940770546 19.116 0.064
0.7987057613672732 19.077 0.041
0.7987408671460798 19.195 0.072
0.8003744750467376 19.147 0.077
0.8020217997627697 19.149 0.063
0.8021597111023766 19.022 0.067
0.802497376644169 19.398 0.117
0.8041332987140777 19.147 0.061
0.8049122897336929 19.189 0.06
0.8056907380896519 19.229 0.072
0.8058256075928512 19.001 0.066
0.8068885595494066 19.237 0.101
0.8080646467296901 19.155 0.054
0.809201033140198 19.136 0.06
0.8137751905919686 19.086 0.079
0.8152659801935442 19.098 0.091
0.8159184998121418 19.094 0.124
0.8164364097729049 19.239 0.054
0.8179254216975096 19.174 0.08
0.8179915974742471 19.029 0.066
0.8181918380178104 19.147 0.079
0.8192203953176431 19.232 0.073
0.8213071826212399 19.154 0.072
0.8215404143493288 19.115 0.05
0.823590783790678 19.1 0.048
0.8239683892006724 19.139 0.056
0.8265357497575678 19.071 0.06
0.8266767093646195 19.092 0.066
0.8272400755113267 19.135 0.111
0.8283984518466241 19.164 0.098
0.8288378998595363 19.146 0.092
0.8297963308168619 19.176 0.076
0.8307630808340036 19.059 0.06
0.8310039745938411 19.186 0.07
0.8311477431134335 19.104 0.08
0.835503225708635 19.189 0.069
0.8410854476223903 19.193 0.063
0.8412927741828753 19.117 0.077
0.841834661951907 19.365 0.112
0.8428533470405455 19.171 0.069
0.8446413359415601 19.175 0.088
0.8455259624379323 19.23 0.083
0.8460898151834044 19.145 0.067
0.8468037387301592 19.169 0.054
0.8481541988330719 19.216 0.073
0.8496697166301601 19.122 0.056
0.8499812460504472 19.208 0.095
0.8505989115910779 19.196 0.054
0.8515037979991575 19.211 0.076
0.852123207868317 19.138 0.057
0.8553815039058463 19.098 0.067
0.8558441729119295 19.207 0.123
0.8574440639295062 19.193 0.066
0.857491279275564 19.039 0.064
0.8591498171763305 19.167 0.109
0.8602308606150473 19.181 0.072
0.8659320687584113 19.155 0.051
0.8665699171397137 19.264 0.059
0.8667274876884221 19.177 0.088
0.8678182203075266 19.292 0.095
0.8678367213169622 19.17 0.057
0.8730090619574185 19.24 0.073
0.8735746716329231 19.18 0.06
0.8736668731144164 19.237 0.089
0.8741923890393082 19.317 0.08
0.8746193824263173 19.195 0.08
0.8752942829769381 19.167 0.059
0.8756710587013004 19.114 0.051
0.8757943551286189 19.203 0.061
0.8770736638280141 19.014 0.061
0.8772999219281701 19.314 0.067
0.8784354556792096 19.263 0.069
0.8787747304404547 19.213 0.056
0.8790169071353375 19.11 0.067
0.8815425165439592 19.207 0.067
0.8819648109511036 19.015 0.04
0.8826879017601641 19.206 0.083
0.8832584643423615 19.177 0.054
0.8874937276686978 19.192 0.063
0.8884088876729948 19.106 0.051
0.8893942945551316 19.351 0.085
0.8901207932649413 19.263 0.06
0.8926543475245126 19.326 0.091
0.8929671744526786 19.189 0.057
0.893210317914054 19.28 0.092
0.8950541176109255 19.158 0.063
0.8952155826573289 19.229 0.07
0.8955120604614422 19.269 0.069
0.8966408201604281 19.227 0.092
0.8972976645518429 19.261 0.093
0.8973115372218672 19.249 0.076
0.8980833236619219 19.25 0.066
0.8985720329437754 19.191 0.072
0.8989763045374275 19.089 0.095
0.8990880301180368 19.188 0.072
0.9012968600609383 19.242 0.064
0.9029420472093079 19.248 0.091
0.9030079194208156 19.232 0.056
0.9032020491131334 19.243 0.125
0.9061012261781798 19.468 0.117
0.9088394581422108 19.255 0.054
0.9097088791395436 19.226 0.072
0.9099621215646039 19.162 0.096
0.9110172119144408 19.267 0.082
0.9126241743770152 19.195 0.043
0.9138577566700405 19.225 0.06
0.9159247017332746 19.166 0.059
0.9164877581406472 19.184 0.044
0.9197643015168069 19.205 0.06
0.9197958497125001 19.284 0.104
0.9198293689905768 19.194 0.048
0.9206846263514308 19.247 0.066
0.9222140439951545 19.204 0.045
0.927577008611479 19.294 0.086
0.9302926393183952 19.173 0.095
0.9329455394408797 19.129 0.057
0.933920460804984 19.098 0.077
0.9344947096519718 19.174 0.043
0.9349661218175243 19.265 0.079
0.9351185774303303 19.352 0.108
0.9353879795207831 19.196 0.05
0.9357995908048906 19.139 0.096
0.9363986908665538 19.172 0.053
0.9364927678407184 19.428 0.121
0.9370856654077215 19.273 0.091
0.9387905161020171 19.229 0.072
0.9413483080143124 19.256 0.102
0.9413764421369706 19.283 0.072
0.9415851015264707 19.185 0.072
0.9417802271332221 19.133 0.045
0.9428274351262189 19.122 0.07
0.9430996525570663 19.237 0.153
0.943462368634755 19.432 0.102
0.9436878864653409 19.071 0.059
0.94441212707261 19.238 0.073
0.9455518235672571 19.184 0.054
0.9471548688134135 19.226 0.064
0.9488962850773532 19.3 0.057
0.9519761079454838 19.211 0.059
0.9533344047094943 19.235 0.086
0.953638893804964 19.182 0.069
0.9544312002572042 19.382 0.117
0.9557661347480462 19.271 0.066
0.956076449901957 19.261 0.05
0.9561277924149181 19.159 0.054
0.9565914178128878 19.363 0.089
0.9574266978261221 19.184 0.072
0.9576227966263104 19.145 0.076
0.957910728875504 19.214 0.124
0.9614593481455813 19.358 0.088
0.9615992784893024 19.25 0.085
0.9622583725813456 19.215 0.075
0.9627526999438487 19.245 0.089
0.9655230538892283 19.191 0.079
0.9655978377177235 19.433 0.092
0.9691885907450342 19.217 0.063
0.9702148420210506 19.447 0.07
0.9731970034117694 19.237 0.07
0.9732196545637635 19.255 0.077
0.9733192145095018 19.285 0.047
0.9735099363010704 19.183 0.064
0.974409649734298 19.252 0.076
0.9746209414342957 19.23 0.091
0.9747036720864344 19.281 0.045
0.9783902651925018 19.329 0.064
0.980915866455689 19.384 0.112
0.9819297317735618 19.116 0.05
0.982269663561965 19.368 0.086
0.9840542364181601 19.249 0.06
0.9843355712173434 19.286 0.063
0.9862302601777628 19.299 0.098
0.9863055306050228 19.279 0.064
0.9875070716761911 19.307 0.093
0.9905682085309309 19.382 0.127
0.992213578710107 19.315 0.123
0.99286383825347 19.392 0.072
0.9951736815082768 19.527 0.07
0.995205379386789 19.165 0.061
0.9952334636145679 19.225 0.096
0.9956009078196075 19.34 0.105
0.9975865839951439 19.194 0.067
0.9985849466756918 19.449 0.104
0.9987379449521541 19.129 0.076
0.998910030625666 19.402 0.083
0.999923550883068 19.287 0.069
