0.00016325163815056332 19.377 0.071
0.0007598659443829314 19.306 0.103
0.0026919244550299704 19.307 0.05
0.003557482532778544 19.375 0.129
0.004257893593057838 19.301 0.059
0.00451693332879588 19.293 0.054
0.008027659903200424 19.279 0.071
0.008186825460506975 19.129 0.076
0.008244784932594507 19.217 0.052
0.008995749140376597 19.505 0.128
0.013005469020208715 19.443 0.105
0.015902788616267594 19.43 0.054
0.016755672006547706 19.188 0.047
0.017356313749041896 19.394 0.131
0.01814591004076649 19.279 0.067
0.018212593648422648 19.354 0.079
0.01828016174013103 19.347 0.055
0.02023290576053116 19.093 0.049
0.020736445522197777 19.429 0.156
0.02122729495240494 19.418 0.108
0.022501124765221925 19.244 0.039
0.025161733099048456 19.458 0.103
0.02859906564881387 19.436 0.125
0.03067591963431371 19.411 0.072
0.03217397283369794 19.347 0.071
0.033655525035464984 19.364 0.079
0.034513811604847455 19.252 0.135
0.03524739913918895 19.516 0.098
0.03654701496125201 19.229 0.085
0.03703582291145724 19.414 0.063
0.03778466501571531 19.301 0.065
0.03827603720528716 19.318 0.072
0.03926458482501405 19.318 0.059
0.0403176100163819 19.278 0.028
0.04061840188060162 19.177 0.11
0.041145121555382524 19.321 0.085
0.041440230899206676 19.27 0.05
0.04227085565016753 19.355 0.076
0.04474157251788713 19.306 0.063
0.04485244141724254 19.343 0.092
0.04501771091636331 19.371 0.079
0.0453386465809672 19.181 0.049
0.04590827559186439 19.262 0.082
0.04640623417199097 19.311 0.079
0.04641203741120992 19.298 0.071
0.047610230376813 19.205 0.059
0.04772941806245401 19.284 0.068
0.0496955899638124 19.193 0.088
0.049786820416011346 19.245 0.075
0.05045954520428497 19.273 0.094
0.051175140781560935 19.29 0.073
0.05152665211189744 19.351 0.069
0.051846858820135844 19.283 0.054
0.052071326954683195 19.156 0.091
0.05361122854938005 19.383 0.099
0.05406479894772931 19.216 0.088
0.054860647662644646 19.293 0.1
0.05559697434764532 19.271 0.055
0.056114599350985395 19.555 0.1
0.05672245841051338 19.201 0.075
0.0569170677175862 19.197 0.069
0.05732293405017119 19.268 0.074
0.05872320191192559 19.246 0.082
0.05942514600556026 19.419 0.065
0.06114874590493857 19.365 0.088
0.06153160525936985 19.378 0.095
0.061693518777610756 19.37 0.072
0.0628959050649428 19.306 0.105
0.06324450761749179 19.317 0.063
0.06720830297708746 19.552 0.14
0.06733701182602092 19.368 0.085
0.07104914381889105 19.312 0.097
0.0712808872043752 19.293 0.063
0.07160861721640688 19.345 0.1
0.07207844210292935 19.276 0.057
0.07372929124098848 19.291 0.052
0.07391180788399654 19.114 0.062
0.07544218831244509 19.381 0.049
0.07582204460086361 19.368 0.098
0.07701828156532431 19.411 0.102
0.07730732199333945 19.355 0.039
0.07877203239913799 19.298 0.1
0.08221500406684756 19.248 0.048
0.08390224422728354 19.233 0.078
0.0855419693329168 19.374 0.053
0.08613693186375715 19.34 0.08
0.08721709611509143 19.232 0.046
0.08783205551085305 19.345 0.053
0.09151275709191398 19.192 0.046
0.09301616258780998 19.292 0.104
0.09450154307605774 19.475 0.057
0.09587843342196722 19.353 0.07
0.09612851308511383 19.553 0.059
0.0963546173528812 19.482 0.083
0.0996964177442351 19.263 0.086
0.09994206793307969 19.355 0.085
0.1046360300810193 19.392 0.071
0.10654487189131034 19.45 0.149
0.10666126623473249 19.18 0.06
0.1085731111092173 19.35 0.109
0.108741058519081 19.451 0.101
0.10973436231543021 19.374 0.107
0.11077352432257614 19.272 0.067
0.11128218044214011 19.357 0.144
0.11188828286540231 19.332 0.076
0.11310590102984863 19.414 0.087
0.11340819442775685 19.346 0.083
0.1145850883593994 19.225 0.06
0.11599746960055202 19.405 0.055
0.11627934140087748 19.209 0.121
0.11713985669703109 19.336 0.071
0.11724237375929081 19.313 0.058
0.11838186441527798 19.416 0.096
0.11857125426686255 19.189 0.09
0.11963629326273806 19.409 0.078
0.11969361475976259 19.667 0.069
0.12000292984739647 19.598 0.099
0.12400758756339203 19.216 0.057
0.12533475329237265 19.296 0.093
0.12537963427566867 19.654 0.116
0.12564882455662885 19.267 0.068
0.12849342154222543 19.371 0.083
0.12872019197870943 19.4 0.042
0.12967040976254796 19.336 0.059
0.13208683110624408 19.332 0.055
0.13244583930863885 19.215 0.061
0.1331922920870966 19.302 0.069
0.13681329672763243 19.385 0.078
0.1373072210366445 19.446 0.071
0.13992572058523367 19.364 0.07
0.14045611456404006 19.228 0.096
0.1419875612242777 19.471 0.06
0.14229131584252175 19.344 0.067
0.14326049928640716 19.322 0.099
0.1440328902939655 19.428 0.124
0.14459929440172348 19.611 0.173
0.14607552052475514 19.458 0.091
0.1467209262706547 19.337 0.055
0.1479895679107358 19.514 0.071
0.14805283936620983 19.357 0.064
0.14835848367365545 19.331 0.079
0.14932185506622775 19.344 0.097
0.1499536807117693 19.229 0.062
0.15076470380395224 19.45 0.047
0.15085715425302626 19.386 0.103
0.15182810314345263 19.415 0.071
0.1519680426503328 19.529 0.095
0.1528002896524413 19.266 0.087
0.1548583178622721 19.522 0.111
0.15517083164049839 19.358 0.08
0.1586490844805667 19.282 0.063
0.15993734892472278 19.389 0.069
0.1608804613009852 19.286 0.052
0.16141159282997253 19.406 0.083
0.16193569759743698 19.285 0.106
0.16196322833993693 19.37 0.055
0.16540012558780293 19.384 0.088
0.1655158242378093 19.491 0.143
0.1663339212358551 19.388 0.073
0.16758663882901603 19.288 0.115
0.16941387290662535 19.324 0.072
0.16962424544490207 19.344 0.081
0.16976224657028072 19.326 0.044
0.1723525284945936 19.37 0.089
0.17258343453831915 19.224 0.079
0.1736900020599933 19.39 0.157
0.1746232681174661 19.356 0.045
0.17466709168083983 19.306 0.053
0.1781391634789543 19.447 0.129
0.1802587256755942 19.307 0.064
0.1803245562990924 19.601 0.121
0.18068507836815118 19.144 0.094
0.1817934078138933 19.728 0.184
0.18282255916201395 19.328 0.05
0.18365931583266504 19.261 0.071
0.18395046757577804 19.492 0.104
0.1850427418979962 19.334 0.092
0.18613275423049347 19.219 0.063
0.1865664991513768 19.389 0.065
0.18681251459056514 19.313 0.095
0.1874697594463669 19.423 0.046
0.18777334112965038 19.319 0.055
0.18968561249712368 19.271 0.048
0.18977579588558913 19.372 0.055
0.19039376341643222 19.513 0.109
0.1908675736644 19.507 0.137
0.19252173340319134 19.406 0.087
0.19356537731609935 19.344 0.056
0.19414459578310928 19.347 0.057
0.1945519460263313 19.172 0.081
0.19469903146809886 19.356 0.05
0.19489802112948384 19.337 0.068
0.19518793370812093 19.623 0.095
0.19567071438395944 19.631 0.168
0.19599392063391863 19.388 0.095
0.1965807498612776 19.398 0.088
0.1994703992180803 19.42 0.118
0.20177522601479725 19.311 0.107
0.20197223015193233 19.496 0.086
0.20275273331790233 19.421 0.068
0.20414383314746376 19.346 0.056
0.20591368272325783 19.372 0.073
0.20666090102931778 19.267 0.079
0.20736909754705268 19.442 0.075
0.20794570639363885 19.328 0.052
0.20892576912265215 19.386 0.051
0.21063028131256945 19.374 0.045
0.2106465968248813 19.304 0.059
0.21161858925588606 19.393 0.104
0.21269256408609183 19.348 0.065
0.2134243302192772 19.4 0.071
0.21359301694101307 19.625 0.185
0.21378539421507414 19.463 0.068
0.21410430030155114 19.436 0.056
0.21482860789583358 19.539 0.1
0.2149930611996297 19.647 0.095
0.21569133958419118 19.418 0.07
0.217973421771967 19.476 0.125
0.21841841299137743 19.309 0.085
0.22004877070039586 19.509 0.065
0.2209634469194498 19.233 0.103
0.22131698408556988 19.311 0.113
0.22190235892630883 19.448 0.115
0.22232725194444358 19.352 0.092
0.2237420963018849 19.524 0.063
0.22414677744691291 19.413 0.082
0.22432538582543204 19.377 0.079
0.22485460342695662 19.433 0.04
0.22490620011321882 19.262 0.096
0.22746641701214687 19.401 0.053
0.2290791217984861 19.348 0.048
0.22944584562301318 19.385 0.064
0.2303044432504976 19.396 0.083
0.23070967513140206 19.361 0.058
0.23127082651935782 19.411 0.083
0.23138988115206305 19.513 0.105
0.23150220091192752 19.479 0.095
0.23373971317632825 19.448 0.074
0.23380756963561 19.385 0.059
0.2341870573672168 19.355 0.069
0.23532291909978087 19.342 0.071
0.23567158113146436 19.536 0.078
0.23615572719554623 19.38 0.088
0.23729306776967862 19.279 0.05
0.2375637507742795 19.836 0.128
0.23980001153850028 19.312 0.035
0.24036318523794764 19.408 0.085
0.2408248382711463 19.442 0.127
0.24203299122782485 19.578 0.071
0.2426788617998682 19.578 0.095
0.24284169813690826 19.639 0.168
0.24296623459385958 19.454 0.071
0.24359182169555427 19.488 0.047
0.24687504556814022 19.308 0.049
0.24712807917458124 19.421 0.049
0.2482475187711316 19.386 0.058
0.25032080507517096 19.376 0.091
0.25076795518671136 19.673 0.086
0.25080791389100343 19.354 0.106
0.25285156320787794 19.584 0.084
0.25664956123900995 19.369 0.063
0.25724504983591034 19.471 0.071
0.2583667932816752 19.427 0.105
0.2602791521054769 19.689 0.087
0.26037810501056813 19.439 0.062
0.26090425323641286 19.511 0.055
0.26181006719652944 19.585 0.14
0.2623974260144678 19.442 0.14
0.26257385633507513 19.405 0.085
0.2631363711310769 19.525 0.081
0.26319888763091515 19.574 0.07
0.27096151638434096 19.438 0.16
0.27357334054195237 19.437 0.057
0.2754958043127772 19.532 0.086
0.27597031025416074 19.439 0.055
0.27663670023357556 19.352 0.095
0.27698242749047497 19.37 0.081
0.2786557101793733 19.432 0.095
0.27869414818578664 19.537 0.099
0.280527568373509 19.479 0.06
0.2815360566877644 19.506 0.112
0.2826889298434253 19.409 0.117
0.2829876958698151 19.567 0.115
0.2845317733821503 19.429 0.065
0.28520336365036203 19.415 0.102
0.2853088454452518 19.544 0.07
0.2856302582694298 19.372 0.066
0.2857290626945087 19.365 0.08
0.28585366898587383 19.543 0.057
0.286050326822442 19.572 0.097
0.2897256745631239 19.485 0.075
0.2898813493224225 19.362 0.103
0.2910111386157951 19.534 0.105
0.291799238661406 19.341 0.081
0.29603928432552495 19.566 0.1
0.29680407338346415 19.524 0.086
0.2968893763521919 19.589 0.144
0.29746601317528987 19.579 0.065
0.29839588448558063 19.342 0.075
0.2986014065590098 19.485 0.043
0.29895627034547945 19.555 0.086
0.2994485741650351 19.339 0.105
0.2994841157273186 19.388 0.077
0.29989142411468495 19.361 0.072
0.3000170408980921 19.562 0.052
0.30101409918861466 19.543 0.114
0.3012726058099361 19.444 0.09
0.3021130473579433 19.502 0.065
0.30251940649432074 19.482 0.098
0.3033531217664859 19.516 0.076
0.303648313279291 19.484 0.09
0.30466307340011556 19.382 0.087
0.305093921878688 19.467 0.047
0.305350691030435 19.265 0.044
0.30545447192607755 19.592 0.066
0.3082768362695788 19.713 0.192
0.3098722833423381 19.432 0.087
0.3137361921875709 19.443 0.075
0.31639785639563345 19.393 0.087
0.3165516958728404 19.339 0.088
0.3179735443003665 19.544 0.096
0.3200548940721092 19.458 0.047
0.32164300993863437 19.693 0.11
0.3225752848888078 19.519 0.061
0.3233393064405391 19.44 0.087
0.323621092763824 19.481 0.044
0.32438944752393584 19.657 0.091
0.3245984496064921 19.406 0.094
0.32484663274808556 19.448 0.079
0.3259754553859239 19.528 0.172
0.32822139812960816 19.535 0.109
0.3285909397513024 19.461 0.084
0.3286662252270617 19.635 0.105
0.3287609079256072 19.546 0.076
0.3300261235339349 19.581 0.111
0.33039913656866704 19.5 0.103
0.3320177128847718 19.525 0.071
0.33215256400981163 19.449 0.103
0.3356712020471605 19.55 0.136
0.3357090474586585 19.419 0.088
0.33632910404517136 19.657 0.064
0.3390263604846041 19.527 0.062
0.3392367925024701 19.44 0.071
0.33929953260430923 19.513 0.092
0.3396480320592673 19.37 0.12
0.34054009826868425 19.518 0.109
0.3411026218751886 19.471 0.042
0.34209861041417755 19.41 0.069
0.3427993867248006 19.474 0.09
0.343480603235912 19.479 0.136
0.34422321032288894 19.591 0.105
0.3451054967396431 19.565 0.059
0.3473021149278793 19.477 0.12
0.3475053540836598 19.405 0.047
0.3490544237105496 19.376 0.06
0.3491246208053781 19.247 0.058
0.3498396028611751 19.299 0.095
0.3510188389749601 19.693 0.198
0.35126277790950555 19.36 0.051
0.35127327982481804 19.623 0.119
0.35277045206330515 19.578 0.047
0.35358761390707516 19.565 0.105
0.3535998026242396 19.622 0.068
0.35367385731515244 19.634 0.108
0.3556327839218284 19.332 0.09
0.35620434624652264 19.442 0.081
0.3581452617294417 19.507 0.082
0.358259527137443 19.488 0.053
0.35962760589100073 19.238 0.093
0.3618120164127504 19.485 0.087
0.36185761930428273 19.568 0.068
0.36336678265652156 19.422 0.083
0.3652183031862478 19.334 0.086
0.36528859633281174 19.414 0.063
0.3655130679930153 19.733 0.179
0.365965860527831 19.618 0.143
0.3663243567608788 19.375 0.098
0.3670920246394417 19.456 0.061
0.3677574829893274 19.38 0.064
0.36907594022559354 19.413 0.06
0.3691777320726942 19.581 0.065
0.3714560804786743 19.545 0.096
0.37236334882654776 19.312 0.072
0.3725038723322541 19.669 0.055
0.37253466278925773 19.395 0.079
0.37286474731845376 19.595 0.089
0.3736064875396551 19.387 0.079
0.37498654705123047 19.468 0.068
0.3761492962643388 19.392 0.092
0.37686081571578145 19.545 0.059
0.3769016641921553 19.396 0.047
0.3773574648625072 19.275 0.106
0.3782298785303283 19.454 0.058
0.3784523331636592 19.516 0.093
0.3796970432435046 19.531 0.105
0.3813446848820604 19.442 0.068
0.3820915134832831 19.542 0.055
0.3832493875628643 19.398 0.062
0.38354530781671203 19.385 0.093
0.3853572505362536 19.374 0.096
0.3860757828673741 19.484 0.064
0.38810752500230594 19.485 0.06
0.38907815049915373 19.411 0.087
0.38908302211020784 19.524 0.087
0.39109462573142084 19.649 0.103
0.391243186272186 19.392 0.1
0.39125513905255505 19.425 0.07
0.3925011286104564 19.541 0.069
0.3927012021216797 19.563 0.147
0.3932087448678431 19.549 0.071
0.3932256179490651 19.364 0.093
0.39500568988514717 19.552 0.107
0.39513689137529584 19.506 0.046
0.3958804353773303 19.468 0.09
0.3966022450444143 19.512 0.077
0.39908303381198496 19.367 0.091
0.3996727751240542 19.671 0.133
0.4 19.844 0.108
0.40314820664470974 19.401 0.049
0.4052450381117524 19.617 0.074
0.4066864987693407 19.366 0.078
0.40710645034268966 19.401 0.095
0.40845139478315107 19.487 0.109
0.4089698815800148 19.493 0.055
0.4115407801622496 19.58 0.083
0.41164185517154694 19.565 0.086
0.413709535837279 19.567 0.076
0.4144743037490116 19.445 0.055
0.4150496906207991 19.481 0.102
0.41579802604101135 19.481 0.065
0.4159313791591558 19.356 0.091
0.4160631609087432 19.422 0.1
0.4160988494071717 19.614 0.065
0.41636810952368253 19.436 0.083
0.41874494072217205 19.71 0.15
0.41880445768165375 19.493 0.084
0.4189974308577803 19.603 0.114
0.41926506365089156 19.662 0.119
0.41932855011364156 19.466 0.093
0.4198845432869348 19.558 0.095
0.42022262299396973 19.507 0.096
0.42129761691207934 19.531 0.067
0.42349152921487987 19.604 0.102
0.4245357884132318 19.567 0.081
0.4254736586421132 19.652 0.092
0.4279704062668316 19.464 0.101
0.4293042685307228 19.573 0.107
0.4299788898428233 19.48 0.08
0.4301527524006815 19.602 0.116
0.4311722898422886 19.528 0.096
0.4321876705329487 19.511 0.077
0.4322140564005622 19.476 0.055
0.4324737270630067 19.547 0.095
0.43402288414599755 19.555 0.128
0.4344148837712055 19.58 0.071
0.4353652956328006 19.341 0.093
0.43594726206074486 19.564 0.067
0.4383575583173297 19.419 0.091
0.4386126545490697 19.679 0.149
0.43935774039473474 19.486 0.093
0.4406017164491459 19.565 0.055
0.4406863517018792 19.439 0.084
0.4407911849467837 19.436 0.07
0.4416107431647106 19.418 0.075
0.44253298300045574 19.471 0.082
0.4446606419282034 19.382 0.055
0.4457956506779738 19.428 0.062
0.4475302314162036 19.486 0.094
0.448223016072825 19.475 0.04
0.4488702815546276 19.511 0.06
0.4498978106516006 19.442 0.083
0.4525922389379048 19.404 0.102
0.4526148665683195 19.553 0.063
0.4526549039186648 19.461 0.131
0.4540008742755163 19.65 0.084
0.4561676792367507 19.597 0.055
0.457467452347737 19.38 0.133
0.4583674456638619 19.52 0.054
0.45849522266908027 19.493 0.066
0.4601758469174456 19.563 0.122
0.46201607709772363 19.568 0.07
0.4628858060217681 19.592 0.071
0.4633810637827992 19.528 0.127
0.466028952263423 19.405 0.051
0.4663946570020926 19.476 0.146
0.46773920292744153 19.448 0.047
0.471375909773451 19.601 0.097
0.47174544258396056 19.584 0.111
0.47489136983349456 19.563 0.082
0.4760479311738891 19.537 0.079
0.4761105681776826 19.596 0.083
0.47877907233046246 19.395 0.064
0.4792640030886105 19.647 0.1
0.48072141753291364 19.348 0.083
0.4816648288500801 19.437 0.079
0.4823758343531154 19.504 0.112
0.48369748520863143 19.429 0.058
0.48877085270069076 19.536 0.173
0.4914816105969294 19.763 0.083
0.4927831405608686 19.411 0.054
0.4929112147423439 19.442 0.06
0.497604236450934 19.383 0.08
0.49799845599081893 19.62 0.1
0.5015679619740695 19.489 0.073
0.5024848318938894 19.538 0.089
0.5027796299640613 19.435 0.114
0.5032736906363425 19.405 0.062
0.5041747116314582 19.339 0.074
0.5046980665150841 19.443 0.094
0.5053134418289119 19.228 0.103
0.5060883970749274 19.483 0.103
0.5086255459715631 19.504 0.033
0.5092272642999888 19.389 0.106
0.5097038835350759 19.692 0.104
0.5102186085718131 19.697 0.084
0.5103196172689423 19.418 0.135
0.5108438094931899 19.658 0.055
0.5109348090776621 19.335 0.057
0.5117977855128629 19.609 0.075
0.511808942809148 19.425 0.108
0.5119029734363721 19.52 0.092
0.5130437750689453 19.458 0.076
0.5131224533146451 19.426 0.109
0.5138953494601083 19.302 0.048
0.5144139025673212 19.569 0.087
0.5158832418150269 19.411 0.055
0.516912034744928 19.392 0.092
0.5171121869019771 19.503 0.087
0.5200043725184514 19.406 0.078
0.5202796947209208 19.62 0.152
0.5233502422055608 19.426 0.059
0.5246640307217604 19.351 0.047
0.5249932953141979 19.533 0.136
0.525240427868448 19.517 0.122
0.526039206288624 19.362 0.105
0.5274158554097085 19.564 0.101
0.5279880471156503 19.318 0.094
0.5292247847086401 19.697 0.147
0.5293302768581271 19.403 0.071
0.5314582871566472 19.366 0.053
0.5314923044965326 19.376 0.067
0.5319081587976143 19.486 0.052
0.5333931370318168 19.55 0.095
0.5343207064719535 19.365 0.065
0.5343605114097953 19.436 0.057
0.534397573672686 19.368 0.096
0.534995754276133 19.427 0.076
0.537104860153613 19.313 0.045
0.5392210469857672 19.475 0.068
0.5398801130253559 19.511 0.071
0.5415782904059596 19.693 0.091
0.5429831939394716 19.652 0.114
0.5433546041062072 19.516 0.104
0.543389589862636 19.427 0.081
0.543801434348461 19.5 0.097
0.5445163465687073 19.344 0.049
0.5452051282421961 19.501 0.072
0.545708370826469 19.456 0.077
0.5459778214975812 19.585 0.119
0.547862833301815 19.317 0.039
0.5517775226375305 19.607 0.081
0.5519957506843638 19.353 0.052
0.5525593876649508 19.514 0.063
0.5535185919515242 19.777 0.102
0.553687411510873 19.438 0.101
0.5544194556554429 19.549 0.1
0.5545548837329988 19.415 0.118
0.5551243484063888 19.39 0.112
0.5551462243896821 19.566 0.091
0.5551752861869317 19.359 0.09
0.5559291085029598 19.322 0.034
0.5569633865656214 19.53 0.09
0.5580034383450765 19.276 0.055
0.5589168174687074 19.262 0.081
0.5592097016100523 19.44 0.082
0.5601671858315966 19.434 0.083
0.5610136857234465 19.468 0.083
0.5613490771651413 19.323 0.087
0.5629454750327567 19.353 0.078
0.5637425701765095 19.354 0.08
0.5637464733685191 19.646 0.115
0.5637666030728723 19.375 0.078
0.5641761401842813 19.442 0.081
0.5649796556157525 19.405 0.15
0.5650640776206273 19.273 0.096
0.5658563571099875 19.738 0.166
0.5660545340989755 19.437 0.063
0.5661428907991648 19.254 0.114
0.5671066607086686 19.261 0.079
0.5695507174390513 19.386 0.09
0.5695513344857317 19.19 0.097
0.5696546102439242 19.618 0.109
0.5697182244756731 19.354 0.055
0.5698132794745105 19.209 0.052
0.5703513172597012 19.401 0.087
0.571324851535246 19.448 0.051
0.5731819444385109 19.465 0.136
0.5767058437908417 19.319 0.125
0.5781008380021375 19.425 0.116
0.5784409016891003 19.436 0.072
0.5785624875101347 19.265 0.089
0.5794145390622361 19.481 0.103
0.5794431045327655 19.621 0.119
0.5797848043524936 19.484 0.1
0.5809869284870728 19.462 0.1
0.5817693581306229 19.359 0.035
0.5820406161059508 19.509 0.115
0.5827769009346411 19.186 0.045
0.5830944524244841 19.326 0.088
0.5839422317916614 19.557 0.123
0.5841849245138291 19.644 0.104
0.5856413304449233 19.16 0.087
0.5863889122396357 19.271 0.077
0.5873854446816948 19.417 0.079
0.5892433522352802 19.185 0.044
0.5896114551091158 19.444 0.076
0.5902863632431035 19.108 0.049
0.5963168864942872 19.281 0.052
0.6010533471311645 19.323 0.088
0.6016809968581582 19.41 0.063
0.601736987993172 19.403 0.084
0.6033066977473935 19.378 0.116
0.6041908106384652 19.608 0.126
0.6047766994237462 19.436 0.079
0.6075885411395574 19.451 0.057
0.6082089977848226 19.372 0.116
0.6086333909537642 19.26 0.072
0.6097699660007492 19.303 0.071
0.6102937105883028 19.336 0.1
0.6103255238698693 19.465 0.106
0.6110976456776824 19.302 0.047
0.611310091197447 19.491 0.098
0.6122342537713847 19.447 0.066
0.6139828463909907 19.271 0.06
0.614080467389067 19.58 0.168
0.6157306452882039 19.516 0.137
0.6177114443547906 19.169 0.06
0.6187447068572509 19.4 0.075
0.6189147030094317 19.202 0.049
0.6203429820801829 19.279 0.058
0.6204357594473549 19.253 0.07
0.620827823836771 19.326 0.133
0.6216428794354214 19.255 0.047
0.6225438497644062 19.271 0.094
0.6228820781683679 19.344 0.125
0.6234102434213127 19.313 0.083
0.625609623666969 19.6 0.058
0.6269107269221421 19.279 0.049
0.6279465748065376 19.314 0.046
0.6293981247703413 19.188 0.075
0.6299100776090198 19.447 0.121
0.6305693253947537 19.301 0.128
0.6305952235283256 19.372 0.049
0.6316917524142354 19.179 0.038
0.632388343997627 19.408 0.092
0.6333668161936656 19.31 0.075
0.6336280899417033 19.224 0.053
0.6341999388709154 19.162 0.075
0.6345149873633544 19.184 0.035
0.6353224566550124 19.318 0.07
0.636718545073927 19.212 0.075
0.6389720897690494 19.392 0.075
0.6389968690276873 19.133 0.048
0.6396420998611574 19.379 0.097
0.6396773898444734 19.418 0.076
0.6422951518428817 19.199 0.082
0.642389885209377 19.505 0.088
0.6426922940403528 19.357 0.052
0.642896261936039 19.305 0.092
0.643363707851131 19.226 0.052
0.644519241296075 19.171 0.054
0.6453673861282367 19.482 0.089
0.6454244926170758 19.369 0.07
0.6460150781025731 19.486 0.064
0.6466391724819913 19.265 0.057
0.6478985987308987 19.236 0.086
0.6508518587933394 19.25 0.061
0.6511393573768145 19.371 0.05
0.6525032130688486 19.253 0.08
0.6527297107817502 19.206 0.04
0.6529232816214061 19.54 0.075
0.6533543993013153 19.141 0.054
0.6543266644552204 19.385 0.089
0.6543322544497641 19.394 0.062
0.6545775061225867 19.174 0.057
0.6547283548710765 19.258 0.119
0.654878783958702 19.527 0.126
0.656193500579684 19.54 0.136
0.6573394185710639 19.453 0.097
0.6593638715752603 19.295 0.085
0.6620436535307817 19.466 0.11
0.6627068256533675 19.166 0.07
0.6632838521813027 19.444 0.111
0.6644821149824565 19.477 0.113
0.6663694830634994 19.264 0.063
0.6665692924438189 19.264 0.103
0.6669030094209574 19.423 0.105
0.6674710547325957 19.308 0.055
0.6691590815666131 19.104 0.077
0.6714183316884372 19.496 0.078
0.6743321765192376 19.173 0.117
0.6764604978747228 19.324 0.086
0.6767454985314543 19.292 0.093
0.6780655674469016 19.508 0.121
0.6792275057511232 19.56 0.148
0.6798463350763995 19.319 0.077
0.6809936689054665 19.342 0.055
0.6814900420198682 19.417 0.055
0.6824212558080034 19.39 0.096
0.6845833620922348 19.402 0.068
0.6850113927743222 19.231 0.089
0.685261662994344 19.209 0.047
0.685371089838918 19.352 0.11
0.6855895223210609 19.326 0.088
0.6860684557599597 19.286 0.108
0.6862922319432072 19.363 0.065
0.686328407957626 19.421 0.073
0.6875108656699012 19.168 0.105
0.6897059301124044 19.212 0.049
0.6908262733617447 19.244 0.058
0.690929026361482 19.086 0.087
0.6921247443066476 19.405 0.076
0.6927881680097925 19.272 0.071
0.6951100551354101 19.346 0.087
0.6970372838935872 19.316 0.069
0.697444300387724 19.364 0.076
0.6974858883933392 19.209 0.046
0.6978755335018376 19.241 0.043
0.6997429760998783 19.259 0.085
0.7012113819568184 19.26 0.063
0.7030549963102657 19.301 0.053
0.704829934267218 19.079 0.078
0.704889501895559 19.226 0.072
0.7049174782963745 19.157 0.038
0.7066287445217312 19.318 0.036
0.7066954787973372 19.128 0.057
0.7119276884535792 19.407 0.073
0.712036722069024 19.075 0.106
0.7130827535460411 19.257 0.071
0.7131999572542553 19.396 0.088
0.7141084352432698 19.492 0.082
0.7144570289859984 19.355 0.095
0.7153519462557596 19.027 0.043
0.7159387298837827 19.281 0.091
0.7165523730167478 19.104 0.046
0.7171829751395307 19.356 0.041
0.7188552894116582 19.379 0.047
0.7190132959971378 19.245 0.081
0.7206518901060917 19.483 0.092
0.7210795817540201 19.333 0.047
0.7217212867639318 19.226 0.094
0.722156928208642 19.238 0.071
0.7223016047249984 19.15 0.088
0.7225243285587566 19.191 0.072
0.7227504189471801 19.209 0.105
0.7233357937861 19.372 0.119
0.7236958019078883 19.289 0.102
0.7244711680026739 19.206 0.064
0.726032919148929 19.271 0.113
0.7263041072896157 19.282 0.054
0.7277504607044647 19.318 0.059
0.7286920854279741 19.1 0.062
0.7286995144458159 19.051 0.063
0.7296094536553936 19.268 0.112
0.7303959263787418 19.201 0.047
0.7326330172203597 19.295 0.054
0.7331768758671386 19.186 0.079
0.7335552938444834 19.425 0.061
0.7342791714228496 19.26 0.047
0.7358504840452951 19.147 0.05
0.736396985576357 19.19 0.066
0.7365503199165686 19.17 0.057
0.7368821472013223 19.291 0.086
0.7375245410725255 19.308 0.064
0.7379715389619377 19.257 0.075
0.7384378626951729 18.971 0.058
0.7387556990273878 19.215 0.096
0.7418739437470321 19.188 0.061
0.7420097947919202 19.182 0.035
0.7425813954509066 19.341 0.059
0.7436080332276105 19.036 0.095
0.7437926825463363 19.142 0.067
0.7456182840131986 19.128 0.045
0.7465588740091333 19.395 0.103
0.7476264109340263 19.183 0.089
0.7478597693065239 19.281 0.1
0.7491108421721946 19.316 0.051
0.7491663037175385 19.165 0.072
0.7491767146524579 19.128 0.085
0.7497358402044028 19.247 0.045
0.7502338406410671 19.031 0.047
0.7521673323948561 19.352 0.095
0.7529761686186247 19.025 0.055
0.7533673187839667 19.286 0.093
0.7560921059647625 19.411 0.063
0.7563135047243121 19.436 0.117
0.7584580122806073 19.301 0.043
0.7589424782121568 19.138 0.061
0.7608255915150948 19.463 0.095
0.7609388796940038 19.5 0.096
0.7641561244621697 19.081 0.084
0.7650428051132621 19.295 0.075
0.7660488080518006 19.372 0.051
0.7670109977820174 19.327 0.096
0.7670741487339909 19.156 0.056
0.7673132999902008 19.288 0.073
0.7675399968506098 19.378 0.063
0.7677426189597099 19.288 0.047
0.7697522070979175 19.055 0.061
0.7702150838698798 19.381 0.041
0.7702728911212033 19.106 0.073
0.7705668886377679 19.335 0.137
0.7715865553931507 19.183 0.076
0.7717229483627306 19.19 0.077
0.7729113892968598 19.56 0.133
0.7730174758038628 19.483 0.106
0.7749271917422447 19.404 0.055
0.7760192631752942 19.322 0.095
0.7784188881063527 19.146 0.07
0.7795843396828785 19.332 0.086
0.7801450522441882 19.25 0.073
0.7815639623717288 19.198 0.063
0.782248933377923 19.17 0.091
0.782514627792716 19.262 0.048
0.7826355179221536 19.216 0.045
0.782995020906037 19.183 0.051
0.7835072323727217 19.432 0.118
0.7841603099044732 19.238 0.062
0.7842348540892998 19.139 0.052
0.7846404756750416 19.279 0.055
0.7875369370002772 19.336 0.039
0.7888122663656758 19.199 0.086
0.7888665427239174 19.194 0.079
0.7915225733167062 19.324 0.048
0.7917356482184004 19.274 0.061
0.7925424586050211 19.322 0.059
0.7948921943647291 19.224 0.099
0.7949684989261185 19.138 0.043
0.7959890799069398 19.122 0.036
0.7990655932093431 19.137 0.063
0.7996802710717019 19.247 0.063
0.7997970482851087 19.199 0.056
0.8025356303609441 19.505 0.082
0.8026947487745928 19.081 0.065
0.8047927392130076 19.224 0.058
0.8047948892939529 19.203 0.055
0.8053056324919452 19.61 0.115
0.8082295421731032 19.148 0.104
0.8085955685441149 19.423 0.095
0.8089740634026383 19.156 0.049
0.8101233723995391 19.17 0.086
0.8136239940266932 19.418 0.051
0.8139024554388015 19.351 0.093
0.8144191208342817 19.304 0.057
0.8145698314559922 19.261 0.082
0.8150123703484495 19.318 0.129
0.8150684489395643 19.293 0.107
0.8161486761945524 19.217 0.055
0.8165070849710445 19.308 0.043
0.8167087961614015 19.335 0.08
0.8167453656209545 19.216 0.082
0.8167578933756885 19.232 0.103
0.818392668223987 19.336 0.04
0.8206779316973551 19.179 0.046
0.82120547990271 19.244 0.083
0.821708526861721 19.232 0.037
0.8218352620882796 19.127 0.05
0.8236988627362734 19.179 0.065
0.8251434489410712 19.248 0.055
0.8252773316493403 19.29 0.066
0.8255893019553695 19.302 0.104
0.8259112478948736 19.405 0.127
0.8271054222335805 19.219 0.067
0.8272312976445391 19.179 0.05
0.8281358094381175 19.265 0.046
0.8287413523143186 19.286 0.064
0.8298154564603464 19.04 0.059
0.8301893837191527 19.329 0.148
0.832719044121768 19.41 0.105
0.833523152145426 19.238 0.102
0.8343318678647846 19.205 0.053
0.8349110495440981 19.153 0.07
0.8350155226075002 19.28 0.086
0.836425941014022 19.449 0.098
0.8373549210067721 19.435 0.062
0.8395877557394669 19.182 0.039
0.8403532700125651 19.199 0.076
0.8406193402496682 19.203 0.035
0.8409244058442709 19.11 0.061
0.8410721413805731 19.187 0.069
0.84182799834266 19.243 0.052
0.842652821615411 19.282 0.043
0.8439355099457315 19.181 0.099
0.8453527052960452 19.304 0.051
0.8464559375501266 19.293 0.069
0.8486783210359135 19.094 0.039
0.8491668247601409 19.274 0.078
0.8508602091755164 19.327 0.071
0.8510294605133821 19.159 0.076
0.851095507906757 19.359 0.079
0.8547779103868378 19.466 0.118
0.8555610775805689 19.137 0.071
0.8563825902550888 19.256 0.044
0.8579562818462363 19.047 0.072
0.8597447247851959 19.132 0.077
0.8654426061024423 19.226 0.064
0.8658244763249967 19.296 0.061
0.8676470938948113 19.22 0.084
0.8683650843007853 19.359 0.07
0.8690211752549657 19.241 0.099
0.8705393581571115 19.208 0.053
0.8707043672669896 19.341 0.087
0.870883073458026 19.179 0.071
0.8716234379357046 19.094 0.048
0.8737884948544887 19.156 0.048
0.8750148686553074 19.059 0.088
0.8751618631162272 19.412 0.066
0.875350590322705 19.076 0.054
0.8766924303621635 19.154 0.068
0.8768697136660193 19.39 0.136
0.8774363257347431 19.239 0.065
0.8787456323447258 19.311 0.094
0.8791477948488136 19.223 0.043
0.8793182470166356 19.357 0.067
0.8798720394401243 19.274 0.087
0.8803026973640953 19.29 0.039
0.8803067071798067 19.323 0.116
0.8811035295988403 19.214 0.08
0.8813281918122811 19.238 0.059
0.8814028602431789 19.433 0.08
0.8831890832651879 19.32 0.042
0.8841409459913847 19.329 0.071
0.8845000784382591 19.221 0.054
0.8850740232559473 19.077 0.038
0.8867015682375494 19.394 0.067
0.8886100622006778 19.246 0.055
0.8888221915934991 19.207 0.054
0.8928684441474615 19.321 0.095
0.8934897172061027 19.083 0.081
0.894238659101029 19.238 0.079
0.8945389178501499 19.456 0.076
0.8972356028411013 19.313 0.076
0.8987291042989454 19.202 0.043
0.8988776368636535 19.328 0.094
0.8994232715307588 19.444 0.076
0.8996296813978915 19.341 0.044
0.8998561370357492 19.184 0.072
0.9028430141637727 19.327 0.081
0.9033983814773818 19.23 0.092
0.903779274475164 19.117 0.082
0.9042769358747136 19.43 0.074
0.9053303613435673 19.243 0.053
0.906742448929799 19.216 0.064
0.9072635874203114 19.348 0.085
0.9083034678118564 19.358 0.1
0.9084725565720873 19.263 0.069
0.9087935290243876 19.121 0.053
0.9096538081670587 19.227 0.071
0.9111899515250115 19.454 0.098
0.9124264095613852 19.215 0.046
0.9130697595150195 19.374 0.099
0.9131530785038193 19.261 0.058
0.9137577668501762 19.22 0.083
0.913874896980269 19.148 0.055
0.9140721615089205 19.145 0.073
0.9146942595747531 19.28 0.079
0.9161472500460603 19.428 0.056
0.9173691978961869 19.454 0.172
0.9189816964848432 19.219 0.049
0.919160430652846 19.304 0.048
0.9206575802001224 19.516 0.087
0.9213748381265758 19.233 0.08
0.9217303504605296 19.269 0.071
0.9231850572581606 19.257 0.094
0.9246706648722465 19.341 0.071
0.9284797642470948 19.174 0.063
0.9293914358549045 19.479 0.07
0.9294027032991834 19.358 0.071
0.9306993947006048 19.252 0.058
0.9326527139088738 19.248 0.041
0.9327426822896085 19.22 0.044
0.9337335912572599 19.299 0.093
0.9340629014481238 19.189 0.084
0.9344342732810219 19.416 0.051
0.9348115985962068 19.471 0.141
0.9368570063092193 19.28 0.105
0.9372366145438719 19.359 0.059
0.9378856630939026 19.215 0.062
0.9380178171435546 19.301 0.064
0.9381261218026339 19.289 0.047
0.9382344509162067 19.319 0.092
0.9391989951622236 19.237 0.078
0.9421206203786824 19.195 0.038
0.9431314999968891 19.267 0.067
0.9432332288401085 19.348 0.068
0.9441199183028403 19.352 0.063
0.9442107273338479 19.374 0.088
0.9446441523845351 19.524 0.077
0.9451085461136245 19.242 0.078
0.9458955274989421 19.309 0.084
0.9459579704238422 19.116 0.062
0.9471838007533734 19.177 0.059
0.9492425070351601 19.326 0.087
0.9493693228872871 19.147 0.075
0.9501696535075098 19.365 0.045
0.9510490346737243 19.226 0.047
0.9513435600178127 19.291 0.079
0.952655624945146 19.292 0.073
0.953563830209896 19.294 0.07
0.9537143747314986 19.461 0.083
0.9542301399980261 19.425 0.062
0.9542891725326627 19.512 0.118
0.9545479990214517 19.234 0.09
0.9551663128535438 19.204 0.084
0.9566923477401815 19.242 0.047
0.9567397178401734 19.353 0.133
0.9567919527181857 19.193 0.031
0.9581399945112935 19.374 0.061
0.9600421624767478 19.224 0.095
0.9603003404175979 19.472 0.085
0.961152026718446 19.218 0.073
0.9614234507957008 19.258 0.063
0.9615866296939203 19.434 0.102
0.9627387512013229 19.458 0.116
0.9636332225967635 19.294 0.093
0.964404168026158 19.22 0.084
0.9659034343902931 19.298 0.041
0.9690061183358921 19.279 0.106
0.9691592237867553 19.219 0.053
0.9702901037620905 19.302 0.093
0.9705451616595383 19.116 0.065
0.9709552878424802 19.15 0.101
0.9712153466638483 19.175 0.043
0.9712381000839742 19.272 0.063
0.9731115767894153 19.481 0.087
0.9769561111028452 19.231 0.063
0.9789502175484813 19.435 0.07
0.979740074228539 19.277 0.07
0.9812758820766249 19.45 0.103
0.9822014325121927 19.273 0.111
0.9824696387337554 19.347 0.05
0.9829692211102611 19.325 0.048
0.986382330209517 19.353 0.052
0.9871405939033139 19.316 0.124
0.9881431864518163 19.394 0.1
0.9887786705407052 19.196 0.084
0.9890745332940242 19.267 0.071
0.9895499305534031 19.411 0.067
0.9895919135491568 19.236 0.047
0.9900495164532913 19.239 0.065
0.9903939972813532 19.58 0.105
0.9916714610857525 19.357 0.056
0.9926289279025241 19.096 0.047
0.9936402619900037 19.396 0.127
0.9944118786594572 19.375 0.084
0.9985901909734821 19.333 0.037
