0.0006208499380591093 19.073 0.039
0.0010954632780340035 19.164 0.047
0.0018924556279671378 19.271 0.091
0.001981957709631388 19.171 0.13
0.0033899391573868343 19.108 0.048
0.004554952292892267 19.233 0.087
0.005615958432599655 19.042 0.055
0.006996878925747296 19.045 0.069
0.008368310587684391 19.049 0.058
0.010039922806754475 19.146 0.042
0.01478443173755295 19.007 0.063
0.016440645620150462 19.136 0.077
0.018344593646361318 19.031 0.091
0.019126836713439843 19.019 0.042
0.02053635867923731 19.121 0.079
0.020581101400239277 19.028 0.107
0.02096661794666943 19.02 0.053
0.02115283877355978 19.061 0.062
0.02375526144169271 19.167 0.063
0.024055961706380913 19.059 0.036
0.02552814996397501 19.152 0.047
0.028202228359987203 19.068 0.043
0.029652530452040082 19.08 0.055
0.03250542811292689 19.009 0.039
0.03266734094768253 19.06 0.073
0.032813516114401864 19.11 0.04
0.03357834516100411 19.088 0.056
0.03405322624666951 19.095 0.063
0.035012436378565326 19.059 0.073
0.035184935218921964 19.16 0.092
0.03652571252496273 19.099 0.063
0.03753649057671282 19.101 0.057
0.039076826571999845 19.16 0.092
0.039182818534754915 19.084 0.099
0.04075301776447304 19.026 0.063
0.04296263649098364 19.118 0.057
0.04429984352032079 19.15 0.09
0.04582153555429613 19.238 0.056
0.046037918932256616 19.064 0.062
0.04605936431835289 19.235 0.08
0.04691361737513944 19.201 0.064
0.04819769822051967 19.167 0.073
0.04955863406394201 19.091 0.039
0.049593210997954884 19.072 0.062
0.04968952334957066 19.134 0.074
0.05156910024379613 19.198 0.087
0.05182604617311881 19.241 0.112
0.05292676427234255 18.829 0.051
0.052936519995455456 19.04 0.045
0.053683786218016394 19.097 0.047
0.0537394570910692 19.136 0.091
0.05379237218585331 19.103 0.071
0.055183123657116084 19.051 0.057
0.05523344756147708 19.097 0.061
0.05679350438185793 19.21 0.065
0.05761910383353097 19.202 0.066
0.05778020780235238 19.047 0.066
0.06027360653888536 19.224 0.087
0.06154841245734133 19.084 0.052
0.06347417114238851 19.165 0.061
0.06476114078486717 19.21 0.107
0.06482198644698656 18.991 0.077
0.06614516287299921 19.098 0.043
0.06687439869801892 19.224 0.064
0.06713139394423706 19.042 0.046
0.067423470045469 19.032 0.049
0.06876179370328828 19.085 0.068
0.0695937293667157 19.327 0.073
0.0714851416610145 19.045 0.083
0.07216927512399707 19.072 0.055
0.0727301215456464 19.161 0.065
0.07299250181586103 19.029 0.074
0.07400332637007523 19.054 0.063
0.07599906553696201 19.096 0.045
0.0769853394394886 19.103 0.049
0.07818319650232297 19.185 0.103
0.07989843285372444 19.199 0.09
0.08148123658656914 19.101 0.055
0.08441133677251855 19.039 0.051
0.0861110549899422 19.201 0.058
0.08828995058865985 19.156 0.05
0.08926719393366511 19.145 0.058
0.09197353145100351 19.15 0.078
0.09273932269275065 19.167 0.065
0.09357640071993956 19.002 0.071
0.09387085606704204 19.083 0.078
0.09456935664911725 19.102 0.049
0.09472207996896032 18.944 0.073
0.09620890505357238 19.019 0.05
0.09706544802429562 19.032 0.086
0.09910975104230602 19.098 0.08
0.100641917478697 19.116 0.083
0.10197442659318767 19.087 0.05
0.10388441970803797 19.303 0.096
0.10514196126405295 19.122 0.036
0.10674046828080463 19.129 0.066
0.10676050224628852 19.127 0.044
0.1088886945935883 19.107 0.103
0.10967131137749675 19.069 0.09
0.10985981281828572 19.016 0.099
0.11040473752746038 18.958 0.075
0.11262886765234725 19.082 0.06
0.11291449875648141 19.03 0.077
0.11296524569502253 19.296 0.064
0.11336871456819608 19.069 0.058
0.11339063315926978 19.08 0.043
0.11425662409021697 18.977 0.069
0.11554243623231741 19.084 0.068
0.11558479970790358 19.177 0.063
0.115906099289532 19.082 0.055
0.11607936612654157 19.161 0.06
0.11766108761639771 19.139 0.059
0.11905874799003868 19.116 0.066
0.12041390086051251 19.181 0.058
0.12376757461697707 19.304 0.073
0.12394990162101749 19.187 0.092
0.12474598757762578 19.101 0.086
0.12557110904981528 19.022 0.049
0.1269296805785416 19.176 0.077
0.12806499788257497 19.181 0.081
0.12853521910892596 18.993 0.089
0.1285801430583433 19.09 0.091
0.12941981594553909 19.116 0.07
0.13139506091192743 19.009 0.031
0.13306771450515953 19.122 0.1
0.13355031984337984 19.201 0.062
0.13404771729892673 19.232 0.082
0.13513384874295298 19.081 0.054
0.1351894302833898 19.12 0.065
0.13526400356295198 19.186 0.073
0.1407345613115467 19.111 0.085
0.14094805222248397 19.129 0.075
0.1410195072649003 19.165 0.069
0.14116599019416753 19.086 0.058
0.14126640268159463 19.149 0.049
0.14202701068848 19.107 0.052
0.14218102171139435 19.232 0.068
0.14332960272713535 19.156 0.091
0.14393200938775408 19.068 0.095
0.14487089272279263 19.09 0.062
0.1454855439938001 19.117 0.045
0.14635161862679524 19.068 0.106
0.14714365828695009 19.158 0.038
0.14748950203556888 19.138 0.085
0.14753221414275686 19.072 0.063
0.1480611706374475 19.152 0.078
0.1481156375102728 19.171 0.062
0.14820733931856012 19.137 0.055
0.15241098843671352 19.127 0.052
0.15386523452252732 19.128 0.058
0.15458350132485066 19.246 0.088
0.15646907399059273 19.066 0.053
0.15681846011466405 18.983 0.082
0.15728988534192467 19.203 0.06
0.15771587706876744 19.147 0.055
0.15877774420687274 19.14 0.075
0.16168242821822787 19.071 0.067
0.16281636677831557 18.96 0.038
0.16408591958588659 19.106 0.048
0.1647894193583852 19.199 0.079
0.16600536347573325 19.064 0.071
0.16783202809165232 19.096 0.056
0.16831950523373962 19.121 0.068
0.16834877154542482 19.06 0.063
0.17056038086957415 19.207 0.102
0.1707675254165224 19.05 0.058
0.17173364163500082 19.156 0.066
0.17258486835248732 19.194 0.069
0.17262379653038806 19.228 0.084
0.1727308214194636 19.195 0.047
0.17284928205117467 19.14 0.068
0.17314239193422054 19.134 0.079
0.17355335733191168 19.084 0.075
0.174306471629734 19.122 0.083
0.1745116582551418 19.273 0.091
0.17478337121337972 19.143 0.055
0.176898740627621 19.059 0.049
0.17699626824014558 19.097 0.049
0.1775823645384662 19.138 0.05
0.17759600000817954 19.168 0.059
0.17872627725046186 19.107 0.049
0.18299514272939632 19.195 0.055
0.18471974163003324 19.198 0.06
0.1854947187171092 19.044 0.084
0.1855989906425748 19.111 0.073
0.1862354303009397 19.171 0.079
0.18671148014618666 19.12 0.072
0.18732233341165738 19.119 0.05
0.18865030723964082 19.076 0.06
0.19064399633862195 19.176 0.06
0.19144205233078537 19.101 0.071
0.19934154270595172 19.188 0.035
0.20232836529248743 19.072 0.052
0.20308055826626514 19.267 0.092
0.20311892194558823 19.122 0.093
0.20464957943522677 19.094 0.077
0.2052297208319942 19.055 0.071
0.2062296273895754 19.084 0.087
0.2064774675056924 19.373 0.063
0.20791918826580513 19.126 0.064
0.20887162618419097 19.181 0.054
0.21051086401075736 19.216 0.088
0.21132758538033158 19.138 0.109
0.21272813173527538 19.189 0.055
0.21308636045205276 19.21 0.036
0.2133965534685558 19.142 0.052
0.2134467006687828 18.988 0.057
0.2136113005117295 19.197 0.076
0.21422379207160702 19.227 0.074
0.2146254851068079 19.263 0.074
0.216339774194239 19.169 0.049
0.21726290492915723 19.183 0.051
0.2185945037285819 19.077 0.063
0.2186748191102197 19.176 0.049
0.2190897479567866 18.999 0.056
0.22022805158485426 19.157 0.077
0.22174616233314737 19.069 0.057
0.2220150191706125 19.194 0.078
0.22292741142791783 19.107 0.049
0.22337850055828312 19.179 0.053
0.22446311742532998 19.127 0.061
0.22520836992589466 19.078 0.055
0.22568324256599226 19.135 0.087
0.22910962920786915 19.149 0.056
0.2296501079626978 19.128 0.076
0.22968515724733152 19.136 0.067
0.232058716607753 19.281 0.091
0.2321611253237279 19.146 0.08
0.2323921390425312 19.225 0.092
0.23322140262825997 19.307 0.068
0.23325101194313902 19.109 0.089
0.23539263429961466 19.296 0.07
0.23540621311303767 19.182 0.065
0.24049576818470086 19.156 0.039
0.24083448178862454 19.124 0.063
0.24097567721742053 19.256 0.069
0.24270776334287802 19.317 0.057
0.2441656214300565 19.147 0.071
0.24464308807569068 19.195 0.07
0.24514667208131868 19.264 0.061
0.24564812965650162 19.118 0.063
0.24578273435236042 19.08 0.049
0.24688343752040964 19.16 0.061
0.248093293718739 19.27 0.087
0.24816122131778684 19.224 0.082
0.24965465488094196 19.132 0.047
0.2505364012276914 19.205 0.098
0.2514755689478534 19.161 0.065
0.25204776203190704 18.978 0.099
0.25250581390537263 19.206 0.078
0.2530325157263178 19.113 0.063
0.2534802205846063 19.112 0.051
0.2538380096275432 19.0 0.047
0.2539890565965379 19.195 0.068
0.25415646605893016 19.17 0.055
0.2543742171719714 19.173 0.087
0.2544922426541234 19.181 0.05
0.25500519091838214 19.082 0.079
0.25556809670933944 19.309 0.086
0.25647350762324095 19.133 0.05
0.2569430651155926 19.188 0.105
0.25819664126356656 19.192 0.075
0.25930278158739384 19.37 0.103
0.2593106025137786 19.061 0.061
0.26134429077183086 19.213 0.057
0.26221808317404793 19.102 0.065
0.2627220603526439 19.165 0.045
0.26274259089950647 19.22 0.09
0.26364164981805516 19.237 0.049
0.2641900154553696 19.176 0.059
0.2645669365942922 19.201 0.066
0.26468893678702443 19.191 0.059
0.2666041587831387 19.108 0.055
0.2671980100521978 19.171 0.087
0.26719987326214323 19.197 0.055
0.2677170834358549 19.159 0.08
0.27274926619975304 19.027 0.05
0.2750536539447239 19.174 0.07
0.27529196802879596 19.185 0.084
0.2767329086782411 19.257 0.05
0.2774264695394777 19.114 0.06
0.2784722940618849 19.029 0.05
0.27899354771852813 19.163 0.065
0.2808943569489202 19.142 0.065
0.28128538590681273 19.115 0.071
0.28139163349942464 19.273 0.09
0.28168030024335167 19.232 0.081
0.2827522773668534 19.053 0.084
0.2830376556557894 19.321 0.078
0.2837716350422852 19.167 0.063
0.28418627472728986 19.173 0.099
0.28541809687226305 19.067 0.089
0.28553327186455135 19.034 0.04
0.2864450133583887 19.063 0.059
0.2865371066300213 19.31 0.069
0.2872710423303033 19.098 0.047
0.28955217924158205 19.246 0.11
0.2900501104777504 19.115 0.09
0.2906788695677278 19.217 0.105
0.29081291821057675 19.172 0.086
0.2915383495453625 19.23 0.116
0.29443323414852784 19.117 0.052
0.29481412718178035 19.188 0.055
0.2953031160877799 19.103 0.098
0.29554335652210284 19.195 0.042
0.29702491833904787 19.247 0.052
0.2979302176499914 19.105 0.047
0.2980497605258279 19.153 0.048
0.29874136713624466 19.167 0.054
0.29938183253023 19.287 0.063
0.300583519169777 19.005 0.047
0.3051505449989236 19.08 0.055
0.305493284336535 19.075 0.073
0.3056668504895015 19.194 0.081
0.30665937408457467 19.23 0.065
0.3086127469614439 19.39 0.113
0.3087916814984055 19.274 0.101
0.31139936547378966 19.283 0.089
0.312316445490751 19.172 0.044
0.31317790958064506 19.194 0.057
0.3147974333187449 19.127 0.061
0.3152786551393092 19.109 0.057
0.3156554071647406 19.131 0.064
0.3162876249289184 19.235 0.08
0.317902315774063 19.116 0.067
0.3190549411265238 19.23 0.056
0.3191675779153229 19.16 0.078
0.32078778680170217 19.19 0.07
0.3209571719316955 19.248 0.058
0.3218289486503636 19.29 0.095
0.32209393222728977 19.109 0.076
0.3221634375431677 19.188 0.082
0.3226950232838135 19.279 0.077
0.32288306363443553 19.251 0.052
0.3229162812804134 19.127 0.107
0.32343988432057813 19.224 0.059
0.32365497632690676 19.302 0.095
0.3242584094296035 19.335 0.104
0.3268986853718161 19.373 0.103
0.328249872833112 19.204 0.081
0.33024246757281617 19.175 0.059
0.3310391169216018 19.485 0.122
0.33157078917884064 19.221 0.077
0.3323283271602122 19.089 0.064
0.3323891756378998 19.265 0.077
0.33446127040735973 19.209 0.071
0.3348665895200611 19.214 0.063
0.33493144990916335 19.218 0.08
0.3359272991592661 19.17 0.053
0.33618681767893577 19.331 0.085
0.3369277905230774 19.097 0.055
0.3385786100811856 19.177 0.071
0.33904300097901796 19.258 0.051
0.339200343288212 19.125 0.09
0.34171774788410403 19.238 0.083
0.34222490754564205 19.281 0.112
0.34495567677186045 19.17 0.068
0.34495649493965175 19.198 0.074
0.34524357184909604 19.179 0.082
0.3473731950716683 19.215 0.055
0.3474891955711428 19.153 0.047
0.3485908442944492 19.417 0.066
0.3492598815510064 19.296 0.101
0.35054292579934554 19.234 0.072
0.351120299302238 19.26 0.086
0.3520045911923262 19.327 0.075
0.3530043602063415 19.197 0.096
0.3535667212061071 19.466 0.122
0.35539946529456756 19.204 0.05
0.3554391279376432 19.202 0.096
0.35736009203537833 19.299 0.094
0.35777178908438145 19.268 0.092
0.35845088052337815 19.308 0.054
0.3601518743280394 19.206 0.056
0.36127154500445613 19.287 0.076
0.36128738130719285 19.163 0.054
0.36132316224120586 19.263 0.078
0.361533831417546 19.189 0.101
0.36208678165712627 19.211 0.062
0.36265465788437723 19.173 0.054
0.3638679727555427 19.253 0.063
0.36449958796663395 19.153 0.08
0.36724761592449795 19.377 0.095
0.36781381298533233 19.204 0.061
0.36928721258323094 19.143 0.07
0.36999149895336814 19.408 0.089
0.3708240044932154 19.168 0.075
0.3710152301414382 19.15 0.085
0.3710202814645527 19.287 0.047
0.37136289059935734 19.147 0.071
0.37165681779470106 19.155 0.071
0.3734545275283381 19.165 0.066
0.37360906474259536 19.422 0.09
0.37415683823201107 19.169 0.047
0.37511794595957326 19.353 0.097
0.3762473520482672 19.308 0.08
0.37693347781760167 19.253 0.086
0.378427850450862 19.347 0.095
0.3793855953219918 19.131 0.076
0.3802549017536876 19.241 0.057
0.3804822876854814 19.058 0.113
0.38098022344638593 19.284 0.066
0.38105823031401087 19.42 0.135
0.3815574509612816 19.163 0.057
0.3822863466002673 19.201 0.082
0.38272074405995227 19.24 0.076
0.38338399748954544 19.143 0.072
0.3852378986575786 19.333 0.118
0.38690553898231883 19.253 0.065
0.3870183868602908 19.24 0.058
0.3881783571187043 19.216 0.059
0.38915448383522744 19.313 0.115
0.38987275063709603 19.209 0.079
0.3901766855151436 19.291 0.117
0.39031379769858177 19.03 0.074
0.3906694873567176 19.24 0.057
0.3914173978589588 19.173 0.097
0.39151290978838915 19.234 0.087
0.3928326303562244 19.345 0.09
0.39314036972518807 19.151 0.055
0.3940414127564509 19.264 0.074
0.3944283350929254 19.248 0.073
0.394886718957423 19.17 0.056
0.3966637707580958 19.162 0.063
0.3969143164822526 19.199 0.049
0.39691993768155953 19.225 0.061
0.39795388568199996 19.175 0.093
0.39841923510539345 19.294 0.087
0.3984985426450294 19.342 0.092
0.40023732095232845 19.208 0.104
0.4016450662252282 19.199 0.058
0.4017371744266711 19.288 0.069
0.40272045637584597 19.228 0.071
0.40327922397409566 19.343 0.072
0.40355839907169866 19.258 0.077
0.4055456459882407 19.205 0.072
0.406246563015884 19.309 0.07
0.4072151030218265 19.268 0.077
0.4078535389080571 19.193 0.064
0.4084438106001471 19.132 0.071
0.41173891930793616 19.174 0.062
0.41174276099900453 19.326 0.077
0.41252926034667325 19.238 0.041
0.41256176016690915 19.324 0.065
0.41272963634901316 19.194 0.055
0.41390773282273585 19.15 0.083
0.41432426165806646 19.181 0.058
0.41504805213298823 19.296 0.118
0.4178100743474715 19.329 0.087
0.4187372978794883 19.099 0.071
0.4205668129852711 19.153 0.073
0.4214596464425995 19.161 0.062
0.42168569620980634 19.252 0.053
0.4231056285816521 19.159 0.055
0.42348068088131186 19.263 0.069
0.4235344197741142 19.161 0.068
0.4235565503086036 19.018 0.087
0.42388323210002454 19.25 0.079
0.4271824446143455 19.271 0.079
0.42812664053326444 19.177 0.107
0.4283745587208614 19.162 0.049
0.42975413485601166 19.117 0.06
0.4330653901902224 19.262 0.086
0.4336582995738354 19.242 0.064
0.43436889143822555 19.212 0.074
0.43620108510503997 19.057 0.089
0.4371088473644704 19.189 0.075
0.4373746434766872 19.173 0.079
0.4378716579126376 19.11 0.04
0.4391341121433925 19.228 0.071
0.44391336822718586 19.228 0.049
0.4443661531631733 19.289 0.082
0.44740716361593513 19.391 0.104
0.4480831069595297 19.232 0.082
0.4510031464765234 19.367 0.086
0.45208894140341727 19.173 0.063
0.45469498341390135 19.278 0.074
0.45531205676161335 19.134 0.047
0.45568617280525814 19.237 0.079
0.4561256142487764 19.116 0.05
0.45643218400255137 19.211 0.071
0.4572706500739514 19.127 0.052
0.4591036275228362 19.227 0.089
0.45943605141610533 19.173 0.077
0.4602070492687744 19.126 0.054
0.46123413768327737 19.176 0.076
0.4647400652249871 19.119 0.067
0.4661252969449379 19.238 0.074
0.46626813433977077 19.145 0.063
0.4664668787827395 19.139 0.054
0.4692276803571076 19.281 0.088
0.4694142720863965 19.17 0.057
0.4722313952975128 19.06 0.053
0.4731472777984891 19.136 0.09
0.4742179570648659 19.141 0.07
0.47426516444238587 19.129 0.051
0.47461058148655866 19.046 0.052
0.4746971465610841 19.179 0.067
0.4753803325083936 19.125 0.052
0.4754274618148884 19.022 0.045
0.47544801181629737 19.197 0.056
0.4762108623808672 19.067 0.085
0.4762768430682627 19.171 0.106
0.47691614729319554 19.024 0.047
0.4777108914549899 19.13 0.048
0.47844495368826756 19.204 0.091
0.4796315562371092 19.126 0.085
0.4797266209020563 19.053 0.055
0.47985785062610375 19.054 0.048
0.4803067101684064 19.189 0.083
0.48062299110370077 19.03 0.046
0.48103021233669097 19.031 0.048
0.4816776100087736 19.208 0.087
0.4850083666333376 19.243 0.143
0.48655043111102714 19.179 0.067
0.4867191254597856 19.242 0.095
0.4868749531915455 19.057 0.048
0.4883030058044824 19.147 0.074
0.48981144342769767 19.146 0.075
0.4899715451847442 18.982 0.055
0.49011046563191485 19.02 0.069
0.4914423248374078 19.1 0.056
0.4920058898374009 19.25 0.12
0.49234417110574213 19.089 0.052
0.49420342572739173 19.15 0.079
0.49431610057149555 19.073 0.047
0.49485532600920124 19.01 0.064
0.49492973017549957 18.982 0.055
0.49592492303236213 19.089 0.095
0.4978986663916203 19.186 0.062
0.49842240245016 19.218 0.075
0.4994016270929933 19.024 0.053
0.49977694995300226 19.125 0.074
0.5005231508239376 19.084 0.086
0.501751771031195 19.041 0.06
0.5025369426598445 19.162 0.072
0.5036258679383536 19.101 0.074
0.5037510607683089 19.076 0.071
0.5039101231132008 18.997 0.061
0.5054079144047137 19.02 0.068
0.5067751937986031 19.068 0.073
0.5100472179692588 19.048 0.068
0.5127174760891648 19.035 0.055
0.5146786634072669 19.069 0.05
0.5165810709168 18.959 0.058
0.5178601934408107 19.083 0.112
0.5181199388352979 18.955 0.085
0.5195930799876578 18.841 0.058
0.5205735142608319 19.084 0.041
0.5206056775646175 18.847 0.093
0.5206167990604627 19.044 0.047
0.5207567050783837 19.129 0.076
0.5215818414817477 19.091 0.065
0.5217658589126586 19.099 0.049
0.5218382203493093 19.02 0.058
0.5218596257191166 19.063 0.081
0.5218919536118847 19.037 0.062
0.5260381681337094 18.954 0.032
0.528164114251922 18.978 0.054
0.5297244675739421 19.091 0.047
0.5315123043524181 19.047 0.08
0.5326548820062271 18.919 0.078
0.53418597464497 19.03 0.055
0.536151678648821 18.997 0.058
0.5371336906409852 19.288 0.087
0.5379890639969744 19.027 0.063
0.5382582666511553 19.0 0.034
0.5383409435330577 19.161 0.05
0.5411187583636092 19.013 0.06
0.5413292657663078 19.022 0.095
0.5418828101137478 19.022 0.059
0.5419686973787066 19.003 0.038
0.5427785490073802 18.967 0.043
0.5442147489102354 19.089 0.081
0.544677920876893 18.971 0.035
0.5488213768053356 18.949 0.051
0.5506109764519351 18.89 0.059
0.5514625918176534 19.105 0.086
0.5529182157933974 19.071 0.043
0.554002587184641 18.996 0.063
0.5557592146606112 19.052 0.051
0.5558853093607468 18.982 0.053
0.5570205401477324 18.809 0.07
0.5572894778722457 19.027 0.069
0.5574574405709427 19.039 0.071
0.5575597089291477 18.999 0.065
0.5576855265835547 19.019 0.057
0.5577301391012952 19.03 0.047
0.55992837507074 19.12 0.086
0.5614341806324319 18.902 0.069
0.5614481788097692 18.969 0.049
0.5626963383620023 18.97 0.052
0.5631659525106443 19.008 0.067
0.5643560453036116 19.095 0.087
0.5660613641596228 19.06 0.077
0.56637198302451 19.159 0.064
0.5669819000347616 19.003 0.049
0.5671061399698374 18.911 0.051
0.56722904937169 19.057 0.063
0.5675242355137016 18.981 0.106
0.5691169110964438 19.054 0.06
0.5691821201171479 18.987 0.041
0.5703543843019361 19.032 0.047
0.5711175778683355 18.986 0.077
0.571392055906017 18.994 0.055
0.5721690951772871 18.949 0.065
0.5726555013379766 18.872 0.067
0.5729130005047409 19.126 0.053
0.5745435786766393 18.95 0.053
0.5762597281582202 19.019 0.046
0.5772054273929825 18.956 0.078
0.5795349813133726 18.902 0.055
0.579565750942038 19.0 0.047
0.5803491458782446 18.967 0.063
0.5806687552849326 18.789 0.059
0.5840635141144048 19.007 0.06
0.5844387022470983 19.01 0.054
0.5847726379029154 18.908 0.046
0.5861185147409742 18.998 0.063
0.5868304351783991 19.112 0.084
0.5868811068594368 18.988 0.1
0.5876438308923753 19.007 0.052
0.5877581533304692 19.08 0.073
0.5878366342590198 19.026 0.048
0.5880899236453843 18.876 0.039
0.588894510047794 18.886 0.039
0.5900716897212988 18.883 0.059
0.5925918994125823 18.94 0.052
0.5932986532552604 19.069 0.075
0.5944550301128402 19.068 0.052
0.5970624657968528 18.947 0.055
0.5982385716733916 19.053 0.077
0.5989595170372013 18.997 0.061
0.5994934411528448 19.128 0.045
0.599628040218704 19.026 0.07
0.5996632614314876 19.111 0.079
0.6010114653836354 19.123 0.07
0.6013603270266685 18.925 0.051
0.6051026487866693 18.929 0.046
0.605893208255111 18.769 0.049
0.6059232377881472 19.173 0.067
0.606291914967187 18.802 0.047
0.6073018432825847 18.951 0.042
0.6080027138095829 18.941 0.073
0.6103629026310955 18.971 0.064
0.6123815439996179 18.959 0.068
0.612530627417982 18.978 0.047
0.6125894658434845 18.952 0.043
0.6147264153701144 19.039 0.055
0.6154448523921019 18.949 0.041
0.6155103170431175 18.956 0.062
0.6177222341284505 18.786 0.047
0.6180269062870138 18.988 0.043
0.618652310966354 18.913 0.047
0.620263983917539 19.009 0.066
0.621564856774512 18.946 0.037
0.6217476645742863 19.019 0.052
0.6231361354321052 19.009 0.058
0.6233360717606047 18.88 0.044
0.6235687711305218 18.898 0.044
0.624748059488411 18.989 0.06
0.6260900861900609 18.848 0.061
0.6263165823679628 18.94 0.069
0.6269504764823068 18.936 0.055
0.627054092014987 18.953 0.055
0.6274139161951098 19.119 0.073
0.6274633382299726 19.064 0.086
0.6289354427863145 19.084 0.064
0.6289577917505085 18.855 0.07
0.6292609577772055 18.948 0.101
0.6296536287018171 18.901 0.062
0.6305379577920576 19.02 0.083
0.6308243811236025 18.905 0.053
0.6316434639929867 18.917 0.05
0.6324326847334305 18.956 0.036
0.6326339254039794 19.023 0.087
0.6331401730410562 18.946 0.053
0.6340502215443848 19.015 0.06
0.6370665874883343 18.969 0.072
0.6375847125027576 19.0 0.047
0.6376503073570348 18.988 0.052
0.6392577499682375 19.038 0.097
0.6393514852052249 18.953 0.072
0.6412930308752038 18.985 0.062
0.6421066748789599 18.998 0.067
0.6425902694609249 18.973 0.064
0.6431412327724502 18.968 0.076
0.64367639527336 18.907 0.071
0.6441601172427909 18.878 0.038
0.6453444735634548 18.94 0.06
0.6459829539903694 18.948 0.053
0.6467436456991891 19.016 0.063
0.6480901733011706 18.962 0.05
0.6483491963454071 18.791 0.065
0.6503818423761913 19.037 0.063
0.6508907155894121 18.934 0.054
0.652478746243105 18.89 0.046
0.6527163146013208 19.034 0.057
0.6533237697690311 19.14 0.088
0.6535778280076556 19.026 0.072
0.6535963380958947 18.972 0.041
0.6540508802695513 19.016 0.049
0.6553126493508898 18.841 0.046
0.6567920401967058 19.112 0.064
0.6576783756700024 18.974 0.081
0.6591500915765209 19.027 0.062
0.6593914988116012 18.837 0.047
0.6599747900154398 18.879 0.061
0.6629927021076583 18.9 0.045
0.6632414097075525 18.955 0.029
0.6635784125733153 18.862 0.039
0.6640933737057821 18.955 0.048
0.664160399434877 18.996 0.033
0.6656362963658466 19.315 0.075
0.6663184967419511 18.966 0.046
0.6684598068122796 18.93 0.037
0.6701025980246413 18.921 0.064
0.6717319555564245 19.03 0.061
0.6737016444249093 18.932 0.058
0.6737649930510088 18.958 0.037
0.6738327067450882 18.954 0.056
0.6740028263402564 18.929 0.051
0.6755480324291057 19.008 0.054
0.6769195365322958 18.894 0.062
0.6776061439513796 18.854 0.049
0.6821959510793931 18.881 0.059
0.6824721370380757 18.923 0.066
0.6828191010854425 19.092 0.092
0.6854179498077428 18.916 0.06
0.6867265460641647 18.933 0.049
0.6871756073960569 18.922 0.063
0.6879871399000876 19.022 0.048
0.6892435583431507 18.995 0.08
0.6894328026946823 18.819 0.067
0.6895212997496856 18.896 0.052
0.6900161654846215 19.05 0.055
0.6903946254324183 19.03 0.056
0.6908800031906139 18.932 0.036
0.6911351380417727 18.946 0.074
0.691197584798374 18.925 0.068
0.6934885072932957 18.973 0.048
0.6938441132488151 19.001 0.056
0.6943768221035498 19.161 0.071
0.6944676082175647 19.013 0.098
0.6947334936630796 18.987 0.046
0.6956082417755169 18.93 0.04
0.6956581733611529 18.925 0.06
0.69635120521707 18.961 0.044
0.6970705607475338 18.88 0.044
0.6988613987807639 19.102 0.062
0.6990387350386982 18.918 0.039
0.6998905206237396 18.924 0.055
0.7022066174877182 18.933 0.052
0.7022953312625759 18.894 0.071
0.7026008810603344 19.002 0.071
0.7032496797464773 18.926 0.038
0.7053297061902413 19.133 0.084
0.7059355193923693 19.072 0.071
0.708991723578265 18.978 0.065
0.7092424124757599 18.955 0.055
0.7112677172708572 19.076 0.064
0.7113166503149841 18.941 0.042
0.711905637120708 18.929 0.066
0.7131452700364207 19.125 0.066
0.7132790044333888 18.94 0.05
0.7132962166642756 18.962 0.055
0.7172935030566805 18.99 0.052
0.71773398843618 19.131 0.08
0.7194352184155832 18.897 0.053
0.7212123809631521 18.944 0.062
0.721408743345819 18.903 0.081
0.7215068780355978 19.139 0.068
0.7232780772365004 18.863 0.063
0.7261737557764718 19.055 0.062
0.7268228808245567 18.938 0.084
0.7269882523337401 19.027 0.048
0.7286022171592776 19.03 0.098
0.7292005580675323 18.957 0.092
0.7301819889216858 19.054 0.059
0.7301823803854859 19.098 0.098
0.7306893131717516 18.978 0.07
0.7308971169272809 18.945 0.061
0.731596699752572 18.99 0.044
0.7316110271076468 18.93 0.044
0.7328280971532877 18.995 0.047
0.7330708321069324 18.912 0.051
0.7338491785349106 19.066 0.055
0.735871391035289 19.016 0.055
0.7367498534511014 18.981 0.043
0.7369408113536338 18.923 0.034
0.7372093232293082 18.972 0.039
0.7377162264065191 19.003 0.063
0.7380469609779539 18.9 0.068
0.7383034401882469 19.057 0.098
0.739734545082456 18.968 0.054
0.7405462514752799 18.811 0.05
0.7444312432266997 19.032 0.042
0.7450023103820058 19.004 0.071
0.7465636250426542 18.993 0.055
0.7487481677817414 18.941 0.048
0.749205151487331 19.178 0.102
0.7508892695777831 18.983 0.079
0.7509851617098775 19.083 0.061
0.7511858353191201 18.96 0.038
0.7514654771362075 18.909 0.045
0.752114753803653 19.026 0.051
0.7523341922760665 18.977 0.049
0.7525950607837331 18.918 0.041
0.7536392461561263 18.993 0.067
0.7546020395343476 18.969 0.048
0.7547874793949632 18.925 0.05
0.7548129327705055 18.968 0.062
0.7570901425788179 19.056 0.047
0.7574748251727215 18.884 0.054
0.7579404795424125 18.883 0.052
0.7579579474036109 18.974 0.1
0.7585373115043694 18.98 0.055
0.7596365057256662 18.889 0.058
0.7607811557181776 18.97 0.056
0.7638440410764815 19.055 0.076
0.7642172014104744 19.064 0.045
0.764265618419131 18.849 0.055
0.765144176652484 18.931 0.051
0.76589071685612 18.974 0.059
0.7668542010133024 19.05 0.069
0.7671294822878281 18.966 0.064
0.7681170467076299 19.02 0.059
0.7695821679599248 19.257 0.087
0.7696000653400006 19.091 0.05
0.7696953123390813 18.953 0.044
0.7716345802109572 18.929 0.053
0.7722590830207992 18.912 0.079
0.7731221284996082 19.11 0.063
0.7739402269035054 19.068 0.055
0.7745407238530788 18.947 0.103
0.7746072670770445 18.883 0.062
0.7760152093642319 19.048 0.042
0.7762217031468026 19.061 0.081
0.7770635312199374 19.056 0.059
0.7776784846219016 18.97 0.049
0.7802837067547443 18.928 0.035
0.7803189400838164 19.115 0.097
0.7816396944331245 18.929 0.047
0.7820705534386434 19.039 0.05
0.7833614910541655 19.013 0.041
0.7845461895226435 18.962 0.061
0.7851938577550754 18.94 0.065
0.7861967041342268 18.945 0.075
0.7875451656782388 19.096 0.091
0.7882518786495893 18.959 0.057
0.7889740764749149 19.04 0.063
0.7943116221777018 18.997 0.051
0.7949465241326834 18.985 0.047
0.7961205965802947 19.213 0.059
0.7965439534311827 19.08 0.087
0.7965650101687061 18.995 0.042
0.7974495633193328 18.759 0.043
0.7977494873930482 19.046 0.056
0.7985410425872033 19.021 0.067
0.7990760303446223 19.061 0.066
0.7998040621696418 18.982 0.043
0.7998067779326448 18.928 0.062
0.8009881972466246 19.106 0.094
0.8010846361303265 19.107 0.064
0.8014129700420654 18.988 0.074
0.8035005589663342 18.914 0.056
0.8035656721694977 19.026 0.054
0.8066161798992653 19.011 0.058
0.8068024407421035 18.919 0.085
0.8092481625658365 19.003 0.039
0.8110693184385127 18.99 0.041
0.8116525958184866 19.047 0.054
0.8121049949213557 19.0 0.056
0.8128978722029387 18.93 0.101
0.8142196808948938 19.034 0.07
0.8147069768092479 18.928 0.063
0.8185991302777893 18.901 0.067
0.8186409610771079 18.978 0.059
0.8208522189534051 19.009 0.069
0.8227459575082321 18.981 0.068
0.8231601118736762 19.018 0.057
0.8240417773331501 19.048 0.062
0.8246339438055657 19.057 0.071
0.8255622225356092 18.98 0.071
0.8273006327544863 19.009 0.051
0.8275756527682461 18.959 0.044
0.8286770179611267 19.12 0.081
0.8308866953047982 18.972 0.043
0.8315532566439288 18.966 0.088
0.8319942171883667 18.972 0.052
0.8325052594120734 18.998 0.047
0.8333556764073364 19.152 0.093
0.8340504626858092 19.097 0.071
0.8348066785794117 19.069 0.064
0.8354571192307958 19.066 0.045
0.8360390567761442 19.114 0.091
0.8377029075409155 19.074 0.063
0.8377814090295033 19.084 0.053
0.8388435410979582 19.0 0.055
0.8392662872010987 19.081 0.068
0.8408130431080281 19.017 0.045
0.8409828261851544 19.129 0.058
0.8417218940949169 19.003 0.054
0.8417948682408678 19.192 0.136
0.8427013399823409 19.019 0.101
0.8447459014464584 18.992 0.057
0.8455012453323434 19.002 0.076
0.8464134637000598 19.105 0.071
0.8476021210926774 19.109 0.077
0.8478841430105604 19.144 0.114
0.8487812958887844 18.897 0.043
0.8509263230789657 18.983 0.045
0.8524195269518486 19.036 0.099
0.8548538623490458 19.094 0.063
0.855384881027021 19.087 0.046
0.8563649869782921 19.039 0.047
0.8579987123932824 19.031 0.076
0.860183290623354 19.072 0.066
0.8646676283096895 19.062 0.04
0.8647356441350667 19.002 0.058
0.8660331904811756 19.021 0.036
0.8667984146622985 19.081 0.053
0.8683038808912897 19.092 0.07
0.8683856243328592 19.088 0.047
0.8684238904861559 18.976 0.046
0.8704509347734302 19.134 0.069
0.8715608359025282 19.032 0.071
0.8726473131641796 18.967 0.041
0.8728301237788401 19.107 0.071
0.8743504694939475 19.045 0.053
0.8746056443615089 18.948 0.045
0.8749993053809249 19.143 0.061
0.877571776588411 19.033 0.048
0.8775804100514506 18.993 0.038
0.8780743722081752 19.033 0.083
0.8785169225866412 18.999 0.074
0.8793441611896924 19.063 0.067
0.8806570796821234 18.956 0.046
0.8808771680637619 19.094 0.08
0.880941421373791 19.045 0.049
0.882789188121933 19.043 0.086
0.8862285659547524 18.923 0.069
0.8864178818923847 19.083 0.059
0.8873354863908389 19.008 0.05
0.8876491806611284 19.229 0.067
0.8878202105706805 19.046 0.096
0.8881510418150356 18.991 0.037
0.8898759484773109 19.147 0.071
0.8902078024939328 19.058 0.093
0.8905138655122755 19.034 0.047
0.8922686399341728 19.026 0.056
0.8935339085601299 19.046 0.064
0.8938215358921298 18.995 0.105
0.8947990004812709 18.954 0.054
0.8967759589995694 19.168 0.062
0.8968274533735894 19.084 0.077
0.8973472147229131 19.072 0.058
0.8975793414006148 19.135 0.053
0.897789976191234 19.073 0.06
0.9006745137794496 18.942 0.049
0.901023288905435 19.061 0.094
0.90241642525325 19.045 0.063
0.9025372558307936 18.943 0.062
0.9043609600621494 18.902 0.068
0.9049935236430429 19.162 0.063
0.9053016944917545 19.06 0.051
0.9053481273881516 19.042 0.042
0.9058280504959839 19.076 0.06
0.9069141391091762 19.06 0.087
0.9071723727411154 18.937 0.061
0.9090629586744399 19.066 0.053
0.9138455784695907 19.032 0.064
0.9170079921914294 19.037 0.047
0.9172152260707662 19.095 0.047
0.9179754333135861 18.998 0.042
0.9184346948177335 19.005 0.049
0.9194497404114372 19.043 0.058
0.919634189070166 19.102 0.041
0.9211005980250775 18.963 0.056
0.921438409757684 19.165 0.062
0.9224206672242872 19.046 0.066
0.9226095629437623 19.062 0.051
0.9234995476199401 19.081 0.055
0.923737545496806 19.097 0.064
0.9241457895013809 19.013 0.057
0.9282807449844768 19.153 0.069
0.929003930091767 19.098 0.052
0.9297561202492943 19.083 0.047
0.9298639317357811 19.017 0.067
0.9328575617764727 19.028 0.051
0.9332636432554864 19.09 0.047
0.9341480160319406 19.07 0.061
0.9364945916549914 19.091 0.081
0.9368682187082413 19.257 0.079
0.9377107747623086 19.062 0.058
0.937938120677245 19.0 0.039
0.9380675931643054 19.149 0.091
0.9408490106961835 19.05 0.075
0.941019823885199 19.142 0.103
0.94158058208086 18.998 0.047
0.943594454803133 19.097 0.1
0.9478716451285436 19.019 0.043
0.9480007633519563 19.203 0.098
0.9489072779251728 19.067 0.059
0.9496156588015765 19.005 0.056
0.9525897523126332 19.032 0.057
0.9535000629305159 19.164 0.049
0.9542332613502822 19.116 0.079
0.9552619973601395 19.146 0.071
0.9553708826433649 19.052 0.057
0.9554081575954569 18.968 0.063
0.9573916493372963 19.031 0.053
0.9576848113515553 18.921 0.053
0.9579030914701434 19.033 0.039
0.9580321753073804 19.149 0.09
0.9587622171852672 19.093 0.048
0.9591084495823452 19.061 0.043
0.960065932337784 18.984 0.073
0.9604029352040016 19.056 0.049
0.9607460166885176 19.106 0.079
0.9620269885972448 18.963 0.038
0.9631263175472213 19.146 0.056
0.9645903185009956 19.103 0.063
0.9658015024169799 19.046 0.1
0.9671823885255435 19.097 0.047
0.9695180675644224 19.049 0.059
0.9700637667556293 18.995 0.053
0.9701720765324353 19.049 0.094
0.9715122633988358 19.034 0.099
0.9716998657859222 19.117 0.051
0.9727272833770257 19.062 0.069
0.973469609880226 19.117 0.065
0.9752080544858472 18.902 0.056
0.9765316770708523 19.265 0.145
0.9805877359331134 19.043 0.058
0.9816871141979391 19.135 0.094
0.9828533341483308 18.908 0.064
0.9838983777044632 19.099 0.07
0.9841558340399388 19.262 0.06
0.9846912671023347 19.131 0.044
0.9875373432332708 19.159 0.065
0.9894653537762679 18.984 0.047
0.9896845673347343 19.034 0.039
0.9906187014782972 18.973 0.058
0.9913961006423051 19.109 0.066
0.9917990004942112 19.071 0.071
0.9927333958983127 19.156 0.097
0.9940322736338203 19.027 0.066
0.9943170986853147 19.112 0.065
0.9957642239246525 19.144 0.118
0.995940287411031 19.182 0.072
0.9964360550156925 19.259 0.12
0.9965257273161114 19.084 0.066
0.9977160822245423 19.025 0.063
0.9978368347301512 19.109 0.052
0.9987362673673488 19.131 0.069
0.9988030718513983 18.997 0.061
0.9993148913727055 19.099 0.078
0.9994666319366843 19.345 0.082
