0.0018712573591073145 18.798 0.046
0.002079352528562506 18.766 0.05
0.002458830203431628 18.833 0.045
0.007130976396547251 19.079 0.078
0.008357264401092745 18.874 0.068
0.009158535481583296 18.802 0.047
0.011084701771687744 18.797 0.064
0.011874479150173922 19.019 0.062
0.01301989737967224 18.972 0.049
0.014372805550374235 18.915 0.085
0.014561170371416576 18.822 0.054
0.01933204473280048 18.816 0.07
0.01940102174776248 18.927 0.043
0.020219320045180122 18.883 0.065
0.021248701246258772 18.797 0.031
0.022067652636360346 18.841 0.053
0.02503756023306769 19.05 0.098
0.025429287785664112 18.918 0.063
0.026824702092107966 18.804 0.044
0.027137724838576016 18.983 0.067
0.02736541765207212 18.895 0.05
0.03879268959954052 18.949 0.045
0.0407516978615603 18.902 0.076
0.04316113241511621 18.867 0.057
0.04391687656916465 18.823 0.064
0.0460263151648177 18.911 0.066
0.046277300718793324 18.874 0.037
0.04664142928813808 18.96 0.047
0.04668967463057916 18.889 0.077
0.04688838087840841 19.061 0.063
0.04935011594934613 18.983 0.07
0.05340100631237865 18.827 0.044
0.060017712863009276 18.93 0.047
0.0657039360543421 18.954 0.056
0.06661724373216193 18.931 0.054
0.06672745719188233 18.881 0.07
0.06794881891792093 18.883 0.052
0.06826171784668977 18.921 0.061
0.06841681402729582 18.811 0.077
0.06966116611729367 18.991 0.084
0.0716812200847925 18.876 0.044
0.07237819250931343 18.958 0.048
0.07259454897248352 18.94 0.042
0.07263704574543217 18.853 0.054
0.07309616248667217 18.843 0.086
0.07522047565398671 19.054 0.06
0.07614658914135353 18.911 0.075
0.07857091947735162 18.946 0.054
0.0786676883675681 18.906 0.053
0.0804162219141289 19.057 0.065
0.08441087792143653 18.877 0.061
0.08522432932786606 18.906 0.048
0.0871930742654512 19.016 0.066
0.08820277938448262 18.879 0.072
0.08916907372749838 18.952 0.062
0.08983555363047335 19.024 0.118
0.09354350089906793 18.993 0.048
0.09800344840859898 18.959 0.05
0.09871302142746563 18.876 0.054
0.09989195593097966 18.94 0.049
0.10175131017367667 19.013 0.066
0.10368381153730288 18.891 0.065
0.10408076726926074 18.932 0.05
0.10714501882957839 19.07 0.042
0.10773760823794865 18.934 0.076
0.10787006477075911 18.996 0.044
0.1093249251083761 18.989 0.066
0.1114771968617787 19.026 0.061
0.11276379809114578 18.963 0.066
0.11342057485162504 19.125 0.069
0.11451213827003803 18.873 0.054
0.11474428483998045 18.943 0.08
0.1178033841728392 18.94 0.07
0.11937142105798548 18.967 0.046
0.11956786517603168 18.942 0.042
0.12460132187643458 18.893 0.058
0.12569698833285647 18.935 0.053
0.12749850902164317 18.998 0.067
0.13260273826508628 19.074 0.111
0.13330898515541767 18.964 0.076
0.13376810189620292 19.084 0.045
0.13625624125816094 18.887 0.043
0.13694939773395154 18.905 0.064
0.1378479186381809 18.912 0.046
0.13887357121293453 18.911 0.042
0.140850810269876 19.019 0.061
0.1448019563316847 19.013 0.053
0.14487597112056383 18.918 0.06
0.14687886125411742 18.967 0.067
0.1489740788460039 18.922 0.066
0.15303203332714466 19.085 0.069
0.15310680381562625 18.982 0.059
0.1547211903938659 18.936 0.063
0.15540983541031883 18.943 0.075
0.1572282047585758 18.99 0.081
0.1599380432156976 18.927 0.063
0.16077500193787264 18.879 0.061
0.16119186953928866 18.96 0.054
0.1612987470324696 18.927 0.068
0.16139478143204533 19.032 0.101
0.16174449859354345 18.997 0.049
0.16336397721024687 18.94 0.058
0.16584900501984512 18.992 0.072
0.166592813994066 19.06 0.09
0.16720188013496218 19.031 0.062
0.16771645136068392 18.878 0.059
0.1683215259557982 18.978 0.075
0.16864820737227992 19.037 0.051
0.16937804297722314 19.035 0.055
0.17218961902508445 19.087 0.066
0.17649407425678865 18.912 0.053
0.17671277424815335 19.044 0.063
0.1799612871140197 18.952 0.05
0.18073872385493805 18.988 0.059
0.1832288136087299 18.904 0.059
0.18391082117741453 19.042 0.096
0.18468369515485383 18.9 0.062
0.18515924076236834 19.008 0.054
0.18555966764906762 18.955 0.04
0.1859828821701739 19.009 0.07
0.18689844261589306 18.923 0.077
0.1903750350324116 19.151 0.105
0.19043917700528246 18.962 0.073
0.19143222635593693 19.101 0.073
0.19230568861112252 18.951 0.059
0.19372925238567396 19.009 0.066
0.19488338227201885 19.126 0.049
0.19700685146462993 18.909 0.049
0.20095964258180166 19.038 0.06
0.20186748629512286 18.996 0.066
0.2026862018978135 19.022 0.049
0.20473238787635628 18.911 0.075
0.20754346474259355 19.12 0.054
0.2076520573185916 19.027 0.066
0.21056109776727672 19.0 0.043
0.21074078398705742 19.026 0.054
0.2125183006632141 18.897 0.068
0.213613223743232 19.068 0.057
0.21394444671423107 18.981 0.038
0.2146181387219257 18.897 0.073
0.22044707551358433 18.96 0.045
0.22133070111376574 18.952 0.062
0.22184093600153565 19.011 0.095
0.22327451761921102 18.989 0.056
0.2233667449562744 18.882 0.083
0.22596331362128685 19.021 0.054
0.2280039897772439 19.01 0.097
0.2303800441981365 18.962 0.054
0.23093934423413875 18.978 0.07
0.23444951655201285 18.927 0.051
0.23563758001764645 19.0 0.07
0.23832844975131584 18.982 0.061
0.2390036294658784 19.08 0.066
0.2417042151431814 19.196 0.117
0.24496128231785397 18.974 0.061
0.24723289601879506 18.904 0.128
0.2473203460162039 18.928 0.066
0.2515128189155802 19.024 0.057
0.2527710989942533 19.11 0.081
0.2537084797590068 19.118 0.05
0.2551334735357158 19.201 0.104
0.2566802652339901 19.041 0.069
0.2573866842834831 19.061 0.053
0.25863068565595304 19.008 0.079
0.2593966050011658 19.02 0.062
0.26036011777650847 19.025 0.051
0.260441256395461 19.067 0.054
0.2607078722207006 19.055 0.055
0.2629869244505243 19.072 0.051
0.26317723918728 19.04 0.056
0.264593273673563 19.067 0.051
0.2717129245715113 19.149 0.064
0.2723217638116693 19.08 0.063
0.27234400735997033 19.053 0.065
0.2726309735711765 19.062 0.065
0.27308883246805626 19.039 0.055
0.27312526348796373 19.136 0.098
0.27323002186803924 19.088 0.076
0.27556672660957693 19.119 0.087
0.2796445599027719 19.096 0.057
0.2798446325245094 19.057 0.098
0.28042374182077756 19.032 0.058
0.28049855769077103 18.948 0.081
0.2814889369668889 19.013 0.063
0.28380749622592694 19.027 0.059
0.28587438330614523 19.001 0.066
0.28633180961187454 18.987 0.043
0.286412035180001 19.097 0.093
0.2894200341364921 19.147 0.111
0.29153651563901795 19.078 0.056
0.29460974817666274 19.05 0.069
0.29670033297807086 19.039 0.071
0.29813933661844194 18.992 0.067
0.29995365967888565 19.074 0.073
0.3012051000563587 19.088 0.055
0.3081513603514394 19.094 0.063
0.30969070415940214 19.078 0.082
0.311262436614379 19.169 0.102
0.31284134420311593 19.018 0.064
0.3155985243160102 18.983 0.077
0.3191998294008953 19.179 0.064
0.3211516467676119 19.042 0.106
0.3219667338675207 19.427 0.088
0.32347030863493265 19.144 0.058
0.3280994978525995 19.135 0.067
0.3292460437081899 19.159 0.066
0.3300715541103272 18.874 0.062
0.3362801136030611 19.176 0.06
0.3401016759347839 19.092 0.064
0.3413411357545555 19.171 0.06
0.3439567422168692 19.13 0.067
0.34400695620061006 19.198 0.1
0.3456109618949994 19.058 0.06
0.3483164945841053 19.17 0.089
0.34858775457214497 19.119 0.07
0.3506293082367846 19.038 0.058
0.35594697279739185 19.218 0.051
0.3567417425696475 19.048 0.066
0.3569550900878311 19.298 0.107
0.35747342595950604 19.051 0.043
0.35953134142473564 19.078 0.054
0.3596416239592144 19.089 0.049
0.3598151896834678 19.196 0.1
0.36243698027046767 19.153 0.049
0.3634118984718042 19.146 0.057
0.36360289983385874 19.105 0.096
0.3636675498722979 19.11 0.071
0.36846105499571413 19.32 0.086
0.37062397647459866 19.022 0.074
0.3709284113796456 19.071 0.041
0.371125094245508 19.076 0.067
0.3712939941214244 19.071 0.054
0.37131362530126344 19.041 0.056
0.3719611729751704 19.084 0.08
0.37319355682884625 19.225 0.054
0.37391428764103685 19.228 0.069
0.37626729743296883 19.018 0.055
0.37768807916418146 19.069 0.052
0.3777604488981523 19.12 0.064
0.37910692235063825 19.033 0.056
0.3793682404460923 19.313 0.083
0.3849114599855966 18.968 0.041
0.38662966724714354 19.198 0.076
0.3874979891219482 19.186 0.041
0.3880097995137476 19.083 0.048
0.3882721816084086 19.161 0.071
0.38935822335806736 19.133 0.065
0.39017136006568764 19.09 0.092
0.3915376763119639 19.127 0.065
0.3941750424286511 19.055 0.075
0.39649643159773407 19.282 0.117
0.3977392510782011 19.048 0.049
0.399446539294695 19.118 0.061
0.3997378566522457 19.07 0.055
0.4 19.454 0.134
0.4014223478733584 19.188 0.06
0.4025638228994467 19.158 0.079
0.4034662115322135 19.178 0.066
0.4074105840049015 19.2 0.078
0.4086928557730062 18.896 0.074
0.4104927763095475 19.214 0.061
0.411549789073797 19.146 0.058
0.41258288953886224 19.1 0.064
0.4165030897551333 19.197 0.061
0.41658146754016345 19.175 0.077
0.41677093581565716 19.191 0.083
0.41695412672233945 19.196 0.077
0.41702411939550077 19.134 0.074
0.42376935160100404 19.262 0.094
0.4246671651475481 19.199 0.061
0.4252743899027337 19.036 0.067
0.4260299431729436 19.229 0.092
0.42631498612390717 19.126 0.111
0.42653671579173535 19.18 0.065
0.42659954221735463 19.122 0.062
0.4273649628570638 19.205 0.095
0.42800657451780355 19.127 0.064
0.4282142193236723 19.079 0.043
0.42921959698869616 19.33 0.141
0.429355425031099 19.137 0.068
0.43003857254952893 19.156 0.089
0.43167757926166817 19.246 0.086
0.4317505478215026 19.11 0.066
0.4359224345511393 19.12 0.097
0.435937659839874 19.217 0.066
0.43599818515522204 19.169 0.069
0.43612553732637027 19.17 0.066
0.4368344237199381 19.081 0.075
0.43735366079399685 18.975 0.049
0.4375635490054265 19.263 0.113
0.43951687576227416 19.019 0.043
0.44097678572043153 19.04 0.08
0.4448964324905319 19.181 0.055
0.4449403932743735 19.197 0.113
0.44513461768146956 19.109 0.081
0.446963712705292 19.219 0.086
0.45283820059503344 19.166 0.096
0.4530947650458984 19.329 0.099
0.4534937619313496 19.068 0.066
0.45387655044887654 19.125 0.08
0.45526793126864507 19.226 0.072
0.45560996179156066 19.135 0.061
0.45757433141025106 19.069 0.048
0.45790401240938083 19.238 0.082
0.45796542660391426 19.092 0.125
0.45845537769619116 19.038 0.048
0.4611376600663789 19.226 0.093
0.4624097226318554 19.065 0.066
0.46423206823819785 19.192 0.077
0.4652600643411461 19.205 0.115
0.4661093632252232 19.191 0.079
0.46635960492621964 19.069 0.068
0.46688021773607036 19.07 0.063
0.4684106831758982 19.144 0.079
0.4693837392591377 19.111 0.097
0.4695487990169568 19.1 0.07
0.476775965692832 19.08 0.054
0.4771892408074564 19.121 0.069
0.47951818047331474 19.152 0.065
0.47979269751467657 19.249 0.064
0.48029107566062523 19.223 0.087
0.481125848204465 19.161 0.062
0.4830256373365046 19.165 0.055
0.48347503861023144 19.11 0.077
0.48633188162730223 19.036 0.058
0.48823561396275184 19.186 0.048
0.4909110926477297 19.088 0.053
0.4912778459123729 19.13 0.057
0.4919265004804402 19.119 0.071
0.4926523445396015 19.093 0.051
0.4964694556014365 19.09 0.083
0.4965185419590853 19.193 0.081
0.4967692034510037 19.155 0.056
0.49752926273358755 19.061 0.059
0.5004749403691676 19.322 0.079
0.500777415520497 19.139 0.06
0.5015063622471644 19.156 0.08
0.5024552002181736 19.014 0.072
0.5028118024605647 19.102 0.047
0.5056135629187338 19.081 0.061
0.5066243596451386 19.047 0.061
0.5066990181652727 19.041 0.053
0.5070146774532077 19.191 0.074
0.5086039328688458 19.188 0.076
0.509391185675122 19.066 0.069
0.5104361394445732 19.148 0.043
0.5141267990624329 19.165 0.054
0.5154738141140115 19.024 0.066
0.5158081910543842 19.029 0.056
0.5158262768230998 19.084 0.089
0.5170688269849052 19.136 0.075
0.5179142492546817 19.051 0.055
0.5228619251851342 19.16 0.054
0.5240062424431017 19.162 0.066
0.5250391372177546 19.194 0.057
0.5301271832198836 19.045 0.052
0.5319859391123828 19.124 0.069
0.5349589128803928 19.229 0.073
0.5375576460372941 19.123 0.056
0.5377034923989413 19.099 0.058
0.5406955074044163 19.051 0.045
0.541023891103032 19.104 0.071
0.5479169077374536 19.108 0.09
0.5493395915204019 19.177 0.1
0.5501232937825989 19.185 0.082
0.5508734136587009 19.007 0.068
0.5509888429754938 19.146 0.081
0.5511572619178878 19.117 0.063
0.5559475647272848 19.142 0.074
0.5577265242058275 19.15 0.066
0.5580479986523642 19.022 0.068
0.5581682176311006 19.119 0.065
0.5595433816755758 19.323 0.089
0.5628472489055639 19.18 0.075
0.5635258001278999 19.092 0.077
0.5636164943797667 19.121 0.064
0.5642262895638851 19.06 0.064
0.5651588135991915 19.15 0.085
0.5654419609003526 19.124 0.054
0.5655344358696311 19.126 0.087
0.565770051108666 19.226 0.075
0.5671492279083395 19.053 0.063
0.5676519542388633 19.013 0.076
0.5693581720564908 19.049 0.067
0.57061327447027 18.982 0.069
0.5711881589212681 19.089 0.056
0.5733987032212099 19.252 0.124
0.5734325006618747 19.18 0.088
0.5739128601047924 19.128 0.076
0.5756171181677928 19.063 0.048
0.5759061013599421 19.082 0.096
0.5761535185987668 19.097 0.077
0.576775303228169 19.13 0.058
0.5790277938162035 19.172 0.089
0.5799736139573725 19.175 0.043
0.5819000525283627 19.164 0.054
0.582736696552638 19.204 0.054
0.584338056343222 19.121 0.054
0.5845443944876024 19.213 0.077
0.5886138998970637 19.196 0.083
0.5888725385560974 18.961 0.108
0.592653351300578 19.117 0.053
0.5941240086216567 19.021 0.089
0.5966327129439378 19.031 0.054
0.597227645880048 19.002 0.045
0.5975053859659966 19.196 0.069
0.5978381060034735 19.282 0.064
0.5993605133548044 19.11 0.041
0.6034196862223326 19.017 0.063
0.6040993409004841 19.174 0.077
0.6042018677229862 19.203 0.073
0.6045165685813118 19.166 0.056
0.6079791422474955 19.077 0.089
0.6099542286596261 18.903 0.054
0.6104660055183558 19.401 0.129
0.611009212594945 19.226 0.046
0.6113521319961365 19.213 0.098
0.6114966929048024 19.097 0.057
0.611997686858922 19.122 0.064
0.61472895842453 19.14 0.083
0.6216440582978976 19.169 0.066
0.6221226607152858 19.199 0.061
0.6239383570258724 19.168 0.067
0.6264718659644132 19.256 0.056
0.6314103251310371 19.203 0.077
0.6330258817542017 19.185 0.089
0.6336768798504636 19.03 0.065
0.6371793083011653 19.194 0.073
0.6374495102130823 19.141 0.058
0.6404365476345447 19.041 0.093
0.6415213256181233 19.267 0.077
0.6435167199955686 19.136 0.058
0.6481315851259751 19.136 0.068
0.6501220901949637 19.213 0.063
0.6530496125100399 19.202 0.061
0.6534131693851123 19.168 0.075
0.6538683853413204 19.288 0.105
0.6546710084625375 19.186 0.076
0.6552758349488613 19.273 0.077
0.6570095274568303 19.263 0.066
0.6599814160166716 19.154 0.079
0.6602860773458815 19.422 0.108
0.6604456035869589 19.008 0.046
0.6625836326515128 19.259 0.055
0.6633111370523693 19.162 0.073
0.6650007538450154 19.1 0.066
0.6654118851996828 19.064 0.098
0.6675169879321402 19.224 0.071
0.670860397733486 19.105 0.054
0.6731676324883665 18.95 0.046
0.6740369463244861 19.159 0.075
0.6755696314761735 19.194 0.076
0.6784189452040664 19.065 0.063
0.6786562079841133 19.219 0.079
0.6818666871944515 19.152 0.065
0.68273406248627 19.11 0.078
0.6834756063693931 19.079 0.079
0.6857113844393098 19.0 0.071
0.6870189684135767 19.173 0.08
0.6870404681107175 19.055 0.036
0.6880052777086348 19.241 0.088
0.6882843244569813 19.099 0.053
0.6889680012513054 19.149 0.048
0.6891670488534146 19.249 0.107
0.6897267538719462 19.246 0.071
0.6926841397866156 19.179 0.112
0.696500349645612 18.909 0.059
0.6978742163904826 18.963 0.045
0.699136158505462 18.854 0.065
0.6998752804242031 18.661 0.075
0.7028386719033733 19.072 0.066
0.704004364566481 19.118 0.07
0.7051166172399462 19.036 0.119
0.705465015891059 18.885 0.059
0.707655853538563 18.765 0.043
0.7093392048085662 19.181 0.107
0.7147275067267401 19.06 0.071
0.7150819321526797 19.086 0.061
0.7162634578166035 18.807 0.068
0.7179461347854158 19.249 0.074
0.7194038106994413 18.932 0.036
0.722208262440654 18.674 0.037
0.7235853314972701 18.859 0.075
0.7239092851354144 19.051 0.061
0.7247214663742853 18.654 0.042
0.7256460891952884 18.848 0.059
0.7264402241220523 18.936 0.045
0.7267414054107576 18.803 0.045
0.7301682070750758 18.601 0.039
0.7311843133797084 18.621 0.06
0.7320450181663546 18.759 0.054
0.7332207173016286 18.755 0.053
0.7365139466523033 18.755 0.032
0.7375527833632077 18.81 0.055
0.7412462008527655 18.71 0.04
0.7431675138535866 18.919 0.056
0.7433516750365016 18.682 0.038
0.7446135051831334 18.762 0.041
0.7461619325753418 18.868 0.065
0.7462150223240315 18.716 0.058
0.7484185449260622 18.831 0.075
0.7487977749682614 18.778 0.063
0.7489463363075629 18.676 0.046
0.7489791299371064 18.726 0.04
0.7490362536495013 18.76 0.062
0.7494831205125593 18.794 0.041
0.749541707759272 18.708 0.06
0.7516495254698384 18.723 0.051
0.756747205541069 18.547 0.034
0.756768965194533 18.771 0.073
0.758479522313246 18.767 0.061
0.7586920805992122 18.719 0.039
0.7597020333500041 18.775 0.062
0.7648548561695862 18.642 0.076
0.7672482189740549 18.612 0.04
0.7707236502314118 18.663 0.041
0.7707579858323698 18.817 0.043
0.7728766988933785 18.704 0.044
0.7730438540696923 18.721 0.059
0.7738676528264478 18.74 0.046
0.7751523495193396 18.633 0.038
0.7800777695760189 18.851 0.065
0.7825862686835535 18.775 0.044
0.7827775872296115 18.652 0.046
0.7844370049919235 18.655 0.05
0.784657957750278 18.523 0.043
0.784667041334069 18.707 0.041
0.7850703528723898 18.846 0.047
0.7898330117945079 18.678 0.043
0.7898647804071516 18.614 0.038
0.7956497776225661 18.649 0.043
0.8036200000568897 18.741 0.053
0.8060028038966266 18.651 0.062
0.8065848792415636 18.808 0.054
0.8068148943752022 18.566 0.034
0.8072403735112857 18.592 0.033
0.809704394882283 18.553 0.039
0.8103907565595364 18.892 0.065
0.8111985289473523 18.644 0.035
0.8129550179754915 18.768 0.046
0.813012973338482 18.695 0.062
0.8139342942016811 18.555 0.054
0.8157839783574673 18.644 0.047
0.8182218371479394 18.774 0.055
0.8184034491108833 18.662 0.049
0.8186651993222768 18.736 0.057
0.821352395649592 18.67 0.037
0.8216062111117935 18.712 0.043
0.8249244024285872 18.662 0.034
0.8259177210988128 18.751 0.038
0.8290681825832508 18.763 0.046
0.8296918633390306 18.625 0.074
0.8301566132417065 18.578 0.038
0.8325904232582616 18.833 0.046
0.8350566786724812 18.73 0.051
0.8359743833556422 18.743 0.077
0.8376080375950551 18.71 0.041
0.8395320448397797 18.607 0.051
0.8409907669814857 18.762 0.041
0.8417293142432755 18.751 0.054
0.8438087081962294 18.672 0.05
0.8461749287802377 18.7 0.065
0.8492572661110899 18.641 0.049
0.8496524860278442 18.781 0.032
0.8508423849556493 18.777 0.032
0.8521254242699797 18.783 0.047
0.852417642830369 18.665 0.056
0.8531635955654565 18.615 0.042
0.8546923108564443 18.758 0.051
0.8577382739175846 18.608 0.032
0.8584139044718541 18.691 0.043
0.8587587649029956 18.654 0.056
0.8609547281215782 18.674 0.055
0.8617106385094303 18.709 0.044
0.8622300807986903 18.719 0.052
0.8625542011490325 18.724 0.04
0.8631679874009933 18.702 0.072
0.8641641364569296 18.859 0.049
0.8642426143627745 18.865 0.049
0.8648163287683929 18.839 0.077
0.8703245083101138 18.746 0.066
0.8731866821139193 18.759 0.05
0.8736232499681137 18.778 0.048
0.8759310139988884 18.789 0.062
0.8765230405982948 18.734 0.064
0.876782105926759 18.624 0.054
0.8771734280211604 18.67 0.054
0.8781601304512151 18.723 0.052
0.879385111794727 18.656 0.057
0.8826813047102405 18.765 0.059
0.8836021416767835 18.782 0.052
0.8855384200091067 18.715 0.047
0.8878652731422335 18.884 0.047
0.8884015976222145 18.69 0.039
0.8888823378760208 18.76 0.041
0.8901344194995545 18.761 0.06
0.8921098472650556 18.749 0.043
0.8922330628660348 18.724 0.05
0.8939581675330374 18.774 0.047
0.8939826002228074 18.66 0.05
0.8969683950857871 18.652 0.048
0.8970074088569163 18.755 0.05
0.9000182110661626 18.804 0.043
0.9002610744286358 18.861 0.06
0.9008772466271694 18.778 0.043
0.9027765400163844 18.843 0.078
0.9031711522196929 18.763 0.057
0.9051654974076883 18.649 0.05
0.9064097044705705 18.874 0.066
0.9080703134863143 18.882 0.046
0.9100471505229507 18.71 0.077
0.9125880738187334 18.775 0.061
0.9166408331770072 18.692 0.039
0.9182592749279138 18.808 0.043
0.9191533238285047 18.75 0.046
0.9198332478266821 18.84 0.046
0.9205428208455487 18.812 0.057
0.9248145973791907 18.877 0.075
0.9253919614979168 18.781 0.043
0.9274878563541279 18.821 0.046
0.9277825545827 18.772 0.043
0.9297673352515631 18.788 0.069
0.9308613660154151 18.818 0.048
0.9312991162390972 18.842 0.053
0.9321346020646161 18.897 0.055
0.9346633425488108 19.132 0.091
0.9389695760150062 18.852 0.107
0.9405963027542384 18.852 0.066
0.9445869583309104 18.849 0.042
0.9453460710314175 18.881 0.035
0.9459897874716262 18.859 0.057
0.9462890514249921 18.798 0.075
0.9467860543112693 18.916 0.055
0.9472163566428208 18.78 0.04
0.9476364931455464 18.729 0.043
0.9477095855221706 18.791 0.045
0.9493807204475161 18.866 0.072
0.9500147125367221 18.747 0.044
0.9500733022681743 18.754 0.057
0.9507471516257283 18.815 0.053
0.9520506202383331 18.675 0.036
0.9568886030969225 18.78 0.054
0.9571988768551819 18.935 0.08
0.9588766403443515 18.88 0.054
0.9590519991101246 18.731 0.065
0.9604205469148838 18.889 0.071
0.961521160861048 19.062 0.053
0.9624876944293647 18.892 0.051
0.963051544902919 18.904 0.061
0.9646352455933084 18.792 0.056
0.9657103895073306 18.716 0.036
0.9663491377254104 18.846 0.038
0.9730734631379164 18.832 0.063
0.9758250974113253 18.895 0.062
0.976843447121064 18.809 0.051
0.9784699898549661 18.917 0.048
0.9786934701473001 18.951 0.046
0.9794760659928216 18.767 0.041
0.9815634760929243 18.823 0.061
0.9841771321620398 18.882 0.073
0.9886070345532061 18.83 0.054
0.9906758813871419 18.882 0.051
0.993149336582428 18.853 0.047
0.9935751427414288 18.902 0.04
0.993736313561294 18.814 0.059
0.9988041877371869 18.832 0.071
0.9988172475799728 18.871 0.057
0.9990468454074288 18.901 0.043
