0.0019560967630241066 19.082 0.071
0.003531028212819365 19.1 0.059
0.004521373902207415 19.143 0.071
0.005051781992733595 18.905 0.052
0.011065718222198484 18.934 0.059
0.011627410878645605 19.153 0.062
0.012892681351331703 18.954 0.068
0.016953475096670445 19.124 0.1
0.019290817819637596 19.128 0.089
0.022659648768240004 19.146 0.119
0.023187555771073676 19.135 0.097
0.02338275964575587 19.231 0.069
0.023964266760231112 18.925 0.05
0.024628595877402404 19.112 0.097
0.025224466221516195 19.227 0.069
0.02798683235869248 19.146 0.078
0.028967826889129356 19.005 0.097
0.02929379441684432 19.109 0.106
0.02954949826016673 19.28 0.081
0.02978819863346871 19.144 0.097
0.030885536565619987 19.037 0.047
0.03649516075893189 19.035 0.071
0.03727114248613361 19.082 0.087
0.03933802344727155 18.941 0.069
0.03957559115406184 19.222 0.077
0.04087592899486481 19.202 0.099
0.04115553467454447 19.136 0.075
0.04129193168319034 19.163 0.055
0.041745240487216506 19.031 0.075
0.04340367490294739 19.064 0.062
0.045666077619898715 19.122 0.084
0.04660586152022006 19.166 0.066
0.04859329041300953 19.038 0.062
0.05358406902905699 19.255 0.086
0.05701503719774337 18.985 0.062
0.058393259863805724 19.1 0.059
0.05842405889688962 19.12 0.081
0.06438424937368836 19.227 0.086
0.06460673522269644 18.938 0.059
0.06522918072732864 19.117 0.065
0.06645525612293568 19.131 0.059
0.06705559672445816 19.157 0.042
0.06937639374882565 19.017 0.087
0.07138836511694535 19.175 0.102
0.07322701623525063 19.098 0.065
0.07459322963404702 19.206 0.087
0.07593120136516518 19.036 0.062
0.07600853979965905 19.109 0.065
0.07815179270164663 19.031 0.09
0.07844831972033717 19.142 0.066
0.08009561327889969 19.229 0.078
0.08022121315843833 19.089 0.066
0.0805966953321331 19.071 0.049
0.08137485952829593 19.054 0.074
0.0815350180509995 19.088 0.053
0.08360569362594106 19.123 0.061
0.08363085132714332 19.124 0.08
0.08411940091264114 18.884 0.087
0.08433548042194161 19.235 0.069
0.08904027744483756 19.167 0.084
0.09662985193790519 19.112 0.125
0.0978627112290269 19.117 0.061
0.09826195491768885 19.026 0.074
0.09872734640157432 19.223 0.089
0.09901864081439271 19.216 0.081
0.10180164535177028 19.205 0.068
0.10185319682568661 19.18 0.092
0.10239418076707807 19.087 0.064
0.10351781896406465 19.297 0.096
0.10385113805386936 19.219 0.09
0.10589641943988681 19.177 0.059
0.10761949482366617 19.301 0.08
0.10772833836199425 19.167 0.074
0.1082032870654075 19.276 0.111
0.10868800023308722 19.36 0.137
0.10952011890640279 19.188 0.121
0.10998400622338522 19.245 0.083
0.11017029543381796 19.092 0.087
0.11126992647223233 19.142 0.047
0.11228119875340781 19.048 0.09
0.11313664968383819 19.289 0.09
0.11555648663761531 19.131 0.074
0.11597354784498748 19.239 0.087
0.11602761487665703 19.028 0.062
0.11715228840148484 19.115 0.089
0.11920334420847212 19.23 0.087
0.11944804028098588 19.087 0.097
0.12238455061196873 19.229 0.066
0.12284197988719825 19.192 0.066
0.12302353192353621 19.144 0.068
0.12304408095860708 19.093 0.094
0.12330324824142735 19.124 0.093
0.1252264627637487 19.17 0.075
0.12619833198732522 19.083 0.064
0.12698717543753446 19.24 0.056
0.12700717468214862 19.067 0.093
0.1277906231871384 19.173 0.056
0.12918092395466374 19.249 0.094
0.13087361360794603 19.03 0.074
0.13204684666197863 19.225 0.053
0.1327620542697332 19.222 0.093
0.13864820091748697 19.101 0.062
0.1468227459645277 19.104 0.081
0.14687324423903192 19.09 0.072
0.14781499922628427 19.169 0.058
0.14908192896746186 19.016 0.058
0.1503561585677744 19.185 0.083
0.1507632492484845 19.06 0.08
0.15122607613011496 19.178 0.066
0.1518723599583609 19.09 0.042
0.15694693696968898 19.206 0.065
0.1589878043741919 18.982 0.047
0.1594623781820701 19.012 0.078
0.16073810471243632 19.213 0.055
0.16110156772538176 19.156 0.072
0.16313507175618724 19.264 0.072
0.1652641230266454 19.168 0.089
0.1666148021176923 19.248 0.096
0.16910196857679693 19.238 0.069
0.16944436659014173 19.26 0.115
0.17045730537756754 19.118 0.078
0.17356424210083787 19.161 0.081
0.1740765041577106 19.399 0.075
0.1761491720963022 19.322 0.08
0.17691891439881147 19.289 0.065
0.17705849803314777 19.135 0.087
0.17972664886292478 19.409 0.109
0.18934907685252256 19.279 0.099
0.19056234488380142 19.274 0.118
0.19061545946078695 19.127 0.071
0.1911532826252369 19.093 0.059
0.19281005585435196 19.171 0.092
0.19449020772299264 19.088 0.087
0.19832219140516827 19.268 0.069
0.19969512710667914 19.082 0.064
0.20153244555149286 19.264 0.087
0.20205272343628167 19.289 0.071
0.20498333881369035 19.108 0.086
0.20766596351313638 19.286 0.086
0.20796682961918123 19.329 0.122
0.20906735417884192 19.1 0.105
0.20983883979715756 19.213 0.086
0.21108456804904563 19.147 0.096
0.21121774534185533 19.194 0.071
0.21219305215618078 19.027 0.086
0.21238302342590032 19.11 0.069
0.2126323798656813 19.159 0.077
0.2147212372183276 19.164 0.094
0.21610229938232806 19.149 0.089
0.21777511564323504 18.999 0.071
0.22379550991718133 19.28 0.081
0.22607461077677726 19.068 0.075
0.22801325428372365 19.23 0.096
0.2314033502352686 19.266 0.096
0.23333531324533396 19.235 0.068
0.23406103776778764 19.31 0.133
0.2344596244274726 19.174 0.064
0.23904737463453785 19.162 0.106
0.23957996445278695 19.396 0.105
0.24166314738795336 19.194 0.08
0.24319281583120755 19.215 0.064
0.24702033457469952 19.212 0.068
0.24775090956973145 19.284 0.112
0.24822730882260657 19.376 0.118
0.24839106195577187 19.301 0.071
0.24867437820284977 19.148 0.084
0.2530340502707986 19.118 0.081
0.2537070967091495 19.272 0.077
0.2538906106783543 19.268 0.092
0.25424780841603933 19.299 0.089
0.2555894648639878 19.248 0.089
0.2588858595518104 19.299 0.071
0.25950767579706735 19.271 0.077
0.2595640849795018 19.253 0.092
0.26050275674242585 19.36 0.081
0.2609061752627895 19.17 0.061
0.2621688837898546 19.112 0.102
0.2640407243916343 19.265 0.066
0.264228739047212 19.526 0.134
0.26536055083306564 19.189 0.077
0.2659006074281933 19.192 0.075
0.2705938708222675 19.205 0.071
0.27104715643508825 19.208 0.08
0.27120334204755636 19.319 0.093
0.27156772974740306 19.132 0.069
0.27174304501750157 19.564 0.133
0.2738378151998404 19.242 0.071
0.27893939662862977 19.377 0.092
0.2811943253309437 19.233 0.071
0.28782119165225595 19.227 0.081
0.29062173881175113 19.317 0.111
0.29143922201728856 19.26 0.066
0.292406674601807 19.271 0.077
0.2937653649460117 19.13 0.071
0.30181977389474923 19.41 0.084
0.3034042234185108 19.18 0.056
0.3034158577902417 19.237 0.055
0.3067062872087263 19.239 0.119
0.306864296346248 19.306 0.08
0.30884844658794464 19.202 0.086
0.3116990323360369 19.19 0.109
0.31223124001826363 19.258 0.099
0.3154631579964189 19.157 0.071
0.3161154375247861 19.199 0.064
0.3207763604896172 19.17 0.066
0.3215202363617209 19.231 0.081
0.3216310696025175 19.323 0.102
0.3239360038060113 19.263 0.078
0.3242403850526898 19.21 0.071
0.32907914756833634 19.253 0.092
0.3298591372104056 19.235 0.086
0.33340712708377396 19.182 0.102
0.33433065465578693 19.103 0.08
0.3345431646621364 19.114 0.086
0.3357038625890709 19.19 0.078
0.3370496037623525 19.118 0.103
0.3390828355568374 19.304 0.075
0.33936337316117715 19.216 0.08
0.33942155151089537 19.09 0.071
0.33954604456903326 19.161 0.084
0.3396900189927692 19.282 0.131
0.3402496695071022 19.027 0.065
0.3440309906600305 19.18 0.078
0.34597530135033594 19.273 0.102
0.3463412681085174 19.231 0.086
0.34717922545860347 19.09 0.131
0.349627075567696 19.342 0.092
0.34976436875422223 19.236 0.077
0.3523872565774582 19.37 0.068
0.35286405923670827 19.245 0.097
0.3548351253011788 19.246 0.083
0.3560791638547016 19.462 0.099
0.3602422940557517 19.235 0.102
0.36035876862842997 19.361 0.112
0.36047701960433187 19.32 0.089
0.3652586596308538 19.236 0.078
0.37071188491063367 19.137 0.068
0.371348306195614 19.308 0.105
0.3720990195824925 19.292 0.074
0.3735758456859912 19.262 0.094
0.3739816599736514 19.153 0.087
0.37524008303262235 19.299 0.075
0.3755881508877792 19.421 0.121
0.3758211536514864 19.208 0.077
0.3761883219140145 19.124 0.102
0.3766041067246988 19.175 0.074
0.3776270768912582 19.217 0.059
0.3785819612639898 19.21 0.075
0.37895575905986334 19.204 0.072
0.3795063333109283 19.324 0.087
0.3815841498089867 19.201 0.094
0.3848687531053656 19.167 0.074
0.38529143437153834 19.044 0.078
0.38647011599096004 19.591 0.111
0.38794688581765513 19.211 0.083
0.3890065586874698 19.358 0.106
0.3893440526098857 19.229 0.053
0.39280786121526035 19.274 0.075
0.39578712814727623 19.235 0.065
0.39740275160329475 19.302 0.093
0.3975335821705812 19.236 0.147
0.3975481640172802 19.302 0.064
0.39755028755098465 19.162 0.062
0.39960875651559036 19.191 0.075
0.4018394077411358 19.36 0.094
0.4022392263304937 19.323 0.081
0.40250768391706515 19.217 0.072
0.4031938126136083 19.244 0.093
0.40867644531863334 19.318 0.106
0.41033827700266556 19.161 0.115
0.4119996052759234 19.223 0.119
0.41340579205461836 19.277 0.089
0.4151321593853936 19.242 0.093
0.4166401594193303 19.181 0.068
0.41692399163002847 19.289 0.061
0.41818814538783045 19.643 0.124
0.4211050591411549 19.128 0.072
0.42385962466960336 19.219 0.047
0.4240962817239051 19.154 0.087
0.4273671761593505 19.077 0.044
0.42786970418273995 19.006 0.058
0.42952530899674457 19.245 0.068
0.43414698060951196 19.265 0.065
0.43593603229419386 19.307 0.111
0.4367386355643248 19.03 0.077
0.4381635744448431 19.234 0.071
0.438627738573814 19.366 0.158
0.43955728237415315 19.106 0.092
0.44193059056306083 19.234 0.093
0.4439176837040577 19.278 0.093
0.4459769203349424 19.302 0.122
0.448032251713812 19.17 0.092
0.45114382295469113 19.219 0.078
0.4513410735507932 19.167 0.065
0.4513429016551527 18.954 0.044
0.4516025107495807 19.242 0.086
0.45298018628272985 19.267 0.059
0.45493632337093004 19.147 0.058
0.45521519255271414 19.164 0.072
0.45675767101602105 19.156 0.068
0.457720055253958 19.111 0.086
0.4597579234796285 19.27 0.109
0.4608355032341933 18.928 0.059
0.4608651266153174 19.172 0.08
0.4622550471676732 19.151 0.072
0.4623812736481341 19.052 0.074
0.462695379033903 19.068 0.092
0.46401024702208815 19.264 0.074
0.464350816930164 19.282 0.089
0.46490394854663464 18.88 0.08
0.46496056039359246 19.126 0.08
0.4653570771406521 19.031 0.065
0.46580442333379324 19.278 0.058
0.4662469144768693 19.226 0.117
0.4687428902816464 19.269 0.064
0.4723793203011155 19.293 0.075
0.47247214133949456 19.375 0.093
0.4741196170289186 19.122 0.066
0.4759958537379134 19.208 0.077
0.4781840384721363 19.037 0.061
0.4787883333692662 19.064 0.065
0.4829421097529121 19.2 0.065
0.48801620122685563 19.0 0.066
0.48894702599682205 19.041 0.053
0.4928244958828145 19.19 0.058
0.49436639678788197 19.451 0.1
0.4946413447623854 19.371 0.086
0.49564324535094784 18.955 0.052
0.4972235227069177 18.962 0.053
0.4981233841863286 19.244 0.059
0.49813502313554636 18.962 0.059
0.4984768720987631 19.247 0.071
0.4987930493134627 19.0 0.068
0.5006883354708407 19.011 0.078
0.500799117009592 18.917 0.086
0.5026967962730851 19.015 0.053
0.5037330083796405 19.017 0.075
0.5049767959717428 19.098 0.072
0.5055621513183723 19.025 0.075
0.5073622412000987 19.08 0.046
0.507574230665341 19.198 0.066
0.5078477638398908 19.104 0.084
0.508582344829847 19.222 0.058
0.512061523482771 19.189 0.106
0.5124550231794274 18.912 0.036
0.5154994238519066 19.143 0.084
0.5199480733017481 19.282 0.077
0.5217046647667303 19.116 0.072
0.5277488251304021 18.881 0.061
0.5279279277783644 18.9 0.046
0.5328870389494114 19.068 0.09
0.5355818755797372 19.012 0.068
0.5364289536573779 19.096 0.077
0.5366747691041382 18.959 0.078
0.5375871120922966 19.011 0.084
0.538765852648794 19.166 0.087
0.5413507237080921 19.005 0.071
0.5424539235082193 19.188 0.068
0.5435437383857789 18.97 0.053
0.5466753963155497 18.847 0.05
0.5474076967529982 18.851 0.056
0.547783279671421 19.116 0.064
0.5498789798602957 19.31 0.071
0.5499419543230033 19.123 0.058
0.5515326923141401 19.136 0.08
0.553551513754428 18.878 0.074
0.5541919946526832 18.952 0.04
0.5556310735682928 19.132 0.161
0.5592184174565773 18.889 0.072
0.5633840023638186 19.267 0.108
0.5641939108136285 18.999 0.052
0.5654540539981099 18.996 0.072
0.5661217009119355 18.948 0.072
0.5667466501663512 18.945 0.078
0.5669219654355402 19.197 0.071
0.5672653132460255 19.172 0.069
0.5695480935046362 19.256 0.13
0.5712563691649848 18.85 0.05
0.5781470631327466 19.001 0.081
0.5800931688390847 18.964 0.09
0.5808153835369012 19.008 0.056
0.5829275088926806 19.187 0.069
0.5830480503173021 19.099 0.056
0.5874517017600738 19.165 0.121
0.587551963725673 18.886 0.072
0.5887300472531933 18.95 0.097
0.5917442218760698 18.849 0.04
0.5925178310262709 19.013 0.065
0.5938787502218474 19.053 0.059
0.5943007558435056 19.136 0.059
0.5945662169087882 19.055 0.055
0.5951081016082753 18.968 0.081
0.5954180420603734 19.052 0.083
0.5956954116518318 19.105 0.061
0.5960664262292994 19.221 0.068
0.5968694686534946 18.905 0.069
0.5978453431325761 19.081 0.09
0.598964450215135 19.034 0.087
0.5989716447566025 19.015 0.052
0.6013650449567649 18.937 0.05
0.6015439879247424 18.971 0.089
0.6015606906448738 19.124 0.075
0.6040161645523767 19.103 0.043
0.6042987694108888 18.89 0.052
0.6045006545227807 19.049 0.064
0.6061847063247114 19.271 0.128
0.6068968869840319 18.827 0.055
0.6103532904089661 19.354 0.171
0.6121435105105775 18.988 0.081
0.6125051739272749 18.968 0.055
0.6168809221126139 19.022 0.062
0.6169453988241003 18.925 0.062
0.6173822326800291 18.83 0.062
0.6176508028229364 19.069 0.05
0.6177922636015865 19.083 0.05
0.6193259988967839 18.971 0.065
0.6203531526116421 19.003 0.083
0.621224623382659 19.178 0.086
0.6227159206955548 18.968 0.124
0.6249926820646579 18.962 0.072
0.6252607077349239 19.028 0.081
0.6273093095769582 18.969 0.056
0.6334204576351112 19.075 0.077
0.6356206079144613 19.196 0.105
0.6361653408275743 19.043 0.072
0.6365344014502625 18.954 0.093
0.643502158958654 18.958 0.075
0.6476538707465807 18.848 0.074
0.6489617316419753 19.072 0.072
0.6510915174931142 18.986 0.043
0.6519981727651611 18.766 0.047
0.652712096742107 18.796 0.043
0.6530220371932955 18.803 0.061
0.6533260150335991 19.081 0.089
0.6573627651341667 18.92 0.056
0.6617882564814863 19.06 0.065
0.6649115468790114 18.939 0.047
0.6656598671579559 18.873 0.072
0.6662339843041991 18.948 0.064
0.6669324891900033 18.875 0.055
0.6739603683654423 18.851 0.081
0.6741346205399168 18.871 0.043
0.6742677487918627 19.099 0.061
0.6745768394466722 18.976 0.065
0.6750130626569444 19.063 0.055
0.675014844377074 18.984 0.071
0.6757887231051427 19.103 0.062
0.6775065658821404 18.819 0.071
0.6778152246215541 18.827 0.055
0.6790415749119347 18.919 0.05
0.6791399524945518 18.994 0.071
0.6814525177323958 19.038 0.096
0.6823821178113576 18.981 0.056
0.683283596754336 18.897 0.072
0.6837590640816416 18.758 0.05
0.6842492801742992 19.096 0.089
0.6847547510988079 18.896 0.084
0.6850960323972686 18.884 0.066
0.688487078145954 18.766 0.065
0.6910928784564021 19.04 0.058
0.6915020177766564 19.035 0.087
0.6942469652276486 19.032 0.09
0.6985201119587146 19.027 0.059
0.6994513785411982 18.916 0.062
0.6997113313645968 18.929 0.077
0.7004900963120235 19.12 0.055
0.7008721418496862 19.118 0.075
0.7017399590713467 19.078 0.064
0.7025654866156401 18.97 0.071
0.7051431863237667 18.79 0.052
0.705700197342594 19.117 0.068
0.7062485917831509 18.889 0.055
0.7073669384353707 18.854 0.065
0.7074507440665911 19.179 0.066
0.7112818315717959 19.013 0.053
0.7117348422907526 19.04 0.089
0.7122262857337773 18.773 0.053
0.7130528425441298 19.029 0.09
0.7148759030806104 19.084 0.049
0.7169084307206504 18.814 0.086
0.7173919682363703 18.891 0.068
0.7175685081983829 19.03 0.078
0.7189219606152619 18.93 0.058
0.7198262406536742 19.177 0.094
0.7228431422190624 18.861 0.092
0.7247115292739181 18.962 0.043
0.7251618674108613 18.887 0.072
0.7253991529833002 18.843 0.047
0.7276353938423199 18.91 0.058
0.728802384813207 19.044 0.055
0.7323954217354185 18.999 0.069
0.7375036863195419 18.887 0.058
0.7398229301343235 18.992 0.068
0.7408810775687016 18.898 0.052
0.7410086188483547 18.874 0.094
0.7413993585141725 19.084 0.09
0.7415524628204366 19.082 0.075
0.7429893672433536 18.957 0.05
0.7435384392465494 18.963 0.059
0.745632036436291 18.962 0.068
0.7456567013650783 18.797 0.075
0.7457125991604698 19.033 0.059
0.7457514558263938 19.197 0.062
0.7462240677014051 18.947 0.064
0.7474551015484394 19.027 0.083
0.748312268024165 19.058 0.055
0.7514041115146028 19.254 0.128
0.7519918063517252 18.993 0.068
0.7523283710070245 18.994 0.055
0.7562726027317694 18.916 0.062
0.7564197425081147 18.981 0.059
0.7596205991112583 18.911 0.08
0.7603518756004632 18.962 0.055
0.761165060042913 19.02 0.096
0.7620277545538556 18.985 0.071
0.7649140361918398 19.043 0.071
0.7664283345866352 19.09 0.109
0.7667667737277952 18.961 0.081
0.7676406992050033 19.041 0.064
0.7719169245829107 18.932 0.053
0.7727547176764347 19.042 0.061
0.7752303345523615 18.801 0.056
0.7760033946524345 18.911 0.055
0.7762520959786343 18.982 0.074
0.7806665464704565 19.044 0.049
0.7808969355901354 18.806 0.042
0.7812880885612685 19.098 0.097
0.7815583457413595 18.944 0.058
0.7863218728225547 18.95 0.052
0.7869328926790331 19.043 0.069
0.7883871846215698 18.968 0.044
0.7886446853981397 18.801 0.058
0.7906009821654152 19.029 0.072
0.793971918031275 18.974 0.068
0.7971574562870956 19.048 0.047
0.7980541079505201 19.052 0.065
0.7991680995610295 18.991 0.042
0.7992384103690711 19.068 0.066
0.800790746063285 19.041 0.059
0.8022935697681532 18.863 0.083
0.8034385710507195 18.899 0.071
0.8077646144829487 19.022 0.069
0.8083359537286015 18.986 0.049
0.8083406730329443 18.967 0.058
0.8105440662184265 19.118 0.077
0.8118632348869141 19.141 0.09
0.812055421711193 19.085 0.099
0.8132678426063649 19.022 0.055
0.8132804883716744 18.965 0.068
0.8135683801974665 19.166 0.078
0.8197996000990315 19.207 0.105
0.8205822246563912 19.238 0.072
0.822877573869846 19.041 0.047
0.8230231783109048 19.135 0.069
0.8239974147945759 18.919 0.064
0.827942257167706 18.892 0.092
0.8282241532961052 18.947 0.071
0.8316200806866618 19.093 0.065
0.8359731821565219 19.042 0.05
0.8374939359346172 19.023 0.046
0.8376783791682101 19.095 0.086
0.838614277607121 19.204 0.087
0.8397509908263601 19.036 0.055
0.843673153396594 19.076 0.105
0.8445893989792239 18.907 0.058
0.8472612391024086 19.122 0.056
0.8500204113770451 18.991 0.081
0.8501318738781265 19.033 0.065
0.8515033715848404 19.016 0.049
0.8515786963844221 19.094 0.092
0.8517415533369785 18.949 0.071
0.8524613133304229 18.927 0.081
0.8527044330021454 19.019 0.069
0.8531485594830883 19.004 0.04
0.853936801441705 18.947 0.061
0.8617419672500546 19.174 0.092
0.8665754713074421 18.925 0.049
0.8680460606465203 19.051 0.066
0.8683712605070468 19.059 0.112
0.8743336307907157 18.887 0.065
0.8746405694055284 18.929 0.092
0.8776830910155695 18.932 0.092
0.8803602644893544 18.995 0.09
0.8827397968907462 19.049 0.061
0.8831296377193212 19.07 0.058
0.8871447855835868 19.137 0.061
0.8902969693590421 18.995 0.065
0.8905674470752274 18.942 0.065
0.8923002796846049 19.01 0.075
0.8925084300726667 19.019 0.069
0.8971629679708713 19.414 0.086
0.8974813018066925 19.04 0.064
0.8976420378876355 19.177 0.08
0.8978308380810631 18.943 0.055
0.8988887676387094 19.075 0.061
0.9019826061476124 19.026 0.065
0.9022791921033786 19.103 0.055
0.9025011619905854 18.976 0.062
0.9034303791931961 19.095 0.05
0.9068959105816248 18.973 0.05
0.9102454198473424 19.017 0.093
0.9127230549347587 19.05 0.046
0.9127959276884212 19.112 0.072
0.9152038739903219 19.01 0.056
0.9156967063854609 18.97 0.05
0.9253281524433987 19.149 0.075
0.9261321446647344 18.946 0.097
0.9266401828490416 19.143 0.097
0.9273959699057741 18.942 0.066
0.9276387067047835 19.009 0.084
0.9282583127114776 18.953 0.075
0.9297978900831367 18.975 0.071
0.9340734352426807 19.092 0.064
0.9347387479865574 19.738 0.202
0.9349849409900344 19.065 0.092
0.9351371445372934 18.859 0.081
0.9355670792810997 18.997 0.072
0.9368237073231285 19.099 0.066
0.9384915088539856 19.073 0.071
0.9400950899544114 19.077 0.068
0.9413921001032577 19.05 0.08
0.9416780558458413 18.971 0.062
0.9438810973242653 18.98 0.066
0.9479033085590345 18.953 0.066
0.9482441507052499 19.067 0.077
0.9498171977702441 19.118 0.062
0.9514215670724298 19.189 0.096
0.952236598232048 19.263 0.103
0.9526966955108946 19.127 0.066
0.9532354479433707 19.056 0.083
0.9541098331028479 19.02 0.094
0.9553567297716654 19.039 0.075
0.95754946955185 19.019 0.086
0.9581554773358221 19.11 0.077
0.9621619641584402 19.074 0.083
0.96247206886801 19.121 0.058
0.9648434363971319 18.977 0.044
0.9649924042769271 19.208 0.097
0.9651064830823088 19.199 0.071
0.9662719797834143 18.99 0.049
0.9672949453724868 19.021 0.075
0.9678367175138192 18.899 0.08
0.9749424278952574 19.078 0.062
0.9786843228012003 19.147 0.09
0.9802213990824384 19.053 0.074
0.9843113816350524 19.218 0.09
0.9876849881657108 18.984 0.053
0.9889551064507032 19.145 0.111
0.9917192934553896 19.303 0.114
0.9928562272107229 19.088 0.058
0.9943358928130692 19.104 0.065
0.9971151259278486 18.975 0.058
0.9980461666564224 19.069 0.046
0.9995490698311187 19.086 0.053
