0.0013234659849330477 18.945 0.071
0.0035350069189461486 19.157 0.089
0.00812328269275886 19.108 0.098
0.009124487496046552 19.049 0.069
0.009321609806101971 19.109 0.06
0.009336574770168138 18.974 0.074
0.009886041296704118 19.052 0.045
0.010020526818516284 18.967 0.067
0.010543526566288985 19.152 0.067
0.01111757078970177 19.057 0.07
0.012589674691662278 18.927 0.078
0.013542026682807684 18.924 0.051
0.013868355630074714 18.896 0.058
0.01444496520402927 18.957 0.061
0.01510355289465215 18.755 0.069
0.015585769325662024 19.009 0.078
0.016609432016048142 19.01 0.052
0.016667694679563194 19.243 0.061
0.01804181250522552 19.104 0.058
0.01963458115587846 19.034 0.083
0.020949022862077893 18.972 0.042
0.021362448196577954 19.09 0.068
0.023215941620401193 19.053 0.061
0.02334898434983179 18.997 0.078
0.02360314333545821 19.11 0.058
0.027053879732557018 19.314 0.116
0.03042135881914876 19.168 0.042
0.0327655071327172 19.015 0.071
0.034772060883733524 19.258 0.088
0.03597494660461964 19.067 0.08
0.03631457619521827 18.959 0.07
0.0384467252491959 19.089 0.063
0.03878390758668504 19.032 0.068
0.03911188941779076 19.002 0.048
0.0402489292995597 19.034 0.073
0.04053078105189345 19.117 0.072
0.04076869587984222 19.104 0.036
0.0426952478632302 18.975 0.05
0.04432358185968044 19.027 0.085
0.0469292423555544 19.337 0.072
0.0486228463677435 19.042 0.083
0.0491515233046812 19.221 0.078
0.050688774400805436 19.058 0.077
0.05096828705463852 19.082 0.058
0.05100939458352516 18.999 0.094
0.054149526557375816 19.055 0.073
0.05469698590459304 19.191 0.092
0.05487771811149289 19.086 0.1
0.05493777637175301 19.248 0.112
0.056095935523808316 19.241 0.114
0.056459700500818166 19.097 0.071
0.05698669447010618 18.967 0.074
0.05809952711151711 19.063 0.07
0.05897382807816032 19.162 0.08
0.059092927955498475 19.117 0.091
0.05952820825350502 19.043 0.07
0.06016530770866668 19.057 0.075
0.06025371411978997 19.233 0.053
0.060684119305415174 19.194 0.088
0.060942613880251906 18.921 0.081
0.06261520130501597 18.982 0.086
0.06278490409240478 19.082 0.052
0.06296228901137513 19.093 0.075
0.06383553156447308 19.081 0.07
0.0642228066259577 19.137 0.061
0.06475888225704696 19.152 0.065
0.06542157306685115 18.906 0.063
0.06588903213960295 19.104 0.07
0.06736413524995444 19.038 0.096
0.06771679049952584 19.137 0.039
0.06773247499531865 19.174 0.095
0.06863258039211362 19.058 0.061
0.06883679185411895 19.142 0.077
0.06885902125250143 19.183 0.086
0.06893617671667018 18.963 0.078
0.07182031929951338 19.042 0.075
0.07366980756287378 19.194 0.065
0.07448915610793849 19.286 0.073
0.07557660201600813 19.086 0.052
0.07605581923726279 19.171 0.114
0.07647547993237824 19.152 0.117
0.0774545774151193 19.06 0.084
0.07766665921863025 18.933 0.054
0.07849332167679679 19.051 0.08
0.07853001654202674 19.049 0.074
0.07881520091486893 19.102 0.073
0.07931045618206556 19.031 0.093
0.08016106407230839 19.157 0.074
0.08065683574218385 19.122 0.084
0.08117528384482287 19.179 0.084
0.08140524876844213 19.138 0.095
0.08146795194115841 18.981 0.074
0.08270490775648798 19.073 0.067
0.08644764443251918 18.968 0.078
0.08696556593977223 19.086 0.064
0.08744125909870493 19.113 0.061
0.08745722529047273 19.123 0.096
0.08797706521604598 19.156 0.082
0.08872507372316252 19.075 0.053
0.0892363739980283 19.077 0.059
0.0894318063791616 19.04 0.096
0.08983225851479804 19.008 0.083
0.09003819695171844 19.141 0.105
0.09178532352134428 19.016 0.053
0.0922591345601177 19.031 0.083
0.09309830702059119 19.156 0.068
0.09354071127781938 19.007 0.07
0.09415463555014869 19.143 0.069
0.09427475679549391 19.157 0.092
0.09530690593069269 19.229 0.068
0.09610957496865924 19.25 0.064
0.09760092223805261 19.057 0.072
0.09871760017213094 19.006 0.072
0.0994789863974802 19.176 0.088
0.10091569625856212 19.016 0.06
0.10153103796292273 19.184 0.079
0.10191957755014303 18.999 0.062
0.1024053481286501 19.123 0.051
0.10553398525044033 19.147 0.049
0.10586679122425269 19.095 0.113
0.10591851594781476 19.071 0.093
0.10691745574276867 19.071 0.069
0.10903373507280778 19.185 0.13
0.1099686223873505 19.008 0.063
0.11026042575317663 19.215 0.052
0.11073756021269221 19.294 0.098
0.11087228889314249 19.001 0.08
0.11098468027048514 19.089 0.056
0.11309665111402867 19.251 0.111
0.11361087874356601 19.213 0.111
0.11383479825999532 19.138 0.077
0.11406783797465325 19.004 0.06
0.11538433783098301 19.072 0.075
0.11631817518550636 19.08 0.073
0.11697865344845015 19.287 0.083
0.11772482931282868 18.994 0.082
0.1179908421721848 19.319 0.093
0.11839832478235623 19.116 0.073
0.1194105798889723 19.103 0.06
0.12026770334468895 19.247 0.065
0.12127104660467014 19.053 0.074
0.12127965810886965 19.025 0.074
0.12453480374747417 19.2 0.062
0.12557210670856878 19.18 0.054
0.12582643177884167 19.099 0.072
0.1280090208910224 19.301 0.091
0.13140392024561154 19.129 0.093
0.1318276030073321 19.154 0.073
0.13209119571401973 19.129 0.074
0.13225116767025613 19.033 0.062
0.13309649443763194 19.097 0.086
0.13380323480159861 19.034 0.047
0.1355985488525221 19.226 0.12
0.13617041608167713 19.312 0.102
0.1371159367494329 19.225 0.12
0.13743600646821508 19.009 0.054
0.13926433617816658 19.263 0.063
0.14049336446569216 19.216 0.075
0.14079091687417533 19.067 0.073
0.14123122519085884 19.201 0.06
0.14333916551313453 19.312 0.075
0.14477083268675417 19.11 0.063
0.14583157014967585 19.217 0.075
0.14879461207819988 19.23 0.071
0.1487991043026341 18.921 0.065
0.150953549138103 18.982 0.056
0.1509918111118168 19.103 0.071
0.15159651871763347 19.134 0.123
0.15318533242898413 19.048 0.062
0.15570193883504546 19.005 0.061
0.15598382912494346 19.292 0.09
0.15627149083379666 19.126 0.045
0.15678949886309967 19.124 0.05
0.15712145875399985 19.165 0.052
0.1572168717724708 19.133 0.075
0.157814092668923 19.127 0.053
0.1580130322076002 19.153 0.057
0.15852890028909317 19.086 0.063
0.15861157854387786 19.124 0.105
0.15969938570779052 19.186 0.058
0.15993829952676608 19.21 0.064
0.159965376189939 19.198 0.09
0.1625284137648123 19.082 0.072
0.16416767449609326 19.136 0.092
0.16468167363600517 19.158 0.088
0.16551585288507342 19.387 0.143
0.16663345944780306 19.044 0.047
0.1671715584192498 19.17 0.069
0.17071303883531075 19.117 0.051
0.171008120868828 19.173 0.107
0.17223745720766603 19.255 0.104
0.17228357112653614 19.153 0.095
0.17304885584908336 19.143 0.081
0.1756471686193436 19.189 0.07
0.17621096784650947 19.253 0.101
0.17633002446305002 19.146 0.077
0.17833073270267052 19.11 0.077
0.17868084124884265 19.176 0.086
0.17874414883808643 19.116 0.071
0.1793758751765836 19.181 0.068
0.18021609212646583 19.191 0.092
0.18058203956607033 19.229 0.071
0.18165950825041366 18.977 0.084
0.18208361641554804 19.258 0.105
0.18261485398070365 19.31 0.081
0.18320975193855704 19.12 0.079
0.18434011017156993 19.174 0.053
0.1848314298953483 19.115 0.064
0.18520888138587 19.131 0.057
0.1871681355081819 19.273 0.086
0.1875373638526071 19.089 0.081
0.18892993067529462 19.149 0.075
0.18925702241576803 19.244 0.063
0.19042172174695227 19.052 0.069
0.19125629159216262 19.153 0.06
0.19625082249549453 18.974 0.071
0.19704204292625038 19.241 0.058
0.19917747686340592 19.246 0.073
0.19928828248648645 19.498 0.121
0.19994882017217608 19.009 0.081
0.20009615855669838 19.186 0.072
0.20046424047327494 19.158 0.072
0.20138562650108727 19.042 0.071
0.20182971521753645 19.087 0.061
0.2019349085452632 18.949 0.054
0.20294866586700666 19.036 0.08
0.20434793969925524 19.272 0.113
0.20595465119949952 19.192 0.067
0.20739028101925217 19.07 0.094
0.2088339788382655 19.148 0.059
0.20970683079613084 19.201 0.1
0.21027655807793055 19.158 0.059
0.21284285965011807 19.399 0.067
0.21438315396189866 19.084 0.06
0.21452859555793113 19.115 0.078
0.21510153736053328 19.266 0.062
0.21620852374635435 19.116 0.059
0.22024584146984127 19.206 0.072
0.22074523690334902 18.983 0.059
0.2213698663826108 19.054 0.065
0.22160794878700474 19.099 0.068
0.2222865687425838 19.395 0.104
0.22276104138236408 19.042 0.071
0.2242114300510366 19.175 0.067
0.22518598583192218 19.288 0.07
0.22649957374769658 19.063 0.08
0.22676265228997183 19.082 0.056
0.22713832832359915 19.535 0.115
0.22866118878791897 19.278 0.093
0.22931517386282396 19.24 0.124
0.22960534224639562 19.171 0.047
0.23070101130078913 19.158 0.072
0.2307635978671897 19.167 0.086
0.2309756558037407 19.251 0.074
0.23241358842087723 19.445 0.107
0.23253143844240187 19.449 0.099
0.23328279200031832 19.187 0.069
0.23370395341808037 19.263 0.086
0.237732270532797 19.224 0.098
0.24157102315202794 19.124 0.074
0.24162269839816874 19.346 0.12
0.242285904864184 19.155 0.141
0.24316014093815286 19.138 0.063
0.24332548750171556 19.152 0.096
0.24344129404371417 19.402 0.074
0.24534497118943366 19.32 0.123
0.24765753992360262 19.144 0.081
0.2504679198304075 19.018 0.071
0.25135867106873777 19.065 0.063
0.25347454513430423 19.16 0.116
0.25384171607552164 19.106 0.068
0.2561342316588707 19.149 0.083
0.25719433139001924 19.365 0.092
0.258411727333305 19.316 0.095
0.2601871543178277 19.125 0.084
0.26207427999920585 19.229 0.069
0.2648572513218369 19.104 0.074
0.2649973014034913 19.139 0.061
0.26650910087246305 19.162 0.052
0.26738803528396604 19.336 0.072
0.2696019115877789 19.162 0.063
0.269694377111955 19.124 0.102
0.26988724886668936 19.456 0.096
0.27124566603552014 19.296 0.074
0.2732793782482986 19.122 0.065
0.2738623467506841 19.24 0.09
0.2762513243182184 19.198 0.082
0.2772833685325168 19.071 0.067
0.27787427997773195 19.294 0.062
0.2782951905295704 19.202 0.075
0.27850973500144394 19.122 0.058
0.27913344505204807 19.074 0.072
0.27932155904672984 19.251 0.095
0.28326338891329217 19.292 0.093
0.2852124758614082 19.156 0.057
0.28589454429802574 19.304 0.107
0.2859548288110091 19.046 0.077
0.28651837940869884 19.218 0.091
0.2870946724782698 19.222 0.081
0.2871028802102501 19.349 0.052
0.28767927447224795 19.2 0.059
0.2878186999982063 19.265 0.064
0.28797669411269455 19.109 0.06
0.2891612397355857 19.211 0.09
0.2891961041981631 19.223 0.092
0.2906139234959483 19.198 0.079
0.2912559806076388 19.169 0.063
0.2915896403727857 19.296 0.067
0.29159411718264894 19.294 0.07
0.29164834311031884 19.14 0.078
0.29419653531012957 19.188 0.064
0.2971963718067855 19.37 0.08
0.29838202283249304 19.177 0.052
0.29963374445960655 19.247 0.09
0.30059483376194296 19.239 0.099
0.3007802697760781 19.422 0.065
0.3016997975531922 19.241 0.091
0.3017117456551205 19.113 0.116
0.3042832395898586 19.254 0.115
0.30479213661910765 19.088 0.059
0.30745823602537714 19.208 0.074
0.3079178856691215 19.411 0.079
0.3081632123684358 18.859 0.096
0.30848138455248775 19.268 0.086
0.3100437406866604 19.263 0.105
0.3103438569545688 19.268 0.112
0.31259511359476166 19.234 0.071
0.3141742519198033 19.387 0.083
0.3147541023703525 19.243 0.054
0.31475945683851025 19.124 0.06
0.3147738914771253 19.255 0.119
0.3160240537039499 19.331 0.083
0.3160974603446448 19.093 0.051
0.317310066952723 19.17 0.099
0.3196641484822976 19.251 0.063
0.32111827354347044 19.306 0.088
0.3234822457729024 19.138 0.082
0.3245453315334089 19.174 0.065
0.32506052334556446 19.213 0.09
0.32810046837985285 19.119 0.067
0.3299595895163293 19.098 0.046
0.33002497986822166 19.331 0.141
0.33083094994972273 19.198 0.075
0.3331868710833078 19.366 0.061
0.33447594221652255 19.372 0.067
0.33545899687342173 19.274 0.082
0.33688852260766 19.372 0.101
0.33739231528888924 19.244 0.094
0.3379359663880678 19.29 0.096
0.3398477247141273 19.255 0.074
0.3410159906246918 19.347 0.042
0.34143139927064114 19.386 0.154
0.34204269503916296 19.307 0.067
0.34665759422696285 19.284 0.072
0.34922681544630907 19.202 0.06
0.3493406071010213 19.075 0.074
0.350164865566876 19.145 0.056
0.35568309088776007 19.322 0.104
0.35586464530970263 19.146 0.083
0.3563359936819325 19.419 0.119
0.35689375670008305 19.347 0.079
0.3573077039058262 19.271 0.061
0.3573352561965294 19.209 0.078
0.3580172234414022 19.314 0.136
0.358769468581977 19.186 0.096
0.3590145737533931 19.153 0.1
0.35947042136594975 19.479 0.131
0.36017176946952534 19.355 0.075
0.3604605999811611 19.265 0.106
0.36047884585004797 19.265 0.093
0.3621022013045604 19.27 0.074
0.3634808538694415 19.162 0.078
0.36421514030771507 19.217 0.109
0.3655417879448578 19.308 0.113
0.3657101667853567 19.067 0.065
0.36595391170922087 19.163 0.065
0.3662890475829045 19.179 0.081
0.367100379841213 19.006 0.081
0.36887378721339703 19.045 0.079
0.3689238491073411 19.171 0.07
0.37025668958940516 19.277 0.078
0.370278552259515 19.231 0.067
0.3762713752816126 19.358 0.079
0.3769587395103372 19.211 0.092
0.3782193073478993 19.356 0.078
0.37877855567412555 19.335 0.051
0.3803511761965638 19.246 0.061
0.3809247410639728 19.335 0.068
0.38146968602759446 19.342 0.065
0.3835780007852009 19.391 0.085
0.3850586072930128 19.407 0.064
0.3852566622093946 19.131 0.068
0.38558538744146065 19.332 0.115
0.38767484022846477 19.228 0.051
0.38776220911167913 19.374 0.064
0.388248904590364 19.207 0.078
0.3882964250009536 19.545 0.2
0.3906092677247216 19.21 0.092
0.39096004707030263 19.242 0.063
0.3924986121695838 19.338 0.054
0.39396632727712133 19.486 0.089
0.3950299257106963 19.364 0.082
0.3960518892730761 19.212 0.1
0.39605418436476614 19.277 0.115
0.3966314833854995 19.304 0.07
0.3973912878349438 19.3 0.067
0.3978913687382374 19.598 0.184
0.39963013243132084 19.135 0.071
0.4 19.603 0.167
0.4003439619458732 19.551 0.106
0.4009012525697472 19.196 0.093
0.40091529810470095 19.101 0.104
0.40123872754375045 19.264 0.068
0.4022337688396874 19.169 0.077
0.40231327807273376 19.149 0.093
0.40237830567584754 19.091 0.093
0.40261274740933006 19.131 0.094
0.40284304425213124 19.246 0.054
0.40332862810955705 19.364 0.071
0.4051264950811856 19.192 0.103
0.4051391487922956 19.272 0.078
0.4086064998040456 19.29 0.074
0.4104157027535621 19.273 0.07
0.4114698898432835 19.194 0.126
0.4117585575044359 19.291 0.105
0.41180091489004556 19.14 0.081
0.41199409071728044 19.353 0.072
0.4122334508232598 19.45 0.112
0.4126875204928183 19.32 0.091
0.41409933068316607 19.436 0.106
0.41519847208624017 19.348 0.067
0.4154992429943377 19.137 0.086
0.41552565805650377 19.248 0.088
0.41586298012375666 19.371 0.062
0.416025759097829 19.33 0.092
0.41634518884657157 19.275 0.105
0.41694294081426053 19.339 0.113
0.4179270036610433 19.163 0.07
0.41930725192505636 19.044 0.072
0.41939520906398686 19.325 0.085
0.42128828990225886 19.487 0.121
0.42157086963870827 19.158 0.081
0.42467610781332044 19.124 0.089
0.42532051869275167 19.349 0.144
0.42554249119702947 19.268 0.07
0.4271952370549116 19.373 0.056
0.4305132186340416 19.19 0.067
0.4325458793959115 19.349 0.095
0.4343327865639367 19.186 0.062
0.43473695122283973 19.303 0.08
0.4352709107746705 19.175 0.082
0.43642843070338133 19.233 0.062
0.4378921901278773 19.277 0.127
0.4394790483751422 19.347 0.096
0.4396305632252734 19.423 0.112
0.43980330699141634 19.188 0.102
0.44069266317310396 19.221 0.07
0.44137492305380877 19.312 0.056
0.44171155194399037 19.248 0.069
0.44269084857787677 19.446 0.131
0.44311628218238186 19.167 0.074
0.44332364725178197 19.324 0.093
0.4441611352525797 19.376 0.156
0.4445230104014627 19.255 0.074
0.445250892412696 19.083 0.063
0.4458760947321935 19.224 0.083
0.4470556255140764 19.466 0.131
0.4524725537688937 19.329 0.078
0.4528764111236342 19.058 0.099
0.4529659639628335 19.271 0.098
0.453720884100585 19.334 0.08
0.45472861217594984 19.281 0.068
0.4554892689242479 19.262 0.094
0.4599725890594982 19.247 0.079
0.4603615525587884 19.213 0.082
0.4609166537578858 19.122 0.069
0.46139387697749046 19.472 0.121
0.4626555648873364 19.326 0.089
0.464147795286317 19.168 0.079
0.4651369602428531 19.29 0.096
0.4670739578658868 19.111 0.079
0.46942101811955583 19.484 0.092
0.47023056795696905 19.362 0.07
0.4713052791006703 19.182 0.068
0.4720574879424021 19.408 0.093
0.4724731027021335 19.12 0.07
0.4729554093841216 19.09 0.058
0.4740299877606958 19.235 0.078
0.4755730264359045 19.176 0.123
0.47558454291893215 19.54 0.104
0.4762027140190185 19.249 0.071
0.4781344305187304 19.192 0.063
0.47909956575645085 19.193 0.077
0.48036018456323293 19.24 0.085
0.4817369550086369 19.178 0.09
0.4817796204464685 19.327 0.09
0.48211989845949577 19.284 0.107
0.48219072831161613 19.221 0.056
0.48453632563396243 19.283 0.084
0.4867783956909989 19.314 0.092
0.48828181214448707 19.39 0.09
0.4885345375377256 19.296 0.06
0.48920750964330184 19.205 0.12
0.4902207344024646 19.342 0.088
0.490992726135255 19.173 0.051
0.4930307237131274 19.267 0.136
0.4933365703758682 19.172 0.059
0.49420589429237227 19.142 0.082
0.4942260941346831 19.256 0.056
0.4964281921487782 19.35 0.063
0.4969149763866426 19.557 0.132
0.5008900812330467 19.223 0.053
0.5027673525150022 19.356 0.08
0.5029157933189708 19.241 0.078
0.5032852926682608 19.147 0.075
0.503889875213099 18.989 0.08
0.5039718548208839 19.283 0.112
0.5041907602414085 19.247 0.057
0.5043384213453465 19.173 0.101
0.5053299917848563 19.143 0.061
0.5061023047468552 19.417 0.14
0.5067024838273483 19.133 0.077
0.5077979977371797 19.205 0.071
0.5079526962785167 19.232 0.078
0.5092837874089128 19.288 0.08
0.5117094506430476 19.353 0.09
0.5146159993995753 19.286 0.075
0.5150037816632903 19.363 0.093
0.5151661499034162 19.246 0.083
0.5164647380469433 19.427 0.103
0.5183423591501196 19.284 0.073
0.5197311030573474 19.344 0.069
0.5204688533916851 19.277 0.094
0.5208241689691931 19.234 0.091
0.5218957466444408 19.274 0.063
0.524390514247807 19.187 0.072
0.5257286614618352 19.324 0.116
0.5267956017138659 19.253 0.091
0.526987039128835 19.318 0.117
0.5272946227124976 19.131 0.05
0.5286720840971612 19.115 0.06
0.5320075450225886 19.263 0.06
0.5321359187527378 18.856 0.053
0.532737360122519 19.105 0.06
0.5348700827620633 19.277 0.08
0.5350372843453443 19.131 0.1
0.5360847335963627 19.499 0.109
0.5380341285948816 19.276 0.049
0.5403835649928169 19.346 0.067
0.5408339470008287 19.162 0.078
0.541211573029068 19.096 0.057
0.5415081194852519 19.104 0.063
0.5439083736095199 19.593 0.103
0.5439978237649484 19.35 0.115
0.5442453729557656 19.201 0.067
0.5451079135349574 19.278 0.096
0.5452107421532674 19.134 0.079
0.5456848256893864 19.302 0.088
0.546581952762972 19.448 0.157
0.546595599993816 19.303 0.053
0.5478264455090539 19.161 0.061
0.5483727584281951 19.29 0.071
0.5503433838342972 19.031 0.069
0.5508940925095885 19.2 0.059
0.5519767095496718 19.185 0.094
0.5526199794716377 19.183 0.073
0.5526284435403795 19.139 0.056
0.5532074717742944 19.475 0.077
0.5534145218311096 19.177 0.06
0.554166208800234 19.298 0.13
0.5546682822133789 19.274 0.068
0.5547760632693098 19.213 0.086
0.556370547953884 19.22 0.082
0.5581614346728202 19.206 0.057
0.5589474905877069 19.175 0.109
0.5589696187929803 19.155 0.062
0.5592568158157519 19.082 0.085
0.560468989311994 19.15 0.051
0.5632292981253159 19.322 0.131
0.5637203769278131 19.197 0.074
0.5638957469594971 19.311 0.079
0.5649982983053633 19.313 0.088
0.565555539451816 19.359 0.083
0.5659478062319977 19.053 0.071
0.5680430025917304 19.176 0.122
0.5718297796223851 19.37 0.103
0.574513742009367 19.256 0.134
0.5747290716521093 19.209 0.078
0.5750173139080289 19.144 0.068
0.5764442882149524 19.356 0.073
0.5772541289478795 19.299 0.1
0.5787510870217375 19.284 0.043
0.5809960419177514 19.173 0.085
0.5812669375963196 19.366 0.104
0.5817387414557743 19.268 0.081
0.5831800176323668 19.404 0.1
0.5840332957954161 19.243 0.09
0.5850528113591281 19.092 0.048
0.5854626238696256 19.259 0.105
0.5864692627020759 19.067 0.064
0.5868101036125154 19.215 0.081
0.5868886857082544 19.223 0.067
0.5868891063875253 19.046 0.091
0.5885728845927588 19.163 0.083
0.5893592060423544 19.201 0.107
0.5912255135423493 19.068 0.043
0.5921303103149512 19.479 0.082
0.5924705189612723 19.321 0.051
0.5936193647302389 19.115 0.064
0.594227181934366 19.22 0.109
0.5945146599068721 19.314 0.104
0.5951126766639391 19.159 0.075
0.5956993745970977 19.352 0.078
0.5963623672427275 19.287 0.101
0.5970540924194211 19.159 0.064
0.5978384638750868 19.147 0.103
0.5993592507751601 19.282 0.05
0.6003116544810837 19.439 0.112
0.6006892287954543 19.425 0.146
0.602111851351674 19.307 0.064
0.6025385333217855 19.097 0.051
0.6055072447319617 19.287 0.102
0.60550741230727 19.142 0.061
0.6073718732426642 19.241 0.116
0.6086380958926384 19.103 0.069
0.6103237137007455 19.212 0.08
0.6111520481862499 19.144 0.073
0.6117323717761792 18.965 0.059
0.6130841383759617 19.186 0.085
0.6133685654239344 18.991 0.073
0.6135985064796842 19.309 0.1
0.6147542623870322 19.259 0.064
0.615862234585984 19.45 0.082
0.6159106435956346 19.2 0.067
0.6160490107089572 19.261 0.063
0.6173767105441584 19.31 0.102
0.6174254437650234 19.315 0.092
0.6189081740593793 19.205 0.109
0.6193679912779771 19.195 0.062
0.619669257703572 19.043 0.064
0.6215378364273875 19.45 0.081
0.6219789893370035 19.192 0.094
0.6253714498915542 19.268 0.074
0.6257065857656926 19.383 0.105
0.6258157586447851 19.109 0.052
0.626318993154564 19.122 0.061
0.6266183389219805 19.224 0.074
0.6273480528292567 19.374 0.078
0.6273973002156709 19.124 0.079
0.6276828736912649 19.286 0.049
0.6277588588603976 19.243 0.116
0.6285572920100093 19.007 0.06
0.6288193330250578 19.271 0.109
0.6289523108615866 19.043 0.073
0.6313870465595754 19.277 0.105
0.6317579153559563 19.456 0.132
0.6318319388436975 19.025 0.071
0.6342373636993215 19.149 0.051
0.6345740512655538 19.187 0.14
0.6365493108625286 18.973 0.048
0.6377647491034621 19.199 0.082
0.6388124492208589 19.021 0.057
0.6389446473584939 19.072 0.056
0.6389966816235755 19.109 0.086
0.640375923935744 19.141 0.077
0.6441203582493471 19.491 0.111
0.645143492107445 18.954 0.047
0.6458206685250842 19.181 0.077
0.6472099265969518 19.313 0.058
0.6483493796698894 19.349 0.116
0.6510038830318989 19.036 0.069
0.6517009442781272 19.307 0.109
0.6560092317717134 19.274 0.077
0.6563025482922966 19.52 0.12
0.6580094999389074 19.056 0.049
0.6590512595697873 19.094 0.073
0.6599152414486524 19.364 0.071
0.6600469679382512 19.391 0.072
0.6602186555286607 19.329 0.063
0.6604038575827871 19.374 0.1
0.6612240206362912 19.163 0.051
0.6614396396820665 19.03 0.061
0.661458868380032 19.156 0.067
0.6671947547341914 19.266 0.116
0.6680195350721987 19.481 0.14
0.6681507488880469 19.112 0.06
0.6687620299884656 18.941 0.046
0.6691892925058709 19.129 0.086
0.66923026726854 19.46 0.073
0.6696445958717958 19.363 0.085
0.671793998018893 19.069 0.07
0.6718542601551234 19.41 0.082
0.6725368002402319 19.112 0.064
0.6730281793865287 19.231 0.079
0.6741288632823852 19.265 0.073
0.6754468437217382 18.935 0.074
0.6779660657024578 19.415 0.073
0.6783923585684533 19.4 0.091
0.6803469752661839 19.246 0.084
0.6820962325840809 19.362 0.141
0.6831587139289694 19.009 0.053
0.6861079002750556 19.12 0.077
0.6866582514225228 18.73 0.054
0.6871327317698159 19.143 0.09
0.6874971583469232 19.12 0.053
0.6878792117071497 19.125 0.064
0.6900931690646757 19.369 0.098
0.6937985214271065 18.872 0.061
0.6938091478192745 18.929 0.086
0.6947065011449012 19.056 0.1
0.6947944659917993 19.123 0.073
0.6951232576069741 19.131 0.095
0.6957333035192277 19.099 0.063
0.6989519867605849 18.992 0.062
0.7028485502845796 18.948 0.064
0.7050413065720931 19.169 0.075
0.7057837922879115 19.207 0.098
0.7063291278481301 19.245 0.102
0.708835652109792 19.247 0.115
0.7131956049037398 18.888 0.054
0.7133238473578785 18.939 0.047
0.7143576185466372 19.19 0.059
0.7157875788847377 19.143 0.088
0.71627300983655 19.213 0.079
0.7164992846122913 18.981 0.058
0.7166732133427103 18.955 0.086
0.7176055924905085 19.308 0.099
0.7181713054127612 19.245 0.072
0.7189022985150131 19.009 0.081
0.7195011521561354 19.193 0.104
0.7198839929239056 19.016 0.075
0.7199250927457341 18.883 0.092
0.7201551812385332 19.228 0.09
0.720211503106293 19.12 0.064
0.7204500556666971 19.026 0.102
0.7205167823998635 18.932 0.049
0.7215937955956178 19.034 0.068
0.7226877152983433 19.01 0.101
0.7251701496728855 18.903 0.053
0.7257177124487497 19.102 0.072
0.7260372210124841 18.846 0.063
0.7265113199640836 18.993 0.06
0.7266101165700092 18.954 0.077
0.7279740194839177 18.984 0.075
0.7279899394310632 19.066 0.048
0.7281966150525476 18.977 0.043
0.7282435603841804 18.999 0.068
0.729102280285042 19.228 0.082
0.7299764183984734 18.754 0.069
0.730016834989692 18.868 0.048
0.7302211645504939 19.179 0.069
0.7304707557299479 19.041 0.071
0.7307984874400062 19.09 0.091
0.731152656590575 19.006 0.06
0.7314324919638238 18.948 0.09
0.7319723402873932 18.875 0.048
0.7320439960839393 18.712 0.061
0.7336482387016985 19.021 0.065
0.7349066442151524 19.198 0.115
0.7357217330039929 18.981 0.063
0.737021026756929 18.77 0.056
0.7370923707725523 18.923 0.056
0.7383787214111179 19.119 0.06
0.7384937683913448 18.891 0.07
0.7389343792905492 19.055 0.06
0.7405181348998666 18.959 0.08
0.7417378013209599 19.055 0.067
0.74209258035753 19.135 0.068
0.7425121306604523 18.682 0.047
0.7427658751834314 18.786 0.052
0.7436735637562832 18.699 0.049
0.7437656533537846 19.104 0.089
0.7444682165063568 18.962 0.081
0.7452310293630489 18.682 0.059
0.7473230999620681 19.092 0.067
0.7505778821054263 18.999 0.067
0.7506623335799758 18.825 0.059
0.7530380045376659 19.051 0.07
0.7544033780899553 19.001 0.047
0.7550866740069977 19.056 0.078
0.7559918173677942 19.018 0.043
0.7568340345354954 19.045 0.091
0.7570445994564579 18.74 0.051
0.7580990443742848 18.832 0.054
0.7584024932624742 18.778 0.064
0.7591982205853127 19.13 0.067
0.7593598924167053 19.197 0.081
0.7603763185196839 18.777 0.045
0.7645335660430645 19.097 0.083
0.7654830152945578 19.166 0.082
0.7661784082423764 18.715 0.049
0.76678762497786 19.365 0.114
0.7697276262337254 18.983 0.054
0.7746728155210802 18.784 0.048
0.7765475987747776 19.364 0.081
0.7771589624193438 18.813 0.056
0.7776600646897349 18.82 0.082
0.7795177368174335 19.145 0.075
0.7802485307678579 18.785 0.031
0.7804983288059701 18.975 0.068
0.7811171615070633 18.771 0.053
0.7813625560812851 18.938 0.074
0.7823244837599304 18.974 0.051
0.7832709246028116 18.954 0.069
0.7835869260092294 18.753 0.054
0.7846636443322494 18.821 0.057
0.7869369627948344 18.862 0.06
0.7878396342890936 18.912 0.048
0.7888725671031351 18.793 0.046
0.7894463087435724 18.718 0.057
0.7901483962695237 18.844 0.093
0.7908411776210413 18.993 0.069
0.7925138453532781 18.793 0.069
0.7930474891467383 19.048 0.079
0.7935687897665047 18.719 0.052
0.7943699155652211 19.037 0.068
0.7947907967790342 18.749 0.068
0.7950038830435004 19.043 0.063
0.7951885284184299 18.748 0.042
0.795976827710001 19.152 0.107
0.7968721815626849 18.921 0.06
0.7971355164421765 18.78 0.06
0.7977457707051143 18.798 0.05
0.7980554773297626 18.93 0.051
0.7986304688278323 18.777 0.048
0.7986685756572114 18.782 0.04
0.7991997043221999 19.17 0.075
0.7995998762534327 18.907 0.068
0.7997036869559451 19.157 0.081
0.800306608908977 18.774 0.075
0.8005523184964658 18.99 0.05
0.8010522280941585 18.844 0.05
0.8029229907728221 18.868 0.071
0.8031153244941378 19.118 0.113
0.8048017018640166 18.758 0.058
0.8049731517661711 18.772 0.069
0.8055423571758182 18.895 0.054
0.8056685099058085 19.122 0.056
0.8058918334590088 19.103 0.083
0.8059482363795722 18.899 0.051
0.80826704196661 19.029 0.067
0.8096848612653047 18.739 0.05
0.8102527559043664 18.653 0.054
0.8111985351455586 19.151 0.073
0.8117734918368114 18.813 0.043
0.8119674583025698 18.885 0.039
0.8120977820282405 19.057 0.053
0.8153227006281667 18.995 0.05
0.8178778044588397 18.961 0.073
0.8179974485855381 19.145 0.073
0.8186551678149043 18.671 0.048
0.8188694783281334 19.025 0.056
0.8194417694698131 18.809 0.042
0.8202420568926754 18.913 0.082
0.8235822601631297 18.816 0.043
0.8239375093566195 19.197 0.081
0.8261513068447583 19.013 0.099
0.8264428424376091 18.946 0.101
0.8271995357958075 19.037 0.052
0.8274757048895025 19.147 0.092
0.8301523697740776 19.01 0.057
0.8309982276126902 18.804 0.054
0.8326850806091897 19.127 0.075
0.8347123891404862 19.163 0.088
0.8347924550529568 18.925 0.094
0.8355249411705699 19.094 0.062
0.8371734310013834 19.153 0.084
0.8373795022065678 18.912 0.074
0.8377011584256251 18.697 0.05
0.8392256153350899 18.88 0.054
0.8394059847936659 18.973 0.101
0.8394825674166895 19.111 0.053
0.8401905051763605 19.125 0.091
0.840709682009583 19.133 0.074
0.8414743546085446 19.08 0.096
0.8420141164091546 19.039 0.062
0.8423772329619168 19.07 0.067
0.8440898980965357 18.969 0.065
0.8459852571189912 19.181 0.094
0.8483689612707166 18.907 0.065
0.8487856652722257 18.858 0.051
0.8495842682360943 18.783 0.052
0.8498572799930115 19.143 0.071
0.8502978021318994 18.859 0.058
0.8520791872537301 18.808 0.042
0.85232461663727 18.969 0.061
0.8539973005298633 19.043 0.073
0.8546808381146547 18.722 0.051
0.8558941456066349 18.846 0.061
0.8567565255701992 19.025 0.037
0.8571662955659121 18.945 0.07
0.8585023267009091 19.087 0.052
0.8603838246712256 18.705 0.047
0.8613664979310669 18.944 0.06
0.8618013637636976 19.176 0.09
0.8628363955025633 18.933 0.06
0.8653407882694863 18.993 0.062
0.8657647350750266 18.826 0.074
0.8669393522071913 18.982 0.091
0.8686342068216617 19.068 0.092
0.8696161575666337 18.749 0.039
0.8702220655508426 18.972 0.061
0.8711701321773488 19.082 0.069
0.871398860422596 19.008 0.068
0.8728871567676832 18.869 0.04
0.8734992399453403 19.05 0.086
0.8761449125114722 18.99 0.036
0.8761761201416447 19.077 0.064
0.8792710946728675 18.955 0.069
0.8800740864302496 18.959 0.059
0.8838329792519288 19.088 0.065
0.8846249261754564 19.166 0.086
0.8852384150981378 18.885 0.072
0.8854423702245184 19.018 0.057
0.8857362735092464 18.821 0.058
0.8873930150788509 18.915 0.071
0.8884957563781426 18.797 0.054
0.8895631367025998 18.935 0.051
0.890681962292001 19.027 0.045
0.8909064561406921 18.997 0.059
0.8918787740134575 18.885 0.046
0.8934765087737104 19.037 0.086
0.8940440869095254 18.884 0.08
0.8945799942179291 19.025 0.048
0.895656528805739 19.075 0.072
0.896580461537178 18.987 0.084
0.8993003522677099 19.096 0.049
0.8995731076896845 19.084 0.051
0.8996310260025893 19.389 0.117
0.9040272698902299 19.054 0.068
0.9048052878864836 19.124 0.088
0.9050999298466649 19.151 0.063
0.9064567135245851 18.989 0.07
0.9073277497467642 19.034 0.046
0.9085433794320124 19.162 0.081
0.9090581876092982 18.946 0.051
0.9096287594833483 18.974 0.062
0.9109761743333364 18.895 0.059
0.9111608398474345 18.982 0.061
0.9114140423584103 19.027 0.071
0.9152370741843696 19.035 0.101
0.9180255011673579 18.854 0.078
0.9190950863325269 18.851 0.079
0.9206847476192705 18.997 0.062
0.921644279014481 19.015 0.05
0.9224090311758117 19.118 0.07
0.9226897951774844 19.005 0.063
0.9236615325020465 19.096 0.071
0.9244436551092803 19.094 0.079
0.92730268569303 19.112 0.113
0.9274421992335191 19.033 0.049
0.9275061977627046 18.814 0.059
0.927818877986192 18.837 0.093
0.9292254162532116 19.091 0.072
0.9331101075080368 19.128 0.111
0.9359916253164555 18.917 0.057
0.9368063048626936 18.884 0.051
0.9374387276106062 19.031 0.09
0.938174190560312 19.023 0.067
0.9390763347127176 19.056 0.071
0.940519509169826 18.972 0.048
0.9416063305219722 19.089 0.051
0.942527850809165 18.952 0.071
0.9426828588924763 19.205 0.088
0.9434718436536058 19.07 0.075
0.9435194359179149 18.898 0.056
0.9442538613397118 18.96 0.067
0.9455085326984771 19.096 0.09
0.9474003042572803 19.046 0.065
0.9533601541355892 19.132 0.094
0.9545175504944381 19.05 0.058
0.9590398128515516 19.001 0.07
0.9592512238563358 19.03 0.068
0.9605344726018301 19.12 0.086
0.9608238535778582 18.939 0.065
0.9610611786587469 19.274 0.079
0.9628435349262872 19.128 0.124
0.9639656113362434 19.092 0.053
0.9657347017677238 19.217 0.068
0.9665789924996715 18.986 0.069
0.9671745010895392 19.045 0.07
0.9684532098739509 19.011 0.079
0.9703692257184229 19.088 0.069
0.9716622987799837 19.072 0.057
0.9718956072632863 19.072 0.048
0.9728306295827678 19.043 0.074
0.9729369854980177 19.004 0.058
0.9741179274959904 19.081 0.074
0.9752791614404486 19.113 0.064
0.9786361692780701 19.186 0.103
0.9787708062143792 18.904 0.072
0.9789819168758185 19.131 0.082
0.9796020379711989 18.811 0.073
0.9797080109978196 19.088 0.129
0.9797772165569767 18.949 0.091
0.9816336186892385 18.945 0.048
0.9818730837172551 18.944 0.051
0.9818780530607909 19.025 0.077
0.9818924451832571 18.957 0.059
0.982102744569056 18.882 0.091
0.9821420587385545 19.035 0.051
0.9826542205122677 18.921 0.079
0.9836978985626046 19.186 0.091
0.9845235103151935 18.985 0.064
0.9868065280319569 19.022 0.071
0.9875016283439435 19.085 0.053
0.9879279798864444 19.073 0.054
0.9883045900181968 19.051 0.067
0.9883454118729786 19.091 0.078
0.9892803787482989 18.981 0.056
0.9903390371777276 19.019 0.056
0.9919823955593983 19.233 0.088
0.9920224655615129 19.168 0.101
0.9936023743870463 19.139 0.079
0.9947302145077628 19.021 0.04
0.9954357211758178 18.997 0.06
0.9976563253734638 19.165 0.073
0.9977266425525158 18.948 0.061
0.9997450648437733 19.103 0.043
