0.00012526302771220799 16.826 0.012
0.000789257539963728 16.81 0.013
0.0038566721036659146 16.824 0.018
0.004645283037007175 16.813 0.014
0.005631934933262528 16.792 0.012
0.007746311244090975 16.783 0.013
0.009359075289467 16.805 0.014
0.013265557346358037 16.798 0.011
0.01416656614378553 16.781 0.011
0.015484959850255109 16.8 0.012
0.016348775749975175 16.804 0.012
0.016591030162544484 16.811 0.012
0.017515172348112173 16.798 0.016
0.018940808754223326 16.816 0.014
0.019543775854572232 16.815 0.012
0.020507812394953362 16.811 0.011
0.020594599842070238 16.803 0.01
0.020855355030789724 16.839 0.013
0.021554631199251162 16.788 0.014
0.02171299660187742 16.813 0.014
0.025864667603627822 16.792 0.012
0.026658763400064345 16.818 0.013
0.02696561281868526 16.816 0.014
0.028536775781958568 16.839 0.019
0.029636840185503388 16.806 0.011
0.02997500217202287 16.793 0.012
0.03015627391550879 16.814 0.013
0.03225258101201689 16.8 0.016
0.0323292840648719 16.816 0.013
0.032794388376487404 16.808 0.013
0.03483148005989278 16.837 0.016
0.03488185165656432 16.829 0.014
0.03632910908368103 16.803 0.011
0.03909009151038845 16.816 0.014
0.04663020968246201 16.797 0.016
0.04833335772389091 16.812 0.014
0.051834047506417846 16.852 0.015
0.05224314272550146 16.821 0.014
0.05540910579111369 16.805 0.012
0.05753455670537733 16.805 0.013
0.05765131087150621 16.805 0.011
0.058895183443837595 16.833 0.014
0.059375498359372614 16.814 0.012
0.060322620187662324 16.82 0.012
0.06359186963777574 16.776 0.018
0.06512617765417872 16.801 0.013
0.06531895143643851 16.83 0.012
0.06849247299851413 16.81 0.013
0.07038038858172513 16.821 0.014
0.0743588790433023 16.828 0.014
0.07970408822825448 16.806 0.013
0.08133867630203895 16.815 0.012
0.08463997625904085 16.821 0.011
0.08465408765141547 16.816 0.013
0.08680045846062967 16.817 0.013
0.08750551722232558 16.848 0.017
0.08815593717486081 16.815 0.015
0.08885080515892696 16.815 0.014
0.09106431567215623 16.845 0.011
0.0919585155720597 16.825 0.014
0.09584176761723029 16.825 0.013
0.09632724221796707 16.857 0.011
0.0973957192504713 16.813 0.016
0.09786000177268761 16.853 0.013
0.09829304090271762 16.829 0.014
0.09999399988555524 16.823 0.012
0.10101106775141488 16.82 0.012
0.10375472945088404 16.808 0.014
0.10411371359634813 16.82 0.011
0.11004495073530052 16.844 0.014
0.11047736957675625 16.806 0.013
0.1110065910834237 16.817 0.012
0.1113667913723475 16.842 0.013
0.11267858220276139 16.87 0.011
0.11284139339204557 16.844 0.013
0.11357489333840931 16.832 0.011
0.11447533936211585 16.785 0.017
0.11764038290175449 16.836 0.012
0.11778768536191819 16.831 0.011
0.11806696425355767 16.837 0.014
0.11875401171073463 16.852 0.014
0.11901886569285125 16.856 0.018
0.11936985224519958 16.841 0.011
0.11938682597951811 16.822 0.012
0.12064824521326045 16.86 0.01
0.12191135689408839 16.843 0.015
0.12207497821191282 16.798 0.014
0.12391214212470913 16.826 0.011
0.126280600065229 16.841 0.012
0.1266125835973071 16.849 0.016
0.1268829453699709 16.824 0.016
0.13130718298998545 16.812 0.017
0.1321726063731603 16.852 0.011
0.13292663074798838 16.857 0.014
0.13308542509321342 16.837 0.015
0.13372629748391773 16.844 0.012
0.13379794461548045 16.854 0.012
0.13563497620361886 16.851 0.015
0.1410128118366174 16.844 0.017
0.14209978401163426 16.872 0.013
0.1436000509495443 16.822 0.014
0.14442417399459373 16.852 0.009
0.14882818380374374 16.84 0.012
0.14960231643840416 16.854 0.013
0.14971921308301717 16.842 0.013
0.15281991761935387 16.825 0.012
0.15515164881117016 16.847 0.011
0.15592082214880065 16.843 0.011
0.15848751541307138 16.848 0.016
0.15889392797612345 16.838 0.012
0.1610336944024766 16.831 0.014
0.16642734252172886 16.868 0.011
0.16920278444581527 16.855 0.014
0.16942051940122838 16.837 0.011
0.16991543779965923 16.784 0.013
0.17206656378630214 16.875 0.012
0.17239267111449408 16.824 0.018
0.1740011435128963 16.872 0.013
0.175495948909429 16.875 0.012
0.17660508306403244 16.841 0.012
0.17765816227210962 16.831 0.015
0.17953236946436846 16.84 0.013
0.18114566621625272 16.865 0.015
0.18485516780742728 16.851 0.011
0.18570276107925565 16.859 0.011
0.18628942209556953 16.844 0.011
0.1867390665468065 16.855 0.011
0.1875888545100679 16.845 0.011
0.1894052639331676 16.865 0.012
0.19028674565095116 16.834 0.011
0.19276236132782287 16.851 0.016
0.194016352882727 16.867 0.013
0.1955209806435505 16.836 0.015
0.19646702015961637 16.878 0.013
0.19713890699358672 16.868 0.014
0.1976570166896181 16.869 0.011
0.1977857852930356 16.833 0.013
0.197852855821111 16.854 0.012
0.19952533752416457 16.842 0.012
0.19959580611430283 16.866 0.01
0.20256806421082274 16.855 0.013
0.20449654330604972 16.868 0.013
0.20502879144805775 16.877 0.014
0.20663906156460143 16.883 0.013
0.2069184483467552 16.871 0.014
0.2109419710336624 16.863 0.012
0.2112349425294724 16.876 0.011
0.21306877906295085 16.902 0.011
0.2149827885070863 16.855 0.017
0.2163825814213851 16.916 0.013
0.21680128322441305 16.878 0.012
0.21877635466807988 16.96 0.015
0.22131954311748814 16.933 0.016
0.2227358823306531 16.953 0.011
0.22429861875866663 16.918 0.011
0.22707348926223858 16.955 0.015
0.23174506879058754 16.948 0.013
0.2324437851989387 16.97 0.015
0.23394055784524426 16.941 0.011
0.2340414593040805 16.948 0.014
0.2358793961379888 16.982 0.011
0.23760376219934187 16.972 0.016
0.23868686151536167 16.987 0.016
0.24090667265409138 16.982 0.014
0.24090792338552092 16.992 0.016
0.2420261878207839 16.989 0.016
0.24288419931212957 17.001 0.013
0.24353126745131704 16.995 0.011
0.24394315472386552 16.92 0.014
0.24462866498572566 16.969 0.014
0.24515591773547385 16.961 0.015
0.24621723062546153 16.98 0.012
0.24703312863562132 16.981 0.011
0.2472253697112592 16.972 0.017
0.25 17.054 0.012
0.25000449314757134 17.001 0.014
0.25128821533257906 17.01 0.018
0.2520171488292817 17.02 0.014
0.2532776022885628 16.984 0.019
0.25334320781075803 16.999 0.012
0.2538760762415677 16.992 0.015
0.2550486599412807 17.012 0.011
0.255398904033882 16.999 0.017
0.2559447654498399 16.959 0.015
0.2564103460649676 17.006 0.011
0.25679693532538295 17.02 0.014
0.2574633403098687 17.012 0.013
0.26011341018579515 17.009 0.012
0.26288725176618755 17.022 0.011
0.2657452037708481 17.004 0.017
0.2681302843263893 17.041 0.019
0.2685946747390062 17.004 0.014
0.26953962630955175 17.027 0.018
0.2699192081854562 16.991 0.014
0.27022413771555875 17.001 0.013
0.27071803734475 17.02 0.017
0.2728264092536392 16.999 0.013
0.2738684743876547 17.003 0.013
0.2738727502473921 17.015 0.016
0.2747700617460396 17.016 0.017
0.27529142813750695 16.999 0.013
0.2763004969035592 17.024 0.016
0.27942068941024445 16.997 0.012
0.28197080178733813 16.992 0.013
0.2827402010595961 17.007 0.012
0.28573512940852197 16.974 0.015
0.2873536531201353 17.003 0.016
0.28790141863760255 17.011 0.014
0.28897604405733546 16.962 0.014
0.28924814714537206 16.994 0.016
0.2893073151974477 16.98 0.014
0.2914773332997811 16.958 0.012
0.2917588429780835 16.959 0.017
0.2919707709056638 16.984 0.015
0.29306376739600637 16.962 0.013
0.2933318998886989 16.961 0.011
0.2964577772527264 16.938 0.013
0.2966652161589991 16.965 0.015
0.29667131980431805 16.929 0.011
0.2972601841594269 16.96 0.011
0.2981133788318857 16.927 0.012
0.29830339062777966 16.966 0.012
0.2988262336862135 16.963 0.011
0.2991445377820128 16.918 0.015
0.3015827962676667 16.897 0.014
0.30209196703003727 16.939 0.014
0.3039419167939741 16.936 0.012
0.3137159172754309 16.892 0.013
0.313822286303548 16.908 0.012
0.31653998797401073 16.896 0.015
0.3165524095384171 16.895 0.013
0.31836389687180144 16.916 0.017
0.3236119466389482 16.882 0.013
0.3253342890471913 16.881 0.014
0.3285954055659204 16.9 0.02
0.330103991148917 16.849 0.014
0.3321584020523005 16.868 0.013
0.33438447811522565 16.847 0.011
0.33493526162078524 16.862 0.013
0.3371751524582578 16.859 0.011
0.33989876492069016 16.855 0.011
0.34024539065012505 16.866 0.015
0.3413745958571326 16.854 0.01
0.3426749594584635 16.844 0.011
0.3427087257339281 16.842 0.012
0.34356221964344513 16.864 0.011
0.34593460946462073 16.851 0.012
0.3467839440515945 16.86 0.011
0.3489846687135696 16.854 0.017
0.3490894546916934 16.848 0.014
0.35108986738259773 16.827 0.013
0.3515544923766356 16.849 0.015
0.3540242446233606 16.85 0.012
0.35464436252459564 16.871 0.012
0.3551431293474252 16.835 0.017
0.3552187948298524 16.85 0.014
0.3571094994529176 16.84 0.009
0.3582293627250692 16.853 0.013
0.35857429188104106 16.875 0.013
0.36084034575515034 16.836 0.013
0.36151335512261085 16.85 0.011
0.3623033521259913 16.855 0.011
0.36287294429121175 16.829 0.014
0.3637304550445606 16.838 0.011
0.36629384536377074 16.839 0.012
0.36711310534110453 16.877 0.014
0.3681799143605531 16.828 0.011
0.37075621420854077 16.838 0.011
0.37203904130205956 16.837 0.013
0.3753092881011071 16.84 0.014
0.376347537891661 16.861 0.01
0.3767592424646864 16.844 0.013
0.3775207418802893 16.845 0.012
0.3781726400061416 16.839 0.018
0.3796957914698851 16.835 0.014
0.37978736717536776 16.841 0.015
0.37989795867429166 16.848 0.013
0.3810127186640102 16.849 0.013
0.38114547967734325 16.833 0.014
0.38370106375032265 16.842 0.013
0.3906846849993144 16.825 0.013
0.39175690407296315 16.827 0.014
0.3948364150232919 16.841 0.011
0.3950981487600984 16.844 0.013
0.39621263394678863 16.835 0.011
0.3966210945968669 16.838 0.012
0.39670804744969246 16.825 0.015
0.39948992684435325 16.825 0.012
0.40111830338264554 16.853 0.014
0.4021665886991741 16.827 0.017
0.40324302873682427 16.801 0.015
0.4049910680323592 16.819 0.017
0.4074913298584306 16.84 0.012
0.4089621796828169 16.822 0.02
0.40913739815596273 16.828 0.011
0.41263079409054626 16.83 0.012
0.41264039052066437 16.84 0.012
0.41271009483648413 16.835 0.011
0.4137280089257729 16.853 0.009
0.4142605420242944 16.806 0.01
0.41600859559980563 16.828 0.011
0.4172744978274068 16.821 0.016
0.41786808427877986 16.831 0.012
0.419540836658598 16.838 0.013
0.4215735404654879 16.838 0.012
0.4244908605157889 16.836 0.012
0.42499244231942157 16.817 0.015
0.4283515028380407 16.808 0.017
0.4285480803025621 16.838 0.014
0.42860757202561217 16.828 0.012
0.4287692621878705 16.832 0.013
0.4294069049360587 16.795 0.017
0.4340203757976724 16.822 0.01
0.43414625873742807 16.827 0.018
0.4358957055230803 16.814 0.011
0.44143708504498136 16.821 0.012
0.44409141197979807 16.815 0.012
0.44669604512205296 16.824 0.014
0.44762807700976737 16.823 0.013
0.4476878063285312 16.828 0.013
0.452069835350585 16.847 0.012
0.4532692959862743 16.818 0.012
0.4532986078286285 16.821 0.015
0.4536479365217474 16.823 0.017
0.45399982831986563 16.827 0.013
0.45410173014147404 16.826 0.016
0.45426054479412414 16.811 0.011
0.454300260575792 16.834 0.016
0.4546925260460739 16.844 0.011
0.4601790047290706 16.818 0.01
0.46082744577051926 16.826 0.013
0.46122085257502476 16.845 0.014
0.4616678286504339 16.812 0.018
0.4623470555811764 16.818 0.014
0.46254302854413254 16.812 0.012
0.4634574303138379 16.797 0.009
0.4643171113250446 16.793 0.011
0.4654433733530823 16.79 0.013
0.46761997291127955 16.798 0.011
0.46949652893454186 16.798 0.014
0.47209889670227767 16.824 0.017
0.4733783144672543 16.838 0.017
0.4741369052921982 16.81 0.013
0.4745484083643987 16.807 0.015
0.4749250312750064 16.836 0.009
0.47597410379307803 16.819 0.011
0.47954467908402876 16.809 0.012
0.47956732752129483 16.815 0.015
0.4810229077195345 16.816 0.014
0.48126226369595315 16.811 0.013
0.48160775261112576 16.82 0.011
0.48286092650289447 16.806 0.012
0.4873112523503096 16.839 0.015
0.4886399492459077 16.807 0.011
0.4888188980992254 16.803 0.012
0.4892627986712341 16.805 0.011
0.489569810876219 16.826 0.015
0.49046674380724653 16.813 0.015
0.49050842421979723 16.815 0.014
0.4914502901333435 16.814 0.013
0.49708889975568127 16.813 0.013
0.49737750027429684 16.8 0.013
0.4975924345292242 16.813 0.012
0.49777208712771426 16.809 0.017
0.49844237663182867 16.822 0.01
0.4990118853406784 16.806 0.013
0.5012025947842176 16.804 0.011
0.5019285851021777 16.809 0.011
0.503276254950606 16.827 0.011
0.5039209167437093 16.85 0.011
0.5090685108934849 16.813 0.013
0.5093837379793058 16.813 0.012
0.5094601662290188 16.808 0.014
0.5102570999333693 16.78 0.011
0.5109212771451439 16.81 0.011
0.5132476185908672 16.824 0.013
0.5143632263111613 16.813 0.012
0.515128372650679 16.81 0.017
0.5153959540309643 16.812 0.013
0.5168539390683691 16.813 0.013
0.5185733398050161 16.807 0.013
0.5200522421184814 16.803 0.011
0.5235592656074459 16.809 0.016
0.5237406696753624 16.805 0.016
0.5262137940426328 16.818 0.015
0.5279197585716702 16.795 0.013
0.5317581900458208 16.852 0.009
0.5339504148698779 16.791 0.011
0.5340410996097944 16.828 0.013
0.5357070461063813 16.807 0.017
0.5359556906282705 16.801 0.012
0.5367584430211991 16.818 0.012
0.5368708465184682 16.843 0.016
0.5396261038670218 16.801 0.015
0.5418119314419982 16.827 0.012
0.5421695426850874 16.845 0.011
0.5458900685046046 16.826 0.013
0.5462621407523329 16.811 0.012
0.5469093900840107 16.808 0.014
0.5470122073054426 16.815 0.013
0.5505660002086188 16.822 0.012
0.5506402363864709 16.811 0.014
0.55198185145764 16.817 0.012
0.5536044495288479 16.815 0.019
0.5551169425580156 16.827 0.012
0.5552501840014656 16.767 0.015
0.5582638736486842 16.825 0.018
0.5588768503341726 16.838 0.012
0.5592690308415058 16.803 0.011
0.5599538388651126 16.81 0.011
0.5600458216981679 16.828 0.011
0.5614232811994952 16.822 0.013
0.5614504588791078 16.808 0.012
0.5637568834119975 16.816 0.009
0.5648800597830359 16.811 0.013
0.5657203592068072 16.804 0.014
0.5659062564220676 16.831 0.009
0.5660347385619389 16.83 0.013
0.5665189135627315 16.808 0.012
0.5669207164412455 16.813 0.01
0.5681295923136531 16.825 0.015
0.5681417029804834 16.811 0.011
0.5687183141906189 16.819 0.014
0.5694437691827261 16.813 0.018
0.5716752451457978 16.817 0.012
0.5750750706772578 16.823 0.011
0.5752350063567064 16.805 0.015
0.57763608923824 16.819 0.014
0.5786005201325679 16.832 0.011
0.5818951179701344 16.82 0.011
0.5830030619224544 16.838 0.011
0.5838133442516664 16.828 0.014
0.5854927025216057 16.825 0.013
0.5855877883054745 16.825 0.01
0.585756608022848 16.826 0.01
0.5912098068874911 16.808 0.011
0.591474233433928 16.821 0.012
0.592175035136961 16.868 0.009
0.5925760493070129 16.814 0.013
0.5926309399922047 16.833 0.011
0.5941384620637109 16.831 0.014
0.5946856576670143 16.822 0.011
0.5952542611305489 16.801 0.011
0.5956764200177531 16.821 0.012
0.5977734410137145 16.823 0.012
0.6006031762614157 16.826 0.013
0.6027165638702172 16.823 0.011
0.6073391548579821 16.828 0.012
0.6081106898000144 16.851 0.012
0.6090073449142892 16.83 0.017
0.6105936711203412 16.823 0.013
0.6107343590435903 16.827 0.013
0.6170454385817266 16.844 0.01
0.6177945653012102 16.844 0.014
0.6190599897183802 16.83 0.011
0.6198099137932331 16.82 0.011
0.6206853986436727 16.825 0.011
0.6225840418373991 16.84 0.014
0.623052305108331 16.836 0.013
0.6252785033419741 16.819 0.011
0.6253910696257208 16.85 0.012
0.6270465775946832 16.821 0.014
0.6275701834204028 16.826 0.019
0.6315161812653969 16.836 0.012
0.6327631410019876 16.851 0.011
0.6334892147758637 16.839 0.01
0.6339231016368103 16.843 0.011
0.634248317999436 16.832 0.012
0.635737664473254 16.839 0.01
0.6370996498337718 16.811 0.009
0.6377051571121228 16.83 0.016
0.6416438453220508 16.846 0.011
0.6445674257761311 16.846 0.015
0.6452267587212646 16.862 0.011
0.6458008455408617 16.831 0.011
0.6458924009384646 16.847 0.011
0.6492529539104908 16.87 0.017
0.6493062686859048 16.84 0.013
0.6502190874059579 16.854 0.017
0.6511342045816946 16.816 0.011
0.6513254813895628 16.842 0.014
0.6535387919088862 16.812 0.014
0.6541314701006513 16.863 0.014
0.6561926150923227 16.846 0.012
0.6569097142321425 16.85 0.011
0.6606910155874175 16.868 0.011
0.6640863378172526 16.823 0.012
0.6661318560361451 16.816 0.012
0.6664014163270622 16.844 0.012
0.6669240578846711 16.834 0.013
0.6672888592117943 16.852 0.009
0.6692457061894856 16.836 0.014
0.6700208967022263 16.846 0.012
0.6707992187267564 16.84 0.012
0.6714582178469755 16.847 0.011
0.671673796824507 16.856 0.011
0.6718073089443806 16.855 0.013
0.6741573266385785 16.844 0.012
0.6741648118327248 16.851 0.015
0.6748621823926442 16.841 0.012
0.6757228521055367 16.847 0.016
0.6785790714420727 16.859 0.012
0.679019109309138 16.874 0.015
0.6836707719246533 16.862 0.01
0.6836849953335786 16.831 0.013
0.6852870505695137 16.837 0.015
0.6868889918875993 16.854 0.011
0.6877561092248925 16.849 0.011
0.6885776127621739 16.855 0.012
0.6896871773660678 16.846 0.011
0.6901324106190714 16.861 0.013
0.6931872957279666 16.846 0.011
0.6946450548311986 16.851 0.014
0.6951459415363388 16.847 0.011
0.6978860066873267 16.856 0.017
0.7058356794825613 16.89 0.012
0.7067343725302635 16.867 0.011
0.7101373585278452 16.891 0.011
0.7110519892460161 16.876 0.017
0.7128109820866939 16.881 0.014
0.7166404171118756 16.906 0.012
0.717284887558435 16.906 0.015
0.718579206536333 16.896 0.017
0.7197344567357504 16.924 0.012
0.7228908722397591 16.937 0.012
0.7238522276309141 16.931 0.013
0.7244187931607939 16.924 0.017
0.7258252509870999 16.894 0.015
0.7272226274014884 16.93 0.014
0.7281427501231974 16.958 0.014
0.7283885089818796 16.948 0.013
0.728757695565946 16.943 0.016
0.7288173887895937 16.951 0.017
0.7288329809746301 16.971 0.014
0.7324349650632485 16.98 0.015
0.7327544003394451 16.966 0.012
0.733339131313187 16.947 0.014
0.7335864157064407 16.956 0.012
0.7357217581613895 16.966 0.017
0.7404201266483597 16.973 0.014
0.7419709279690778 16.97 0.011
0.7432709216502644 16.99 0.017
0.7448301149183862 16.985 0.012
0.7448366256912777 16.978 0.015
0.7456287339298342 16.975 0.014
0.7470051645077547 16.973 0.014
0.7472449174575786 16.982 0.017
0.7511342257869273 16.98 0.015
0.7513337836375058 17.018 0.017
0.7521592307164155 16.984 0.016
0.7525951540028473 17.012 0.015
0.7558453440301491 17.018 0.018
0.7569708432913558 17.005 0.016
0.7579198015519069 17.005 0.012
0.7589572152728579 17.004 0.013
0.7594442872034506 16.994 0.014
0.7598342399378453 16.984 0.017
0.7601892906955072 16.988 0.013
0.7614076205200035 16.999 0.011
0.7622226723067342 17.013 0.012
0.7682107429470761 16.997 0.011
0.7713340470520507 17.005 0.016
0.7726337542694637 16.997 0.014
0.7729690509004286 17.01 0.011
0.773248951587675 16.968 0.013
0.773313374047575 17.004 0.011
0.7739209910541831 16.998 0.015
0.7749058023916859 17.012 0.01
0.7774066499184755 17.0 0.011
0.7776017995849998 16.997 0.013
0.7789067743781288 17.006 0.013
0.7820184324591537 17.003 0.017
0.7835717638037067 16.986 0.012
0.7844850359001612 16.999 0.017
0.787050606630828 16.959 0.014
0.7890816164835996 16.995 0.014
0.789888851870046 16.955 0.018
0.7905617390670159 16.962 0.014
0.7907313561393039 16.981 0.017
0.7911264208032662 16.983 0.012
0.7938245495399769 16.948 0.013
0.7953269867351764 16.974 0.015
0.7970264491384569 16.981 0.016
0.799746084977869 16.97 0.018
0.8003297900422695 16.908 0.016
0.8021482272442881 16.914 0.014
0.803831649719541 16.924 0.014
0.8048241736933051 16.924 0.013
0.8057036765003431 16.914 0.013
0.8063424620897877 16.922 0.014
0.8066314426823737 16.915 0.013
0.8108730687379193 16.921 0.014
0.8140700966217764 16.92 0.011
0.81459274833378 16.911 0.011
0.8152946237016749 16.899 0.011
0.8167097625585029 16.886 0.013
0.8178714949704045 16.894 0.015
0.820796241193193 16.899 0.015
0.8221173679310141 16.853 0.011
0.825459395693315 16.848 0.011
0.8279020999650584 16.858 0.016
0.8302367168207638 16.864 0.011
0.8338726844726807 16.856 0.011
0.8383403926884512 16.851 0.013
0.838509710524022 16.867 0.014
0.8399284459296723 16.855 0.014
0.8408137531448574 16.854 0.011
0.8411058092406165 16.85 0.017
0.8413156890812843 16.857 0.011
0.8426750421610905 16.845 0.014
0.8437517788163404 16.86 0.012
0.8459843025036662 16.864 0.012
0.8468488939436156 16.87 0.013
0.8473782579287672 16.839 0.011
0.8474184876156414 16.845 0.013
0.8478968785161669 16.861 0.016
0.8480240869971567 16.846 0.012
0.8501037658454607 16.867 0.016
0.8504633112577267 16.844 0.011
0.850560718424731 16.859 0.011
0.8507592503660817 16.843 0.011
0.8510810660477546 16.839 0.016
0.8527641460505038 16.832 0.011
0.8536576422054623 16.871 0.015
0.85522331316497 16.857 0.013
0.8557737598316635 16.858 0.015
0.856526904902239 16.826 0.012
0.8613088988629443 16.845 0.012
0.8623613419949834 16.839 0.013
0.8627876586979255 16.834 0.013
0.8634333106997474 16.852 0.014
0.8637676919308888 16.854 0.012
0.8639044566207303 16.81 0.01
0.8639297632798844 16.835 0.01
0.8671245618843386 16.847 0.013
0.8677428794476327 16.853 0.02
0.8678549130249849 16.856 0.015
0.8712131431070702 16.852 0.016
0.8724855749084099 16.851 0.014
0.8739524657985385 16.807 0.015
0.8754651746089621 16.84 0.013
0.8754882993496267 16.857 0.015
0.8761920600184112 16.862 0.014
0.8767448814569434 16.84 0.012
0.8798113388932052 16.835 0.013
0.8830736959896512 16.842 0.017
0.8831149734007795 16.852 0.01
0.8840680462419641 16.829 0.016
0.8852825133617443 16.845 0.012
0.886095458039108 16.814 0.017
0.887669982969328 16.849 0.016
0.8885213051144092 16.847 0.01
0.8908899645555266 16.862 0.011
0.8921944025159974 16.83 0.011
0.8936414121938014 16.821 0.013
0.8950327800798732 16.842 0.01
0.8950936996009204 16.86 0.018
0.896597076630087 16.828 0.01
0.898155570279414 16.843 0.015
0.8982362916831335 16.818 0.011
0.8988307717193038 16.831 0.013
0.9020840244763804 16.828 0.013
0.9022906848283583 16.818 0.013
0.905802197338744 16.812 0.014
0.9065172326043012 16.829 0.015
0.9070826771080647 16.825 0.011
0.9079697745067961 16.796 0.012
0.9096511116874808 16.844 0.014
0.9109740590706679 16.835 0.016
0.9114360675710032 16.836 0.013
0.9129086418113275 16.815 0.013
0.9135086540721886 16.806 0.016
0.91544555819587 16.826 0.012
0.9172795860762335 16.842 0.011
0.9176710038161673 16.849 0.013
0.9181780633430208 16.843 0.013
0.9217757328576681 16.834 0.014
0.9217766279493844 16.832 0.017
0.9225147751826626 16.844 0.014
0.9237097915390677 16.822 0.014
0.9253650247051155 16.82 0.012
0.9282991271427363 16.828 0.015
0.9292398720294841 16.827 0.011
0.9300184042017463 16.807 0.012
0.9320195206375956 16.83 0.01
0.9343517642282677 16.814 0.016
0.9348643819207609 16.815 0.011
0.9350396477555023 16.829 0.01
0.9368656047402055 16.855 0.011
0.9384724681478929 16.819 0.011
0.9426274894559583 16.829 0.012
0.9473917687303128 16.821 0.015
0.9486065941086963 16.815 0.011
0.9486640478990012 16.826 0.014
0.9508391910987939 16.818 0.01
0.9531515666444648 16.834 0.012
0.9538869233315381 16.82 0.013
0.9543494182892118 16.816 0.011
0.9549044099853745 16.811 0.015
0.9560927614295451 16.804 0.012
0.9569242516247414 16.8 0.013
0.9589004095068958 16.825 0.011
0.9590042988863843 16.808 0.01
0.9596167443723971 16.802 0.013
0.959697094349167 16.812 0.012
0.9609230029782339 16.817 0.018
0.9643473881887985 16.808 0.016
0.9650025027890479 16.82 0.013
0.9662489170459594 16.812 0.015
0.9702558817732552 16.856 0.017
0.9743641885627312 16.808 0.012
0.976445059120806 16.813 0.011
0.9764508157729779 16.797 0.014
0.9766111371593524 16.81 0.013
0.9774833333451625 16.829 0.017
0.980635732005112 16.804 0.011
0.9816961152148451 16.816 0.012
0.9838351662352807 16.788 0.017
0.9864860579004926 16.815 0.011
0.9893999686228199 16.812 0.011
0.9896444508083277 16.805 0.016
0.9897284879302788 16.805 0.013
0.9899613962820695 16.807 0.011
0.9900329858983241 16.808 0.011
0.9903371628147397 16.813 0.011
0.991084381306564 16.814 0.014
0.9912837981855773 16.813 0.012
0.9914814737494453 16.811 0.012
0.9930865108783564 16.82 0.013
0.9944550070119931 16.832 0.013
0.9965767260389384 16.823 0.012
0.9998060450391222 16.801 0.013
