0.004378404410999792 18.486 0.036
0.004609602871369134 18.569 0.06
0.006340513305985951 18.445 0.04
0.007056972975078679 18.679 0.057
0.007970871959514625 18.535 0.046
0.008398989568377146 18.761 0.046
0.009484989129305177 18.712 0.068
0.009595914018063922 18.579 0.028
0.010307419202035817 18.742 0.057
0.011132043434372463 18.694 0.058
0.012176146601632354 18.53 0.047
0.012649172416786314 18.535 0.043
0.014618572250583384 18.548 0.039
0.01538403110771469 18.87 0.076
0.01596396420018209 18.491 0.035
0.018568661841982248 18.479 0.045
0.019476517142265948 18.479 0.046
0.025076940099097556 18.574 0.046
0.025146603684333968 18.539 0.061
0.027657710044877604 18.638 0.029
0.03022675473266645 18.569 0.038
0.030791187699378497 18.579 0.047
0.03162574684029096 18.523 0.034
0.033260506857459404 18.639 0.064
0.03406603005987563 18.487 0.029
0.03625238837867073 18.611 0.038
0.03631019014301273 18.536 0.035
0.0365743300963004 18.623 0.038
0.03887024825962726 18.565 0.027
0.03929395877457864 18.776 0.058
0.03998250910626666 18.575 0.038
0.04009155881294646 18.677 0.072
0.04469635618988832 18.622 0.053
0.05055186360186781 18.489 0.049
0.05111509101425327 18.709 0.051
0.05282903854958931 18.535 0.039
0.05697902743031591 18.686 0.049
0.057507712580445514 18.485 0.032
0.05868745717998536 18.616 0.043
0.06136321368830977 18.454 0.042
0.06292349778141215 18.682 0.069
0.06565726297503716 18.727 0.043
0.06642122165703768 18.625 0.051
0.06664486909494372 18.555 0.057
0.06899651551702846 18.659 0.038
0.07097834047272045 18.355 0.036
0.07206684743960068 18.605 0.043
0.0725272326162667 18.619 0.038
0.0733033520364188 18.811 0.056
0.07865975634558708 18.58 0.042
0.07998727431277075 18.631 0.047
0.08277046972852986 18.594 0.047
0.08593345175995637 18.592 0.036
0.08621423849945131 18.615 0.036
0.08633317568364873 18.807 0.071
0.08712676957429721 18.497 0.062
0.0874659845712813 18.672 0.051
0.0891874831295354 18.697 0.076
0.09014394240330148 18.918 0.082
0.09055749675917468 18.785 0.045
0.09164292442346778 18.663 0.042
0.09183734762791573 18.851 0.051
0.09265014744141808 18.819 0.076
0.09337033884730772 18.608 0.038
0.09712668345673592 18.541 0.035
0.09738594357986585 18.581 0.04
0.09738905455378699 18.632 0.051
0.09791019584554306 18.495 0.046
0.10220450808174064 18.594 0.031
0.10274796053818136 18.41 0.053
0.10366493452784198 18.729 0.05
0.10410273985689855 18.716 0.064
0.10426150867533579 18.558 0.039
0.10431208269346826 18.603 0.064
0.10662591209256789 18.714 0.046
0.10716833281185245 18.672 0.057
0.10801634737936183 18.561 0.058
0.11081755462600995 18.635 0.032
0.11178304790382754 18.365 0.05
0.11178726097250546 18.485 0.056
0.11242595419571444 18.856 0.082
0.11426054457842838 18.637 0.045
0.11584666751878103 18.547 0.043
0.11744220520131421 18.524 0.043
0.11759184658512822 18.721 0.053
0.1238559653320408 18.715 0.053
0.12511462447218946 18.529 0.045
0.12618646172677472 18.532 0.034
0.12855377063078777 18.599 0.029
0.1289545320232719 18.588 0.042
0.13175972249337065 18.517 0.051
0.13339969564549392 18.565 0.04
0.1383467155337712 18.581 0.034
0.14055216341967025 18.535 0.049
0.14167099528094695 18.581 0.031
0.14208407546948365 18.552 0.067
0.14245710707291437 18.685 0.043
0.14253525282401824 18.607 0.051
0.1456950592546491 18.515 0.047
0.14895399194665515 18.659 0.035
0.15011152597526234 18.621 0.029
0.15054729233634134 18.72 0.049
0.15064511244781897 18.673 0.051
0.15100303913914104 18.566 0.054
0.1514645724082584 18.605 0.036
0.1519140686073115 18.693 0.06
0.15441669853316853 18.671 0.05
0.1551577080936113 18.59 0.05
0.15579393131247343 18.544 0.046
0.1567620311579958 18.55 0.057
0.15787622464722517 18.58 0.047
0.16320237298532447 18.73 0.075
0.16373546952763718 18.363 0.043
0.16386055672137445 18.694 0.043
0.16519626524905107 18.483 0.042
0.1653079215238904 18.667 0.04
0.16607192190667774 18.65 0.046
0.16900449575769017 18.723 0.067
0.1711689884232328 18.563 0.038
0.1726756191947061 18.913 0.076
0.17327178809864563 18.684 0.064
0.17409932354894408 18.689 0.054
0.17479225503484486 18.498 0.049
0.1761847924826725 18.612 0.039
0.17782189468562137 18.686 0.058
0.18013385033646045 18.742 0.049
0.18037066001306812 18.644 0.057
0.18639198142864188 18.794 0.065
0.18988247612469422 18.734 0.036
0.19112687809456474 18.689 0.05
0.19324097629032622 18.663 0.043
0.19370394510906408 18.711 0.049
0.19406687944865553 18.542 0.054
0.19677157130081468 18.791 0.057
0.19855581034698844 18.743 0.042
0.20401363567179942 18.902 0.075
0.20501808976678149 18.681 0.045
0.20503328954237077 18.762 0.067
0.21076778626502346 18.84 0.054
0.21185444828915934 19.094 0.112
0.21568649586879474 18.758 0.053
0.2181051993093206 18.805 0.038
0.21843271197485592 18.931 0.056
0.22225933090157923 18.711 0.043
0.22372960885695647 18.904 0.039
0.22383916296985262 18.856 0.078
0.2251509552634161 18.851 0.04
0.2255606557964711 18.786 0.05
0.22646389851615822 19.068 0.119
0.22743684365468653 19.037 0.051
0.2297590216703611 19.131 0.094
0.2320227986519967 18.89 0.072
0.23606496932006849 18.928 0.04
0.2402618824498859 18.734 0.04
0.24164504255895736 18.909 0.051
0.24551017392650465 18.815 0.062
0.2470765765078795 18.776 0.045
0.24780203851059923 19.012 0.08
0.2481150296243868 18.876 0.061
0.24927687445097035 18.998 0.093
0.25 19.374 0.144
0.25021292941073625 18.856 0.076
0.2506867498050269 18.985 0.056
0.25275073239026824 18.899 0.079
0.2537928669453322 18.965 0.061
0.2558599605049494 18.878 0.057
0.2558610194673747 19.235 0.078
0.25639916392401574 18.783 0.075
0.2575829850293303 19.005 0.074
0.2593138380016171 19.126 0.074
0.2594620108820891 18.982 0.064
0.2606433605501479 18.867 0.058
0.26116716586966504 19.014 0.079
0.26124089879522217 19.132 0.072
0.26253458009705355 19.028 0.069
0.26586461335591594 18.942 0.082
0.2663982055582892 19.122 0.082
0.2723725869636837 19.049 0.085
0.2731076505688179 18.63 0.057
0.27491868682818676 18.886 0.075
0.27915346441386646 18.688 0.042
0.27990566043672516 18.749 0.078
0.2819238725978721 19.062 0.105
0.28272033457278667 18.908 0.074
0.2830172593940006 19.062 0.091
0.2831337480665752 19.08 0.098
0.28320418044040707 18.847 0.068
0.2832364480073011 19.253 0.112
0.28625931258739 18.757 0.049
0.2869030968595325 18.931 0.046
0.2883889741015082 18.938 0.069
0.28844671840579394 18.948 0.062
0.2900361060769683 18.701 0.047
0.29099294035768253 19.015 0.058
0.29134588089436875 18.997 0.058
0.2925348232856777 18.803 0.051
0.2925497543801612 18.666 0.068
0.2934695461563024 18.845 0.05
0.29399027074032347 18.893 0.074
0.29446265859905907 18.806 0.05
0.3001335713906883 18.88 0.054
0.3004329275299824 18.676 0.043
0.30300157843703346 18.827 0.045
0.3048702109726946 18.772 0.064
0.3050489242650656 18.787 0.053
0.3071954697252295 18.929 0.051
0.3090120755005046 18.827 0.067
0.3090526039850374 18.933 0.062
0.3103745769426496 18.713 0.051
0.31115601439250895 18.715 0.046
0.3191320646319582 18.755 0.05
0.3195877525404285 18.628 0.038
0.3209913140972276 18.623 0.036
0.32229046575139364 18.733 0.061
0.32591377406333777 18.645 0.068
0.32639865596775053 18.54 0.034
0.32675998953800445 18.706 0.043
0.32782216199757386 18.751 0.058
0.3288685699480993 18.715 0.06
0.32918457430696435 18.901 0.082
0.3302066852875214 18.71 0.067
0.3314343456067945 18.763 0.058
0.3324226845461453 18.747 0.032
0.33325479517588974 18.67 0.056
0.3336603372354148 18.585 0.038
0.33719547145756223 18.738 0.061
0.33744507982873984 18.565 0.036
0.33914696578722214 18.602 0.051
0.34200410104949697 18.794 0.056
0.3434771624033601 18.702 0.064
0.34477662443896406 18.69 0.04
0.347289762604305 18.647 0.032
0.3486407126065387 18.724 0.083
0.3489449126063846 18.569 0.051
0.3497282769676531 18.682 0.039
0.3502692549736821 18.621 0.06
0.3526738909708911 18.586 0.065
0.3541272060256233 18.742 0.043
0.355799688202751 18.594 0.038
0.35682778110640356 18.733 0.056
0.3578998870425494 18.966 0.071
0.3581469534710777 18.465 0.042
0.36668399812788266 18.862 0.058
0.36866910357548477 18.524 0.045
0.3713024635817419 18.627 0.045
0.37259874428673356 18.496 0.047
0.3744244170211459 18.755 0.04
0.37594300877572095 18.836 0.071
0.38241610681507154 18.822 0.078
0.3864845013663398 18.554 0.045
0.3873634974106608 18.613 0.086
0.3882808694816049 18.539 0.036
0.39042580987279507 18.567 0.039
0.39060294833507214 18.459 0.047
0.3914837118027208 18.621 0.038
0.3920909680073237 18.674 0.064
0.3925210542279274 18.522 0.05
0.39299782324087573 18.517 0.043
0.3952385505062921 18.648 0.05
0.3961875607847105 18.655 0.038
0.4002321799644051 18.551 0.039
0.40027307055970596 18.762 0.078
0.40245619581764913 18.621 0.072
0.40307468305081784 18.623 0.053
0.4060217655587621 18.584 0.057
0.4061471473723941 18.571 0.046
0.4067986867230502 18.664 0.039
0.40735005231363175 18.735 0.042
0.40765736328739877 18.554 0.038
0.4105023148854343 18.401 0.06
0.4114340518840436 18.641 0.072
0.4132442187601555 18.67 0.057
0.4134543001473503 18.782 0.064
0.4139165016104016 18.798 0.105
0.41580213444831315 18.667 0.035
0.41885774076308735 18.744 0.057
0.42229839282845205 18.667 0.046
0.423192143284723 18.545 0.029
0.426346338500025 18.603 0.05
0.42772000189870596 18.796 0.064
0.4323001129687327 18.423 0.035
0.4329087759169852 18.508 0.035
0.4341603165021297 18.544 0.042
0.43447408213523886 18.537 0.045
0.4354225291126568 18.692 0.046
0.4390318029372793 18.618 0.043
0.4409985919050996 18.551 0.036
0.44341094557876204 18.613 0.056
0.44352035883002827 18.514 0.036
0.44985674629697314 18.688 0.079
0.45139011252285854 18.548 0.04
0.45359862395162054 18.556 0.046
0.45425336913922365 18.462 0.036
0.4543080599296445 18.721 0.051
0.4580922291920615 18.445 0.045
0.4590844420135909 18.863 0.053
0.4605520301488468 18.405 0.067
0.46363054388530145 18.56 0.036
0.4641179677309992 18.56 0.046
0.46903408366233634 18.684 0.078
0.4698426761387964 18.529 0.043
0.4700645187522241 18.737 0.064
0.47054513155853783 18.466 0.049
0.47199329237264465 18.653 0.049
0.4727457887474884 18.645 0.071
0.474862592673162 18.621 0.036
0.47613235057633574 18.965 0.085
0.4765063032928083 18.541 0.047
0.47698645196123834 18.614 0.05
0.4778051962966856 18.587 0.057
0.4780298452342322 18.665 0.05
0.47900860564368486 18.525 0.04
0.4803347542688243 18.535 0.036
0.4835553972015987 18.625 0.04
0.48408641880541836 18.593 0.038
0.48414411567637217 18.491 0.045
0.48421414853692113 18.593 0.034
0.48492634770627774 18.671 0.057
0.48550574916816913 18.605 0.043
0.48786124368325545 18.618 0.069
0.4895717109684483 18.704 0.045
0.4934076655363242 18.63 0.043
0.4952118246974351 18.551 0.054
0.4969126056953428 18.545 0.05
0.4973255910199441 18.443 0.038
0.5031833946195547 18.609 0.04
0.5073992406942125 18.727 0.053
0.5079570609441362 18.581 0.046
0.5086670544919798 18.524 0.039
0.5092063642368885 18.563 0.054
0.5117519596960847 18.551 0.025
0.5134012815315145 18.447 0.053
0.5160987916360682 18.473 0.051
0.5162434268054312 18.506 0.04
0.517526410139908 18.66 0.035
0.5206550079647059 18.659 0.04
0.5213966268256627 18.507 0.046
0.5234352749698701 18.483 0.035
0.5244814156735629 18.543 0.046
0.5264948874341826 18.545 0.06
0.5276294249092643 18.524 0.039
0.5340277840759882 18.673 0.06
0.5343569392116478 18.527 0.064
0.5369723620424338 18.653 0.058
0.5379689230649092 18.592 0.047
0.5396010822441895 18.575 0.057
0.5397754790083127 18.646 0.039
0.541618725373155 18.792 0.068
0.5422389800296514 18.854 0.069
0.5440289783182379 18.378 0.051
0.5449961627818993 18.619 0.042
0.5475275542348754 18.577 0.038
0.548113367222868 18.584 0.06
0.5516718615417631 19.069 0.091
0.5517535392718855 18.575 0.046
0.5542216586072755 18.575 0.06
0.5603246002920059 18.58 0.031
0.5622908316909161 18.753 0.08
0.5626972631935132 18.741 0.064
0.5634850806477516 18.546 0.038
0.5654616622296089 18.47 0.049
0.5663443943094535 18.639 0.045
0.5692088147798131 18.633 0.05
0.5716047271544085 18.626 0.06
0.5719994448636498 18.64 0.056
0.5733817901846123 18.665 0.038
0.5764473142153292 18.539 0.045
0.5769625956691016 18.782 0.05
0.5770224723710271 18.576 0.046
0.5774913440118326 18.724 0.06
0.5797380834383148 18.541 0.029
0.5798170654688874 18.755 0.06
0.5801588827353044 18.641 0.046
0.5801746875113167 18.585 0.036
0.582033964200491 18.625 0.05
0.5838212725202538 18.604 0.038
0.5869457421108564 18.587 0.042
0.5875399424021452 18.527 0.032
0.5880115197724081 18.678 0.056
0.5883640350048154 18.543 0.035
0.589382445919 18.575 0.036
0.589823530308422 18.538 0.028
0.5907765941665275 18.47 0.045
0.5916932994750823 18.66 0.045
0.5929750772547777 18.55 0.034
0.5957259720007642 18.696 0.051
0.5958743503688311 18.762 0.057
0.6022985340541709 18.571 0.034
0.6027188692123673 18.663 0.053
0.6035994645935716 18.589 0.053
0.6054160071762453 18.589 0.031
0.6076670214324622 18.531 0.057
0.6109243850255552 18.529 0.031
0.6115703433979434 18.582 0.043
0.6138038846165728 18.636 0.04
0.614763519490225 18.61 0.042
0.6151319012587919 18.505 0.058
0.6156774601759025 18.694 0.045
0.6191916138873239 18.535 0.053
0.6198488247800924 18.658 0.04
0.6206175986667404 18.514 0.043
0.6255390211645135 18.469 0.049
0.6267317339779765 18.698 0.049
0.6295154395320424 18.481 0.053
0.6331407494117229 18.775 0.071
0.6339938722212537 18.643 0.058
0.6340639410504991 18.687 0.064
0.6344443181897077 18.635 0.049
0.640031508550237 18.603 0.062
0.640388262642773 18.712 0.051
0.6406810060661883 18.638 0.05
0.6410291716665597 18.507 0.035
0.6424850186340336 18.609 0.036
0.6447527385716967 18.578 0.058
0.64541940304116 18.594 0.047
0.6458000848297161 18.663 0.057
0.6507235391318318 18.658 0.058
0.6521741844271673 18.681 0.05
0.6526057808518999 18.44 0.036
0.6544912196641235 18.561 0.054
0.6575007380097304 18.634 0.053
0.6604762602005394 18.517 0.038
0.6606544001620023 18.613 0.045
0.6608414318329778 18.453 0.056
0.6653669425295448 18.547 0.049
0.6657416423940958 18.568 0.038
0.6659443379776349 18.59 0.05
0.6661475422670264 18.671 0.036
0.6675208320921229 18.704 0.039
0.6678114014157472 18.645 0.04
0.6687802340802591 18.688 0.035
0.6697885937292085 18.566 0.051
0.670924072377602 18.615 0.049
0.6713234284588907 18.654 0.05
0.6727755896899907 18.57 0.056
0.6729009600421705 18.415 0.056
0.674350051998772 18.642 0.046
0.6759644320600273 18.69 0.042
0.6760096348862135 18.514 0.053
0.6764896426921041 18.609 0.038
0.6771721119375798 18.659 0.056
0.6779222761560959 18.535 0.038
0.6779726863865108 18.524 0.042
0.6804417683861175 18.709 0.049
0.6818665533419335 18.672 0.035
0.6841417179757627 18.666 0.039
0.6841610647607013 18.643 0.046
0.6865810700519432 18.915 0.067
0.6897378014782589 18.551 0.042
0.6902807121259684 18.892 0.083
0.6903520828072942 18.55 0.042
0.6905691864531036 18.691 0.046
0.691076649635761 18.628 0.056
0.6916583141810406 18.665 0.039
0.6919225949968677 18.632 0.046
0.6927603240064855 18.748 0.056
0.69330467736836 18.61 0.035
0.693609345805271 18.702 0.058
0.6942504186163205 18.698 0.042
0.694471459486067 18.607 0.057
0.6959796665205431 18.67 0.049
0.6968406493033399 18.711 0.045
0.6968745176391167 18.744 0.042
0.6970483238778797 18.735 0.036
0.6980751206619971 18.724 0.062
0.7034386650184388 18.715 0.043
0.7044589511133381 18.859 0.065
0.7048297971541615 18.683 0.043
0.7056671626214666 18.748 0.046
0.7064605510240654 18.769 0.056
0.7065478571639687 18.694 0.042
0.7067843032964447 18.594 0.046
0.7069336759996077 18.815 0.069
0.7078051095591036 18.595 0.05
0.7079399621438824 18.629 0.042
0.7123529428836264 18.763 0.045
0.7155545782175068 18.695 0.046
0.7178383299115012 18.732 0.032
0.7186395840162731 18.823 0.076
0.7212440761704784 19.044 0.083
0.7233061792758235 18.878 0.058
0.7235261581699888 18.938 0.079
0.7241777291901599 18.714 0.056
0.7258041291288464 18.722 0.046
0.7279384492239842 18.795 0.054
0.7289960407715625 18.821 0.049
0.7297822531581915 18.679 0.053
0.7319529532951492 18.98 0.08
0.7347857743925488 18.78 0.05
0.7357135095408012 18.735 0.046
0.7367141787381115 18.726 0.049
0.7385039341361335 18.746 0.071
0.7385768250514957 18.812 0.04
0.7387678054087701 18.739 0.056
0.73915348911396 18.864 0.057
0.7402090891246189 18.634 0.057
0.7416942407126044 18.844 0.057
0.7419980657055021 18.897 0.064
0.7449985759867559 18.812 0.042
0.7455806040770767 18.825 0.057
0.7468658449115537 18.761 0.057
0.747989925877846 18.737 0.057
0.7498746261394444 18.571 0.054
0.7503092616007052 18.788 0.062
0.7532409402783742 18.739 0.056
0.753329651729473 18.886 0.069
0.7567585368369691 18.817 0.042
0.7573568496027292 18.783 0.056
0.7581372438526159 18.776 0.051
0.7591954461336172 18.756 0.047
0.7593261862443796 18.771 0.068
0.7599279318274057 18.817 0.035
0.7612970502841563 18.899 0.079
0.763008661364438 18.851 0.071
0.7645580579128364 18.909 0.061
0.7655427585468715 18.92 0.057
0.7655724209789696 18.849 0.076
0.7692717426425588 18.837 0.065
0.774761699118244 18.629 0.091
0.77646161073244 18.775 0.038
0.7769235492469306 18.695 0.038
0.7789810814701923 18.688 0.039
0.7810686468355925 18.756 0.069
0.7816299416040238 18.647 0.054
0.783410072474453 18.725 0.05
0.7873207399743478 18.924 0.053
0.7893061026402393 18.673 0.045
0.7898252336190126 18.88 0.074
0.7903582984909008 18.8 0.053
0.7904066122905533 18.702 0.065
0.7916888585077686 18.732 0.053
0.7950974685518304 18.799 0.053
0.795963326864694 18.677 0.042
0.7971617572202376 18.639 0.035
0.7989800326886325 18.758 0.038
0.7996015417647868 18.76 0.061
0.8001757932843248 18.72 0.04
0.801488742267793 18.762 0.046
0.8021783300687275 18.62 0.05
0.8098055925120207 18.774 0.085
0.810519561970068 18.772 0.051
0.810530991322139 18.612 0.06
0.8168000530922654 18.63 0.045
0.8204566664398953 18.594 0.042
0.82392016846552 18.837 0.082
0.8247620042175186 18.735 0.06
0.825277258447386 18.579 0.04
0.8260396163605037 18.708 0.049
0.8283160167875394 18.713 0.042
0.8298513516247112 18.524 0.051
0.8302934360808649 18.585 0.049
0.8313861863553029 18.572 0.039
0.8337272699427558 18.782 0.045
0.8342190706443944 18.799 0.053
0.838184201954391 18.619 0.036
0.8394428236915701 18.642 0.042
0.8404710646218518 18.644 0.046
0.8420673911514314 18.728 0.058
0.8442034169097496 18.509 0.028
0.8455839516745982 18.74 0.057
0.8477967164403708 18.533 0.045
0.8483016851123466 18.424 0.067
0.849730701763292 18.626 0.042
0.8503915912297089 18.656 0.049
0.8511568805683964 18.498 0.068
0.8524505661675903 18.428 0.036
0.8581955825929981 18.578 0.046
0.8636896918101229 18.608 0.053
0.8640865102479438 18.61 0.04
0.8656133629192482 18.499 0.047
0.8660798923738184 18.578 0.027
0.8686535165406895 18.457 0.047
0.8696490415259177 18.537 0.04
0.8711581797042527 18.667 0.042
0.8719590588025312 18.554 0.036
0.8734393650966013 18.59 0.049
0.8737752076040124 18.674 0.051
0.8775953876320273 18.663 0.06
0.8777608697614596 18.546 0.062
0.8779945799260531 18.471 0.045
0.8780917103513275 18.569 0.047
0.8789267896599995 18.574 0.038
0.8791232461016989 18.673 0.047
0.8796485515968016 18.627 0.045
0.8799019720918295 18.621 0.043
0.8817694407730414 18.61 0.042
0.8819138704548095 18.548 0.035
0.8851943886566005 18.48 0.035
0.8894467973345854 18.526 0.049
0.8896069426600661 18.6 0.049
0.8899038502872827 18.556 0.062
0.8913957554532317 18.546 0.042
0.8918422470032965 18.52 0.05
0.894973960101197 18.516 0.045
0.8966190400633423 18.624 0.031
0.8975775168137261 18.55 0.042
0.8979006597874104 18.673 0.042
0.9034571516799588 18.53 0.042
0.9046526291176633 18.639 0.042
0.9057563660962842 18.648 0.045
0.9064859822738072 18.676 0.04
0.908666975133201 18.698 0.062
0.9096150902369118 18.549 0.053
0.9109645558255579 18.669 0.054
0.9118075339401912 18.731 0.043
0.9118822354112126 18.56 0.049
0.9123379879456479 18.559 0.046
0.9142195140398144 18.492 0.065
0.9197560541470011 18.646 0.042
0.920643565460523 18.588 0.036
0.9224146997294156 18.678 0.069
0.9241427880774609 18.541 0.049
0.9244450137348394 18.65 0.049
0.92662372759969 18.611 0.04
0.926785361637485 18.679 0.058
0.9282349320610592 18.683 0.042
0.9284521320032582 18.631 0.054
0.930435467163079 18.519 0.046
0.9307921163617721 18.563 0.049
0.9313274559276579 18.491 0.045
0.9381107976514613 18.582 0.045
0.9389895235826771 18.477 0.049
0.9415928748067017 18.621 0.061
0.9428539393247775 18.611 0.034
0.9445254257329907 18.561 0.046
0.9453098275639604 18.496 0.038
0.9482162881558907 18.62 0.043
0.9484821754717814 18.382 0.049
0.9486898772711356 18.598 0.032
0.9507370535811788 18.607 0.04
0.9513174608418922 18.585 0.047
0.9519084180424215 18.488 0.05
0.9519626403953225 18.676 0.043
0.9527166469747499 18.546 0.04
0.9568989350937045 18.641 0.054
0.9598069950225181 18.676 0.06
0.961002814512085 18.542 0.036
0.9615178315834783 18.68 0.051
0.9644388913966395 18.501 0.04
0.9669003189137584 18.698 0.043
0.9689430163389261 18.526 0.039
0.969254127973727 18.505 0.051
0.9695123980591234 18.719 0.061
0.9746014350857877 18.553 0.035
0.9747806225459499 18.629 0.035
0.9748785792207855 18.577 0.051
0.9844635334361556 18.548 0.038
0.9869830041739078 18.537 0.043
0.9913337128627973 18.563 0.031
0.9914667980256127 18.685 0.05
0.9920095348552422 18.72 0.082
0.9926309318743733 18.748 0.053
0.993792207669685 18.533 0.04
0.9967705648405172 18.709 0.046
0.9985588086019561 18.598 0.053
