0.000971220874816936 17.986 0.025
0.0018199439959971642 18.019 0.033
0.0023382922879591206 17.988 0.026
0.0028321050931481295 17.973 0.039
0.0037346498070292 18.02 0.038
0.004859089861383836 17.942 0.034
0.004973725170657417 17.968 0.03
0.006513482872833265 18.001 0.036
0.010112578196185495 17.939 0.026
0.010217759234819823 18.031 0.035
0.01084491214442096 17.951 0.024
0.011149436289088044 17.994 0.023
0.011493005926240585 17.953 0.025
0.01323188961350752 17.924 0.028
0.013792110799386137 17.978 0.028
0.01528487983659943 18.003 0.03
0.01555964913995922 17.986 0.017
0.019821795866391767 17.921 0.023
0.021525126302094577 17.986 0.03
0.021525798884795222 17.936 0.037
0.021759298889719503 17.979 0.025
0.021786312111998996 17.964 0.026
0.02313414090576771 17.971 0.034
0.02733961641206406 17.892 0.028
0.028999578443745122 17.982 0.02
0.029990270800908547 17.997 0.027
0.03247014763564948 17.972 0.041
0.03295687137187997 17.98 0.028
0.03422401569559952 17.991 0.033
0.041148077339130396 17.999 0.032
0.041880383430907386 17.961 0.028
0.043385461997559105 17.957 0.022
0.045449316320627986 17.992 0.021
0.04585505268346424 18.004 0.028
0.047233210950253124 17.932 0.017
0.04763415445722785 18.01 0.028
0.048028109159531596 17.963 0.022
0.049246211370245874 17.961 0.033
0.05031607599266863 17.935 0.024
0.050684210079452896 17.962 0.026
0.052645207435034536 18.023 0.026
0.05502040213741566 17.94 0.025
0.05551371714227571 17.976 0.028
0.05965305599693238 17.981 0.024
0.0599330167970038 17.962 0.028
0.06007257517421749 17.96 0.02
0.06092111677435241 17.928 0.046
0.06307761764219322 17.974 0.021
0.06802790698520766 17.974 0.017
0.06811049234556776 17.957 0.03
0.07303296776217394 17.983 0.029
0.07721532756659144 17.972 0.033
0.07824501865252387 18.001 0.035
0.07903519530827907 17.978 0.028
0.08571432716644267 17.987 0.023
0.08597666334617315 18.005 0.023
0.08712694070982252 17.942 0.022
0.08907328334635167 17.997 0.024
0.09020440377162231 17.987 0.026
0.0941982277504394 17.954 0.044
0.09439754973755043 17.957 0.023
0.09583569879259812 17.991 0.028
0.09703814515432896 17.979 0.028
0.09735383298357192 18.029 0.042
0.09759290532701925 17.997 0.025
0.09822115399947506 17.995 0.032
0.09829115367801933 17.898 0.024
0.1002760451137874 17.988 0.026
0.10065312461028952 17.957 0.024
0.10163133376136102 18.008 0.023
0.1050792393930351 17.953 0.046
0.10526040889089927 17.982 0.027
0.1055267161041229 17.968 0.047
0.10634645270465626 17.979 0.039
0.10765907117502138 17.988 0.023
0.10839480152435499 17.948 0.032
0.11086735990056695 17.992 0.025
0.1113043522470889 17.989 0.024
0.11147214099128178 17.931 0.034
0.11147389043026124 17.942 0.028
0.11660920002714192 17.975 0.029
0.11742967829945883 17.968 0.036
0.11823033932023463 17.956 0.034
0.11885706904968174 17.993 0.026
0.11910814470002151 17.974 0.028
0.1194107000724216 17.983 0.031
0.12567490739343157 18.071 0.044
0.1261744128137252 17.969 0.028
0.12684590629532977 17.965 0.028
0.12760307863482012 17.962 0.023
0.1276280395145477 17.98 0.034
0.13032164586593353 17.958 0.034
0.13207425665405026 17.99 0.022
0.13417650721748942 17.933 0.028
0.1352439230672644 17.991 0.031
0.1371394853158563 18.014 0.019
0.1383781631434431 17.973 0.04
0.13992665577097796 17.943 0.028
0.14168388905636675 17.953 0.036
0.14429458039239762 17.95 0.032
0.14629715216187833 18.056 0.039
0.14937978781517813 17.973 0.024
0.1501504133148046 17.977 0.028
0.15015310706439777 17.974 0.02
0.1506603295856621 17.948 0.022
0.1545289470022908 17.955 0.031
0.1553832547310776 17.986 0.027
0.15700083390174768 18.005 0.027
0.15780174211204212 17.994 0.026
0.15803010070112578 17.964 0.026
0.1625012776139556 17.99 0.02
0.1653428008494302 17.953 0.023
0.16647312952181892 17.976 0.029
0.16651701463160862 18.052 0.031
0.16859267957806878 17.989 0.038
0.17184972531367748 17.988 0.028
0.18223959004444623 17.961 0.041
0.18320300418827173 17.984 0.021
0.18453460139562594 17.945 0.023
0.1850952212230368 17.954 0.02
0.18635666508680515 17.983 0.031
0.18744512649755052 17.991 0.02
0.18745436475319366 17.988 0.038
0.18846705482565085 18.0 0.026
0.18929013553406548 17.904 0.023
0.19433307031476943 17.972 0.028
0.19472200387872363 17.967 0.024
0.19564744043645987 18.024 0.03
0.19597268833194903 17.994 0.029
0.19690439213673017 17.994 0.023
0.19882420034400639 17.989 0.028
0.20271985552108163 17.956 0.027
0.20680861330697553 17.95 0.033
0.21128703184740516 17.964 0.023
0.21355994642590304 17.974 0.029
0.21406784042301297 17.979 0.027
0.21485517077189797 17.98 0.019
0.2176011487604228 17.972 0.035
0.21834271985835585 18.065 0.025
0.22095590783555963 17.949 0.031
0.22172246767058823 17.946 0.024
0.22285139435780366 17.958 0.032
0.22505041395061198 18.006 0.023
0.22821413271458368 17.987 0.024
0.22887810952261134 18.009 0.023
0.22907481459196788 17.984 0.034
0.2299611555768024 17.986 0.032
0.23033134090019303 17.976 0.03
0.23083771042411172 18.013 0.029
0.23142868758168333 18.175 0.026
0.23183846959682342 18.243 0.036
0.23235684795827183 18.003 0.023
0.23244582637335043 18.0 0.027
0.2340728108388248 18.148 0.02
0.23517402828929335 17.96 0.029
0.23538024223717002 17.986 0.029
0.23667931402133036 18.376 0.031
0.23765722248117527 17.987 0.026
0.23942069405120492 18.334 0.029
0.23986232890638348 18.096 0.028
0.24295582865897813 18.412 0.046
0.24365115940054238 18.043 0.027
0.24500577767821596 18.171 0.028
0.24702489500032243 18.095 0.03
0.24766904560510739 18.057 0.032
0.2485616538369868 18.291 0.028
0.24864806099094494 18.185 0.027
0.25 18.762 0.064
0.25051463561248966 18.129 0.03
0.25458782112036715 18.404 0.044
0.25510389994951765 18.302 0.038
0.2559403870550341 18.364 0.037
0.2574822917322308 18.325 0.047
0.2574938562711395 18.542 0.051
0.25751697086752756 18.423 0.04
0.25966852742840274 18.422 0.039
0.2634382578039549 18.303 0.029
0.2659557836773274 18.238 0.047
0.2700851581921597 18.433 0.039
0.271645838965469 18.312 0.034
0.2755373749757837 18.446 0.038
0.27729640335701333 18.245 0.031
0.27847009711467763 17.979 0.024
0.27957825439443695 18.326 0.057
0.2815164567505235 18.106 0.025
0.2855511435413973 18.117 0.027
0.2869086070204503 17.969 0.026
0.2890789864409271 17.962 0.025
0.2893328348854993 17.974 0.023
0.28966834107313844 18.124 0.031
0.2905786307460403 17.98 0.032
0.29080426551581695 17.982 0.034
0.2926810494550409 18.03 0.031
0.2928186334270322 18.008 0.034
0.29509623949070374 18.031 0.034
0.29590451402918916 18.148 0.029
0.30119792981622595 17.962 0.028
0.30576966527041805 17.922 0.024
0.3075216034758341 17.966 0.027
0.3094764861425574 17.972 0.022
0.3118233947634508 17.997 0.027
0.31338200428899654 17.981 0.029
0.31463121434944696 17.983 0.024
0.3149483965835316 18.006 0.027
0.31778707461808153 17.99 0.03
0.31886524877290867 17.986 0.023
0.31891031200848374 18.026 0.034
0.3199431233424548 18.007 0.027
0.31994529706753383 17.962 0.023
0.3215999473263764 18.001 0.049
0.3269438138472651 18.012 0.025
0.3280896179535375 17.935 0.023
0.3302239463228034 17.948 0.024
0.3311839116709052 17.955 0.029
0.33392831731680417 17.944 0.02
0.33431884997389716 17.93 0.037
0.3381369409294166 17.972 0.026
0.3421010489851142 17.975 0.023
0.3427847216621558 17.97 0.031
0.3477371858357401 18.034 0.031
0.34815609920633506 17.986 0.03
0.34818778168801146 17.949 0.023
0.34916867010861097 18.004 0.041
0.3498236569562323 17.937 0.018
0.35028621267110793 17.973 0.03
0.3542762392930854 18.008 0.03
0.35440028995481043 17.952 0.022
0.3554970642162516 18.014 0.029
0.35640826813005333 17.954 0.023
0.3578187079478994 18.007 0.029
0.36257486679960493 17.973 0.027
0.36374596033329 17.988 0.023
0.3642919254430126 17.938 0.018
0.36531073462901986 17.957 0.027
0.3660771162612946 18.004 0.033
0.36869764834273155 17.959 0.026
0.3701061683627813 17.976 0.025
0.37142830013681305 17.93 0.025
0.3719345761351178 18.002 0.029
0.37268307700514924 17.95 0.029
0.3727353328931713 18.023 0.031
0.38059849031424164 17.996 0.026
0.38144272348517916 17.978 0.034
0.38418453111899 17.986 0.028
0.3847393057735644 17.983 0.029
0.38532149339835087 17.99 0.028
0.38896150724758627 17.966 0.036
0.3917128059601964 18.01 0.032
0.39311985158883544 17.928 0.026
0.39662210105097984 17.964 0.022
0.39732614670583644 18.003 0.034
0.39839426299477054 17.951 0.023
0.40188143345267235 17.951 0.023
0.40188443010583796 17.953 0.02
0.40330625183560187 17.952 0.017
0.40373740122095114 17.938 0.026
0.4074510372220175 18.052 0.04
0.4102926851578559 17.988 0.027
0.4143930252835162 18.046 0.033
0.4148579830075505 17.997 0.025
0.41678517313039265 18.042 0.032
0.41692753105189695 17.96 0.024
0.41746804963031536 17.947 0.023
0.4206159711507098 17.924 0.024
0.4221629704793486 18.017 0.029
0.42235924905116917 18.027 0.033
0.42293816497567605 18.014 0.034
0.4235486665384087 17.94 0.029
0.4241439376451126 18.027 0.027
0.42568771535570704 17.959 0.023
0.42620242337534364 17.972 0.031
0.42633973340753073 17.97 0.028
0.42650709786539664 17.927 0.044
0.42760659262739864 18.081 0.042
0.427922311632301 17.963 0.021
0.4305995806012106 17.988 0.022
0.4306419935314807 18.022 0.033
0.4320384300949627 17.933 0.024
0.43236901983300413 17.98 0.023
0.43680357890707455 17.961 0.024
0.44008768241519647 17.99 0.026
0.44080081598076504 17.997 0.021
0.44510545136336077 17.966 0.026
0.44565194655433515 17.977 0.029
0.44841983868764146 18.017 0.029
0.4498388141100804 18.002 0.023
0.45587854034920383 17.977 0.034
0.4571528405172103 17.961 0.04
0.4590474584547337 17.922 0.03
0.46032188221761317 17.963 0.031
0.46167444815273484 17.956 0.027
0.4616835617075594 17.96 0.022
0.46187469665073877 17.981 0.032
0.46275452319832766 17.941 0.028
0.4632933981320093 17.976 0.017
0.46686190784180326 18.041 0.035
0.4682787652523075 17.992 0.029
0.47309389264364654 17.946 0.026
0.4799409357353852 18.011 0.026
0.4801628845762025 18.023 0.04
0.4808073102281014 17.984 0.023
0.4819006869824989 18.005 0.025
0.48720865390487234 18.009 0.033
0.4894029073934689 17.945 0.031
0.48955067282668097 17.989 0.024
0.49163476979447296 18.003 0.023
0.492215490871331 17.967 0.027
0.49815377660934246 18.007 0.023
0.4990313826683632 17.954 0.02
0.5006185454767547 17.994 0.027
0.5015339965761996 17.983 0.028
0.5037832486773368 18.009 0.023
0.5039740796114529 17.96 0.022
0.5062301378895881 17.964 0.035
0.5069348850902315 18.015 0.028
0.5107905504642076 17.993 0.028
0.5110379268098768 18.024 0.022
0.5111635798830321 17.932 0.023
0.5122340380435162 17.984 0.029
0.5160023697521865 18.001 0.027
0.5178243877871864 18.018 0.028
0.5181964450380292 17.956 0.031
0.520437801836124 18.005 0.025
0.52113880186198 17.973 0.023
0.5213240481880348 17.981 0.023
0.5227743252512482 18.003 0.03
0.5233243092629891 17.989 0.023
0.5235932667806082 18.015 0.028
0.5273156588250458 18.017 0.028
0.5275542256254084 17.933 0.019
0.5282287057034409 17.969 0.059
0.5304426082984719 17.981 0.034
0.533090701483161 17.943 0.031
0.5336883935046899 17.984 0.03
0.5358354579016122 17.935 0.034
0.5366486010211702 17.983 0.032
0.5379743062917441 17.977 0.026
0.5387608069731868 18.018 0.028
0.5397606218361943 17.894 0.031
0.5410501268156622 18.082 0.027
0.5411991684259192 17.933 0.027
0.542757524022818 17.984 0.027
0.5442118055061655 18.025 0.034
0.5442278288214766 17.956 0.022
0.5445510076801838 17.984 0.039
0.5448865406187906 17.959 0.026
0.5486281341518406 18.004 0.028
0.5492840964866446 18.031 0.028
0.5520187171014186 17.988 0.028
0.5526881593464168 17.968 0.021
0.5530777187300373 18.008 0.028
0.5542755504388879 17.975 0.023
0.5566754877941094 17.941 0.039
0.5569414464466718 17.986 0.028
0.557667183493777 17.987 0.031
0.5597114688612237 17.96 0.034
0.5601935935314941 17.957 0.023
0.5604144365536285 17.948 0.021
0.5606668373561661 17.984 0.024
0.5615356762086776 17.974 0.024
0.5636876860185112 17.942 0.032
0.5641057797788562 17.963 0.025
0.5664839421715442 17.939 0.021
0.5668842587538165 17.957 0.036
0.5677142347408335 18.016 0.034
0.5684033962879766 18.004 0.017
0.569972340937511 18.001 0.019
0.5710192312517393 18.013 0.029
0.5737215012263732 18.008 0.033
0.573913880065902 17.943 0.032
0.5755707262737815 17.977 0.025
0.5769950246326516 17.97 0.023
0.5819339977322215 18.003 0.031
0.5822336789401561 17.972 0.042
0.5868633918603336 17.983 0.017
0.5870617394675719 18.004 0.024
0.5884386248753799 18.042 0.028
0.5893241429316731 18.015 0.026
0.5893771438086333 17.983 0.018
0.5896933549815913 17.991 0.026
0.5948634350279463 17.981 0.023
0.5953162346745557 17.952 0.028
0.5965761540651329 17.945 0.028
0.5973164801612256 17.925 0.026
0.6001943962701262 17.964 0.036
0.6011364619507731 17.924 0.024
0.6020392527489093 18.016 0.031
0.603692959802629 17.928 0.029
0.603874173850727 17.956 0.023
0.6055127729373453 17.995 0.034
0.6078722149459281 17.996 0.022
0.6116426457606394 18.03 0.041
0.6120671014009531 17.933 0.034
0.6171046197191572 17.975 0.036
0.6195736603112891 17.94 0.038
0.6201455707373498 17.95 0.037
0.621876159373187 17.928 0.018
0.6221188697772959 18.001 0.048
0.6226006002311806 17.987 0.021
0.6227559591698082 17.932 0.045
0.6236113916247632 17.947 0.024
0.6240873570554868 18.006 0.033
0.6288693532173966 18.004 0.019
0.6301869961448574 17.983 0.034
0.6302542564171745 18.015 0.033
0.6307260214248345 17.98 0.02
0.6316330571967228 17.991 0.023
0.6334875305606147 17.932 0.026
0.6374318402708923 17.996 0.037
0.6436061516169502 17.981 0.028
0.6444010965897178 17.959 0.023
0.6444376465474306 17.931 0.028
0.6446310520600491 17.988 0.031
0.644867047599746 18.011 0.034
0.6462998837755549 17.973 0.025
0.6463015274184727 17.96 0.022
0.650663033341516 17.971 0.026
0.6533311498374132 18.046 0.035
0.655864000798374 17.982 0.023
0.6578183088331571 17.986 0.023
0.6578287909846949 17.978 0.028
0.6580567509322464 17.956 0.032
0.6583362852347818 17.993 0.032
0.6591093338618066 17.99 0.024
0.6648350694163128 17.962 0.028
0.6650485461100288 17.97 0.026
0.6662236117831526 17.981 0.025
0.6690807362597297 18.041 0.032
0.6697944444572386 17.986 0.024
0.6701079318108896 18.006 0.028
0.6707166115272685 18.008 0.025
0.6732779467852197 17.984 0.023
0.6759292838128204 17.958 0.022
0.6780809907190815 17.893 0.023
0.678812477201518 17.953 0.031
0.6790199372567258 18.014 0.025
0.6822128429689656 17.979 0.02
0.6860178504425676 17.99 0.034
0.6864909673536204 17.969 0.025
0.688888730983308 17.925 0.026
0.6897411189156628 17.991 0.029
0.6908422428400627 18.005 0.024
0.6924072621136474 17.956 0.019
0.6929067407832008 17.992 0.028
0.6930348393102577 17.97 0.029
0.6937376867258536 17.941 0.019
0.6945559745790888 18.02 0.045
0.6946601979320803 17.948 0.037
0.6951890150003237 17.927 0.021
0.6954289837854049 17.966 0.03
0.6956460796332067 17.969 0.025
0.696424298639613 18.014 0.032
0.6994833174703672 18.025 0.022
0.7017342110029858 17.948 0.026
0.7028586933956831 17.962 0.037
0.7037198975099273 18.001 0.04
0.7039773462024641 17.996 0.034
0.7057561907299714 17.944 0.041
0.707267415160004 17.942 0.028
0.7101770894778383 17.939 0.023
0.712245238855985 17.982 0.029
0.7130977014085147 18.008 0.035
0.7151995276858543 17.981 0.033
0.7176087801290123 17.994 0.034
0.7185871407323248 17.993 0.035
0.7189018296435279 18.039 0.03
0.7192178103196056 18.006 0.034
0.7215329418263536 17.982 0.03
0.7220479516436171 17.983 0.03
0.7229426789926947 17.971 0.027
0.7243611343901648 18.018 0.034
0.7276689805271417 17.994 0.028
0.727988063651992 18.021 0.023
0.729300589702234 18.174 0.03
0.730283519301338 18.006 0.028
0.7336303352044524 17.974 0.032
0.734119931998066 18.244 0.029
0.7346953312453479 18.02 0.022
0.7349287087613448 18.169 0.029
0.7349529035332125 18.292 0.04
0.735251981146348 18.002 0.029
0.7361091908965136 18.319 0.038
0.7379284561498025 17.976 0.031
0.7393903756897089 18.002 0.03
0.7396307364797394 18.449 0.045
0.7408099257440881 18.633 0.034
0.7481029522473364 18.725 0.057
0.7482767876986145 18.173 0.033
0.7496276309457244 18.667 0.05
0.7497156349804754 18.577 0.032
0.7524149060900527 18.67 0.056
0.7552049228520445 18.516 0.04
0.7566460685607126 18.585 0.05
0.7589707100510168 18.378 0.038
0.7614324355026838 18.713 0.051
0.7615696208335976 18.306 0.031
0.7656729576119687 18.621 0.051
0.767376943936597 18.531 0.06
0.7675798583277356 18.676 0.048
0.7681147132534534 18.399 0.03
0.7702654490985879 18.652 0.05
0.7726211951212463 18.326 0.028
0.7730962596856443 18.028 0.025
0.7734769794551539 18.562 0.033
0.7744586896965302 18.727 0.051
0.7767236633153516 18.711 0.072
0.7769871242203408 18.058 0.028
0.7781348737676126 17.993 0.023
0.7790039420101493 17.976 0.034
0.7832527302080052 18.418 0.048
0.7843617628109314 17.964 0.022
0.7876212027106249 18.398 0.034
0.7942584194379378 18.066 0.035
0.7947042235418849 18.03 0.03
0.7963269641400075 18.047 0.028
0.7981025670360395 18.082 0.034
0.8028775030916222 18.02 0.029
0.806259077174218 18.009 0.031
0.8067153923930164 18.009 0.033
0.807285220407266 17.919 0.023
0.8086476003363714 17.982 0.025
0.8109185416169566 18.002 0.026
0.8125754134694034 17.939 0.02
0.8136558581936697 17.964 0.038
0.8167271108281966 17.964 0.034
0.81874525266403 17.977 0.024
0.8200394257978587 17.967 0.023
0.820413537604054 17.968 0.023
0.8210911201299496 17.978 0.035
0.8226361896063281 17.969 0.024
0.8255089442868666 18.031 0.027
0.826463367364795 17.973 0.024
0.8267137937637017 17.911 0.028
0.8275108066668508 18.002 0.027
0.8306801991400334 17.996 0.022
0.8336677695451726 17.958 0.03
0.8348130525205306 18.001 0.024
0.8384213560302669 17.989 0.029
0.8389971016254094 18.016 0.04
0.8390576681517814 17.909 0.019
0.8405858468331644 17.965 0.028
0.8424812286664292 17.988 0.023
0.8425369255060104 18.009 0.031
0.8446011606706634 17.923 0.023
0.8456805530772726 18.053 0.04
0.845712066307442 17.934 0.039
0.8537098110487022 18.002 0.023
0.855545282244293 18.011 0.028
0.8558900512261971 17.957 0.031
0.8563887069676639 17.982 0.025
0.8591895878303148 17.987 0.023
0.8593963518719647 18.018 0.037
0.8596244610594113 17.9 0.023
0.8598556358870155 18.033 0.026
0.8598855232735332 17.961 0.029
0.863943599707909 17.932 0.026
0.8652672804928443 17.997 0.025
0.867035896797006 17.974 0.025
0.8676732612357227 18.013 0.02
0.8677629100211561 17.927 0.026
0.8679632821144878 17.998 0.036
0.8693460082704405 17.965 0.021
0.8693489770671476 17.972 0.033
0.8728208035295211 17.961 0.019
0.8773103043963602 18.006 0.03
0.8788022761500542 17.953 0.023
0.8812821273409099 18.042 0.031
0.8826908422583983 17.929 0.025
0.8860105257685973 18.026 0.03
0.8860637560360374 17.949 0.026
0.8912182069839218 17.986 0.019
0.8919233517199245 18.009 0.019
0.8937728228511332 17.984 0.032
0.8954333182828123 18.003 0.03
0.8960117865904067 17.957 0.034
0.8982789082897398 17.936 0.028
0.9016818742811665 17.983 0.03
0.9040616379797939 17.949 0.039
0.9048421543061522 17.937 0.034
0.9058447107868233 17.988 0.034
0.9076785339143498 17.951 0.025
0.9081851027585799 17.92 0.023
0.9086316050888854 17.973 0.021
0.9094266993010933 17.997 0.028
0.9095773121480306 18.002 0.036
0.9116645115645952 17.988 0.027
0.9119974721356812 17.98 0.026
0.9130017501984184 17.993 0.028
0.9135272966732373 17.99 0.031
0.9153049218430169 18.038 0.042
0.9156910848250845 17.962 0.024
0.9162733003063295 17.993 0.022
0.9175973318642718 17.954 0.023
0.9178577515654069 17.957 0.04
0.9203797673903864 17.963 0.031
0.921477210915782 17.957 0.028
0.9225532380960431 17.958 0.022
0.9234124155123027 17.997 0.033
0.9235787120655914 17.963 0.033
0.9259062956016351 17.972 0.034
0.9282360807205805 17.984 0.024
0.9324674224994851 17.964 0.028
0.9332343520136419 17.981 0.037
0.935325643845772 17.953 0.025
0.9409309501052121 17.957 0.024
0.9430367173467857 17.969 0.032
0.9433579931023814 17.984 0.019
0.9464358670752517 17.943 0.03
0.9472185749268647 17.979 0.026
0.9474311808230595 17.972 0.023
0.9501372414160869 17.933 0.027
0.951287986510124 17.969 0.02
0.9521970000046167 17.963 0.021
0.954390148780476 17.966 0.03
0.9605730725629655 18.012 0.023
0.9608496102114259 17.919 0.031
0.960990618442338 17.959 0.032
0.9644830817669572 17.984 0.021
0.9646524696045162 17.986 0.028
0.9650510657102132 18.032 0.028
0.9651798379254615 17.959 0.026
0.9671037095858992 18.029 0.034
0.9690769418498348 17.982 0.02
0.9740973277157536 17.999 0.024
0.9749225821497021 18.015 0.018
0.9750752462323362 17.958 0.023
0.9760813015914209 17.97 0.033
0.9765014632816928 17.966 0.025
0.9799299224468996 17.927 0.019
0.9811289724075323 18.011 0.027
0.9820879144003811 17.946 0.031
0.9826192737668862 17.957 0.023
0.9853196417443542 17.993 0.046
0.9861234263316874 17.959 0.024
0.9875166190527125 17.923 0.022
0.9905880888072716 17.986 0.024
0.9921649476664243 17.956 0.028
0.9969741062900539 17.953 0.024
0.9973137349620629 17.976 0.024
0.9986051118698924 17.929 0.035
