0.00507274885330844 17.333 0.018
0.00944665717861426 17.363 0.021
0.009775178710697219 17.285 0.018
0.012096661298528488 17.309 0.022
0.01884604738734197 17.299 0.019
0.019151921661887172 17.333 0.016
0.020284786294268997 17.304 0.015
0.022400551115424605 17.322 0.02
0.024139275119523518 17.345 0.013
0.02547578253870597 17.326 0.017
0.02653143981933681 17.337 0.016
0.029179750549701566 17.309 0.016
0.029441541664709803 17.34 0.022
0.029741642139015312 17.334 0.016
0.032681833919014025 17.312 0.02
0.03549634888486253 17.251 0.016
0.03569979101575882 17.352 0.017
0.037063119365484454 17.283 0.018
0.04001708239502477 17.358 0.019
0.04190936146915192 17.28 0.019
0.04469878754389356 17.331 0.015
0.04502584963665868 17.315 0.017
0.0467677019569237 17.33 0.015
0.05230477188979421 17.298 0.019
0.05318235331742471 17.295 0.016
0.05492119509472104 17.332 0.012
0.055056346125184064 17.319 0.016
0.05622485171807057 17.361 0.014
0.06044032489626261 17.338 0.017
0.06408538994855917 17.343 0.017
0.06529110812516592 17.337 0.018
0.07210900409700116 17.357 0.019
0.07317532163961005 17.423 0.018
0.07338684171099885 17.322 0.015
0.07450788055757585 17.342 0.013
0.07727735308526462 17.336 0.017
0.07789373602099658 17.305 0.016
0.08063176976247632 17.326 0.023
0.08066706937825074 17.341 0.015
0.08118932168099491 17.33 0.017
0.08283323475643556 17.326 0.016
0.08544632180382905 17.321 0.021
0.08637901650308777 17.339 0.017
0.0864540342959117 17.319 0.016
0.08714363743365539 17.341 0.017
0.0934685231441108 17.401 0.02
0.0938818812255704 17.331 0.015
0.09474030956971546 17.334 0.019
0.09843340867973893 17.323 0.014
0.10020864046055067 17.339 0.017
0.10041072975036514 17.353 0.017
0.10161397778938408 17.317 0.016
0.10306381555619737 17.359 0.018
0.10508359833784198 17.348 0.019
0.10765828675630473 17.343 0.015
0.1080342022946752 17.32 0.015
0.10819659552362282 17.365 0.016
0.10866374094166531 17.349 0.015
0.10919033611025952 17.358 0.021
0.11170415797732858 17.375 0.019
0.11252089417439493 17.362 0.022
0.11268159401424782 17.325 0.014
0.11396299055786585 17.343 0.021
0.11561167950640083 17.388 0.02
0.11691017228167766 17.349 0.015
0.11741726982745604 17.316 0.02
0.11855264723726577 17.36 0.019
0.11931027902164715 17.335 0.017
0.1221428068588466 17.433 0.02
0.12303358663666586 17.364 0.015
0.12802659931367089 17.364 0.019
0.13100670058156538 17.365 0.017
0.1319929084238538 17.393 0.018
0.13448910539591452 17.42 0.014
0.13881091977327742 17.392 0.014
0.13922560139508278 17.339 0.015
0.14164436185637896 17.382 0.021
0.14176971784536363 17.338 0.018
0.14220673069030454 17.365 0.017
0.1451619445210781 17.336 0.018
0.14606471049592074 17.433 0.017
0.15153893056412926 17.379 0.018
0.1515971934713889 17.394 0.018
0.1550705783961348 17.391 0.023
0.1559799431479405 17.438 0.023
0.15946800718120357 17.465 0.018
0.1606219876907744 17.369 0.019
0.16304296541511576 17.432 0.015
0.16467682977645381 17.449 0.024
0.16572522770820797 17.459 0.023
0.16745687569073198 17.437 0.018
0.1676162021676646 17.4 0.016
0.16923657984898455 17.483 0.016
0.16940947133207374 17.423 0.02
0.17273631165153347 17.461 0.016
0.17581807549686346 17.463 0.019
0.17766035373006162 17.431 0.017
0.1790126852611138 17.449 0.023
0.18287815038229382 17.454 0.018
0.18345814491112833 17.437 0.02
0.1848965914969085 17.516 0.02
0.18642121390575994 17.441 0.018
0.1868374735395264 17.535 0.018
0.18869514047901248 17.46 0.016
0.18991403169547993 17.527 0.018
0.19397031190146663 17.532 0.019
0.19614248503057752 17.553 0.015
0.19760982912066538 17.469 0.018
0.19820144319055544 17.484 0.017
0.19846086141933483 17.504 0.014
0.19983588204831904 17.484 0.024
0.20110433710669895 17.534 0.021
0.2020799707624974 17.484 0.018
0.2022843871063742 17.427 0.02
0.204714220317328 17.524 0.022
0.20845624561206932 17.53 0.02
0.21196510948857394 17.442 0.019
0.2130171137796424 17.553 0.014
0.21413685120387527 17.457 0.023
0.21485786382436345 17.529 0.02
0.2168660081406415 17.572 0.023
0.2169718206764628 17.471 0.018
0.21868687258847785 17.508 0.019
0.21998591614556062 17.539 0.019
0.22052504829298414 17.535 0.016
0.2205378981134345 17.516 0.017
0.22486537490385672 17.553 0.02
0.22811991565322387 17.551 0.022
0.22934204737157415 17.521 0.02
0.23064716263706941 17.578 0.017
0.23363596057606628 17.586 0.02
0.23867604803126596 17.569 0.025
0.24156764083545568 17.524 0.02
0.2416645544471976 17.47 0.02
0.2432828973951473 17.465 0.018
0.24501038903508743 17.486 0.018
0.24658923737661098 17.432 0.024
0.25 17.59 0.027
0.25075648917754734 17.536 0.021
0.2519982576104667 17.466 0.015
0.25211669719283236 17.477 0.016
0.25284800661211193 17.541 0.023
0.2533025756047209 17.491 0.02
0.2540855941897462 17.453 0.016
0.2546115279865262 17.466 0.025
0.2565388268949391 17.51 0.022
0.2565971577505479 17.485 0.018
0.2570481819479937 17.518 0.02
0.259865961928881 17.526 0.018
0.2603569193288422 17.544 0.024
0.2649881740962883 17.415 0.015
0.26719274209608557 17.462 0.02
0.2676428781569484 17.51 0.021
0.2681289032634595 17.455 0.018
0.269342174706253 17.481 0.018
0.26984084817877374 17.483 0.016
0.27420985191474756 17.49 0.02
0.2772076271039623 17.395 0.018
0.2778562468929522 17.422 0.019
0.2792908326500765 17.388 0.02
0.2815634119688184 17.421 0.023
0.2846775445768799 17.419 0.017
0.2868353831345303 17.378 0.02
0.28726544947221555 17.48 0.015
0.2879111495840334 17.446 0.017
0.2893547741555267 17.429 0.018
0.29087606998564297 17.384 0.017
0.29176387627194345 17.423 0.017
0.2928931132255457 17.394 0.016
0.29305064131131076 17.387 0.024
0.29699881977649056 17.431 0.02
0.30089220978607045 17.389 0.02
0.3014256771248256 17.348 0.015
0.30335769968860404 17.38 0.017
0.30440043440921727 17.367 0.012
0.30517635565320234 17.386 0.019
0.30666965465479734 17.396 0.02
0.3067483507484212 17.349 0.017
0.30724844022370235 17.419 0.02
0.30886940813343244 17.434 0.022
0.3096701661934276 17.367 0.019
0.30971411345399247 17.438 0.023
0.3097701654833145 17.361 0.021
0.31469984865543665 17.376 0.018
0.31586142906053283 17.408 0.02
0.3181294016985703 17.308 0.017
0.31912870824316997 17.381 0.017
0.3210096443644943 17.361 0.019
0.32944060884665305 17.355 0.021
0.33111196238132834 17.372 0.023
0.33412121801939065 17.369 0.022
0.33544567368699063 17.343 0.014
0.3359698240274156 17.366 0.017
0.33959489129711073 17.39 0.02
0.34068470079546387 17.348 0.017
0.3425670742399234 17.341 0.024
0.3435871339975165 17.349 0.021
0.3440703294945706 17.345 0.014
0.348209253497771 17.322 0.02
0.3482154848193204 17.339 0.022
0.34867772564939514 17.36 0.019
0.3488218467459774 17.37 0.016
0.34956731140073316 17.392 0.026
0.3498113630394073 17.341 0.016
0.35289290091895964 17.319 0.017
0.354410241860478 17.352 0.024
0.35527999183796055 17.369 0.016
0.35585962290315365 17.33 0.015
0.3562121184268108 17.357 0.014
0.35666606549420976 17.363 0.019
0.3578366460651523 17.338 0.014
0.3623973514258978 17.351 0.022
0.36275653499433247 17.329 0.019
0.36296026864783926 17.322 0.016
0.3669131052133707 17.339 0.015
0.36749867208800424 17.328 0.018
0.368385406908601 17.355 0.019
0.3688154985575238 17.306 0.019
0.36966013832352473 17.329 0.019
0.37037215556756564 17.325 0.018
0.3712476588229947 17.32 0.021
0.37134836132463533 17.333 0.018
0.3779639452322954 17.304 0.019
0.37824949850710254 17.3 0.023
0.3785277276747365 17.319 0.016
0.3809487701564649 17.351 0.015
0.3830440314459338 17.328 0.02
0.38385469832974195 17.322 0.015
0.38398571753077704 17.341 0.016
0.38495436603079725 17.337 0.023
0.38697214258263557 17.341 0.014
0.388338966702122 17.331 0.017
0.39010561559371126 17.332 0.013
0.390883431680777 17.322 0.015
0.3926210335994256 17.332 0.021
0.39594986282099853 17.359 0.02
0.3970340344194483 17.327 0.015
0.39712905318810954 17.323 0.019
0.39937441801430396 17.331 0.016
0.39996235777471156 17.287 0.019
0.40075952760207656 17.304 0.017
0.4012596178754393 17.33 0.017
0.40257923451008537 17.322 0.02
0.4060069574652516 17.322 0.014
0.40763044214418187 17.358 0.02
0.40764831432625215 17.32 0.017
0.4079164047125232 17.31 0.014
0.40916721275789314 17.337 0.014
0.4092471596518408 17.312 0.02
0.41571144599720355 17.302 0.018
0.42542415315756443 17.31 0.018
0.42618356839830085 17.305 0.017
0.42921656727048685 17.339 0.017
0.43547953708412024 17.329 0.019
0.4359201800025403 17.35 0.022
0.4365635040348934 17.356 0.017
0.4373587150612366 17.335 0.016
0.437768646918812 17.317 0.02
0.44461222839663606 17.34 0.019
0.44545639011903404 17.294 0.014
0.4495407934746254 17.311 0.021
0.4505259487764306 17.33 0.014
0.4544391114004611 17.331 0.016
0.45456332797493815 17.335 0.013
0.4546872466426066 17.333 0.021
0.4548287001389326 17.313 0.015
0.4559182338471146 17.326 0.019
0.45798123616532393 17.296 0.017
0.46065521108357643 17.317 0.02
0.46518436786845996 17.312 0.015
0.465185967996149 17.283 0.02
0.4652024921265365 17.265 0.017
0.4654545577454883 17.295 0.015
0.46759408871730557 17.324 0.017
0.47039200362087286 17.292 0.017
0.4716063971491167 17.314 0.013
0.4732021394702315 17.342 0.015
0.47322159046143497 17.329 0.02
0.47339004901186854 17.31 0.014
0.4746186665224741 17.323 0.018
0.4747187969223887 17.313 0.015
0.4781834598657042 17.327 0.016
0.4799447197401605 17.331 0.018
0.48384301832902565 17.322 0.018
0.4845260850524937 17.311 0.015
0.4846214238468747 17.309 0.018
0.4852779675493366 17.319 0.015
0.4854367725456541 17.389 0.018
0.4862600885935535 17.313 0.016
0.4879151154614192 17.323 0.019
0.48885865375086723 17.324 0.018
0.4892897766203532 17.369 0.015
0.489807397729237 17.295 0.015
0.49038051769184676 17.37 0.02
0.49337810955330497 17.325 0.014
0.49932146314313286 17.348 0.02
0.49947047070327244 17.326 0.018
0.5015627182574462 17.321 0.017
0.5038816627561573 17.293 0.02
0.5043673030804712 17.345 0.015
0.5044438309341785 17.339 0.02
0.5044675251438093 17.298 0.016
0.504862298252192 17.299 0.02
0.5052837643734165 17.393 0.023
0.5055886785703478 17.312 0.016
0.5072639150530449 17.28 0.011
0.5076667930079566 17.306 0.014
0.5077516516748801 17.294 0.019
0.5082006688435285 17.276 0.015
0.5086798012571307 17.319 0.016
0.5089625257187436 17.292 0.017
0.5098125513090963 17.301 0.017
0.514436270139413 17.328 0.02
0.5156211205248837 17.325 0.014
0.516061095686382 17.306 0.017
0.5195149861829123 17.304 0.014
0.5208620677885847 17.317 0.014
0.5217965600791103 17.318 0.015
0.52532298409551 17.32 0.02
0.5254646422381484 17.322 0.02
0.526632982629053 17.31 0.018
0.5272910577123184 17.329 0.014
0.5291223556564546 17.313 0.017
0.5294787996826926 17.316 0.017
0.5301082909008983 17.325 0.018
0.5320467313076733 17.323 0.021
0.5330020692726976 17.321 0.024
0.5333247924922944 17.304 0.029
0.534679431355471 17.32 0.021
0.5363275655308826 17.373 0.021
0.5376696460953099 17.342 0.015
0.5384436005533644 17.332 0.014
0.5389422740263399 17.352 0.017
0.5394948494149503 17.305 0.013
0.5399003555248783 17.329 0.017
0.5399572671867645 17.3 0.015
0.5399960577824459 17.32 0.015
0.541862651351039 17.337 0.012
0.5432145687982484 17.328 0.017
0.5450421023660965 17.311 0.014
0.545874845203798 17.313 0.017
0.5466968590317265 17.304 0.021
0.5490513552222183 17.321 0.018
0.5515367552352473 17.388 0.021
0.5527980607348582 17.347 0.02
0.5530579578044126 17.357 0.015
0.5543954221084277 17.325 0.016
0.5548302160932508 17.279 0.02
0.5556311574810024 17.361 0.022
0.5571170676212205 17.325 0.015
0.5573288578925712 17.308 0.015
0.560048403914152 17.329 0.014
0.5602133714837692 17.371 0.012
0.5610171211628767 17.341 0.019
0.5641355009802282 17.306 0.017
0.5650765976342882 17.327 0.018
0.5656137598039095 17.299 0.02
0.5668024211959164 17.32 0.018
0.5678123738689465 17.346 0.019
0.5698277269111713 17.317 0.018
0.5703239555559776 17.311 0.016
0.571271628868999 17.31 0.018
0.5742568670793844 17.34 0.014
0.5759799084580663 17.337 0.019
0.579283755385859 17.303 0.017
0.5804318032792253 17.321 0.017
0.5806623397352269 17.358 0.019
0.5814122373203645 17.347 0.016
0.5817765333185889 17.333 0.014
0.5822375342891064 17.321 0.016
0.5854021686982378 17.317 0.015
0.5868621886847905 17.342 0.012
0.589475390311236 17.33 0.013
0.591182978228062 17.416 0.017
0.5913018990459022 17.356 0.015
0.5927139923696814 17.312 0.021
0.5943374304179088 17.381 0.019
0.5959921404537454 17.369 0.017
0.5977379649903014 17.33 0.018
0.5991727095633905 17.333 0.02
0.5992519982792146 17.336 0.014
0.599994611206057 17.366 0.02
0.600233115809715 17.38 0.015
0.6012698862173238 17.321 0.017
0.6014408149067094 17.315 0.015
0.603681045186022 17.333 0.014
0.605153346881707 17.339 0.015
0.6062634488780532 17.352 0.011
0.6077273699374928 17.314 0.015
0.608039640736024 17.369 0.018
0.6080587037531586 17.388 0.018
0.6088164461248198 17.329 0.02
0.6092937058128882 17.391 0.021
0.6098373577660823 17.377 0.017
0.6102424284717927 17.389 0.019
0.6103381994780648 17.374 0.013
0.6110232574974361 17.398 0.02
0.6137380971913444 17.347 0.023
0.614583510513512 17.365 0.013
0.6151760593493236 17.368 0.015
0.6170545719633083 17.36 0.018
0.6172047948693944 17.359 0.019
0.6186885335755505 17.351 0.016
0.6193028138277441 17.336 0.021
0.6200211833584035 17.36 0.016
0.6213041981573042 17.338 0.018
0.6215408971870602 17.33 0.016
0.6220885434750016 17.372 0.011
0.6221068297427337 17.344 0.016
0.624114352133347 17.346 0.019
0.6259084881148738 17.41 0.014
0.6261076079031227 17.333 0.016
0.6277447871007098 17.339 0.015
0.6286986443074056 17.386 0.015
0.6306575392191007 17.348 0.017
0.6314907427722574 17.395 0.016
0.6318678696652569 17.409 0.021
0.6319055349831615 17.383 0.02
0.6323286881070089 17.377 0.014
0.6327574554165949 17.331 0.022
0.6343634740151174 17.413 0.016
0.635435083323955 17.375 0.017
0.6356491137762532 17.353 0.014
0.6357622821142286 17.331 0.017
0.6367042202746234 17.356 0.023
0.6371305941765968 17.404 0.016
0.6380537648346944 17.345 0.016
0.6409301530593439 17.399 0.015
0.6437511719432223 17.357 0.016
0.6446878143469803 17.367 0.015
0.6483680857536456 17.382 0.019
0.6513902197157222 17.428 0.016
0.6517149515602796 17.402 0.021
0.6521151112929147 17.359 0.021
0.6536974324881157 17.445 0.016
0.6542412384678755 17.393 0.016
0.6554721348065868 17.388 0.019
0.6558117741228671 17.353 0.023
0.6578556241556726 17.435 0.017
0.6583112819412236 17.356 0.017
0.6587628348024737 17.341 0.016
0.6601208532592864 17.395 0.019
0.6608132820156243 17.461 0.017
0.6618131638560953 17.49 0.015
0.6633045466933254 17.356 0.018
0.6639645845707491 17.466 0.015
0.6647810473718891 17.379 0.021
0.6680602234828257 17.478 0.019
0.6699325703293653 17.417 0.015
0.6707689227205265 17.474 0.021
0.671889023607946 17.392 0.022
0.6728852524583999 17.396 0.02
0.6776347421609898 17.494 0.02
0.680790517092646 17.435 0.02
0.6818488886046907 17.46 0.025
0.684415951018309 17.428 0.017
0.6846229267703166 17.449 0.015
0.6846824665872191 17.434 0.019
0.6849497154680648 17.49 0.015
0.6853043792298195 17.563 0.022
0.6869054354333457 17.4 0.021
0.6870491504291749 17.469 0.019
0.6874276736025422 17.545 0.023
0.6877417451851215 17.522 0.014
0.6896042977887191 17.55 0.023
0.6896834719245817 17.448 0.032
0.6900774224523047 17.48 0.02
0.6930056344208424 17.512 0.018
0.6952719824175801 17.543 0.016
0.6976582318302462 17.561 0.02
0.6987466245282121 17.531 0.016
0.7009510092002529 17.534 0.016
0.701226085539929 17.476 0.024
0.7013932245417891 17.538 0.016
0.701649651151456 17.526 0.02
0.7020981223267881 17.52 0.02
0.7024653158841829 17.519 0.021
0.7028118724056185 17.482 0.02
0.7052767720806514 17.489 0.022
0.7054681576701114 17.537 0.021
0.7060963442736465 17.547 0.017
0.7068129990957459 17.528 0.028
0.7068329968788021 17.568 0.02
0.7101714788568643 17.526 0.016
0.7104021986406224 17.517 0.018
0.7106931662428906 17.505 0.018
0.7117107662388662 17.53 0.02
0.7122316270524607 17.502 0.016
0.7127931298682597 17.495 0.02
0.7130113371858897 17.507 0.027
0.7144659002042317 17.549 0.019
0.7168038200461524 17.517 0.02
0.7210573046759237 17.509 0.018
0.7212805098424724 17.509 0.016
0.722327286325708 17.547 0.015
0.7225972928754345 17.535 0.017
0.7246623954824827 17.541 0.015
0.7270147194421952 17.551 0.018
0.7278368020188282 17.523 0.016
0.7284457209589164 17.526 0.016
0.7287841481211217 17.462 0.02
0.7289677718072198 17.552 0.02
0.7302779544675104 17.488 0.026
0.7329275738047727 17.526 0.02
0.73539477761733 17.416 0.015
0.7354055311407137 17.473 0.027
0.7378269623959568 17.468 0.02
0.741012280470386 17.5 0.016
0.7415694404230635 17.495 0.022
0.7430224057070518 17.532 0.02
0.7440857071187565 17.515 0.027
0.7485508010877311 17.481 0.018
0.7508733125005165 17.48 0.023
0.7532605907381367 17.456 0.02
0.7574872022214549 17.505 0.019
0.7591117543724977 17.509 0.016
0.7592806515212942 17.43 0.017
0.7606252882997069 17.443 0.018
0.7608442470545924 17.487 0.017
0.7629521535177446 17.493 0.02
0.7641938286906225 17.452 0.021
0.767596944788238 17.457 0.017
0.768258191624227 17.406 0.021
0.7695410230949165 17.562 0.019
0.7697831798905099 17.458 0.019
0.7701756062224376 17.444 0.02
0.7713378053585984 17.48 0.022
0.7713446111756639 17.422 0.017
0.773385969751871 17.412 0.02
0.7750348561635292 17.471 0.026
0.7794763713027351 17.374 0.018
0.7797279548867664 17.456 0.018
0.7830834936503379 17.41 0.015
0.7855312717829293 17.372 0.017
0.7882416604179525 17.391 0.02
0.7882524107481004 17.445 0.015
0.7890993088203686 17.454 0.018
0.7929257818905171 17.456 0.022
0.7950681392785555 17.416 0.024
0.7955412426231305 17.387 0.014
0.7956898685933993 17.382 0.014
0.8008075340476353 17.321 0.019
0.8034787686237905 17.358 0.018
0.8084726267989026 17.339 0.019
0.8086872711937758 17.453 0.027
0.8095645325952319 17.363 0.02
0.8105828184743586 17.354 0.016
0.8126432613862562 17.339 0.018
0.8129751158821819 17.389 0.02
0.8157892207545956 17.372 0.024
0.8160403270949246 17.364 0.021
0.8193873730378982 17.366 0.015
0.8197881768110165 17.338 0.018
0.8207821401711044 17.398 0.02
0.8209373609256545 17.376 0.018
0.8222504009017939 17.364 0.018
0.8224000517066088 17.409 0.02
0.8244215246841122 17.322 0.016
0.8250006302778274 17.362 0.02
0.8257037880443931 17.337 0.016
0.8261503643770993 17.348 0.013
0.8285039250022237 17.328 0.016
0.8301182949344366 17.332 0.019
0.830850608665969 17.357 0.018
0.8313549445520039 17.29 0.018
0.831381837421759 17.376 0.021
0.8334264364984847 17.3 0.02
0.8334724168971661 17.304 0.018
0.8338925530915731 17.401 0.021
0.8347759115131339 17.344 0.019
0.8348016436484613 17.36 0.022
0.8355514447812311 17.332 0.017
0.837495433021104 17.336 0.019
0.8401901848637863 17.36 0.028
0.8434379632321907 17.375 0.019
0.845927796176511 17.327 0.014
0.8471104964501137 17.35 0.019
0.8477094639265488 17.323 0.017
0.8497552048120269 17.352 0.02
0.8546996113291243 17.328 0.02
0.856532785991476 17.339 0.018
0.8567713798647674 17.376 0.018
0.8568368554906556 17.35 0.02
0.8571119784601251 17.344 0.018
0.858559576045991 17.322 0.016
0.8603680252790582 17.342 0.02
0.8617637098504929 17.338 0.017
0.8643255657771078 17.3 0.018
0.8666530054924806 17.326 0.012
0.8675848554921686 17.342 0.018
0.8678911145493657 17.357 0.017
0.8683082409988856 17.321 0.015
0.8692621661548401 17.338 0.02
0.8724876418041276 17.333 0.015
0.8754678576524384 17.324 0.014
0.8761230098643864 17.342 0.019
0.8774053206534518 17.323 0.016
0.8775098096484726 17.304 0.015
0.8777382719244997 17.318 0.02
0.8799384093863409 17.33 0.018
0.8806844208311304 17.324 0.021
0.8807551061381673 17.328 0.016
0.8816605160000108 17.324 0.016
0.8841614406192093 17.286 0.014
0.886518327023623 17.303 0.016
0.8877520348460166 17.395 0.024
0.8894616977413534 17.305 0.014
0.8912622688931151 17.348 0.017
0.8936165777640781 17.308 0.018
0.894708670082764 17.326 0.014
0.8959811154841191 17.295 0.016
0.8959944252214882 17.334 0.016
0.8965103601267401 17.319 0.013
0.8966800308312486 17.335 0.017
0.8968756841513823 17.35 0.017
0.8989631139902485 17.378 0.016
0.8990406919901943 17.336 0.015
0.899528996722438 17.306 0.019
0.8997002699488803 17.33 0.019
0.8998533437843435 17.329 0.013
0.9027749545830375 17.33 0.016
0.9030385472797207 17.353 0.019
0.9036571450856172 17.317 0.017
0.9036870548843581 17.301 0.017
0.9041001584951118 17.349 0.024
0.9046485594153637 17.325 0.019
0.9047666821643361 17.346 0.02
0.9049438381839536 17.338 0.018
0.9056554919648079 17.281 0.019
0.9058389789524881 17.296 0.016
0.9060936007863347 17.312 0.02
0.9070785514404633 17.305 0.017
0.90774164170125 17.271 0.032
0.9078976384075759 17.357 0.027
0.9135573770049632 17.327 0.02
0.9145544505554426 17.331 0.026
0.9150046798768017 17.309 0.012
0.9173826901414941 17.315 0.019
0.9180196445577167 17.335 0.018
0.9181228795596326 17.334 0.014
0.9199715756340083 17.315 0.017
0.9205722325095849 17.33 0.019
0.9208399775588987 17.313 0.014
0.9231963685924711 17.288 0.012
0.9253594088486352 17.305 0.017
0.9257919208121166 17.322 0.019
0.9261701697914759 17.311 0.022
0.9279832715360499 17.302 0.018
0.9282390154558016 17.316 0.015
0.9284598690546773 17.323 0.015
0.9287225949360618 17.303 0.022
0.9287625968872817 17.302 0.017
0.9322595425164764 17.315 0.017
0.9324122963253103 17.319 0.02
0.9341027160689919 17.314 0.02
0.9357232019456205 17.304 0.019
0.9359006345534908 17.313 0.013
0.9362208505835952 17.313 0.016
0.9369002216781155 17.324 0.015
0.9372882830275557 17.303 0.017
0.9373225538174665 17.287 0.013
0.9389420804141082 17.358 0.021
0.9402714217467292 17.345 0.017
0.9426841981712641 17.307 0.021
0.9436885998184152 17.331 0.017
0.9453202303848229 17.271 0.021
0.9469479796007363 17.308 0.018
0.9491496026116693 17.317 0.017
0.9491652639162567 17.308 0.015
0.9514874987398798 17.306 0.02
0.9518044031256068 17.31 0.014
0.9519509011015543 17.303 0.025
0.9526713202999417 17.328 0.02
0.9552554821379999 17.31 0.019
0.9580982641364244 17.319 0.013
0.9588273808039958 17.321 0.018
0.9621467784468223 17.322 0.02
0.9632719056871792 17.305 0.016
0.9641781602481387 17.275 0.019
0.9657446605260702 17.29 0.026
0.9672509532301774 17.363 0.02
0.9706449159348267 17.321 0.018
0.9706912352830841 17.291 0.018
0.9708546999754617 17.314 0.014
0.9709441677186987 17.309 0.016
0.97247016588517 17.334 0.014
0.9735423694128258 17.314 0.018
0.9784251366227181 17.296 0.017
0.9790093120072925 17.347 0.02
0.9796590498908699 17.307 0.016
0.9802825799897619 17.321 0.016
0.9809776376996524 17.328 0.019
0.9812237888299933 17.322 0.014
0.9823793939794996 17.301 0.016
0.9837438230952102 17.307 0.015
0.9856621511398771 17.314 0.016
0.9863020947796031 17.333 0.016
0.9871413423347803 17.254 0.019
0.9873478645549767 17.293 0.019
0.9883202814244214 17.318 0.017
0.9914837503110903 17.336 0.015
0.9936858521627983 17.312 0.018
0.998651291673923 17.305 0.018
0.9989939644501646 17.304 0.019
