0.00014782027437831857 17.229 0.025
0.002089407332277915 17.259 0.013
0.0024174996101464785 17.244 0.013
0.002852010818742201 17.255 0.016
0.003369898999835641 17.267 0.018
0.0036101354776292283 17.271 0.018
0.00379060031445988 17.265 0.016
0.004725951665022876 17.248 0.019
0.007921946949409175 17.242 0.018
0.008443446687124379 17.269 0.016
0.01014677845296319 17.262 0.018
0.011769917583023926 17.282 0.016
0.01307693599801496 17.246 0.015
0.014186543985033495 17.269 0.015
0.014504567948279146 17.29 0.021
0.017737551238042215 17.288 0.02
0.021878604074117902 17.267 0.015
0.025067093602046953 17.274 0.014
0.025548299017600584 17.271 0.014
0.025763439391539578 17.269 0.014
0.026079482168825052 17.266 0.015
0.028172360310009026 17.249 0.021
0.02818998148791252 17.285 0.02
0.0285834641913425 17.249 0.014
0.030780880612383044 17.266 0.014
0.0322141882206779 17.262 0.02
0.03299174155858964 17.267 0.02
0.03395599225382284 17.248 0.013
0.034122785262752586 17.285 0.014
0.03432437406581812 17.283 0.016
0.03706474872888066 17.266 0.018
0.03725684733490198 17.251 0.019
0.03874261576720528 17.262 0.016
0.040210835981270066 17.273 0.018
0.040255196654925385 17.286 0.017
0.040468743999554135 17.264 0.016
0.042681876817596276 17.283 0.019
0.04640955217746523 17.28 0.016
0.04949919191449226 17.273 0.017
0.0506744810136297 17.266 0.022
0.05238501636085857 17.254 0.013
0.05259664915865869 17.244 0.013
0.05303674008791859 17.287 0.016
0.05544952916352486 17.252 0.017
0.05721634485212235 17.251 0.021
0.05990269974699913 17.278 0.015
0.060092671057873304 17.264 0.018
0.06043590640365437 17.254 0.015
0.061105150584353396 17.3 0.018
0.06295523447670348 17.249 0.018
0.06347537346528043 17.247 0.018
0.0638612140692203 17.267 0.02
0.06726489586571915 17.283 0.017
0.06782947672172668 17.268 0.013
0.06822530119166004 17.27 0.018
0.0724103167794965 17.277 0.019
0.07362282137751208 17.238 0.014
0.07430738403331816 17.253 0.019
0.07631107952056482 17.274 0.015
0.07672809134055569 17.268 0.015
0.07693713879302777 17.297 0.02
0.07722256740680677 17.274 0.014
0.07752924828719188 17.265 0.029
0.07867522403375915 17.228 0.022
0.0796799607351204 17.278 0.015
0.08025790645569941 17.271 0.014
0.08270938380201187 17.271 0.013
0.08422230573842171 17.314 0.022
0.08530603326744313 17.247 0.018
0.08657491720828148 17.284 0.017
0.0917552572382192 17.253 0.013
0.09201894642728803 17.276 0.021
0.09254284480471142 17.3 0.026
0.09258525512314009 17.261 0.018
0.0980490540705432 17.251 0.017
0.09977887026434473 17.316 0.019
0.10154206463039372 17.277 0.019
0.10311304338847549 17.276 0.014
0.10492424081576246 17.264 0.027
0.105762478449833 17.269 0.019
0.10759135392754615 17.275 0.018
0.10813641035747423 17.248 0.015
0.10876280895581658 17.255 0.015
0.10902508052254234 17.283 0.019
0.11015540325570328 17.261 0.017
0.1129736628736282 17.295 0.021
0.11410035777339544 17.271 0.015
0.11685839746633064 17.275 0.013
0.11824496203780654 17.305 0.018
0.11958708646488958 17.226 0.017
0.12058794849872356 17.262 0.018
0.12228307938949001 17.268 0.019
0.12511099159110017 17.283 0.016
0.12518280468884768 17.265 0.015
0.12710859741173408 17.286 0.016
0.12742261189623605 17.26 0.016
0.12808251371188817 17.344 0.023
0.1287438120848492 17.208 0.016
0.12875151431262566 17.244 0.014
0.12938767598552658 17.245 0.014
0.13010935667011836 17.284 0.022
0.13054349102139895 17.296 0.013
0.13109030612213246 17.279 0.013
0.1317383744410563 17.275 0.018
0.13202136554173194 17.281 0.022
0.1336487301541638 17.238 0.015
0.13466307558746848 17.273 0.018
0.1382376232554634 17.262 0.018
0.13902696949298843 17.285 0.011
0.13971550754149575 17.251 0.018
0.1401322058882215 17.278 0.016
0.1403539117886794 17.255 0.021
0.14036517693330097 17.292 0.02
0.1413776987787969 17.252 0.017
0.14360239872712555 17.29 0.018
0.14433711452647913 17.269 0.017
0.14434887008474107 17.276 0.021
0.1449989779948737 17.251 0.018
0.1481116887985081 17.266 0.018
0.1486276120704133 17.304 0.019
0.15148247326123965 17.286 0.018
0.15215723550181792 17.282 0.018
0.1521688920579436 17.268 0.021
0.1528380988970639 17.267 0.017
0.15317573824495412 17.269 0.016
0.15329986759024905 17.267 0.013
0.15330942595937813 17.256 0.015
0.15349576618132232 17.274 0.019
0.15396286776103807 17.267 0.017
0.15469233837757201 17.298 0.015
0.15819909544779875 17.289 0.015
0.15835803188565478 17.256 0.014
0.16206647197327584 17.243 0.018
0.16263058673530395 17.271 0.018
0.1638547364002534 17.262 0.017
0.1659976198525328 17.29 0.018
0.1676812387636346 17.286 0.014
0.16792357668396107 17.259 0.018
0.16864915310065953 17.274 0.015
0.1717737623166613 17.273 0.013
0.17181436685723384 17.217 0.02
0.17316439649516724 17.288 0.019
0.17386643575173366 17.245 0.02
0.17434940960492895 17.25 0.017
0.1744851012917934 17.25 0.012
0.17480682949349102 17.261 0.019
0.18026885828021477 17.275 0.015
0.18047601225089238 17.273 0.022
0.1809065042148177 17.254 0.017
0.18399835895070282 17.272 0.015
0.18439416561159305 17.272 0.018
0.18641509258827682 17.267 0.02
0.18693694314083587 17.316 0.018
0.18701230766646404 17.263 0.014
0.18771661075243173 17.28 0.019
0.1879608827514403 17.272 0.016
0.18828673724283362 17.246 0.012
0.18863377908473922 17.279 0.017
0.18873059732732145 17.303 0.016
0.18948717931903047 17.287 0.014
0.19115915143993334 17.299 0.013
0.1925263263965462 17.282 0.013
0.19283657344908534 17.293 0.016
0.19346685648133644 17.315 0.019
0.19464627684828884 17.31 0.018
0.19725501813286428 17.316 0.024
0.19749931770707008 17.324 0.016
0.19768591931756418 17.323 0.023
0.19859494690308566 17.313 0.017
0.19961156593080887 17.359 0.024
0.20226079475401093 17.339 0.016
0.20396571782657702 17.394 0.02
0.20546882651706255 17.391 0.022
0.2063841289427728 17.402 0.016
0.20678191353385955 17.406 0.018
0.2105403346129151 17.44 0.025
0.21140383399188067 17.452 0.026
0.21199333056574687 17.416 0.021
0.21256550488124049 17.438 0.019
0.213259794802525 17.484 0.017
0.2148928122860525 17.473 0.015
0.2183897689405967 17.541 0.032
0.21901231240372 17.495 0.032
0.21932086570132014 17.544 0.021
0.2218186508216604 17.54 0.022
0.22357575379874106 17.589 0.024
0.22456900130782742 17.576 0.02
0.22678005547049906 17.681 0.018
0.22683222714067597 17.585 0.02
0.22702643197726502 17.595 0.025
0.22758299713086672 17.631 0.027
0.22842282779492962 17.616 0.022
0.22973410903341573 17.675 0.019
0.23031569714112266 17.689 0.022
0.2320228256367045 17.748 0.023
0.2327496735663317 17.714 0.027
0.23277703828671292 17.769 0.024
0.2340437330815348 17.711 0.024
0.23653784651651222 17.772 0.025
0.23942348751279496 17.808 0.023
0.2395651503316003 17.852 0.024
0.24206108907674206 17.89 0.043
0.24430336309615086 17.842 0.027
0.24677450293438596 17.904 0.026
0.25 17.939 0.028
0.2509038505747867 17.895 0.027
0.25420683141805966 17.831 0.024
0.2542456885857973 17.922 0.022
0.25557214046784793 17.922 0.02
0.25576220101493163 17.914 0.025
0.2590361867669344 17.813 0.022
0.2611347761842353 17.8 0.029
0.26151260108645147 17.727 0.028
0.26191588420579137 17.804 0.026
0.26283379304095433 17.775 0.023
0.26361728993629185 17.786 0.023
0.26384417457029485 17.726 0.024
0.2638851379683729 17.793 0.018
0.2646198424695285 17.722 0.022
0.2692651815532372 17.624 0.017
0.2715846957710255 17.622 0.026
0.27203672743235074 17.584 0.026
0.27216457557005924 17.549 0.029
0.2744298637819611 17.583 0.022
0.27693014328860954 17.511 0.019
0.27979075309713153 17.521 0.017
0.2803358192925316 17.51 0.022
0.2805723840851897 17.543 0.016
0.2840714389271852 17.398 0.02
0.2864860743773079 17.428 0.019
0.288078237230593 17.432 0.019
0.29161403975444955 17.417 0.031
0.29292900397649646 17.395 0.02
0.2931287529156634 17.376 0.019
0.2945892984762395 17.378 0.018
0.29595841727768857 17.369 0.014
0.2971299291784817 17.336 0.018
0.29790598848921945 17.321 0.014
0.29912764223513477 17.303 0.018
0.30162976811675435 17.304 0.018
0.30295022933432847 17.308 0.017
0.3065988050991564 17.317 0.021
0.30746963808269356 17.326 0.016
0.30811360921916275 17.32 0.016
0.30963206549245115 17.293 0.018
0.31221154359673164 17.263 0.017
0.31359273468524407 17.275 0.017
0.3169011280756422 17.264 0.018
0.31752202967845733 17.243 0.016
0.31822796964570443 17.27 0.019
0.3189863606708059 17.293 0.016
0.3201132585531923 17.284 0.014
0.32011902670319614 17.264 0.014
0.32133126818916935 17.262 0.02
0.3236604707992683 17.239 0.015
0.32387367709475257 17.279 0.017
0.32430839607377493 17.279 0.018
0.32563470510126535 17.289 0.017
0.32638536134527385 17.28 0.02
0.3263855465186225 17.279 0.018
0.32801867276975827 17.251 0.017
0.328365909551394 17.273 0.016
0.3313992072860401 17.269 0.016
0.33201949668591624 17.288 0.021
0.33491573872902336 17.287 0.016
0.33516782823517133 17.273 0.017
0.3357146027392446 17.278 0.017
0.3367870553561261 17.258 0.016
0.3376773624031557 17.284 0.014
0.3382088103885508 17.283 0.018
0.3407843829943431 17.258 0.017
0.3420448711208337 17.293 0.015
0.34250290321278953 17.297 0.016
0.3426328315381397 17.307 0.017
0.3429878484848814 17.264 0.015
0.34613732650245765 17.249 0.012
0.346248149387975 17.288 0.014
0.3499312497929168 17.272 0.019
0.35571486067237856 17.294 0.018
0.3577514178753063 17.281 0.021
0.3586898189423664 17.263 0.017
0.35913044260473725 17.262 0.017
0.36005746975843067 17.269 0.013
0.3605983786433171 17.27 0.018
0.36450278549364157 17.287 0.018
0.37041444098235843 17.264 0.018
0.37225309408859175 17.257 0.016
0.372699303982472 17.277 0.018
0.37307937145897085 17.259 0.014
0.37308891852944726 17.253 0.014
0.37334513604810127 17.301 0.013
0.37644428704652455 17.282 0.018
0.3786341360503229 17.272 0.016
0.3794541175161612 17.286 0.014
0.3801156902986804 17.275 0.019
0.38257903043950137 17.219 0.015
0.3837232555583796 17.267 0.015
0.38531562464913804 17.284 0.018
0.3854784066470529 17.248 0.018
0.3859984188679846 17.259 0.011
0.38921794958923783 17.238 0.018
0.38958477896767363 17.263 0.017
0.38991233698016003 17.275 0.015
0.3919138272344753 17.25 0.014
0.394053271282246 17.268 0.013
0.39411522555883494 17.242 0.018
0.3993266588674942 17.3 0.02
0.4001451934132092 17.269 0.016
0.40017235515097127 17.207 0.03
0.4011576275547668 17.275 0.016
0.4030640777696135 17.263 0.018
0.4035859754294506 17.255 0.017
0.4040282602932166 17.27 0.014
0.4046427604789642 17.297 0.024
0.40524617571509225 17.278 0.018
0.40543220246354394 17.271 0.018
0.4096274374537643 17.22 0.02
0.40970336228792803 17.269 0.022
0.4127788560601857 17.254 0.018
0.4177831549302482 17.258 0.016
0.41974974541062693 17.256 0.016
0.4207950087147765 17.244 0.019
0.4227114931577489 17.251 0.014
0.4246354216968484 17.262 0.016
0.4248776328495296 17.272 0.016
0.424912824842977 17.271 0.016
0.4262063906894582 17.268 0.012
0.4263093083645799 17.252 0.019
0.4267280821109125 17.267 0.014
0.4275774420361813 17.286 0.021
0.4284231854264817 17.258 0.015
0.42888111028264575 17.272 0.012
0.4299031466453016 17.25 0.018
0.4300909418311676 17.271 0.017
0.43046952351323853 17.237 0.017
0.43147805043417975 17.256 0.017
0.43219176252387115 17.256 0.015
0.4342787928544567 17.28 0.016
0.43459880451428035 17.265 0.014
0.43468012561834257 17.269 0.013
0.43539781310118997 17.26 0.018
0.43544586652478756 17.259 0.014
0.43661008541812407 17.23 0.021
0.43936596851790455 17.263 0.018
0.43937754062585554 17.253 0.014
0.4400272799123286 17.243 0.015
0.44031227977347953 17.268 0.015
0.44115801186535464 17.271 0.027
0.44174401216150727 17.277 0.02
0.4418467641953612 17.276 0.019
0.4423510439319216 17.253 0.015
0.4439663753212244 17.263 0.022
0.44516896901222935 17.26 0.016
0.4503434353796365 17.276 0.019
0.4513135436511675 17.27 0.015
0.454298393295403 17.261 0.019
0.4551322658485333 17.263 0.02
0.45547717867202664 17.287 0.021
0.4585379694271978 17.233 0.018
0.4624637470788002 17.256 0.011
0.46359828878371445 17.258 0.019
0.4648199911694064 17.274 0.018
0.4661232469402421 17.257 0.019
0.46822008094159173 17.299 0.022
0.4687277464654471 17.249 0.025
0.469763745342334 17.227 0.023
0.4736000383550163 17.241 0.016
0.47464175501909267 17.243 0.016
0.4746515586896294 17.261 0.017
0.4753128846382424 17.252 0.017
0.479130093276126 17.259 0.018
0.48043688764391845 17.247 0.018
0.48072411073735566 17.266 0.022
0.48106347141560946 17.274 0.018
0.48293292213611494 17.284 0.017
0.4833870665388531 17.25 0.014
0.48354804429118303 17.278 0.018
0.4836118725174856 17.238 0.018
0.4844810069587311 17.248 0.016
0.48467497951423866 17.295 0.015
0.48550708362995465 17.249 0.02
0.48615631948177906 17.255 0.016
0.4863062042409183 17.246 0.016
0.4868021548022625 17.247 0.018
0.48746359124197625 17.282 0.022
0.4885598050655062 17.264 0.017
0.4896088943980885 17.296 0.022
0.49300330200139797 17.289 0.018
0.4935636167779194 17.267 0.015
0.5008660249793593 17.265 0.015
0.5011313347736177 17.245 0.018
0.5020432205817542 17.275 0.017
0.5029721314517701 17.265 0.018
0.5035774889995537 17.248 0.017
0.505249345841321 17.253 0.017
0.5082029463319486 17.253 0.018
0.5107363116014767 17.308 0.018
0.5110658670762405 17.242 0.016
0.5127084429286697 17.245 0.019
0.5147547371634573 17.269 0.025
0.5163758367020819 17.267 0.018
0.5168339938386453 17.249 0.016
0.5183488596198913 17.246 0.02
0.5184884064424296 17.259 0.018
0.5217851497877746 17.266 0.019
0.5280230431358177 17.256 0.017
0.5290706091425363 17.278 0.021
0.5290858772557385 17.276 0.018
0.5297490495786406 17.261 0.018
0.5312795538193313 17.289 0.02
0.5332327388377962 17.34 0.021
0.5333720014850769 17.271 0.017
0.5337852847469549 17.256 0.018
0.5359942196582779 17.263 0.016
0.5391691558920684 17.245 0.017
0.5418071163148852 17.262 0.014
0.5449530379260068 17.228 0.017
0.5449798781469326 17.264 0.018
0.5460757200917215 17.286 0.02
0.5467604759637652 17.24 0.016
0.54696262181983 17.262 0.021
0.5474160776143435 17.275 0.022
0.5481861219404891 17.251 0.022
0.5489328726860094 17.251 0.017
0.5500577016791794 17.29 0.023
0.5512542235128421 17.278 0.017
0.5524102545523419 17.258 0.017
0.555354731936859 17.271 0.016
0.5555446268422202 17.325 0.018
0.5556221983242722 17.233 0.017
0.5575287086676326 17.263 0.014
0.5577943692765075 17.273 0.015
0.5607445807247586 17.277 0.018
0.5612506028564894 17.253 0.012
0.5631417200420401 17.27 0.018
0.5645784232033293 17.258 0.016
0.5675151219543295 17.259 0.013
0.5677499995031212 17.268 0.015
0.5689212109518849 17.26 0.018
0.5720301120040858 17.241 0.016
0.5755798900631817 17.28 0.016
0.575740838517504 17.274 0.018
0.5782970475504499 17.25 0.015
0.5816213894288467 17.249 0.017
0.581982218377334 17.254 0.011
0.5839486416832642 17.261 0.017
0.584578837011577 17.262 0.015
0.5861325323858182 17.264 0.02
0.5861598695307748 17.275 0.017
0.5872711274207632 17.27 0.016
0.5876997437117097 17.253 0.019
0.588118902359156 17.281 0.026
0.5884368012775667 17.258 0.016
0.588677206651937 17.246 0.014
0.5897399254927223 17.269 0.017
0.5901180508471953 17.255 0.016
0.5957780666467443 17.265 0.012
0.5963633735468648 17.247 0.018
0.5969532194026215 17.268 0.018
0.5970888233860023 17.311 0.018
0.5972576088788628 17.274 0.018
0.5990960151511899 17.255 0.017
0.6000099600828435 17.276 0.018
0.6011930213044252 17.262 0.015
0.6013869061566766 17.27 0.014
0.6033129815225493 17.256 0.018
0.6054559396570767 17.301 0.018
0.609074675847296 17.317 0.017
0.6109774949736675 17.258 0.018
0.6114976372175533 17.261 0.018
0.6117904936500054 17.292 0.014
0.613466127690117 17.261 0.017
0.6150488800062703 17.279 0.018
0.6176595764336525 17.242 0.018
0.6193428753608714 17.26 0.013
0.6220310653320666 17.259 0.018
0.6227543991749371 17.257 0.018
0.6228494537681399 17.29 0.016
0.6260901247324 17.252 0.018
0.630157693503179 17.271 0.017
0.6302777256660193 17.258 0.017
0.630952788358627 17.248 0.015
0.6319030993267916 17.256 0.016
0.6325122097530311 17.277 0.018
0.6330374964545626 17.224 0.018
0.6335029190238401 17.276 0.018
0.6342501764595454 17.285 0.017
0.635186771748522 17.279 0.011
0.6362825244568739 17.307 0.019
0.6366664893880625 17.258 0.013
0.6371611782028594 17.263 0.018
0.6378882421363414 17.265 0.019
0.6389358276751409 17.275 0.018
0.638945618324442 17.283 0.014
0.6396418959420771 17.27 0.015
0.6422543510407195 17.274 0.018
0.6423919329545242 17.276 0.016
0.6437805989689878 17.256 0.021
0.6451906601037081 17.29 0.017
0.6462784685375027 17.291 0.014
0.6483872480587252 17.258 0.018
0.6500218407627472 17.262 0.018
0.6577799197571039 17.307 0.02
0.6609337255144965 17.34 0.016
0.6616513869548726 17.338 0.016
0.6618663601548178 17.255 0.018
0.6631948451176868 17.342 0.018
0.663699550351339 17.324 0.02
0.6643822195251232 17.307 0.019
0.6662732099430286 17.402 0.02
0.6673532657864598 17.349 0.02
0.6681080517655573 17.295 0.022
0.6682126160881126 17.297 0.02
0.6690410061996772 17.419 0.026
0.6696847710982183 17.38 0.018
0.6718181157134495 17.326 0.025
0.672144040099738 17.292 0.018
0.6722738629121068 17.277 0.018
0.6741108124974744 17.343 0.015
0.6747043478476371 17.299 0.016
0.6748129767988758 17.432 0.017
0.6751601762393875 17.296 0.014
0.6768379879367785 17.432 0.015
0.6770176488871584 17.497 0.018
0.680102017397985 17.402 0.016
0.6814321036240472 17.465 0.022
0.6824623895013247 17.455 0.018
0.6852902139989965 17.527 0.023
0.6904158669076423 17.624 0.02
0.6917234017789724 17.509 0.021
0.6931429433452649 17.626 0.021
0.6931818769180609 17.494 0.02
0.6947783236596479 17.495 0.015
0.6949080409590351 17.469 0.018
0.6962173896513377 17.653 0.02
0.6965956433059546 17.571 0.016
0.6976564784308721 17.538 0.026
0.6976622157501424 17.503 0.019
0.7049664507940179 17.799 0.021
0.7056647794920536 17.538 0.021
0.7059497517786895 17.649 0.02
0.7076643161362881 17.605 0.031
0.709328306641055 17.829 0.025
0.7094154284486649 17.789 0.036
0.7104960283231776 17.727 0.023
0.7106024244667424 17.628 0.029
0.710842867182464 17.771 0.023
0.7128447942322964 17.764 0.041
0.7133003660237591 17.854 0.021
0.7154319356909582 17.858 0.025
0.7161147802721644 17.724 0.025
0.7175500593000379 17.681 0.023
0.7195438082626424 17.843 0.019
0.7205015778795314 17.75 0.026
0.7215065305849748 17.745 0.024
0.721983658350382 17.809 0.02
0.7237486893254754 17.757 0.028
0.7248580910745659 17.758 0.023
0.726985820159598 17.836 0.023
0.7271136114241017 17.813 0.019
0.7274011495237573 17.696 0.031
0.7274569134090143 17.852 0.029
0.7282793454096463 17.913 0.033
0.7291384373884284 17.641 0.026
0.7293113217863265 17.868 0.026
0.7298929975977444 17.719 0.023
0.7329419759212215 17.651 0.025
0.7330993566702091 17.528 0.022
0.7341637351801182 17.657 0.029
0.7354266056695451 17.594 0.023
0.7368851782782713 17.834 0.038
0.7396235912874545 17.762 0.028
0.7399434989665679 17.551 0.025
0.7402424224685547 17.855 0.028
0.7407834271002685 17.509 0.017
0.7418985516146677 17.79 0.032
0.7426007727897286 17.76 0.02
0.7436363835106476 17.688 0.025
0.7466404441079248 17.45 0.02
0.74726123866526 17.714 0.032
0.7475873059051992 17.527 0.017
0.7477793265736636 17.612 0.023
0.7486384656594964 17.471 0.017
0.7490281403347581 17.498 0.024
0.7510996313978922 17.552 0.026
0.7511872955137733 17.437 0.022
0.7517823379128004 17.579 0.018
0.7534290352677999 17.396 0.016
0.7563945554254587 17.515 0.019
0.759488194874848 17.494 0.026
0.7619940703793873 17.454 0.019
0.7638074454639536 17.338 0.023
0.7638690586918528 17.34 0.019
0.7678724273566786 17.476 0.022
0.768582131500807 17.302 0.018
0.768623268773581 17.502 0.02
0.7702078689974314 17.375 0.016
0.7706422453950381 17.423 0.018
0.7707566149210834 17.346 0.014
0.7724652925951432 17.418 0.021
0.7760030291974545 17.399 0.031
0.7781850963121997 17.325 0.019
0.7784719718465567 17.335 0.012
0.7786524431940052 17.415 0.022
0.778685119736565 17.354 0.02
0.7796317996160269 17.31 0.018
0.782048578638296 17.268 0.013
0.7861196534527153 17.345 0.018
0.7870735759779564 17.274 0.015
0.7876457242505239 17.274 0.014
0.7880183445663533 17.29 0.016
0.7884586580105406 17.321 0.024
0.7909546015439446 17.259 0.016
0.7939201021699773 17.294 0.018
0.7954034914946533 17.269 0.02
0.7968818223421295 17.226 0.014
0.7977274000913894 17.272 0.013
0.7981346180067703 17.251 0.014
0.7982240831129275 17.28 0.018
0.7998585978793926 17.284 0.017
0.8005027995736782 17.274 0.025
0.8026282778519089 17.239 0.017
0.8032859727113646 17.256 0.017
0.8064648908489289 17.252 0.019
0.8073725592180381 17.276 0.012
0.8089573917222879 17.285 0.019
0.8097406774013507 17.265 0.018
0.8114649544709209 17.244 0.016
0.8118661817220527 17.261 0.02
0.8120817004860328 17.273 0.015
0.8145856922742496 17.242 0.013
0.8171785515201009 17.285 0.019
0.8184646376523688 17.268 0.018
0.8211606305769692 17.298 0.021
0.821273140707035 17.279 0.018
0.821373745913661 17.27 0.016
0.8226968022424899 17.242 0.017
0.8229391206311902 17.292 0.018
0.8281331194675658 17.245 0.015
0.8288565377588384 17.261 0.015
0.8291923420301828 17.261 0.018
0.8299075724676186 17.263 0.016
0.8334105701492263 17.272 0.012
0.8335499806287316 17.262 0.019
0.8337306857893054 17.264 0.015
0.8355807777252267 17.273 0.016
0.8357263477655579 17.29 0.018
0.8359318794082355 17.311 0.018
0.8361879621161279 17.297 0.018
0.8375339612109656 17.257 0.014
0.8375880962578321 17.25 0.014
0.8399506347200258 17.273 0.014
0.8408373219767782 17.238 0.02
0.8425010771361485 17.272 0.015
0.8465527135058437 17.214 0.013
0.8474837924572967 17.259 0.018
0.849339615201643 17.267 0.012
0.8502320545217117 17.26 0.013
0.8548150105766581 17.266 0.012
0.8567038704441075 17.266 0.016
0.857809603763144 17.247 0.014
0.8598693164808537 17.254 0.011
0.8600052111505647 17.238 0.011
0.860022767412147 17.287 0.022
0.8658662782327156 17.285 0.018
0.8660486543603838 17.256 0.017
0.8689850884682073 17.258 0.019
0.8696041371858882 17.256 0.018
0.8701817207931981 17.272 0.018
0.8702300649028984 17.294 0.016
0.8726526754580846 17.257 0.012
0.8737811956682435 17.298 0.021
0.8768088518304467 17.26 0.014
0.8782112578444412 17.259 0.018
0.8790083566727844 17.264 0.018
0.8827071148791674 17.287 0.014
0.8836302365346 17.264 0.018
0.8842626761597785 17.371 0.015
0.8868673608583322 17.277 0.018
0.888467732629806 17.235 0.02
0.8890955683827997 17.262 0.017
0.8892140952193586 17.239 0.013
0.8968576585789378 17.265 0.018
0.8980268189475282 17.271 0.018
0.8989037643850679 17.262 0.018
0.9008803875608464 17.278 0.014
0.902104141026939 17.271 0.016
0.9026604235377818 17.25 0.017
0.9028429946047254 17.268 0.017
0.9059228712676486 17.263 0.016
0.9069994616634176 17.284 0.018
0.9076476891129914 17.25 0.022
0.909148415440086 17.248 0.012
0.9137452641148229 17.249 0.014
0.9148312083643759 17.261 0.016
0.9175115011680646 17.247 0.013
0.9178992547863345 17.257 0.018
0.918147787885573 17.284 0.016
0.9190497254467118 17.276 0.018
0.9229225047529326 17.274 0.016
0.9248504134725408 17.254 0.021
0.9252847427628694 17.243 0.019
0.927174284728153 17.283 0.017
0.9282120081900302 17.248 0.018
0.9301882838067286 17.255 0.018
0.9308495431159827 17.283 0.017
0.9312877390309495 17.272 0.018
0.9321083732961597 17.248 0.012
0.9323177893729735 17.266 0.018
0.9338638556678234 17.287 0.018
0.9344819170478331 17.25 0.016
0.9347500249359655 17.289 0.015
0.9349725557876809 17.245 0.017
0.9353123890696224 17.257 0.013
0.9361986119556605 17.3 0.021
0.9368466542323404 17.271 0.017
0.9371587509149322 17.252 0.017
0.9398467411592719 17.255 0.02
0.9403513992861008 17.267 0.015
0.9405722689364211 17.297 0.016
0.9420405525340811 17.285 0.022
0.9421530285781046 17.26 0.013
0.9428745143231936 17.251 0.016
0.9432174752596438 17.262 0.016
0.9436851907653363 17.268 0.016
0.9452272345606616 17.276 0.018
0.9465462180276063 17.242 0.018
0.9474827581657337 17.273 0.021
0.9488347494575464 17.269 0.016
0.952694347349734 17.271 0.018
0.9541023395954653 17.245 0.015
0.9546164570890596 17.274 0.015
0.9560593604073802 17.275 0.017
0.9568643839786546 17.265 0.019
0.9585147352092918 17.28 0.018
0.9619650252320753 17.272 0.018
0.9624501183363918 17.24 0.017
0.9638733413537466 17.26 0.018
0.9641471427094075 17.245 0.016
0.9649283855414978 17.24 0.017
0.9674345923285728 17.28 0.014
0.9698763927719938 17.275 0.019
0.9700684913777877 17.292 0.021
0.9719052282148368 17.243 0.016
0.9747639738393445 17.257 0.012
0.9803729627137727 17.225 0.017
0.981218587569856 17.233 0.016
0.9814710376567746 17.229 0.022
0.9817869456232984 17.268 0.015
0.9822100293008589 17.266 0.016
0.982832218693602 17.241 0.017
0.9847292127969922 17.267 0.018
0.9851248879022023 17.302 0.017
0.98603267327303 17.252 0.015
0.9867151475073115 17.246 0.018
0.9899795115070447 17.248 0.018
0.990487352438322 17.257 0.015
0.9906291906645492 17.238 0.016
0.9955090695038962 17.274 0.013
0.9973245330097598 17.261 0.013
0.9982282179430513 17.252 0.018
0.9986474349962009 17.261 0.018
