0.0027023913180528325 17.538 0.027
0.0029410380643639655 17.567 0.018
0.004944577905916958 17.604 0.021
0.006696484942040115 17.542 0.02
0.007662858617550228 17.596 0.023
0.008777614593327598 17.585 0.017
0.009405766641975788 17.55 0.022
0.010481711495231139 17.579 0.021
0.011405228406601964 17.579 0.022
0.013952480948773882 17.572 0.02
0.015352694189459726 17.577 0.021
0.015667410252717673 17.573 0.02
0.018364026161179936 17.562 0.016
0.018877812750815792 17.566 0.023
0.019189004049167124 17.574 0.025
0.02377188443006162 17.59 0.016
0.023815331604055245 17.563 0.016
0.024773406872554915 17.561 0.019
0.026746371837816696 17.578 0.024
0.031091900293176877 17.579 0.02
0.03304261152015897 17.601 0.023
0.03374313281437935 17.575 0.02
0.034545484855698305 17.58 0.02
0.03458932858393382 17.581 0.019
0.03491208175819338 17.61 0.018
0.034952550964590046 17.586 0.02
0.0355236593486552 17.577 0.02
0.03560790864730734 17.599 0.027
0.037507795531382726 17.511 0.025
0.038221085441364266 17.593 0.021
0.040075745077956526 17.556 0.014
0.04030759388660954 17.541 0.02
0.043313879984907544 17.585 0.02
0.043339779004327283 17.575 0.017
0.04471657476187829 17.552 0.019
0.04609164437806612 17.586 0.02
0.050598860226273246 17.522 0.025
0.05165150221546355 17.563 0.017
0.05432394082436076 17.604 0.026
0.05437441369849694 17.589 0.019
0.05554080420097307 17.566 0.017
0.060039057277208485 17.609 0.021
0.061090843996225885 17.566 0.018
0.06256906276757945 17.533 0.024
0.06306402493009955 17.585 0.019
0.06342488419841175 17.582 0.016
0.06410771237688095 17.582 0.026
0.06501990635297261 17.569 0.022
0.06506672804925984 17.584 0.019
0.06622772268292465 17.593 0.027
0.06674679261323035 17.557 0.016
0.06758926239126595 17.604 0.019
0.06773586904000695 17.577 0.016
0.06919702134382533 17.566 0.018
0.06921899462031433 17.584 0.026
0.07224375220175716 17.584 0.014
0.08056696775656746 17.579 0.019
0.08106147120361129 17.597 0.023
0.08111055466179096 17.572 0.017
0.08119900340989261 17.632 0.022
0.08164933463194757 17.634 0.019
0.08248221056601324 17.559 0.016
0.08336889028396399 17.563 0.019
0.08848012596627086 17.588 0.017
0.0912663640710889 17.571 0.025
0.0935431201942265 17.566 0.021
0.09418380781426094 17.589 0.021
0.0982110429840759 17.587 0.022
0.09868235462135999 17.606 0.023
0.10117568642817787 17.605 0.022
0.10555238397591893 17.6 0.019
0.10572891526226158 17.61 0.027
0.10644318329150337 17.591 0.026
0.1075480198742298 17.691 0.03
0.1081482235454132 17.587 0.02
0.11256213186970854 17.616 0.029
0.1130316145404322 17.588 0.027
0.11476004783071403 17.589 0.022
0.11539503553194663 17.6 0.018
0.11589172383582991 17.622 0.017
0.11904151871567592 17.597 0.018
0.12161794344910959 17.623 0.021
0.12249908675903498 17.602 0.03
0.12338481575307014 17.601 0.026
0.1235263447088073 17.619 0.027
0.1255194598811613 17.601 0.02
0.1264741229124411 17.627 0.021
0.12850662782238942 17.641 0.03
0.13017300781302765 17.639 0.019
0.1307810081802927 17.633 0.019
0.13081297038206685 17.589 0.016
0.1311077825503162 17.632 0.048
0.13146332137876016 17.634 0.023
0.13201654131808027 17.57 0.021
0.13282929738761595 17.593 0.021
0.1347666887786545 17.514 0.023
0.13641717869904824 17.592 0.024
0.14309650694212905 17.622 0.018
0.14471680588894742 17.613 0.02
0.146368997504851 17.599 0.02
0.1465378075249646 17.631 0.02
0.14691713975116727 17.632 0.021
0.14841582395729347 17.594 0.017
0.15035519897992344 17.647 0.016
0.15191409277576895 17.632 0.021
0.15208424712591295 17.667 0.02
0.1532748105059909 17.637 0.019
0.15458254937857419 17.617 0.027
0.15522618167324254 17.626 0.019
0.15555226428432434 17.667 0.023
0.15608973026883177 17.661 0.028
0.15641198701268877 17.655 0.023
0.15798923534111964 17.631 0.027
0.1589775245547571 17.627 0.016
0.1594922344720544 17.656 0.02
0.16026583384882542 17.663 0.02
0.16185727435868102 17.675 0.021
0.16237817325554715 17.659 0.021
0.16550989025745366 17.672 0.024
0.1657796194886032 17.703 0.021
0.16613875998609728 17.662 0.027
0.16646644294223734 17.678 0.018
0.16697415369708324 17.678 0.018
0.1674261836669757 17.66 0.022
0.1678318795238738 17.698 0.016
0.16790582614430605 17.664 0.017
0.16929011012507544 17.686 0.025
0.17010572573781246 17.639 0.024
0.17040182007440308 17.693 0.023
0.1708510022954215 17.683 0.022
0.1731387490499401 17.668 0.02
0.1755703021226509 17.712 0.025
0.18092819132016302 17.668 0.021
0.18290149067888706 17.789 0.026
0.18427680893819343 17.752 0.027
0.18502929768055765 17.741 0.022
0.18838345907897747 17.713 0.024
0.1901229548648189 17.722 0.023
0.19222412157932922 17.806 0.024
0.19381504710872832 17.812 0.027
0.19494333151760657 17.786 0.02
0.1981187923724974 17.836 0.023
0.19850642067376612 17.742 0.029
0.2006489236591733 17.793 0.021
0.20496425524379447 17.852 0.019
0.20498229982968041 17.851 0.017
0.2073370614821215 17.895 0.026
0.2094041550917609 17.898 0.019
0.21178102761177797 17.957 0.025
0.21201699749235559 17.911 0.028
0.21320015925675762 17.955 0.029
0.2156172116756352 17.918 0.022
0.21573461284060613 17.949 0.025
0.21574234147828975 17.927 0.017
0.2175092137822503 17.916 0.016
0.21893807833657775 17.921 0.022
0.21980985199934366 17.942 0.02
0.2234138617059216 18.017 0.032
0.22397278598600678 17.944 0.025
0.22499617298399244 17.987 0.03
0.22637529413805169 18.042 0.035
0.22781601429960574 18.024 0.028
0.2285235592044046 18.077 0.031
0.2288678010181684 17.914 0.029
0.23099844839725847 17.998 0.038
0.23235997631172722 18.137 0.064
0.2378613972614403 18.0 0.035
0.23816236511765965 18.119 0.032
0.23860332964113695 18.037 0.02
0.2387615329325854 18.081 0.031
0.2418467131228681 18.09 0.041
0.24273712325430097 18.035 0.026
0.2437956834646684 18.024 0.034
0.24444913527713652 18.124 0.057
0.24741360783900745 18.119 0.027
0.2492837076752039 18.055 0.027
0.25 18.175 0.04
0.2543346509678486 18.095 0.027
0.2558128623677476 18.101 0.032
0.25607873538774584 18.083 0.027
0.25754607667022356 18.033 0.029
0.2577581703535543 18.099 0.031
0.26071825108510893 18.015 0.035
0.26096152860236543 18.155 0.031
0.2623510352368612 18.068 0.037
0.2624531611868406 18.042 0.036
0.2629010745076812 18.051 0.027
0.2630266179398859 18.044 0.026
0.26331806148346004 18.071 0.02
0.263985797123496 18.046 0.031
0.2674508363147652 18.063 0.033
0.2695225415295681 18.067 0.042
0.2712745802596146 18.021 0.027
0.27217868823299796 17.979 0.029
0.2768424012529067 17.994 0.027
0.2769967713056758 17.995 0.029
0.2779377801080045 17.989 0.026
0.2788490752013786 17.965 0.029
0.281230270019023 17.942 0.037
0.2834976090762211 17.951 0.024
0.28522783804055507 17.979 0.031
0.28566185376848807 17.947 0.031
0.28819650857894885 17.912 0.034
0.28881184839883645 17.927 0.025
0.2894722386886315 17.916 0.026
0.29098769120719226 17.93 0.028
0.29239251015587797 17.898 0.023
0.29454375318891834 17.825 0.025
0.29481533055241016 17.874 0.027
0.29897094953184933 17.821 0.031
0.29977095172853296 17.805 0.021
0.30038766917186877 17.9 0.023
0.3019900796739421 17.776 0.027
0.3022757307930988 17.855 0.027
0.30239156048173754 17.798 0.018
0.3040445074930176 17.822 0.026
0.3105867696158384 17.834 0.016
0.31120986989299126 17.835 0.021
0.31134723121704155 17.754 0.02
0.3115137780009718 17.769 0.026
0.3126083422484953 17.801 0.022
0.31472752910121926 17.861 0.027
0.315922283085456 17.837 0.036
0.3186847840561313 17.736 0.029
0.31916598474344937 17.706 0.023
0.31918631701091726 17.687 0.029
0.3194260956834114 17.771 0.02
0.31979816535840655 17.764 0.02
0.3202154157215773 17.804 0.027
0.3246870550474341 17.75 0.021
0.3256650253651969 17.755 0.016
0.3294060204807465 17.689 0.021
0.33028086756439734 17.686 0.021
0.33111620648560347 17.678 0.019
0.3325326176532144 17.678 0.023
0.33312818527338095 17.712 0.024
0.3393622266944476 17.683 0.027
0.34340029426584806 17.666 0.022
0.34479211892676176 17.658 0.025
0.34546476874857035 17.643 0.016
0.34637852682999437 17.644 0.024
0.34893521707726904 17.664 0.029
0.3514553838840584 17.662 0.027
0.3519062678010414 17.615 0.031
0.35300278533622986 17.638 0.018
0.35338378891447064 17.628 0.021
0.35355096529747243 17.624 0.019
0.35399235671957285 17.719 0.024
0.3581370493184295 17.692 0.019
0.35836162820487516 17.629 0.022
0.3585871807881631 17.616 0.015
0.3614278130880848 17.616 0.023
0.3615759246285961 17.635 0.029
0.3626129399344791 17.624 0.026
0.36799815908852906 17.596 0.021
0.3690295136639179 17.593 0.025
0.37099233946082677 17.635 0.022
0.37192941514922495 17.646 0.026
0.37273668726811593 17.589 0.027
0.37329985841734015 17.621 0.021
0.3761087149978266 17.676 0.026
0.3785698892743312 17.612 0.032
0.38045876845171733 17.595 0.016
0.3824356420836921 17.606 0.018
0.38263150012426195 17.633 0.016
0.3832216512355444 17.545 0.022
0.38668901434948566 17.6 0.028
0.3890821979412067 17.651 0.033
0.393080418532918 17.581 0.02
0.4000408440283536 17.592 0.017
0.40010539065906414 17.626 0.026
0.4002271836534419 17.619 0.017
0.4003293850337286 17.599 0.016
0.40640064927356434 17.608 0.016
0.4084637720552564 17.578 0.017
0.4113578434016745 17.612 0.024
0.4114021909317671 17.565 0.021
0.41168151253259566 17.568 0.014
0.4141170638299627 17.603 0.019
0.4147330014320687 17.579 0.024
0.4170426053697156 17.579 0.02
0.4179376721931476 17.572 0.019
0.41914477231694036 17.593 0.019
0.4212665161358018 17.593 0.025
0.42254342853993876 17.609 0.016
0.4253942391956116 17.592 0.016
0.42614463116115076 17.566 0.016
0.4279239362122098 17.555 0.019
0.4281590885366313 17.569 0.02
0.4306689134759836 17.588 0.028
0.4320800589935061 17.591 0.022
0.43275892813744576 17.591 0.02
0.43351217227336747 17.552 0.02
0.4352677342944844 17.571 0.019
0.43622177509951143 17.63 0.018
0.4385166135216423 17.575 0.021
0.4418589614506345 17.506 0.016
0.4451347133922354 17.585 0.021
0.44521939696096524 17.523 0.016
0.4453190864605858 17.595 0.027
0.4453813654317855 17.567 0.018
0.450495744068121 17.649 0.033
0.45117909902091924 17.535 0.018
0.45513923059388617 17.561 0.017
0.45889715900830197 17.562 0.017
0.45942977444610733 17.564 0.025
0.46139002472773427 17.595 0.021
0.46197480294176785 17.566 0.025
0.46397689857712976 17.593 0.022
0.4657729430718973 17.601 0.021
0.46820115491482284 17.588 0.021
0.46868715577966213 17.571 0.032
0.47288787768502516 17.578 0.026
0.474294693533011 17.56 0.02
0.47485656543813093 17.535 0.026
0.477506577951317 17.54 0.022
0.479373314444274 17.55 0.018
0.4804285378468194 17.56 0.019
0.48176325668100617 17.573 0.025
0.48990799736520785 17.57 0.019
0.49080777714334545 17.563 0.017
0.4911697173547509 17.572 0.018
0.4931686093495955 17.562 0.021
0.4946716936156008 17.55 0.034
0.49505620488343993 17.575 0.018
0.4952003588646221 17.571 0.02
0.49671289115485706 17.637 0.021
0.4968147336949187 17.586 0.024
0.4969553134005764 17.575 0.016
0.49744071795976197 17.561 0.017
0.49777715570689907 17.56 0.021
0.4985651950510146 17.555 0.016
0.5003526630089254 17.597 0.018
0.5010111244559994 17.564 0.023
0.501672671117376 17.563 0.019
0.502780848931252 17.552 0.017
0.5039863790525487 17.587 0.02
0.505282977049319 17.593 0.021
0.5057176194268322 17.586 0.017
0.5077404986741385 17.582 0.023
0.5100767066596745 17.543 0.016
0.5136012407087946 17.598 0.027
0.5137108118860851 17.549 0.016
0.5155782852243647 17.588 0.022
0.5161352977379465 17.579 0.019
0.5161566791302903 17.575 0.018
0.5180104228093114 17.554 0.015
0.5198096915837596 17.57 0.019
0.520504369471837 17.557 0.016
0.5223140422758661 17.545 0.015
0.5226993622545706 17.591 0.023
0.524426030214272 17.561 0.023
0.5249566472775768 17.573 0.02
0.526980652552993 17.539 0.023
0.5297719232653435 17.564 0.017
0.5309254600197164 17.555 0.017
0.5314157033299125 17.608 0.023
0.5316336271512228 17.601 0.016
0.5352808642560376 17.58 0.02
0.5364867909324857 17.585 0.017
0.5371689709636485 17.57 0.018
0.5394114845730655 17.539 0.018
0.543379205718793 17.556 0.023
0.5438391078141649 17.586 0.016
0.544044459822544 17.604 0.019
0.5454090411330981 17.548 0.023
0.5455220822868796 17.61 0.026
0.5477678994120652 17.593 0.016
0.5484488609095024 17.61 0.02
0.5488541372415057 17.609 0.025
0.5528570315996149 17.586 0.023
0.5539452056418668 17.558 0.016
0.5544816787651143 17.595 0.019
0.5557415771600063 17.571 0.016
0.5566475762598202 17.573 0.02
0.5582416358975024 17.527 0.025
0.5590528411303239 17.582 0.025
0.5642038631058313 17.567 0.019
0.5670367290522336 17.61 0.017
0.5673218911115328 17.556 0.017
0.5684666671791092 17.585 0.018
0.5707741787628038 17.546 0.019
0.5753265122793891 17.585 0.022
0.5755255436160951 17.594 0.021
0.5763432819253467 17.584 0.017
0.5765982848288331 17.529 0.02
0.5769134973238579 17.592 0.021
0.5815881936046026 17.593 0.018
0.5818148271309838 17.631 0.027
0.581909469281527 17.622 0.013
0.5855761589364192 17.59 0.021
0.5864296001814182 17.602 0.02
0.5872878846003005 17.61 0.021
0.591933634362249 17.603 0.016
0.5928120253765883 17.582 0.016
0.5929373113190195 17.606 0.02
0.5941176571527649 17.605 0.02
0.5944454576765565 17.623 0.018
0.5962902904243492 17.602 0.027
0.5977680431083172 17.606 0.021
0.597866939497635 17.651 0.02
0.5987003999439366 17.608 0.018
0.6043712139521631 17.628 0.021
0.6060188575984284 17.589 0.019
0.6060314235137412 17.587 0.026
0.6069051711051543 17.626 0.018
0.6069839941919781 17.594 0.016
0.6081494369191205 17.591 0.021
0.6083262693068718 17.582 0.024
0.6094973860335813 17.608 0.025
0.6128590171056203 17.583 0.019
0.6135769734105452 17.61 0.022
0.6160983646486784 17.601 0.024
0.6178595703240717 17.597 0.019
0.6180996368302658 17.582 0.018
0.6182949680960519 17.605 0.021
0.6183685803234766 17.652 0.027
0.6194049430587256 17.596 0.021
0.6225701168350497 17.605 0.016
0.6242389783628823 17.614 0.024
0.6271630379828821 17.579 0.022
0.6272633423377556 17.621 0.02
0.6284514241806392 17.568 0.021
0.6285056156748396 17.616 0.016
0.6303589701697092 17.611 0.021
0.6313953314315768 17.625 0.034
0.631500128965854 17.608 0.018
0.6322576503143864 17.649 0.025
0.6323270342222713 17.594 0.02
0.6332459018140071 17.639 0.027
0.6333832386917493 17.63 0.029
0.6382902351260782 17.632 0.028
0.638356981356992 17.627 0.023
0.6396186318147556 17.62 0.032
0.6396756828507932 17.601 0.017
0.6430360953891068 17.56 0.028
0.6437752510264545 17.596 0.014
0.6481051209811994 17.638 0.017
0.6487199095818141 17.623 0.018
0.6493862298862041 17.647 0.027
0.6524473126291923 17.624 0.019
0.6574223878305929 17.66 0.017
0.6618202484696667 17.658 0.018
0.6633998955348943 17.75 0.035
0.670704630902037 17.732 0.032
0.6723379226627912 17.706 0.02
0.6729145904268989 17.738 0.024
0.6736556504602049 17.724 0.023
0.6816376717010826 17.714 0.023
0.6817218662108644 17.729 0.017
0.6857239822020347 17.737 0.024
0.6872842203283653 17.711 0.023
0.6886002953228854 17.755 0.018
0.6911002356355311 17.835 0.025
0.6924299463098578 17.719 0.021
0.6934044059894404 17.792 0.027
0.6953238771170618 17.825 0.027
0.6955816552886063 17.82 0.022
0.6963258509040315 17.81 0.022
0.6965602884970394 17.782 0.02
0.6972924405481535 17.852 0.04
0.6978043330618675 17.765 0.022
0.6982126059101574 17.842 0.025
0.6994379836623921 17.868 0.036
0.7002515475842301 17.847 0.026
0.7004331159000685 17.839 0.03
0.7006568091728695 17.855 0.026
0.7011313436150886 17.783 0.02
0.7020343196622889 17.877 0.021
0.7027874002878889 17.841 0.021
0.7053024331389679 17.808 0.017
0.7064452500189873 17.944 0.028
0.7086146101182749 17.848 0.025
0.7088300450313909 17.872 0.023
0.7105284375907104 17.886 0.022
0.7138913508315454 17.942 0.029
0.7141199190973566 17.872 0.026
0.7148144638167651 17.9 0.036
0.7163931127397518 17.919 0.021
0.7181023421235295 17.986 0.024
0.7184118953614416 18.003 0.032
0.7196482186591311 17.9 0.02
0.7213719257251796 17.968 0.026
0.7224712185288809 17.994 0.024
0.7234997209334324 18.024 0.03
0.7260196287766121 18.032 0.023
0.7261464920925391 17.977 0.031
0.7263519528223696 17.977 0.032
0.7270192845371639 18.036 0.023
0.7295714889751252 17.945 0.026
0.7315276670778985 18.057 0.035
0.7321142238915854 17.967 0.042
0.7341331323095801 18.032 0.037
0.7349885068192634 18.042 0.034
0.7352646957879188 18.012 0.022
0.7379730541588287 18.076 0.041
0.7384149042964054 18.11 0.031
0.7390594873158989 18.099 0.03
0.740475771212914 18.093 0.027
0.7422297069674642 18.04 0.027
0.744528611671285 18.106 0.031
0.7452118104838519 18.116 0.031
0.7458782017947669 18.094 0.028
0.7466193817272142 18.122 0.038
0.7474698117130174 18.093 0.043
0.7479185914817208 18.131 0.028
0.7494574555867075 18.081 0.022
0.7494615144960335 18.135 0.028
0.7503358074109201 18.026 0.032
0.7504271157022231 18.117 0.035
0.7518764050287245 18.126 0.03
0.7523082736133802 18.11 0.031
0.752397963868134 18.059 0.026
0.7524567987843511 18.05 0.026
0.7526685180264394 18.132 0.034
0.75427083307477 18.152 0.023
0.7546790178412266 18.123 0.035
0.7602125904249988 18.127 0.031
0.7643711688233452 18.067 0.027
0.7670053607989757 18.09 0.036
0.7692602841834741 18.063 0.025
0.7697912600874588 18.014 0.031
0.7699267753705499 18.094 0.033
0.7712172147321326 18.067 0.019
0.7729164551915346 17.99 0.033
0.7769470589864795 17.976 0.035
0.7774696366068383 17.988 0.025
0.7802883259737428 17.976 0.028
0.7806246261293381 17.962 0.027
0.7815208737711146 18.075 0.054
0.7816335487132164 17.965 0.024
0.7840654679976069 17.95 0.021
0.7843874354330183 18.001 0.027
0.7850159389499822 17.919 0.028
0.7850956402799056 17.917 0.021
0.788263373970949 17.94 0.025
0.7884892594738631 17.932 0.02
0.7903372484424835 17.949 0.024
0.7938747871003216 17.921 0.021
0.7939363106765995 17.886 0.027
0.7940055007293267 17.834 0.023
0.7958667777174924 17.829 0.031
0.7962702583736245 17.861 0.026
0.7971223146255397 17.854 0.029
0.7972824164144185 17.867 0.028
0.7979342678818284 17.853 0.019
0.8000856759008457 17.822 0.026
0.8032169341868212 17.846 0.017
0.8036697787633784 17.811 0.038
0.8041610467530518 17.832 0.026
0.8047914791122821 17.804 0.022
0.8058889199774057 17.851 0.022
0.8062545935513299 17.845 0.027
0.8063860048368952 17.785 0.025
0.8064436477561685 17.845 0.027
0.8080024460996356 17.844 0.027
0.8086829503554327 17.877 0.024
0.8111996153693326 17.766 0.019
0.8120627747807703 17.732 0.026
0.8125768698428146 17.787 0.025
0.8128588438635234 17.765 0.027
0.813732265906765 17.815 0.026
0.8137367458189146 17.763 0.024
0.81592041714066 17.728 0.019
0.8170175554296293 17.715 0.029
0.8179353347068172 17.69 0.019
0.8196406457191188 17.765 0.021
0.8210717025031045 17.743 0.018
0.8213088546763174 17.771 0.021
0.8214178036269004 17.75 0.016
0.8217957670767646 17.797 0.029
0.8229664872487774 17.763 0.019
0.8241235110526759 17.71 0.016
0.826165748871972 17.718 0.02
0.8268956754027386 17.741 0.019
0.8269941693397413 17.702 0.021
0.8290526878872697 17.712 0.02
0.8337218026736082 17.682 0.022
0.8342791266086351 17.726 0.027
0.8351525079897328 17.628 0.022
0.8352438725441971 17.707 0.021
0.8368705107131973 17.658 0.018
0.8374593381340674 17.674 0.022
0.8386356554001395 17.685 0.023
0.8395353900928058 17.652 0.019
0.8411308014310634 17.661 0.019
0.8417254834375854 17.672 0.019
0.841875493477346 17.65 0.021
0.8425566806467941 17.653 0.027
0.8448236564413492 17.642 0.027
0.8451967042356046 17.642 0.027
0.8513594329074294 17.66 0.028
0.852114014001927 17.658 0.019
0.8534367122447293 17.602 0.016
0.8550743654923281 17.594 0.022
0.8575361095381595 17.621 0.021
0.8598814467550255 17.591 0.02
0.8718257429054574 17.655 0.022
0.8722118863374817 17.67 0.024
0.8725895153938836 17.652 0.026
0.8798301006854672 17.636 0.016
0.8821664966285425 17.676 0.016
0.8845918059323594 17.597 0.017
0.8862548617685206 17.624 0.033
0.8863768182745844 17.611 0.022
0.8896892512702834 17.608 0.017
0.889746761022252 17.62 0.021
0.8906117190563236 17.598 0.029
0.8907426412833956 17.607 0.023
0.8926944393497251 17.586 0.024
0.8929210092401263 17.601 0.022
0.8941356108553009 17.617 0.028
0.8944113973711865 17.626 0.018
0.8946162285037644 17.604 0.018
0.8974246337402292 17.592 0.015
0.898342023834175 17.602 0.027
0.8994432905651593 17.62 0.02
0.9001551029778057 17.613 0.016
0.9028300290210609 17.561 0.021
0.9041440493765549 17.63 0.02
0.9065031074069339 17.546 0.035
0.9065181696009859 17.605 0.017
0.9086606118999043 17.562 0.021
0.909679004004829 17.606 0.023
0.9097616455874231 17.612 0.021
0.9117836524892482 17.574 0.026
0.9150165461919642 17.625 0.022
0.9151497242833102 17.58 0.016
0.9151531609668382 17.568 0.019
0.9176103947579577 17.612 0.022
0.9181174078562435 17.559 0.026
0.9184410392731479 17.555 0.02
0.9190438146542874 17.558 0.018
0.9227399472592879 17.591 0.024
0.9273146980240199 17.597 0.018
0.9274118461585203 17.586 0.019
0.9275984373766732 17.597 0.019
0.9311754108575769 17.594 0.016
0.9326712658635188 17.57 0.022
0.9335360662839776 17.567 0.018
0.9348006384452674 17.6 0.022
0.9350337938694793 17.574 0.018
0.9351150407542264 17.617 0.017
0.9363425182309584 17.594 0.021
0.938507445837331 17.583 0.019
0.9388155215779079 17.563 0.021
0.9412855357786611 17.606 0.027
0.9420387348291115 17.567 0.02
0.9428990797841834 17.582 0.016
0.9441149953845525 17.577 0.017
0.9448141590819432 17.587 0.023
0.9450980766869179 17.578 0.016
0.9472258156311 17.588 0.017
0.9484238124432522 17.591 0.017
0.9528566680419317 17.577 0.026
0.9537769739426949 17.575 0.025
0.9538583931844187 17.59 0.019
0.9555618227732339 17.563 0.02
0.9575582894949548 17.54 0.025
0.9579835318827463 17.555 0.016
0.9620492090152766 17.567 0.018
0.9634587076266143 17.567 0.017
0.9639898358636856 17.611 0.025
0.9656374417954794 17.566 0.022
0.9688841517645415 17.528 0.022
0.971819647463235 17.586 0.02
0.9719897944423792 17.576 0.026
0.9722364538529291 17.571 0.022
0.9727085874683326 17.572 0.018
0.9756035126110874 17.556 0.024
0.9779917761252364 17.563 0.019
0.9791856807350996 17.581 0.021
0.9813544489506967 17.569 0.016
0.9843629982842685 17.565 0.03
0.9851286433508903 17.547 0.027
0.9865715180262669 17.532 0.016
0.992679137772484 17.567 0.02
0.9985776662497301 17.588 0.022
