0.0011463628056844755 17.564 0.018
0.0012768397562012979 17.629 0.028
0.003019858270590703 17.613 0.018
0.0033519265336963144 17.626 0.021
0.004636322046508212 17.611 0.02
0.0054788443344477855 17.611 0.017
0.006629626153880963 17.661 0.03
0.007312574434990893 17.685 0.024
0.011957779440308514 17.631 0.016
0.012826483755134177 17.602 0.021
0.012861272112559163 17.6 0.019
0.01288796668904979 17.625 0.023
0.012994533522714846 17.628 0.024
0.013062411296459686 17.668 0.022
0.014513409046912784 17.642 0.02
0.014714246640778583 17.657 0.019
0.014838227878954058 17.634 0.024
0.01649761424459939 17.597 0.023
0.016592005332768167 17.587 0.024
0.01720392885590627 17.65 0.021
0.01775808018464886 17.618 0.031
0.01788166868823282 17.653 0.024
0.018401413639594466 17.613 0.023
0.01863193150097686 17.626 0.03
0.018691494293761934 17.626 0.023
0.019949507061255645 17.656 0.035
0.021634440523484955 17.617 0.022
0.02222040424635452 17.605 0.02
0.022382029476830212 17.614 0.017
0.022920505279898862 17.667 0.025
0.023757116093065633 17.643 0.015
0.023942278674894624 17.671 0.023
0.024302831086060905 17.626 0.019
0.02477126780513572 17.622 0.016
0.025634642830027587 17.607 0.023
0.026189397339067 17.689 0.023
0.028216323381457187 17.621 0.023
0.029719363113599684 17.663 0.037
0.030226760785808438 17.638 0.021
0.03086808398188623 17.614 0.03
0.03108661708802174 17.652 0.02
0.031617089741530435 17.597 0.019
0.03170778084518133 17.65 0.018
0.03390502959200603 17.656 0.029
0.03446556500648512 17.625 0.021
0.034996238377743794 17.626 0.019
0.035695123322739164 17.667 0.017
0.037124774729136334 17.617 0.02
0.03747621850243377 17.706 0.025
0.03748094409888836 17.636 0.023
0.03755700628471459 17.591 0.025
0.03899578783807556 17.637 0.031
0.0391970371088064 17.618 0.025
0.040104592290163055 17.597 0.021
0.04014462800751062 17.602 0.021
0.04101684183069665 17.627 0.016
0.04163071570519605 17.622 0.021
0.042182403620017794 17.622 0.021
0.042204624010764746 17.664 0.019
0.0437841273644608 17.665 0.026
0.043907485966428794 17.616 0.018
0.04394957290764978 17.645 0.031
0.044758554163536246 17.594 0.015
0.04504475408430153 17.647 0.02
0.04559252030094285 17.678 0.018
0.04866979400389937 17.619 0.029
0.04874525300942878 17.652 0.019
0.04899576031630204 17.63 0.029
0.04915812902390826 17.621 0.021
0.0516249876677648 17.639 0.022
0.05458335801222347 17.572 0.022
0.05464080967431073 17.578 0.023
0.054947479839029256 17.608 0.018
0.05611812872234623 17.716 0.032
0.05677528771047946 17.615 0.019
0.05782435886226267 17.653 0.017
0.060724865867996414 17.657 0.026
0.06124795800792526 17.623 0.023
0.06496115649565581 17.694 0.022
0.06537505812161726 17.609 0.02
0.06547304780895047 17.642 0.023
0.06672984500141865 17.595 0.016
0.0678096317606105 17.641 0.021
0.07033239315069295 17.639 0.018
0.07150399749730241 17.588 0.021
0.07174941668336032 17.683 0.019
0.0728020777328311 17.628 0.028
0.07359486067298349 17.618 0.025
0.07591422018322191 17.643 0.023
0.07717877832942577 17.637 0.025
0.07743611160867658 17.644 0.026
0.0778697702116915 17.675 0.022
0.07894671157669109 17.62 0.02
0.08076158998437677 17.605 0.031
0.08258808089522063 17.603 0.023
0.08298899212309152 17.622 0.015
0.08340987128713095 17.641 0.019
0.08506645117017797 17.62 0.028
0.08523579895586408 17.681 0.018
0.08606086690087977 17.674 0.031
0.08607304264637605 17.62 0.018
0.08639966180476222 17.656 0.024
0.08662563584516647 17.605 0.02
0.0884915295960127 17.703 0.018
0.08869645939603288 17.597 0.028
0.08969415268006742 17.59 0.024
0.09007482356560104 17.621 0.025
0.09008844735421917 17.629 0.02
0.09048051978402327 17.603 0.02
0.09100013365275572 17.832 0.028
0.09193052264618018 17.646 0.022
0.09310246903464758 17.656 0.022
0.09372633686143672 17.606 0.022
0.09577318168703641 17.626 0.023
0.09578754998005934 17.609 0.027
0.09878816804507551 17.646 0.033
0.09888442039368783 17.605 0.022
0.099384990552835 17.631 0.021
0.10028657281213782 17.617 0.021
0.10126044661046762 17.634 0.021
0.10297461947925513 17.613 0.019
0.1036093163941132 17.594 0.022
0.10378807492088526 17.591 0.021
0.10568208108156796 17.614 0.017
0.10589529513868001 17.621 0.024
0.10661574660139195 17.636 0.027
0.10766316899207595 17.652 0.019
0.10780805366016466 17.581 0.026
0.1095372174579552 17.677 0.021
0.11009911028440911 17.664 0.023
0.11025556700428751 17.605 0.023
0.11057785278740084 17.57 0.024
0.11239097132011011 17.629 0.02
0.11355521614905228 17.614 0.027
0.1144786767572441 17.603 0.019
0.11477935505763526 17.666 0.028
0.11693863825303197 17.603 0.021
0.11748280433039326 17.672 0.034
0.11848632921260105 17.657 0.022
0.1185577661606203 17.694 0.024
0.11857335054173745 17.626 0.021
0.12002919370320342 17.632 0.03
0.12016350172120838 17.627 0.019
0.12021488983009476 17.633 0.022
0.12043629905360831 17.655 0.02
0.12075577835412332 17.727 0.03
0.12295416433994433 17.593 0.018
0.1231324395014326 17.61 0.024
0.12338103536831113 17.652 0.022
0.12373208640701705 17.646 0.018
0.12393910788205176 17.614 0.023
0.12447432507440226 17.619 0.026
0.12468318681385426 17.635 0.019
0.12540253227507492 17.631 0.019
0.12764567957469808 17.664 0.022
0.12785491253953296 17.694 0.023
0.12790357609605962 17.596 0.023
0.1291578177035717 17.619 0.027
0.13133797463228802 17.585 0.019
0.13151976851645486 17.631 0.018
0.13288993803303129 17.644 0.023
0.13412104526514668 17.608 0.023
0.134864320298675 17.678 0.021
0.13606709340751877 17.636 0.029
0.137080521611324 17.677 0.023
0.1403359609025756 17.645 0.024
0.14035399794283876 17.638 0.027
0.142701058699231 17.584 0.022
0.14346348701610623 17.62 0.023
0.14359233517438952 17.636 0.024
0.1457881758167332 17.606 0.019
0.14677101744223364 17.622 0.018
0.14696908133100806 17.638 0.028
0.15141032121437092 17.678 0.017
0.15249727701416305 17.54 0.029
0.15295716782406998 17.622 0.028
0.15335335345548629 17.588 0.021
0.15947414835773088 17.596 0.02
0.1598239433699291 17.701 0.02
0.16243627962103346 17.689 0.022
0.1626496350022535 17.63 0.018
0.16365570317452693 17.633 0.025
0.16527551465219403 17.628 0.021
0.16638915478733907 17.62 0.023
0.1664812447818349 17.61 0.016
0.16657545460816436 17.674 0.023
0.16756309300558314 17.606 0.031
0.1680308860925379 17.64 0.019
0.16907780463498057 17.633 0.021
0.16916408248675907 17.648 0.025
0.1702482528003202 17.633 0.025
0.17071060651051084 17.64 0.027
0.1716162113405062 17.677 0.019
0.1716785790756603 17.683 0.029
0.17229326760298136 17.655 0.026
0.17352529957429397 17.56 0.024
0.17356686526522935 17.607 0.023
0.17436509730987382 17.634 0.02
0.175092787962285 17.605 0.023
0.17579147116271088 17.613 0.022
0.1760249358035253 17.618 0.019
0.1771337402556128 17.616 0.023
0.17780341600428073 17.65 0.029
0.1780807991497113 17.626 0.022
0.1781190258393508 17.614 0.022
0.17823339510482583 17.696 0.033
0.1791171712520736 17.633 0.019
0.18096663575875027 17.67 0.024
0.18115059249362275 17.653 0.02
0.18250417249964812 17.638 0.018
0.18366087654840157 17.636 0.018
0.18379099097478502 17.638 0.02
0.18442411951809845 17.616 0.023
0.18449011708912622 17.634 0.019
0.18580514781933744 17.619 0.018
0.18688387005499862 17.61 0.023
0.18739666665214827 17.634 0.018
0.1874072238467761 17.658 0.021
0.1874317064200568 17.664 0.022
0.18767938778864846 17.638 0.019
0.18821262544588535 17.636 0.022
0.18867131962315398 17.604 0.024
0.19013317615804226 17.611 0.023
0.1902868678739651 17.623 0.021
0.19048404542127173 17.629 0.016
0.19061403951968714 17.689 0.021
0.19109061047083742 17.629 0.033
0.19267072673255825 17.627 0.023
0.19293994440840834 17.649 0.027
0.19303092686084256 17.651 0.026
0.1932377476180136 17.603 0.019
0.19364707367253686 17.602 0.031
0.19383468021260342 17.605 0.03
0.19450928330206807 17.624 0.029
0.19457021323501067 17.654 0.018
0.19466050187611472 17.598 0.025
0.19506213661270522 17.64 0.028
0.19615314468023826 17.653 0.021
0.19640193256373095 17.639 0.037
0.19834776974744273 17.664 0.021
0.19886752494016946 17.623 0.026
0.19903931463022673 17.653 0.029
0.19943928012298784 17.612 0.031
0.2001472137988003 17.623 0.023
0.20105287802266503 17.695 0.024
0.20109248312087402 17.661 0.027
0.2015648410247195 17.624 0.02
0.20223833811269287 17.674 0.031
0.20398358911279502 17.642 0.017
0.2041849797078612 17.656 0.018
0.2044567514285518 17.678 0.026
0.20477688511550696 17.667 0.025
0.20500647875064715 17.652 0.026
0.20511009931828994 17.663 0.023
0.2055719404793308 17.64 0.02
0.20569837437665228 17.726 0.024
0.20783152675107885 17.68 0.021
0.20796039385186305 17.721 0.035
0.2082557740991433 17.657 0.022
0.20830413606563525 17.656 0.022
0.21090905289179318 17.587 0.021
0.2111124532316353 17.717 0.022
0.21466875208534475 17.674 0.024
0.2148692880894032 17.743 0.027
0.21516468727918436 17.764 0.023
0.21529021743276644 17.718 0.029
0.21634657846698246 17.627 0.023
0.21684352903116633 17.777 0.02
0.21694860788352344 17.756 0.027
0.2181487475843369 17.643 0.024
0.22056363388151112 17.874 0.031
0.2206180691289319 17.728 0.023
0.22132263462026458 17.718 0.025
0.22354442636128624 17.772 0.024
0.22381675108294985 17.766 0.018
0.22419674863954242 17.792 0.021
0.2246802776730874 17.634 0.031
0.22510024131179307 17.758 0.023
0.22533224766812054 17.816 0.031
0.2262811867644814 17.691 0.017
0.22641546354543607 17.851 0.022
0.22658826860617864 17.856 0.031
0.22680301263653746 17.707 0.026
0.2276821425500657 17.851 0.031
0.22798059860633657 17.82 0.03
0.22950047004519547 17.755 0.022
0.22992111725420727 17.854 0.03
0.2299860994548908 17.809 0.028
0.23083767150001222 17.685 0.029
0.23338346639354768 17.876 0.032
0.23569557801306473 17.877 0.018
0.23761164378470312 17.876 0.021
0.2386900941271506 17.825 0.028
0.2399210497940203 17.829 0.029
0.2410248373007562 17.861 0.026
0.24169070297784856 17.88 0.03
0.24451102538182568 17.876 0.021
0.2451239852712206 17.92 0.026
0.24530597987302372 17.85 0.023
0.2455926329491831 17.856 0.026
0.24612485523607575 17.855 0.025
0.24671882210873264 17.83 0.027
0.24857884381026452 17.908 0.026
0.24898133365081776 17.886 0.025
0.25 17.954 0.031
0.2511409588880724 17.855 0.029
0.25237672054117866 17.891 0.03
0.25260354814577113 17.906 0.025
0.25351874549278364 17.861 0.03
0.2567851935937142 17.888 0.033
0.25699633697149693 17.907 0.025
0.25727010973650977 17.944 0.029
0.2578914844523297 17.858 0.041
0.2581206648708303 17.85 0.034
0.2581754616155649 17.892 0.023
0.25886204024595827 17.843 0.028
0.2592256090720184 17.878 0.027
0.2599652645108108 17.832 0.033
0.26022954563086387 17.904 0.029
0.2609793655296926 17.864 0.03
0.264422844033561 17.929 0.036
0.26798278142473464 17.919 0.027
0.2680329938966679 17.861 0.024
0.268618121971258 17.914 0.024
0.26877723360826167 17.893 0.029
0.26900773098714126 17.779 0.028
0.26910886971177206 17.94 0.024
0.2703483011393928 17.911 0.037
0.27061508561178016 17.804 0.031
0.27217688372547855 17.937 0.025
0.2733807126564898 17.847 0.027
0.2751487872276357 17.849 0.027
0.2756979108564792 17.839 0.025
0.27579765017731006 17.685 0.03
0.27694899523908134 17.806 0.035
0.27696110134934315 17.835 0.034
0.27968746533747435 17.87 0.024
0.2798099688352522 17.857 0.02
0.2806833081158402 17.746 0.035
0.2830819976370549 17.806 0.028
0.28543363191147364 17.672 0.03
0.285486015935021 17.765 0.022
0.286030062197824 17.805 0.031
0.2863410964614559 17.794 0.032
0.2866043222729786 17.807 0.022
0.2868048075840761 17.745 0.023
0.28720110330232274 17.711 0.028
0.287246499033472 17.688 0.022
0.2872870283579232 17.691 0.027
0.2873378844619765 17.809 0.02
0.28764068413443056 17.818 0.029
0.28768024826763394 17.773 0.03
0.28811304203827603 17.773 0.026
0.28813667002077636 17.803 0.037
0.29034006168376436 17.707 0.025
0.29240088104097595 17.62 0.026
0.29347775277096844 17.663 0.029
0.2944699564986877 17.764 0.024
0.2949035644085143 17.732 0.022
0.29570440119118757 17.665 0.031
0.30211220145224615 17.693 0.023
0.3029811566648277 17.735 0.031
0.303279833921124 17.621 0.02
0.3042042802028391 17.676 0.022
0.3070663792564119 17.68 0.026
0.3089713957665481 17.648 0.026
0.30961339126520215 17.631 0.022
0.3120483678799246 17.635 0.019
0.3135842753151792 17.633 0.022
0.3140588052842759 17.656 0.02
0.3145771211345618 17.641 0.028
0.3159845434490762 17.647 0.021
0.3172646654938944 17.69 0.023
0.3192925065477539 17.585 0.029
0.32034312661539843 17.64 0.025
0.321554254130092 17.616 0.028
0.32234091412294674 17.645 0.032
0.32392262947985273 17.646 0.025
0.32481303242207105 17.621 0.033
0.32483601625926894 17.558 0.021
0.32538957413544267 17.65 0.022
0.327312526814012 17.643 0.021
0.3287636254365225 17.68 0.025
0.32926364259469665 17.613 0.022
0.33100658225976076 17.648 0.022
0.33179923411717027 17.604 0.022
0.333199356307432 17.619 0.019
0.3336168268356232 17.653 0.016
0.334851201893116 17.566 0.025
0.3348655389488613 17.627 0.021
0.33498332606461645 17.604 0.025
0.33544929936954304 17.62 0.023
0.3366103869731205 17.589 0.02
0.33848514000510477 17.635 0.019
0.33945373520600697 17.65 0.019
0.3404161972189286 17.621 0.019
0.3436151700084338 17.626 0.03
0.3438058523568088 17.604 0.031
0.3438330907197269 17.671 0.021
0.3441745999343766 17.623 0.021
0.3447451395425105 17.618 0.017
0.34647052347895624 17.62 0.019
0.34648566494615807 17.629 0.02
0.34666251203339016 17.604 0.028
0.3475935047206349 17.635 0.019
0.34759868244555037 17.669 0.022
0.347984682107608 17.604 0.02
0.3481614800423358 17.622 0.016
0.3484402400556519 17.631 0.022
0.3489630807848698 17.67 0.02
0.3498304276874933 17.644 0.019
0.35166948707842494 17.637 0.024
0.3518032108584066 17.632 0.02
0.3527798998400158 17.627 0.026
0.35318533594681867 17.64 0.023
0.3546493133403601 17.625 0.023
0.35571992079940173 17.63 0.017
0.3560268823129036 17.594 0.027
0.35632399171140605 17.601 0.023
0.35652769518151217 17.618 0.019
0.3567487920604435 17.611 0.025
0.3570965757871818 17.63 0.019
0.35916035165155336 17.658 0.017
0.36039182038121 17.613 0.018
0.361053855504224 17.609 0.021
0.3616062971377687 17.668 0.034
0.3627402380361673 17.594 0.023
0.3637926968278862 17.625 0.015
0.36403117841427957 17.635 0.027
0.3643241551549181 17.593 0.027
0.364440696485417 17.638 0.024
0.3652520397697572 17.66 0.021
0.3654879673110827 17.665 0.017
0.3656036939887599 17.619 0.019
0.3675018727449242 17.582 0.035
0.3677614287821598 17.65 0.025
0.36790887722304433 17.692 0.025
0.3680189832616634 17.644 0.016
0.36891753937857175 17.613 0.02
0.3692622058183588 17.64 0.017
0.36963923816688293 17.614 0.02
0.3698177140461212 17.629 0.018
0.3698794079389245 17.64 0.025
0.37040675306411686 17.593 0.02
0.3705989541178951 17.625 0.026
0.37086945957071293 17.615 0.035
0.3712828481343422 17.645 0.017
0.37188254521925046 17.565 0.027
0.373436209100646 17.657 0.026
0.3753127209804461 17.639 0.018
0.37567101120907864 17.639 0.021
0.3764321834994462 17.607 0.027
0.3765286555083094 17.63 0.016
0.37719778849714203 17.614 0.033
0.3780972498977917 17.599 0.021
0.37841754385112836 17.663 0.026
0.37858002367215704 17.618 0.023
0.37943068019239945 17.628 0.02
0.3795485087864563 17.651 0.021
0.3802519682762977 17.668 0.022
0.38038390197141325 17.574 0.024
0.38191542636513987 17.61 0.025
0.38294781737545236 17.598 0.025
0.3857500919841641 17.666 0.015
0.3858602384746064 17.619 0.024
0.386030067572392 17.649 0.027
0.3893376696873929 17.628 0.018
0.3894568152422835 17.634 0.022
0.39350166877579795 17.655 0.018
0.39613644661790204 17.656 0.025
0.39771353776404794 17.618 0.023
0.398586363981849 17.616 0.023
0.3989930663562973 17.589 0.017
0.4026620949291555 17.677 0.028
0.4028983542707465 17.636 0.02
0.4033859550274883 17.577 0.023
0.4044060289686513 17.618 0.019
0.4046112501173411 17.615 0.025
0.4046118937492338 17.669 0.02
0.4069296956427024 17.602 0.022
0.4070908677178977 17.579 0.023
0.41049303142835925 17.607 0.02
0.4108157483440209 17.62 0.027
0.4124188100449828 17.609 0.022
0.41254122291161366 17.586 0.022
0.41295507384484154 17.622 0.025
0.41297675147598056 17.71 0.03
0.4137906083535654 17.629 0.024
0.41475803815910695 17.603 0.024
0.4161277642482446 17.6 0.017
0.4169974747194374 17.649 0.02
0.4191099141403356 17.628 0.027
0.4191926614882959 17.617 0.03
0.42036908206227963 17.611 0.023
0.4215323729679312 17.602 0.019
0.42159371457773887 17.68 0.018
0.42177388991126463 17.627 0.025
0.42192460566400314 17.615 0.019
0.42271403066092716 17.591 0.033
0.42341833552723074 17.673 0.016
0.4238602886287026 17.639 0.026
0.4248549644714785 17.681 0.028
0.42558301764825046 17.64 0.019
0.4258883114582659 17.595 0.027
0.4265562375733225 17.606 0.024
0.42999983589197655 17.627 0.024
0.4322862580640958 17.615 0.027
0.4323849016245731 17.633 0.028
0.4340888593405907 17.608 0.027
0.4354138538128609 17.623 0.02
0.4354586970566743 17.674 0.025
0.4368006138668079 17.593 0.02
0.43767756198747065 17.595 0.027
0.437885026376307 17.614 0.018
0.43886574714338167 17.584 0.024
0.44052431885620535 17.678 0.019
0.4420333402115375 17.62 0.023
0.44226113403374256 17.625 0.022
0.44339427973545753 17.598 0.022
0.4453198069413702 17.634 0.02
0.44552385245333426 17.608 0.019
0.4463214618619986 17.646 0.019
0.446623155532734 17.589 0.03
0.4472013460076596 17.65 0.033
0.44728664842705257 17.609 0.026
0.4474073521121227 17.653 0.021
0.4479745235360042 17.613 0.022
0.4480354534687194 17.637 0.018
0.44832838975821687 17.643 0.03
0.4483340206381854 17.604 0.024
0.45032485109072695 17.65 0.016
0.4512605683473794 17.651 0.024
0.45181859016838644 17.616 0.017
0.4530172311331171 17.602 0.02
0.4530848472550133 17.61 0.019
0.45554546262405893 17.642 0.026
0.4559489069013125 17.668 0.032
0.45624767478875583 17.595 0.02
0.4563672724718799 17.663 0.025
0.4578981629617829 17.669 0.028
0.45855793538885337 17.654 0.022
0.45945861287782463 17.67 0.017
0.4595705192427886 17.588 0.02
0.45973405437280235 17.64 0.015
0.46010456079829964 17.628 0.02
0.46071231172595617 17.612 0.018
0.4626658402276007 17.627 0.02
0.46311330388130045 17.614 0.028
0.4640167965537785 17.631 0.02
0.4655803637567715 17.63 0.023
0.4658867825105517 17.62 0.021
0.4659443350449237 17.584 0.024
0.46714176913587835 17.595 0.018
0.47077363656853777 17.608 0.017
0.47098620699364346 17.581 0.022
0.4711294132036983 17.608 0.014
0.4715104870649611 17.645 0.02
0.4725543897063744 17.671 0.023
0.47415012158649006 17.682 0.034
0.4752983892992688 17.642 0.02
0.4761264332075825 17.67 0.027
0.4763488977398538 17.605 0.026
0.47987577746494026 17.584 0.022
0.47989407615705204 17.605 0.022
0.48012941075921844 17.631 0.016
0.48314570383672617 17.629 0.025
0.483979610580036 17.616 0.018
0.48430306175851 17.635 0.026
0.4857257059300082 17.638 0.019
0.48625321286181133 17.58 0.024
0.48694859751333297 17.6 0.018
0.4883004186715425 17.662 0.028
0.48960859219164377 17.622 0.02
0.49038268524509476 17.603 0.019
0.49141964004525107 17.596 0.017
0.4924449526454282 17.669 0.022
0.4926729973649344 17.632 0.023
0.4936589163394274 17.615 0.018
0.4939370829001746 17.65 0.025
0.4942431406700507 17.625 0.027
0.49477673931164645 17.624 0.028
0.49540140233557395 17.625 0.017
0.4959134856658238 17.573 0.024
0.5010660478912996 17.536 0.019
0.5015554279782464 17.631 0.032
0.5022379942795396 17.59 0.022
0.5028071667472886 17.61 0.018
0.5031612439288438 17.593 0.022
0.506423509192814 17.612 0.027
0.5082247535701754 17.621 0.022
0.5086682156490951 17.621 0.024
0.5099076178930773 17.611 0.023
0.5099298971645112 17.615 0.026
0.5103834540682328 17.608 0.02
0.5108505738264739 17.606 0.017
0.5108638555734615 17.671 0.024
0.5110194976404046 17.601 0.023
0.5114586667955336 17.631 0.017
0.5116124092044174 17.623 0.022
0.5120133900675228 17.649 0.035
0.5123545782364545 17.611 0.017
0.5123690566160803 17.656 0.021
0.5139581023072424 17.609 0.027
0.5152351275473848 17.586 0.034
0.51626299367922 17.616 0.032
0.5166819926405424 17.587 0.022
0.5177936824243261 17.648 0.025
0.5181960519369113 17.645 0.023
0.5186547353594051 17.654 0.019
0.5189481340185012 17.642 0.029
0.5201863887824629 17.63 0.022
0.5207789880014388 17.613 0.024
0.5208906030177332 17.65 0.02
0.5210466480607465 17.588 0.023
0.5214499417993466 17.6 0.02
0.5217544803506371 17.64 0.021
0.5236031322583585 17.662 0.02
0.5248589929301488 17.677 0.029
0.5250343832731232 17.659 0.029
0.5252333698479106 17.617 0.02
0.5270234640920535 17.632 0.022
0.5272490858494621 17.65 0.019
0.5290639642571477 17.599 0.02
0.5291624373098784 17.574 0.024
0.5292972773327165 17.634 0.02
0.5301913188120579 17.626 0.019
0.530257225752166 17.573 0.023
0.5303515364505529 17.636 0.022
0.53085727512007 17.623 0.015
0.5310839122480502 17.623 0.019
0.5312781542841094 17.644 0.027
0.5312932957510839 17.616 0.022
0.5318815114155768 17.648 0.024
0.5335340200886094 17.586 0.024
0.5343053568390133 17.615 0.023
0.535749467682308 17.652 0.026
0.5364140665783452 17.61 0.019
0.5367417917382227 17.624 0.025
0.5371501531153626 17.591 0.023
0.5381332860895327 17.629 0.025
0.5396961902049497 17.59 0.02
0.5405331722433857 17.579 0.018
0.5420589853672482 17.649 0.026
0.5422860147164101 17.631 0.016
0.5433177518536922 17.594 0.02
0.5433387249188399 17.685 0.028
0.543718179716052 17.593 0.021
0.5461207714797638 17.603 0.023
0.547205967405489 17.647 0.025
0.5474923081367251 17.626 0.017
0.549117911274152 17.62 0.018
0.5496825091972823 17.626 0.029
0.5510384614728991 17.626 0.019
0.5519942372966398 17.625 0.018
0.5520707516109269 17.572 0.018
0.5526995160550996 17.636 0.033
0.5542668943562603 17.637 0.018
0.5554711257498184 17.657 0.02
0.5569724455456253 17.685 0.018
0.5585302717815921 17.646 0.022
0.5591807133434941 17.625 0.018
0.559581776136838 17.593 0.025
0.5601555830567122 17.598 0.021
0.5603233015369824 17.651 0.02
0.5619097322492053 17.612 0.016
0.5625996181297523 17.63 0.023
0.5660350914305354 17.656 0.023
0.5663148872968122 17.661 0.017
0.5667913271652196 17.602 0.024
0.5669483368859574 17.623 0.029
0.567691090155904 17.605 0.022
0.5683259370955511 17.645 0.024
0.57241632819796 17.657 0.02
0.5724407303814587 17.649 0.025
0.5728514537864839 17.634 0.019
0.5738229046223751 17.64 0.025
0.5758654058315642 17.652 0.018
0.5767750926263489 17.602 0.021
0.5770140365823409 17.628 0.024
0.5784082959373791 17.602 0.028
0.5784802766718258 17.631 0.025
0.5814168383028573 17.649 0.023
0.5831960635209725 17.652 0.018
0.5842400567933055 17.605 0.022
0.5852036749870422 17.637 0.018
0.5861196050566377 17.637 0.021
0.5871219230650695 17.66 0.021
0.5884342896631551 17.638 0.024
0.5886703482872235 17.607 0.026
0.5887487417772945 17.611 0.021
0.5891909370750454 17.631 0.029
0.5906424473746483 17.628 0.021
0.5908578037997358 17.647 0.019
0.5948593128255197 17.718 0.024
0.5952172712536594 17.635 0.02
0.5956581588052359 17.615 0.018
0.5960883790753542 17.632 0.026
0.5961190542309396 17.6 0.023
0.5962768089691508 17.713 0.028
0.5962846011595957 17.642 0.023
0.5969885435015385 17.613 0.023
0.5972949622555461 17.684 0.025
0.597973839326869 17.602 0.016
0.5991323124644623 17.601 0.026
0.5997008510285013 17.659 0.018
0.6009746995880505 17.589 0.029
0.601090827701455 17.604 0.018
0.6022720245648543 17.643 0.029
0.6036067021850613 17.622 0.018
0.6037408688789583 17.634 0.019
0.6043802913902709 17.605 0.02
0.6055519361884762 17.641 0.021
0.6059124885994152 17.587 0.021
0.6060036825244879 17.594 0.031
0.6072673159312671 17.592 0.017
0.6073873252912563 17.58 0.019
0.607603284896868 17.599 0.015
0.6081895696656829 17.605 0.019
0.6082670486573534 17.677 0.026
0.6120902523114182 17.595 0.029
0.6121062289137171 17.612 0.033
0.6122153200954017 17.595 0.026
0.6122915328194267 17.667 0.019
0.6128265897455094 17.622 0.024
0.6134560393002175 17.631 0.02
0.6142587859822015 17.65 0.017
0.6144526357968516 17.615 0.019
0.6146164730305372 17.62 0.018
0.6148288826761927 17.6 0.024
0.615600652612784 17.656 0.03
0.6158251683684739 17.67 0.018
0.6158969570863064 17.64 0.031
0.616796528573559 17.699 0.024
0.6186360902722754 17.665 0.019
0.6199211990519871 17.59 0.025
0.620220228591279 17.643 0.022
0.6208097110370545 17.671 0.026
0.621604766400651 17.603 0.018
0.6222378949441918 17.634 0.027
0.6223571910372812 17.639 0.027
0.6225294236417085 17.613 0.017
0.6226164449708449 17.714 0.026
0.6236137455205153 17.66 0.018
0.6240327147847893 17.593 0.022
0.6246473930705179 17.659 0.019
0.6249556121508704 17.681 0.031
0.6249644089573394 17.56 0.028
0.6251509197370524 17.701 0.016
0.6278730010428717 17.621 0.024
0.6282365698684771 17.627 0.021
0.6289388726640937 17.609 0.023
0.6314534496427768 17.637 0.024
0.6316808906688038 17.64 0.022
0.6327130707200013 17.701 0.019
0.6329831834382276 17.644 0.021
0.6330880513312422 17.673 0.03
0.6379145479127146 17.686 0.024
0.6383652788781546 17.685 0.022
0.6431498385436498 17.606 0.018
0.6440995313587337 17.713 0.03
0.6457329266868328 17.663 0.019
0.6462666871345846 17.643 0.024
0.6463384656108246 17.617 0.017
0.6464636941745994 17.629 0.026
0.6467663730056756 17.689 0.02
0.648149775116508 17.674 0.025
0.6482975241208351 17.647 0.023
0.6506920912256646 17.634 0.021
0.6526216307611321 17.621 0.02
0.6581200058797094 17.644 0.018
0.6582426803981889 17.62 0.02
0.6583999220738406 17.584 0.027
0.658453733145052 17.649 0.025
0.6591209961725326 17.617 0.019
0.6599436411554507 17.623 0.028
0.6616051488931589 17.659 0.02
0.6616172447618283 17.611 0.022
0.6634278092499244 17.654 0.024
0.6634450526335058 17.616 0.018
0.663617093734274 17.621 0.022
0.6678295556616831 17.629 0.022
0.6687554095353789 17.645 0.02
0.6698461754067466 17.573 0.021
0.6708735899233034 17.62 0.027
0.6723275528818249 17.621 0.023
0.6723967880682267 17.652 0.025
0.6751579404137829 17.638 0.03
0.6755496114078596 17.603 0.02
0.6776810540870883 17.654 0.022
0.6781285668935197 17.612 0.021
0.6800825086122586 17.618 0.028
0.6801087915118842 17.634 0.023
0.680377103903993 17.607 0.019
0.6807823986866879 17.599 0.018
0.6819597649960087 17.616 0.021
0.683942803257878 17.653 0.018
0.6843671012991308 17.6 0.02
0.6849554270502267 17.624 0.028
0.6849657522895995 17.655 0.025
0.6856251232809427 17.665 0.024
0.6863217460436317 17.598 0.028
0.6867985873477664 17.625 0.029
0.6868206976519105 17.668 0.024
0.6869869383920104 17.626 0.021
0.6870360136254021 17.599 0.02
0.6876972950296931 17.618 0.029
0.6892612037609069 17.7 0.021
0.6905724141784049 17.657 0.026
0.6910693452866781 17.652 0.019
0.6915932520792012 17.578 0.024
0.6915983197175137 17.612 0.023
0.6920752618939332 17.628 0.021
0.6925477611218867 17.615 0.022
0.693931655299366 17.655 0.023
0.6942075489228046 17.637 0.031
0.6955210112816985 17.639 0.028
0.6960109653655309 17.66 0.025
0.696362066583788 17.659 0.019
0.6966989408331301 17.648 0.022
0.6967576085833116 17.645 0.026
0.6973463562526376 17.624 0.025
0.6997187439321806 17.65 0.025
0.7000931715426759 17.635 0.018
0.7006973433267376 17.618 0.027
0.7008823451290027 17.593 0.023
0.7012695419373358 17.643 0.026
0.7013424366564323 17.611 0.024
0.7016654357064454 17.652 0.019
0.7021280408273469 17.668 0.022
0.7038266293152446 17.587 0.016
0.7042079038942575 17.621 0.023
0.7049117658464183 17.604 0.024
0.7059414916982405 17.629 0.025
0.7069014401179174 17.647 0.024
0.709583112427481 17.599 0.023
0.7106473250462386 17.664 0.02
0.7108734998046202 17.674 0.027
0.7113312380049592 17.734 0.021
0.7116859593315894 17.712 0.026
0.7123725676590311 17.673 0.021
0.7133042633720379 17.595 0.021
0.7134888222601603 17.701 0.022
0.7139108980566107 17.664 0.021
0.7172152016223663 17.7 0.022
0.7190537986432446 17.655 0.026
0.7194565798329222 17.622 0.02
0.7199998211706315 17.729 0.019
0.7201414887063038 17.622 0.02
0.7208584112051994 17.639 0.025
0.7232975394197183 17.716 0.022
0.7237083534560043 17.751 0.031
0.7250035780564303 17.693 0.02
0.7270851400639913 17.77 0.022
0.7273011099105133 17.686 0.02
0.7294467887732026 17.669 0.035
0.7295425475149386 17.798 0.029
0.7298794217642808 17.774 0.02
0.7302923172342162 17.884 0.039
0.7339327321165001 17.732 0.026
0.7378577457703841 17.802 0.028
0.7378796451152994 17.787 0.022
0.7381287535313277 17.858 0.035
0.7385631463971549 17.832 0.03
0.738906113896519 17.838 0.034
0.7393028018359473 17.819 0.038
0.7399239655931069 17.876 0.026
0.7417061365638347 17.813 0.025
0.7420446698156411 17.812 0.026
0.7429150223783836 17.808 0.033
0.7441121456647579 17.85 0.021
0.7455842869878779 17.803 0.025
0.7464247283548957 17.822 0.027
0.7469501246691834 17.754 0.029
0.7487658161892341 17.829 0.029
0.7509150552530173 17.844 0.025
0.7509462240152516 17.878 0.026
0.7511886672382388 17.807 0.03
0.7516129847347202 17.806 0.028
0.7519178858103714 17.75 0.032
0.7532124964761806 17.775 0.023
0.7546971258891517 17.775 0.029
0.7555526093915432 17.836 0.031
0.7557155008896643 17.846 0.025
0.7564487717295378 17.821 0.023
0.7574911464510024 17.854 0.035
0.7582094970241542 17.854 0.027
0.7584939370703978 17.833 0.03
0.7585243521139091 17.826 0.021
0.7590646267030934 17.787 0.024
0.7593311807606824 17.835 0.027
0.7603129373808315 17.781 0.024
0.7604581932741894 17.858 0.028
0.7617995468419849 17.83 0.021
0.7621028903008664 17.833 0.026
0.7624111093812189 17.84 0.027
0.762621699758256 17.84 0.023
0.7629199044035886 17.815 0.029
0.7639425426305024 17.863 0.026
0.7641438425941942 17.863 0.023
0.7650036988968623 17.872 0.022
0.7651658771278562 17.81 0.03
0.7655479453637781 17.748 0.024
0.7667385340262172 17.766 0.027
0.7683057607623596 17.783 0.021
0.7693693399905897 17.776 0.025
0.771203321502071 17.81 0.024
0.7716396437231197 17.734 0.027
0.771742993937778 17.818 0.023
0.7717571707273692 17.82 0.025
0.772973648014613 17.778 0.023
0.7731390029266549 17.7 0.022
0.773170414398237 17.81 0.034
0.7757517523948536 17.767 0.029
0.7759723469655455 17.825 0.024
0.7770926732898715 17.752 0.031
0.7774012851048155 17.67 0.04
0.7777887835031834 17.765 0.023
0.7778306103323303 17.781 0.021
0.7789309687207151 17.789 0.022
0.7804589933343777 17.75 0.022
0.780468746117549 17.808 0.021
0.7814359337269252 17.746 0.021
0.7820890706577757 17.736 0.022
0.782444243599457 17.707 0.024
0.782496476057986 17.63 0.026
0.7853278595046049 17.79 0.033
0.7854483117787368 17.745 0.018
0.7857684454659193 17.861 0.028
0.7860390707335227 17.774 0.032
0.7865256458783279 17.744 0.019
0.7865768230283265 17.687 0.039
0.7871353978500792 17.723 0.022
0.7891547334463667 17.699 0.031
0.7895695193603842 17.725 0.02
0.7895942128930074 17.751 0.022
0.789644746410886 17.735 0.022
0.7900563750997662 17.666 0.023
0.7908874159668358 17.676 0.025
0.7915031598026872 17.64 0.021
0.791997075009931 17.744 0.023
0.7922402422543655 17.71 0.024
0.7943099403480574 17.752 0.019
0.7968063282075946 17.702 0.026
0.7969254133415689 17.696 0.025
0.7972389611986728 17.636 0.021
0.7972884793462072 17.639 0.024
0.7975301376134212 17.638 0.025
0.7980363284112855 17.629 0.033
0.8001630961869068 17.664 0.026
0.8020173876757326 17.638 0.021
0.8028958949535081 17.731 0.022
0.8035540995226711 17.636 0.023
0.8056632311800058 17.62 0.02
0.8057176756419722 17.687 0.022
0.8066851648413831 17.691 0.025
0.8069705603504644 17.659 0.018
0.8071397862681806 17.636 0.031
0.8081384754673309 17.682 0.027
0.8108643560897235 17.641 0.021
0.8122705612890968 17.665 0.026
0.8130194267514526 17.628 0.02
0.8144342280393175 17.649 0.02
0.8168746435176217 17.661 0.026
0.8173497664254228 17.704 0.022
0.8182324570534547 17.609 0.019
0.8182585479364661 17.618 0.018
0.8226853703740744 17.711 0.022
0.8228215570543398 17.631 0.023
0.8239302114814109 17.644 0.019
0.8242950972680774 17.623 0.02
0.8243792522075637 17.631 0.026
0.8248263738196329 17.665 0.031
0.8253027338116681 17.679 0.023
0.8254115838240068 17.587 0.02
0.8259555793938489 17.686 0.019
0.8262129126730997 17.665 0.024
0.8266122345337408 17.616 0.022
0.827385965062831 17.669 0.021
0.8307538724210417 17.617 0.022
0.830890865053334 17.685 0.025
0.8320324972698927 17.621 0.021
0.8323425760704595 17.611 0.029
0.8325193740051873 17.653 0.02
0.8361662820324227 17.637 0.022
0.8367376675305422 17.629 0.02
0.8375951203263412 17.652 0.027
0.8384020902967677 17.623 0.021
0.840005473043675 17.634 0.025
0.8402416519954841 17.685 0.026
0.8404444501820763 17.648 0.022
0.8411868706248242 17.627 0.022
0.8428506303037011 17.613 0.019
0.843214701437546 17.653 0.021
0.8433434395094537 17.636 0.02
0.8441700251328257 17.677 0.021
0.844738754173477 17.593 0.05
0.8453686660975563 17.624 0.022
0.8464022035614107 17.58 0.023
0.8467951408231329 17.658 0.021
0.8476010954232152 17.653 0.023
0.8495899253448442 17.602 0.023
0.8497092716174848 17.642 0.024
0.8508680463455676 17.595 0.023
0.8513684055453723 17.642 0.026
0.8514517576138587 17.647 0.021
0.8518274325497259 17.642 0.018
0.8522106170287316 17.668 0.019
0.8522325860085402 17.62 0.023
0.8562004229202103 17.579 0.028
0.8571286997560037 17.618 0.018
0.8574880959863549 17.624 0.018
0.8600410112817372 17.622 0.026
0.8600654938552452 17.597 0.025
0.8601616238222505 17.589 0.026
0.8604951800668914 17.644 0.016
0.8615273693326344 17.589 0.023
0.8617662728370306 17.625 0.022
0.8618364936967282 17.593 0.024
0.8620044630742996 17.703 0.021
0.8622310899609147 17.622 0.03
0.8632360224348758 17.666 0.024
0.8636357370301084 17.648 0.021
0.8638048021680333 17.605 0.018
0.863945765137828 17.597 0.027
0.864893598746221 17.604 0.03
0.8660477487499065 17.628 0.029
0.8666394529266199 17.608 0.02
0.8675217810302911 17.689 0.02
0.8684398022614914 17.654 0.016
0.8687176569910662 17.607 0.016
0.8688337548940126 17.6 0.031
0.8711580724693704 17.632 0.024
0.8724782312581283 17.601 0.029
0.8739072702696831 17.663 0.02
0.8745835221207017 17.653 0.02
0.8749943970906315 17.62 0.022
0.875670056002491 17.656 0.022
0.8757280294280463 17.628 0.031
0.8758637450375772 17.655 0.018
0.8767254713015973 17.641 0.018
0.8770728525657887 17.625 0.018
0.8770767737510141 17.611 0.022
0.8778907315008837 17.625 0.016
0.8815599013973952 17.611 0.026
0.882013758864332 17.646 0.024
0.8829325845072162 17.656 0.018
0.8832630741576395 17.578 0.018
0.8841866253969783 17.654 0.022
0.885461479085734 17.654 0.022
0.8858296634214184 17.611 0.03
0.8876478285965277 17.652 0.018
0.8887467194861074 17.608 0.018
0.8888521403798677 17.658 0.016
0.8899303797632001 17.641 0.029
0.8937545982744268 17.602 0.025
0.8939241068396768 17.616 0.023
0.8949065767267257 17.676 0.015
0.8950521849030793 17.637 0.022
0.8953505308725198 17.642 0.022
0.8970961341556176 17.619 0.023
0.8989365504453417 17.602 0.02
0.9012859225369994 17.648 0.024
0.902887646281215 17.625 0.017
0.9037219334643396 17.586 0.022
0.9039060806754833 17.646 0.029
0.9039096408764635 17.646 0.015
0.9057720159050859 17.649 0.015
0.9070929791055278 17.692 0.027
0.9085802337385758 17.565 0.024
0.9088982056020996 17.686 0.028
0.9096185157409309 17.67 0.026
0.9097853586345082 17.616 0.028
0.9111428198875728 17.604 0.025
0.9138278501400237 17.621 0.022
0.914061857540446 17.619 0.021
0.9155110652059193 17.636 0.019
0.9157538904084959 17.609 0.021
0.9162665666776775 17.613 0.022
0.9170212534968414 17.639 0.019
0.9178315916517477 17.674 0.023
0.918619558364071 17.633 0.019
0.9207281165383847 17.64 0.025
0.9208082105092217 17.638 0.023
0.9213414389521404 17.609 0.021
0.9248443174158183 17.596 0.032
0.92668136552129 17.616 0.021
0.9273333964506492 17.614 0.023
0.9290580860624686 17.622 0.019
0.9300515058785095 17.633 0.019
0.9304453381830626 17.601 0.029
0.9311558863241771 17.608 0.021
0.9315527452847618 17.611 0.015
0.9327394619147071 17.589 0.021
0.9332996552873283 17.594 0.02
0.9341867591670052 17.612 0.025
0.9349984547341137 17.615 0.022
0.9356777834202603 17.628 0.022
0.9360404976550853 17.6 0.022
0.9361345067636648 17.577 0.02
0.9372738261049562 17.631 0.025
0.9386784327225541 17.644 0.019
0.9391985386580473 17.586 0.019
0.9392085530930672 17.561 0.023
0.9405250820458377 17.63 0.025
0.9407746246749866 17.609 0.022
0.9408007754650498 17.573 0.026
0.9408558840411843 17.57 0.025
0.9412972739005454 17.627 0.025
0.9420860358097798 17.657 0.02
0.9421224831696691 17.621 0.019
0.9423328625875911 17.636 0.019
0.9427913545065394 17.598 0.033
0.9429071825700248 17.577 0.029
0.9439384168858851 17.621 0.018
0.9443867950378717 17.631 0.021
0.9445356510705096 17.626 0.016
0.9445640046494646 17.634 0.025
0.9446819433303517 17.588 0.02
0.9449868444057756 17.66 0.02
0.9455228470671955 17.605 0.019
0.9461053514614832 17.651 0.02
0.9471269430810025 17.639 0.029
0.9473084666119576 17.653 0.016
0.9477040086119359 17.635 0.023
0.9511867184216953 17.591 0.025
0.9512094006688585 17.657 0.02
0.9512980210929527 17.619 0.019
0.9516442958424705 17.558 0.033
0.9517690620364192 17.628 0.018
0.9520144602263372 17.606 0.025
0.9521083090685352 17.613 0.025
0.9526376757205526 17.622 0.025
0.95338934612505 17.659 0.017
0.9535257842159126 17.586 0.02
0.9542536264336832 17.625 0.017
0.9542833876043915 17.662 0.02
0.9548277354572292 17.619 0.018
0.9548278957233833 17.61 0.028
0.9548575974999949 17.591 0.023
0.9554365416934161 17.609 0.021
0.9565979815799892 17.61 0.017
0.9566119474104653 17.621 0.018
0.9575980875849837 17.625 0.015
0.9578355834976264 17.612 0.024
0.9582001379969824 17.614 0.02
0.9589505615895177 17.649 0.018
0.9603580837494974 17.605 0.024
0.96150916715942 17.652 0.024
0.9629237272779392 17.654 0.018
0.9647071947267705 17.609 0.028
0.964726489333998 17.587 0.022
0.965025930550155 17.581 0.032
0.9653485583748989 17.634 0.017
0.9722870320074435 17.659 0.017
0.9731150759155298 17.613 0.024
0.9740017179390179 17.669 0.026
0.9768087877794187 17.613 0.02
0.9788950262307026 17.631 0.016
0.9808083275120225 17.63 0.025
0.98093797956858 17.602 0.02
0.9813417254356409 17.543 0.02
0.9815919203974772 17.606 0.018
0.9820097329670716 17.629 0.016
0.9824820002399974 17.675 0.027
0.9845671014527397 17.616 0.022
0.9846041422647431 17.594 0.028
0.9853096227677725 17.64 0.02
0.9860039326549668 17.637 0.032
0.9871834500333989 17.605 0.021
0.9879875643689502 17.604 0.023
0.9905302936954286 17.618 0.032
0.9908102098895597 17.602 0.022
0.9910695442129054 17.667 0.019
0.9913232875944686 17.58 0.027
0.9918749161151936 17.624 0.021
0.9920425332099967 17.602 0.033
0.9922558276568907 17.592 0.022
0.9936848769095832 17.588 0.022
0.9938100952319928 17.609 0.017
0.9941593459445812 17.633 0.024
0.9946479723130324 17.712 0.023
0.9984573514607291 17.613 0.029
0.9990636041654852 17.627 0.023
0.9996153412330386 17.602 0.025
0.9999258224959249 17.575 0.036
