0.00020528727236523991 16.997 0.016
0.0016003104128685663 17.022 0.014
0.0016508092580806988 17.022 0.013
0.002098364684798071 17.025 0.014
0.00228911317890379 17.071 0.014
0.003399931714284321 17.052 0.015
0.006052136642892947 17.047 0.015
0.007718153160567454 17.072 0.014
0.009339727314454649 17.026 0.017
0.01038969498267761 17.057 0.018
0.011050236807250258 17.053 0.019
0.012130254693829556 17.044 0.015
0.01288957910355748 17.036 0.016
0.01301945164755125 17.014 0.015
0.015339526277330151 17.034 0.016
0.017202332898932582 17.029 0.031
0.01902229139204792 17.046 0.017
0.019147259586588916 17.027 0.017
0.020358454942197568 17.077 0.025
0.021417422351987625 17.062 0.013
0.023847598890370136 17.051 0.014
0.025836935902589175 17.052 0.012
0.025960067463529413 17.019 0.015
0.02644837666912281 17.042 0.018
0.0276084880504186 17.032 0.015
0.028776914672107523 17.043 0.014
0.029850262164245578 17.036 0.016
0.030778569901485753 17.024 0.014
0.032442500875504265 17.035 0.011
0.03804494233054356 17.03 0.012
0.03895435897720745 17.032 0.013
0.03964865817761165 17.048 0.013
0.04109722605062416 17.032 0.015
0.041619719863319915 17.023 0.014
0.04300034760399285 17.035 0.014
0.04765229728491249 17.054 0.016
0.05240291345694459 17.03 0.02
0.054505561270161706 17.041 0.014
0.054563198139931046 17.0 0.018
0.060275936546986486 17.071 0.015
0.06338053391800713 17.07 0.014
0.06345426815551036 17.058 0.014
0.06475338138284314 17.039 0.014
0.06523700636535068 17.036 0.014
0.06805975030601985 17.04 0.015
0.06806308550358153 17.069 0.015
0.06952377329548654 17.081 0.027
0.071343390462971 17.044 0.016
0.07481479360285448 17.028 0.013
0.07544065810679967 17.015 0.015
0.07743416805669767 17.039 0.016
0.0789010888008761 17.045 0.012
0.08140354792340077 17.033 0.016
0.08212149953624248 17.05 0.02
0.08294540890392454 17.054 0.018
0.0830592091631388 17.049 0.012
0.08747575252027673 17.048 0.013
0.0875702177365838 17.058 0.018
0.08912515527890719 17.046 0.011
0.08928972697071913 17.051 0.014
0.09374268491001203 17.082 0.019
0.09500138383373269 17.066 0.012
0.09546658210138048 17.063 0.019
0.09741148370630981 17.025 0.014
0.09766002045853384 17.048 0.015
0.09770060287223714 17.064 0.016
0.100633393004955 17.049 0.013
0.10176506186871848 17.054 0.015
0.10545243876777022 17.047 0.014
0.10714593745842649 17.039 0.012
0.11001662381477217 17.023 0.019
0.11334430929264272 17.034 0.014
0.11463164577708085 17.065 0.015
0.11598005695623215 17.052 0.017
0.11620341579941851 17.064 0.015
0.12332057738649382 17.076 0.012
0.1236091532273349 17.049 0.014
0.12427450373002102 17.057 0.014
0.12520845743893005 17.082 0.016
0.12543135050236742 17.044 0.011
0.12575860153492613 17.085 0.014
0.12605508070237192 17.055 0.011
0.13025248506346543 17.048 0.014
0.13039607686664567 17.042 0.014
0.13233398487818704 17.048 0.015
0.1352362269731202 17.052 0.014
0.1355911282885245 17.043 0.018
0.13758341551715603 17.059 0.018
0.14149790347664748 17.047 0.014
0.14386190082313988 17.023 0.012
0.14397278475507846 17.054 0.012
0.14591003194323093 17.052 0.012
0.14824181087669785 17.06 0.014
0.14978720209751373 17.055 0.014
0.15042930699610224 17.063 0.023
0.1520242919878001 17.01 0.024
0.152244218112628 17.058 0.014
0.1539680177829723 17.078 0.014
0.15413774273292802 17.058 0.02
0.1570488870479494 17.046 0.013
0.1579475109742816 17.055 0.018
0.15889480732312222 17.068 0.015
0.16000071965936513 17.078 0.018
0.16219057205898935 17.074 0.015
0.16390590510081893 17.057 0.017
0.17240831316939875 17.071 0.015
0.17375872909201462 17.06 0.014
0.17433890668462482 17.059 0.013
0.17729699267079013 17.072 0.014
0.17774545783072426 17.098 0.015
0.17898219609833177 17.029 0.015
0.17903443916111428 17.066 0.012
0.17979827457838837 17.076 0.016
0.18063361566260028 17.098 0.018
0.1807158601836818 17.054 0.014
0.18207651714055828 17.077 0.016
0.18426065112953438 17.034 0.017
0.18466033798449644 17.029 0.014
0.18929712370891139 17.104 0.014
0.19177249444578592 17.16 0.016
0.1925050936226853 17.168 0.019
0.1942502920512652 17.144 0.015
0.19795962775606313 17.203 0.021
0.1987624309297189 17.233 0.015
0.2013747648793469 17.204 0.014
0.2049612467164934 17.338 0.024
0.2054233772689713 17.335 0.02
0.20548727402433542 17.268 0.018
0.20710293472438934 17.284 0.024
0.209946387816899 17.311 0.015
0.21039001921599265 17.322 0.015
0.21053539704166724 17.328 0.021
0.21129278219041225 17.104 0.016
0.21130365571070797 17.22 0.02
0.21236272064174955 17.324 0.017
0.21446333352264446 17.428 0.028
0.21612174623464853 17.431 0.025
0.22113392370511065 17.337 0.017
0.22445486634978806 17.246 0.018
0.22445957565514618 17.271 0.021
0.2302397614810161 17.439 0.019
0.23092402815655078 17.465 0.024
0.23137222583454786 17.45 0.016
0.2321797383140165 17.419 0.026
0.2337514544701662 17.436 0.02
0.23484708026535372 17.437 0.014
0.23646941972083368 17.455 0.017
0.23852130816339923 17.433 0.023
0.2434831349223714 17.375 0.023
0.2445174691529246 17.461 0.015
0.24872819573056404 17.442 0.018
0.24996734599562842 17.439 0.024
0.25 17.473 0.021
0.2508818118697036 17.388 0.016
0.2511445034726876 17.407 0.017
0.25192191327187174 17.457 0.02
0.25217422591867944 17.471 0.019
0.25323589278468717 17.408 0.025
0.2536751562038262 17.46 0.021
0.2542136447559642 17.437 0.023
0.2575197884480076 17.462 0.026
0.26070685927243176 17.316 0.023
0.2638468839481902 17.396 0.015
0.26426502119602446 17.41 0.021
0.26610002614643236 17.214 0.021
0.2682348654384441 17.287 0.014
0.2683242294124284 17.373 0.016
0.26880059050972704 17.326 0.018
0.2703709427685226 17.171 0.015
0.2721024925263009 17.264 0.014
0.2722469401960552 17.404 0.016
0.27303315654444305 17.319 0.016
0.27325219801832645 17.254 0.015
0.2735402644241276 17.172 0.014
0.27461824878309926 17.317 0.015
0.27646822079623234 17.29 0.018
0.28013625939729536 17.105 0.015
0.2821924113422938 17.113 0.025
0.28293954198989013 17.235 0.019
0.2832180114623952 17.22 0.018
0.2849220103089465 17.089 0.018
0.2866230640447611 17.082 0.021
0.28782103981075124 17.165 0.015
0.28978436813031294 17.103 0.014
0.28994587025636065 17.136 0.017
0.29222697712975787 17.138 0.019
0.292235494369379 17.049 0.014
0.2929077655803667 17.221 0.018
0.2955812684913326 17.063 0.014
0.3000277445687516 17.043 0.016
0.3003066798214604 17.036 0.017
0.30201608409197434 17.14 0.025
0.30230674407152947 17.063 0.017
0.3023417812896696 17.051 0.014
0.30234343124107 17.05 0.014
0.3026011646286406 17.058 0.02
0.30328189921328885 17.07 0.011
0.3033070956944357 17.05 0.016
0.30339521001405956 17.077 0.014
0.30604137703403467 17.043 0.011
0.3085291635093199 17.06 0.014
0.3110546411539872 17.08 0.017
0.3125832217219795 17.084 0.013
0.31508349452496986 17.056 0.013
0.31627131331106284 17.077 0.017
0.3167078252572537 17.074 0.015
0.31701662264231345 17.083 0.018
0.31780185681850526 17.072 0.015
0.3193298016458357 17.059 0.011
0.3221830685420173 17.036 0.015
0.32236100795626044 17.074 0.015
0.32362731579110005 17.051 0.014
0.3239522105429842 17.051 0.019
0.3245322906141155 17.044 0.016
0.32493864786374616 17.058 0.016
0.3265190340521258 17.069 0.017
0.3287461304128101 17.078 0.014
0.3292470336787119 17.067 0.014
0.3297047929954715 17.056 0.014
0.33281326703854575 17.066 0.013
0.3384469447337324 17.062 0.016
0.3392992158196648 17.06 0.017
0.3402321167689024 17.08 0.019
0.34044479898557256 17.072 0.014
0.3431988374932189 17.055 0.012
0.3433095969705846 17.035 0.017
0.3474525296983302 17.052 0.014
0.3478282395376482 17.028 0.014
0.35001863526258603 17.061 0.012
0.3501041443919348 17.042 0.012
0.35090169678574057 17.044 0.018
0.3526572741707241 17.021 0.014
0.3529398692239738 17.042 0.015
0.35344842180120395 17.07 0.017
0.3542432241267761 17.05 0.014
0.35651059501924465 17.045 0.013
0.3570826742425197 17.045 0.014
0.35708834574302273 17.067 0.018
0.35853873167798156 17.076 0.017
0.3609366814430359 17.032 0.015
0.3613296440371414 17.028 0.014
0.36244789641750685 17.06 0.015
0.3625030525524835 17.048 0.016
0.36703940899519694 17.073 0.022
0.3680538430303386 17.065 0.016
0.3684963947359847 17.066 0.015
0.37052904380698237 17.057 0.014
0.3713959861349849 17.101 0.018
0.3741363053832174 17.057 0.011
0.3761713093299477 17.044 0.016
0.3802087537837906 17.037 0.014
0.38029493069325326 17.051 0.014
0.38052626345142926 17.059 0.014
0.3813981384669205 17.087 0.014
0.3825300311573301 17.046 0.013
0.3831810466367642 17.083 0.018
0.383381366981439 17.045 0.014
0.38468141362022834 17.058 0.015
0.38793698602830773 17.056 0.018
0.3902786293774625 17.046 0.014
0.39401674892496885 17.067 0.014
0.3980120385583632 17.038 0.013
0.3980525503836816 17.046 0.014
0.39825822228522156 17.039 0.015
0.3983891039338232 17.066 0.023
0.404271166993567 17.062 0.013
0.40429332269263796 17.077 0.013
0.4060210292223019 17.046 0.017
0.4101918058722731 17.075 0.018
0.41244258668439215 17.056 0.01
0.4127963377184187 17.057 0.013
0.41310987134215793 17.036 0.014
0.413634230126263 17.053 0.012
0.41477299150983526 17.066 0.014
0.41558379553157465 17.066 0.017
0.4163209359044231 17.052 0.014
0.4193230217056225 17.056 0.021
0.41965939553028875 17.039 0.015
0.4213879295884908 17.065 0.014
0.4220839948345656 17.033 0.012
0.42377867259097 17.03 0.017
0.4238355961756497 17.023 0.014
0.42474074421397745 17.041 0.013
0.4257220770373351 17.033 0.014
0.4293427871359654 17.022 0.016
0.42969955527405546 17.036 0.02
0.4308446726595321 17.039 0.019
0.43197438368952135 17.025 0.016
0.43254344580873294 17.038 0.015
0.4339035831194451 17.032 0.014
0.4347141396360712 17.065 0.015
0.4358045921962912 17.05 0.018
0.4358356046097924 17.024 0.014
0.4359060774936552 17.039 0.014
0.43659093114865755 17.052 0.012
0.43914616319216293 17.044 0.011
0.4418557662929743 17.056 0.016
0.4467296552024891 17.044 0.014
0.4508841408464832 17.048 0.018
0.4550475593455303 17.038 0.022
0.45652476477971504 17.05 0.014
0.46150838223388746 17.057 0.015
0.46248706761571157 17.038 0.013
0.4640271086843768 17.064 0.013
0.46562601770415313 17.061 0.014
0.46668596728568446 17.04 0.014
0.4670429541447447 17.06 0.013
0.4671281739647384 17.04 0.017
0.4677028082126071 17.09 0.028
0.4688793801137763 17.055 0.012
0.4697367069370557 17.061 0.013
0.4701647034939924 17.028 0.013
0.4705895380693619 17.041 0.015
0.4715974447371991 17.04 0.011
0.47192403494614155 17.033 0.014
0.47414021738700285 17.073 0.022
0.47435690583597534 17.054 0.014
0.4768647875498573 17.028 0.015
0.4773355040797469 17.073 0.012
0.4773822237746117 17.048 0.013
0.4788547635575924 17.028 0.016
0.47908663964085463 17.055 0.015
0.47984468746381026 17.051 0.015
0.4837724507292478 17.054 0.012
0.48384225953418536 17.052 0.017
0.48519626281904493 17.085 0.014
0.48591105244986466 17.037 0.014
0.48852770236408105 17.057 0.015
0.4971359567539366 17.067 0.023
0.4973727135079571 17.048 0.015
0.4985881087341113 17.039 0.014
0.5003559068145478 17.086 0.031
0.5009207709138082 17.058 0.019
0.5055677874615867 17.02 0.014
0.5060631436808762 17.034 0.013
0.5068710480977643 17.037 0.018
0.5074825845349551 17.044 0.014
0.5076848929015796 17.059 0.014
0.5086174037646742 17.059 0.017
0.5099788613172223 17.067 0.017
0.5103024307213673 17.054 0.015
0.5105699593400459 17.057 0.015
0.5108600843559543 17.056 0.014
0.5121488167769712 17.052 0.014
0.5124758964443572 17.029 0.014
0.513442487436123 17.061 0.018
0.5159817196340555 17.044 0.016
0.5171205599667701 17.037 0.015
0.5187522776341211 17.044 0.014
0.520409234032968 17.056 0.019
0.5205528003070867 17.058 0.015
0.5206186330685796 17.043 0.011
0.5209897849902063 17.048 0.014
0.5213631585261282 17.053 0.017
0.5225090899734823 17.054 0.014
0.5243716727684387 17.077 0.016
0.5248165268881166 17.043 0.014
0.5254158175473549 17.056 0.016
0.5258559168555621 17.085 0.02
0.5259720719909637 17.064 0.019
0.5267396898134393 17.039 0.011
0.529063296534332 17.087 0.016
0.5297363971246796 17.039 0.015
0.5297805636453177 17.057 0.014
0.5306867913768656 17.049 0.013
0.5328579008196357 17.056 0.013
0.5339095569884194 17.047 0.014
0.5343959807992178 17.071 0.015
0.5386087172269072 17.049 0.015
0.5427205386149581 17.054 0.014
0.5450264045275617 17.062 0.016
0.5450580327046737 17.052 0.014
0.5464926644481238 17.037 0.015
0.5471702337956685 17.063 0.014
0.5491595438745662 17.056 0.014
0.5494888098619413 17.026 0.014
0.549526351493796 17.05 0.017
0.5503394309964733 17.042 0.015
0.5510954438871067 17.045 0.015
0.5520884355082671 17.042 0.015
0.5526182117778262 17.039 0.013
0.5527855804475621 17.064 0.014
0.5534136280166422 17.019 0.013
0.5587252381264989 17.054 0.018
0.560438384848112 17.031 0.014
0.5611892426295526 17.057 0.013
0.5614357662773273 17.039 0.012
0.5621448356464498 17.081 0.016
0.5635761776982235 17.05 0.013
0.5638830139942002 17.036 0.018
0.5666510880039368 17.038 0.017
0.5700642858660103 17.042 0.018
0.57175846905875 17.056 0.017
0.5722482062392373 17.074 0.014
0.5729371552874909 17.036 0.012
0.574971543470383 17.059 0.013
0.5755519969056877 17.051 0.013
0.5764771124727304 17.052 0.012
0.5784361754390375 17.035 0.013
0.5792237203900186 17.048 0.014
0.5816128570959336 17.065 0.019
0.5822384341413454 17.055 0.012
0.5829279971026153 17.041 0.014
0.5872982396351745 17.04 0.014
0.5878741704466393 17.07 0.014
0.5880543231141928 17.037 0.014
0.5889122587445854 17.045 0.014
0.5897979236069659 17.044 0.014
0.5907456926927352 17.041 0.014
0.5913451816500128 17.066 0.017
0.5961094632148161 17.061 0.014
0.6009270642807678 17.035 0.014
0.6056799122784469 17.029 0.017
0.6065597142983279 17.035 0.012
0.6072843414110594 17.049 0.017
0.6082078153872317 17.04 0.016
0.6082487172989204 17.057 0.018
0.610301436525333 17.038 0.012
0.6109033054412976 17.049 0.018
0.6139714645528329 17.063 0.015
0.6140154109475588 17.048 0.013
0.6147620488814027 17.046 0.013
0.6160743361929235 17.048 0.014
0.6166461734624136 17.064 0.018
0.6167543830201794 17.054 0.013
0.6168058120210844 17.052 0.013
0.6196897230724971 17.059 0.016
0.6208856838829888 17.067 0.016
0.6226897655808443 17.054 0.014
0.6268925182439489 17.071 0.014
0.6281826517065383 17.058 0.012
0.6322922849240058 17.054 0.015
0.6324775388338821 17.061 0.016
0.6328202245599641 17.037 0.01
0.6335297127984632 17.055 0.014
0.6357093376300327 17.055 0.013
0.6374796837794747 17.023 0.011
0.6380879574585379 17.058 0.014
0.6387742827441798 17.067 0.014
0.6400983249709498 17.043 0.015
0.6411466710246714 17.068 0.014
0.6440965847980351 17.055 0.014
0.6449157560759886 17.078 0.018
0.6477870057337896 17.048 0.019
0.6481042915747821 17.038 0.014
0.6520193247094994 17.044 0.02
0.6533255991939768 17.043 0.016
0.6562309814432865 17.038 0.02
0.6566606985402359 17.08 0.023
0.6594591979835513 17.049 0.014
0.6612608523660128 17.054 0.017
0.6631311870992249 17.049 0.014
0.6638314991262178 17.048 0.014
0.6653304683222814 17.047 0.019
0.6660426072571681 17.062 0.016
0.6666036448500563 17.062 0.016
0.6674157236084284 17.038 0.015
0.6681937677437872 17.042 0.015
0.6685372591705345 17.053 0.011
0.6709732247086322 17.074 0.012
0.6719590987274842 17.07 0.017
0.6723777723436797 17.046 0.014
0.6730145609794818 17.02 0.023
0.6744017615935718 17.039 0.014
0.6744233284621259 17.071 0.013
0.6744567240893957 17.048 0.014
0.6785880704583178 17.033 0.013
0.6831366257690661 17.108 0.016
0.6846714411396988 17.04 0.014
0.6855662051161744 17.059 0.015
0.6886705317508586 17.046 0.015
0.688936980676317 17.089 0.015
0.6898952025617291 17.059 0.013
0.6908779364262045 17.062 0.017
0.6940480452103657 17.066 0.013
0.6945650644154284 17.086 0.014
0.6955199511032788 17.085 0.018
0.6978161244114744 17.08 0.017
0.6985237760168275 17.074 0.019
0.7005403950533946 17.073 0.013
0.7026943576233862 17.065 0.015
0.7031154599594629 17.054 0.019
0.7038863391358063 17.088 0.012
0.7043962421430479 17.074 0.014
0.7045375245756986 17.075 0.025
0.704678566459279 17.064 0.013
0.7091734558380267 17.094 0.013
0.71204593332277 17.096 0.012
0.7159017335025055 17.215 0.018
0.7169499281685603 17.107 0.015
0.7194111677322326 17.253 0.015
0.7205055926347086 17.177 0.013
0.7205224232643559 17.127 0.013
0.7209922839276715 17.186 0.019
0.7216647924324207 17.205 0.015
0.7224650911930439 17.158 0.014
0.7240095759357246 17.298 0.017
0.7249852186851058 17.186 0.017
0.725678441447144 17.179 0.017
0.7257848835556615 17.224 0.017
0.7264641381489128 17.241 0.015
0.7281314749088779 17.212 0.018
0.7283226288063815 17.168 0.019
0.7285685334345544 17.193 0.015
0.7330331167286204 17.231 0.02
0.7342663047793394 17.256 0.014
0.7386854263932037 17.254 0.017
0.7400352790141369 17.352 0.025
0.7447379713435112 17.363 0.023
0.7449394252480488 17.399 0.027
0.7467679715689428 17.366 0.018
0.7482614392247342 17.308 0.014
0.74837634611049 17.32 0.017
0.7490895902676584 17.377 0.02
0.7492357333942437 17.384 0.019
0.7510065216456496 17.329 0.014
0.753673673659705 17.37 0.02
0.7547308044354395 17.362 0.015
0.7549521752569035 17.391 0.018
0.7566358095327814 17.335 0.016
0.7576457009672595 17.358 0.016
0.758445999727428 17.379 0.02
0.7587794855630818 17.351 0.019
0.7588435271957223 17.347 0.016
0.7604979587581511 17.39 0.018
0.7622130024906255 17.374 0.019
0.7623367646865518 17.328 0.014
0.7646472711669503 17.314 0.019
0.764862753617308 17.337 0.014
0.766284675206407 17.371 0.016
0.7666030662692265 17.266 0.027
0.7669558114530446 17.317 0.015
0.76769800756324 17.314 0.019
0.7730119706986898 17.25 0.019
0.7747706376262613 17.329 0.017
0.7750945771394981 17.223 0.029
0.7764686236464513 17.258 0.014
0.7768994710484094 17.236 0.02
0.7774817341846756 17.239 0.019
0.7783689700495415 17.252 0.015
0.779177340246406 17.289 0.016
0.7795350167125434 17.299 0.018
0.7796962499519395 17.175 0.014
0.7807389481831706 17.263 0.019
0.7827042677799909 17.272 0.016
0.7832236938768347 17.152 0.015
0.7836011242561653 17.131 0.017
0.7844832319451598 17.225 0.02
0.7851590505645163 17.128 0.021
0.7854317324422482 17.23 0.025
0.7864285775028748 17.1 0.015
0.7866825298897311 17.219 0.014
0.7888726311994105 17.216 0.014
0.7926631150094181 17.122 0.02
0.7927868535271045 17.148 0.014
0.7969280457384684 17.065 0.014
0.7991123780252565 17.159 0.016
0.7995235708860946 17.068 0.019
0.8000104335442302 17.166 0.019
0.8017771249981251 17.089 0.024
0.80239901530922 17.062 0.018
0.8030460078348369 17.043 0.019
0.8062410456182079 17.067 0.024
0.8069665086202349 17.034 0.016
0.8078137759848687 17.041 0.017
0.809383583068211 17.068 0.015
0.8096658535182542 17.075 0.015
0.8119277028936267 17.042 0.016
0.812772141241112 17.047 0.013
0.8132555730310287 17.073 0.018
0.8138158337064851 17.035 0.015
0.8169322983858365 17.048 0.014
0.8195785192722269 17.064 0.014
0.8213798072467853 17.034 0.015
0.821464069977992 17.042 0.019
0.8248618080640426 17.021 0.013
0.8258504553830335 17.026 0.015
0.8264385344518814 17.017 0.013
0.8271805085851156 17.062 0.016
0.8283209923590675 17.028 0.014
0.8283257536809288 17.038 0.011
0.8299309629860545 17.043 0.015
0.830379132326243 17.042 0.015
0.8312487787707141 17.039 0.014
0.8319761508457759 17.032 0.014
0.8319787996906598 17.041 0.018
0.832186923989866 17.037 0.016
0.8322856090535424 17.029 0.018
0.8329088298182796 17.038 0.014
0.8352629594944574 17.017 0.014
0.8355038167469502 17.043 0.016
0.8376237409925125 17.052 0.016
0.8384113045162849 17.047 0.015
0.8385468499650415 17.049 0.019
0.8385692007077523 17.051 0.016
0.8409265244044946 17.046 0.015
0.8420826597421183 17.038 0.015
0.8457217477946415 17.037 0.015
0.8468471632832006 17.022 0.014
0.8477242389135426 17.037 0.014
0.8497030776202337 17.031 0.017
0.8508632377624963 17.018 0.014
0.8521748623998064 17.03 0.014
0.8534309375604607 17.021 0.012
0.8571620402826738 17.047 0.014
0.860178429068128 17.045 0.013
0.8605727894487245 17.021 0.017
0.8626929375213876 17.064 0.02
0.8632355196159551 17.028 0.014
0.868303521001053 17.028 0.014
0.8690185781135824 17.017 0.012
0.8708614339288943 17.017 0.015
0.8713134562622145 17.046 0.014
0.8724408346902237 17.033 0.016
0.8732456477132473 16.995 0.014
0.8736764412485627 17.042 0.018
0.8746574090675949 17.091 0.013
0.8761918343523121 17.041 0.014
0.8762554821978483 17.015 0.014
0.8776605731577547 17.039 0.02
0.8784689433546191 17.038 0.015
0.8821340637778121 17.006 0.014
0.8849172780651315 17.028 0.016
0.8860114052972676 17.024 0.016
0.8899838816632837 17.035 0.014
0.8905393708055271 17.031 0.012
0.8944227488295837 17.027 0.018
0.8947818500157609 17.032 0.013
0.896368444073687 17.031 0.016
0.8967806864395698 17.026 0.014
0.8971007474308408 17.03 0.016
0.8980436052108871 17.043 0.014
0.8981918102026611 17.016 0.013
0.898980307137208 17.026 0.012
0.8995440460373629 17.075 0.01
0.9052586025054552 17.059 0.016
0.9059476221418663 17.043 0.014
0.9059974819906529 17.046 0.015
0.9070140285020898 17.019 0.015
0.9091726701901734 17.021 0.014
0.9101022308364008 17.047 0.014
0.9117313920742163 17.037 0.015
0.9157793886997752 17.022 0.013
0.9165499047235244 17.043 0.018
0.9225600050972389 17.031 0.015
0.923443974949123 17.031 0.014
0.9241178338847931 17.019 0.013
0.9241731144738878 17.033 0.016
0.9250047990126404 16.995 0.013
0.9252834417006852 17.044 0.013
0.9270414965658347 17.051 0.012
0.9312527613628845 17.046 0.017
0.9330663675543747 17.031 0.016
0.9335418960176867 17.032 0.015
0.933905536549446 17.036 0.014
0.9366661228473276 17.024 0.014
0.9371478104189919 17.012 0.014
0.93783140931464 17.004 0.012
0.938011757024924 17.028 0.014
0.9386208415112378 17.005 0.014
0.9392358594282086 17.052 0.014
0.9455451402768631 17.052 0.011
0.9466945044434851 17.02 0.014
0.9498385353513186 17.029 0.015
0.9507953561947033 17.026 0.014
0.9527003868204247 17.046 0.015
0.9530422584844018 17.018 0.016
0.9540083567626425 17.051 0.013
0.9543471388833495 17.028 0.016
0.954908300931038 17.029 0.014
0.9586421486151266 17.035 0.014
0.959048603386691 17.026 0.019
0.9609380075314675 17.054 0.017
0.9619155862867501 17.017 0.019
0.9643614413225805 17.019 0.014
0.9644029808255254 17.032 0.014
0.9667944366669872 17.035 0.014
0.9729937149786565 17.035 0.015
0.9745858728042549 17.027 0.014
0.9766938726204444 17.041 0.014
0.9784984990469638 17.057 0.013
0.9798360367058194 17.051 0.014
0.9821249006238304 17.061 0.014
0.9853339065759883 17.061 0.02
0.9869980274875161 17.039 0.015
0.9878977297028086 17.018 0.014
0.9881906767791406 17.045 0.019
0.9887861427828284 17.001 0.015
0.9890049622808874 17.016 0.011
0.9890243697625465 17.029 0.017
0.9894963661345173 17.045 0.02
0.9912254151806792 17.042 0.012
0.9912730446080786 17.03 0.02
0.9947917999284073 17.03 0.013
0.9951779374848684 17.073 0.021
0.9957621649646171 17.041 0.015
0.9963976770131922 17.024 0.014
0.9996255016167197 17.01 0.014
