0.0013374192753872194 15.6 0.006
0.0013374192753872194 15.6 0.006
0.0016271960819267406 15.617 0.006
0.0016271960819267406 15.617 0.006
0.0026725144903139153 15.598 0.007
0.0026725144903139153 15.598 0.007
0.0034764066563184315 15.593 0.006
0.0034764066563184315 15.593 0.006
0.0061203197897157224 15.605 0.006
0.0061203197897157224 15.605 0.006
0.006468779006354453 15.598 0.006
0.006468779006354453 15.598 0.006
0.007573252603378933 15.608 0.007
0.007573252603378933 15.608 0.007
0.008273557251868624 15.605 0.008
0.008273557251868624 15.605 0.008
0.00964525931112803 15.587 0.006
0.00964525931112803 15.587 0.006
0.010057346088160557 15.596 0.008
0.010057346088160557 15.596 0.008
0.010249947120883007 15.593 0.008
0.010249947120883007 15.593 0.008
0.0110096086636986 15.594 0.006
0.0110096086636986 15.594 0.006
0.01109936006969292 15.613 0.007
0.01109936006969292 15.613 0.007
0.011464231125501101 15.596 0.006
0.011464231125501101 15.596 0.006
0.011877338355589018 15.591 0.006
0.011877338355589018 15.591 0.006
0.011943455260279734 15.614 0.006
0.011943455260279734 15.614 0.006
0.013044159908758957 15.601 0.006
0.013044159908758957 15.601 0.006
0.014168000573590689 15.592 0.007
0.014168000573590689 15.592 0.007
0.014324224042411515 15.596 0.006
0.014324224042411515 15.596 0.006
0.015378561586771866 15.608 0.006
0.015378561586771866 15.608 0.006
0.01657045163346993 15.605 0.007
0.01657045163346993 15.605 0.007
0.018357752562678797 15.618 0.007
0.018357752562678797 15.618 0.007
0.018942389628591627 15.588 0.007
0.018942389628591627 15.588 0.007
0.01923311752261725 15.602 0.007
0.01923311752261725 15.602 0.007
0.020717531002446776 15.611 0.006
0.020717531002446776 15.611 0.006
0.02147007831308656 15.594 0.006
0.02147007831308656 15.594 0.006
0.02148124405675844 15.612 0.006
0.02148124405675844 15.612 0.006
0.023201450354804365 15.61 0.006
0.023201450354804365 15.61 0.006
0.023208612842836374 15.617 0.006
0.023208612842836374 15.617 0.006
0.023483330013277737 15.595 0.006
0.023483330013277737 15.595 0.006
0.02386899889597771 15.606 0.006
0.02386899889597771 15.606 0.006
0.02607261820730855 15.611 0.006
0.02607261820730855 15.611 0.006
0.02644846249040711 15.604 0.006
0.02644846249040711 15.604 0.006
0.028072371504549665 15.605 0.006
0.028072371504549665 15.605 0.006
0.028428583607819746 15.604 0.006
0.028428583607819746 15.604 0.006
0.02930334761231279 15.61 0.006
0.02930334761231279 15.61 0.006
0.029534845422404032 15.594 0.006
0.029534845422404032 15.594 0.006
0.03003830594707324 15.596 0.006
0.03003830594707324 15.596 0.006
0.03277943987814069 15.602 0.007
0.03277943987814069 15.602 0.007
0.033815581532962824 15.596 0.006
0.033815581532962824 15.596 0.006
0.03391724576385968 15.598 0.007
0.03391724576385968 15.598 0.007
0.035177704358375195 15.618 0.006
0.035177704358375195 15.618 0.006
0.036531819738684135 15.62 0.006
0.036531819738684135 15.62 0.006
0.036592582118373684 15.598 0.006
0.036592582118373684 15.598 0.006
0.03977935197372062 15.628 0.006
0.03977935197372062 15.628 0.006
0.04013912306209022 15.616 0.007
0.04013912306209022 15.616 0.007
0.04086750471196865 15.618 0.006
0.04086750471196865 15.618 0.006
0.040869547916145166 15.623 0.006
0.040869547916145166 15.623 0.006
0.04115140093426817 15.613 0.007
0.04115140093426817 15.613 0.007
0.04602858540101806 15.626 0.007
0.04602858540101806 15.626 0.007
0.04688953074082747 15.607 0.007
0.04688953074082747 15.607 0.007
0.04714641220607518 15.633 0.006
0.04714641220607518 15.633 0.006
0.0474540247182631 15.606 0.007
0.0474540247182631 15.606 0.007
0.04765551304853943 15.614 0.006
0.04765551304853943 15.614 0.006
0.048460957256793336 15.609 0.007
0.048460957256793336 15.609 0.007
0.0502494964316611 15.61 0.007
0.0502494964316611 15.61 0.007
0.050446897420897585 15.616 0.007
0.050446897420897585 15.616 0.007
0.05060450935434346 15.614 0.006
0.05060450935434346 15.614 0.006
0.05127917212894317 15.614 0.007
0.05127917212894317 15.614 0.007
0.0529306531959719 15.61 0.006
0.0529306531959719 15.61 0.006
0.05317361173501922 15.61 0.008
0.05317361173501922 15.61 0.008
0.053993413088846864 15.613 0.006
0.053993413088846864 15.613 0.006
0.05588650049003263 15.621 0.006
0.05588650049003263 15.621 0.006
0.05795887154749835 15.615 0.006
0.05795887154749835 15.615 0.006
0.058335146818990324 15.627 0.006
0.058335146818990324 15.627 0.006
0.05894529068837073 15.622 0.007
0.05894529068837073 15.622 0.007
0.060523970672420546 15.617 0.006
0.060523970672420546 15.617 0.006
0.06141514234968781 15.655 0.006
0.06141514234968781 15.655 0.006
0.062013940384076705 15.623 0.006
0.062013940384076705 15.623 0.006
0.06244850061102625 15.602 0.007
0.06244850061102625 15.602 0.007
0.06258996445421872 15.604 0.006
0.06258996445421872 15.604 0.006
0.06265775101974214 15.616 0.006
0.06265775101974214 15.616 0.006
0.06461988391447449 15.621 0.007
0.06461988391447449 15.621 0.007
0.06817667764335056 15.614 0.006
0.06817667764335056 15.614 0.006
0.07092353964026188 15.606 0.006
0.07092353964026188 15.606 0.006
0.07216037199009406 15.639 0.006
0.07216037199009406 15.639 0.006
0.07395213610152496 15.635 0.006
0.07395213610152496 15.635 0.006
0.07453380874721915 15.627 0.006
0.07453380874721915 15.627 0.006
0.07493882631433735 15.629 0.007
0.07493882631433735 15.629 0.007
0.07528963657250642 15.636 0.006
0.07528963657250642 15.636 0.006
0.07555072852892408 15.617 0.006
0.07555072852892408 15.617 0.006
0.07644703787309481 15.621 0.007
0.07644703787309481 15.621 0.007
0.07691801472742554 15.649 0.006
0.07691801472742554 15.649 0.006
0.07721626716147512 15.646 0.006
0.07721626716147512 15.646 0.006
0.07790596293170893 15.643 0.006
0.07790596293170893 15.643 0.006
0.07806580922078865 15.64 0.006
0.07806580922078865 15.64 0.006
0.07825724324038674 15.627 0.006
0.07825724324038674 15.627 0.006
0.07868148864145041 15.63 0.006
0.07868148864145041 15.63 0.006
0.07876615982650037 15.637 0.006
0.07876615982650037 15.637 0.006
0.08038972883286988 15.626 0.007
0.08038972883286988 15.626 0.007
0.0809873106663872 15.634 0.007
0.0809873106663872 15.634 0.007
0.0818212247354495 15.63 0.007
0.0818212247354495 15.63 0.007
0.08359441524817157 15.624 0.006
0.08359441524817157 15.624 0.006
0.08450472658159924 15.632 0.007
0.08450472658159924 15.632 0.007
0.08584571480378145 15.629 0.007
0.08584571480378145 15.629 0.007
0.08728181031915483 15.656 0.006
0.08728181031915483 15.656 0.006
0.08748934510913386 15.646 0.006
0.08748934510913386 15.646 0.006
0.08762984960731046 15.647 0.006
0.08762984960731046 15.647 0.006
0.08891473940320793 15.644 0.006
0.08891473940320793 15.644 0.006
0.08970823358913549 15.637 0.007
0.08970823358913549 15.637 0.007
0.09204642073120795 15.672 0.006
0.09204642073120795 15.672 0.006
0.09381897216235302 15.617 0.006
0.09381897216235302 15.617 0.006
0.09407790831892271 15.64 0.006
0.09407790831892271 15.64 0.006
0.0952992059551434 15.622 0.007
0.0952992059551434 15.622 0.007
0.0959221379102928 15.634 0.006
0.0959221379102928 15.634 0.006
0.10005457850593302 15.656 0.006
0.10005457850593302 15.656 0.006
0.10075524614012465 15.623 0.006
0.10075524614012465 15.623 0.006
0.10089555029537678 15.649 0.006
0.10089555029537678 15.649 0.006
0.10236970409687274 15.642 0.007
0.10236970409687274 15.642 0.007
0.10332363726820404 15.64 0.007
0.10332363726820404 15.64 0.007
0.10343602706529964 15.668 0.006
0.10343602706529964 15.668 0.006
0.10419411222437702 15.641 0.007
0.10419411222437702 15.641 0.007
0.10674222426177948 15.644 0.006
0.10674222426177948 15.644 0.006
0.10677418689874685 15.64 0.006
0.10677418689874685 15.64 0.006
0.10978384404825192 15.634 0.007
0.10978384404825192 15.634 0.007
0.11031945053377967 15.675 0.006
0.11031945053377967 15.675 0.006
0.11210804851953071 15.648 0.007
0.11210804851953071 15.648 0.007
0.11395934732058777 15.666 0.006
0.11395934732058777 15.666 0.006
0.11428813256543435 15.643 0.006
0.11428813256543435 15.643 0.006
0.11542800829624866 15.684 0.005
0.11542800829624866 15.684 0.005
0.1167174752322353 15.645 0.007
0.1167174752322353 15.645 0.007
0.11810006873065504 15.654 0.008
0.11810006873065504 15.654 0.008
0.12099312882446611 15.657 0.007
0.12099312882446611 15.657 0.007
0.12149836973844685 15.684 0.006
0.12149836973844685 15.684 0.006
0.12415724786660576 15.665 0.006
0.12415724786660576 15.665 0.006
0.12456254799508315 15.654 0.007
0.12456254799508315 15.654 0.007
0.12468235713595277 15.65 0.006
0.12468235713595277 15.65 0.006
0.1250851288573358 15.646 0.006
0.1250851288573358 15.646 0.006
0.12685687575844895 15.687 0.006
0.12685687575844895 15.687 0.006
0.1293802395628063 15.691 0.006
0.1293802395628063 15.691 0.006
0.1303724860076727 15.659 0.007
0.1303724860076727 15.659 0.007
0.13095157833004123 15.688 0.006
0.13095157833004123 15.688 0.006
0.1313825189695308 15.666 0.006
0.1313825189695308 15.666 0.006
0.13262782694755515 15.673 0.006
0.13262782694755515 15.673 0.006
0.13291072842162066 15.698 0.007
0.13291072842162066 15.698 0.007
0.1329847884312585 15.67 0.007
0.1329847884312585 15.67 0.007
0.13330499881067226 15.67 0.008
0.13330499881067226 15.67 0.008
0.13354463453788412 15.661 0.007
0.13354463453788412 15.661 0.007
0.13371271568530574 15.666 0.007
0.13371271568530574 15.666 0.007
0.13441664868287262 15.665 0.007
0.13441664868287262 15.665 0.007
0.1367469837000499 15.656 0.007
0.1367469837000499 15.656 0.007
0.13707026692782165 15.652 0.007
0.13707026692782165 15.652 0.007
0.13938088661188885 15.657 0.007
0.13938088661188885 15.657 0.007
0.13941592439527994 15.707 0.006
0.13941592439527994 15.707 0.006
0.13960722241290568 15.654 0.006
0.13960722241290568 15.654 0.006
0.14028370234200338 15.684 0.007
0.14028370234200338 15.684 0.007
0.14029040490413536 15.705 0.006
0.14029040490413536 15.705 0.006
0.14048579026393782 15.688 0.007
0.14048579026393782 15.688 0.007
0.14091110437084353 15.664 0.006
0.14091110437084353 15.664 0.006
0.1417329121638886 15.701 0.006
0.1417329121638886 15.701 0.006
0.1430814906300384 15.704 0.006
0.1430814906300384 15.704 0.006
0.14333542009762823 15.673 0.006
0.14333542009762823 15.673 0.006
0.14343474154566138 15.677 0.008
0.14343474154566138 15.677 0.008
0.144696523834682 15.71 0.006
0.144696523834682 15.71 0.006
0.14538919321557842 15.701 0.006
0.14538919321557842 15.701 0.006
0.14628999791193564 15.66 0.007
0.14628999791193564 15.66 0.007
0.14689259655960996 15.68 0.008
0.14689259655960996 15.68 0.008
0.14701407536176703 15.66 0.006
0.14701407536176703 15.66 0.006
0.14734339909000482 15.673 0.007
0.14734339909000482 15.673 0.007
0.14738461107799594 15.665 0.006
0.14738461107799594 15.665 0.006
0.14881800498915254 15.67 0.008
0.14881800498915254 15.67 0.008
0.14903341258468572 15.713 0.007
0.14903341258468572 15.713 0.007
0.1494267617576952 15.683 0.008
0.1494267617576952 15.683 0.008
0.14947764532348629 15.707 0.006
0.14947764532348629 15.707 0.006
0.15004953796278642 15.662 0.006
0.15004953796278642 15.662 0.006
0.1507644478506336 15.703 0.006
0.1507644478506336 15.703 0.006
0.15117919903741495 15.665 0.006
0.15117919903741495 15.665 0.006
0.15170294461358935 15.704 0.006
0.15170294461358935 15.704 0.006
0.1520196254500661 15.683 0.007
0.1520196254500661 15.683 0.007
0.15389102231756624 15.687 0.006
0.15389102231756624 15.687 0.006
0.15472187179557295 15.681 0.006
0.15472187179557295 15.681 0.006
0.15527254804192125 15.691 0.006
0.15527254804192125 15.691 0.006
0.1559917354893514 15.69 0.007
0.1559917354893514 15.69 0.007
0.15677883631497025 15.676 0.006
0.15677883631497025 15.676 0.006
0.1576215917261834 15.689 0.007
0.1576215917261834 15.689 0.007
0.15788332736156008 15.703 0.006
0.15788332736156008 15.703 0.006
0.1591706775629973 15.701 0.006
0.1591706775629973 15.701 0.006
0.15990332162118648 15.7 0.007
0.15990332162118648 15.7 0.007
0.1610692127674156 15.685 0.007
0.1610692127674156 15.685 0.007
0.16117104194017884 15.683 0.007
0.16117104194017884 15.683 0.007
0.16146050035376902 15.696 0.007
0.16146050035376902 15.696 0.007
0.16187609003327452 15.676 0.007
0.16187609003327452 15.676 0.007
0.16187841673263392 15.687 0.006
0.16187841673263392 15.687 0.006
0.16219112691419468 15.732 0.007
0.16219112691419468 15.732 0.007
0.16242146826789394 15.723 0.005
0.16242146826789394 15.723 0.005
0.16249860342327338 15.723 0.006
0.16249860342327338 15.723 0.006
0.16261738062121367 15.678 0.006
0.16261738062121367 15.678 0.006
0.1650334164664855 15.684 0.006
0.1650334164664855 15.684 0.006
0.166795027268563 15.683 0.006
0.166795027268563 15.683 0.006
0.16735664091220315 15.683 0.007
0.16735664091220315 15.683 0.007
0.16764293549613285 15.702 0.007
0.16764293549613285 15.702 0.007
0.1676996923238221 15.707 0.007
0.1676996923238221 15.707 0.007
0.16846214645147484 15.697 0.007
0.16846214645147484 15.697 0.007
0.16903651141456066 15.711 0.006
0.16903651141456066 15.711 0.006
0.16923413249378427 15.706 0.008
0.16923413249378427 15.706 0.008
0.1726565867379577 15.698 0.007
0.1726565867379577 15.698 0.007
0.1729793140343645 15.712 0.006
0.1729793140343645 15.712 0.006
0.17328477397904862 15.697 0.006
0.17328477397904862 15.697 0.006
0.1738090313979228 15.702 0.008
0.1738090313979228 15.702 0.008
0.17500274455824183 15.72 0.006
0.17500274455824183 15.72 0.006
0.1754620470583177 15.711 0.007
0.1754620470583177 15.711 0.007
0.17582139864862256 15.705 0.008
0.17582139864862256 15.705 0.008
0.17625857136818013 15.699 0.006
0.17625857136818013 15.699 0.006
0.1763581096731741 15.72 0.006
0.1763581096731741 15.72 0.006
0.17656011810390737 15.737 0.006
0.17656011810390737 15.737 0.006
0.17787246326724926 15.742 0.006
0.17787246326724926 15.742 0.006
0.1797138575484496 15.703 0.008
0.1797138575484496 15.703 0.008
0.180667899150194 15.714 0.006
0.180667899150194 15.714 0.006
0.18119089168339997 15.692 0.007
0.18119089168339997 15.692 0.007
0.181617214754624 15.742 0.006
0.181617214754624 15.742 0.006
0.18171542340542146 15.7 0.008
0.18171542340542146 15.7 0.008
0.18571512711196192 15.707 0.006
0.18571512711196192 15.707 0.006
0.18608526171237827 15.721 0.007
0.18608526171237827 15.721 0.007
0.18687050172388808 15.726 0.006
0.18687050172388808 15.726 0.006
0.18771325483658075 15.72 0.006
0.18771325483658075 15.72 0.006
0.1894604009971772 15.703 0.007
0.1894604009971772 15.703 0.007
0.1960302555405633 15.739 0.006
0.1960302555405633 15.739 0.006
0.1962549667014173 15.732 0.006
0.1962549667014173 15.732 0.006
0.19662974550919898 15.73 0.007
0.19662974550919898 15.73 0.007
0.19866266292274304 15.739 0.006
0.19866266292274304 15.739 0.006
0.1987481919172751 15.712 0.008
0.1987481919172751 15.712 0.008
0.19899749785827225 15.723 0.007
0.19899749785827225 15.723 0.007
0.20001441670638087 15.707 0.006
0.20001441670638087 15.707 0.006
0.2032005015212235 15.711 0.007
0.2032005015212235 15.711 0.007
0.20325943755369735 15.733 0.007
0.20325943755369735 15.733 0.007
0.20339369754810832 15.722 0.007
0.20339369754810832 15.722 0.007
0.2038915752009416 15.721 0.007
0.2038915752009416 15.721 0.007
0.20418838631985636 15.731 0.007
0.20418838631985636 15.731 0.007
0.20743354683281723 15.729 0.006
0.20743354683281723 15.729 0.006
0.20777222970411913 15.736 0.006
0.20777222970411913 15.736 0.006
0.20933486313288086 15.722 0.006
0.20933486313288086 15.722 0.006
0.20985916880499644 15.731 0.007
0.20985916880499644 15.731 0.007
0.20993774527642017 15.72 0.006
0.20993774527642017 15.72 0.006
0.21060469099529655 15.732 0.007
0.21060469099529655 15.732 0.007
0.2111406259996329 15.737 0.006
0.2111406259996329 15.737 0.006
0.21143082366802446 15.745 0.006
0.21143082366802446 15.745 0.006
0.21189995902477676 15.739 0.006
0.21189995902477676 15.739 0.006
0.21213587176134752 15.729 0.006
0.21213587176134752 15.729 0.006
0.2122388146653975 15.723 0.007
0.2122388146653975 15.723 0.007
0.2135449300453729 15.731 0.006
0.2135449300453729 15.731 0.006
0.21507342069571678 15.746 0.006
0.21507342069571678 15.746 0.006
0.21546605861749413 15.735 0.006
0.21546605861749413 15.735 0.006
0.21569844181203734 15.725 0.007
0.21569844181203734 15.725 0.007
0.216050012938922 15.726 0.007
0.216050012938922 15.726 0.007
0.2165100707795773 15.732 0.006
0.2165100707795773 15.732 0.006
0.217323653839685 15.731 0.007
0.217323653839685 15.731 0.007
0.2195944913622725 15.732 0.006
0.2195944913622725 15.732 0.006
0.22231371560292246 15.739 0.006
0.22231371560292246 15.739 0.006
0.2234153240183332 15.747 0.006
0.2234153240183332 15.747 0.006
0.2248991356100305 15.743 0.008
0.2248991356100305 15.743 0.008
0.22503788176300077 15.737 0.007
0.22503788176300077 15.737 0.007
0.22559687695456887 15.739 0.008
0.22559687695456887 15.739 0.008
0.2274750696619776 15.747 0.007
0.2274750696619776 15.747 0.007
0.22753969010182118 15.747 0.006
0.22753969010182118 15.747 0.006
0.22934336380831155 15.73 0.007
0.22934336380831155 15.73 0.007
0.22953326553351872 15.727 0.006
0.22953326553351872 15.727 0.006
0.23126625395661904 15.755 0.008
0.23126625395661904 15.755 0.008
0.23186147325895945 15.737 0.006
0.23186147325895945 15.737 0.006
0.2363113927581253 15.737 0.008
0.2363113927581253 15.737 0.008
0.23817145204657209 15.75 0.007
0.23817145204657209 15.75 0.007
0.2397727460788701 15.745 0.008
0.2397727460788701 15.745 0.008
0.24039801162552976 15.751 0.006
0.24039801162552976 15.751 0.006
0.24076032074117393 15.739 0.006
0.24076032074117393 15.739 0.006
0.24109705828277583 15.744 0.008
0.24109705828277583 15.744 0.008
0.24217802325665616 15.738 0.008
0.24217802325665616 15.738 0.008
0.24226917095438694 15.73 0.007
0.24226917095438694 15.73 0.007
0.24296439538193226 15.738 0.008
0.24296439538193226 15.738 0.008
0.24398914294624774 15.758 0.008
0.24398914294624774 15.758 0.008
0.24540053295527287 15.72 0.006
0.24540053295527287 15.72 0.006
0.24661582915587132 15.751 0.008
0.24661582915587132 15.751 0.008
0.24688086002743148 15.745 0.006
0.24688086002743148 15.745 0.006
0.24875553008632778 15.749 0.007
0.24875553008632778 15.749 0.007
0.25 15.763 0.008
0.25 15.763 0.008
0.25057129211472784 15.713 0.006
0.25057129211472784 15.713 0.006
0.2520634433312807 15.723 0.006
0.2520634433312807 15.723 0.006
0.25250740959336326 15.737 0.007
0.25250740959336326 15.737 0.007
0.2530483729019579 15.752 0.006
0.2530483729019579 15.752 0.006
0.2531155010678958 15.751 0.007
0.2531155010678958 15.751 0.007
0.253204768204796 15.759 0.006
0.253204768204796 15.759 0.006
0.25468152667099275 15.751 0.007
0.25468152667099275 15.751 0.007
0.25480211319609225 15.748 0.006
0.25480211319609225 15.748 0.006
0.2550263584712411 15.752 0.006
0.2550263584712411 15.752 0.006
0.25534590125926115 15.755 0.006
0.25534590125926115 15.755 0.006
0.2556583945829516 15.741 0.006
0.2556583945829516 15.741 0.006
0.25618350155355074 15.738 0.007
0.25618350155355074 15.738 0.007
0.25620526698412505 15.75 0.007
0.25620526698412505 15.75 0.007
0.2563664705012343 15.743 0.007
0.2563664705012343 15.743 0.007
0.25655478571616186 15.748 0.007
0.25655478571616186 15.748 0.007
0.2591807257772416 15.731 0.007
0.2591807257772416 15.731 0.007
0.26229451122571845 15.754 0.007
0.26229451122571845 15.754 0.007
0.2627435866461383 15.733 0.007
0.2627435866461383 15.733 0.007
0.2630348599163881 15.741 0.008
0.2630348599163881 15.741 0.008
0.264533861187374 15.739 0.007
0.264533861187374 15.739 0.007
0.2652280536726721 15.753 0.008
0.2652280536726721 15.753 0.008
0.26530575718288674 15.754 0.007
0.26530575718288674 15.754 0.007
0.2660400571162427 15.737 0.006
0.2660400571162427 15.737 0.006
0.2663928320212108 15.74 0.007
0.2663928320212108 15.74 0.007
0.26703204900286437 15.745 0.008
0.26703204900286437 15.745 0.008
0.26860315712610827 15.742 0.006
0.26860315712610827 15.742 0.006
0.2688139931110527 15.72 0.006
0.2688139931110527 15.72 0.006
0.2694657156171161 15.741 0.008
0.2694657156171161 15.741 0.008
0.26971228318825524 15.759 0.007
0.26971228318825524 15.759 0.007
0.2728470488536914 15.723 0.007
0.2728470488536914 15.723 0.007
0.27299754425575884 15.747 0.008
0.27299754425575884 15.747 0.008
0.274144927078396 15.74 0.007
0.274144927078396 15.74 0.007
0.27551183973537263 15.698 0.006
0.27551183973537263 15.698 0.006
0.2757181050442341 15.713 0.006
0.2757181050442341 15.713 0.006
0.276661347550089 15.728 0.007
0.276661347550089 15.728 0.007
0.27752917971201896 15.734 0.007
0.27752917971201896 15.734 0.007
0.2782184546190365 15.731 0.007
0.2782184546190365 15.731 0.007
0.28022016014074325 15.732 0.006
0.28022016014074325 15.732 0.006
0.28347489622547073 15.725 0.007
0.28347489622547073 15.725 0.007
0.2839886844303692 15.697 0.006
0.2839886844303692 15.697 0.006
0.28403879061033876 15.738 0.006
0.28403879061033876 15.738 0.006
0.28470323779629325 15.728 0.007
0.28470323779629325 15.728 0.007
0.28531033315903187 15.71 0.006
0.28531033315903187 15.71 0.006
0.2869399150913523 15.694 0.006
0.2869399150913523 15.694 0.006
0.2876911203243253 15.736 0.007
0.2876911203243253 15.736 0.007
0.2891711188781301 15.722 0.007
0.2891711188781301 15.722 0.007
0.289824801434861 15.734 0.006
0.289824801434861 15.734 0.006
0.2904174022855841 15.737 0.006
0.2904174022855841 15.737 0.006
0.29183372825468723 15.688 0.006
0.29183372825468723 15.688 0.006
0.29261441827065937 15.727 0.007
0.29261441827065937 15.727 0.007
0.2932746131727981 15.713 0.006
0.2932746131727981 15.713 0.006
0.2936065888866324 15.688 0.006
0.2936065888866324 15.688 0.006
0.29453029248998064 15.723 0.007
0.29453029248998064 15.723 0.007
0.2956433859758363 15.735 0.007
0.2956433859758363 15.735 0.007
0.2984332219677981 15.672 0.006
0.2984332219677981 15.672 0.006
0.2999470531640327 15.713 0.007
0.2999470531640327 15.713 0.007
0.3001303506298427 15.691 0.007
0.3001303506298427 15.691 0.007
0.30021316193551684 15.729 0.008
0.30021316193551684 15.729 0.008
0.30171042690608374 15.685 0.006
0.30171042690608374 15.685 0.006
0.3018931684405288 15.712 0.007
0.3018931684405288 15.712 0.007
0.3029973410943967 15.711 0.007
0.3029973410943967 15.711 0.007
0.303211060645026 15.719 0.007
0.303211060645026 15.719 0.007
0.30481666806690555 15.731 0.007
0.30481666806690555 15.731 0.007
0.30614511263547683 15.722 0.008
0.30614511263547683 15.722 0.008
0.30661800818018037 15.714 0.007
0.30661800818018037 15.714 0.007
0.306712867380611 15.684 0.006
0.306712867380611 15.684 0.006
0.30793793303246275 15.717 0.006
0.30793793303246275 15.717 0.006
0.3085472374755227 15.721 0.007
0.3085472374755227 15.721 0.007
0.3106681837812175 15.687 0.006
0.3106681837812175 15.687 0.006
0.3122333805134758 15.668 0.006
0.3122333805134758 15.668 0.006
0.31434637315987857 15.691 0.006
0.31434637315987857 15.691 0.006
0.3153868396943835 15.713 0.007
0.3153868396943835 15.713 0.007
0.3159902212578345 15.681 0.006
0.3159902212578345 15.681 0.006
0.31646625399002914 15.671 0.006
0.31646625399002914 15.671 0.006
0.3189546700575647 15.669 0.006
0.3189546700575647 15.669 0.006
0.32393035492759736 15.689 0.007
0.32393035492759736 15.689 0.007
0.32471365190713186 15.694 0.007
0.32471365190713186 15.694 0.007
0.3252443798787681 15.707 0.007
0.3252443798787681 15.707 0.007
0.3261873931037371 15.692 0.006
0.3261873931037371 15.692 0.006
0.3269948180436586 15.698 0.007
0.3269948180436586 15.698 0.007
0.3270708394675239 15.691 0.006
0.3270708394675239 15.691 0.006
0.3274341332048607 15.707 0.008
0.3274341332048607 15.707 0.008
0.32763384940381 15.689 0.008
0.32763384940381 15.689 0.008
0.3285803388903332 15.676 0.006
0.3285803388903332 15.676 0.006
0.3287069438697472 15.703 0.006
0.3287069438697472 15.703 0.006
0.3291398656706406 15.639 0.006
0.3291398656706406 15.639 0.006
0.3293044172746704 15.711 0.006
0.3293044172746704 15.711 0.006
0.3294312391121821 15.71 0.005
0.3294312391121821 15.71 0.005
0.33199535038329486 15.676 0.007
0.33199535038329486 15.676 0.007
0.3320015893580148 15.649 0.006
0.3320015893580148 15.649 0.006
0.3334708981797121 15.707 0.007
0.3334708981797121 15.707 0.007
0.33432243612105594 15.697 0.006
0.33432243612105594 15.697 0.006
0.3350917784341618 15.663 0.006
0.3350917784341618 15.663 0.006
0.3363670876328797 15.699 0.007
0.3363670876328797 15.699 0.007
0.3374297542482054 15.679 0.006
0.3374297542482054 15.679 0.006
0.33751186255858556 15.659 0.006
0.33751186255858556 15.659 0.006
0.338008900784871 15.65 0.006
0.338008900784871 15.65 0.006
0.3381582466245163 15.665 0.006
0.3381582466245163 15.665 0.006
0.33925085931207377 15.636 0.006
0.33925085931207377 15.636 0.006
0.3397364607221789 15.691 0.007
0.3397364607221789 15.691 0.007
0.3403337140379108 15.663 0.007
0.3403337140379108 15.663 0.007
0.3414063701925443 15.685 0.007
0.3414063701925443 15.685 0.007
0.3442270192590513 15.639 0.006
0.3442270192590513 15.639 0.006
0.3448211432136077 15.643 0.007
0.3448211432136077 15.643 0.007
0.34546752038590967 15.649 0.006
0.34546752038590967 15.649 0.006
0.34561895538672616 15.686 0.006
0.34561895538672616 15.686 0.006
0.3458303932604849 15.639 0.006
0.3458303932604849 15.639 0.006
0.3458905537518149 15.676 0.007
0.3458905537518149 15.676 0.007
0.34677848074625217 15.656 0.006
0.34677848074625217 15.656 0.006
0.3478022505823901 15.667 0.006
0.3478022505823901 15.667 0.006
0.3510729339845966 15.665 0.007
0.3510729339845966 15.665 0.007
0.3511028074603928 15.659 0.006
0.3511028074603928 15.659 0.006
0.3516156661928562 15.618 0.006
0.3516156661928562 15.618 0.006
0.35185716962814695 15.674 0.006
0.35185716962814695 15.674 0.006
0.3530056202248488 15.671 0.007
0.3530056202248488 15.671 0.007
0.3546574679398873 15.677 0.006
0.3546574679398873 15.677 0.006
0.35479848564364147 15.673 0.007
0.35479848564364147 15.673 0.007
0.3566006638197905 15.676 0.006
0.3566006638197905 15.676 0.006
0.3568261960253949 15.669 0.007
0.3568261960253949 15.669 0.007
0.3581334701589185 15.679 0.006
0.3581334701589185 15.679 0.006
0.3593294640622844 15.659 0.006
0.3593294640622844 15.659 0.006
0.36029521908039897 15.648 0.007
0.36029521908039897 15.648 0.007
0.36039213067624587 15.675 0.007
0.36039213067624587 15.675 0.007
0.3606665469028485 15.657 0.006
0.3606665469028485 15.657 0.006
0.36102785394859893 15.664 0.006
0.36102785394859893 15.664 0.006
0.3614968960268925 15.669 0.006
0.3614968960268925 15.669 0.006
0.361577837326422 15.679 0.008
0.361577837326422 15.679 0.008
0.36280569233099413 15.631 0.006
0.36280569233099413 15.631 0.006
0.3633630835633994 15.674 0.006
0.3633630835633994 15.674 0.006
0.363919911037101 15.676 0.008
0.363919911037101 15.676 0.008
0.36451845681176565 15.679 0.008
0.36451845681176565 15.679 0.008
0.3649349226839149 15.664 0.007
0.3649349226839149 15.664 0.007
0.3650984529008383 15.675 0.006
0.3650984529008383 15.675 0.006
0.36510086964653965 15.677 0.008
0.36510086964653965 15.677 0.008
0.3658968545391872 15.634 0.006
0.3658968545391872 15.634 0.006
0.3660725824418023 15.63 0.006
0.3660725824418023 15.63 0.006
0.36619921499504926 15.673 0.008
0.36619921499504926 15.673 0.008
0.36738002841093476 15.634 0.006
0.36738002841093476 15.634 0.006
0.3677913864880793 15.633 0.006
0.3677913864880793 15.633 0.006
0.3689398255951346 15.627 0.006
0.3689398255951346 15.627 0.006
0.3692927939496258 15.674 0.007
0.3692927939496258 15.674 0.007
0.36954207001917894 15.658 0.006
0.36954207001917894 15.658 0.006
0.3702465970782214 15.62 0.006
0.3702465970782214 15.62 0.006
0.3704053755932364 15.684 0.007
0.3704053755932364 15.684 0.007
0.3739455681993604 15.668 0.006
0.3739455681993604 15.668 0.006
0.37477287800857084 15.648 0.007
0.37477287800857084 15.648 0.007
0.3760429907310936 15.633 0.006
0.3760429907310936 15.633 0.006
0.37624604489110425 15.655 0.006
0.37624604489110425 15.655 0.006
0.37987883570212944 15.649 0.007
0.37987883570212944 15.649 0.007
0.38430923468104083 15.649 0.007
0.38430923468104083 15.649 0.007
0.38481074434639595 15.628 0.006
0.38481074434639595 15.628 0.006
0.3852535334717686 15.633 0.006
0.3852535334717686 15.633 0.006
0.3868840816419379 15.601 0.006
0.3868840816419379 15.601 0.006
0.3872560412251005 15.653 0.006
0.3872560412251005 15.653 0.006
0.3876127201469899 15.674 0.007
0.3876127201469899 15.674 0.007
0.38781937874500727 15.638 0.007
0.38781937874500727 15.638 0.007
0.38800825082535084 15.654 0.007
0.38800825082535084 15.654 0.007
0.388355771377519 15.65 0.006
0.388355771377519 15.65 0.006
0.38901959829081534 15.64 0.007
0.38901959829081534 15.64 0.007
0.3912650048373507 15.649 0.007
0.3912650048373507 15.649 0.007
0.3925555569962853 15.656 0.006
0.3925555569962853 15.656 0.006
0.3935559312335499 15.633 0.007
0.3935559312335499 15.633 0.007
0.3937496910198206 15.631 0.007
0.3937496910198206 15.631 0.007
0.3941392744759469 15.652 0.006
0.3941392744759469 15.652 0.006
0.39503143307274513 15.63 0.006
0.39503143307274513 15.63 0.006
0.3963728490507492 15.637 0.007
0.3963728490507492 15.637 0.007
0.39654670328627617 15.62 0.006
0.39654670328627617 15.62 0.006
0.39710403111303094 15.638 0.006
0.39710403111303094 15.638 0.006
0.40009486197595834 15.628 0.006
0.40009486197595834 15.628 0.006
0.40068754461526623 15.631 0.007
0.40068754461526623 15.631 0.007
0.4019109419682536 15.629 0.006
0.4019109419682536 15.629 0.006
0.4029803042512867 15.614 0.006
0.4029803042512867 15.614 0.006
0.403103589652801 15.64 0.006
0.403103589652801 15.64 0.006
0.4039488045332291 15.634 0.006
0.4039488045332291 15.634 0.006
0.40409465802622435 15.624 0.006
0.40409465802622435 15.624 0.006
0.40526338541621953 15.629 0.006
0.40526338541621953 15.629 0.006
0.4059386142484982 15.633 0.006
0.4059386142484982 15.633 0.006
0.40640838732497286 15.652 0.008
0.40640838732497286 15.652 0.008
0.4068721589655979 15.623 0.007
0.4068721589655979 15.623 0.007
0.40754330045501774 15.634 0.007
0.40754330045501774 15.634 0.007
0.41127873918549085 15.614 0.006
0.41127873918549085 15.614 0.006
0.41507568967608677 15.614 0.006
0.41507568967608677 15.614 0.006
0.4165998104233495 15.607 0.006
0.4165998104233495 15.607 0.006
0.4175051811994308 15.62 0.006
0.4175051811994308 15.62 0.006
0.4185624909910075 15.627 0.006
0.4185624909910075 15.627 0.006
0.41891759259578976 15.61 0.006
0.41891759259578976 15.61 0.006
0.41934727430907515 15.607 0.006
0.41934727430907515 15.607 0.006
0.4193963614004588 15.614 0.006
0.4193963614004588 15.614 0.006
0.41973833584643216 15.624 0.006
0.41973833584643216 15.624 0.006
0.4211667129425223 15.633 0.006
0.4211667129425223 15.633 0.006
0.42300228588010214 15.646 0.006
0.42300228588010214 15.646 0.006
0.42352012559558716 15.612 0.006
0.42352012559558716 15.612 0.006
0.425022553510189 15.617 0.006
0.425022553510189 15.617 0.006
0.4251456096308175 15.623 0.007
0.4251456096308175 15.623 0.007
0.4257376536153288 15.604 0.006
0.4257376536153288 15.604 0.006
0.4260137578867216 15.599 0.006
0.4260137578867216 15.599 0.006
0.4294859493666081 15.613 0.006
0.4294859493666081 15.613 0.006
0.42995739993375537 15.633 0.006
0.42995739993375537 15.633 0.006
0.4300326292518548 15.615 0.007
0.4300326292518548 15.615 0.007
0.43062317770682057 15.621 0.006
0.43062317770682057 15.621 0.006
0.43092391259006035 15.609 0.007
0.43092391259006035 15.609 0.007
0.4311126013458306 15.626 0.006
0.4311126013458306 15.626 0.006
0.43419846324422906 15.639 0.006
0.43419846324422906 15.639 0.006
0.4361363863886254 15.616 0.007
0.4361363863886254 15.616 0.007
0.43705581013500705 15.622 0.006
0.43705581013500705 15.622 0.006
0.4387001783327378 15.604 0.006
0.4387001783327378 15.604 0.006
0.4399933949011938 15.616 0.006
0.4399933949011938 15.616 0.006
0.44058734702184665 15.629 0.006
0.44058734702184665 15.629 0.006
0.44259743259499373 15.596 0.006
0.44259743259499373 15.596 0.006
0.4428914984500807 15.604 0.006
0.4428914984500807 15.604 0.006
0.44298505599954296 15.591 0.006
0.44298505599954296 15.591 0.006
0.44306646871382327 15.611 0.006
0.44306646871382327 15.611 0.006
0.4431517868101764 15.603 0.007
0.4431517868101764 15.603 0.007
0.4436295328655433 15.625 0.007
0.4436295328655433 15.625 0.007
0.44405345068071256 15.627 0.006
0.44405345068071256 15.627 0.006
0.4455394148394589 15.62 0.006
0.4455394148394589 15.62 0.006
0.44560499232602524 15.629 0.007
0.44560499232602524 15.629 0.007
0.4466338354891377 15.616 0.007
0.4466338354891377 15.616 0.007
0.4473275703469426 15.62 0.007
0.4473275703469426 15.62 0.007
0.44856404157826546 15.602 0.006
0.44856404157826546 15.602 0.006
0.44904056547238724 15.613 0.007
0.44904056547238724 15.613 0.007
0.4492718257438355 15.607 0.006
0.4492718257438355 15.607 0.006
0.4500883906725903 15.596 0.006
0.4500883906725903 15.596 0.006
0.4510290239168171 15.617 0.008
0.4510290239168171 15.617 0.008
0.45257640655790965 15.64 0.006
0.45257640655790965 15.64 0.006
0.45268381860341833 15.623 0.006
0.45268381860341833 15.623 0.006
0.45428315947719966 15.595 0.007
0.45428315947719966 15.595 0.007
0.4557076601299741 15.614 0.007
0.4557076601299741 15.614 0.007
0.4572910490905997 15.614 0.006
0.4572910490905997 15.614 0.006
0.4575836263088604 15.618 0.006
0.4575836263088604 15.618 0.006
0.45771514793204915 15.602 0.006
0.45771514793204915 15.602 0.006
0.45778296896651227 15.605 0.006
0.45778296896651227 15.605 0.006
0.45896138631678696 15.61 0.007
0.45896138631678696 15.61 0.007
0.45900771665492357 15.601 0.006
0.45900771665492357 15.601 0.006
0.4622593431254245 15.609 0.008
0.4622593431254245 15.609 0.008
0.4627720093424159 15.604 0.006
0.4627720093424159 15.604 0.006
0.4629339057285051 15.588 0.006
0.4629339057285051 15.588 0.006
0.46345086788778644 15.615 0.007
0.46345086788778644 15.615 0.007
0.46401080497571456 15.605 0.007
0.46401080497571456 15.605 0.007
0.4654628165731083 15.594 0.007
0.4654628165731083 15.594 0.007
0.4657721805365327 15.619 0.006
0.4657721805365327 15.619 0.006
0.4668643838508615 15.616 0.006
0.4668643838508615 15.616 0.006
0.468141645274045 15.611 0.006
0.468141645274045 15.611 0.006
0.4684370715890509 15.604 0.006
0.4684370715890509 15.604 0.006
0.47019954939196396 15.619 0.007
0.47019954939196396 15.619 0.007
0.47159144875467973 15.613 0.007
0.47159144875467973 15.613 0.007
0.47228022330864405 15.598 0.008
0.47228022330864405 15.598 0.008
0.4725762873454187 15.6 0.006
0.4725762873454187 15.6 0.006
0.47504609491670635 15.592 0.006
0.47504609491670635 15.592 0.006
0.4753941263775232 15.605 0.008
0.4753941263775232 15.605 0.008
0.476027120469098 15.612 0.008
0.476027120469098 15.612 0.008
0.4764914030190539 15.598 0.006
0.4764914030190539 15.598 0.006
0.4779351692045566 15.624 0.008
0.4779351692045566 15.624 0.008
0.4790081634987473 15.595 0.006
0.4790081634987473 15.595 0.006
0.4796340217433226 15.605 0.006
0.4796340217433226 15.605 0.006
0.47976582456385586 15.623 0.007
0.47976582456385586 15.623 0.007
0.48057419140104685 15.609 0.008
0.48057419140104685 15.609 0.008
0.4875398210538151 15.596 0.006
0.4875398210538151 15.596 0.006
0.48823029054733524 15.599 0.006
0.48823029054733524 15.599 0.006
0.488342364248183 15.601 0.006
0.488342364248183 15.601 0.006
0.4908326158529235 15.608 0.006
0.4908326158529235 15.608 0.006
0.49128582363914575 15.604 0.006
0.49128582363914575 15.604 0.006
0.4925388670558277 15.609 0.007
0.4925388670558277 15.609 0.007
0.49311573285012855 15.594 0.006
0.49311573285012855 15.594 0.006
0.4941169014909974 15.607 0.006
0.4941169014909974 15.607 0.006
0.4948505002989805 15.6 0.007
0.4948505002989805 15.6 0.007
0.4962472331517347 15.614 0.006
0.4962472331517347 15.614 0.006
0.4978327641233591 15.592 0.006
0.4978327641233591 15.592 0.006
0.4994227472179773 15.61 0.006
0.4994227472179773 15.61 0.006
0.5018786621653817 15.599 0.006
0.5018786621653817 15.599 0.006
0.5028945697517884 15.593 0.006
0.5028945697517884 15.593 0.006
0.5033854613470794 15.611 0.006
0.5033854613470794 15.611 0.006
0.5041150752826979 15.611 0.007
0.5041150752826979 15.611 0.007
0.5056104895652425 15.609 0.006
0.5056104895652425 15.609 0.006
0.5059307922881544 15.611 0.006
0.5059307922881544 15.611 0.006
0.5091455109700291 15.59 0.006
0.5091455109700291 15.59 0.006
0.5104980926921598 15.6 0.006
0.5104980926921598 15.6 0.006
0.5109149863205857 15.614 0.006
0.5109149863205857 15.614 0.006
0.5117288427504718 15.606 0.006
0.5117288427504718 15.606 0.006
0.5119910452062868 15.617 0.006
0.5119910452062868 15.617 0.006
0.5133795050710432 15.602 0.007
0.5133795050710432 15.602 0.007
0.5134223867221408 15.607 0.007
0.5134223867221408 15.607 0.007
0.5134343101037757 15.601 0.006
0.5134343101037757 15.601 0.006
0.5164860738173047 15.605 0.006
0.5164860738173047 15.605 0.006
0.5172596844972759 15.623 0.006
0.5172596844972759 15.623 0.006
0.5197254589425029 15.604 0.006
0.5197254589425029 15.604 0.006
0.5201800179979728 15.597 0.006
0.5201800179979728 15.597 0.006
0.5204026767637515 15.597 0.006
0.5204026767637515 15.597 0.006
0.5212576183707824 15.6 0.006
0.5212576183707824 15.6 0.006
0.522851412204318 15.617 0.006
0.522851412204318 15.617 0.006
0.5238433209387949 15.601 0.006
0.5238433209387949 15.601 0.006
0.5257127655818294 15.61 0.006
0.5257127655818294 15.61 0.006
0.5261052743940127 15.608 0.006
0.5261052743940127 15.608 0.006
0.5272636235508799 15.608 0.007
0.5272636235508799 15.608 0.007
0.532235128735465 15.604 0.007
0.532235128735465 15.604 0.007
0.5328694455886307 15.611 0.006
0.5328694455886307 15.611 0.006
0.5331686849422113 15.607 0.006
0.5331686849422113 15.607 0.006
0.5341761743461575 15.606 0.006
0.5341761743461575 15.606 0.006
0.5352318976288188 15.615 0.006
0.5352318976288188 15.615 0.006
0.5354442300772462 15.606 0.007
0.5354442300772462 15.606 0.007
0.5365604910537058 15.628 0.006
0.5365604910537058 15.628 0.006
0.537985555465184 15.6 0.006
0.537985555465184 15.6 0.006
0.5392488158354354 15.606 0.007
0.5392488158354354 15.606 0.007
0.5392639398110077 15.606 0.007
0.5392639398110077 15.606 0.007
0.5393352108972067 15.61 0.006
0.5393352108972067 15.61 0.006
0.5402739277501496 15.609 0.006
0.5402739277501496 15.609 0.006
0.5403552485504406 15.615 0.006
0.5403552485504406 15.615 0.006
0.5431367665319158 15.604 0.006
0.5431367665319158 15.604 0.006
0.5445614665936773 15.626 0.007
0.5445614665936773 15.626 0.007
0.5446611707734519 15.609 0.006
0.5446611707734519 15.609 0.006
0.5446924773082173 15.605 0.006
0.5446924773082173 15.605 0.006
0.5448504972505361 15.615 0.007
0.5448504972505361 15.615 0.007
0.5453315826298422 15.633 0.006
0.5453315826298422 15.633 0.006
0.5460036545268849 15.606 0.007
0.5460036545268849 15.606 0.007
0.5466745423927932 15.6 0.008
0.5466745423927932 15.6 0.008
0.5470533763723324 15.605 0.008
0.5470533763723324 15.605 0.008
0.5484509518832965 15.602 0.007
0.5484509518832965 15.602 0.007
0.5507684932856591 15.639 0.006
0.5507684932856591 15.639 0.006
0.5515658845965845 15.627 0.006
0.5515658845965845 15.627 0.006
0.553639798504264 15.642 0.006
0.553639798504264 15.642 0.006
0.5541096267302237 15.616 0.006
0.5541096267302237 15.616 0.006
0.5556356914426033 15.62 0.008
0.5556356914426033 15.62 0.008
0.5586445725716658 15.617 0.006
0.5586445725716658 15.617 0.006
0.5611825866394611 15.634 0.006
0.5611825866394611 15.634 0.006
0.5618144968725574 15.63 0.006
0.5618144968725574 15.63 0.006
0.5623328438346107 15.611 0.007
0.5623328438346107 15.611 0.007
0.562365089033392 15.643 0.006
0.562365089033392 15.643 0.006
0.5627296416955687 15.629 0.008
0.5627296416955687 15.629 0.008
0.5655332977146372 15.646 0.006
0.5655332977146372 15.646 0.006
0.568373794454601 15.626 0.006
0.568373794454601 15.626 0.006
0.5684629347802002 15.637 0.006
0.5684629347802002 15.637 0.006
0.568904420891613 15.624 0.006
0.568904420891613 15.624 0.006
0.5689373244904345 15.631 0.006
0.5689373244904345 15.631 0.006
0.5712142599581966 15.615 0.006
0.5712142599581966 15.615 0.006
0.5715185138292327 15.634 0.007
0.5715185138292327 15.634 0.007
0.5724049972100147 15.635 0.007
0.5724049972100147 15.635 0.007
0.5726670903029571 15.646 0.006
0.5726670903029571 15.646 0.006
0.574630426973954 15.639 0.006
0.574630426973954 15.639 0.006
0.5749373291687334 15.626 0.007
0.5749373291687334 15.626 0.007
0.5749527265143115 15.62 0.006
0.5749527265143115 15.62 0.006
0.5763778474388346 15.628 0.006
0.5763778474388346 15.628 0.006
0.5775857091462058 15.639 0.007
0.5775857091462058 15.639 0.007
0.5781875584127647 15.64 0.006
0.5781875584127647 15.64 0.006
0.5819442631541278 15.643 0.006
0.5819442631541278 15.643 0.006
0.582913512817413 15.649 0.007
0.582913512817413 15.649 0.007
0.583518208884243 15.652 0.006
0.583518208884243 15.652 0.006
0.5841834307261706 15.629 0.006
0.5841834307261706 15.629 0.006
0.5844013368564447 15.646 0.006
0.5844013368564447 15.646 0.006
0.5849255515490768 15.632 0.007
0.5849255515490768 15.632 0.007
0.585026595510044 15.629 0.007
0.585026595510044 15.629 0.007
0.5854670694252491 15.635 0.008
0.5854670694252491 15.635 0.008
0.5854984301736295 15.646 0.006
0.5854984301736295 15.646 0.006
0.5862131126491477 15.64 0.006
0.5862131126491477 15.64 0.006
0.5909998712236302 15.637 0.006
0.5909998712236302 15.637 0.006
0.5925604536200808 15.631 0.006
0.5925604536200808 15.631 0.006
0.5928803354815955 15.675 0.006
0.5928803354815955 15.675 0.006
0.5929486858071868 15.623 0.006
0.5929486858071868 15.623 0.006
0.5936368318330096 15.642 0.006
0.5936368318330096 15.642 0.006
0.5942704636458984 15.645 0.006
0.5942704636458984 15.645 0.006
0.594727822178811 15.653 0.007
0.594727822178811 15.653 0.007
0.5952407893405507 15.645 0.008
0.5952407893405507 15.645 0.008
0.596625845541439 15.637 0.007
0.596625845541439 15.637 0.007
0.5968593415318537 15.633 0.007
0.5968593415318537 15.633 0.007
0.6013439896128148 15.653 0.008
0.6013439896128148 15.653 0.008
0.6027402381964748 15.65 0.006
0.6027402381964748 15.65 0.006
0.6051319535667972 15.64 0.006
0.6051319535667972 15.64 0.006
0.60554739805184 15.674 0.006
0.60554739805184 15.674 0.006
0.6069724059520922 15.643 0.008
0.6069724059520922 15.643 0.008
0.6077979032024814 15.643 0.006
0.6077979032024814 15.643 0.006
0.6098348353607435 15.659 0.006
0.6098348353607435 15.659 0.006
0.6099587768653691 15.647 0.006
0.6099587768653691 15.647 0.006
0.6103106765117445 15.636 0.007
0.6103106765117445 15.636 0.007
0.6104305122912592 15.65 0.006
0.6104305122912592 15.65 0.006
0.6108832082347817 15.675 0.006
0.6108832082347817 15.675 0.006
0.6123113500907493 15.663 0.006
0.6123113500907493 15.663 0.006
0.6125954976382673 15.659 0.007
0.6125954976382673 15.659 0.007
0.6154651795816335 15.669 0.006
0.6154651795816335 15.669 0.006
0.6157294711974828 15.643 0.007
0.6157294711974828 15.643 0.007
0.6159069032310072 15.644 0.007
0.6159069032310072 15.644 0.007
0.6161413388203982 15.668 0.007
0.6161413388203982 15.668 0.007
0.6166878376793647 15.658 0.006
0.6166878376793647 15.658 0.006
0.6169158789737139 15.687 0.006
0.6169158789737139 15.687 0.006
0.6177473762968475 15.675 0.007
0.6177473762968475 15.675 0.007
0.617781063745042 15.666 0.006
0.617781063745042 15.666 0.006
0.6181109052745342 15.648 0.008
0.6181109052745342 15.648 0.008
0.6183970546644559 15.671 0.006
0.6183970546644559 15.671 0.006
0.6200337494656196 15.659 0.006
0.6200337494656196 15.659 0.006
0.6201376402254937 15.666 0.006
0.6201376402254937 15.666 0.006
0.62125305121981 15.66 0.006
0.62125305121981 15.66 0.006
0.6212935253165597 15.662 0.007
0.6212935253165597 15.662 0.007
0.6219466142415513 15.642 0.007
0.6219466142415513 15.642 0.007
0.623287148068357 15.662 0.007
0.623287148068357 15.662 0.007
0.6238040527809972 15.675 0.006
0.6238040527809972 15.675 0.006
0.6239565013406718 15.66 0.008
0.6239565013406718 15.66 0.008
0.6239778100775766 15.673 0.007
0.6239778100775766 15.673 0.007
0.6241071410036056 15.691 0.006
0.6241071410036056 15.691 0.006
0.6241998209975463 15.635 0.006
0.6241998209975463 15.635 0.006
0.6257609152366967 15.655 0.007
0.6257609152366967 15.655 0.007
0.6260397753269444 15.689 0.006
0.6260397753269444 15.689 0.006
0.626686093689159 15.675 0.006
0.626686093689159 15.675 0.006
0.6270115225902373 15.704 0.007
0.6270115225902373 15.704 0.007
0.629804065716371 15.694 0.006
0.629804065716371 15.694 0.006
0.6298755279544821 15.672 0.006
0.6298755279544821 15.672 0.006
0.6309889963454225 15.658 0.006
0.6309889963454225 15.658 0.006
0.6323109101863338 15.667 0.006
0.6323109101863338 15.667 0.006
0.6328242867211884 15.688 0.006
0.6328242867211884 15.688 0.006
0.6357562978068927 15.668 0.006
0.6357562978068927 15.668 0.006
0.6359118642385511 15.682 0.006
0.6359118642385511 15.682 0.006
0.63716345714829 15.663 0.006
0.63716345714829 15.663 0.006
0.6374080187104028 15.708 0.006
0.6374080187104028 15.708 0.006
0.6381990051709181 15.678 0.006
0.6381990051709181 15.678 0.006
0.6388057003532595 15.703 0.005
0.6388057003532595 15.703 0.005
0.6413342192736309 15.687 0.006
0.6413342192736309 15.687 0.006
0.6428660547785512 15.739 0.008
0.6428660547785512 15.739 0.008
0.6441659311835792 15.686 0.006
0.6441659311835792 15.686 0.006
0.6449212609536517 15.692 0.006
0.6449212609536517 15.692 0.006
0.6464798451697789 15.71 0.006
0.6464798451697789 15.71 0.006
0.6467621525844152 15.683 0.007
0.6467621525844152 15.683 0.007
0.6473952183398524 15.7 0.006
0.6473952183398524 15.7 0.006
0.6474461570537642 15.675 0.008
0.6474461570537642 15.675 0.008
0.6477489810981751 15.689 0.008
0.6477489810981751 15.689 0.008
0.6490073055078938 15.693 0.008
0.6490073055078938 15.693 0.008
0.6493853115493948 15.68 0.006
0.6493853115493948 15.68 0.006
0.6497301768831676 15.698 0.007
0.6497301768831676 15.698 0.007
0.6512695888452527 15.708 0.006
0.6512695888452527 15.708 0.006
0.6525671454451185 15.7 0.006
0.6525671454451185 15.7 0.006
0.6529473596315256 15.719 0.006
0.6529473596315256 15.719 0.006
0.6538977264958703 15.676 0.006
0.6538977264958703 15.676 0.006
0.6550595220419382 15.687 0.007
0.6550595220419382 15.687 0.007
0.6561614879142326 15.689 0.008
0.6561614879142326 15.689 0.008
0.6570809024690334 15.71 0.006
0.6570809024690334 15.71 0.006
0.6571905121036252 15.675 0.007
0.6571905121036252 15.675 0.007
0.657544828495702 15.68 0.008
0.657544828495702 15.68 0.008
0.6583851014570428 15.676 0.006
0.6583851014570428 15.676 0.006
0.6584928953006965 15.711 0.006
0.6584928953006965 15.711 0.006
0.6589575164930466 15.689 0.007
0.6589575164930466 15.689 0.007
0.6603139677658874 15.706 0.007
0.6603139677658874 15.706 0.007
0.6611012588077756 15.684 0.007
0.6611012588077756 15.684 0.007
0.6611925323841206 15.714 0.006
0.6611925323841206 15.714 0.006
0.6620097543495831 15.68 0.007
0.6620097543495831 15.68 0.007
0.6621131171823436 15.727 0.006
0.6621131171823436 15.727 0.006
0.6623852793063634 15.723 0.006
0.6623852793063634 15.723 0.006
0.6639265520821027 15.686 0.007
0.6639265520821027 15.686 0.007
0.6640105731235053 15.716 0.006
0.6640105731235053 15.716 0.006
0.6643042654368401 15.707 0.006
0.6643042654368401 15.707 0.006
0.6653773966686458 15.688 0.006
0.6653773966686458 15.688 0.006
0.6689796638606822 15.692 0.006
0.6689796638606822 15.692 0.006
0.6697109832898605 15.698 0.006
0.6697109832898605 15.698 0.006
0.6698042559805799 15.697 0.007
0.6698042559805799 15.697 0.007
0.6703153067496714 15.695 0.006
0.6703153067496714 15.695 0.006
0.6708780331896378 15.707 0.006
0.6708780331896378 15.707 0.006
0.6711891853697125 15.7 0.007
0.6711891853697125 15.7 0.007
0.6729027699600465 15.723 0.006
0.6729027699600465 15.723 0.006
0.6792590143159032 15.714 0.007
0.6792590143159032 15.714 0.007
0.6812779779975244 15.742 0.006
0.6812779779975244 15.742 0.006
0.6850340427208721 15.706 0.006
0.6850340427208721 15.706 0.006
0.6855598439237838 15.7 0.006
0.6855598439237838 15.7 0.006
0.6864913546291973 15.71 0.007
0.6864913546291973 15.71 0.007
0.6889330231574604 15.737 0.006
0.6889330231574604 15.737 0.006
0.689238117388868 15.713 0.007
0.689238117388868 15.713 0.007
0.6914593224432792 15.702 0.007
0.6914593224432792 15.702 0.007
0.6916154907632972 15.717 0.006
0.6916154907632972 15.717 0.006
0.6927193266405993 15.711 0.006
0.6927193266405993 15.711 0.006
0.6933462168276492 15.726 0.006
0.6933462168276492 15.726 0.006
0.6940656234305607 15.726 0.006
0.6940656234305607 15.726 0.006
0.6953047108167993 15.713 0.007
0.6953047108167993 15.713 0.007
0.6958247274410496 15.712 0.008
0.6958247274410496 15.712 0.008
0.6965731240038622 15.732 0.006
0.6965731240038622 15.732 0.006
0.6972506694091862 15.713 0.007
0.6972506694091862 15.713 0.007
0.6979294011430284 15.692 0.006
0.6979294011430284 15.692 0.006
0.6984198360446499 15.725 0.007
0.6984198360446499 15.725 0.007
0.698465000735041 15.736 0.006
0.698465000735041 15.736 0.006
0.6985408397690662 15.715 0.007
0.6985408397690662 15.715 0.007
0.6987019890725605 15.729 0.008
0.6987019890725605 15.729 0.008
0.6988121914041585 15.722 0.006
0.6988121914041585 15.722 0.006
0.7016988939690236 15.708 0.007
0.7016988939690236 15.708 0.007
0.701780909936133 15.743 0.006
0.701780909936133 15.743 0.006
0.7021728536253704 15.755 0.006
0.7021728536253704 15.755 0.006
0.7022420006528591 15.707 0.006
0.7022420006528591 15.707 0.006
0.7028510675568214 15.732 0.007
0.7028510675568214 15.732 0.007
0.7042749640236252 15.722 0.007
0.7042749640236252 15.722 0.007
0.7050028094895424 15.732 0.007
0.7050028094895424 15.732 0.007
0.7066849501784418 15.713 0.007
0.7066849501784418 15.713 0.007
0.7073564123592178 15.736 0.006
0.7073564123592178 15.736 0.006
0.7083854374827752 15.742 0.007
0.7083854374827752 15.742 0.007
0.7096370744811793 15.726 0.007
0.7096370744811793 15.726 0.007
0.711215847742551 15.74 0.008
0.711215847742551 15.74 0.008
0.7116928802474831 15.732 0.006
0.7116928802474831 15.732 0.006
0.7130632333346512 15.736 0.006
0.7130632333346512 15.736 0.006
0.7131874551027977 15.73 0.006
0.7131874551027977 15.73 0.006
0.7144556964553885 15.737 0.006
0.7144556964553885 15.737 0.006
0.7150103332328399 15.727 0.007
0.7150103332328399 15.727 0.007
0.7150764859684386 15.73 0.006
0.7150764859684386 15.73 0.006
0.7181358840152825 15.756 0.006
0.7181358840152825 15.756 0.006
0.7181861390513404 15.723 0.007
0.7181861390513404 15.723 0.007
0.7203204220509178 15.738 0.008
0.7203204220509178 15.738 0.008
0.7207437738097724 15.749 0.006
0.7207437738097724 15.749 0.006
0.7224029025678647 15.746 0.007
0.7224029025678647 15.746 0.007
0.722796760350775 15.739 0.007
0.722796760350775 15.739 0.007
0.7242979224463397 15.742 0.006
0.7242979224463397 15.742 0.006
0.7251234748459865 15.728 0.008
0.7251234748459865 15.728 0.008
0.7253194207319211 15.74 0.006
0.7253194207319211 15.74 0.006
0.725353519851069 15.73 0.007
0.725353519851069 15.73 0.007
0.7263037865436672 15.745 0.007
0.7263037865436672 15.745 0.007
0.728116335125037 15.735 0.006
0.728116335125037 15.735 0.006
0.7299095855751148 15.72 0.006
0.7299095855751148 15.72 0.006
0.7300568698278767 15.743 0.006
0.7300568698278767 15.743 0.006
0.7318710968334017 15.738 0.006
0.7318710968334017 15.738 0.006
0.7337019713494328 15.72 0.006
0.7337019713494328 15.72 0.006
0.7343799385512284 15.742 0.007
0.7343799385512284 15.742 0.007
0.7354130583398728 15.73 0.006
0.7354130583398728 15.73 0.006
0.7358018933487074 15.753 0.008
0.7358018933487074 15.753 0.008
0.7373116753333306 15.739 0.007
0.7373116753333306 15.739 0.007
0.740819914493386 15.754 0.007
0.740819914493386 15.754 0.007
0.7410041873895352 15.737 0.007
0.7410041873895352 15.737 0.007
0.7411027236248628 15.751 0.007
0.7411027236248628 15.751 0.007
0.7416346172444719 15.752 0.006
0.7416346172444719 15.752 0.006
0.7424658241784527 15.742 0.007
0.7424658241784527 15.742 0.007
0.7427192418040249 15.75 0.007
0.7427192418040249 15.75 0.007
0.7432246462954026 15.742 0.006
0.7432246462954026 15.742 0.006
0.7432622818502068 15.739 0.007
0.7432622818502068 15.739 0.007
0.745003790924784 15.732 0.007
0.745003790924784 15.732 0.007
0.7457118218198957 15.73 0.007
0.7457118218198957 15.73 0.007
0.7457708410061059 15.723 0.006
0.7457708410061059 15.723 0.006
0.7460078293438528 15.737 0.008
0.7460078293438528 15.737 0.008
0.7467200491159929 15.726 0.007
0.7467200491159929 15.726 0.007
0.7468830040847934 15.723 0.006
0.7468830040847934 15.723 0.006
0.7471154414929515 15.749 0.008
0.7471154414929515 15.749 0.008
0.7472123347060915 15.73 0.006
0.7472123347060915 15.73 0.006
0.7475276206148465 15.736 0.006
0.7475276206148465 15.736 0.006
0.7476266755857068 15.734 0.006
0.7476266755857068 15.734 0.006
0.7480220137485958 15.737 0.007
0.7480220137485958 15.737 0.007
0.7481856822664668 15.747 0.007
0.7481856822664668 15.747 0.007
0.7492879849144174 15.737 0.006
0.7492879849144174 15.737 0.006
0.751059356909991 15.742 0.007
0.751059356909991 15.742 0.007
0.751533235711122 15.75 0.006
0.751533235711122 15.75 0.006
0.7521807684058786 15.708 0.006
0.7521807684058786 15.708 0.006
0.7526764691498329 15.698 0.006
0.7526764691498329 15.698 0.006
0.7528428264199647 15.747 0.008
0.7528428264199647 15.747 0.008
0.7546749263269703 15.752 0.007
0.7546749263269703 15.752 0.007
0.754800159356364 15.752 0.006
0.754800159356364 15.752 0.006
0.7549639087289961 15.714 0.006
0.7549639087289961 15.714 0.006
0.7559199034876656 15.73 0.007
0.7559199034876656 15.73 0.007
0.7565813113583317 15.729 0.006
0.7565813113583317 15.729 0.006
0.7578099074867168 15.748 0.007
0.7578099074867168 15.748 0.007
0.7585617518027448 15.713 0.006
0.7585617518027448 15.713 0.006
0.7587157960638251 15.742 0.006
0.7587157960638251 15.742 0.006
0.7602628860183813 15.708 0.006
0.7602628860183813 15.708 0.006
0.7609062422588977 15.729 0.006
0.7609062422588977 15.729 0.006
0.7610408757938103 15.713 0.006
0.7610408757938103 15.713 0.006
0.7616875791868551 15.746 0.007
0.7616875791868551 15.746 0.007
0.7619034513031693 15.74 0.007
0.7619034513031693 15.74 0.007
0.7624983696618983 15.749 0.007
0.7624983696618983 15.749 0.007
0.7633128821958053 15.743 0.007
0.7633128821958053 15.743 0.007
0.7634926399939559 15.71 0.006
0.7634926399939559 15.71 0.006
0.7640734649553451 15.753 0.007
0.7640734649553451 15.753 0.007
0.7643764713889141 15.71 0.006
0.7643764713889141 15.71 0.006
0.7646183864958402 15.738 0.008
0.7646183864958402 15.738 0.008
0.7673168556334531 15.74 0.007
0.7673168556334531 15.74 0.007
0.7679015110820728 15.727 0.007
0.7679015110820728 15.727 0.007
0.7679269071600174 15.741 0.007
0.7679269071600174 15.741 0.007
0.7679934233112817 15.7 0.006
0.7679934233112817 15.7 0.006
0.7691594628836356 15.74 0.007
0.7691594628836356 15.74 0.007
0.7699100919339799 15.705 0.007
0.7699100919339799 15.705 0.007
0.7710049045092546 15.713 0.008
0.7710049045092546 15.713 0.008
0.7731798656100182 15.735 0.007
0.7731798656100182 15.735 0.007
0.7732063455473508 15.729 0.006
0.7732063455473508 15.729 0.006
0.7781934695308337 15.747 0.006
0.7781934695308337 15.747 0.006
0.7798193744270066 15.735 0.007
0.7798193744270066 15.735 0.007
0.7800841769517319 15.729 0.006
0.7800841769517319 15.729 0.006
0.7807653162403767 15.733 0.006
0.7807653162403767 15.733 0.006
0.7816489459287368 15.734 0.007
0.7816489459287368 15.734 0.007
0.7821505465731207 15.733 0.007
0.7821505465731207 15.733 0.007
0.7829096512514298 15.716 0.008
0.7829096512514298 15.716 0.008
0.783233016268241 15.736 0.007
0.783233016268241 15.736 0.007
0.7836084695613863 15.739 0.006
0.7836084695613863 15.739 0.006
0.7863201936047517 15.725 0.006
0.7863201936047517 15.725 0.006
0.7868721935469694 15.73 0.007
0.7868721935469694 15.73 0.007
0.7874644668131623 15.72 0.007
0.7874644668131623 15.72 0.007
0.7886779922450842 15.715 0.006
0.7886779922450842 15.715 0.006
0.7898014501770376 15.719 0.007
0.7898014501770376 15.719 0.007
0.7901223143617244 15.703 0.007
0.7901223143617244 15.703 0.007
0.7901958648258187 15.707 0.006
0.7901958648258187 15.707 0.006
0.7905848463938128 15.717 0.006
0.7905848463938128 15.717 0.006
0.7919562658912582 15.729 0.008
0.7919562658912582 15.729 0.008
0.7924139970323267 15.703 0.007
0.7924139970323267 15.703 0.007
0.7950044439799058 15.74 0.008
0.7950044439799058 15.74 0.008
0.795375466261703 15.717 0.006
0.795375466261703 15.717 0.006
0.7956757053875663 15.721 0.006
0.7956757053875663 15.721 0.006
0.7971056230371687 15.723 0.006
0.7971056230371687 15.723 0.006
0.797171914073715 15.733 0.007
0.797171914073715 15.733 0.007
0.7975157681462406 15.713 0.007
0.7975157681462406 15.713 0.007
0.800057732188634 15.723 0.007
0.800057732188634 15.723 0.007
0.8001369555709061 15.707 0.007
0.8001369555709061 15.707 0.007
0.800270118851131 15.712 0.007
0.800270118851131 15.712 0.007
0.8065940086466981 15.709 0.007
0.8065940086466981 15.709 0.007
0.8096002726870211 15.663 0.006
0.8096002726870211 15.663 0.006
0.8097664558240467 15.715 0.006
0.8097664558240467 15.715 0.006
0.8101041527102097 15.721 0.006
0.8101041527102097 15.721 0.006
0.8108779986314403 15.696 0.007
0.8108779986314403 15.696 0.007
0.812864040331533 15.702 0.007
0.812864040331533 15.702 0.007
0.8143843296575142 15.675 0.006
0.8143843296575142 15.675 0.006
0.8147963897949921 15.704 0.007
0.8147963897949921 15.704 0.007
0.8150775467129279 15.674 0.006
0.8150775467129279 15.674 0.006
0.8154856012965865 15.715 0.006
0.8154856012965865 15.715 0.006
0.8155484610947497 15.719 0.006
0.8155484610947497 15.719 0.006
0.817158302417738 15.666 0.006
0.817158302417738 15.666 0.006
0.8182949945735345 15.683 0.006
0.8182949945735345 15.683 0.006
0.8184735945519606 15.7 0.006
0.8184735945519606 15.7 0.006
0.8184745157673206 15.693 0.007
0.8184745157673206 15.693 0.007
0.8185310814421882 15.678 0.006
0.8185310814421882 15.678 0.006
0.8189152180302699 15.699 0.008
0.8189152180302699 15.699 0.008
0.8206887439559978 15.687 0.007
0.8206887439559978 15.687 0.007
0.8224852400230702 15.689 0.007
0.8224852400230702 15.689 0.007
0.8231929332082473 15.686 0.007
0.8231929332082473 15.686 0.007
0.8233597655548692 15.702 0.007
0.8233597655548692 15.702 0.007
0.8244108019043779 15.683 0.008
0.8244108019043779 15.683 0.008
0.8246880741212408 15.705 0.006
0.8246880741212408 15.705 0.006
0.8259676080283498 15.682 0.008
0.8259676080283498 15.682 0.008
0.8260853638389563 15.682 0.007
0.8260853638389563 15.682 0.007
0.8266490657097165 15.66 0.006
0.8266490657097165 15.66 0.006
0.8280206777221792 15.696 0.007
0.8280206777221792 15.696 0.007
0.8287242385431455 15.658 0.006
0.8287242385431455 15.658 0.006
0.830483116504638 15.711 0.007
0.830483116504638 15.711 0.007
0.8362013315704644 15.688 0.007
0.8362013315704644 15.688 0.007
0.837516367783337 15.683 0.007
0.837516367783337 15.683 0.007
0.8375529920758709 15.667 0.006
0.8375529920758709 15.667 0.006
0.8376460364202103 15.688 0.006
0.8376460364202103 15.688 0.006
0.8387245120516127 15.681 0.008
0.8387245120516127 15.681 0.008
0.8393947139420561 15.671 0.006
0.8393947139420561 15.671 0.006
0.8399278586593937 15.653 0.006
0.8399278586593937 15.653 0.006
0.8404125664287676 15.671 0.007
0.8404125664287676 15.671 0.007
0.8414074005190741 15.666 0.008
0.8414074005190741 15.666 0.008
0.8414595972249117 15.677 0.007
0.8414595972249117 15.677 0.007
0.841914539012123 15.676 0.008
0.841914539012123 15.676 0.008
0.842750633652031 15.683 0.006
0.842750633652031 15.683 0.006
0.844648374452845 15.681 0.008
0.844648374452845 15.681 0.008
0.8447340568995969 15.664 0.007
0.8447340568995969 15.664 0.007
0.8473039895147849 15.661 0.006
0.8473039895147849 15.661 0.006
0.8482765853964338 15.673 0.007
0.8482765853964338 15.673 0.007
0.8528912136124518 15.611 0.006
0.8528912136124518 15.611 0.006
0.8530364523635399 15.67 0.007
0.8530364523635399 15.67 0.007
0.853086605865883 15.658 0.006
0.853086605865883 15.658 0.006
0.8546853806824402 15.643 0.006
0.8546853806824402 15.643 0.006
0.8561934121494232 15.667 0.008
0.8561934121494232 15.667 0.008
0.8582604760026697 15.646 0.006
0.8582604760026697 15.646 0.006
0.8605344323302688 15.636 0.006
0.8605344323302688 15.636 0.006
0.8612015636708747 15.647 0.006
0.8612015636708747 15.647 0.006
0.8637087426195649 15.65 0.007
0.8637087426195649 15.65 0.007
0.8638256498113606 15.62 0.006
0.8638256498113606 15.62 0.006
0.8642536917336656 15.665 0.007
0.8642536917336656 15.665 0.007
0.8645297684311117 15.663 0.006
0.8645297684311117 15.663 0.006
0.8666880617715833 15.657 0.008
0.8666880617715833 15.657 0.008
0.8668766237165073 15.66 0.006
0.8668766237165073 15.66 0.006
0.8676987508358707 15.643 0.006
0.8676987508358707 15.643 0.006
0.8679407224540228 15.65 0.006
0.8679407224540228 15.65 0.006
0.8680890363525577 15.658 0.007
0.8680890363525577 15.658 0.007
0.8705735575927065 15.658 0.006
0.8705735575927065 15.658 0.006
0.8726131256523786 15.636 0.007
0.8726131256523786 15.636 0.007
0.8762420965319961 15.607 0.006
0.8762420965319961 15.607 0.006
0.8797763947663952 15.65 0.006
0.8797763947663952 15.65 0.006
0.8822188103790722 15.645 0.006
0.8822188103790722 15.645 0.006
0.882625961195572 15.636 0.006
0.882625961195572 15.636 0.006
0.884095606793835 15.659 0.007
0.884095606793835 15.659 0.007
0.8844941652964735 15.658 0.006
0.8844941652964735 15.658 0.006
0.8847288650636074 15.64 0.006
0.8847288650636074 15.64 0.006
0.8856699435134487 15.615 0.006
0.8856699435134487 15.615 0.006
0.8861408036814282 15.647 0.006
0.8861408036814282 15.647 0.006
0.8885356750517985 15.62 0.006
0.8885356750517985 15.62 0.006
0.8893895396936387 15.639 0.006
0.8893895396936387 15.639 0.006
0.8894433679320173 15.639 0.006
0.8894433679320173 15.639 0.006
0.8902701599395186 15.654 0.006
0.8902701599395186 15.654 0.006
0.8905043478646348 15.605 0.006
0.8905043478646348 15.605 0.006
0.8907532963498852 15.643 0.006
0.8907532963498852 15.643 0.006
0.8933602084166523 15.621 0.008
0.8933602084166523 15.621 0.008
0.8941398747481344 15.614 0.006
0.8941398747481344 15.614 0.006
0.8950900513950728 15.645 0.006
0.8950900513950728 15.645 0.006
0.8959065506196566 15.607 0.006
0.8959065506196566 15.607 0.006
0.8959256351258773 15.642 0.006
0.8959256351258773 15.642 0.006
0.8973131530947285 15.628 0.008
0.8973131530947285 15.628 0.008
0.897417874090479 15.623 0.006
0.897417874090479 15.623 0.006
0.898306401609716 15.639 0.006
0.898306401609716 15.639 0.006
0.8986992412387735 15.63 0.006
0.8986992412387735 15.63 0.006
0.8992835507183372 15.638 0.006
0.8992835507183372 15.638 0.006
0.8996629438611308 15.628 0.006
0.8996629438611308 15.628 0.006
0.9008457196255222 15.638 0.006
0.9008457196255222 15.638 0.006
0.9018864319559725 15.62 0.006
0.9018864319559725 15.62 0.006
0.901893965688032 15.621 0.006
0.901893965688032 15.621 0.006
0.9019755249610171 15.627 0.006
0.9019755249610171 15.627 0.006
0.9022374356641194 15.634 0.007
0.9022374356641194 15.634 0.007
0.9032324080549188 15.623 0.006
0.9032324080549188 15.623 0.006
0.9043472171601934 15.644 0.007
0.9043472171601934 15.644 0.007
0.9052798406626152 15.615 0.006
0.9052798406626152 15.615 0.006
0.9070395015382928 15.631 0.007
0.9070395015382928 15.631 0.007
0.9078846645029444 15.639 0.008
0.9078846645029444 15.639 0.008
0.9079686428190143 15.635 0.008
0.9079686428190143 15.635 0.008
0.9085903236759805 15.631 0.007
0.9085903236759805 15.631 0.007
0.9096084472344046 15.626 0.006
0.9096084472344046 15.626 0.006
0.9106778752216087 15.624 0.006
0.9106778752216087 15.624 0.006
0.9108598223524496 15.625 0.006
0.9108598223524496 15.625 0.006
0.9115461525866522 15.621 0.007
0.9115461525866522 15.621 0.007
0.9122251494322882 15.623 0.006
0.9122251494322882 15.623 0.006
0.9129086052946604 15.604 0.006
0.9129086052946604 15.604 0.006
0.9134536086244225 15.619 0.006
0.9134536086244225 15.619 0.006
0.9158431332975852 15.62 0.006
0.9158431332975852 15.62 0.006
0.9166560593207578 15.61 0.007
0.9166560593207578 15.61 0.007
0.9189159695729359 15.621 0.006
0.9189159695729359 15.621 0.006
0.9195807719156619 15.64 0.006
0.9195807719156619 15.64 0.006
0.9218900784601374 15.604 0.006
0.9218900784601374 15.604 0.006
0.9224145766488618 15.624 0.006
0.9224145766488618 15.624 0.006
0.9244747141888183 15.623 0.006
0.9244747141888183 15.623 0.006
0.9259421713873053 15.612 0.006
0.9259421713873053 15.612 0.006
0.9273527219697826 15.598 0.006
0.9273527219697826 15.598 0.006
0.9276736702408925 15.612 0.006
0.9276736702408925 15.612 0.006
0.9280237100078921 15.623 0.006
0.9280237100078921 15.623 0.006
0.928053993791309 15.616 0.007
0.928053993791309 15.616 0.007
0.9289445300460102 15.618 0.007
0.9289445300460102 15.618 0.007
0.9298063400897263 15.62 0.006
0.9298063400897263 15.62 0.006
0.9308252304786038 15.625 0.006
0.9308252304786038 15.625 0.006
0.9308955606024938 15.627 0.006
0.9308955606024938 15.627 0.006
0.9315543798925319 15.613 0.006
0.9315543798925319 15.613 0.006
0.9318931064231037 15.614 0.006
0.9318931064231037 15.614 0.006
0.9324705290832753 15.621 0.006
0.9324705290832753 15.621 0.006
0.9328134077256891 15.588 0.006
0.9328134077256891 15.588 0.006
0.9329281251552857 15.607 0.006
0.9329281251552857 15.607 0.006
0.9330557322050481 15.597 0.006
0.9330557322050481 15.597 0.006
0.9331554722175497 15.599 0.006
0.9331554722175497 15.599 0.006
0.9335005310008455 15.605 0.007
0.9335005310008455 15.605 0.007
0.9351138279050701 15.601 0.006
0.9351138279050701 15.601 0.006
0.9361840213573487 15.608 0.006
0.9361840213573487 15.608 0.006
0.9362698604877551 15.613 0.006
0.9362698604877551 15.613 0.006
0.9367703474022164 15.625 0.006
0.9367703474022164 15.625 0.006
0.9376974790125132 15.615 0.007
0.9376974790125132 15.615 0.007
0.9390609544709605 15.595 0.006
0.9390609544709605 15.595 0.006
0.9395799598339636 15.585 0.006
0.9395799598339636 15.585 0.006
0.9402696542406375 15.602 0.007
0.9402696542406375 15.602 0.007
0.9405287378908724 15.607 0.008
0.9405287378908724 15.607 0.008
0.941385301839091 15.596 0.008
0.941385301839091 15.596 0.008
0.9417156193790106 15.609 0.007
0.9417156193790106 15.609 0.007
0.9417702686614575 15.612 0.006
0.9417702686614575 15.612 0.006
0.9426655368729371 15.58 0.006
0.9426655368729371 15.58 0.006
0.9449238721031179 15.617 0.007
0.9449238721031179 15.617 0.007
0.945437102078813 15.605 0.006
0.945437102078813 15.605 0.006
0.9475700521920771 15.607 0.008
0.9475700521920771 15.607 0.008
0.9482928174365952 15.597 0.006
0.9482928174365952 15.597 0.006
0.9495154203859784 15.593 0.006
0.9495154203859784 15.593 0.006
0.9513386261005508 15.599 0.005
0.9513386261005508 15.599 0.005
0.9524451139636767 15.603 0.006
0.9524451139636767 15.603 0.006
0.9531392154690366 15.592 0.006
0.9531392154690366 15.592 0.006
0.9531487473816469 15.598 0.006
0.9531487473816469 15.598 0.006
0.9559587885037217 15.604 0.007
0.9559587885037217 15.604 0.007
0.9575778042831189 15.601 0.006
0.9575778042831189 15.601 0.006
0.9576629413531919 15.601 0.006
0.9576629413531919 15.601 0.006
0.9599084862006748 15.597 0.007
0.9599084862006748 15.597 0.007
0.9633431657061919 15.609 0.007
0.9633431657061919 15.609 0.007
0.9637716886650196 15.59 0.006
0.9637716886650196 15.59 0.006
0.9639600489022087 15.611 0.007
0.9639600489022087 15.611 0.007
0.9651277549060069 15.595 0.006
0.9651277549060069 15.595 0.006
0.9657444570775624 15.618 0.007
0.9657444570775624 15.618 0.007
0.9662297391610082 15.616 0.008
0.9662297391610082 15.616 0.008
0.9682498142751683 15.603 0.006
0.9682498142751683 15.603 0.006
0.9696143653359286 15.612 0.007
0.9696143653359286 15.612 0.007
0.970316887320223 15.585 0.006
0.970316887320223 15.585 0.006
0.9703683897937481 15.604 0.006
0.9703683897937481 15.604 0.006
0.9706646463441757 15.603 0.006
0.9706646463441757 15.603 0.006
0.9708817213045222 15.601 0.006
0.9708817213045222 15.601 0.006
0.9716338385619565 15.603 0.006
0.9716338385619565 15.603 0.006
0.9725487472096574 15.598 0.006
0.9725487472096574 15.598 0.006
0.9735210063158775 15.601 0.006
0.9735210063158775 15.601 0.006
0.9739474791772409 15.612 0.007
0.9739474791772409 15.612 0.007
0.9772738162300811 15.584 0.006
0.9772738162300811 15.584 0.006
0.9774366430233385 15.613 0.006
0.9774366430233385 15.613 0.006
0.9774569855212576 15.59 0.006
0.9774569855212576 15.59 0.006
0.9775719326612489 15.588 0.006
0.9775719326612489 15.588 0.006
0.9785061436082287 15.608 0.006
0.9785061436082287 15.608 0.006
0.9790199754720561 15.591 0.006
0.9790199754720561 15.591 0.006
0.9792208701715026 15.612 0.006
0.9792208701715026 15.612 0.006
0.9810838925154712 15.604 0.007
0.9810838925154712 15.604 0.007
0.9816169807213555 15.603 0.007
0.9816169807213555 15.603 0.007
0.9817086935418047 15.596 0.007
0.9817086935418047 15.596 0.007
0.9818209932919899 15.601 0.006
0.9818209932919899 15.601 0.006
0.9841227220153996 15.593 0.007
0.9841227220153996 15.593 0.007
0.9844429300974298 15.571 0.007
0.9844429300974298 15.571 0.007
0.9863802605445926 15.595 0.006
0.9863802605445926 15.595 0.006
0.9871704815395788 15.591 0.006
0.9871704815395788 15.591 0.006
0.9879635929933102 15.599 0.006
0.9879635929933102 15.599 0.006
0.9884369957837862 15.585 0.006
0.9884369957837862 15.585 0.006
0.9893940950819342 15.611 0.006
0.9893940950819342 15.611 0.006
0.989502127398282 15.6 0.006
0.989502127398282 15.6 0.006
0.9904381430760623 15.591 0.006
0.9904381430760623 15.591 0.006
0.9922990877480515 15.609 0.006
0.9922990877480515 15.609 0.006
0.9926219593057795 15.589 0.007
0.9926219593057795 15.589 0.007
0.9933108882464694 15.602 0.007
0.9933108882464694 15.602 0.007
0.9943531328731297 15.603 0.007
0.9943531328731297 15.603 0.007
0.9958252402379912 15.604 0.006
0.9958252402379912 15.604 0.006
0.9971113416390835 15.599 0.006
0.9971113416390835 15.599 0.006
0.9974133620885368 15.604 0.007
0.9974133620885368 15.604 0.007
0.997572478742768 15.604 0.007
0.997572478742768 15.604 0.007
0.9982603941239176 15.606 0.006
0.9982603941239176 15.606 0.006
0.9998490833945652 15.615 0.007
0.9998490833945652 15.615 0.007
0.9999603512028443 15.611 0.006
0.9999603512028443 15.611 0.006
