0.000465575683847419 18.633 0.045
0.005772205927314644 18.553 0.037
0.012067266127360199 18.613 0.059
0.01215057005356357 18.561 0.039
0.012368548279937386 18.645 0.046
0.012402664106048178 18.548 0.046
0.01388871445078621 18.496 0.059
0.019292885158392892 18.534 0.043
0.020400246606641304 18.694 0.047
0.021147441942957812 18.591 0.039
0.02319960207933036 18.668 0.052
0.0257592161260618 18.529 0.047
0.029497556879505282 18.421 0.052
0.031026178003230598 18.566 0.04
0.03285953746035375 18.639 0.046
0.0370456807759183 18.489 0.036
0.03953234401433292 18.588 0.046
0.03960453290028454 18.684 0.052
0.04106058964225667 18.657 0.045
0.04350776610726825 18.643 0.049
0.043991900945911766 18.575 0.042
0.0471299477330831 18.71 0.062
0.04799082487761552 18.589 0.052
0.049006801767063735 18.63 0.032
0.04924176468284713 18.612 0.052
0.05040515278096791 18.565 0.046
0.050680686967098154 18.554 0.055
0.052227716454126494 18.565 0.04
0.05513847675592842 18.64 0.06
0.059480134949808416 18.596 0.04
0.06028273599804379 18.582 0.067
0.06135235692272545 18.576 0.037
0.0630208172856328 18.699 0.065
0.06612427472737181 18.602 0.053
0.06617640916920209 18.544 0.039
0.06641733097239921 18.404 0.052
0.06742382015636394 18.467 0.046
0.06861164814245058 18.549 0.037
0.06980081056417475 18.629 0.053
0.07150279881352617 18.594 0.049
0.07191615633291804 18.508 0.037
0.0719201707765933 18.529 0.045
0.07223186111150426 18.576 0.037
0.07238375129327324 18.557 0.059
0.0727006540205366 18.564 0.07
0.07429949420020421 18.559 0.055
0.07440875307111128 18.566 0.042
0.07461409905545224 18.548 0.072
0.07468714456672387 18.657 0.045
0.0747668525032168 18.679 0.043
0.0750962652364251 18.592 0.053
0.07533700973817758 18.516 0.04
0.07572550677014078 18.641 0.045
0.07646748210345322 18.519 0.042
0.07929874476894838 18.571 0.037
0.08114451406345324 18.587 0.045
0.08158373846572431 18.59 0.06
0.08290241122176667 18.549 0.03
0.08320976453705953 18.562 0.047
0.0832478342763352 18.632 0.042
0.0834179479084014 18.586 0.032
0.08432175472717063 18.588 0.033
0.08581511382180906 18.623 0.045
0.08667292121162973 18.498 0.028
0.08961867935295231 18.538 0.049
0.09011266196557699 18.536 0.039
0.09277542622658075 18.599 0.059
0.09300876844918093 18.64 0.05
0.09589339767899219 18.565 0.037
0.09641981489357931 18.697 0.079
0.09661826608680713 18.623 0.043
0.09676983915778692 18.702 0.072
0.09686511260406405 18.566 0.036
0.09747395505110035 18.602 0.036
0.10098907004248758 18.61 0.039
0.10104745177523 18.717 0.057
0.10178998751598556 18.492 0.037
0.1023983917921214 18.47 0.033
0.10298204239097686 18.661 0.036
0.10575883642377448 18.485 0.025
0.10653799401779906 18.575 0.033
0.10689486132878301 18.555 0.039
0.11125150470161316 18.582 0.049
0.11513365403379794 18.613 0.042
0.11675767845099472 18.511 0.033
0.1170122752100724 18.5 0.04
0.11731629458063253 18.496 0.045
0.11933301538647356 18.601 0.057
0.12043235126748186 18.593 0.04
0.12120588036441404 18.454 0.056
0.12243720507285616 18.529 0.047
0.129190957148694 18.621 0.052
0.13207193746893608 18.711 0.062
0.13334327636039234 18.572 0.036
0.13439767973795824 18.558 0.059
0.13477874910449827 18.599 0.046
0.13509215483645676 18.551 0.033
0.13671753029120737 18.601 0.052
0.1406346542198662 18.511 0.057
0.14110071323102602 18.54 0.045
0.14260990534467055 18.552 0.053
0.14292946815885443 18.63 0.057
0.1432849151156006 18.528 0.05
0.14388740892809437 18.538 0.036
0.14449448755476624 18.614 0.05
0.1459018869272768 18.566 0.045
0.14637074700749508 18.55 0.037
0.14655050358032895 18.476 0.04
0.15197853287554608 18.556 0.04
0.16363253506369801 18.641 0.062
0.16625269222686256 18.608 0.059
0.16661775459124328 18.533 0.033
0.1697525037525338 18.429 0.035
0.17006386487173586 18.494 0.029
0.17091412353374835 18.674 0.046
0.17110909433358756 18.538 0.05
0.17295342238185185 18.52 0.033
0.17429479873590026 18.59 0.046
0.17511261400977673 18.565 0.056
0.17516440048984805 18.504 0.043
0.1765821508352019 18.613 0.057
0.17947153436352892 18.536 0.033
0.17961310560122 18.49 0.08
0.17996834772293369 18.585 0.036
0.18013766858075542 18.567 0.035
0.1822864828791353 18.552 0.045
0.18434961160619423 18.477 0.035
0.1851473515453108 18.594 0.037
0.18680528266349938 18.563 0.039
0.18948267321047751 18.498 0.062
0.19206879714556635 18.501 0.043
0.19329024986654986 18.556 0.032
0.19570050611537226 18.591 0.05
0.19652991755901894 18.562 0.042
0.1991402523344732 18.514 0.033
0.20240318403375568 18.565 0.037
0.20306719436030107 18.537 0.039
0.20409838879731979 18.618 0.042
0.2054547833295146 18.52 0.05
0.20549285306879028 18.54 0.062
0.20718698544033032 18.541 0.056
0.20944352480501038 18.622 0.055
0.21018529862431024 18.533 0.036
0.21311088887159713 18.547 0.039
0.2136873771696628 18.609 0.063
0.21400481609180133 18.504 0.053
0.215208013539268 18.537 0.042
0.217600466937256 18.546 0.04
0.21854967645776924 18.425 0.043
0.22181562499190477 18.585 0.049
0.2262034081704769 18.608 0.057
0.22634216955293596 18.527 0.043
0.22967623531894787 18.549 0.042
0.23068275203513622 18.575 0.069
0.23183946774861397 18.476 0.029
0.23211521555549552 18.622 0.052
0.2322383575369713 18.469 0.037
0.23401783844747115 18.549 0.032
0.23502264191301947 18.504 0.033
0.2351142885158879 18.459 0.049
0.23553127502236748 18.603 0.047
0.23723188041094545 18.592 0.05
0.23844640319748578 18.537 0.04
0.23957074933423428 18.528 0.035
0.23962500552215715 18.495 0.032
0.241310453893675 18.484 0.052
0.2428707498447693 18.5 0.035
0.24476346443088914 18.533 0.035
0.2468116134441516 18.518 0.04
0.24686026534800476 18.525 0.042
0.24686778986324498 18.539 0.037
0.24852949427349813 18.523 0.063
0.2491017666125117 18.585 0.037
0.25 18.89 0.066
0.2526895065161625 18.54 0.047
0.25542325292917667 18.559 0.052
0.25607761816991115 18.612 0.05
0.2568086842684352 18.503 0.049
0.2577669224310739 18.604 0.042
0.2594130337988645 18.519 0.042
0.259506599458291 18.597 0.057
0.26451766860373027 18.593 0.046
0.2649088290427244 18.648 0.047
0.2649103870594445 18.512 0.056
0.26824754561766895 18.631 0.05
0.27046093836816 18.519 0.052
0.2709315997635713 18.544 0.036
0.27636979940916717 18.605 0.047
0.2769604129407526 18.59 0.047
0.2778863112043837 18.499 0.063
0.27839966229566926 18.633 0.059
0.2786163754030895 18.42 0.059
0.2790968504000375 18.567 0.05
0.2791562693805645 18.584 0.063
0.2794262906663789 18.595 0.05
0.28052919832407497 18.577 0.046
0.2826004648950402 18.741 0.083
0.2854244650907276 18.65 0.053
0.2875857267185893 18.736 0.052
0.28777928927001994 18.534 0.043
0.28796998690086184 18.605 0.049
0.2883180942544641 18.592 0.047
0.28940443235751445 18.582 0.052
0.2912099804898389 18.501 0.032
0.2917862618073741 18.557 0.055
0.2923235341622785 18.557 0.036
0.29281035447365866 18.501 0.03
0.2934730082970418 18.646 0.039
0.2939508319932429 18.509 0.04
0.29453985236432345 18.638 0.036
0.29496433156464263 18.642 0.05
0.2962427259467404 18.658 0.053
0.29638090485332214 18.549 0.04
0.29807537190663425 18.571 0.046
0.2990736593960719 18.629 0.039
0.30065265328676105 18.511 0.039
0.30320498279525054 18.649 0.045
0.3032613056629998 18.557 0.033
0.30407585084367383 18.514 0.045
0.3103444066218799 18.574 0.036
0.3113972761957484 18.595 0.04
0.3119554816867094 18.753 0.05
0.31399443257123494 18.57 0.06
0.316916366298301 18.631 0.042
0.31723979046637396 18.503 0.028
0.3183104683557758 18.623 0.05
0.3190324222432537 18.623 0.032
0.32102418571321323 18.538 0.035
0.3225483563674061 18.573 0.052
0.3249628065068464 18.718 0.065
0.32545909031114206 18.602 0.043
0.32707892083772094 18.48 0.036
0.32867307388914924 18.611 0.045
0.32980859891631553 18.584 0.059
0.3312438943585221 18.615 0.049
0.33172475031642534 18.614 0.066
0.3322919612082842 18.549 0.063
0.3358629476142596 18.651 0.042
0.33628816666896455 18.492 0.039
0.3382778656032315 18.648 0.062
0.3383688383482877 18.652 0.03
0.3387879223882919 18.571 0.028
0.3396709415492296 18.617 0.042
0.34127437864708554 18.591 0.059
0.34280527889677614 18.573 0.046
0.3428789949471138 18.536 0.046
0.34399084415326797 18.572 0.055
0.34520618392798497 18.633 0.036
0.34569512598409347 18.727 0.056
0.34889778754268264 18.627 0.037
0.3495889286959937 18.592 0.049
0.3496214822143884 18.644 0.047
0.34966070362315804 18.692 0.073
0.35015892523006187 18.552 0.035
0.35048220627049886 18.666 0.04
0.3538972968362941 18.582 0.043
0.3539890645010928 18.594 0.043
0.35677647369629995 18.552 0.057
0.3571064985826524 18.54 0.047
0.35712611153439866 18.467 0.04
0.35903224449793925 18.773 0.046
0.36315720169113774 18.71 0.043
0.36398882079856776 18.574 0.053
0.36510143192754185 18.729 0.08
0.36574335530349344 18.814 0.075
0.36622955682105385 18.695 0.033
0.3668259167952783 18.658 0.056
0.3671083248800642 18.599 0.045
0.3679760042577982 18.71 0.052
0.36875242795304075 18.62 0.039
0.3696061966866182 18.694 0.073
0.3698538601920518 18.64 0.053
0.3718708100445838 18.681 0.053
0.37329564223909983 18.739 0.065
0.3758529826254744 18.808 0.063
0.3767348522624161 18.728 0.056
0.3787277101901054 18.721 0.055
0.37976029412766366 18.768 0.062
0.383246772019902 18.727 0.06
0.3835168846885608 18.709 0.037
0.3846583894955984 18.683 0.055
0.3855555955960881 18.655 0.06
0.3882037556377327 18.645 0.04
0.3892393509449903 18.657 0.03
0.3901735840713627 18.624 0.062
0.3903109405255236 18.817 0.066
0.3906692545479018 18.691 0.049
0.3922476880306931 18.63 0.03
0.3933577304569553 18.798 0.055
0.39920616944345966 18.782 0.046
0.40036304371096776 18.811 0.052
0.40094259844318003 18.542 0.055
0.4038189137027075 18.753 0.046
0.4038395010215936 18.657 0.06
0.40851732575629285 18.704 0.053
0.41030582866869736 18.727 0.043
0.4109010391193806 18.758 0.066
0.41092410161172666 18.641 0.047
0.41150230530683984 18.757 0.07
0.411940288801361 18.671 0.05
0.4123711308870952 18.781 0.053
0.41386927395842577 18.784 0.055
0.4145302487031586 18.74 0.05
0.4170211575774374 18.673 0.043
0.41757148941542255 18.793 0.05
0.41808160126538496 18.673 0.045
0.42248763971838343 18.768 0.056
0.4232377792523039 18.852 0.055
0.4233271885141221 18.855 0.046
0.4238463850424523 18.718 0.046
0.42628046785102924 18.843 0.085
0.42764107287575825 18.775 0.043
0.42771249652014376 18.78 0.033
0.42818391983701076 18.615 0.052
0.4297994771950471 18.828 0.057
0.43553674703889556 18.762 0.046
0.4373653488769378 18.793 0.07
0.43906174162748357 18.683 0.053
0.43921316278465383 18.712 0.049
0.439567163029551 18.818 0.057
0.4403534003272398 18.702 0.04
0.4427598854299504 18.816 0.06
0.4477077634787747 18.855 0.066
0.4480814327112057 18.83 0.126
0.4494952291433947 18.706 0.043
0.45158142036325444 18.874 0.045
0.4522780150618928 18.784 0.052
0.45372077448837445 18.706 0.037
0.4586985557261869 18.68 0.052
0.45872915816016757 18.635 0.05
0.4590410533296563 18.694 0.053
0.4623879991318063 18.863 0.042
0.4625760421417908 18.684 0.059
0.4638213501307291 18.737 0.045
0.4653340214626951 18.753 0.065
0.4671527854879969 18.738 0.055
0.4693125133117064 18.728 0.042
0.4718407563614164 18.724 0.063
0.4735182992562841 18.584 0.036
0.47929782277014965 18.773 0.046
0.48125399713944716 18.671 0.037
0.48270462904429223 18.728 0.043
0.4827887257447401 18.716 0.04
0.4844716934776443 18.737 0.065
0.48653402396394085 18.623 0.065
0.4909591391738104 18.676 0.053
0.49371461364398783 18.711 0.035
0.49415531228987675 18.673 0.04
0.49424940867947953 18.582 0.059
0.49535986291948575 18.795 0.107
0.49674108162071207 18.877 0.079
0.4970772426968324 18.576 0.042
0.49785269084986794 18.596 0.04
0.5009714605421323 18.687 0.052
0.5021981565087117 18.702 0.073
0.5039795851826057 18.659 0.055
0.5047944892576197 18.593 0.035
0.5059443697400638 18.739 0.046
0.5082632777484832 18.569 0.046
0.5085307061194726 18.65 0.053
0.5101209273243512 18.638 0.043
0.5114220825162192 18.611 0.039
0.512252941846782 18.533 0.047
0.5125144663952597 18.588 0.043
0.5125446064462267 18.653 0.07
0.5130724098421524 18.711 0.047
0.5139845581625195 18.7 0.07
0.5208942148647111 18.598 0.033
0.5211087402308294 18.47 0.052
0.5233319862222743 18.652 0.053
0.5249533560186137 18.552 0.063
0.5261388552789867 18.65 0.05
0.5280103141544714 18.737 0.063
0.5283559408680958 18.625 0.053
0.5302893522834893 18.565 0.042
0.5306651762593901 18.557 0.043
0.5331312246462403 18.559 0.039
0.5340741042787158 18.697 0.069
0.5343533566910992 18.405 0.045
0.5356208066950785 18.565 0.046
0.5364697397071723 18.625 0.059
0.538604667574873 18.534 0.045
0.5387830709651098 18.554 0.033
0.5403909331453178 18.555 0.045
0.5417547774109153 18.361 0.079
0.5419742002040948 18.637 0.036
0.5421019433961192 18.587 0.042
0.5428901251370917 18.636 0.065
0.5429714824736038 18.636 0.036
0.5435058623752411 18.598 0.04
0.5441152630855868 18.561 0.042
0.5448302595059431 18.546 0.039
0.5475253648410217 18.754 0.083
0.5503425649494602 18.606 0.047
0.5528328825621429 18.665 0.065
0.5530061198396652 18.536 0.035
0.5564104267277798 18.54 0.043
0.5573404087526797 18.634 0.052
0.5585434322183573 18.783 0.075
0.5590300201629361 18.535 0.055
0.5591500627119785 18.567 0.037
0.5593561540163137 18.609 0.059
0.5594301078990611 18.697 0.056
0.5599434919886335 18.58 0.062
0.5626048161784638 18.635 0.06
0.5637911466783407 18.525 0.056
0.5648400338354804 18.647 0.052
0.5648623277652405 18.555 0.032
0.5669520511237351 18.668 0.062
0.5674979590539806 18.791 0.075
0.5680740410034559 18.68 0.043
0.568151237447637 18.627 0.055
0.5683688567801255 18.758 0.069
0.5694611822736988 18.646 0.055
0.5695447240323119 18.662 0.046
0.5713894308960334 18.53 0.037
0.5714993327733282 18.601 0.04
0.5738628815620359 18.582 0.039
0.57466696349411 18.524 0.028
0.5759569452602591 18.618 0.037
0.5770201019549859 18.646 0.047
0.578723239726969 18.563 0.06
0.5797796447586734 18.526 0.032
0.5802028004536623 18.56 0.045
0.5806584182837469 18.574 0.049
0.5815149000236488 18.706 0.076
0.5816540181540404 18.758 0.049
0.5839671170442671 18.53 0.043
0.5847033141117208 18.594 0.039
0.5852647951624022 18.559 0.037
0.5878948297777242 18.65 0.06
0.5894305614583573 18.581 0.042
0.5900792111096962 18.508 0.049
0.5901062780849315 18.483 0.033
0.5903237234365406 18.643 0.055
0.5905744588412745 18.711 0.06
0.5946411454024201 18.577 0.04
0.5969819609144906 18.544 0.045
0.5971339678671939 18.564 0.059
0.6024526865462576 18.606 0.045
0.6027501073435815 18.542 0.035
0.6047784893457901 18.613 0.062
0.6066039763250046 18.556 0.043
0.6073690680414074 18.601 0.04
0.6090088682676651 18.552 0.045
0.6091791634917172 18.612 0.052
0.612693744432363 18.601 0.042
0.6129355779262369 18.535 0.042
0.6155122988984658 18.518 0.056
0.6157501730135664 18.531 0.045
0.6175638953072848 18.515 0.032
0.6176351086514842 18.57 0.045
0.6212214645192944 18.567 0.026
0.6259392462266078 18.62 0.046
0.6274063024125098 18.591 0.043
0.6287973050375513 18.569 0.043
0.6315061612854151 18.767 0.079
0.6315774076274465 18.563 0.037
0.6323474860091665 18.547 0.036
0.6326466718037409 18.5 0.032
0.6339143871723536 18.575 0.052
0.6339201621176471 18.405 0.037
0.6343611845150008 18.67 0.05
0.6346473096518821 18.554 0.043
0.6377535748024457 18.777 0.069
0.6384738220795043 18.544 0.049
0.639566172960258 18.533 0.05
0.6403671851376203 18.635 0.06
0.6414084067964723 18.552 0.028
0.6433590340911906 18.586 0.043
0.6436853485670326 18.645 0.067
0.644130438123284 18.568 0.043
0.6448937626964835 18.603 0.062
0.6455162570632638 18.542 0.05
0.6459728471154449 18.609 0.057
0.6485782590762028 18.502 0.039
0.6492168539725753 18.499 0.049
0.6517654994286204 18.596 0.055
0.6520649197350394 18.54 0.047
0.6548665434020222 18.631 0.04
0.6549117775884952 18.53 0.033
0.6555511631145237 18.58 0.057
0.6566811465345381 18.5 0.046
0.6578599249851322 18.58 0.055
0.6594833284639208 18.668 0.092
0.6608576469088803 18.485 0.049
0.6610806030153071 18.56 0.043
0.6619209500518082 18.598 0.056
0.6621918830282993 18.614 0.036
0.6648376383882351 18.573 0.042
0.6655313119263155 18.517 0.057
0.6657518533893381 18.507 0.049
0.6696295831034149 18.431 0.05
0.6705123919641665 18.507 0.042
0.6717590861344434 18.646 0.057
0.6723433004608523 18.567 0.039
0.6727771572363963 18.602 0.053
0.6742862909654832 18.514 0.047
0.6799327399789945 18.531 0.03
0.6854935254887096 18.583 0.067
0.6861853162890839 18.631 0.05
0.6876725391939544 18.532 0.032
0.6904490073306988 18.508 0.065
0.690637379556847 18.491 0.039
0.6923687338280615 18.572 0.052
0.69506597183954 18.527 0.036
0.6972184118048972 18.511 0.043
0.698183559010431 18.568 0.043
0.7002634324485371 18.508 0.047
0.7027495098918735 18.541 0.045
0.7036846910277745 18.666 0.069
0.7059485116096766 18.564 0.036
0.7100221292803326 18.579 0.04
0.7118839914942328 18.521 0.04
0.7127704359836571 18.535 0.039
0.7133028714415559 18.643 0.053
0.7147210082139281 18.511 0.029
0.7160635946215734 18.49 0.037
0.7162811555685948 18.575 0.047
0.7169881902736961 18.556 0.046
0.7182315516724884 18.559 0.046
0.7202214279086547 18.573 0.049
0.7204215615006433 18.635 0.047
0.7220165348594492 18.572 0.039
0.7237812463554292 18.59 0.029
0.7261622500323028 18.698 0.057
0.7262351490953733 18.593 0.036
0.728390076341384 18.567 0.047
0.7302941074817682 18.592 0.053
0.7317669177209609 18.656 0.055
0.7318588318344155 18.534 0.057
0.7399351764065614 18.643 0.055
0.7406142820427704 18.512 0.028
0.7421697752693035 18.562 0.04
0.7425165019076303 18.504 0.063
0.7428715019073024 18.707 0.057
0.7429337241019311 18.477 0.035
0.7435383099832507 18.553 0.049
0.7486836416155711 18.585 0.03
0.7544819169597758 18.586 0.046
0.754639714284167 18.54 0.049
0.7591296699902159 18.546 0.067
0.7598987464725724 18.634 0.052
0.760892812538259 18.598 0.04
0.7634730105837662 18.681 0.055
0.7635793473236845 18.554 0.059
0.7642432695870411 18.513 0.056
0.7657860776507732 18.829 0.079
0.7665913663167885 18.569 0.035
0.7668094017535623 18.527 0.036
0.7682571390605517 18.595 0.057
0.7684699874935177 18.607 0.052
0.7701163554397681 18.761 0.076
0.7709367735897104 18.647 0.05
0.7716129900932174 18.606 0.05
0.7717823109510391 18.556 0.053
0.7741862328166462 18.608 0.033
0.7747506338528183 18.544 0.04
0.775302706475486 18.473 0.039
0.7760677685132578 18.574 0.042
0.7775083765168347 18.582 0.05
0.7783670042149424 18.54 0.053
0.7793154276005225 18.55 0.046
0.7800478226690757 18.654 0.045
0.7827338212591712 18.654 0.035
0.782968192914268 18.585 0.04
0.7831738405811848 18.656 0.059
0.7841827465531424 18.545 0.037
0.7861900831439925 18.561 0.033
0.7875575851039684 18.448 0.06
0.7906217418599226 18.558 0.052
0.7936017931292554 18.589 0.042
0.7951944410842771 18.571 0.033
0.7954138297036479 18.544 0.042
0.7955396593042678 18.69 0.072
0.7970472900815366 18.607 0.04
0.7983560832394687 18.78 0.05
0.798754823258605 18.578 0.042
0.7998716745578349 18.539 0.042
0.799876218557074 18.661 0.063
0.801059483796962 18.567 0.042
0.8017157989474981 18.586 0.037
0.8017535119383865 18.546 0.046
0.8023093941706065 18.5 0.066
0.8045307474626497 18.525 0.04
0.8071605475661272 18.559 0.039
0.8072983697247764 18.659 0.049
0.8090116536341156 18.552 0.047
0.8130363497457438 18.62 0.032
0.8134375616182297 18.544 0.053
0.8139693782832182 18.725 0.065
0.8178834072746213 18.677 0.05
0.8193572469463106 18.55 0.037
0.8196675511007925 18.557 0.053
0.8211773366210764 18.526 0.035
0.8239553373878152 18.553 0.037
0.8252491750436093 18.58 0.042
0.826879010724042 18.534 0.049
0.827498938532699 18.571 0.045
0.8284637223496247 18.778 0.089
0.8292603986819813 18.626 0.047
0.8315259049836641 18.696 0.075
0.831895237196477 18.664 0.052
0.8338221589929162 18.673 0.065
0.8342856526223841 18.511 0.036
0.8345079370151325 18.487 0.046
0.8356560491811251 18.611 0.032
0.8362410617482965 18.615 0.037
0.8365030894947267 18.614 0.042
0.841066211774887 18.604 0.036
0.8411397483778273 18.599 0.037
0.8441582558134542 18.708 0.056
0.8463852784161645 18.632 0.063
0.850177015411191 18.769 0.07
0.8507226722276755 18.685 0.087
0.8510708016483477 18.563 0.042
0.853808784911962 18.487 0.039
0.8554072177721537 18.592 0.037
0.8564674269482566 18.538 0.04
0.8568917013135433 18.587 0.063
0.8570019566195697 18.613 0.035
0.8589494602697414 18.594 0.065
0.8605348215405684 18.604 0.05
0.8613516370601246 18.613 0.057
0.861500253828126 18.633 0.046
0.863072350782204 18.613 0.042
0.8659830505534956 18.67 0.042
0.8668491697685567 18.607 0.043
0.8677169735274219 18.736 0.076
0.8680254158357457 18.543 0.05
0.8685963328475736 18.615 0.042
0.8695998711918946 18.652 0.037
0.870419546166886 18.66 0.065
0.8738842651500818 18.539 0.062
0.874924335138985 18.506 0.055
0.874978621005539 18.708 0.052
0.8760534597868173 18.602 0.047
0.8762402960633153 18.651 0.043
0.8820671809739906 18.594 0.043
0.8825779104427056 18.701 0.046
0.88529313953768 18.682 0.065
0.8853227697491093 18.751 0.052
0.8862806290972003 18.856 0.087
0.8869391265229751 18.554 0.052
0.8875397067458834 18.656 0.037
0.8881288768852755 18.731 0.052
0.8913388196615415 18.694 0.039
0.8919359536639604 18.687 0.046
0.8931841783173695 18.607 0.04
0.8949339067785331 18.654 0.043
0.895945641353137 18.792 0.07
0.8964507632172172 18.751 0.045
0.8969544504752776 18.666 0.047
0.899960339919744 18.726 0.062
0.9006584067165022 18.604 0.046
0.9029518938300498 18.663 0.055
0.9031956739136149 18.642 0.036
0.9037733414124887 18.845 0.056
0.9038830363097077 18.718 0.047
0.9040998904006301 18.675 0.05
0.9066017645445754 18.731 0.056
0.9082594082310607 18.766 0.066
0.9085344349296065 18.749 0.052
0.9126837527323914 18.697 0.05
0.9171508287136021 18.701 0.056
0.9179994346550302 18.763 0.055
0.9184431667372337 18.679 0.055
0.9185430413926952 18.657 0.055
0.9217651077487972 18.821 0.06
0.9237494105536825 18.809 0.072
0.9241482970219295 18.805 0.076
0.9261045957728129 18.74 0.06
0.9281558332872919 18.814 0.066
0.9286784188257116 18.789 0.053
0.9290604053485367 18.778 0.056
0.9310400749154724 18.788 0.079
0.9337612320450717 18.738 0.046
0.9348517265461851 18.846 0.045
0.9390582722671752 18.72 0.049
0.9399703633775971 18.79 0.07
0.9418744946879087 18.787 0.042
0.9431333950342378 18.748 0.053
0.9442878525142078 18.759 0.05
0.9449803997708841 18.718 0.057
0.945774341030301 18.709 0.033
0.9482333097139417 18.695 0.05
0.9492775394214732 18.71 0.055
0.9503184010104633 18.662 0.052
0.9532770237615296 18.795 0.07
0.9538352919289537 18.699 0.049
0.9563461330103564 18.774 0.062
0.9572257047752828 18.69 0.096
0.9589414021529592 18.654 0.047
0.9609924073010916 18.659 0.049
0.9622477425109537 18.682 0.053
0.9629452785779904 18.696 0.052
0.9635269847335621 18.67 0.047
0.9658816007590758 18.795 0.06
0.966575277616812 18.639 0.045
0.967097954538076 18.652 0.042
0.9687768176181635 18.671 0.059
0.968794131523282 18.678 0.036
0.9709929585187638 18.688 0.05
0.9719808081472365 18.696 0.035
0.972153222972338 18.754 0.037
0.9751355500466161 18.641 0.049
0.9762177581101241 18.727 0.033
0.976844820687802 18.704 0.053
0.9780979394481619 18.692 0.053
0.9785416164654634 18.661 0.04
0.9797933269792338 18.581 0.047
0.9800246542663444 18.646 0.04
0.9806198075057182 18.689 0.063
0.9815447632258838 18.726 0.03
0.9816730943584844 18.705 0.047
0.9831972386541565 18.623 0.039
0.9858076944910863 18.55 0.046
0.9859571382075956 18.654 0.042
0.9861872896135537 18.67 0.062
0.9960544988202855 18.676 0.052
0.9982659801262344 18.623 0.032
0.9992546797398063 18.621 0.046
