0.00010712451512517873 17.604 0.027
0.001865431542682927 17.622 0.023
0.00319316737477493 17.569 0.026
0.006679114436337841 17.576 0.019
0.008493879377056146 17.622 0.031
0.01199213797099219 17.563 0.029
0.012609922513547644 17.536 0.026
0.015269038303813431 17.602 0.017
0.016596292316535255 17.536 0.031
0.020647529729103553 17.585 0.021
0.020944443098414922 17.586 0.018
0.021426396331662545 17.617 0.038
0.021741327450399694 17.592 0.029
0.025141724573586544 17.598 0.025
0.026313241160096368 17.579 0.018
0.027506420065037673 17.594 0.022
0.029562724773313676 17.62 0.025
0.030656010178063298 17.58 0.025
0.03134237895028491 17.617 0.032
0.03191080862598028 17.601 0.023
0.03628898766328348 17.588 0.022
0.036837342364378856 17.609 0.019
0.037215355273474415 17.605 0.022
0.037784820635351934 17.56 0.019
0.03942261283373227 17.575 0.021
0.043228756966527726 17.539 0.027
0.04351656752987765 17.628 0.019
0.04378838309094135 17.601 0.026
0.04592046790094173 17.656 0.025
0.04698686216761416 17.511 0.019
0.04886047863328713 17.627 0.019
0.04919045261158317 17.61 0.021
0.05012419909598975 17.565 0.03
0.05139827553284704 17.596 0.03
0.05160200989757868 17.634 0.027
0.051987464009471296 17.663 0.022
0.05338925379965076 17.626 0.022
0.053806624094249855 17.594 0.035
0.05490515953624708 17.641 0.025
0.05540815845142788 17.63 0.031
0.05576123091759655 17.615 0.026
0.05920601754041854 17.647 0.023
0.06070092400841531 17.63 0.021
0.061164504983025836 17.629 0.025
0.0629851640042034 17.65 0.038
0.06733903072654357 17.67 0.026
0.06774021815544984 17.684 0.029
0.06803260686410795 17.654 0.034
0.0693582227004299 17.723 0.023
0.06983564198981185 17.66 0.026
0.07042082917632797 17.621 0.017
0.07193514093796693 17.66 0.025
0.07196808573371527 17.619 0.019
0.07227768813208968 17.629 0.03
0.07229501763322332 17.633 0.022
0.07430522305457998 17.687 0.031
0.07451978106655588 17.709 0.029
0.07704950421430112 17.736 0.034
0.07734309525585559 17.701 0.023
0.07836790561214002 17.607 0.032
0.08215323568856547 17.693 0.031
0.08267006363712426 17.725 0.023
0.08537379392146249 17.704 0.029
0.08682311739903525 17.657 0.023
0.08750994456204353 17.676 0.043
0.0884257382758733 17.681 0.031
0.08932453136185359 17.655 0.026
0.08951757822887885 17.677 0.031
0.09188423590967432 17.705 0.032
0.09363602117082337 17.732 0.025
0.09646100801546709 17.708 0.029
0.09661452112777624 17.754 0.034
0.09900205784288119 17.743 0.022
0.09929090630248538 17.687 0.035
0.09953731109817454 17.73 0.029
0.09978772646627476 17.745 0.027
0.099898232761916 17.712 0.021
0.1006499279756099 17.737 0.019
0.10137088414194295 17.735 0.026
0.10191781416597223 17.752 0.031
0.10668437092863314 17.738 0.026
0.10738400558511785 17.714 0.025
0.10768515143172408 17.67 0.031
0.10937173092406738 17.677 0.036
0.11016694482896128 17.774 0.039
0.11231100036366115 17.712 0.029
0.11493431007147592 17.752 0.022
0.11673607346438075 17.791 0.051
0.11702171319939225 17.748 0.035
0.11709773863003647 17.708 0.025
0.11768910943101218 17.742 0.027
0.11925029934172926 17.782 0.03
0.12068190167519788 17.817 0.032
0.12256004015034705 17.686 0.029
0.12425525875733001 17.754 0.035
0.12439682413059927 17.728 0.026
0.12474081014534022 17.775 0.017
0.12490324969439826 17.763 0.032
0.1275195721682394 17.79 0.03
0.13080716928106995 17.804 0.029
0.13097316499442968 17.843 0.032
0.13159930397887365 17.741 0.021
0.131659744616627 17.809 0.043
0.1319179950405669 17.806 0.027
0.1331543310516281 17.763 0.023
0.13651010439934907 17.816 0.025
0.14461880969156482 17.947 0.029
0.14739924216155487 17.912 0.036
0.1476112726231804 17.827 0.017
0.14912963429924275 17.959 0.032
0.14926725628902204 17.832 0.023
0.15102681913776905 17.871 0.026
0.1532306920416886 17.83 0.026
0.15522373681778845 17.935 0.029
0.15548913492875727 17.862 0.023
0.15746028355079034 17.894 0.039
0.160490596085765 17.954 0.029
0.16420259492861078 18.009 0.029
0.1645137585928751 17.93 0.029
0.16494896142194193 17.989 0.029
0.16631666199009487 17.944 0.031
0.16789240808338945 17.956 0.026
0.1702566076128278 17.962 0.031
0.1745776939769712 18.033 0.034
0.17698754368575464 18.053 0.035
0.17753172823722707 17.996 0.025
0.17856082013440755 18.024 0.029
0.17983301527419826 17.971 0.038
0.18126144601319538 18.059 0.043
0.181847001413189 17.872 0.039
0.18584652128629386 17.977 0.036
0.1863451670487848 17.948 0.032
0.18705625127131498 18.05 0.023
0.18743129371432588 17.888 0.036
0.18856374023744138 18.154 0.036
0.19101613793100114 18.095 0.034
0.19219125488507416 18.137 0.05
0.1931056305547827 18.045 0.027
0.1951672476279782 18.097 0.038
0.19625651140631817 18.117 0.035
0.19838346199321677 18.012 0.038
0.20069264022095012 18.148 0.035
0.20129292375077057 18.191 0.032
0.2033415622627217 18.163 0.039
0.20415176554342906 18.024 0.039
0.2091738741082736 18.102 0.031
0.21166081985484198 18.337 0.044
0.21171218553445215 18.241 0.044
0.2129738461208035 18.16 0.052
0.21313108690628724 18.119 0.042
0.21337674112692184 18.176 0.04
0.21349371614724078 18.031 0.039
0.2176588312477179 18.351 0.046
0.221264734851502 18.213 0.052
0.22271909265509748 18.263 0.044
0.223749792230592 18.212 0.035
0.2244056230847491 18.16 0.039
0.22502655623429746 18.327 0.044
0.22645747032038344 18.21 0.061
0.22686779547439073 18.373 0.04
0.22768143247503758 18.405 0.032
0.22856731153660803 18.249 0.036
0.2288964284107351 18.266 0.071
0.23320790893558296 18.266 0.036
0.23329428371016547 18.424 0.047
0.23358145730162505 18.34 0.044
0.23468805986431107 18.352 0.044
0.23864779093037214 18.234 0.035
0.24247504793402186 18.257 0.043
0.24288559764227102 18.196 0.058
0.24523097580458852 18.459 0.05
0.24599468108317524 18.388 0.039
0.24620162417340907 18.231 0.052
0.24743744565967063 18.387 0.03
0.2499698607944083 18.184 0.046
0.25 18.511 0.051
0.2501168543476524 18.395 0.039
0.2515563430097245 18.399 0.038
0.2563410125567316 18.322 0.036
0.25801782663438644 18.34 0.075
0.25827087122343073 18.416 0.032
0.25837806005256425 18.497 0.061
0.2612834511210167 18.315 0.035
0.26247213056194596 18.446 0.031
0.2673216818657238 18.4 0.046
0.2705915927526803 18.155 0.032
0.27090978785236075 18.409 0.047
0.2714903973328546 18.202 0.039
0.2730075031913657 18.22 0.046
0.27465696508716064 18.2 0.034
0.2759053597892489 18.302 0.05
0.2761733318657207 18.24 0.052
0.27867011684884346 18.267 0.038
0.2822020014118607 18.153 0.043
0.2827125414278271 18.223 0.035
0.2842536236548767 18.363 0.036
0.2885318145954443 18.094 0.036
0.28878211150004063 18.208 0.034
0.2902105745070003 18.251 0.036
0.2906423506901774 18.213 0.04
0.29064663444296457 18.186 0.035
0.29117845220662275 18.031 0.036
0.2913189911778318 18.086 0.034
0.2954050617554458 18.161 0.03
0.29566135706045316 18.108 0.046
0.29895559396754834 18.087 0.026
0.2995563363292604 17.958 0.03
0.3009399461443536 18.033 0.047
0.30357337798886874 18.022 0.026
0.3043818091537105 18.032 0.034
0.304921172441027 18.288 0.063
0.30607748173133587 18.057 0.043
0.3080921976670652 18.118 0.051
0.31052291270680143 18.012 0.04
0.3113919255192741 18.085 0.029
0.3116543509531766 18.167 0.039
0.3121794197431882 18.211 0.04
0.31361445093352813 17.975 0.025
0.3137644171638385 17.916 0.042
0.31429904272954445 17.989 0.039
0.3155347413303389 18.102 0.043
0.3172400219573319 17.924 0.029
0.3247664751706907 17.951 0.044
0.32585967482191336 18.024 0.036
0.326182730967048 17.969 0.038
0.32665313252618944 18.062 0.036
0.32686132657363487 18.001 0.025
0.3296467748041323 18.108 0.035
0.33030180203695636 17.898 0.034
0.3307179257953976 17.966 0.029
0.33158583131080377 17.92 0.032
0.333840560230783 17.871 0.03
0.334703095475561 17.858 0.023
0.33582999756799836 17.971 0.03
0.3366298475257281 17.917 0.035
0.33679790753558336 18.008 0.035
0.33770378996450745 17.978 0.036
0.3378800749005677 17.891 0.026
0.3379933266696753 17.882 0.023
0.3391007726331736 17.857 0.027
0.3409435152334481 17.858 0.027
0.34165076039062114 17.992 0.031
0.3420196797760582 17.817 0.03
0.34223514616678585 17.834 0.023
0.3423741419974249 17.951 0.034
0.3427778918976401 17.933 0.03
0.34366410955772153 17.863 0.034
0.34401073186381836 17.898 0.029
0.3456174583525353 17.842 0.034
0.34709927707717725 17.797 0.023
0.3493886512969766 17.777 0.022
0.35243522980090347 17.917 0.025
0.3583767368691042 17.874 0.023
0.3592672961858625 17.781 0.034
0.3593215647042598 17.748 0.021
0.3596440554883884 17.747 0.031
0.35989692193561496 17.781 0.026
0.36211492268921575 17.713 0.03
0.36285797834898403 17.834 0.029
0.36320820102264406 17.851 0.022
0.3651995267282473 17.778 0.025
0.36796806008533167 17.793 0.022
0.3680568143272467 17.77 0.035
0.36908523654346936 17.739 0.022
0.3706126983761351 17.768 0.023
0.3711472103386768 17.833 0.043
0.3739552544629987 17.745 0.022
0.3774304583312187 17.796 0.027
0.37846893328423903 17.715 0.03
0.3786547657136907 17.684 0.03
0.3800410767998983 17.756 0.027
0.3810500265317387 17.694 0.026
0.3819483678589677 17.701 0.034
0.3827939811581018 17.701 0.021
0.3840945341062252 17.688 0.029
0.38441822015101934 17.736 0.022
0.38497748955433053 17.702 0.031
0.38518168938298913 17.739 0.025
0.38545074311605276 17.746 0.021
0.38579530598599376 17.7 0.022
0.3862720463130245 17.766 0.027
0.3876744129574945 17.769 0.038
0.39067430603699904 17.634 0.022
0.39206054330225015 17.693 0.034
0.39257045562953863 17.689 0.032
0.39311606485534867 17.747 0.022
0.39317932743961137 17.664 0.025
0.3945766619681308 17.696 0.023
0.3947154818697527 17.642 0.026
0.39496080014487234 17.708 0.021
0.39845401026923355 17.717 0.022
0.39897766587546357 17.617 0.032
0.3990827904071921 17.675 0.021
0.4001309909926931 17.711 0.034
0.40057415883529757 17.718 0.029
0.40177913474508387 17.663 0.015
0.4031071486142537 17.718 0.043
0.4049561070969503 17.825 0.032
0.40591989111817384 17.663 0.031
0.40656255554586096 17.67 0.03
0.4096444746701309 17.668 0.019
0.41154874663880037 17.77 0.027
0.4117567205521482 17.705 0.027
0.41245057472951885 17.722 0.035
0.41290993250822794 17.637 0.031
0.4149397027977102 17.686 0.026
0.4154973760169014 17.606 0.025
0.4157413898501545 17.691 0.021
0.4166318819779917 17.605 0.027
0.4189148038276471 17.589 0.032
0.4199329880939331 17.644 0.022
0.4200510982582273 17.618 0.025
0.4200770602428747 17.626 0.026
0.42044404484659026 17.737 0.042
0.4207710974224028 17.647 0.018
0.4219788811315084 17.671 0.035
0.42561096685494704 17.627 0.022
0.4281485993160459 17.678 0.034
0.4290285246206622 17.67 0.034
0.43103935507861024 17.781 0.04
0.43122222190322645 17.681 0.034
0.4355186043121648 17.636 0.021
0.43616259395821544 17.602 0.021
0.4400949153759939 17.635 0.03
0.44083458638033335 17.611 0.022
0.4432410094414081 17.625 0.025
0.44772140310033137 17.638 0.023
0.4484654272564512 17.611 0.019
0.44924194002760487 17.634 0.017
0.45024735658262216 17.585 0.021
0.45526699771380663 17.525 0.023
0.4553099024205949 17.553 0.021
0.45621671135450015 17.707 0.034
0.4588951586165422 17.627 0.021
0.45890653171045415 17.595 0.026
0.4589307839069079 17.648 0.026
0.4589310690180355 17.57 0.025
0.45995450332065957 17.552 0.023
0.4607579646999511 17.635 0.021
0.46162649834332115 17.591 0.027
0.4622968044850495 17.595 0.018
0.4626300915087995 17.623 0.029
0.46278257821813895 17.579 0.017
0.4655850779108732 17.669 0.031
0.4659124248810258 17.568 0.022
0.4702156716366517 17.576 0.022
0.47290121266451024 17.635 0.027
0.4764199979908881 17.579 0.019
0.47665439714182867 17.613 0.022
0.47811441961039236 17.571 0.018
0.48328426523039525 17.605 0.027
0.48590351618076966 17.585 0.019
0.48639963660389185 17.576 0.029
0.4868838720576605 17.625 0.029
0.48939912654805084 17.634 0.029
0.49063117173864157 17.567 0.018
0.49568971628468717 17.63 0.029
0.49643264949918375 17.574 0.019
0.49776860981546633 17.572 0.027
0.5036438219458432 17.549 0.014
0.5037265892824507 17.587 0.029
0.5104661622581261 17.584 0.017
0.5119198388865698 17.559 0.019
0.513457587292578 17.627 0.034
0.5154524647414291 17.59 0.021
0.51706646578441 17.57 0.017
0.517470852655606 17.579 0.021
0.521078797572045 17.513 0.032
0.5219479239867724 17.607 0.022
0.5224468592841731 17.589 0.023
0.5234173224389451 17.601 0.019
0.5241015225929004 17.586 0.027
0.5243597708049492 17.565 0.017
0.5258612613706646 17.618 0.026
0.5287086606676894 17.7 0.034
0.5299485276491396 17.591 0.03
0.5299672402752549 17.618 0.021
0.5302216450018022 17.542 0.027
0.5317874382562877 17.61 0.027
0.5369308586396073 17.6 0.023
0.5399174809754186 17.634 0.026
0.5405045008337765 17.572 0.022
0.5412169982373598 17.625 0.032
0.5418908539113545 17.584 0.017
0.5425935836892677 17.618 0.017
0.54375983211321 17.683 0.032
0.5446699611620716 17.672 0.021
0.545759681121126 17.605 0.026
0.5458549686263723 17.655 0.029
0.5463282314713069 17.635 0.018
0.5475910391332945 17.605 0.021
0.5522929506287255 17.611 0.027
0.5537875277823332 17.599 0.03
0.5543365592357077 17.606 0.022
0.5545977801266417 17.678 0.026
0.5555121907163993 17.567 0.03
0.5581261288625683 17.616 0.027
0.5585118079670792 17.679 0.035
0.5589033228079643 17.635 0.021
0.5591595115820382 17.657 0.021
0.5610353032989224 17.66 0.019
0.5620809834063039 17.63 0.019
0.5622681339818882 17.659 0.03
0.5629016054281237 17.648 0.031
0.563005585533574 17.637 0.027
0.5643604162814881 17.656 0.023
0.5655752292159377 17.657 0.026
0.5711339626659537 17.613 0.021
0.5786963284926969 17.652 0.027
0.5815067887770056 17.713 0.019
0.5828122602379153 17.777 0.015
0.5829617813406003 17.712 0.032
0.5831358326795453 17.69 0.03
0.5843416033658286 17.687 0.025
0.5865570924834174 17.685 0.027
0.5871966759323186 17.793 0.039
0.5876472204372476 17.71 0.022
0.5876537422072943 17.695 0.022
0.5885706803483117 17.684 0.027
0.5916973204957685 17.717 0.023
0.5928243291200488 17.745 0.029
0.5932767619933657 17.67 0.026
0.595161248520526 17.63 0.029
0.5962490942529257 17.651 0.019
0.596870198911347 17.708 0.034
0.5977513309708229 17.707 0.025
0.5991425331612845 17.746 0.023
0.6031539101568342 17.704 0.03
0.603270023211735 17.711 0.032
0.6037532207692493 17.692 0.029
0.6038051098184951 17.687 0.021
0.6079354381690791 17.675 0.023
0.6083410415158141 17.686 0.019
0.6107948687476892 17.775 0.025
0.611308557371558 17.733 0.022
0.611935838572208 17.735 0.029
0.6122486496969941 17.736 0.031
0.6132799239157976 17.802 0.029
0.6142866608279292 17.724 0.019
0.6152602748015852 17.735 0.025
0.6163260276753135 17.747 0.029
0.6169379274178937 17.737 0.03
0.6186959475653566 17.781 0.031
0.6198832575882989 17.691 0.021
0.6215214414260117 17.745 0.025
0.627311831206498 17.798 0.029
0.628018225890628 17.743 0.021
0.6280401335370698 17.788 0.034
0.6288615410539933 17.796 0.038
0.6316558140497364 17.818 0.023
0.6320235355242403 17.807 0.029
0.6330197984379993 17.837 0.029
0.6373479763551586 17.77 0.042
0.6377884637022362 17.836 0.021
0.6378341112322232 17.772 0.032
0.6385840873736015 17.734 0.025
0.6388509057396732 17.825 0.03
0.6393826121129678 17.883 0.027
0.6406209889973979 17.927 0.04
0.6441961257069124 17.918 0.034
0.6447178213356892 17.887 0.025
0.6469474268087652 17.93 0.032
0.6482083553855773 17.829 0.03
0.6483168000331716 17.894 0.035
0.6491427344208205 17.825 0.025
0.6493154167792454 17.994 0.051
0.6498575348214217 17.878 0.03
0.6517685557646473 17.908 0.027
0.653801009199924 17.923 0.038
0.65407922806844 17.846 0.03
0.6604336873006105 17.794 0.027
0.6607629778936825 17.936 0.038
0.6607680029374023 17.815 0.026
0.6628803694939052 17.94 0.027
0.6648061972500727 18.029 0.034
0.664992205609451 17.988 0.032
0.6655762505797611 17.896 0.029
0.6667322703360696 17.924 0.022
0.6680095417941629 17.974 0.035
0.6698629718921438 18.039 0.046
0.6703626391981743 17.884 0.026
0.6736151900850018 17.992 0.03
0.6742643210272945 17.974 0.042
0.6753138932454021 17.962 0.034
0.6778067282120901 18.02 0.035
0.6785603069329227 18.028 0.027
0.6791047695242014 17.923 0.038
0.6797072331655727 17.979 0.025
0.6807032688757317 17.946 0.046
0.6807769475490204 17.916 0.03
0.6808788611451746 18.052 0.026
0.6814757781448861 17.916 0.026
0.6853141372757818 18.041 0.055
0.6857168470678516 18.12 0.039
0.6861658484340296 17.946 0.034
0.6876535590281492 18.185 0.043
0.6884653054494265 18.131 0.036
0.690040754938309 17.976 0.031
0.6911362531636769 18.088 0.034
0.6914279536258618 18.169 0.026
0.6915952122280942 18.069 0.03
0.692422286620058 18.118 0.042
0.694385699644954 18.092 0.031
0.694934339457177 18.221 0.052
0.6954637613989689 18.113 0.03
0.6986526863493054 18.17 0.031
0.701699366963112 18.204 0.042
0.7038585117716138 18.141 0.032
0.7095391409675358 18.204 0.026
0.7105214475404864 18.286 0.044
0.7106477985462334 18.333 0.047
0.7116707205332204 18.133 0.04
0.7136038228454709 18.072 0.032
0.7146263951835863 18.134 0.052
0.7167586585737808 18.294 0.031
0.7167891452190815 18.35 0.054
0.7189341020603024 18.335 0.059
0.7192140377883334 18.206 0.046
0.7194375549461256 17.961 0.036
0.721951507644917 18.37 0.054
0.7219890836313425 18.261 0.043
0.7221261336280804 18.353 0.063
0.7233483789223101 18.289 0.051
0.727086974510712 18.331 0.038
0.727744985474601 18.313 0.063
0.7278515346824861 18.247 0.04
0.7284151550275055 18.178 0.047
0.7290787749625451 18.126 0.044
0.7293339280513464 18.307 0.042
0.7293861972484592 18.257 0.036
0.7294560974141859 18.398 0.05
0.7303913335535981 18.389 0.042
0.7309992810696713 18.398 0.05
0.7313522514268698 18.341 0.044
0.7345163610316376 18.4 0.058
0.7355822920453647 18.284 0.054
0.7357353511870315 18.371 0.048
0.7381748255756975 18.344 0.044
0.739036035602112 18.29 0.039
0.7414897585131257 18.299 0.059
0.7419611842651648 18.336 0.054
0.7423648276344466 18.274 0.046
0.7433796736577278 18.332 0.048
0.7438769500004128 18.35 0.042
0.7442427207788569 18.335 0.048
0.7454913541787391 18.25 0.035
0.7463347272496321 18.34 0.058
0.7465327505360619 18.405 0.055
0.7491448400942318 18.293 0.05
0.7512131575185776 18.338 0.055
0.7534605004902915 18.357 0.043
0.7537124541377125 18.35 0.061
0.7542132265280088 18.364 0.047
0.7542509253999015 18.415 0.054
0.7550360635805191 18.377 0.044
0.7555158901877803 18.319 0.039
0.755680104502062 18.184 0.038
0.7559536227781791 18.344 0.038
0.7577131856260166 18.343 0.05
0.7586264632827806 18.284 0.034
0.7594614310755787 18.334 0.05
0.7601193213668012 18.323 0.047
0.7650491080312349 18.339 0.039
0.7653193132628076 18.299 0.061
0.7659974319130924 18.217 0.047
0.7661525597759464 18.256 0.038
0.7681795823827997 18.401 0.044
0.769421395198151 18.341 0.048
0.770818449478611 18.305 0.039
0.7710983158067393 18.27 0.043
0.7713103882588257 18.228 0.038
0.7746812208206393 18.23 0.043
0.7783172680510688 18.348 0.058
0.7792697691547801 18.181 0.035
0.7818789510129136 18.375 0.043
0.7827794609584089 18.09 0.039
0.7836845021956833 18.423 0.058
0.7840990160657384 18.166 0.056
0.7861241900864115 18.064 0.04
0.7872293189084303 18.287 0.046
0.7884774174463018 18.077 0.032
0.7930163863602502 18.203 0.051
0.7939956623504258 18.271 0.039
0.7948464191558742 18.173 0.052
0.796138279504703 18.085 0.032
0.7975046106521404 18.104 0.04
0.7978073018493888 18.276 0.046
0.8030666615686641 18.145 0.05
0.8047462719532632 18.201 0.048
0.8059110258618603 18.242 0.043
0.8089538214371714 17.927 0.032
0.8107997011520638 17.953 0.029
0.8115479604357461 18.006 0.03
0.8149538878460589 17.901 0.03
0.8167182091910945 18.104 0.056
0.8204385602648472 17.86 0.059
0.8222820998526004 17.993 0.034
0.8272913408072782 17.733 0.032
0.8292334230400229 18.022 0.035
0.8292616672451913 17.858 0.035
0.8303040966366098 17.923 0.036
0.8314027434698801 17.852 0.035
0.8333457429234841 18.021 0.027
0.8349993705487577 17.804 0.025
0.8356945057421399 18.052 0.044
0.8360772656542395 17.865 0.031
0.837760698749662 17.817 0.026
0.8384049757178218 17.861 0.03
0.8385439114317705 17.955 0.031
0.8398320463174969 17.877 0.031
0.8404811794707712 17.814 0.026
0.8410555010168537 17.8 0.026
0.8417370136048703 17.738 0.027
0.841977010231858 17.84 0.031
0.8419798715176512 17.857 0.035
0.8445779605326607 17.906 0.031
0.846435387062229 17.933 0.04
0.8468997698828389 17.904 0.03
0.8480051002734399 17.931 0.034
0.8529109892524502 17.823 0.03
0.8562005255689655 17.669 0.029
0.8566201360918058 17.822 0.027
0.8574484083947027 17.685 0.032
0.8615976345845411 17.839 0.023
0.863498137328861 17.814 0.023
0.8651119045334781 17.758 0.022
0.8661069094196137 17.765 0.035
0.8667213787057335 17.701 0.025
0.8682650256141642 17.708 0.031
0.8683575583645506 17.801 0.03
0.8694654304490541 17.672 0.022
0.8708562432093458 17.751 0.025
0.8719854390164983 17.767 0.029
0.8721318649968453 17.754 0.034
0.8739916431459278 17.721 0.034
0.8755230969863987 17.723 0.03
0.8789835475272412 17.764 0.021
0.8802393653077161 17.803 0.034
0.8803543454287137 17.913 0.036
0.8814088339495356 17.805 0.029
0.8837695400825396 17.718 0.026
0.8858242393225737 17.69 0.021
0.8868896721651254 17.814 0.031
0.8870253275426876 17.648 0.026
0.8892166780660773 17.705 0.031
0.8898216692596179 17.751 0.031
0.8898522695071733 17.687 0.03
0.8899699164203412 17.716 0.026
0.8900766464184926 17.694 0.025
0.8909205870613732 17.686 0.025
0.8922397483156601 17.71 0.027
0.8930447970360547 17.651 0.023
0.8954338835228555 17.734 0.022
0.8958456983336873 17.69 0.025
0.896075744331938 17.63 0.029
0.8981199275831386 17.584 0.026
0.8985498825859395 17.757 0.038
0.899070148676401 17.735 0.026
0.901045750348203 17.701 0.023
0.903338625035758 17.714 0.029
0.9064492538273043 17.791 0.026
0.9073965119659988 17.63 0.031
0.9112247189004847 17.743 0.034
0.9129590102202201 17.668 0.023
0.9131194526580657 17.743 0.03
0.91320563735826 17.744 0.026
0.9142624867818085 17.704 0.03
0.9148778109620253 17.669 0.026
0.9165160040847695 17.622 0.029
0.9182930772267355 17.664 0.021
0.9211993925873685 17.655 0.018
0.9231931278209231 17.649 0.031
0.9243341599740234 17.7 0.029
0.9281007239387691 17.672 0.021
0.9283204161729373 17.651 0.029
0.9286268885298341 17.701 0.031
0.9295073234998199 17.61 0.019
0.9319317528170359 17.618 0.022
0.9328252335371872 17.603 0.021
0.9340701436849486 17.739 0.027
0.9350117813610268 17.609 0.025
0.9371762433956974 17.617 0.023
0.9389935221834094 17.568 0.027
0.9395797357719857 17.615 0.03
0.9436825775628677 17.736 0.023
0.9451826898648505 17.582 0.022
0.9455132314151342 17.54 0.019
0.9474352408824416 17.586 0.018
0.9480033880981864 17.616 0.035
0.9480036661370832 17.568 0.026
0.9486455985570501 17.63 0.021
0.9498645285948442 17.582 0.021
0.9508149813136697 17.579 0.018
0.9526024082188087 17.648 0.026
0.9536215936905137 17.595 0.023
0.9538956424094067 17.631 0.029
0.9541165948849084 17.638 0.022
0.9549095199372459 17.582 0.023
0.9550155086444647 17.573 0.021
0.9560589759330469 17.615 0.025
0.9567401317963231 17.651 0.026
0.9592591603741312 17.619 0.022
0.9596204758909153 17.621 0.023
0.9616572201512099 17.54 0.031
0.9633826889148622 17.629 0.023
0.9662230037329209 17.562 0.023
0.9681884784058639 17.653 0.034
0.9701442968453193 17.632 0.022
0.9734624942057053 17.587 0.022
0.9761214804784686 17.585 0.035
0.976310120708149 17.59 0.017
0.9766550239455682 17.586 0.023
0.9801415014480881 17.626 0.021
0.9817815780779711 17.609 0.025
0.9827027305709635 17.601 0.03
0.9839042869052719 17.596 0.022
0.9871531008375314 17.568 0.03
0.9871667119496124 17.567 0.025
0.9878193433587512 17.651 0.034
0.9886882889841218 17.588 0.019
0.9893641926009877 17.615 0.022
0.9905679060593684 17.592 0.026
0.9912879653411437 17.61 0.021
0.996552938451714 17.576 0.023
0.9979419698129277 17.638 0.03
0.999896926286965 17.585 0.023
