7.037745945126517e-05 16.408 0.008
0.0004105129050913092 16.421 0.009
0.0008783462562860223 16.398 0.008
0.003845182602390196 16.397 0.008
0.004192245108470161 16.412 0.011
0.005688661349040558 16.396 0.01
0.005689725166575954 16.405 0.01
0.00636557088751033 16.4 0.009
0.007073893852975743 16.405 0.009
0.007280054637931244 16.426 0.011
0.008095474071751596 16.397 0.01
0.010548193795557381 16.409 0.01
0.012116119347410859 16.413 0.009
0.013609880461899593 16.397 0.008
0.01885076006408326 16.4 0.01
0.02080239909685133 16.399 0.01
0.023268636046850588 16.397 0.013
0.027605638644217834 16.402 0.01
0.027630719275975935 16.416 0.01
0.02779490216994418 16.402 0.008
0.02893190953602698 16.373 0.011
0.03131961191024857 16.406 0.009
0.03191004118275487 16.384 0.012
0.03494985041243126 16.407 0.011
0.035034387709401926 16.407 0.008
0.03606390478216781 16.392 0.01
0.03689987554298568 16.415 0.008
0.04275471993696556 16.415 0.008
0.04642910915367793 16.411 0.011
0.0468964287720155 16.404 0.008
0.05263203468348365 16.417 0.009
0.05393188216953604 16.453 0.011
0.05455010513810521 16.418 0.01
0.0548842152686575 16.408 0.01
0.055733671825692 16.416 0.008
0.05592767683833699 16.415 0.008
0.05685273288077042 16.429 0.009
0.05746832041131711 16.401 0.008
0.0578053145143258 16.404 0.009
0.05788904536382233 16.405 0.009
0.06203785708930809 16.414 0.008
0.06330493853010921 16.408 0.009
0.06335596720259673 16.421 0.01
0.06396489678513717 16.406 0.008
0.06513445018595121 16.445 0.011
0.07122162240830221 16.423 0.01
0.07331969443271191 16.406 0.009
0.07338710562362394 16.427 0.01
0.07377560186591836 16.414 0.009
0.0752012671484863 16.42 0.008
0.07861264393068268 16.405 0.01
0.07906644240881633 16.425 0.01
0.08251667934132456 16.448 0.01
0.08785747098113461 16.45 0.012
0.08833612616649589 16.423 0.011
0.08842362114751268 16.406 0.008
0.08896887514674745 16.41 0.01
0.08925301650856454 16.413 0.009
0.08980853342109185 16.42 0.011
0.09101884866686305 16.434 0.008
0.091117683128914 16.431 0.008
0.09432819069854759 16.444 0.011
0.09595760916636209 16.421 0.009
0.09609351404606059 16.423 0.009
0.09706347915562219 16.432 0.008
0.10036306910046733 16.409 0.009
0.10052058912447137 16.416 0.008
0.10063578351105207 16.42 0.01
0.10298179187293499 16.421 0.009
0.10334384994348511 16.428 0.01
0.1035299396883147 16.446 0.008
0.10708797931647496 16.425 0.009
0.1078737602900901 16.438 0.009
0.10797981553491809 16.414 0.011
0.109569572327473 16.437 0.008
0.11055675884108496 16.414 0.009
0.11077952215464393 16.461 0.008
0.11218406734565178 16.425 0.01
0.11227424888261339 16.445 0.011
0.11270685948716164 16.46 0.011
0.11454797190822319 16.447 0.008
0.11508634895710657 16.45 0.01
0.11641377997216296 16.424 0.008
0.1208720209515377 16.437 0.01
0.121318409058631 16.445 0.009
0.1252398947194706 16.462 0.008
0.12544632070284933 16.452 0.011
0.1259120087465817 16.434 0.009
0.12666874261867633 16.436 0.008
0.12716377148626634 16.433 0.009
0.1305473751513091 16.436 0.009
0.1347231299453142 16.434 0.01
0.13774730907925914 16.445 0.008
0.1430313669620773 16.434 0.012
0.14541053620155253 16.44 0.009
0.14589658307795617 16.453 0.011
0.1471142212247969 16.445 0.01
0.14926307931705196 16.446 0.011
0.1501532014131044 16.434 0.01
0.1503598886807822 16.458 0.009
0.1512913099566049 16.451 0.01
0.15268841826843982 16.454 0.009
0.15355932398369987 16.448 0.008
0.1575571900768864 16.458 0.009
0.15778633629633987 16.461 0.009
0.15784529298684902 16.444 0.01
0.15793571220615377 16.443 0.01
0.15898260783296791 16.458 0.008
0.16035616194551494 16.464 0.01
0.1616755932466276 16.438 0.01
0.1620302723763416 16.459 0.01
0.16230515569623094 16.47 0.009
0.16234612480184296 16.425 0.011
0.16462809607548934 16.456 0.01
0.16628714808189216 16.455 0.009
0.16645658127367824 16.457 0.009
0.16855036268339063 16.46 0.011
0.17032676814164915 16.451 0.009
0.17103149106378623 16.447 0.011
0.1713916965416047 16.449 0.01
0.1740616866770779 16.458 0.01
0.1765254944411936 16.45 0.011
0.1776009224288373 16.479 0.01
0.17832172631915455 16.469 0.008
0.17959410816774835 16.453 0.009
0.1806724574880718 16.469 0.009
0.18219830000657566 16.449 0.008
0.1827696690409084 16.462 0.011
0.18411502768708488 16.462 0.01
0.18428705996495864 16.477 0.011
0.18629052136725477 16.456 0.009
0.18871418515345795 16.458 0.01
0.18942174193784922 16.458 0.008
0.18960199103412378 16.483 0.009
0.19024109148972457 16.441 0.01
0.1905690623270857 16.468 0.009
0.19085797168440877 16.455 0.011
0.1923105613552707 16.466 0.009
0.19319992711393752 16.491 0.01
0.19459445300390144 16.467 0.009
0.19828225039032077 16.47 0.008
0.19837712721869138 16.48 0.011
0.20086290670997187 16.491 0.01
0.20126224637226642 16.473 0.009
0.20220716619428458 16.493 0.009
0.20764498489177186 16.491 0.011
0.20869082553690532 16.501 0.01
0.20878942623062358 16.467 0.008
0.21304654062646478 16.496 0.01
0.21373321701753412 16.483 0.01
0.21385933737269625 16.495 0.011
0.21515756111216433 16.502 0.011
0.21533436731510847 16.492 0.008
0.21822375941110295 16.491 0.008
0.2213436090705727 16.499 0.012
0.22162851951986795 16.501 0.011
0.2222340288032001 16.498 0.01
0.22306104900269474 16.508 0.011
0.22480019154886577 16.5 0.008
0.22729542157617288 16.508 0.011
0.2281946357279594 16.505 0.008
0.2282493459838406 16.521 0.014
0.22947069916017426 16.505 0.01
0.2295872274848989 16.515 0.01
0.22994119155123371 16.513 0.013
0.22994514918514142 16.489 0.01
0.2334923493071983 16.519 0.009
0.2348910076533457 16.535 0.012
0.23687759047629697 16.507 0.011
0.23741308746684808 16.504 0.008
0.24210284389710068 16.518 0.01
0.24238778286985507 16.524 0.009
0.24529936278941022 16.536 0.01
0.24546427450445663 16.525 0.01
0.24880038970400165 16.506 0.009
0.25 16.552 0.012
0.2534570824527691 16.524 0.01
0.2545021569169421 16.527 0.01
0.2569520477002243 16.515 0.011
0.2585497089087312 16.522 0.01
0.2587672582767482 16.517 0.011
0.26140447353077434 16.515 0.013
0.26217937864623764 16.525 0.01
0.26373696958830806 16.536 0.011
0.2653370649045428 16.518 0.009
0.2682657758515461 16.525 0.01
0.26842230084798757 16.527 0.01
0.2689218865366456 16.535 0.011
0.2693163805779477 16.513 0.012
0.269805690603107 16.531 0.009
0.2707632464841936 16.517 0.011
0.27276448103930306 16.54 0.012
0.2729083502888443 16.525 0.011
0.2740128440581202 16.495 0.008
0.27924003261955477 16.518 0.01
0.28034851646111747 16.514 0.009
0.28044626842540765 16.517 0.013
0.2815436927498922 16.519 0.009
0.2816055147327461 16.506 0.009
0.2816219572052887 16.538 0.011
0.28205535557697203 16.495 0.01
0.28303194619638816 16.527 0.01
0.28384209273826855 16.515 0.01
0.28410082630023226 16.518 0.011
0.285674024743912 16.515 0.009
0.28584156015494955 16.521 0.011
0.28697646740181426 16.487 0.01
0.2870964357134653 16.521 0.009
0.2907655284359407 16.497 0.012
0.29083787953868523 16.51 0.012
0.29174320445940793 16.516 0.011
0.29566467345603087 16.514 0.011
0.2973667760070384 16.489 0.011
0.2973673034978219 16.513 0.01
0.2974190895151878 16.5 0.008
0.29978597334820734 16.514 0.011
0.3012153300585396 16.535 0.011
0.301337420075356 16.478 0.009
0.30442742893615105 16.487 0.009
0.3056654220013115 16.515 0.01
0.3066932701397036 16.51 0.011
0.30722085779234476 16.518 0.011
0.3076971092922349 16.49 0.012
0.30910346680980183 16.489 0.008
0.3109847733192055 16.483 0.011
0.31348776045615523 16.469 0.009
0.314088308241935 16.487 0.01
0.3140890744232365 16.472 0.01
0.3151647371873878 16.457 0.009
0.31604913160481374 16.469 0.011
0.3160655328033499 16.464 0.009
0.3186261250205007 16.5 0.008
0.3217438146069753 16.456 0.009
0.32449129026645096 16.477 0.008
0.3252852782143236 16.47 0.008
0.3269331577337198 16.493 0.011
0.32770261412679247 16.467 0.009
0.32882164375200773 16.454 0.01
0.3294979668535234 16.462 0.011
0.3328887697150549 16.463 0.01
0.33298946560603326 16.457 0.009
0.33417356862037195 16.457 0.01
0.33576894996531337 16.462 0.011
0.33617780895383476 16.441 0.011
0.3365819441276017 16.463 0.009
0.33811935206767885 16.471 0.011
0.33813363446711264 16.465 0.008
0.3391781450884537 16.451 0.009
0.3434564247639855 16.45 0.011
0.3454009157180735 16.442 0.012
0.3456615657405564 16.476 0.01
0.3473856685423016 16.46 0.01
0.34850019145642364 16.456 0.012
0.3489500136207653 16.457 0.011
0.35199584917336324 16.49 0.008
0.35255988054041154 16.447 0.008
0.3529320433663088 16.439 0.01
0.35363796857632224 16.453 0.008
0.3560045646167964 16.437 0.009
0.35936680558552325 16.469 0.011
0.3611568765843458 16.445 0.009
0.36451117678518585 16.443 0.011
0.3653662353005984 16.453 0.009
0.36688065679800275 16.458 0.009
0.36725014682588153 16.429 0.009
0.36737571709602435 16.441 0.01
0.3678770915093992 16.432 0.008
0.3695250614048291 16.443 0.008
0.37127104063551997 16.453 0.009
0.37275381001541064 16.438 0.011
0.3733426882461117 16.453 0.008
0.3734259053628648 16.445 0.008
0.37521052763941043 16.444 0.01
0.3759156739181435 16.439 0.008
0.3799463060565813 16.446 0.008
0.38221615008205845 16.438 0.01
0.38649417238730166 16.437 0.008
0.38963281216501855 16.445 0.009
0.3897744948333184 16.414 0.009
0.3915894539693454 16.442 0.008
0.39466038391128677 16.446 0.008
0.39512110944974665 16.449 0.009
0.396523459223431 16.42 0.01
0.3966466504180062 16.454 0.011
0.39802629371365583 16.428 0.01
0.40080042755505474 16.424 0.011
0.4038386101321976 16.451 0.01
0.40410694064621566 16.44 0.009
0.4044464994988175 16.442 0.011
0.405963886508971 16.446 0.009
0.4062107678648772 16.441 0.008
0.4073818713001174 16.424 0.009
0.4101818981503129 16.425 0.011
0.41043485000943747 16.416 0.01
0.4140085069830093 16.426 0.01
0.4162030834959296 16.438 0.009
0.4162937384996894 16.425 0.008
0.4163412643249558 16.43 0.01
0.4169410272497771 16.444 0.009
0.41698909924571126 16.432 0.008
0.4171632778388812 16.424 0.009
0.41973809742353296 16.446 0.009
0.42113445823406437 16.42 0.008
0.42373757350515007 16.439 0.009
0.42404601063731207 16.423 0.008
0.4247549200397316 16.412 0.008
0.42507549035019565 16.427 0.01
0.4257621765852946 16.434 0.01
0.4273014537820927 16.417 0.01
0.42750758705096814 16.443 0.008
0.42913996711740765 16.429 0.008
0.43603880347814084 16.407 0.009
0.43610674215995004 16.404 0.008
0.4362661383786417 16.412 0.009
0.436470450484876 16.414 0.008
0.4369546486825584 16.439 0.009
0.43868056280280143 16.406 0.01
0.4388200765623651 16.402 0.008
0.440247355747033 16.413 0.008
0.4418207928811171 16.432 0.011
0.4419610865794539 16.403 0.009
0.4454073118540691 16.415 0.011
0.44678601023201736 16.429 0.011
0.447229216730193 16.412 0.008
0.4491623456092384 16.444 0.012
0.45034880510547737 16.404 0.009
0.45412067616598506 16.409 0.008
0.4552186721614362 16.416 0.009
0.45826548898367037 16.432 0.011
0.45951195131556233 16.405 0.01
0.46596147924469733 16.403 0.01
0.46633944636755587 16.449 0.01
0.46638124451396834 16.427 0.009
0.4673789630531928 16.425 0.011
0.46868121713077926 16.417 0.009
0.4691619724353586 16.412 0.009
0.4698288538365887 16.416 0.009
0.4699487936245532 16.411 0.011
0.47085990617802054 16.398 0.008
0.47233307961369064 16.394 0.01
0.4735105384381768 16.401 0.008
0.47570586737413123 16.411 0.01
0.4765231168069022 16.423 0.012
0.4779786366461849 16.423 0.009
0.4810691042076769 16.393 0.011
0.4813339869065203 16.427 0.008
0.4813773449316159 16.408 0.009
0.48208431527905304 16.416 0.013
0.48224608173745764 16.416 0.008
0.48398334808905474 16.403 0.008
0.48399210123398007 16.423 0.008
0.4849359159645701 16.407 0.008
0.4858641457876729 16.409 0.008
0.49048337720000745 16.404 0.011
0.4935979667176298 16.408 0.01
0.49583320194960834 16.405 0.008
0.49635810304584993 16.426 0.011
0.496942446041885 16.398 0.009
0.4977945704748663 16.408 0.009
0.5007778306137425 16.407 0.009
0.500883484087808 16.427 0.009
0.5027272830651555 16.405 0.01
0.5030034964090646 16.412 0.008
0.5054300667613916 16.408 0.008
0.5057496233645224 16.401 0.01
0.505980897218933 16.412 0.007
0.506381300699104 16.414 0.008
0.5081214697029282 16.395 0.01
0.5086490347614472 16.419 0.009
0.5103498760786351 16.395 0.008
0.5105924707340819 16.402 0.01
0.5125742118499375 16.413 0.009
0.5144066861121246 16.405 0.01
0.5145937581344242 16.393 0.011
0.5159010375775779 16.411 0.009
0.5165559616309565 16.416 0.008
0.5171636299796774 16.414 0.009
0.517565088441188 16.394 0.01
0.5187063147257049 16.411 0.01
0.5194744283446653 16.402 0.012
0.519570076276068 16.397 0.01
0.5200598636820359 16.4 0.008
0.523256414004436 16.407 0.008
0.5235119482854316 16.405 0.01
0.523516666170508 16.411 0.008
0.5241525938533869 16.41 0.008
0.5247126449928601 16.403 0.009
0.5263357306652097 16.43 0.011
0.528026273724663 16.407 0.01
0.5314558502743694 16.429 0.008
0.5322424465311997 16.405 0.01
0.5322762763938726 16.432 0.012
0.5346074198333781 16.375 0.008
0.5353062333166463 16.388 0.011
0.5355121328170753 16.392 0.011
0.5370229670211302 16.42 0.008
0.5392888219830638 16.399 0.011
0.5444704747744709 16.393 0.011
0.545027908147631 16.409 0.01
0.5489253494786226 16.389 0.009
0.5501519293509318 16.408 0.01
0.55040177722708 16.41 0.01
0.5506068329204936 16.403 0.011
0.5520235191177107 16.436 0.011
0.5543393163400196 16.404 0.009
0.5549527536413734 16.4 0.009
0.5561736019210457 16.406 0.009
0.5567789039441777 16.408 0.009
0.5596994442687446 16.398 0.01
0.5607926260731801 16.404 0.011
0.5625608245570675 16.435 0.009
0.5629860346341502 16.408 0.009
0.5636560436204263 16.403 0.01
0.5677157877362333 16.403 0.009
0.5686918636151859 16.396 0.009
0.5712196485133063 16.426 0.01
0.5718738476598446 16.396 0.009
0.5736250585082416 16.417 0.011
0.57385875271234 16.406 0.009
0.5739734422022593 16.408 0.01
0.5760162450496864 16.417 0.009
0.5796148215904395 16.42 0.009
0.5800421632168309 16.404 0.008
0.581920521885877 16.387 0.009
0.5834762553133714 16.402 0.009
0.5847260789985285 16.407 0.011
0.5868120502823331 16.4 0.009
0.5873168312369899 16.409 0.009
0.5880650594904182 16.403 0.011
0.5895742994800912 16.392 0.009
0.5910847545076194 16.407 0.007
0.5940042899608216 16.391 0.009
0.595149005334406 16.424 0.009
0.5961845329563857 16.396 0.009
0.5970662467477723 16.392 0.01
0.5971193755394779 16.398 0.008
0.5971526867472221 16.419 0.008
0.5972541163812366 16.407 0.01
0.5976183747911819 16.405 0.01
0.5979725726260767 16.402 0.009
0.5986073991314242 16.394 0.009
0.5986758653039033 16.411 0.009
0.6027929748017868 16.39 0.009
0.604400182852487 16.428 0.009
0.6048449708150656 16.415 0.01
0.606767255265936 16.402 0.01
0.6069654880329836 16.404 0.008
0.6106153132566305 16.423 0.01
0.613162099447436 16.4 0.01
0.6186628688210476 16.418 0.011
0.6203221280875368 16.405 0.008
0.6233412543401755 16.409 0.008
0.6281957525852704 16.41 0.009
0.6308932535457643 16.413 0.008
0.6313597755527098 16.403 0.009
0.6375682627749484 16.423 0.011
0.6391963974149348 16.399 0.01
0.639262415721987 16.415 0.008
0.6392925855870999 16.438 0.011
0.6397690718632703 16.398 0.013
0.6406021674877138 16.407 0.009
0.6427145229192774 16.414 0.008
0.6440389373041171 16.402 0.011
0.6456165707622858 16.385 0.008
0.6464465073720476 16.405 0.01
0.6478417355750707 16.396 0.01
0.6479620142732756 16.413 0.008
0.6480019294049271 16.416 0.011
0.6489455093591232 16.418 0.011
0.6505796693143111 16.413 0.01
0.6517125000439137 16.42 0.01
0.6538345898900388 16.402 0.009
0.6542490380870731 16.404 0.01
0.6564662307018807 16.397 0.01
0.6575961764513067 16.4 0.01
0.6578945324301912 16.394 0.009
0.6580698416150881 16.391 0.01
0.6625288566036716 16.394 0.009
0.6661717960409987 16.419 0.008
0.6662331003767576 16.43 0.01
0.6672287187968777 16.417 0.011
0.667231932843606 16.407 0.009
0.6679563279412832 16.394 0.011
0.6688209372130132 16.392 0.009
0.6707497793915991 16.395 0.008
0.6709448472140593 16.409 0.009
0.6720977607258192 16.406 0.011
0.672248912610371 16.415 0.009
0.6756428391424834 16.456 0.011
0.6770484343928729 16.439 0.009
0.6787952338286232 16.408 0.008
0.6807682905894126 16.407 0.009
0.6818463923832496 16.412 0.01
0.6824471591716019 16.433 0.011
0.6829668060561289 16.385 0.01
0.6835151788041003 16.407 0.011
0.6842369600499296 16.416 0.009
0.6865481149975494 16.403 0.009
0.6869220400396898 16.418 0.008
0.6891065658214757 16.412 0.01
0.6916358958320643 16.403 0.009
0.692176431946109 16.408 0.009
0.6924941408783525 16.43 0.009
0.6935304720414024 16.422 0.01
0.6951435256626155 16.421 0.009
0.695436057657048 16.406 0.012
0.697877804326481 16.39 0.009
0.6986151429632628 16.421 0.011
0.6995148531755149 16.413 0.011
0.6998835544281974 16.411 0.009
0.700794089380679 16.418 0.011
0.7008149383440241 16.419 0.009
0.7035483968024892 16.418 0.009
0.7037389628358142 16.432 0.009
0.7039784249848253 16.432 0.011
0.7046888854292774 16.405 0.009
0.7059770721962195 16.415 0.009
0.7066875051248189 16.415 0.008
0.7068231713139994 16.429 0.01
0.7072293751766665 16.42 0.008
0.7107855268679941 16.416 0.01
0.7116535465949028 16.409 0.009
0.712134819546236 16.421 0.01
0.7149478086158751 16.408 0.01
0.7150234140311795 16.447 0.011
0.716550068927063 16.412 0.009
0.716552705373033 16.417 0.01
0.7185508791174016 16.437 0.009
0.7194008759151984 16.414 0.011
0.7210038336177149 16.436 0.008
0.7212877402030244 16.406 0.01
0.7242566353941129 16.439 0.01
0.7286543784848618 16.44 0.008
0.730663102935182 16.428 0.01
0.7323721296402255 16.439 0.01
0.7330756846106397 16.422 0.01
0.7331462410585345 16.418 0.009
0.7367251620879642 16.442 0.008
0.7381899851570779 16.433 0.009
0.7416356780190654 16.431 0.01
0.7417271620640804 16.447 0.009
0.7437929415098097 16.427 0.008
0.7438537497848756 16.439 0.009
0.7459890493771582 16.446 0.008
0.7477054854452945 16.445 0.008
0.7496451985603017 16.445 0.01
0.7506186379930568 16.434 0.011
0.7509601221427147 16.432 0.009
0.7514295094422323 16.445 0.011
0.7517490444590749 16.436 0.01
0.7519343405067502 16.443 0.01
0.752184345533351 16.454 0.009
0.7554004609908134 16.429 0.009
0.7566143861242836 16.436 0.01
0.759103819683105 16.455 0.01
0.7600828483242594 16.441 0.01
0.7615264972778277 16.433 0.01
0.7629888351211775 16.42 0.011
0.7631273587749092 16.442 0.008
0.7631825739276792 16.435 0.01
0.7654389007270765 16.446 0.01
0.7676996006887293 16.439 0.009
0.7702878736317871 16.449 0.009
0.773550176054755 16.426 0.01
0.7745593028651001 16.432 0.008
0.7755132547883932 16.447 0.01
0.7772691982881952 16.445 0.008
0.7782321046872767 16.439 0.012
0.7786911721432261 16.444 0.009
0.7792235238771354 16.447 0.008
0.7794692726253061 16.429 0.009
0.7797494701110281 16.435 0.01
0.7801342788399097 16.444 0.011
0.7827860525439974 16.44 0.009
0.7835739198785632 16.467 0.011
0.7842251976926491 16.44 0.011
0.7849924459185331 16.46 0.01
0.7868738074598696 16.445 0.008
0.7870564228815056 16.439 0.009
0.7877436080832467 16.431 0.009
0.7905938286348828 16.427 0.011
0.7947600778604738 16.43 0.01
0.7955326353301189 16.439 0.008
0.7976888339956076 16.42 0.009
0.7977348510603406 16.418 0.011
0.7982518202250048 16.43 0.011
0.798452390793841 16.409 0.008
0.8057300341702103 16.415 0.011
0.8076436165938503 16.445 0.008
0.8078568792616352 16.419 0.01
0.8085567653984072 16.415 0.009
0.8106302656019579 16.428 0.008
0.8107052884943187 16.398 0.008
0.8107534233505476 16.416 0.009
0.8120569485060969 16.415 0.008
0.8141289075110762 16.424 0.012
0.8157159816614694 16.403 0.01
0.8167132640940054 16.413 0.009
0.8189034910462851 16.43 0.008
0.8221057916414338 16.406 0.009
0.8237318261622022 16.418 0.01
0.8252650603719758 16.411 0.01
0.8267630983430081 16.402 0.009
0.8320592618879346 16.407 0.008
0.8320988970551753 16.407 0.009
0.8328130076533853 16.413 0.008
0.8334748489234016 16.41 0.009
0.8358179232027396 16.42 0.008
0.8378295414693184 16.413 0.008
0.8410146746846294 16.414 0.01
0.8442381818333615 16.411 0.009
0.8448055745539023 16.405 0.008
0.8448518578250059 16.398 0.008
0.845603528971651 16.398 0.009
0.8497549545490983 16.411 0.007
0.851500148918376 16.421 0.01
0.8518622246610903 16.399 0.009
0.8569123280631175 16.397 0.01
0.8577850264171047 16.413 0.007
0.8578326210324576 16.425 0.011
0.8618521435441835 16.417 0.008
0.8619253413600063 16.412 0.01
0.8630103348698412 16.393 0.01
0.8633885554486369 16.405 0.008
0.865314287714682 16.44 0.013
0.8659359093960575 16.451 0.007
0.8670573692147627 16.411 0.011
0.8672336793567865 16.408 0.008
0.8682312181520047 16.417 0.009
0.8686004006993926 16.416 0.01
0.8693737155142571 16.414 0.01
0.8694937054120828 16.424 0.011
0.8699319464988093 16.408 0.01
0.8703899815670866 16.408 0.011
0.8718758962040738 16.397 0.009
0.8722556707311924 16.411 0.013
0.873261376234268 16.437 0.011
0.874734581100256 16.403 0.009
0.8755042634336405 16.418 0.009
0.8762364293986593 16.404 0.01
0.8763722252222124 16.408 0.009
0.8768318555132737 16.397 0.01
0.8774281342707582 16.387 0.011
0.8782857889661955 16.402 0.01
0.879343348268776 16.398 0.009
0.8829846148576053 16.396 0.012
0.8893635843235188 16.41 0.009
0.8902257231355861 16.396 0.008
0.892042584974206 16.409 0.009
0.8923949439745229 16.407 0.009
0.8932547203748982 16.391 0.009
0.8934344203942146 16.42 0.01
0.8938911342745541 16.407 0.008
0.894578558166927 16.4 0.011
0.8946092240927328 16.402 0.009
0.8951135149166021 16.428 0.008
0.896357848605362 16.417 0.011
0.8988653837270704 16.412 0.009
0.9009657405367761 16.404 0.009
0.901137341629692 16.425 0.011
0.9025738326606643 16.401 0.01
0.9045423414368088 16.41 0.009
0.9051539575755214 16.414 0.011
0.9108045212931302 16.409 0.01
0.9133211867208502 16.398 0.008
0.9136489100321796 16.397 0.01
0.9141495507021773 16.399 0.013
0.9152183581020381 16.408 0.01
0.9156428471861773 16.435 0.011
0.9171015447202535 16.407 0.008
0.9217588740157225 16.407 0.008
0.9226752054369172 16.408 0.008
0.9248855878756785 16.402 0.011
0.9255038069302373 16.41 0.009
0.9268263461281094 16.399 0.01
0.9296837246023415 16.418 0.01
0.9307243149496571 16.413 0.008
0.931223878044193 16.408 0.009
0.9321857393058508 16.392 0.011
0.9322892690589697 16.406 0.009
0.9330790351823453 16.395 0.009
0.9340958227962801 16.411 0.01
0.9353266363527837 16.413 0.008
0.9372143385178333 16.392 0.008
0.9373451502499393 16.407 0.009
0.9380281391273684 16.404 0.01
0.9398647497597494 16.399 0.01
0.9471286382274684 16.407 0.008
0.9489418076309448 16.415 0.009
0.9502598450401365 16.414 0.009
0.9547046591692379 16.411 0.01
0.9563634597348027 16.398 0.008
0.956687193982134 16.419 0.01
0.9572496841510656 16.401 0.009
0.95752529237825 16.402 0.008
0.9595443337659617 16.406 0.008
0.9603086881754734 16.407 0.008
0.9610162449599784 16.401 0.01
0.9622360166720227 16.393 0.01
0.9634975992803447 16.408 0.011
0.9691692192220671 16.405 0.009
0.970001251029089 16.411 0.011
0.9707426563561512 16.393 0.009
0.972956427663803 16.398 0.008
0.9749662257754608 16.39 0.008
0.9750048098755997 16.402 0.008
0.9772342024425598 16.413 0.01
0.9772654361254354 16.391 0.009
0.9779457355409704 16.406 0.008
0.9779906661940458 16.372 0.01
0.9793420501554237 16.4 0.009
0.9831670962034877 16.396 0.009
0.983562158001746 16.396 0.011
0.9840678141935086 16.407 0.011
0.9851178914293541 16.4 0.009
0.985569025945324 16.407 0.009
0.988786952721739 16.398 0.01
0.9904861949021324 16.392 0.009
0.9907758419163883 16.413 0.011
0.9928088779111022 16.407 0.009
0.9929878255072708 16.403 0.01
0.9929931072351792 16.398 0.009
0.9944047278006565 16.409 0.008
0.9953060106413432 16.404 0.009
0.9954802520944668 16.414 0.01
0.995526173861208 16.417 0.01
0.9978492056245614 16.395 0.01
0.9983822409915319 16.406 0.011
0.9986930818092787 16.385 0.01
0.998722449141269 16.417 0.009
0.9987247741928513 16.407 0.01
0.9993766482878073 16.41 0.009
