0.0001622832264729368 19.167 0.067
0.0010182328185237566 19.323 0.11
0.0016904720700949838 19.05 0.051
0.0018380935839559243 19.205 0.065
0.004029943109571832 19.105 0.062
0.0062383938579841924 19.169 0.082
0.00626515727435617 19.144 0.053
0.00786483365118329 19.194 0.059
0.011010136877757759 19.205 0.049
0.011225077553262963 19.026 0.077
0.0112789517006604 19.106 0.056
0.013532351068533899 19.066 0.069
0.015262415401139151 19.417 0.153
0.01812366205831495 19.006 0.083
0.018483370734884375 19.096 0.065
0.02168193927127504 19.135 0.053
0.022167299512602767 19.063 0.05
0.024599661081083468 19.139 0.051
0.026928570046493405 19.266 0.097
0.027267859884432255 19.132 0.063
0.02753226486447602 19.213 0.072
0.02793568929337198 19.144 0.065
0.029684207947866526 19.082 0.051
0.03021072826368254 19.182 0.053
0.033548703670021496 19.161 0.06
0.03450416199711981 19.238 0.094
0.03871335366011408 19.202 0.061
0.03949787243982428 19.134 0.068
0.04195055495301858 19.132 0.043
0.04362669601368907 19.054 0.05
0.04631158562779092 19.118 0.062
0.046593792185376515 19.155 0.063
0.0473138951515466 19.138 0.066
0.04883545748407414 19.267 0.132
0.04920659788740522 19.146 0.063
0.05184965807166009 19.051 0.091
0.05277867988615981 19.078 0.076
0.05328574440045486 19.107 0.059
0.05425357399462882 19.129 0.076
0.054389453488965955 19.057 0.078
0.05697700642167547 19.085 0.065
0.05932419848295467 19.184 0.074
0.06118310310330344 19.076 0.107
0.06242293209061245 19.121 0.08
0.06415680953023184 19.058 0.1
0.06564582666851493 19.085 0.061
0.07282112619395775 19.111 0.117
0.07286547499097651 19.055 0.069
0.07393127395698684 19.093 0.051
0.07452921191588757 19.146 0.093
0.07629401354961374 19.268 0.087
0.07844404195111565 19.368 0.122
0.07955930937532685 19.088 0.061
0.08315684823674019 19.129 0.101
0.08629930139386488 19.151 0.044
0.0874677978172258 19.124 0.043
0.08855268865727339 19.116 0.05
0.08870805160267992 19.077 0.058
0.08918379619535699 19.209 0.062
0.09154786726003294 19.146 0.077
0.09205743903703478 19.018 0.053
0.09336114109055416 19.027 0.047
0.09543176479519389 19.125 0.058
0.09592259996270514 19.129 0.05
0.09764878960504575 19.092 0.057
0.10024787666634438 19.015 0.057
0.10053648938583137 19.122 0.072
0.1010138836936676 19.201 0.065
0.10557997893602078 19.092 0.085
0.10700549868170128 19.086 0.053
0.10782376716269937 19.165 0.058
0.11279805918047714 19.236 0.063
0.11315997242309095 19.114 0.07
0.11362367680567331 19.143 0.069
0.11606782987382758 19.058 0.065
0.1183154602781542 19.139 0.087
0.11989302728193252 19.124 0.084
0.1235795857796802 19.162 0.075
0.12470116147096633 18.966 0.053
0.12483029164286563 19.165 0.042
0.12727216230541671 19.152 0.052
0.12813861725271636 19.055 0.061
0.1295395785027722 18.95 0.067
0.129933403893574 19.065 0.076
0.13105882140871472 19.188 0.07
0.13171288720582197 19.162 0.066
0.13187873509605197 19.126 0.061
0.1332908139825122 19.099 0.058
0.1359801334929216 19.24 0.068
0.13747199275030653 19.262 0.061
0.13773411117222167 19.111 0.062
0.13976715201397383 19.116 0.052
0.1413202221051506 19.095 0.049
0.14221886247332804 19.14 0.04
0.14263693606699235 19.035 0.085
0.14356400617862164 19.214 0.079
0.14606071438174695 19.278 0.069
0.14963471486044 19.147 0.061
0.15104009390370265 19.103 0.048
0.15111919590299294 19.133 0.075
0.15434808465761307 19.085 0.053
0.15646691939082302 19.096 0.039
0.15787138345513085 19.232 0.083
0.1580965191917585 19.071 0.06
0.15838605484077561 19.097 0.061
0.15874260315422362 19.092 0.084
0.1594352363267717 19.196 0.102
0.15987539473098877 19.193 0.078
0.16100650787666382 19.133 0.068
0.16154447653070747 19.164 0.061
0.16252862956753233 19.436 0.114
0.16390408862844197 19.205 0.059
0.1649098933712594 19.186 0.057
0.16769739049959753 19.172 0.102
0.16945139274139365 19.104 0.056
0.16946065692309276 19.152 0.07
0.17066859867873063 19.293 0.091
0.17077744492735292 19.147 0.067
0.17157243239535092 19.069 0.095
0.17183742544966663 19.195 0.056
0.1722351255320973 18.996 0.06
0.1741494803286514 19.278 0.091
0.17468940448225112 19.107 0.078
0.17492606188943682 19.015 0.082
0.17601382285442924 19.216 0.061
0.17689844295000512 19.109 0.054
0.177535952850576 19.145 0.092
0.17814535160732703 19.157 0.082
0.181354507490596 19.167 0.06
0.1837038799108086 19.235 0.067
0.18553157425139943 19.054 0.083
0.1871850718530368 19.167 0.07
0.18855537423178248 19.145 0.054
0.19010839935117474 19.229 0.094
0.19099724489433356 19.116 0.047
0.1924778799611886 19.262 0.059
0.193488241209252 19.277 0.082
0.19451091214136795 19.135 0.067
0.1949411491114006 19.079 0.048
0.19499403079635158 19.346 0.147
0.19640134908331675 19.141 0.065
0.19820255814329357 19.321 0.077
0.1996695150328378 19.167 0.069
0.2035470679907121 19.301 0.082
0.20401590449318974 19.219 0.079
0.20664140421467891 19.266 0.057
0.21087676706838465 19.45 0.083
0.21307437345285507 19.485 0.136
0.21590103813332462 19.332 0.101
0.21683802517190998 19.132 0.05
0.2180990201932218 19.395 0.086
0.2186867226268987 19.557 0.078
0.22257930457635666 19.351 0.092
0.22289533796492833 19.135 0.068
0.22316446308104787 19.294 0.074
0.22357617963757548 19.196 0.062
0.2268391851071101 19.26 0.072
0.22823664734141857 19.478 0.054
0.2284468066525278 19.377 0.092
0.22873381498357048 19.381 0.079
0.23043171394965611 19.429 0.105
0.23182942904622905 19.23 0.061
0.23191647692510742 19.409 0.093
0.23365896544737552 19.613 0.083
0.23372563115344747 19.509 0.147
0.23385221359785646 19.639 0.083
0.23624213310085906 19.268 0.101
0.23683174641882943 19.633 0.097
0.24184403019762613 19.758 0.222
0.24208061011950122 19.363 0.088
0.2435603264098063 19.501 0.091
0.24542081121171577 19.569 0.085
0.24687180407681808 19.431 0.123
0.25 19.759 0.112
0.252634126704379 19.564 0.107
0.2530617298020843 19.253 0.078
0.2536339334733384 19.657 0.163
0.25564329721896684 19.345 0.098
0.2583224054112634 19.527 0.075
0.25890245671280354 19.525 0.128
0.26018033002719676 19.358 0.078
0.260591099447538 19.519 0.075
0.2612827896368799 19.472 0.12
0.26133954221404565 19.338 0.096
0.26438988490599513 19.691 0.118
0.26554080840742245 19.712 0.173
0.26642862102380604 19.5 0.078
0.2679498159873219 19.352 0.076
0.26804233879283856 19.191 0.089
0.27058525719712634 19.463 0.085
0.2706082479703582 19.564 0.072
0.27601967709688324 19.567 0.082
0.2779567531920293 19.286 0.087
0.278576657303347 19.504 0.1
0.28045920199883767 19.174 0.061
0.2818393562770325 19.582 0.098
0.28195640506510244 19.539 0.094
0.28198253199343526 19.176 0.071
0.28199881841555907 19.48 0.107
0.2842235234288637 19.112 0.04
0.2890791294016708 19.132 0.062
0.28962861557238284 19.188 0.071
0.29092718550509744 19.195 0.053
0.2909348816092461 19.566 0.126
0.29173240470163364 19.441 0.08
0.29183831164618823 19.06 0.052
0.29211065799836433 19.22 0.069
0.2921517727454557 19.439 0.105
0.29255968414554445 19.447 0.094
0.29356938019145673 19.085 0.062
0.2968820986757237 19.364 0.052
0.29728903042723687 19.198 0.075
0.29767263619396545 19.152 0.061
0.2976764738634756 19.484 0.112
0.2990949959325917 19.026 0.054
0.30148898591323814 19.235 0.097
0.30228657853922414 19.492 0.093
0.3050170418673588 19.193 0.066
0.30503016828060936 19.237 0.07
0.30517489510884843 19.366 0.093
0.3073810513483295 19.185 0.041
0.3078814160198817 19.194 0.06
0.30804055160842836 19.225 0.05
0.31337612417883065 19.263 0.093
0.31340931416616513 19.102 0.059
0.31372564989760576 19.22 0.078
0.31661082686878217 19.411 0.092
0.31700144312753764 19.188 0.084
0.31737843448718195 19.141 0.053
0.31761055199967814 19.08 0.039
0.3210289242115323 19.138 0.089
0.32107226844209436 19.138 0.049
0.32611643980635563 19.153 0.06
0.3266168169370758 19.164 0.07
0.32855186348933785 19.023 0.057
0.3321758509664505 19.152 0.059
0.3329039361224204 19.078 0.054
0.3342911908357564 18.969 0.083
0.3344490119202419 19.087 0.102
0.3380641683202157 19.275 0.121
0.33842736355427405 19.07 0.06
0.3394357405863957 19.102 0.076
0.3417764856676513 19.187 0.095
0.34301351786189116 19.299 0.089
0.34344851507557905 19.118 0.069
0.34393866047821575 19.172 0.051
0.343962913188534 19.073 0.057
0.3455475439609472 19.077 0.056
0.3486007609299122 19.091 0.079
0.34931734447036433 18.996 0.054
0.35425044805447214 19.082 0.079
0.3551842142114765 19.24 0.122
0.35533217888769286 19.086 0.052
0.3554734350586841 19.153 0.063
0.35632047608987705 19.102 0.066
0.3565261363260106 19.147 0.063
0.360361618738807 19.129 0.061
0.36116492325299987 19.092 0.07
0.3625830817509268 19.15 0.066
0.3641377396193093 19.185 0.082
0.3673771824983305 19.124 0.074
0.3678501265003433 19.128 0.085
0.3694839403556216 19.069 0.089
0.37091160344016316 19.072 0.069
0.3714371804167058 19.343 0.097
0.37324533423179673 19.028 0.045
0.3732705748971057 19.166 0.059
0.3737708945968734 19.078 0.084
0.3758950821552389 19.242 0.094
0.3812338967263713 19.114 0.06
0.38149605216949567 19.031 0.045
0.38246864651546275 19.114 0.1
0.38284596477978994 19.127 0.066
0.3830000208151887 19.284 0.088
0.38926900012529586 19.077 0.067
0.3897483540865778 19.022 0.065
0.3902407044101892 19.195 0.07
0.3908636097626186 18.957 0.058
0.39179409274538557 19.133 0.044
0.39264745794480405 19.036 0.049
0.39290510600721973 19.168 0.074
0.39319409440076925 19.048 0.06
0.3965346545560351 19.123 0.069
0.3966717544585663 19.015 0.056
0.3985318919467318 19.25 0.083
0.3990545946462589 19.107 0.066
0.3991368732654337 19.116 0.07
0.4011064001028899 19.181 0.058
0.4016004406053071 19.229 0.096
0.40310211474252355 19.162 0.052
0.4032121409352385 19.153 0.082
0.4048742983891316 19.186 0.088
0.404898514078468 19.165 0.049
0.4052148823225252 19.15 0.068
0.4069095192335226 19.076 0.059
0.40722051839611595 19.238 0.086
0.40959757716154854 19.151 0.054
0.4096364911406454 19.166 0.071
0.4108961467395602 19.107 0.085
0.4113528492921432 19.076 0.061
0.414022697454584 19.224 0.061
0.4146423483480248 19.095 0.062
0.41526613130281476 19.25 0.085
0.4240442596169487 19.117 0.052
0.4271733410928391 19.253 0.094
0.4281654763199185 19.071 0.065
0.4285542512284337 19.106 0.068
0.4293278606187414 19.159 0.063
0.4312269819743051 19.239 0.078
0.43297167886066745 19.228 0.121
0.43398778106666214 18.993 0.06
0.4342702654053028 19.118 0.057
0.4348962408225816 18.984 0.079
0.4356553276570594 19.251 0.063
0.43765063790669956 19.086 0.05
0.43775170225990223 19.208 0.043
0.4415256552401843 19.149 0.068
0.4427425584806315 19.373 0.123
0.4432598225644142 19.182 0.067
0.443884291842096 19.068 0.068
0.44559455376975166 19.099 0.051
0.44740177670473713 19.266 0.05
0.45040493749684174 19.032 0.067
0.4520807516523746 19.096 0.053
0.45236424055747193 19.084 0.042
0.45322784543486705 19.196 0.097
0.4547739053900841 19.092 0.07
0.45483256849638565 19.142 0.072
0.4564107851570043 19.043 0.103
0.4574131317017418 19.071 0.06
0.4599257752147423 19.208 0.105
0.46019846093031447 19.069 0.052
0.4632420747084325 19.213 0.072
0.46336135297997316 19.183 0.047
0.4651344512499236 19.104 0.061
0.4655675213230097 19.26 0.057
0.4658181550962581 19.067 0.08
0.46735564443224575 19.212 0.094
0.4692968646918416 19.235 0.095
0.4711001717628278 18.976 0.071
0.47163498835925566 19.205 0.093
0.4720326763376761 19.144 0.063
0.4749465189483999 19.112 0.083
0.4766026088941544 18.99 0.07
0.4800550857169128 19.084 0.056
0.4824787057964386 19.109 0.07
0.4833464306316273 19.148 0.052
0.4852739443554128 19.171 0.089
0.485695790592672 19.032 0.052
0.488083452607043 19.177 0.043
0.48995825171869 18.994 0.112
0.4908142096164738 19.332 0.092
0.49119728474033764 19.24 0.078
0.49139207605139745 19.111 0.068
0.4930172625677187 19.128 0.059
0.4932312315445415 19.085 0.1
0.49447589066448927 19.112 0.048
0.49497978721956315 19.109 0.062
0.4953662755701771 19.089 0.061
0.4963545686191537 19.294 0.086
0.4964754146130872 19.094 0.056
0.4984176148777806 19.176 0.105
0.4987820633891715 19.159 0.06
0.4998130475692051 19.072 0.062
0.5042570469831844 19.081 0.069
0.5060285117938292 19.163 0.085
0.5062364706925564 19.124 0.086
0.5063563491407876 19.027 0.063
0.5065075845318461 18.988 0.078
0.5068018558627045 19.213 0.078
0.5068455515597634 19.058 0.061
0.5133961777146396 19.164 0.118
0.5153188900208079 19.197 0.059
0.5180113819974395 19.101 0.105
0.5183003050101433 19.069 0.062
0.5184613431774778 19.213 0.07
0.5185745421918 19.213 0.05
0.5211656961878361 19.304 0.084
0.5233940960047221 19.005 0.057
0.5250437918921307 19.145 0.07
0.5272436111488332 19.145 0.058
0.5308246224744835 19.066 0.067
0.531626689967652 19.189 0.07
0.531648611149194 19.174 0.077
0.5320871398914733 19.187 0.068
0.5331692014274267 19.13 0.043
0.5338082707453395 18.987 0.058
0.5339843095448487 19.209 0.068
0.5342336979920219 19.135 0.074
0.5343849413334283 19.129 0.077
0.5344330132952564 19.191 0.053
0.534479909818856 19.079 0.05
0.5367380289671928 19.256 0.075
0.5386425436117861 19.217 0.082
0.5387385737390105 19.177 0.089
0.5405703101980635 19.248 0.089
0.5413318752252962 19.205 0.061
0.5425446713215933 19.152 0.048
0.5426323643482647 19.201 0.071
0.5428421933133905 19.335 0.114
0.5432513825517162 19.087 0.049
0.5442518019567615 19.058 0.066
0.5454237441185796 19.13 0.061
0.5466463596017093 19.146 0.113
0.5511911909152332 18.92 0.059
0.5515345924063695 19.01 0.058
0.553209206207157 19.28 0.102
0.5540181984024457 18.983 0.069
0.5543559080592786 19.062 0.061
0.5573373600700506 19.069 0.051
0.5596099533595407 19.235 0.092
0.5609081230559241 19.204 0.077
0.5609355112128469 19.127 0.107
0.5611900397302634 19.212 0.053
0.5615070330691196 19.135 0.053
0.562151891759413 19.146 0.066
0.5663403584439948 19.148 0.049
0.5678590381935464 19.134 0.076
0.5700839711514618 19.073 0.059
0.5739015582457796 19.16 0.071
0.5751845356758167 19.062 0.087
0.5785100830953525 19.128 0.053
0.5807414346732003 19.079 0.053
0.5811761215934439 18.973 0.078
0.5824035592590917 19.163 0.07
0.5853205988987611 19.136 0.06
0.5859941035303109 19.137 0.094
0.588408545573202 19.382 0.109
0.5886116905953713 19.122 0.057
0.5893177646280492 19.31 0.094
0.5895272587360978 19.179 0.065
0.5905451898343017 19.05 0.074
0.5917628202155356 19.127 0.071
0.5934514058753848 19.08 0.067
0.5943408107768846 19.223 0.091
0.5991524356768423 19.201 0.071
0.599261241460681 19.1 0.095
0.6001647161147048 19.011 0.074
0.6013939989275059 19.187 0.077
0.6038307820867885 19.121 0.086
0.6055062984078177 19.099 0.082
0.6057578917757382 19.006 0.071
0.6076703598955646 19.129 0.068
0.6084006700270947 19.153 0.044
0.6090158259980853 19.186 0.045
0.6111149199095962 19.091 0.076
0.6112857899229311 19.148 0.056
0.6118598961729731 19.023 0.065
0.6119453022865855 19.158 0.062
0.6149028118802562 19.152 0.071
0.6163745463354644 19.219 0.061
0.6165489928503121 19.142 0.059
0.6183227359138073 19.124 0.07
0.618657248897307 19.097 0.048
0.6188431721093366 19.121 0.061
0.6191040621720276 19.202 0.047
0.6192865109305785 19.107 0.047
0.6194347696432487 19.069 0.056
0.621244536152517 19.107 0.096
0.6221897548011839 19.032 0.065
0.6226923773156159 19.112 0.051
0.6234874263673191 19.069 0.051
0.6247952359203737 19.156 0.068
0.6251699694366835 19.15 0.076
0.6261413713782531 19.047 0.061
0.6262838856900999 19.19 0.065
0.626519518476016 19.174 0.06
0.6286275583247516 19.061 0.109
0.6291488970405226 19.171 0.063
0.6303556460375148 19.081 0.059
0.6304197436070353 19.195 0.087
0.6306343577325606 19.155 0.061
0.6316344343304081 19.211 0.062
0.6321877626787682 19.102 0.109
0.634785551492314 19.298 0.069
0.6395771498396243 19.008 0.059
0.6401603486901877 19.165 0.071
0.6407245784771476 19.057 0.107
0.641636557658785 19.09 0.044
0.6428962378199685 19.061 0.056
0.6447876423071648 19.07 0.038
0.6449755175785867 19.106 0.057
0.6458042952112919 19.325 0.076
0.6500432103589446 19.09 0.068
0.6502303667939486 19.013 0.059
0.6545091268003489 19.306 0.085
0.6551941247416835 19.197 0.06
0.6553098960462194 19.212 0.077
0.6567162668420679 19.208 0.062
0.6583350305852491 19.099 0.069
0.6598421966155001 19.197 0.074
0.6598559027970623 19.04 0.069
0.6605303549199562 19.183 0.057
0.6634891710673401 19.233 0.079
0.6639831541397143 19.175 0.058
0.6664524375205474 18.961 0.062
0.6664600644458005 19.129 0.054
0.6668893743335502 19.058 0.05
0.6739562361540266 19.217 0.084
0.6756480759172518 19.079 0.086
0.6757497933704144 19.176 0.052
0.6758737872687561 19.132 0.074
0.6776724731639661 19.279 0.084
0.6796120229437292 19.069 0.084
0.6800265608549125 19.186 0.072
0.683005791688629 19.149 0.051
0.6872105243853639 19.073 0.065
0.6878253904724261 19.125 0.056
0.6882450812686329 19.158 0.069
0.6896575316764029 19.372 0.071
0.6937742735108259 19.183 0.065
0.6946939491513149 19.125 0.06
0.6961089597452883 19.356 0.078
0.698415918458295 19.089 0.079
0.700398563759336 19.069 0.085
0.701759920909808 19.374 0.078
0.7030467564190985 19.413 0.094
0.7050188185248771 19.227 0.082
0.7059704063140089 19.466 0.079
0.7060485656852507 19.38 0.071
0.7067345066100188 19.061 0.061
0.7083198482673652 19.305 0.122
0.7116613188936753 19.341 0.084
0.7118140154525463 19.28 0.072
0.7127780724026707 19.355 0.057
0.7147575206745387 19.227 0.078
0.7208782616817189 19.532 0.077
0.7240079924586098 19.298 0.068
0.7247736528820496 19.52 0.106
0.7281039809547565 19.203 0.056
0.730577714641413 19.232 0.066
0.7346048204062754 19.418 0.109
0.7367963433821387 19.431 0.083
0.7374635646638126 19.628 0.103
0.7395552073835461 19.392 0.082
0.7399506371634743 19.549 0.114
0.7400507827410365 19.414 0.068
0.740237310638804 19.371 0.122
0.7441353761755636 19.253 0.066
0.744946630011782 19.311 0.074
0.7451440427366833 19.518 0.096
0.7451787599834461 19.229 0.074
0.7465663453995148 19.423 0.132
0.7466358528695309 19.347 0.097
0.752952103667667 19.376 0.084
0.7542981619967577 19.321 0.058
0.757817341547252 19.43 0.138
0.758612904630354 19.479 0.071
0.7602849506497478 19.434 0.084
0.7635753971976555 19.522 0.077
0.7636764695021157 19.342 0.095
0.7643423596673529 19.495 0.077
0.7667685887013249 19.499 0.084
0.7669720564758791 19.29 0.114
0.7673075411571517 19.376 0.063
0.7697484688369514 19.182 0.08
0.7709695245475814 19.397 0.089
0.7716551676380732 19.251 0.105
0.7719938372442812 19.11 0.062
0.7736250047687463 19.298 0.098
0.7782396334364421 19.103 0.068
0.782135004227257 19.119 0.054
0.7839230903164207 19.296 0.07
0.7848090128127296 19.022 0.071
0.7849618034683772 18.94 0.049
0.7897712154958754 19.048 0.068
0.791985663864125 19.009 0.068
0.7930007244826811 19.277 0.067
0.7939714570698015 19.121 0.065
0.7945002144629143 19.1 0.044
0.7952929970106197 19.224 0.076
0.7973486896164559 19.266 0.107
0.797664115232692 19.173 0.086
0.7983570586980022 19.099 0.086
0.800098244464607 19.208 0.08
0.8010823729391632 19.142 0.062
0.8024236869255219 19.067 0.052
0.8066421507214727 19.121 0.088
0.8082567786054824 19.134 0.062
0.8092348724403564 19.081 0.072
0.811686272606039 19.099 0.047
0.8133232139566644 19.121 0.05
0.8204590726577408 19.421 0.075
0.8207644903384335 19.094 0.083
0.821305994674276 19.216 0.106
0.821882603679569 19.141 0.058
0.822269786302968 19.001 0.05
0.823434395932054 19.174 0.057
0.8236327640988748 19.22 0.049
0.8324358020217915 19.017 0.053
0.8340449708798587 19.158 0.068
0.8355741476789262 19.166 0.095
0.8362043326419553 18.999 0.06
0.8366619252551573 19.11 0.085
0.8385118635283106 19.136 0.074
0.8389321991180623 18.967 0.049
0.8415347730924623 19.173 0.05
0.8423170468417993 19.143 0.051
0.8445471285322128 19.079 0.068
0.8450685488851377 19.002 0.052
0.845447712652458 19.111 0.071
0.8458265820281667 18.988 0.078
0.8462379682373466 19.213 0.058
0.8476484873513073 19.112 0.056
0.8485006072246506 19.169 0.043
0.8486648178582072 19.015 0.065
0.8489735591774661 19.142 0.082
0.8490895958029796 19.198 0.076
0.8506714010682117 19.122 0.059
0.8532388703729339 19.121 0.052
0.858665038608251 19.146 0.036
0.8591137544617595 19.046 0.062
0.86389445137047 19.076 0.065
0.8639543764152222 19.164 0.062
0.8648635833660592 19.101 0.08
0.8663962225150499 19.119 0.059
0.8676319889746082 19.197 0.06
0.8679375457231799 19.148 0.105
0.8689583265359033 19.051 0.075
0.8690405930512952 19.146 0.047
0.8695865888671506 19.089 0.063
0.871763090445711 19.07 0.075
0.8729918222061315 19.032 0.069
0.8753535942532835 19.146 0.049
0.875413907075199 19.097 0.047
0.876321848291127 19.167 0.057
0.8793686556559805 19.115 0.061
0.8803352233126134 19.031 0.048
0.8807536563240319 19.092 0.068
0.8814527160670877 19.112 0.075
0.8824575408057171 19.018 0.061
0.8837797183005023 19.006 0.077
0.8838317019731221 19.24 0.063
0.8855467449097887 19.158 0.043
0.8877765491743048 19.099 0.053
0.887829488288844 19.153 0.047
0.8888933355515292 19.233 0.076
0.8900040710332178 19.16 0.065
0.8943673270377985 19.045 0.063
0.8948607469542367 19.22 0.094
0.8948884083824851 19.217 0.174
0.8949869699804367 19.036 0.057
0.8965381208818144 19.115 0.06
0.8966787281069628 19.195 0.071
0.899144251303369 19.099 0.062
0.9060057545184463 19.102 0.042
0.9080888269745628 19.052 0.044
0.9084896995232157 19.074 0.068
0.9095095698658042 19.173 0.042
0.9102076496042173 19.101 0.054
0.9129773251006554 19.218 0.061
0.9135118722228981 18.994 0.069
0.9136699907862749 19.135 0.076
0.914316732000998 19.16 0.069
0.9145370704732159 19.148 0.05
0.9157300807755746 19.071 0.07
0.9172264103926864 19.117 0.071
0.9183560215519719 19.256 0.124
0.9186733085721244 19.047 0.069
0.9194973135031432 19.145 0.051
0.9201112445575745 19.086 0.077
0.9201938255187088 19.179 0.077
0.9206552883147197 19.246 0.084
0.9215795083568992 19.145 0.085
0.9224206980761664 19.176 0.063
0.9250025678361453 19.086 0.048
0.9256034250438461 19.073 0.102
0.9262692947995674 19.299 0.087
0.9358054683607406 19.308 0.071
0.9358599914548904 19.101 0.065
0.9362535269624459 19.059 0.078
0.9382157537797866 19.162 0.052
0.9386277847820566 19.004 0.07
0.9386500812820486 19.118 0.051
0.9394176809496457 19.17 0.035
0.946304478107777 19.158 0.071
0.9474710103697817 19.17 0.088
0.9484388973946807 19.067 0.068
0.949239952015887 19.149 0.067
0.9511377259987057 19.193 0.059
0.9518201924695404 19.099 0.042
0.9522606120422097 19.115 0.06
0.9526569772096991 19.3 0.105
0.9526602558767081 19.006 0.107
0.9540621355481562 19.096 0.074
0.9556320676761061 19.121 0.066
0.9559927355924174 19.061 0.084
0.9580024957772366 19.164 0.068
0.9593584385193026 19.126 0.084
0.9594225689570521 19.227 0.078
0.9599931229126923 19.086 0.074
0.9601475062086138 19.184 0.076
0.9604666345794612 19.103 0.068
0.9617779881195929 19.084 0.059
0.9627407955913441 19.119 0.052
0.9642998754052314 19.12 0.067
0.9643049833189252 19.187 0.06
0.9645068505019481 19.076 0.044
0.966458232956029 19.12 0.045
0.9696530167448145 19.07 0.049
0.9701948434776568 19.089 0.071
0.970705742219252 19.087 0.058
0.97130302743426 19.087 0.06
0.9715144566339404 19.143 0.062
0.9717450268331049 19.058 0.068
0.9718873328988593 19.104 0.053
0.9727237333036101 19.23 0.061
0.9744579497519226 19.046 0.05
0.9747576967192799 19.367 0.089
0.9761443391516877 19.088 0.066
0.9774629681505758 19.142 0.062
0.9792357886403806 19.025 0.054
0.9821412899987081 19.026 0.068
0.9829522664094839 19.217 0.078
0.9836273799378432 19.15 0.063
0.9849598666446582 19.091 0.058
0.9920828517947484 19.102 0.051
0.9930889913935061 19.171 0.083
0.9933153887122899 19.068 0.047
0.9935638009528702 19.114 0.058
0.9940067969678239 19.289 0.075
0.9944564153420288 19.057 0.044
0.9957565896634151 19.109 0.069
0.9972321784002816 19.156 0.049
