0.0009396988475600665 17.807 0.021
0.0011244845402416104 17.795 0.026
0.00384029621523041 17.83 0.019
0.005501860600475084 17.761 0.026
0.005618675346340751 17.807 0.031
0.00924311795210997 17.854 0.033
0.012360035531742142 17.792 0.027
0.013200592617522489 17.819 0.028
0.014065985375623313 17.834 0.035
0.015157367288338719 17.814 0.021
0.015850788086709144 17.818 0.029
0.019135979104703438 17.833 0.029
0.019761185662787284 17.796 0.025
0.020333537136139057 17.816 0.025
0.021298946072647595 17.807 0.024
0.02173819727056525 17.757 0.026
0.023293420726076874 17.81 0.026
0.02473691853629134 17.828 0.026
0.02500391320552353 17.819 0.034
0.02556448603240824 17.834 0.021
0.03135311992014067 17.833 0.025
0.03284375847715637 17.824 0.021
0.03440971997019915 17.797 0.021
0.0361165793294731 17.841 0.024
0.03693543971894542 17.799 0.023
0.037206628798003294 17.824 0.031
0.037570538166164624 17.838 0.025
0.039528849624730356 17.836 0.019
0.041596459028596655 17.842 0.029
0.04335351381564578 17.8 0.018
0.04442877675478485 17.815 0.021
0.04501000014579404 17.799 0.022
0.045864342392860635 17.845 0.022
0.049120815801870776 17.847 0.027
0.04955974871313629 17.832 0.024
0.05149049566239228 17.839 0.033
0.05233002144052534 17.857 0.036
0.054815993707507005 17.867 0.029
0.05712348991824001 17.812 0.018
0.05745108261658061 17.841 0.02
0.06004383182244055 17.873 0.04
0.06036202503184995 17.825 0.025
0.0618485345805766 17.791 0.02
0.06219510647406423 17.738 0.025
0.06288998703121251 17.817 0.031
0.06338580666022153 17.827 0.035
0.0633861920923664 17.84 0.023
0.06490448323279452 17.805 0.03
0.06558259341795747 17.774 0.023
0.06715670247206162 17.806 0.026
0.06741894667425186 17.775 0.025
0.06935979508739365 17.874 0.032
0.07090103514246948 17.788 0.026
0.071378818809535 17.835 0.028
0.07459753642751821 17.855 0.035
0.07539627033622764 17.883 0.038
0.07673542646489295 17.819 0.026
0.08037131082710403 17.798 0.024
0.08552572758821952 17.816 0.025
0.08592661636032517 17.787 0.023
0.08601765772300496 17.865 0.031
0.0865772067998023 17.851 0.028
0.08657840291880348 17.818 0.023
0.08737694207661661 17.839 0.029
0.08767407865173027 17.798 0.027
0.08810553778153007 17.835 0.025
0.09022993100495569 17.809 0.023
0.0903127518479323 17.784 0.029
0.09254126031896703 17.815 0.02
0.09398499589951825 17.866 0.02
0.09409035958719869 17.829 0.021
0.09471904201177495 17.831 0.031
0.09583343097415309 17.844 0.026
0.09594784999399053 17.776 0.02
0.09674943453171636 17.851 0.033
0.09704523081404659 17.804 0.029
0.09833977679397776 17.798 0.023
0.09992550346169082 17.798 0.024
0.1035784259056527 17.812 0.028
0.10413768489092945 17.818 0.027
0.10421381444416511 17.813 0.019
0.10543194252318244 17.865 0.024
0.1057941505830513 17.801 0.023
0.10614560752492253 17.809 0.036
0.10660369548827475 17.809 0.023
0.10815621248843854 17.789 0.015
0.10878742899899407 17.88 0.031
0.1093278305813783 17.798 0.027
0.11198798537543553 17.789 0.023
0.11200791158285028 17.817 0.025
0.11305941143245946 17.798 0.023
0.11630465847372307 17.819 0.022
0.11822651839020182 17.808 0.023
0.11847763156492874 17.837 0.023
0.12296661729180869 17.853 0.032
0.12449659144726866 17.825 0.026
0.125890717596576 17.844 0.024
0.12738135615381907 17.823 0.023
0.12747844700049882 17.836 0.024
0.12880320028784809 17.875 0.028
0.13072117652382076 17.808 0.019
0.1319201794901801 17.842 0.029
0.13229012148326547 17.818 0.018
0.1336827314828497 17.809 0.027
0.133742470573452 17.849 0.022
0.13435395010492357 17.862 0.024
0.13438420798911466 17.802 0.028
0.13540833052275048 17.801 0.024
0.1362655757199036 17.847 0.023
0.13824026630481967 17.835 0.03
0.13826410816659518 17.82 0.031
0.14069470986555643 17.839 0.018
0.14376033530868426 17.821 0.025
0.1447050451387213 17.884 0.03
0.14977029217970994 17.845 0.018
0.15156503939158483 17.825 0.026
0.1544787929042286 17.847 0.023
0.15494166301789392 17.84 0.029
0.1590634056494764 17.829 0.031
0.16363538633208918 17.832 0.023
0.1650279533120056 17.839 0.023
0.16702801673295653 17.898 0.032
0.16754796250143045 17.836 0.017
0.16810626313849752 17.806 0.03
0.1690535634452317 17.813 0.034
0.17037445543383 17.8 0.026
0.17110449607366718 17.835 0.042
0.17110703597325028 17.86 0.026
0.1725959694431367 17.816 0.024
0.17465532838787112 17.84 0.025
0.17600280037709126 17.855 0.02
0.17636712540729604 17.85 0.035
0.18022796209447733 17.838 0.027
0.18095977903612948 17.809 0.019
0.18551529978572034 17.785 0.036
0.18764551024537468 17.839 0.02
0.1877359621234973 17.835 0.024
0.19015428173042892 17.937 0.044
0.19172193145163874 17.757 0.033
0.1933275337496525 17.887 0.026
0.19358680378672943 17.884 0.033
0.19532303215260072 17.848 0.018
0.1960952029199916 17.82 0.024
0.19640083121271346 17.848 0.025
0.19906387413266202 17.845 0.027
0.19969845605385217 17.812 0.023
0.20453270332075135 17.837 0.027
0.2047755378414422 17.843 0.03
0.20506185033946167 17.829 0.029
0.205777591036167 17.828 0.025
0.20616267127320498 17.822 0.024
0.20805087621124585 17.85 0.029
0.21210286054838434 17.862 0.023
0.21313899194126407 17.88 0.035
0.21354505585350125 17.839 0.023
0.2136734675752905 17.88 0.021
0.21505540900818687 17.897 0.038
0.21803649137132197 17.933 0.029
0.21869159276343453 17.91 0.025
0.2189269668738234 17.914 0.033
0.22163033367985463 17.876 0.024
0.22393541527071648 17.968 0.023
0.22485000383289844 17.903 0.02
0.22655813982748896 17.926 0.026
0.2273189679576717 17.919 0.029
0.22772056975031774 17.906 0.03
0.23126676961078374 17.954 0.03
0.23189511136661167 17.962 0.029
0.2339053643254374 17.937 0.026
0.23567412102136132 17.95 0.036
0.23582606765432956 17.943 0.027
0.23782901164349823 17.941 0.031
0.23913566182363866 18.009 0.03
0.23934929796246251 18.009 0.027
0.2406556993266804 17.99 0.038
0.24472088282868754 17.986 0.028
0.24480067544141093 17.97 0.023
0.24500032992386878 17.979 0.023
0.2459917610597131 17.986 0.035
0.2476976173068124 18.034 0.023
0.24802501176623082 17.921 0.041
0.2497955764474682 18.091 0.033
0.25 18.117 0.04
0.2507212248222004 18.002 0.033
0.2523012484878109 18.013 0.031
0.2540200643852586 18.027 0.022
0.2558889607960282 18.021 0.022
0.25815448965568066 18.093 0.039
0.2584815957675346 18.009 0.028
0.2588367064677186 17.986 0.024
0.2592159526091109 18.038 0.027
0.26066444970228986 18.047 0.032
0.26312203398379097 18.002 0.031
0.26398809674265067 18.004 0.03
0.2644347859688878 18.024 0.027
0.2653557981109316 17.982 0.031
0.2673061567595596 18.019 0.027
0.27270731642875035 18.057 0.029
0.27354645851869464 18.032 0.034
0.27357456949334846 17.99 0.03
0.27419737654668097 18.027 0.023
0.27421312694741573 17.959 0.023
0.2748284602196236 18.006 0.044
0.27664278541305976 18.006 0.029
0.27727262994767443 18.014 0.033
0.2779817374890854 17.995 0.039
0.2814784906950081 18.023 0.029
0.28157165658581107 18.016 0.037
0.2836175692937104 17.971 0.03
0.28755420620154837 17.95 0.033
0.2882833690091502 17.978 0.022
0.29148608159698597 17.946 0.025
0.2919948550627396 17.945 0.017
0.29383850973090375 17.947 0.029
0.29507895422091224 17.945 0.03
0.29533014035450833 17.907 0.02
0.29598836938691875 17.89 0.028
0.29701350433401785 17.873 0.023
0.29826381251723433 17.95 0.024
0.29977945330233524 17.92 0.025
0.30117853571505293 17.898 0.023
0.30141027496097195 17.926 0.028
0.30310402875193176 17.905 0.025
0.3045482302811706 17.878 0.024
0.30459485450228385 17.886 0.041
0.305113126867127 17.925 0.033
0.30650573686648386 17.834 0.028
0.3072560275235219 17.901 0.035
0.3133032294737177 17.891 0.031
0.3147217794119115 17.849 0.025
0.3188931614140529 17.843 0.023
0.32051702407318317 17.794 0.024
0.32081391532028647 17.857 0.026
0.3216052766019857 17.894 0.019
0.3218236742534373 17.852 0.025
0.32467810986054246 17.944 0.03
0.32533679553989714 17.855 0.022
0.3255914293447404 17.832 0.021
0.32573612514272554 17.814 0.025
0.3264346481219036 17.807 0.03
0.32877798924027957 17.807 0.023
0.3302204763811005 17.859 0.025
0.33070169667371374 17.844 0.023
0.33198906826555685 17.824 0.019
0.3366632832518235 17.839 0.029
0.33723377616263406 17.825 0.034
0.3396365587227592 17.814 0.02
0.3403786306037091 17.83 0.024
0.34041062177061576 17.84 0.022
0.3431080815224732 17.82 0.038
0.34313435457238484 17.827 0.019
0.34382631154176124 17.853 0.027
0.3460938413936674 17.796 0.021
0.3466129447924686 17.771 0.032
0.3494827639711957 17.793 0.023
0.3497808737189416 17.807 0.026
0.3540946604355213 17.8 0.028
0.3541134224981306 17.822 0.027
0.354380471232389 17.873 0.023
0.3549164013934387 17.83 0.042
0.35667572837064654 17.916 0.027
0.3569729809240698 17.825 0.031
0.35731667224922603 17.836 0.026
0.3594534597643815 17.85 0.02
0.36540345866796997 17.855 0.022
0.36724582187662236 17.795 0.023
0.3695802611380259 17.84 0.022
0.3723903749440751 17.894 0.037
0.37418978251412227 17.872 0.023
0.3752077901622215 17.877 0.03
0.37566733788480633 17.922 0.031
0.3759227036040329 17.857 0.032
0.37679007090287087 17.861 0.021
0.37737249041276755 17.841 0.023
0.3789571238596636 17.802 0.023
0.3805862834507252 17.854 0.028
0.38111516275967006 17.834 0.023
0.3811538359148017 17.881 0.025
0.38119907682357734 17.841 0.025
0.3816871043843548 17.839 0.024
0.3832854482897119 17.849 0.024
0.3833225922147676 17.837 0.033
0.38685274402541836 17.818 0.028
0.39218143894504465 17.816 0.029
0.3926628275371513 17.849 0.03
0.39520104854545934 17.802 0.03
0.3985556272498343 17.872 0.03
0.39945082124506825 17.808 0.025
0.4011305204209066 17.822 0.017
0.40121919599710054 17.838 0.021
0.40250529502293375 17.82 0.023
0.40352257075676334 17.796 0.023
0.4037612913839439 17.853 0.033
0.40516229776039836 17.82 0.022
0.405468068482719 17.824 0.033
0.406216708117654 17.786 0.021
0.4074132330975999 17.805 0.03
0.4079592647227628 17.844 0.026
0.4090905382913661 17.865 0.025
0.4168748258018695 17.809 0.021
0.4195293804921221 17.871 0.033
0.42028785795082513 17.804 0.026
0.42123643285822254 17.824 0.033
0.42185661949577025 17.807 0.02
0.42338835861687585 17.794 0.022
0.4239776903280017 17.827 0.034
0.424455371096883 17.826 0.031
0.42574519480535855 17.876 0.024
0.43126486500591454 17.805 0.02
0.4312771639567927 17.847 0.026
0.4318902756164107 17.81 0.02
0.432700988445049 17.797 0.024
0.4372668167458187 17.816 0.019
0.4394813435603737 17.822 0.016
0.4417273336798644 17.803 0.023
0.44379954763269325 17.804 0.023
0.4444548324394191 17.874 0.028
0.4457844108962945 17.812 0.017
0.4460080025814932 17.806 0.022
0.44690982798783807 17.837 0.028
0.44958342349627856 17.838 0.017
0.45249697877011386 17.813 0.023
0.45267654979124927 17.846 0.037
0.4528738384871076 17.801 0.023
0.45404115171459125 17.808 0.024
0.4544076852773742 17.894 0.032
0.45517557356129146 17.837 0.027
0.45967551794637984 17.792 0.023
0.45977319827784413 17.79 0.021
0.4621366734346566 17.793 0.032
0.46247441643004095 17.814 0.025
0.46289872762304185 17.845 0.03
0.46304721524893466 17.81 0.021
0.4633320828121441 17.829 0.026
0.4636128138096183 17.718 0.026
0.4645166643340417 17.799 0.026
0.4647308094413347 17.839 0.031
0.4698466300756081 17.775 0.024
0.47024356569670545 17.779 0.021
0.47050232095216415 17.835 0.019
0.4706363292898459 17.794 0.021
0.47322771582139467 17.837 0.023
0.4742453621631739 17.803 0.019
0.4781315548270868 17.88 0.023
0.480029084551461 17.816 0.023
0.4811469624603433 17.845 0.021
0.4818353764179619 17.849 0.04
0.4827318336774624 17.868 0.033
0.4839354842126795 17.867 0.024
0.48437288789364175 17.854 0.023
0.4844957652038602 17.81 0.023
0.4845919369429339 17.748 0.019
0.48606122121668704 17.821 0.027
0.48722968754339036 17.842 0.027
0.48754402294207466 17.844 0.026
0.48849399976484165 17.801 0.023
0.48873378541748025 17.792 0.025
0.4891950963617546 17.855 0.025
0.4902540417972432 17.782 0.02
0.49151616060123615 17.763 0.023
0.4944491927024046 17.787 0.027
0.49530980505414846 17.799 0.026
0.49583892213354375 17.791 0.034
0.49632086300425726 17.803 0.032
0.4976594444726743 17.827 0.033
0.5006640916864171 17.779 0.024
0.5015634876488093 17.793 0.027
0.5019965059481137 17.75 0.023
0.5022687056965651 17.769 0.025
0.5027629585986233 17.789 0.02
0.5031067528219637 17.791 0.026
0.5036946936631921 17.861 0.031
0.5048403776306714 17.782 0.024
0.5049662532314869 17.794 0.026
0.5061862811487572 17.814 0.018
0.5082749024232953 17.837 0.023
0.5092916633755067 17.814 0.024
0.511688082234059 17.859 0.044
0.5147207151421753 17.788 0.016
0.5172485818010273 17.819 0.021
0.5173202268530304 17.77 0.018
0.5191203250619765 17.834 0.02
0.5197522435476003 17.82 0.02
0.5207784005006033 17.846 0.02
0.5223422432788993 17.807 0.028
0.5278039280183293 17.844 0.025
0.5281905281838135 17.819 0.033
0.5297063523833003 17.827 0.024
0.5313806087092416 17.828 0.023
0.5331869546412236 17.828 0.025
0.5364260681938049 17.826 0.038
0.5364753238765161 17.744 0.023
0.536655907601812 17.805 0.024
0.5376530062774236 17.836 0.025
0.5380135598272773 17.851 0.03
0.5396592857377982 17.828 0.023
0.5408985434103215 17.812 0.027
0.5409528826708083 17.837 0.032
0.5409707669014097 17.761 0.028
0.5410037818178353 17.822 0.023
0.5410316326401698 17.848 0.023
0.5426116786875355 17.813 0.031
0.5436824795071971 17.844 0.023
0.5437058571644684 17.778 0.023
0.5444999772225856 17.792 0.022
0.5452533972636502 17.85 0.029
0.5461800470061462 17.848 0.023
0.5512211080288125 17.793 0.025
0.5548237902810342 17.864 0.024
0.5557682437374751 17.81 0.027
0.5560933546707929 17.941 0.038
0.556680135145939 17.852 0.03
0.5581375753718021 17.786 0.029
0.558443957960435 17.825 0.028
0.5618417916964518 17.796 0.025
0.5648398804580665 17.819 0.03
0.5658391897009096 17.796 0.025
0.5658488234722654 17.838 0.027
0.5670605820366745 17.81 0.025
0.5670703692832149 17.813 0.027
0.5706229404026999 17.845 0.017
0.5744105917622164 17.861 0.039
0.5765896367192909 17.789 0.023
0.5770033839878579 17.8 0.019
0.5776005112550138 17.825 0.022
0.5784446825671239 17.824 0.023
0.5854670001845079 17.804 0.022
0.5858969806613459 17.802 0.023
0.589877441738281 17.892 0.034
0.5900844819281019 17.802 0.023
0.5911263555639152 17.867 0.026
0.5912293534648825 17.827 0.023
0.5918986646913709 17.849 0.019
0.593309828922429 17.881 0.025
0.5938965794584874 17.812 0.022
0.5940507965372035 17.821 0.02
0.5966710765349035 17.835 0.031
0.5979191407234339 17.823 0.028
0.5988773380660177 17.858 0.036
0.5994734564076225 17.815 0.02
0.600396686674344 17.816 0.035
0.6048932862865968 17.828 0.021
0.6058461137381528 17.857 0.025
0.6060296079712089 17.858 0.033
0.6070727001077785 17.821 0.023
0.6078036502628947 17.795 0.023
0.6087864661452613 17.818 0.02
0.6094640708504357 17.81 0.02
0.610588804860754 17.823 0.025
0.6127144389664636 17.85 0.022
0.6150903084151196 17.804 0.026
0.6159027786522984 17.852 0.03
0.6173048875507448 17.834 0.021
0.6174371195866115 17.866 0.025
0.6198837039337377 17.845 0.024
0.6238464060604656 17.845 0.03
0.6248121838609677 17.851 0.025
0.6266938902256243 17.802 0.025
0.6271911303726938 17.812 0.022
0.6272557228287496 17.88 0.025
0.6278907483167586 17.806 0.023
0.6279002172765331 17.819 0.021
0.6285855559153788 17.835 0.02
0.629442677576435 17.828 0.028
0.6338721000695386 17.803 0.024
0.6358305873852714 17.845 0.032
0.6373255927210266 17.842 0.03
0.6374714375488111 17.813 0.018
0.6398169778983629 17.83 0.031
0.640227410333182 17.858 0.032
0.6426590715348084 17.879 0.034
0.6437920185073835 17.795 0.029
0.6458217596293707 17.818 0.022
0.6466044344426791 17.815 0.022
0.6486556458264658 17.879 0.023
0.6487528171896884 17.856 0.027
0.6513033743549386 17.737 0.028
0.6518752505780867 17.854 0.026
0.6530040572058624 17.89 0.028
0.65400063005427 17.862 0.033
0.6554651397354974 17.871 0.022
0.6557500221231294 17.899 0.021
0.6559658069159013 17.868 0.017
0.657346342654705 17.939 0.031
0.6593407254551948 17.949 0.023
0.6598891435046426 17.918 0.028
0.6599464362925573 17.931 0.032
0.662491535783829 17.884 0.023
0.6656239976773577 17.924 0.025
0.6664424444395536 17.917 0.02
0.6684878723049223 17.909 0.023
0.6696257830983541 18.007 0.033
0.6707441775329244 17.972 0.027
0.6717443140310024 17.997 0.028
0.6729892299416633 17.961 0.03
0.6734549823675025 17.998 0.023
0.6743810650073101 17.966 0.033
0.6746071236332227 17.95 0.023
0.6747422080416072 17.995 0.033
0.6748350632030906 17.907 0.025
0.6756386205377112 17.917 0.032
0.6794652781632067 18.028 0.025
0.6805223537000984 18.07 0.034
0.6821051268404972 17.974 0.036
0.6824039065891156 17.981 0.029
0.6851591869908589 18.055 0.034
0.6868362433688162 18.055 0.029
0.6881776510495001 17.949 0.031
0.6882671727743173 18.019 0.039
0.6886091101794136 18.018 0.024
0.6939357517858298 18.036 0.023
0.694624775866032 18.025 0.026
0.6981031472093946 18.073 0.039
0.7030516693225763 18.03 0.031
0.7042214794298616 18.061 0.044
0.7046924689091156 18.05 0.034
0.7052240604867848 18.036 0.034
0.7055453249456605 17.998 0.021
0.7083939264573473 17.975 0.028
0.708575498470509 18.037 0.025
0.7086269347812504 18.057 0.027
0.7119162266121748 18.008 0.026
0.716030937285268 18.055 0.034
0.7169208137108853 18.067 0.037
0.7173162407395921 18.041 0.024
0.7175491984862674 18.039 0.029
0.7185877273491315 18.09 0.039
0.7190004938872789 18.06 0.038
0.7203456093914156 18.002 0.033
0.7229860158697647 17.937 0.031
0.7231388609727674 18.053 0.04
0.7239342070890871 18.082 0.038
0.7242872531396642 18.028 0.038
0.7242935345805108 18.054 0.049
0.7263483360651435 18.009 0.047
0.7264792147277603 18.0 0.026
0.7315359700511408 17.959 0.031
0.7339401658628049 17.911 0.027
0.735939838037666 17.943 0.022
0.7361428372933005 17.939 0.03
0.7362948568850243 17.957 0.027
0.7366583715196384 18.015 0.038
0.7380365356582388 17.842 0.033
0.7387176798872588 17.932 0.024
0.738898447027168 17.774 0.037
0.7389593522975701 17.886 0.025
0.739233371367618 17.901 0.025
0.7396022369989623 17.967 0.023
0.739623213116829 17.936 0.03
0.739792733251079 17.954 0.038
0.7402200595938666 17.921 0.028
0.7403415425463891 17.862 0.042
0.7406538603845547 17.888 0.025
0.7429357797068405 17.902 0.033
0.7458354562227214 17.877 0.022
0.745878744972515 17.858 0.021
0.746426408725938 17.901 0.023
0.7469735129338915 17.888 0.027
0.7497909804733354 17.884 0.037
0.751341689488072 17.848 0.026
0.7529553588306044 17.831 0.025
0.755525391079118 17.827 0.022
0.7568560496765713 17.825 0.031
0.7593977331800943 17.85 0.023
0.7594231565931295 17.856 0.035
0.7600145020858236 17.825 0.017
0.761190239885309 17.856 0.022
0.7633822427490031 17.832 0.024
0.7656899148167895 17.821 0.023
0.7675615458778111 17.809 0.026
0.767880895674466 17.916 0.045
0.77061885894841 17.83 0.025
0.7709637574382668 17.863 0.023
0.7743731884407907 17.783 0.034
0.7749152445328491 17.844 0.023
0.7758314222036233 17.836 0.025
0.7777721058052975 17.753 0.037
0.7788097888100083 17.808 0.022
0.7797725212308251 18.03 0.022
0.7814107172603144 17.858 0.023
0.7818062155040479 17.815 0.035
0.7829851669829395 17.828 0.027
0.7838566725918099 17.853 0.024
0.7843799331938044 17.879 0.032
0.7853948280260283 17.757 0.027
0.787693356978366 17.814 0.025
0.7918519235036001 17.818 0.023
0.7949381936975897 17.862 0.025
0.795488592101492 17.869 0.031
0.7963971893138933 17.774 0.029
0.7967389002849359 17.824 0.023
0.7978844531589857 17.817 0.027
0.8043611527782559 17.832 0.023
0.8056313703100386 17.809 0.023
0.8071560550911272 17.85 0.032
0.8080756411919765 17.802 0.032
0.8104183739319524 17.818 0.024
0.8118422713794189 17.816 0.023
0.8164457490850054 17.764 0.025
0.8176580430688318 17.82 0.035
0.8187608667385575 17.874 0.023
0.8196725017734252 17.822 0.034
0.8214159362106557 17.856 0.035
0.822929139994244 17.823 0.022
0.8231928009358853 17.879 0.033
0.8240343294503418 17.857 0.025
0.82488617103877 17.857 0.025
0.8261062832511925 17.823 0.031
0.8270177534745926 17.823 0.019
0.8273133532620705 17.833 0.025
0.8304003983896564 17.819 0.021
0.8312177071676388 17.852 0.036
0.8326491661791806 17.812 0.02
0.8332772120299978 17.871 0.024
0.8336009847052992 17.805 0.031
0.8355957886908527 17.828 0.028
0.8368901588137305 17.808 0.022
0.8381494194313746 17.769 0.042
0.8398570107048045 17.848 0.033
0.8435020233581554 17.798 0.033
0.8447037234782329 17.837 0.022
0.8449564987206486 17.855 0.018
0.8451549553401492 17.77 0.034
0.8461090536136453 17.815 0.019
0.8466240018435656 17.829 0.024
0.8496399879156797 17.791 0.023
0.8496917666388981 17.865 0.021
0.8499473587921784 17.844 0.027
0.8520310368837727 17.77 0.023
0.85381236198441 17.781 0.033
0.854096229923698 17.816 0.026
0.855887961695089 17.829 0.028
0.8581909452093441 17.838 0.021
0.859596080593974 17.84 0.024
0.8630103460679948 17.872 0.027
0.8630724492011268 17.808 0.015
0.863218715214316 17.85 0.023
0.8633030934825001 17.82 0.021
0.8669953721623642 17.825 0.021
0.8690493388346567 17.883 0.028
0.8719297068230389 17.843 0.034
0.8738674557911281 17.808 0.022
0.8745222688355625 17.811 0.025
0.8755212879873397 17.829 0.026
0.8755333381221817 17.807 0.027
0.8761406043500983 17.796 0.024
0.8770240496379529 17.867 0.028
0.877113479510399 17.815 0.022
0.8771734563715654 17.886 0.023
0.8776376478839438 17.799 0.023
0.8780111404464606 17.847 0.033
0.8801114653737159 17.814 0.023
0.8823242458256573 17.804 0.021
0.8846818287524911 17.806 0.021
0.8852406011515086 17.795 0.027
0.8859257714906335 17.795 0.026
0.8867253532919221 17.793 0.02
0.8876458506524614 17.831 0.031
0.8914581429332884 17.803 0.019
0.8930732984863425 17.808 0.023
0.8945420043210106 17.848 0.033
0.8966858857077113 17.814 0.026
0.8969824063467513 17.819 0.021
0.8976482774598935 17.8 0.025
0.8983318156707583 17.839 0.023
0.8987299697924982 17.775 0.028
0.903410404306328 17.801 0.025
0.9035608946683169 17.841 0.027
0.9036151609700482 17.8 0.023
0.9049184945724846 17.813 0.017
0.9113094215658748 17.857 0.022
0.9115060812457614 17.816 0.026
0.912282944345634 17.8 0.026
0.9159160062740739 17.81 0.025
0.9165452200484197 17.826 0.025
0.9185948199419727 17.78 0.031
0.9196026249718443 17.797 0.027
0.9196369313481227 17.795 0.023
0.9203806222770936 17.797 0.023
0.9208947993515721 17.768 0.03
0.9211587768363643 17.81 0.024
0.9218901106796693 17.778 0.025
0.9223966625327193 17.808 0.027
0.9228346446528803 17.797 0.02
0.9231975657332896 17.832 0.023
0.9236686133467629 17.801 0.028
0.925796716137711 17.857 0.026
0.92589484962798 17.769 0.024
0.9268997046187906 17.828 0.023
0.929019040424464 17.879 0.031
0.9324425652832815 17.787 0.021
0.9331372792851198 17.836 0.032
0.9350403437115347 17.761 0.025
0.9357996914447995 17.805 0.024
0.9358327063614524 17.871 0.025
0.9361510324081337 17.855 0.032
0.9390427392550009 17.761 0.017
0.9391333669902906 17.806 0.02
0.9391427629911959 17.809 0.026
0.9420389281785901 17.838 0.032
0.9443952588867432 17.839 0.026
0.9495101566346875 17.805 0.027
0.9502623058540394 17.854 0.033
0.9511349570045695 17.914 0.037
0.9526700522349074 17.834 0.035
0.95284912911211 17.793 0.03
0.9557409969917217 17.836 0.04
0.9566654681410682 17.796 0.022
0.9573729883179567 17.827 0.018
0.9593336431814805 17.784 0.023
0.9605259772397403 17.832 0.032
0.9610780807306583 17.789 0.018
0.9656440738428955 17.781 0.029
0.9695661695491253 17.804 0.029
0.9703743854979621 17.851 0.036
0.9717961752760402 17.851 0.03
0.9730712668108481 17.795 0.021
0.9757054555058176 17.843 0.024
0.9762450222754069 17.876 0.03
0.9778695043580683 17.776 0.021
0.9784734577872314 17.835 0.029
0.9788109013895792 17.802 0.021
0.9805290583317401 17.8 0.019
0.982497355275882 17.815 0.022
0.9828450950928982 17.835 0.019
0.9882928900285606 17.774 0.044
0.989189280142682 17.827 0.027
0.9897670782445402 17.78 0.031
0.990758485254446 17.778 0.022
0.9962745505299608 17.835 0.019
0.9962934884497372 17.754 0.03
0.9967318653034454 17.859 0.017
