0.003520777143421583 16.763 0.011
0.0037908286440142547 16.776 0.011
0.003936397460165608 16.776 0.015
0.004118642881167034 16.772 0.014
0.00460354861434098 16.757 0.008
0.006065156388558535 16.762 0.013
0.006972157805648749 16.766 0.013
0.010904132162977476 16.781 0.014
0.011830402774194226 16.768 0.012
0.012231783864535828 16.744 0.017
0.01234390254921891 16.766 0.011
0.013409265434347617 16.803 0.016
0.01395186489844491 16.749 0.015
0.014178318619087804 16.757 0.009
0.014697813261591364 16.748 0.014
0.016968217851626832 16.788 0.011
0.020149927906913945 16.774 0.014
0.02421361411052203 16.733 0.017
0.024814120949940843 16.782 0.013
0.02548219977552435 16.78 0.011
0.025726892873080942 16.762 0.011
0.027691495854924142 16.776 0.011
0.030135908134980127 16.772 0.015
0.031114310350858432 16.749 0.014
0.03198200205224566 16.735 0.013
0.03602187857268291 16.763 0.011
0.037105644182702235 16.77 0.011
0.0373941779425877 16.758 0.011
0.037522644795899396 16.779 0.013
0.03762308563227634 16.743 0.011
0.037763964243822556 16.778 0.01
0.03912667872646125 16.749 0.011
0.03979210982197401 16.757 0.013
0.03993637007442885 16.767 0.013
0.040446680605327856 16.794 0.012
0.04087398812498577 16.783 0.014
0.0411047870229595 16.776 0.011
0.04412242865646476 16.768 0.013
0.044810660678194836 16.761 0.01
0.04945151790980162 16.779 0.013
0.050814426152555825 16.78 0.016
0.05171970751143817 16.787 0.012
0.052153197030293086 16.764 0.014
0.05298719162874477 16.755 0.011
0.05304643816953103 16.771 0.013
0.053357352194780105 16.785 0.011
0.05371681833457842 16.776 0.013
0.05378000264863658 16.736 0.013
0.055196868600432936 16.761 0.016
0.05598344849886416 16.775 0.014
0.05687949935145298 16.773 0.01
0.05720675219117766 16.795 0.012
0.05907201452055233 16.757 0.015
0.059404175299277995 16.77 0.013
0.06151211086125841 16.776 0.011
0.0655226952949306 16.784 0.012
0.06628762357422602 16.79 0.011
0.07166354897299243 16.754 0.011
0.07461481178415852 16.758 0.014
0.07637854108361353 16.724 0.011
0.0777739439117795 16.734 0.015
0.07877420476233965 16.784 0.01
0.07906289778020437 16.776 0.011
0.08288224390435062 16.778 0.012
0.08311882792759206 16.77 0.012
0.089767562140878 16.785 0.018
0.09041609029918618 16.79 0.011
0.09298438527321196 16.77 0.013
0.09414926268618728 16.788 0.013
0.09442008260157309 16.777 0.013
0.09681707745448875 16.771 0.014
0.10033151767675008 16.781 0.014
0.10075580183774946 16.777 0.012
0.10075772364780278 16.779 0.014
0.10246326936157857 16.779 0.015
0.10378382601084013 16.792 0.017
0.10668924155015702 16.78 0.011
0.10788077657707618 16.764 0.015
0.10973644739124211 16.773 0.012
0.11030069711114265 16.77 0.012
0.11286564631154761 16.789 0.012
0.11298111213363882 16.788 0.012
0.11312823648586345 16.784 0.013
0.11379893244020423 16.784 0.012
0.1145644301077482 16.783 0.018
0.11511949707983149 16.785 0.011
0.11563089590390518 16.786 0.01
0.11727611613923727 16.782 0.012
0.1177465224182015 16.749 0.011
0.11822276294469702 16.783 0.012
0.11877421865028737 16.784 0.013
0.12115089442249882 16.784 0.011
0.12143550639120804 16.8 0.014
0.12170199710999441 16.761 0.012
0.1220849357082443 16.756 0.012
0.12490041497949278 16.782 0.013
0.12594676208254896 16.79 0.009
0.12745711982051944 16.771 0.015
0.13086826173366717 16.8 0.017
0.13276455881805305 16.783 0.011
0.13523563806575112 16.762 0.011
0.1363685596807045 16.78 0.011
0.1374547326759057 16.784 0.015
0.1383364300768335 16.778 0.016
0.13870943076972253 16.775 0.016
0.1423231890335046 16.775 0.011
0.14443595943885157 16.803 0.013
0.14626041635665388 16.772 0.011
0.14652091220750663 16.751 0.011
0.14697424303540174 16.79 0.011
0.14987150564365948 16.805 0.011
0.156413755030826 16.759 0.011
0.16037792806901052 16.777 0.014
0.16093145412469312 16.8 0.015
0.16284635822376003 16.802 0.016
0.16285651113639688 16.795 0.012
0.16366811630359734 16.792 0.011
0.16556534105939136 16.781 0.016
0.16874929670393612 16.79 0.012
0.16959270503957669 16.778 0.011
0.17076897356173504 16.784 0.012
0.17424148421332575 16.822 0.012
0.17490124558480602 16.82 0.014
0.17500641385549898 16.792 0.009
0.1763771869273114 16.803 0.011
0.17803573996479827 16.806 0.013
0.18004790364830114 16.818 0.013
0.18235554097554996 16.782 0.01
0.1826228837326198 16.82 0.018
0.18279999158880855 16.81 0.012
0.18289632486448681 16.811 0.013
0.18307536778684153 16.778 0.01
0.187914356816691 16.8 0.012
0.18821318949221677 16.842 0.012
0.19180921792758454 16.802 0.016
0.19185888893480296 16.787 0.013
0.19190326974830896 16.812 0.014
0.19547372613669722 16.791 0.011
0.19560221423671464 16.799 0.012
0.1956215684176641 16.817 0.011
0.19603104532734505 16.798 0.011
0.19624753326706923 16.792 0.009
0.19740858967134045 16.829 0.012
0.19837423237459006 16.835 0.016
0.20260901168330747 16.812 0.015
0.20444360825786134 16.808 0.012
0.2071665832531835 16.821 0.013
0.20766539507849302 16.826 0.013
0.2082544763070473 16.811 0.012
0.2091296519452044 16.82 0.018
0.20948927870585976 16.819 0.01
0.2136369924733117 16.839 0.014
0.21525736794410477 16.837 0.015
0.21608760800063465 16.81 0.012
0.21683107978424232 16.824 0.011
0.21719312464801988 16.837 0.014
0.2188005454836457 16.809 0.011
0.21970374051034014 16.847 0.019
0.22043635334512146 16.823 0.013
0.2206881853521736 16.814 0.011
0.22286795971785978 16.826 0.014
0.2236191583197069 16.819 0.015
0.22471194605623168 16.806 0.012
0.22474355546455627 16.842 0.016
0.22623528357871692 16.811 0.011
0.22647414905804908 16.826 0.015
0.2299117920520075 16.833 0.017
0.23215193439045834 16.836 0.012
0.23250273941266641 16.834 0.016
0.2333718564427727 16.847 0.013
0.23397919829540115 16.823 0.011
0.235061091217176 16.852 0.014
0.23564925803020742 16.827 0.011
0.23664084704569177 16.84 0.012
0.2366500576681574 16.849 0.014
0.24138138332818926 16.843 0.017
0.2416727386948878 16.844 0.014
0.242216344190183 16.858 0.012
0.24363057839491375 16.845 0.014
0.24423072422541736 16.853 0.017
0.2450062447869641 16.819 0.011
0.2471240929171472 16.822 0.013
0.24726012869450642 16.823 0.012
0.24760596866485685 16.817 0.015
0.24840497630430036 16.839 0.013
0.24858047832731245 16.84 0.014
0.24992229771123675 16.837 0.013
0.25 16.88 0.015
0.25182835746136334 16.866 0.015
0.25225887937267544 16.825 0.012
0.2553115479213375 16.843 0.012
0.257169493562742 16.844 0.014
0.25812292625960254 16.815 0.013
0.2583397672178762 16.837 0.011
0.26408036259954315 16.826 0.013
0.2668941722972704 16.817 0.01
0.2676102139644172 16.821 0.012
0.2684684747719075 16.789 0.011
0.2687889497119613 16.839 0.015
0.27134582706639776 16.826 0.011
0.2723432464272264 16.815 0.01
0.27369976565387333 16.827 0.013
0.2749134764676455 16.811 0.013
0.27496632736438187 16.824 0.011
0.2756851760188965 16.809 0.011
0.27606968340933236 16.826 0.011
0.27748370260724187 16.826 0.012
0.2807193491239559 16.822 0.013
0.2818203958381673 16.812 0.015
0.2865058728639269 16.782 0.011
0.28680592657656234 16.804 0.011
0.2873338593385597 16.854 0.015
0.29224293397510337 16.823 0.012
0.2967032459609982 16.782 0.008
0.2993906458996207 16.796 0.017
0.3002082591897306 16.822 0.013
0.3007381203888144 16.805 0.015
0.3028670333105765 16.787 0.014
0.3046402053964812 16.778 0.011
0.3064971251233146 16.791 0.013
0.3067410909384307 16.784 0.016
0.3082951220894756 16.801 0.012
0.30921465865776554 16.791 0.014
0.3109542597580912 16.797 0.013
0.31119914797909587 16.775 0.011
0.3125665261550239 16.782 0.016
0.31345713028167665 16.806 0.016
0.3140045035752337 16.774 0.011
0.3148040632577249 16.75 0.016
0.31817986909436513 16.834 0.014
0.3198476115076119 16.8 0.011
0.3199578163730621 16.794 0.01
0.32136474051822006 16.795 0.013
0.3214332043085051 16.782 0.012
0.32158834339384157 16.795 0.013
0.3218512998423648 16.767 0.012
0.32483569835994786 16.778 0.011
0.32685141619776914 16.809 0.016
0.32715855969809127 16.821 0.014
0.32768184474889495 16.764 0.011
0.32817386678152616 16.77 0.013
0.3315978239556898 16.773 0.011
0.3322047849160299 16.766 0.013
0.3328414613492896 16.809 0.013
0.33483822578227773 16.789 0.01
0.3355871961393859 16.792 0.011
0.3380798977686936 16.778 0.012
0.33841579320505843 16.806 0.012
0.3389670896531243 16.774 0.011
0.3397980796016782 16.779 0.013
0.3405351676342434 16.768 0.012
0.34073604131617685 16.775 0.011
0.34562149222801963 16.772 0.012
0.3461866629913857 16.787 0.013
0.3463991999024074 16.794 0.011
0.34909991275912944 16.766 0.015
0.3497253653322332 16.801 0.013
0.3498017019442159 16.767 0.012
0.35052280281661297 16.778 0.014
0.35160732884924073 16.812 0.012
0.35180480627150246 16.786 0.012
0.3560714033678778 16.783 0.012
0.35822218681687445 16.778 0.011
0.36067203919492385 16.787 0.011
0.36085857930947896 16.778 0.016
0.3618616750222827 16.795 0.013
0.36490249184635104 16.784 0.011
0.3655852705142024 16.799 0.011
0.36565127507128636 16.776 0.009
0.3657330862838535 16.78 0.009
0.3703504578002139 16.782 0.011
0.37311834713136705 16.779 0.012
0.37314546672314464 16.801 0.012
0.373303980820765 16.773 0.012
0.3739967106498625 16.794 0.013
0.3757052943410599 16.785 0.011
0.38235291765158763 16.794 0.012
0.3861246233509519 16.779 0.011
0.3863721380548668 16.774 0.01
0.38645695800596513 16.772 0.011
0.3865132117898611 16.779 0.013
0.3884634812020522 16.783 0.014
0.3886186707732122 16.753 0.012
0.3887170305415566 16.774 0.014
0.3887425959610482 16.773 0.016
0.3923416397631172 16.783 0.011
0.3930810252336414 16.769 0.011
0.39402018946475437 16.782 0.011
0.39868905146659017 16.785 0.013
0.39957324396709737 16.777 0.01
0.400243589629099 16.77 0.014
0.4008891170392417 16.768 0.013
0.40214740378996794 16.764 0.011
0.40302053695268114 16.762 0.011
0.4032964519383313 16.772 0.011
0.40730366662410233 16.807 0.015
0.41001849277790825 16.782 0.014
0.41379250508043697 16.755 0.011
0.41480570984913356 16.79 0.013
0.41534666098732487 16.756 0.011
0.41832539640881805 16.78 0.011
0.42021156182772756 16.782 0.013
0.4213970608557247 16.77 0.01
0.4218834622856775 16.794 0.011
0.42346301772613515 16.748 0.013
0.42416252545535826 16.753 0.017
0.42587729641127225 16.778 0.011
0.42594541517519247 16.768 0.01
0.426301427942235 16.765 0.014
0.4266367912196074 16.789 0.014
0.4268713473866228 16.787 0.011
0.42857810887471715 16.767 0.011
0.4319920591378832 16.775 0.012
0.43499580657226034 16.761 0.012
0.43818143042699376 16.774 0.012
0.43828807314775986 16.767 0.011
0.43830708366476756 16.78 0.011
0.43837930472500375 16.76 0.011
0.43901824136673895 16.779 0.009
0.4391557595854465 16.764 0.013
0.4394416044847276 16.768 0.012
0.44005593125393716 16.778 0.013
0.4411633749759858 16.76 0.013
0.4421958424982222 16.749 0.012
0.4426481394198163 16.775 0.011
0.4432037584356294 16.776 0.013
0.44578228740920167 16.763 0.012
0.4494166540321203 16.746 0.011
0.450682130176574 16.77 0.012
0.453075325267946 16.768 0.013
0.45327941470532096 16.767 0.011
0.45452341310783595 16.749 0.013
0.454978025987657 16.774 0.013
0.45577084890010156 16.782 0.015
0.4587805793089501 16.776 0.011
0.4605021613047029 16.783 0.015
0.4631476065246716 16.76 0.013
0.4647154907454478 16.785 0.015
0.46867027538337425 16.766 0.014
0.46870223780933884 16.756 0.011
0.46889012235305927 16.767 0.011
0.47137043347038343 16.779 0.013
0.4734333749738653 16.782 0.014
0.47427336580267365 16.746 0.012
0.47432587167259044 16.779 0.012
0.4750970363379565 16.756 0.012
0.47558567010173647 16.773 0.011
0.47868081227284165 16.754 0.012
0.4787312304470106 16.772 0.012
0.47886535376801476 16.767 0.013
0.4791618240897151 16.781 0.015
0.48085924747329045 16.769 0.011
0.4822669121567742 16.762 0.011
0.48257706966160185 16.754 0.01
0.48303040711698486 16.787 0.013
0.4840191347589098 16.789 0.011
0.4844047210867757 16.778 0.014
0.484418055252263 16.762 0.011
0.48680905523815454 16.766 0.012
0.48822269880747626 16.764 0.016
0.488538880417309 16.78 0.009
0.48857405859871506 16.775 0.01
0.48966723385638034 16.754 0.011
0.4897971751593104 16.79 0.011
0.48991213533327027 16.775 0.009
0.4941483957195487 16.758 0.013
0.4976959277905735 16.769 0.011
0.49779282772897204 16.763 0.011
0.49907946700204775 16.775 0.016
0.5057123918345496 16.763 0.012
0.5064591019827276 16.73 0.01
0.5074134915894319 16.783 0.012
0.5079912824903658 16.777 0.011
0.5088476333808103 16.762 0.013
0.5097056924369099 16.778 0.012
0.5097395686821073 16.775 0.011
0.5113637199424375 16.758 0.012
0.5121324054907745 16.763 0.013
0.5126466378128498 16.769 0.011
0.5136194048068319 16.756 0.012
0.5139530998740156 16.766 0.011
0.5167595476641509 16.774 0.013
0.516894022640372 16.763 0.011
0.5171165333226782 16.759 0.011
0.5189003733239588 16.731 0.013
0.5217655142478179 16.752 0.011
0.5233330374594516 16.764 0.012
0.5254321087895732 16.788 0.011
0.5264112462782577 16.764 0.013
0.5307527226946149 16.751 0.009
0.531229496742526 16.762 0.011
0.532561350346441 16.757 0.016
0.5330039323612255 16.771 0.011
0.5383676038959493 16.745 0.017
0.5407271829694764 16.797 0.011
0.5428212003585031 16.771 0.011
0.5436555427104395 16.764 0.01
0.5450323106497308 16.763 0.011
0.5470631025941657 16.774 0.014
0.5482367512613564 16.762 0.012
0.5482619570348106 16.776 0.013
0.549568230600471 16.762 0.013
0.5496527041609625 16.766 0.014
0.5531855443814493 16.759 0.011
0.5536282762991505 16.755 0.013
0.5555084335942411 16.773 0.012
0.5568383800073207 16.754 0.012
0.5573733296496357 16.778 0.013
0.5574022501978106 16.775 0.015
0.5576226944317568 16.772 0.01
0.5581704273713513 16.776 0.013
0.5628257708012825 16.777 0.011
0.5651447249674675 16.775 0.014
0.5651738511687654 16.767 0.015
0.5654251430250952 16.767 0.014
0.5662205857925073 16.763 0.012
0.5709509851444636 16.776 0.013
0.5714245713129458 16.762 0.013
0.5724803374182557 16.755 0.011
0.5753767134851842 16.778 0.01
0.5768542752794019 16.799 0.014
0.578772583628961 16.773 0.017
0.5791480316629531 16.765 0.011
0.5807274344742837 16.764 0.012
0.5828588265130747 16.759 0.011
0.5833184892439931 16.781 0.013
0.5833741816309157 16.754 0.012
0.5854507148005723 16.758 0.017
0.5883776729983765 16.781 0.011
0.5888093668258989 16.768 0.011
0.5921930109802815 16.765 0.012
0.5950854599923332 16.754 0.013
0.5951610693200564 16.781 0.011
0.5976741112781383 16.773 0.011
0.597976713114349 16.767 0.011
0.5987405624550775 16.746 0.011
0.6005657320365572 16.779 0.012
0.6011736419150111 16.777 0.011
0.6033396733482732 16.756 0.013
0.6041965790077484 16.782 0.012
0.60493559021279 16.791 0.009
0.6052421789440814 16.775 0.01
0.6058547657712552 16.78 0.012
0.606944579271385 16.753 0.013
0.6078507684183023 16.79 0.012
0.6079058927793994 16.768 0.013
0.6090667487951578 16.755 0.014
0.6102079015136042 16.772 0.015
0.6120107001838733 16.788 0.011
0.6135972206570841 16.762 0.012
0.6148628839346202 16.777 0.014
0.6188442983102505 16.788 0.011
0.6191993834058849 16.76 0.013
0.6198894867520721 16.758 0.015
0.6212574834380575 16.77 0.011
0.6219325046859012 16.774 0.012
0.6230787246004184 16.775 0.011
0.623503237024579 16.771 0.012
0.6246808513401447 16.759 0.01
0.6249580748894914 16.767 0.012
0.6272610339051425 16.775 0.009
0.6275595281808819 16.758 0.01
0.6277522781695097 16.781 0.013
0.6290841384011401 16.751 0.011
0.6306629811779203 16.779 0.011
0.6306778402772579 16.783 0.012
0.6320849289450052 16.768 0.014
0.6322741512908578 16.771 0.012
0.6323030850949181 16.779 0.011
0.6324437845655666 16.769 0.011
0.6345146692574417 16.787 0.012
0.6345761042753111 16.757 0.013
0.63565742780861 16.747 0.011
0.6360204428374345 16.77 0.011
0.6390518632697422 16.797 0.011
0.6393112509454113 16.772 0.011
0.6405464342369669 16.788 0.011
0.6420776139780173 16.768 0.012
0.6434307303170499 16.778 0.011
0.643694254791626 16.779 0.012
0.6476786977891607 16.792 0.01
0.6483990713782077 16.757 0.013
0.6492840322921438 16.773 0.012
0.6515279318996363 16.779 0.011
0.6517376286838044 16.777 0.011
0.6538532538352229 16.794 0.013
0.6547045190086465 16.79 0.016
0.6554971070299871 16.777 0.011
0.6555063402620362 16.784 0.015
0.6556222002336654 16.772 0.011
0.6564847477429794 16.8 0.013
0.6577095976172131 16.776 0.013
0.6583682654318181 16.761 0.01
0.6595851880992996 16.755 0.013
0.660052045489465 16.776 0.011
0.6601331227907394 16.752 0.011
0.6626852660838267 16.776 0.013
0.6646071338523143 16.786 0.011
0.6650320445141915 16.765 0.012
0.6663247476608376 16.774 0.013
0.6684318974639609 16.78 0.012
0.6700464359619218 16.785 0.013
0.6733725867734393 16.779 0.018
0.6769618532912318 16.802 0.011
0.6804666793873366 16.797 0.014
0.6833118914769329 16.775 0.011
0.685878754496116 16.783 0.012
0.6878508334229991 16.781 0.012
0.6905258083470471 16.777 0.01
0.6908304752682852 16.807 0.011
0.691579263758058 16.779 0.012
0.6930713741276122 16.785 0.011
0.6948484282379468 16.782 0.01
0.6974209264781166 16.783 0.014
0.6982500092362898 16.779 0.013
0.6988010973045675 16.792 0.017
0.7006633655146288 16.787 0.011
0.7009678532945145 16.806 0.011
0.7023217327823659 16.791 0.01
0.7057039408919081 16.801 0.013
0.7061910483575957 16.812 0.016
0.7064493212292291 16.797 0.011
0.7087189720250535 16.779 0.011
0.7095856709511281 16.818 0.012
0.7111797537208986 16.798 0.011
0.7123842486475951 16.815 0.012
0.7161479965384387 16.794 0.014
0.7167649497901039 16.799 0.011
0.7196054358091715 16.79 0.013
0.7200555641384199 16.803 0.011
0.721075157922769 16.804 0.014
0.722102336613716 16.816 0.015
0.7221504667045338 16.805 0.013
0.7224063068533724 16.774 0.012
0.7242245260213167 16.793 0.014
0.726199648189322 16.779 0.011
0.7262466554852836 16.81 0.011
0.7285191543987821 16.792 0.011
0.7319707301849121 16.789 0.012
0.7327134893039329 16.793 0.015
0.733620432245516 16.818 0.011
0.7337744711453524 16.818 0.013
0.7367084581173913 16.801 0.014
0.7409970438684468 16.811 0.01
0.7425549702993521 16.825 0.013
0.7427041597375137 16.811 0.013
0.7428269422471203 16.815 0.01
0.7438898458981384 16.785 0.011
0.744263733131902 16.814 0.011
0.7450903831677351 16.805 0.012
0.7456670805127033 16.794 0.009
0.7457707026014759 16.785 0.011
0.7483952646166472 16.81 0.014
0.7498469358483817 16.798 0.015
0.750102753387182 16.807 0.012
0.7501911288554766 16.831 0.016
0.7518645608765837 16.816 0.011
0.7523069543949532 16.801 0.013
0.7536237352551325 16.808 0.011
0.7539591117879354 16.811 0.016
0.7544328864523777 16.81 0.009
0.7565116213550027 16.813 0.011
0.7575991561261617 16.8 0.011
0.7580334618173765 16.812 0.015
0.7611718859793655 16.805 0.01
0.7620254246176046 16.819 0.016
0.766884094336092 16.788 0.011
0.7674733693247617 16.804 0.016
0.7684792706618282 16.803 0.016
0.7693574550389712 16.798 0.009
0.7700712604705586 16.772 0.013
0.7741960631765323 16.817 0.016
0.7766202717762098 16.799 0.014
0.7780907305268556 16.778 0.013
0.7788054981328969 16.779 0.014
0.7796769046099143 16.808 0.011
0.7803098331287401 16.8 0.017
0.7811898888303404 16.799 0.016
0.7834285128628835 16.738 0.012
0.7837828574192827 16.787 0.01
0.7848214550940611 16.792 0.012
0.788398689382575 16.805 0.017
0.7887528481705885 16.806 0.014
0.7896906519899858 16.796 0.012
0.7909151355902395 16.779 0.012
0.7932703468759428 16.812 0.015
0.7948342960494301 16.807 0.011
0.7983950149209704 16.79 0.017
0.7986077336991002 16.788 0.01
0.799560778875275 16.785 0.014
0.8041371512199476 16.787 0.012
0.8053732196890451 16.775 0.013
0.8054230910847764 16.764 0.011
0.8077222224628713 16.778 0.014
0.810115697664969 16.783 0.013
0.8117810007279331 16.786 0.009
0.812710919834899 16.796 0.012
0.8154669786881641 16.772 0.012
0.8169464529378274 16.782 0.015
0.8174745808232728 16.765 0.012
0.818041678661757 16.802 0.012
0.8181078623601934 16.751 0.012
0.819787520238151 16.782 0.015
0.8201448641796105 16.784 0.012
0.8205577638605064 16.755 0.012
0.8210375612666212 16.757 0.01
0.8223188454294359 16.769 0.014
0.8225442718721752 16.762 0.015
0.8238654470305846 16.777 0.013
0.8239321973919687 16.789 0.012
0.8245326233341075 16.777 0.011
0.8269417738083575 16.781 0.015
0.8281316684997364 16.781 0.014
0.8298248024548229 16.774 0.012
0.8311944753418175 16.765 0.01
0.8317115438903784 16.779 0.012
0.8325317902908864 16.788 0.013
0.8335638396911236 16.774 0.014
0.8344400956307254 16.774 0.013
0.8377709512660658 16.78 0.012
0.8385808576213094 16.763 0.016
0.8401416056590278 16.785 0.01
0.8411256842264265 16.764 0.014
0.8424413966777138 16.772 0.01
0.8465401482003472 16.773 0.01
0.8470376660807233 16.774 0.011
0.8494043760729255 16.751 0.011
0.8496936437436489 16.781 0.016
0.8501781685836249 16.754 0.013
0.8522138033631563 16.77 0.012
0.852403013816911 16.787 0.013
0.8527442193321804 16.815 0.017
0.8542765869719915 16.777 0.011
0.8544738706341377 16.783 0.011
0.855726747888184 16.766 0.011
0.8572069919150636 16.777 0.014
0.8572173305965407 16.787 0.016
0.8581882356202186 16.773 0.011
0.85829281189217 16.786 0.016
0.8600324223471034 16.774 0.012
0.8631039129172677 16.776 0.012
0.8633636682297947 16.771 0.011
0.8634424839588064 16.771 0.012
0.8634708577283163 16.775 0.009
0.8680128216683443 16.756 0.009
0.8692459040089489 16.794 0.012
0.8699455696328187 16.766 0.016
0.8722020681307185 16.777 0.011
0.8735935571594382 16.776 0.01
0.8753169972237629 16.773 0.011
0.8772949263793635 16.761 0.011
0.877891906939567 16.801 0.009
0.8787306369627004 16.746 0.013
0.879681026417984 16.761 0.015
0.8819499154278674 16.763 0.017
0.883517799648871 16.781 0.012
0.8842144725158505 16.771 0.011
0.8863867110972024 16.78 0.013
0.8879932136160278 16.77 0.012
0.8885280835352205 16.771 0.017
0.8951911287076655 16.782 0.012
0.8965347755593029 16.784 0.012
0.8978504667638845 16.772 0.011
0.8989761592169998 16.782 0.01
0.9020707546092126 16.778 0.012
0.9032954120862087 16.75 0.009
0.9074130055141723 16.768 0.012
0.9075332412649004 16.776 0.011
0.9076270979612673 16.765 0.013
0.9091020319092422 16.768 0.011
0.9105588114675811 16.763 0.011
0.9109791804658016 16.771 0.012
0.9113305110190595 16.754 0.011
0.9138601161521365 16.775 0.012
0.9151977921096659 16.771 0.011
0.9156270120847694 16.758 0.011
0.9212586899184316 16.759 0.015
0.9213298240488257 16.757 0.012
0.9213424295680852 16.76 0.01
0.9249911363872343 16.774 0.014
0.925737643420689 16.777 0.013
0.9260254526243443 16.768 0.012
0.9271573323421762 16.752 0.01
0.9289958705917343 16.751 0.011
0.932053821343743 16.755 0.013
0.9333369475934887 16.753 0.011
0.9339386475967331 16.766 0.011
0.93533652564156 16.778 0.011
0.9374837190707694 16.745 0.011
0.9509325626859209 16.736 0.013
0.9513749335942521 16.775 0.012
0.9517953039553504 16.778 0.013
0.9518635739859747 16.765 0.016
0.9524976106808936 16.776 0.013
0.9527669362619235 16.758 0.014
0.9559661584107744 16.755 0.012
0.9566594576281204 16.765 0.011
0.9573805797481327 16.775 0.011
0.957706538642924 16.771 0.012
0.9583249597162649 16.734 0.011
0.9585534798852677 16.759 0.012
0.9614592669636295 16.772 0.014
0.963625443035653 16.757 0.01
0.9643525878973378 16.773 0.012
0.9661074927316804 16.757 0.011
0.9663186785842299 16.769 0.012
0.9686936927737406 16.788 0.01
0.9694059360417668 16.755 0.012
0.9705348428869911 16.759 0.011
0.9705886360738987 16.782 0.013
0.9711267656057316 16.762 0.011
0.9714912550846293 16.771 0.018
0.972647836291344 16.747 0.017
0.9751828762573496 16.744 0.012
0.9770423096047125 16.77 0.01
0.9781168911040368 16.768 0.014
0.9801115134546308 16.742 0.008
0.9802429956744163 16.758 0.014
0.9803705613676357 16.764 0.012
0.9805025757468684 16.787 0.011
0.9843034209029611 16.777 0.013
0.9857578991218361 16.788 0.01
0.9880309249301718 16.763 0.011
0.9901170642342549 16.741 0.011
0.9908065849358536 16.758 0.01
0.9913341580522683 16.726 0.011
0.9929898616085211 16.745 0.012
0.9941964654776712 16.758 0.011
0.9943768541925238 16.752 0.013
0.9956652041696543 16.766 0.013
0.996723395006029 16.741 0.017
0.9986979624045489 16.787 0.011
