0.0037846143991373538 17.336 0.018
0.004627758200513199 17.375 0.014
0.005260043125872471 17.378 0.018
0.00553172820718828 17.344 0.016
0.0065114346612062945 17.359 0.017
0.008268941423466458 17.374 0.018
0.00990843789304563 17.333 0.016
0.013350523921872082 17.383 0.019
0.015708530469055404 17.361 0.019
0.015868964942001185 17.398 0.028
0.017928642467722966 17.338 0.02
0.018303544773516478 17.373 0.018
0.02129466056385354 17.353 0.02
0.02286875756999507 17.365 0.017
0.023511833977181595 17.353 0.019
0.02480663313281184 17.372 0.02
0.02547439761337955 17.381 0.012
0.025992824108016066 17.369 0.014
0.026209805457256152 17.328 0.016
0.02734889367411597 17.343 0.018
0.02822424768419296 17.365 0.027
0.031359068150322855 17.35 0.016
0.032125755060405936 17.356 0.017
0.032335600285477994 17.351 0.019
0.03270936737089869 17.396 0.022
0.03324411038965991 17.371 0.018
0.034431914673859865 17.34 0.019
0.03453696252563532 17.355 0.018
0.0355501410922443 17.357 0.018
0.035743847329740674 17.386 0.02
0.036259509828141745 17.379 0.023
0.03925689469633653 17.38 0.021
0.03939695725466663 17.36 0.02
0.0403833681461947 17.343 0.016
0.041401232692805934 17.346 0.017
0.04223834904905743 17.413 0.019
0.042925625738917006 17.414 0.021
0.04350168865175874 17.388 0.018
0.04546112436946714 17.353 0.027
0.04623761637276402 17.421 0.023
0.048407959594214844 17.34 0.021
0.04987785665844058 17.369 0.018
0.05077745820653945 17.377 0.027
0.051834414214226854 17.355 0.023
0.05357424824160262 17.369 0.019
0.05503626291920227 17.35 0.016
0.056617526984382494 17.351 0.019
0.05797214826225172 17.394 0.017
0.058321505015555886 17.355 0.019
0.059549924939346965 17.35 0.017
0.06030085002612395 17.337 0.02
0.06044305850718956 17.355 0.018
0.060731971394943685 17.336 0.016
0.06204445580306128 17.357 0.018
0.062098412550767534 17.407 0.025
0.06285549621998143 17.383 0.019
0.06513021397313423 17.364 0.019
0.06767596485178728 17.357 0.021
0.06881222130732567 17.366 0.018
0.0738523645704845 17.415 0.022
0.07510860487900572 17.381 0.022
0.07530595467869716 17.331 0.014
0.07588696139282547 17.33 0.019
0.08166769203489821 17.345 0.016
0.08606862271949467 17.333 0.021
0.08760798125558722 17.349 0.014
0.08923704571270719 17.357 0.013
0.0917533231163361 17.38 0.019
0.09316411777967915 17.345 0.022
0.09617264186363172 17.353 0.018
0.09748316968216386 17.365 0.025
0.0997305937657984 17.364 0.019
0.10015581660036332 17.361 0.014
0.10055422535879188 17.328 0.02
0.10404949978646982 17.374 0.021
0.1050614193986803 17.353 0.019
0.10601601566031604 17.382 0.018
0.10611421614180472 17.352 0.017
0.10758234667264333 17.354 0.018
0.10781425445452442 17.32 0.018
0.10788798345947725 17.409 0.023
0.10984093205888712 17.369 0.021
0.11224292524093471 17.417 0.02
0.1122595968420228 17.359 0.021
0.1122624403988084 17.344 0.022
0.11509883019516565 17.358 0.018
0.11720608194764282 17.417 0.023
0.1172296348013333 17.39 0.021
0.118602516674855 17.347 0.02
0.11873244632715796 17.365 0.014
0.11876470516290283 17.376 0.019
0.12138624183899083 17.375 0.02
0.12169515092182337 17.396 0.017
0.12317549251611126 17.35 0.022
0.12536687212559627 17.386 0.02
0.1259065103190551 17.417 0.028
0.12858678180191419 17.392 0.019
0.12880658829226377 17.391 0.02
0.12897317912120343 17.343 0.018
0.13131427315784094 17.369 0.019
0.13215252473446526 17.382 0.013
0.1335923670817465 17.383 0.018
0.1338088091974896 17.339 0.017
0.13414738108895108 17.353 0.021
0.1361883825197765 17.367 0.018
0.1391647671098326 17.417 0.021
0.13935973230218224 17.411 0.023
0.13963497993927376 17.391 0.02
0.143152353034111 17.357 0.022
0.14481888312548108 17.417 0.018
0.14493659876461606 17.381 0.019
0.1470696200076418 17.38 0.017
0.14716315443001804 17.33 0.016
0.14743389362456583 17.328 0.018
0.14772735840551832 17.34 0.016
0.14819748872560012 17.365 0.017
0.14848311090099742 17.37 0.017
0.15192795502753143 17.338 0.017
0.15515498169042985 17.373 0.021
0.15802051125092476 17.346 0.019
0.16039944808426299 17.393 0.018
0.1609374751951691 17.381 0.018
0.16235576990629852 17.36 0.016
0.16312138274179233 17.358 0.021
0.16460564931048793 17.372 0.018
0.16649087203632007 17.384 0.028
0.1671428835406914 17.395 0.025
0.1676371081744037 17.367 0.019
0.1687321979607077 17.369 0.02
0.169142249059405 17.433 0.029
0.16990882914615213 17.357 0.016
0.1705883818485745 17.41 0.017
0.17135477260217158 17.345 0.019
0.17264021676919583 17.341 0.018
0.17266811966464957 17.397 0.019
0.17464150204568796 17.355 0.02
0.17486089231533697 17.358 0.018
0.17558640298739192 17.364 0.018
0.17587608127405474 17.365 0.022
0.17693894610738425 17.335 0.02
0.1809790404913656 17.357 0.02
0.18104547129951243 17.358 0.019
0.18436698266486928 17.357 0.023
0.18476227235123588 17.391 0.019
0.18892171409947878 17.377 0.019
0.18974751592850225 17.378 0.017
0.19029944769590657 17.367 0.018
0.1933606305142348 17.408 0.019
0.1967214565561335 17.389 0.019
0.19987479766632532 17.373 0.019
0.20048462884915352 17.408 0.018
0.20131990500885877 17.341 0.013
0.20194462579183892 17.378 0.019
0.20383069642775808 17.427 0.017
0.2049103883132375 17.419 0.018
0.20607781478520337 17.424 0.028
0.20608292655560945 17.46 0.022
0.20695264135656544 17.443 0.018
0.2073285573137582 17.383 0.019
0.20743081980526767 17.373 0.02
0.20831632146564516 17.441 0.025
0.20852726285215795 17.402 0.019
0.2091401276477427 17.364 0.022
0.21000262676261627 17.452 0.025
0.21084517975350536 17.499 0.023
0.21185603191065638 17.429 0.019
0.21452411959216988 17.458 0.018
0.21460726545365105 17.416 0.026
0.2161539494486533 17.472 0.018
0.21666991839583716 17.471 0.018
0.21851529900686728 17.504 0.02
0.2185746562802251 17.453 0.022
0.22145666738515501 17.461 0.018
0.2218132818320555 17.45 0.016
0.2219918479900116 17.408 0.017
0.2255330457819582 17.475 0.022
0.2282619110419546 17.409 0.027
0.22915885541806347 17.452 0.017
0.23152501469076014 17.437 0.016
0.23409826993702154 17.458 0.019
0.23451040876261686 17.451 0.022
0.23533868727690788 17.489 0.02
0.2356613441202171 17.496 0.026
0.23829004346225702 17.436 0.02
0.23832441211106925 17.453 0.017
0.2398195946789201 17.443 0.02
0.24099073987963493 17.433 0.019
0.24331163881788598 17.468 0.018
0.2449679114852188 17.496 0.023
0.24897768448454372 17.437 0.019
0.25 17.525 0.021
0.25147850284179185 17.439 0.025
0.2526786986763909 17.493 0.019
0.2538861986045049 17.468 0.02
0.25450248302286127 17.406 0.017
0.2556436957979713 17.466 0.026
0.2592740941586271 17.443 0.019
0.267308374307504 17.497 0.016
0.2677888298162543 17.46 0.019
0.2690583316721131 17.468 0.018
0.2730390540382359 17.471 0.022
0.2731084086867668 17.499 0.017
0.2731874734004123 17.505 0.02
0.2757624399332599 17.447 0.022
0.2762617741104805 17.452 0.023
0.2774409888052105 17.484 0.02
0.27872443732439933 17.454 0.02
0.2790519429413507 17.503 0.023
0.2793412904661636 17.434 0.025
0.27969608680314195 17.411 0.017
0.2800432121753147 17.427 0.021
0.2807329832430696 17.48 0.022
0.2869837860093867 17.44 0.02
0.2883774132887993 17.441 0.025
0.28960681003263744 17.426 0.016
0.2920278837354999 17.455 0.025
0.29585429999951884 17.43 0.022
0.29630635388139126 17.4 0.019
0.2966161233916864 17.449 0.02
0.2996496243040383 17.415 0.018
0.3009395378549016 17.369 0.016
0.30129109210702154 17.388 0.029
0.3036868869266982 17.403 0.017
0.30543559490524785 17.363 0.017
0.30577250191208805 17.399 0.017
0.3059924152257736 17.36 0.02
0.30706128319116033 17.406 0.02
0.30715023550828846 17.392 0.023
0.3076617593847004 17.44 0.028
0.30902330241815434 17.415 0.019
0.30999484507310626 17.385 0.019
0.31241668417578694 17.397 0.02
0.31241764185779175 17.349 0.017
0.31453994895309734 17.419 0.019
0.3145429943615454 17.362 0.02
0.3161296523321653 17.354 0.02
0.31664095227051803 17.351 0.019
0.31883840867476465 17.362 0.017
0.3203760654942016 17.384 0.018
0.3227529168275396 17.376 0.022
0.3271890088233249 17.353 0.021
0.32747458164885757 17.375 0.016
0.3299326318237945 17.342 0.022
0.3300209233384521 17.392 0.023
0.3303515207644523 17.348 0.021
0.3345783451054558 17.348 0.027
0.33674724003776646 17.313 0.022
0.33808111590997214 17.381 0.019
0.33812869970574866 17.315 0.023
0.3381921212148882 17.343 0.016
0.33887760705783876 17.374 0.017
0.3396620521616569 17.399 0.018
0.34071281275510046 17.355 0.018
0.34208776099058014 17.324 0.02
0.3425949989195942 17.369 0.022
0.34394026225936614 17.394 0.017
0.3448345339966181 17.376 0.027
0.3465443007903559 17.345 0.028
0.3477275288664714 17.414 0.02
0.3499609510395203 17.38 0.018
0.35123014644659634 17.371 0.022
0.35350546457902965 17.379 0.021
0.3546262649374512 17.381 0.016
0.3574062618035896 17.373 0.016
0.35765617530933014 17.382 0.019
0.3580799034539268 17.438 0.031
0.36035959889113656 17.35 0.017
0.36162089054778335 17.355 0.019
0.36374088597767695 17.356 0.016
0.36565368083756766 17.373 0.014
0.3660942551723565 17.352 0.016
0.36652088284381534 17.391 0.021
0.367206086551505 17.339 0.027
0.37032646162288074 17.347 0.02
0.3715513035240292 17.416 0.022
0.373811532430409 17.346 0.014
0.37572933223691507 17.375 0.021
0.3764133182144178 17.364 0.016
0.3784255438040418 17.341 0.018
0.3797273995241994 17.366 0.02
0.38008306808478665 17.365 0.017
0.3835470074764089 17.352 0.018
0.3844937942926663 17.385 0.02
0.38646123173884916 17.371 0.018
0.38763972448509776 17.377 0.022
0.3879381117030789 17.385 0.017
0.38906584633514285 17.336 0.016
0.3892227602591447 17.367 0.025
0.3927948613991248 17.354 0.016
0.39281060185840033 17.34 0.013
0.39318766260430493 17.388 0.02
0.39321727678589014 17.381 0.019
0.39383384556595047 17.402 0.027
0.39509129180896707 17.331 0.02
0.3984232108728065 17.393 0.018
0.39958129710066714 17.34 0.018
0.3996679082629271 17.338 0.018
0.40251913903261993 17.382 0.02
0.4056771049777126 17.381 0.017
0.4069919275916618 17.366 0.017
0.40771198393485975 17.357 0.017
0.4079987450018052 17.362 0.021
0.4104063368899915 17.405 0.02
0.4116196719810432 17.32 0.016
0.41200169789362917 17.391 0.018
0.4120117630345703 17.367 0.017
0.41266018989563236 17.358 0.021
0.41431623862399647 17.414 0.017
0.41732493729659836 17.387 0.019
0.41996616666892805 17.351 0.022
0.42130278222339257 17.34 0.019
0.42358739714791227 17.325 0.017
0.4263898507056183 17.343 0.021
0.42647783282245655 17.366 0.021
0.42948068158784736 17.351 0.025
0.4318232202422223 17.362 0.02
0.4319070607884896 17.375 0.017
0.4347986559964738 17.395 0.018
0.43670566871423944 17.342 0.018
0.4373142357658253 17.346 0.017
0.4375551854677724 17.346 0.023
0.43868119996750465 17.42 0.027
0.4391983962134418 17.296 0.023
0.4396155488320801 17.398 0.016
0.4413463461150968 17.357 0.02
0.44347051994782305 17.353 0.018
0.44481378763975954 17.377 0.026
0.44557811497998046 17.356 0.022
0.44616865422131013 17.318 0.022
0.44643947592612676 17.363 0.022
0.44647534666682986 17.35 0.019
0.44771976781976264 17.368 0.028
0.4502979639187288 17.327 0.021
0.45154291178778294 17.349 0.021
0.45620770558934964 17.352 0.018
0.4562136291601746 17.335 0.014
0.45685679102643917 17.402 0.017
0.4573302732032971 17.377 0.021
0.4577968888729629 17.361 0.017
0.4595708094143447 17.38 0.018
0.4605919433083727 17.368 0.018
0.46154041709678495 17.345 0.017
0.46184770992203994 17.373 0.021
0.46321769521773604 17.375 0.023
0.46357858676628894 17.342 0.023
0.46465039626514226 17.329 0.019
0.46640947288460666 17.383 0.026
0.46877365125487813 17.37 0.022
0.46891322320698237 17.365 0.014
0.4706548510303037 17.373 0.021
0.47213920967760714 17.398 0.02
0.4739205654509533 17.345 0.019
0.47698886008038244 17.357 0.017
0.47754268067137673 17.346 0.021
0.47782375685028455 17.363 0.013
0.4806891088728662 17.35 0.02
0.48360596304428327 17.382 0.02
0.4845512161127772 17.345 0.019
0.4860867026959568 17.366 0.022
0.48825986811016264 17.352 0.017
0.48886292486349703 17.381 0.019
0.48925865508499555 17.38 0.017
0.4904583035604446 17.388 0.018
0.4908609923691074 17.351 0.018
0.49248788364070606 17.325 0.018
0.49805419212862034 17.339 0.017
0.4981633086099464 17.36 0.019
0.4984401025126317 17.37 0.019
0.4988892450724052 17.382 0.023
0.4997346659338291 17.364 0.014
0.49980022157023996 17.386 0.014
0.5020631754146052 17.399 0.02
0.5036678509045487 17.354 0.018
0.5044271298461354 17.402 0.022
0.50518046090383 17.375 0.016
0.5055761763801456 17.363 0.019
0.5072056511612573 17.347 0.014
0.5082520491941978 17.415 0.027
0.5094760129741189 17.372 0.034
0.5109719882038917 17.353 0.021
0.5155996648281871 17.364 0.019
0.5156873043865744 17.337 0.019
0.515959463163199 17.397 0.023
0.5188001027984228 17.357 0.021
0.5190432109411631 17.354 0.023
0.5195264031831357 17.369 0.017
0.5197730259765194 17.341 0.017
0.5218521877259263 17.36 0.017
0.523830728278881 17.351 0.016
0.5239445867096038 17.318 0.02
0.5258142796756147 17.377 0.017
0.5275955868210076 17.401 0.017
0.5283718894906997 17.366 0.018
0.5291272869098975 17.356 0.02
0.5315021425963096 17.347 0.019
0.5330884911693374 17.364 0.022
0.5337075977790846 17.327 0.016
0.5351137911989099 17.33 0.023
0.5381485776065347 17.357 0.019
0.540502537611701 17.399 0.017
0.541181830266396 17.357 0.016
0.5425185651620268 17.411 0.021
0.5428226925146191 17.349 0.022
0.5444351560854557 17.383 0.02
0.5465148113908072 17.371 0.017
0.5466410613726111 17.347 0.018
0.5475371512193306 17.318 0.027
0.5542404668181007 17.338 0.014
0.5543940075199316 17.37 0.016
0.5544839882331871 17.335 0.016
0.5551440817480398 17.362 0.02
0.5552571747798538 17.357 0.019
0.5568076091599323 17.362 0.017
0.5577762132304542 17.306 0.018
0.5599360589003481 17.354 0.019
0.5624468628375325 17.333 0.02
0.5625034708596104 17.411 0.023
0.5626132510919888 17.365 0.018
0.5642616995696699 17.337 0.023
0.5672780301501916 17.37 0.026
0.5721119548379647 17.36 0.026
0.5750237701799961 17.369 0.019
0.5780710129552062 17.339 0.014
0.5808049840870808 17.381 0.017
0.5808933242287821 17.337 0.017
0.5811994840601074 17.357 0.021
0.5826538520859685 17.318 0.016
0.5852224847239995 17.345 0.018
0.5878104306689238 17.358 0.017
0.5878375777342626 17.352 0.018
0.592906239016429 17.385 0.021
0.5952795852681447 17.356 0.023
0.5989839977178235 17.37 0.021
0.6007867331591115 17.394 0.018
0.6011117959733383 17.398 0.018
0.6022226939840039 17.38 0.019
0.6037374867378276 17.345 0.025
0.6038417176141593 17.345 0.017
0.6042733377144032 17.39 0.017
0.6043031662652538 17.365 0.023
0.604422877552679 17.345 0.017
0.605272878292908 17.376 0.02
0.6060844977246234 17.355 0.017
0.60715296716171 17.353 0.017
0.6078843741415767 17.363 0.017
0.6107711271965854 17.351 0.028
0.6125919295063795 17.322 0.022
0.6136654259776151 17.368 0.018
0.6143980359429406 17.337 0.019
0.6154120462297215 17.409 0.022
0.6154750397222415 17.333 0.027
0.616225619301531 17.343 0.02
0.6165042187958534 17.31 0.022
0.6167443058438948 17.415 0.02
0.617000788977748 17.359 0.017
0.6182076030677308 17.334 0.025
0.6189001911534433 17.359 0.018
0.6208610317080456 17.371 0.017
0.620973527309161 17.375 0.02
0.6222723464670707 17.357 0.019
0.6241908291626714 17.334 0.02
0.6248705594039166 17.395 0.02
0.6282836773089002 17.386 0.018
0.6313152893972074 17.375 0.02
0.6339775919886961 17.353 0.022
0.6352587170472361 17.337 0.019
0.6377446023520861 17.35 0.016
0.6393948807340166 17.372 0.014
0.6420141278322262 17.337 0.019
0.6430382223984452 17.364 0.022
0.6475110573574057 17.332 0.02
0.6498376102495058 17.361 0.016
0.6515915169020445 17.294 0.02
0.6516146712274349 17.363 0.023
0.6527979206689452 17.356 0.017
0.6568440211331108 17.364 0.018
0.6570558472608354 17.413 0.014
0.6588197026617308 17.406 0.039
0.6616433944586788 17.374 0.017
0.6634654432050411 17.393 0.027
0.6684384970840256 17.335 0.018
0.669254824582822 17.401 0.016
0.6701556291163797 17.341 0.02
0.6707427708220166 17.351 0.017
0.6709765917414643 17.354 0.023
0.6710759274433258 17.387 0.014
0.6723848972010273 17.357 0.016
0.672797825739508 17.34 0.013
0.6742570550563869 17.349 0.018
0.6747888985487407 17.329 0.018
0.6767259262023799 17.354 0.018
0.6787153798049985 17.367 0.022
0.6802610722356803 17.341 0.018
0.6810297429974526 17.362 0.023
0.6826137681096043 17.329 0.018
0.6826747011377847 17.365 0.019
0.6840228514865885 17.311 0.026
0.6854258610173929 17.377 0.018
0.6856856746439917 17.361 0.014
0.6868883567331068 17.374 0.019
0.688276299125846 17.341 0.018
0.689786203325184 17.333 0.016
0.6900241348812415 17.388 0.018
0.6946702953177919 17.359 0.014
0.6967189434003558 17.36 0.018
0.6978036468526625 17.328 0.02
0.698246865841611 17.346 0.018
0.7039105880473926 17.362 0.018
0.7047805385827814 17.364 0.018
0.7069589048969647 17.388 0.018
0.7090283565817117 17.404 0.018
0.7091004236503977 17.365 0.016
0.7104361301499011 17.36 0.019
0.7123994864487031 17.392 0.02
0.7124710452167164 17.387 0.021
0.7134760717799509 17.386 0.019
0.7169159772806779 17.378 0.016
0.7180073601334698 17.382 0.018
0.7210940523941645 17.395 0.019
0.7213324008944255 17.367 0.018
0.7217118676112477 17.366 0.02
0.7257267958327702 17.378 0.021
0.7271300654119841 17.372 0.019
0.7271358939547099 17.375 0.019
0.7272558534941709 17.388 0.017
0.7273247609878126 17.356 0.018
0.7295401988021695 17.391 0.02
0.7314938884874209 17.448 0.022
0.7327960042548511 17.417 0.017
0.7329840079119094 17.349 0.021
0.7349673876692577 17.428 0.02
0.7369791609278309 17.371 0.016
0.7380032798073444 17.388 0.022
0.7407223583895757 17.381 0.03
0.7412040875981347 17.369 0.016
0.7435897060590833 17.392 0.018
0.7440027753036702 17.396 0.02
0.7464162053042855 17.395 0.019
0.7518640054904608 17.376 0.028
0.7572276505566151 17.389 0.018
0.7587571067458612 17.401 0.02
0.7595753444329603 17.429 0.021
0.7596882599268611 17.45 0.031
0.76089155713953 17.393 0.018
0.7622661893574332 17.413 0.017
0.76413353749831 17.425 0.021
0.76473015058491 17.424 0.017
0.76844996388445 17.37 0.022
0.7697107229269022 17.384 0.021
0.7751986370726627 17.38 0.019
0.7755204548534493 17.463 0.027
0.7775654262140961 17.444 0.021
0.778790206969461 17.327 0.016
0.779604823182126 17.404 0.02
0.7800486396022279 17.384 0.019
0.7835282951391491 17.382 0.018
0.7844513427173752 17.345 0.02
0.7846267220384107 17.371 0.026
0.7867551324688975 17.395 0.019
0.7889537484070388 17.37 0.023
0.7905061666383517 17.39 0.016
0.7949742692176187 17.343 0.017
0.7951618382376182 17.377 0.013
0.7992400811444895 17.368 0.014
0.7999046831018859 17.34 0.02
0.8002021737825089 17.402 0.017
0.8008332527738276 17.383 0.019
0.8018705963690991 17.356 0.02
0.8026590762192427 17.366 0.016
0.8028038063421263 17.343 0.025
0.8033862127185785 17.373 0.018
0.8038827151344776 17.347 0.023
0.8041021171998182 17.339 0.022
0.8044122999826868 17.394 0.019
0.8046703470761258 17.427 0.022
0.8055913644016073 17.418 0.02
0.8067449510338065 17.32 0.022
0.8069189063794511 17.353 0.019
0.8075998248614269 17.377 0.019
0.8079206635952687 17.343 0.021
0.8099170780119493 17.362 0.016
0.8114644235315609 17.371 0.021
0.8129039476348225 17.345 0.019
0.8133694185153217 17.339 0.018
0.8139768680402995 17.347 0.027
0.814390975250717 17.368 0.019
0.8159057193765875 17.395 0.018
0.8160969246159766 17.337 0.018
0.816951912609511 17.409 0.019
0.8181687093306209 17.361 0.02
0.818946863992096 17.357 0.016
0.8209513847332346 17.329 0.019
0.821321214326872 17.388 0.019
0.8216281763893676 17.362 0.019
0.82286071134331 17.358 0.021
0.8269548575024146 17.353 0.017
0.8307668217516948 17.362 0.021
0.8333295308193556 17.334 0.02
0.8334955278892267 17.337 0.014
0.8337445596025646 17.337 0.019
0.8345957021833783 17.357 0.019
0.8367127376636745 17.362 0.027
0.8369257019603538 17.357 0.016
0.8388336789798814 17.333 0.02
0.8395239797137037 17.367 0.018
0.8412044999195132 17.339 0.019
0.84191799843029 17.334 0.02
0.8422756265290445 17.363 0.017
0.8429156501852049 17.349 0.017
0.8446876605389662 17.361 0.02
0.8451346637953066 17.39 0.025
0.8460605910399863 17.402 0.02
0.8467404840744166 17.328 0.019
0.8471511259831459 17.346 0.017
0.8476091277498199 17.364 0.02
0.8494705523189623 17.386 0.021
0.8496047620214995 17.354 0.02
0.8496313330210796 17.323 0.023
0.8496665672728341 17.335 0.021
0.8510621172595165 17.346 0.021
0.8514746200080481 17.318 0.019
0.852283454078588 17.352 0.022
0.8559879858698878 17.364 0.018
0.8601479720277894 17.356 0.016
0.8607146526892393 17.369 0.026
0.8610267604049113 17.363 0.02
0.8628256386368776 17.381 0.016
0.8628287982116944 17.352 0.019
0.8631319612625248 17.342 0.013
0.8659532227748059 17.428 0.026
0.8663284772073894 17.369 0.017
0.8696002802184921 17.332 0.025
0.8711096451838785 17.353 0.022
0.8713799711063075 17.356 0.019
0.8734372330923179 17.309 0.013
0.8741405596383629 17.331 0.018
0.8759627365739107 17.37 0.022
0.8776694638568188 17.368 0.02
0.8790776042965263 17.351 0.013
0.8857770531171809 17.42 0.021
0.8870342002542202 17.35 0.021
0.8899607424036731 17.368 0.022
0.8905459982338471 17.372 0.019
0.8917086216115422 17.356 0.019
0.8917568323267915 17.346 0.016
0.8941039965379787 17.406 0.023
0.9010856788454475 17.348 0.018
0.9012527043109912 17.368 0.012
0.9014051584204026 17.297 0.02
0.9023418123306328 17.371 0.018
0.9025427158385355 17.329 0.025
0.9039228988576724 17.377 0.02
0.9045206965142825 17.38 0.018
0.9064878518252044 17.339 0.019
0.9073411189638136 17.395 0.02
0.9096208512328303 17.338 0.022
0.9113286253277693 17.396 0.027
0.9141157848589501 17.37 0.018
0.9144165176248862 17.385 0.018
0.9178069851113833 17.36 0.019
0.9181103838959643 17.358 0.02
0.9201973794047262 17.389 0.017
0.9220161860671396 17.373 0.019
0.9220593336390266 17.369 0.017
0.9232583117436661 17.324 0.017
0.925419263144704 17.359 0.018
0.9270437845548258 17.376 0.019
0.9279017722788012 17.376 0.018
0.9317719173559453 17.357 0.017
0.931887049487159 17.374 0.021
0.9349596632250723 17.385 0.013
0.9359422139582421 17.354 0.018
0.9364870803146914 17.325 0.017
0.939387379278287 17.364 0.022
0.94140828948548 17.37 0.02
0.9423371192051491 17.37 0.025
0.9453214392024165 17.358 0.018
0.9454031581394702 17.305 0.019
0.9459600241389126 17.327 0.018
0.948665419054123 17.344 0.016
0.9489640272622637 17.372 0.016
0.9511818739965747 17.314 0.022
0.9516575971242673 17.345 0.02
0.9532084720394778 17.323 0.02
0.9540682992374059 17.368 0.013
0.9546260595470812 17.366 0.017
0.9557615388080194 17.336 0.022
0.9569278838625905 17.38 0.016
0.9569449657869882 17.323 0.02
0.9569806560411962 17.324 0.02
0.9576273259376649 17.407 0.019
0.9580722871460239 17.354 0.018
0.9607454814226912 17.304 0.022
0.9609613356769842 17.349 0.019
0.963959176546723 17.381 0.017
0.9659585420658914 17.397 0.02
0.9664561406443681 17.32 0.018
0.9664635515619011 17.339 0.017
0.967420614940238 17.389 0.02
0.9676834835440786 17.328 0.014
0.9697858526401433 17.389 0.013
0.9702157496590189 17.322 0.018
0.9720413395966716 17.371 0.017
0.9726534360438563 17.361 0.014
0.9767430177917049 17.339 0.021
0.9767578830787897 17.335 0.02
0.9779709515014474 17.454 0.018
0.9805644755101639 17.443 0.028
0.9824671470323665 17.414 0.025
0.9828445039356666 17.34 0.021
0.9832563488307642 17.399 0.025
0.9843884489714583 17.358 0.02
0.9855449985025189 17.347 0.018
0.9856444999466021 17.372 0.019
0.9870592343283988 17.395 0.017
0.9885248027148918 17.317 0.017
0.9906977876416931 17.356 0.017
0.9925197899879095 17.384 0.017
0.9939174306500718 17.392 0.02
0.9991332375957427 17.357 0.018
0.9999530767954639 17.351 0.016
0.9999986362363416 17.351 0.019
