0.0013937124571157256 19.424 0.095
0.0032250687107762133 19.619 0.087
0.003295388898436613 19.728 0.102
0.009238660732762582 19.773 0.122
0.010795508222543049 19.429 0.109
0.011591319255217059 19.364 0.105
0.016826497205215674 19.723 0.252
0.01760663904684634 19.559 0.093
0.018086610747104714 19.442 0.109
0.01884682417738759 19.789 0.247
0.019639807463761372 19.606 0.067
0.01989488482172419 19.492 0.107
0.02491294971099478 19.49 0.182
0.028639350924891005 19.476 0.06
0.030724502534098974 19.385 0.105
0.03121518498585374 19.52 0.212
0.03271474547642583 19.554 0.135
0.03310874789610807 19.477 0.102
0.034202131849497164 19.443 0.141
0.037189338964765284 19.482 0.078
0.04032386643649488 19.511 0.102
0.04071796368998548 19.376 0.074
0.044480431109377605 19.441 0.114
0.04495587843359772 19.551 0.084
0.046600719269406454 19.554 0.113
0.048102571719027765 19.58 0.061
0.048140278502387446 19.414 0.128
0.048759480525859544 19.772 0.153
0.051695345450013974 19.532 0.093
0.05193655687446608 19.392 0.136
0.05378124327421574 19.394 0.121
0.05434364907591771 19.675 0.118
0.054904138102074285 19.561 0.093
0.05544862776378068 19.517 0.102
0.056718217140826255 19.573 0.089
0.05913478725352661 19.472 0.093
0.06023247892733252 19.465 0.068
0.06085442282898157 19.401 0.102
0.0613169788846335 19.534 0.097
0.06240731013213008 19.7 0.109
0.06370986733702466 19.532 0.103
0.0682967338987055 19.411 0.075
0.06912667360154501 19.426 0.07
0.06946836539322021 19.619 0.144
0.06967490613226346 19.44 0.171
0.07085816557713542 19.622 0.089
0.07535699934885542 19.501 0.092
0.07638094775944637 19.52 0.17
0.07961893423038191 19.515 0.083
0.08069616378156752 19.449 0.104
0.08173508706806842 19.541 0.102
0.08498275772592478 19.522 0.085
0.08856643288117994 19.711 0.135
0.08899528112203825 19.406 0.104
0.08962499592530548 19.659 0.08
0.0903067306269918 19.531 0.109
0.0904821877595623 19.791 0.138
0.09118743936562623 19.412 0.095
0.09141242646592218 19.62 0.1
0.09186316556531438 19.532 0.129
0.09589701496872749 19.528 0.099
0.09614194086026373 19.436 0.108
0.09993597228344697 19.822 0.181
0.10223545006510903 19.146 0.104
0.1030605912703777 19.656 0.08
0.1055994606109607 19.31 0.103
0.10572765897501313 19.519 0.14
0.10582112295958268 19.627 0.101
0.10754808225527768 19.505 0.088
0.1092926032674768 19.481 0.104
0.1115047764522501 19.55 0.09
0.11241216209111826 19.524 0.086
0.11409316953245252 19.68 0.147
0.11565540669710117 19.465 0.145
0.11746816844157593 19.495 0.061
0.11758295635758031 19.482 0.112
0.11819095959009474 19.685 0.17
0.11938418290964137 19.582 0.107
0.11942724058599197 19.421 0.084
0.11966175891132025 19.486 0.106
0.12084680151582461 19.502 0.087
0.12244097163966217 19.416 0.071
0.12352518709542437 19.741 0.148
0.12467414688626377 19.425 0.112
0.12545242941837387 19.673 0.138
0.1261175853722989 19.625 0.1
0.12632654611991256 19.65 0.094
0.12725879502147563 19.429 0.138
0.13020918764010503 19.616 0.151
0.1306599738255727 19.502 0.1
0.1319072459225481 19.591 0.116
0.13429906213843879 19.363 0.129
0.13585745329623933 19.589 0.101
0.1366875992746941 19.494 0.076
0.13778121583004577 19.625 0.101
0.13839508564450398 19.652 0.104
0.14047247050416445 19.586 0.099
0.14262967356069112 19.649 0.09
0.14449082726639517 19.432 0.111
0.14512745531453675 19.58 0.088
0.1463131036281311 19.449 0.084
0.14808316004399558 19.522 0.092
0.14937476766755253 19.567 0.098
0.14944368403115504 19.697 0.18
0.15156456544445973 19.652 0.112
0.15495188661907378 19.612 0.087
0.15542641882052521 19.561 0.085
0.15647986357362242 19.587 0.12
0.15730863064004552 19.491 0.065
0.1585204117625949 19.646 0.164
0.15901690682062508 19.489 0.105
0.15935690198273278 19.526 0.102
0.15947175982057615 19.543 0.098
0.1601302891072578 19.513 0.088
0.16059922262036253 19.706 0.074
0.1615236507964255 19.702 0.11
0.16440572096666983 19.574 0.167
0.16600298324033247 19.695 0.104
0.1668270196550452 19.363 0.125
0.16790148722986942 19.847 0.198
0.1686141573900386 19.478 0.106
0.16999341846798188 19.513 0.08
0.17127751893167442 19.575 0.106
0.17722374863808454 19.748 0.104
0.17892403933740297 19.382 0.1
0.17915824268328606 19.59 0.095
0.17921563215838887 19.682 0.108
0.1797366049155471 19.942 0.242
0.18000148139230987 19.694 0.083
0.18344560086472939 19.667 0.083
0.1838191639976685 19.681 0.14
0.18478545230163945 19.59 0.085
0.18553261178345792 19.795 0.097
0.18733766839631016 19.961 0.197
0.1896053634427517 20.058 0.178
0.18994059747501524 19.391 0.082
0.18995905421627413 19.878 0.127
0.19025264826655075 19.943 0.179
0.19271426341475717 19.906 0.269
0.19301713740458126 19.813 0.163
0.19442648043616373 19.729 0.064
0.19505758245566085 20.172 0.208
0.19584508679940882 19.639 0.116
0.19616328659861892 19.775 0.095
0.1970940057021835 20.15 0.171
0.1991221056519521 20.018 0.212
0.19949760009234296 19.783 0.196
0.1998075133006978 19.84 0.167
0.2013623962670863 19.998 0.129
0.20249273456101946 19.989 0.138
0.2029246355076566 19.499 0.155
0.2031264767349512 19.681 0.125
0.20671887943456113 20.186 0.185
0.20964349989583297 19.777 0.087
0.21467756622564593 19.89 0.103
0.2156479379520988 19.943 0.176
0.21621029874381748 20.095 0.127
0.21789494865413417 20.007 0.112
0.21955677597514978 20.118 0.18
0.21958093803277734 20.136 0.093
0.22051743718856187 20.048 0.16
0.22227855355652082 20.243 0.155
0.22312785474332486 20.309 0.217
0.2246438271499187 20.167 0.121
0.22570637878266098 19.841 0.128
0.2290986549068066 20.03 0.16
0.22936101927876962 19.658 0.153
0.23252432801791656 19.797 0.104
0.2326074093484749 19.987 0.123
0.2332898058111823 20.064 0.165
0.23436450664968334 20.024 0.131
0.2344241181618827 20.074 0.158
0.23672268289681142 20.115 0.168
0.24099585186110062 19.859 0.162
0.24120811660054642 19.986 0.158
0.24171427716152039 19.671 0.125
0.24238152087468734 20.357 0.322
0.24337581998088353 19.985 0.162
0.24464149899529275 19.707 0.205
0.24605877145631894 20.281 0.216
0.24867904418169928 20.117 0.123
0.2496103468205888 19.748 0.109
0.24985689460595495 19.903 0.154
0.25 20.371 0.279
0.2525336998115222 19.466 0.078
0.2537583223789852 20.083 0.206
0.25668371604308504 19.612 0.108
0.25759682360637726 19.682 0.099
0.26223258951455364 19.667 0.1
0.2648906555533017 19.514 0.095
0.26533333094550926 19.621 0.098
0.26702591858929736 19.463 0.064
0.2705014823195597 19.571 0.078
0.2714310204828507 19.645 0.101
0.2726946816597433 19.592 0.1
0.2735182356011592 19.499 0.099
0.27620959067542117 19.723 0.116
0.27818649724372335 19.573 0.134
0.278810510220751 19.599 0.074
0.28054451703894756 19.6 0.106
0.2819122761403605 19.602 0.076
0.28219987206864516 19.762 0.111
0.282415226881767 19.669 0.109
0.2838304178115436 19.531 0.074
0.2840173312488332 19.784 0.131
0.2861167737988808 19.562 0.099
0.2865417033729045 19.587 0.113
0.2865709816456956 19.617 0.076
0.2897395962677365 19.489 0.093
0.2916311973924621 19.608 0.116
0.2921120288254997 19.53 0.137
0.2925341306533369 19.375 0.115
0.29410312253503434 19.69 0.092
0.2958149297428463 19.564 0.181
0.2961585694499149 19.574 0.076
0.297305385429695 19.519 0.142
0.2978946169413348 19.578 0.123
0.2982946444708432 19.542 0.084
0.30035260622850046 19.7 0.124
0.30385949928472655 19.428 0.08
0.30715655317658275 19.545 0.15
0.3088900262833931 19.73 0.089
0.3125122430429883 19.567 0.079
0.31328133216538845 19.561 0.077
0.31354579882861344 19.676 0.115
0.31464881506917664 19.458 0.101
0.3147840526517598 19.692 0.134
0.3157228520705644 19.455 0.104
0.3157445858154233 19.923 0.159
0.3225527442357361 19.366 0.078
0.32266613870763194 19.641 0.13
0.32809760071637584 19.474 0.069
0.3293930688788578 19.437 0.092
0.33102609002048666 19.653 0.12
0.3357588530165003 19.383 0.106
0.33667903301420665 19.663 0.156
0.33695968455782577 19.457 0.09
0.3383970584899316 19.656 0.079
0.3384469906289951 19.587 0.081
0.3421915972982674 19.481 0.105
0.3426864822566813 19.546 0.076
0.34499037778624597 19.542 0.085
0.34510243005206576 19.554 0.071
0.34826669335791394 19.479 0.109
0.3494304549649314 19.719 0.144
0.34978133186223204 19.517 0.114
0.3508274327970753 19.286 0.1
0.35145256509662204 19.487 0.124
0.35173282069672496 19.475 0.086
0.353646370146123 19.713 0.128
0.35382177953090377 19.527 0.12
0.3550888540653432 19.467 0.066
0.35686491690711364 19.656 0.187
0.35708961327770794 19.6 0.103
0.35896321729870806 19.622 0.136
0.36036984751603995 19.69 0.163
0.36114869697530594 19.525 0.147
0.3629437191297029 19.551 0.068
0.3640561945975378 19.563 0.13
0.36495773856631786 19.729 0.131
0.36688728115223057 19.653 0.117
0.3678981957124279 19.636 0.175
0.36849740978254886 19.372 0.105
0.36862193312350655 19.525 0.162
0.3691296311245651 19.841 0.155
0.3701235813734911 19.533 0.071
0.3703941825124275 19.567 0.072
0.37059499094709736 19.442 0.074
0.37072755723528417 19.798 0.179
0.37644420346759944 19.424 0.213
0.3781743615410278 19.56 0.095
0.37837480102018617 19.281 0.113
0.379443864388179 19.596 0.097
0.3798219435931287 19.512 0.095
0.38760950239367276 19.388 0.109
0.3883824707389181 19.562 0.148
0.3894855735093756 19.509 0.077
0.39006748337681074 19.664 0.122
0.3917455350220962 19.37 0.107
0.3977464420510728 19.81 0.132
0.4002763713438071 19.714 0.114
0.40496401730626985 19.545 0.08
0.4058126463520466 19.333 0.123
0.40646985211651554 19.323 0.079
0.4070791871752135 19.369 0.108
0.40900890282091495 19.547 0.078
0.41058337572110304 19.459 0.071
0.41084107936342207 19.701 0.12
0.41217501920829136 19.596 0.128
0.4126640791042746 19.6 0.087
0.41322837120333133 19.665 0.145
0.4133877687676204 19.435 0.115
0.414692849119092 19.602 0.101
0.41990374526574215 19.563 0.121
0.42174467775464564 19.523 0.106
0.4223030395777414 19.495 0.128
0.4234865052982286 19.301 0.11
0.4257433767371026 19.476 0.105
0.42873942010055544 19.592 0.15
0.4291034769202611 19.571 0.068
0.4291732114967317 19.478 0.073
0.42930778524225843 19.673 0.163
0.4303506991934114 19.514 0.069
0.43097702281340844 19.58 0.132
0.4317272412289981 19.359 0.116
0.4328921221585915 19.562 0.108
0.43291197441993745 19.47 0.111
0.43382805438722016 19.516 0.093
0.4384407547242404 19.548 0.144
0.43960746589948485 19.454 0.08
0.4426369657919622 19.597 0.126
0.4480987077261034 19.428 0.131
0.4501032492514696 19.409 0.095
0.4506922786393943 19.45 0.104
0.4512167263720812 19.509 0.084
0.4537894087412724 19.425 0.117
0.45390351828825715 19.61 0.124
0.45479328408282527 19.602 0.112
0.4559162121266809 19.477 0.081
0.4582391784108495 19.394 0.123
0.4582700785774705 19.447 0.056
0.4584022821380813 19.491 0.089
0.4596161510199863 19.669 0.121
0.46137630725502277 19.488 0.169
0.4621958643037942 19.343 0.088
0.46253143822775655 19.49 0.096
0.46352592492581834 19.497 0.099
0.46379187571500324 19.386 0.11
0.46412579452919545 19.557 0.133
0.47515129205282847 19.507 0.092
0.47713551403728616 19.568 0.094
0.4802425048760597 19.765 0.109
0.480283466489027 19.408 0.083
0.48152096994522253 19.534 0.104
0.48281212831130915 19.456 0.14
0.48292196476802474 19.623 0.092
0.4834069578495246 19.783 0.156
0.4841253111520132 19.438 0.101
0.4842331380753535 19.493 0.112
0.4848175849595009 19.437 0.078
0.48815360961492615 19.561 0.083
0.48952050067953223 19.365 0.12
0.49037399673068194 19.604 0.085
0.4906835306036328 19.698 0.129
0.4927511267242721 19.652 0.115
0.4960682059371493 19.374 0.088
0.49683426103763395 19.476 0.101
0.49802565618762173 19.588 0.102
0.49855832615526197 19.482 0.071
0.498819088731409 19.347 0.079
0.5001534695296641 19.488 0.151
0.5032993176141645 19.479 0.112
0.5045237816537451 19.539 0.131
0.5050766749141644 19.49 0.108
0.5084702683324167 19.238 0.093
0.5111786375416614 19.511 0.084
0.5118190479026907 19.62 0.076
0.5120669212861912 19.532 0.084
0.5121606676965484 19.585 0.134
0.5122377280691808 19.484 0.103
0.516875567866407 19.398 0.079
0.517763835003052 19.446 0.071
0.5188033439006858 19.503 0.095
0.5189090969349763 19.605 0.07
0.5200455780085349 19.337 0.12
0.5202320235044908 19.648 0.13
0.5231983476417668 19.516 0.07
0.5234766968464442 19.451 0.147
0.5278169595708277 19.45 0.067
0.5283133514910787 19.556 0.078
0.5287017268201453 19.402 0.112
0.5295132845175772 19.585 0.078
0.5297968053272939 19.437 0.08
0.532126674476217 19.443 0.094
0.5331953107609024 19.387 0.096
0.534503338604452 19.594 0.111
0.5365606670030729 19.333 0.112
0.5378741820931623 19.453 0.112
0.5387475588077564 19.583 0.121
0.539517406601135 19.553 0.137
0.5411621110831106 19.454 0.092
0.5414975818691801 19.377 0.086
0.5418925471594775 19.59 0.071
0.5433535577418525 19.521 0.104
0.5433968299977323 19.737 0.115
0.5464228999248917 19.633 0.1
0.5479986818153293 19.519 0.097
0.5482501028340607 19.452 0.092
0.5508282780160698 19.523 0.123
0.5525738567326925 19.452 0.11
0.555456106190718 19.533 0.1
0.5562843596438825 19.715 0.096
0.5565238827425674 19.664 0.187
0.5628645813958428 19.624 0.103
0.5652128124521596 19.568 0.109
0.5654206704853664 19.367 0.134
0.5654393536003681 19.523 0.076
0.5677970501118921 19.529 0.112
0.5710619585408949 19.602 0.103
0.573585292306177 19.467 0.081
0.5736215848855863 19.557 0.109
0.578294119618306 19.56 0.086
0.5804356036599643 19.542 0.081
0.5844871096137467 19.413 0.08
0.5855091184129151 19.535 0.087
0.5875128417253563 19.515 0.086
0.5893312388643608 19.467 0.075
0.590455453062475 19.534 0.088
0.5905085922831859 19.527 0.092
0.5927081607769082 19.576 0.08
0.5943993445965816 19.685 0.14
0.5944887646026018 19.567 0.1
0.5950168236643094 19.541 0.085
0.5959445087460153 19.831 0.202
0.5969378532856808 19.469 0.074
0.5977538772312982 19.324 0.089
0.6011362164684328 19.505 0.108
0.6031975251516997 19.473 0.111
0.6045259410438462 19.586 0.128
0.6075927683843361 19.612 0.214
0.6079188976129899 19.402 0.087
0.6080508865939009 19.651 0.178
0.6098186344428314 19.553 0.103
0.60984259022473 19.468 0.148
0.6103285378728742 19.532 0.097
0.615822583797808 19.457 0.099
0.6159248369447141 19.625 0.135
0.6187826087035546 19.533 0.093
0.6188107593497989 19.617 0.115
0.6192638257000453 19.612 0.104
0.6220065949632954 19.615 0.081
0.6224564459278099 19.535 0.085
0.6257544481583182 19.875 0.254
0.6298434407497666 19.573 0.115
0.6307651810234347 19.52 0.117
0.6352698315533871 19.726 0.148
0.6356283229006294 19.712 0.087
0.6366997668334307 19.486 0.08
0.6389864834722516 19.597 0.084
0.6402509068103654 19.764 0.151
0.6443121897090123 19.563 0.089
0.6448240638903826 19.193 0.092
0.6469802819023016 19.543 0.089
0.6471945340009029 19.549 0.161
0.6524735013102827 19.646 0.08
0.6527303535237934 19.77 0.12
0.6528516670451836 19.613 0.085
0.6533128074825072 19.488 0.089
0.6543473483129674 19.537 0.077
0.6554804548111406 19.599 0.077
0.6562351892987408 19.856 0.157
0.6575404157221101 19.644 0.13
0.6590492706842497 19.59 0.232
0.6593063741834158 19.537 0.075
0.660304164873196 19.562 0.118
0.6621794551437574 19.674 0.145
0.6660673915049529 19.49 0.093
0.666365654588958 19.61 0.127
0.6667345285900979 19.602 0.087
0.6669847043125401 19.397 0.127
0.6701669647222275 19.583 0.079
0.6703508088456829 19.682 0.093
0.6704822703432569 19.704 0.117
0.6712713681789069 19.501 0.095
0.6720777598372933 19.798 0.149
0.6742591415595598 19.451 0.105
0.6788711842874591 19.68 0.105
0.6819437750721136 19.829 0.135
0.6853822508460894 19.756 0.16
0.6892495333410125 19.672 0.074
0.6905582700316018 19.441 0.084
0.694741569732571 19.988 0.257
0.695503533106546 19.705 0.168
0.695564832944342 19.615 0.116
0.6966639865700017 19.896 0.184
0.6966689685073675 19.671 0.144
0.696896824873761 19.795 0.111
0.6987364981962401 19.483 0.102
0.6992831399729198 19.634 0.117
0.7001920775838357 19.962 0.229
0.7009359863880036 19.419 0.129
0.7011393982712093 19.767 0.175
0.7037871681857837 19.707 0.078
0.7052595776068529 19.695 0.116
0.7114852204504132 19.667 0.102
0.711710081576939 19.826 0.161
0.7132357644965168 19.61 0.087
0.7146307362854714 19.433 0.108
0.7153884327972264 19.768 0.143
0.7165571749274591 19.504 0.108
0.716646419135941 19.76 0.128
0.7179033172919276 19.645 0.123
0.7190208695309366 20.069 0.144
0.7191340888670652 19.779 0.187
0.719216988833864 19.664 0.078
0.719443080724659 19.692 0.132
0.7226577254268705 19.55 0.098
0.7227941605578962 19.902 0.118
0.7239173114854225 19.645 0.095
0.7239196899741955 19.682 0.163
0.724443768751371 19.724 0.118
0.7250196638888724 19.656 0.102
0.726387107348728 19.774 0.086
0.727497659813082 19.829 0.143
0.7276185178491232 19.714 0.095
0.7326838719850457 19.658 0.127
0.7341464123652486 19.865 0.145
0.7345235536114387 19.889 0.108
0.7345267239870736 19.783 0.113
0.7354902212508705 19.835 0.097
0.7385733739773741 19.386 0.12
0.7394355560529675 19.358 0.104
0.7396022094914088 19.58 0.17
0.7417991350927196 19.794 0.145
0.7419592913279303 19.629 0.139
0.7425875074732744 19.748 0.127
0.7442206566647087 19.535 0.103
0.7443759008844495 19.682 0.096
0.746054471709158 19.655 0.127
0.7475437755194889 19.607 0.088
0.7489812775013434 19.552 0.143
0.751074026952324 19.589 0.094
0.7514280922475791 19.717 0.126
0.7514418017291291 19.587 0.094
0.7519208049926647 19.672 0.099
0.752481458774696 19.843 0.138
0.7536200545954443 19.614 0.218
0.7569707163112298 19.569 0.117
0.757093648236264 19.578 0.105
0.7580738107776597 19.845 0.149
0.7585980155285483 19.342 0.107
0.7605806191092483 19.457 0.11
0.763167917778901 19.554 0.093
0.7635175950518942 19.513 0.09
0.7642771052012449 19.747 0.108
0.7643213915658862 19.472 0.134
0.7651921135939119 19.594 0.128
0.7654092266546968 19.843 0.16
0.7700158769699783 19.643 0.139
0.7700503351517227 19.636 0.092
0.7705398775210597 19.553 0.101
0.7707944211676931 19.834 0.173
0.7721160698869198 19.8 0.286
0.773222664240734 19.832 0.15
0.7798517174931021 19.558 0.104
0.7801099652267567 19.636 0.096
0.7803618271989308 19.563 0.108
0.7829469716775179 19.509 0.129
0.7860830677291233 19.651 0.1
0.7884313749353851 19.966 0.206
0.7895574505189416 19.473 0.102
0.7895835134060007 19.585 0.084
0.7925851139379461 19.641 0.115
0.7944682138921735 19.499 0.097
0.7963545423500591 19.489 0.096
0.798829077168989 19.541 0.065
0.7996518994273174 19.671 0.152
0.8011202316539539 19.709 0.088
0.80125457072171 19.4 0.068
0.8021255274275063 19.729 0.087
0.8041345171789089 19.595 0.122
0.8046032554581757 19.371 0.109
0.8102564165217245 19.594 0.094
0.8130620569403959 19.559 0.115
0.8141521902162481 19.546 0.098
0.8142330495098236 19.393 0.108
0.816575704713614 19.297 0.097
0.8178121054552889 19.7 0.156
0.8178743598597293 19.609 0.094
0.8191096558108484 19.56 0.077
0.8200348260499482 19.485 0.099
0.8201956129063319 19.567 0.08
0.8207435304573778 19.853 0.223
0.8236047854956041 19.893 0.224
0.8240834772695962 19.807 0.088
0.8260779476304378 19.626 0.085
0.8279602376757111 19.604 0.082
0.8281558599733216 19.435 0.082
0.8308824609641761 19.684 0.134
0.8322243018363338 19.664 0.106
0.8327999124722396 19.707 0.129
0.8357273322777132 19.579 0.111
0.8373878340006513 19.412 0.098
0.8375455930629414 19.513 0.081
0.8377982054021231 19.575 0.123
0.8386428956831082 19.654 0.152
0.8409585500412504 19.698 0.12
0.8412392327246607 19.464 0.079
0.842172184245328 19.491 0.114
0.8440593696981296 19.775 0.115
0.8442516734721721 19.563 0.077
0.8482202323732508 19.674 0.12
0.8504729816075383 19.46 0.078
0.8506821936409779 19.506 0.096
0.8547490752280282 19.455 0.109
0.8574656645963046 19.557 0.1
0.8596476997756213 19.439 0.128
0.8619551651145798 19.505 0.099
0.862490428150636 19.465 0.109
0.862569931368057 19.528 0.072
0.8628195297833372 19.624 0.117
0.8641736576290668 19.5 0.113
0.8656590905205235 19.388 0.136
0.8657923490478652 19.397 0.068
0.8681564250929341 19.491 0.084
0.8693482362843952 19.477 0.084
0.8693719573885801 19.497 0.126
0.8696373620105646 19.563 0.109
0.8713204738190825 19.509 0.108
0.8728688948741024 19.497 0.128
0.8758469556656792 19.537 0.079
0.8777607314888201 19.647 0.09
0.8820209247305684 19.651 0.08
0.8838049336097242 19.364 0.142
0.8847578523236734 19.578 0.097
0.8870401228125502 19.654 0.115
0.8877746921351104 19.46 0.068
0.8918955249279179 19.573 0.06
0.8920578083663031 19.445 0.066
0.8942086505733187 19.577 0.121
0.894506447791855 19.389 0.115
0.8975846739710391 19.544 0.142
0.8994797023234469 19.505 0.143
0.8999223160976157 19.444 0.12
0.9018128346059484 19.703 0.117
0.9023487946950581 19.653 0.086
0.9048579136696162 19.438 0.16
0.9058132918361252 19.518 0.11
0.9063698005776928 19.522 0.105
0.9083734062203348 19.717 0.141
0.9092521753476603 19.5 0.093
0.9114440490896527 19.578 0.12
0.9176428025293717 19.496 0.089
0.9178560197593697 19.513 0.064
0.9205528170701882 19.341 0.148
0.9209356331547269 19.406 0.07
0.9218640519954988 19.507 0.097
0.922413150486932 19.621 0.144
0.923054437188739 19.44 0.082
0.9238700139528646 19.428 0.107
0.9243713961144522 19.548 0.132
0.9248419376511947 19.611 0.092
0.9260411389947194 19.648 0.143
0.926646334579118 19.396 0.105
0.928131200543362 19.376 0.076
0.9283411857797432 19.403 0.124
0.929089132334525 19.669 0.096
0.9303571448277239 19.443 0.087
0.9327380176904398 19.711 0.153
0.9345443936734341 19.41 0.077
0.9353043842201032 19.477 0.071
0.9371859342783182 19.525 0.131
0.9392325588153199 19.724 0.092
0.9394493852984169 19.762 0.144
0.9430222866700433 19.4 0.093
0.943653221195973 19.553 0.084
0.9463311208120331 19.462 0.09
0.9463773654719034 19.503 0.068
0.9466115210698831 19.502 0.083
0.9479545013626876 19.588 0.097
0.9489744362725787 19.443 0.15
0.9533120256265875 19.461 0.12
0.9540952097941044 19.583 0.102
0.9552661961355398 19.622 0.151
0.9559063718188554 19.494 0.097
0.956813740849725 19.435 0.134
0.9569566094900779 19.498 0.103
0.9585811792851473 19.527 0.105
0.9606795025126189 19.29 0.095
0.961450927189901 19.493 0.137
0.9617602097771396 19.497 0.11
0.9622100109178291 19.579 0.123
0.9624895431388722 19.49 0.079
0.9628485702733087 19.45 0.083
0.9634597106655747 19.552 0.124
0.9646673280638538 19.346 0.097
0.9661874641948884 19.53 0.095
0.9665384954680576 19.581 0.113
0.9679036864129102 19.23 0.09
0.9687130338674024 19.662 0.13
0.9693176403503685 19.658 0.108
0.9784997521605874 19.578 0.073
0.9789833476460217 19.685 0.162
0.9793836291989919 19.488 0.166
0.9812366575795295 19.503 0.116
0.9814668945107314 19.723 0.157
0.9818271274975814 19.541 0.101
0.9853559197164259 19.536 0.111
0.9854100155798733 19.411 0.059
0.9930563608498915 19.654 0.094
0.9943781847049422 19.433 0.097
0.9969830533950699 19.758 0.167
0.9973085769144063 19.509 0.082
0.9980056595994711 19.439 0.107
0.9986874192130131 19.419 0.081
0.9989329819536579 19.518 0.062
0.9992337515761847 19.816 0.165
0.9996994842355775 19.533 0.118
