0.00036431152329896577 17.316 0.013
0.0007371803121714038 17.286 0.011
0.004386472029864308 17.296 0.015
0.004403247030268176 17.31 0.013
0.005578964487540361 17.279 0.018
0.007259373594934004 17.378 0.02
0.0091368183054783 17.318 0.017
0.010171571143246183 17.307 0.015
0.011251411047851434 17.334 0.015
0.012502542505671954 17.337 0.013
0.013204849844896671 17.274 0.02
0.013423991511672284 17.315 0.014
0.015416729678236152 17.306 0.019
0.015464990091913933 17.313 0.013
0.01550751714580656 17.293 0.014
0.017469633062773937 17.317 0.019
0.02121934858359964 17.311 0.013
0.02164770534568561 17.344 0.021
0.022049272488629867 17.304 0.013
0.022540393656527158 17.322 0.013
0.022665367241643253 17.309 0.016
0.02351554912456777 17.324 0.013
0.02504982179061699 17.306 0.017
0.025140484574649236 17.321 0.013
0.028396277552474203 17.319 0.014
0.029080557899760606 17.327 0.015
0.03012656680357395 17.333 0.016
0.0322270586968898 17.321 0.019
0.03294414679430702 17.313 0.016
0.03553114325904971 17.309 0.012
0.03565725677344744 17.33 0.018
0.03676466772390086 17.319 0.019
0.03913585595660152 17.36 0.02
0.0401577055990856 17.341 0.015
0.040192657133957255 17.344 0.015
0.0419571013321729 17.356 0.019
0.046045737962231215 17.314 0.015
0.046914761973994246 17.313 0.013
0.048245260129078815 17.336 0.019
0.04880875463823031 17.374 0.02
0.04931638920243131 17.335 0.013
0.05066487263343333 17.304 0.019
0.05090540589685588 17.295 0.013
0.051020032065935084 17.322 0.016
0.05137470115391807 17.37 0.013
0.0524407561508724 17.323 0.014
0.05646965387245473 17.291 0.021
0.05950333571718147 17.36 0.023
0.059603149956728885 17.345 0.02
0.06266905061465877 17.329 0.016
0.06707966064391258 17.348 0.024
0.06893008068391282 17.326 0.019
0.06972680970420697 17.335 0.013
0.0719778128109283 17.33 0.021
0.07265731901475192 17.331 0.017
0.07460712444458295 17.342 0.017
0.07714303510783793 17.319 0.02
0.07931238619380565 17.324 0.021
0.07987334809058666 17.311 0.017
0.08079987117298515 17.328 0.018
0.08164429106568605 17.313 0.021
0.08306108900796971 17.326 0.011
0.08371154889914578 17.343 0.013
0.08427475863800282 17.336 0.015
0.08488483526048185 17.313 0.017
0.08957998887854046 17.347 0.016
0.09566900153549796 17.324 0.015
0.09603619468884972 17.331 0.015
0.09685099072294179 17.383 0.02
0.09722668490007891 17.345 0.019
0.09739075058769231 17.352 0.014
0.10085108772727835 17.31 0.018
0.1059572341700914 17.36 0.016
0.10654243706471789 17.368 0.027
0.1072269309904641 17.327 0.015
0.10826254699168203 17.315 0.014
0.10907845093811375 17.343 0.013
0.11244407108142696 17.362 0.018
0.1148068518027685 17.332 0.015
0.1151138843561057 17.355 0.017
0.11531455671297408 17.32 0.025
0.11571018661561538 17.342 0.014
0.11572507774167207 17.316 0.019
0.1190168206458111 17.371 0.015
0.12051656808625921 17.3 0.019
0.12414492822722423 17.328 0.019
0.12614350127068974 17.327 0.014
0.12674767267026255 17.331 0.017
0.13037911264609647 17.335 0.014
0.1305345252267216 17.306 0.014
0.1315281339957437 17.333 0.02
0.13659597230230247 17.379 0.019
0.13895230057937624 17.409 0.021
0.14313329430251542 17.357 0.017
0.1445883291885366 17.351 0.014
0.14463148435424955 17.359 0.016
0.14740046944120877 17.373 0.014
0.14767817091137658 17.351 0.019
0.15123391211523085 17.351 0.013
0.15183332537981187 17.35 0.014
0.1532501233223229 17.332 0.015
0.15690249487442998 17.35 0.017
0.16016846717639055 17.362 0.015
0.161108369483145 17.329 0.017
0.1622721324165468 17.398 0.02
0.16368213880650728 17.346 0.019
0.16435523974564603 17.354 0.015
0.16580472452574213 17.369 0.018
0.16699246769940146 17.352 0.018
0.1695771291206256 17.367 0.016
0.16989326764360158 17.353 0.013
0.17003061405739572 17.396 0.018
0.17116186455587012 17.372 0.018
0.17360098393646695 17.334 0.02
0.17466937651670378 17.352 0.019
0.18008890644023268 17.429 0.021
0.18464364812462009 17.379 0.018
0.19003330859413836 17.401 0.019
0.19045962308791786 17.392 0.02
0.19090337017223646 17.417 0.019
0.19125055725407947 17.399 0.018
0.19189970281240676 17.446 0.02
0.1938005910856191 17.419 0.022
0.1946948367844925 17.452 0.02
0.19559616304013616 17.401 0.019
0.19852947541858157 17.472 0.015
0.2006929372914783 17.451 0.019
0.20085184801155265 17.42 0.016
0.2009974995733046 17.439 0.018
0.20318505205386828 17.417 0.015
0.20410602503056907 17.454 0.019
0.20953067875007036 17.459 0.016
0.21074632030240537 17.445 0.013
0.21094388165374767 17.437 0.018
0.21104484382749433 17.44 0.016
0.2141316368868047 17.445 0.018
0.2180282079339122 17.442 0.012
0.2190375478264741 17.483 0.019
0.220239524536737 17.46 0.018
0.22129746564428388 17.439 0.018
0.22150905495868756 17.417 0.014
0.22184107414796017 17.446 0.019
0.22195075977424494 17.47 0.019
0.2220572408832595 17.437 0.015
0.22399490853536008 17.458 0.019
0.2245954697345951 17.417 0.017
0.22497908277182432 17.451 0.015
0.2265979920866812 17.423 0.016
0.2272261829020863 17.467 0.014
0.227365413190455 17.427 0.017
0.22746671616573622 17.445 0.015
0.2277780573781456 17.446 0.019
0.22847330902072827 17.438 0.018
0.22942093892925186 17.463 0.013
0.23322130593760448 17.442 0.023
0.23448269676373457 17.41 0.022
0.2352154207787862 17.45 0.019
0.23536390657955053 17.435 0.019
0.23913437927376435 17.48 0.019
0.23978430879878943 17.434 0.018
0.24485739643114357 17.413 0.013
0.24565412545189247 17.445 0.013
0.246124416559951 17.422 0.018
0.24675142026626418 17.46 0.021
0.24817152678315324 17.43 0.014
0.25 17.484 0.019
0.25038292258341244 17.419 0.022
0.2513545719073136 17.462 0.019
0.25362676103736703 17.452 0.019
0.2555625696752486 17.47 0.015
0.2572662293941903 17.432 0.013
0.2580828755915263 17.408 0.02
0.25871546057419437 17.433 0.015
0.2593621358616929 17.424 0.023
0.2598993007718491 17.425 0.015
0.26187561105052737 17.448 0.015
0.26342123752783664 17.446 0.017
0.26624578178075353 17.453 0.017
0.2742024343360754 17.474 0.015
0.2747382680583996 17.441 0.023
0.27564714497248133 17.438 0.019
0.2763353051298054 17.445 0.021
0.27644499075654494 17.45 0.02
0.2777202688532725 17.416 0.017
0.2809023973236435 17.435 0.017
0.281545676834412 17.465 0.024
0.2871172859042872 17.38 0.015
0.2890307070938434 17.428 0.016
0.2894328669449351 17.416 0.015
0.2927135656682367 17.432 0.019
0.2934283161823714 17.356 0.021
0.29439970390194503 17.351 0.016
0.2956862317537343 17.368 0.02
0.2957061594752304 17.408 0.016
0.2961061418295685 17.368 0.018
0.29752465724754984 17.374 0.014
0.2980632548628819 17.395 0.019
0.2984769740983211 17.392 0.019
0.3025946107081836 17.38 0.018
0.30264575969818 17.369 0.015
0.30504265996205504 17.345 0.018
0.30938396763349374 17.345 0.015
0.3100980630979393 17.372 0.014
0.3104849598498731 17.357 0.015
0.31292926621517836 17.382 0.03
0.31339081701526084 17.326 0.018
0.31447333907544817 17.353 0.015
0.31531243129165887 17.337 0.013
0.3205594800117524 17.342 0.017
0.3219091842634043 17.33 0.013
0.3220345841573362 17.331 0.017
0.3222789812220981 17.362 0.016
0.3238624478105976 17.335 0.02
0.325559093548236 17.378 0.019
0.3262263452957086 17.343 0.018
0.32917461283523153 17.33 0.019
0.3292583239799569 17.349 0.015
0.3294740306946551 17.362 0.014
0.3297096857577344 17.351 0.015
0.3324113163957918 17.374 0.014
0.33313237866218515 17.382 0.013
0.33426397627317783 17.365 0.016
0.3346334884611224 17.359 0.016
0.33718391743173015 17.348 0.015
0.33783406938573535 17.362 0.014
0.3398126363576921 17.331 0.016
0.3467866434343705 17.343 0.013
0.3474149357666647 17.358 0.02
0.3483506191557808 17.351 0.021
0.35320993997811456 17.347 0.019
0.3533148362987504 17.337 0.021
0.3533835370978977 17.321 0.02
0.3539000632065381 17.414 0.019
0.3560145750582251 17.34 0.016
0.3588140800311521 17.339 0.013
0.3591257772072822 17.334 0.014
0.36086627233567015 17.357 0.021
0.36296101655352686 17.343 0.013
0.363835844271307 17.348 0.018
0.3643663503166863 17.347 0.015
0.36552218176802853 17.322 0.018
0.36566089054076656 17.342 0.017
0.368560968860038 17.347 0.015
0.3688109783715845 17.315 0.012
0.37073287741850436 17.356 0.015
0.3721349177690172 17.351 0.018
0.3746013259647043 17.311 0.014
0.3799143621577059 17.377 0.013
0.37998282451849263 17.304 0.015
0.38053334548658313 17.307 0.014
0.38234475893204944 17.356 0.019
0.3838141297178481 17.339 0.016
0.3851611181021326 17.358 0.016
0.3856252183707056 17.313 0.018
0.3879969761446773 17.305 0.019
0.3889834213894119 17.346 0.017
0.3922373368041008 17.307 0.013
0.3930558213896802 17.332 0.017
0.3948296297746765 17.317 0.018
0.39667925699677653 17.314 0.018
0.4000743202848298 17.319 0.015
0.40049985966334134 17.364 0.017
0.40098063341520174 17.315 0.015
0.40277790598975116 17.299 0.018
0.40375763002793974 17.329 0.018
0.40499887578380367 17.333 0.017
0.4050487744757447 17.333 0.019
0.40677045864640604 17.336 0.017
0.40875656996627185 17.317 0.017
0.4090011894595591 17.348 0.017
0.41355579591663627 17.328 0.018
0.41822190783955193 17.295 0.013
0.418632096071633 17.321 0.018
0.42225363348870815 17.324 0.017
0.4232996280770749 17.284 0.018
0.42605437878069097 17.344 0.017
0.42678908818675154 17.33 0.014
0.42707228627159566 17.325 0.015
0.42707557168023413 17.309 0.013
0.42743870177014287 17.312 0.023
0.4284665678496822 17.33 0.016
0.42939553003270703 17.308 0.014
0.4321630423926308 17.312 0.014
0.4344689416109304 17.327 0.013
0.441097819882998 17.297 0.015
0.44607042137067765 17.332 0.017
0.446845164393153 17.29 0.016
0.44747002177405193 17.331 0.021
0.4504590454018853 17.352 0.014
0.45434439786527037 17.317 0.014
0.45455016030746265 17.297 0.015
0.4551492576306373 17.319 0.014
0.4552888207158503 17.306 0.018
0.45819051499393026 17.32 0.014
0.4590416784126319 17.292 0.013
0.46045346462028647 17.312 0.016
0.46269102616088276 17.318 0.023
0.46432459155130346 17.321 0.012
0.46826645985606774 17.294 0.017
0.4695816157154695 17.308 0.018
0.4730962039993756 17.325 0.019
0.4733369917098571 17.325 0.017
0.47544779099644074 17.333 0.018
0.4758723151289814 17.301 0.016
0.4764926999923773 17.289 0.015
0.47756876960829686 17.331 0.013
0.47874686382419895 17.332 0.017
0.48024601055203675 17.296 0.018
0.4811992840786843 17.361 0.014
0.48140108120333025 17.301 0.015
0.48369215964157775 17.313 0.012
0.4868068679343196 17.338 0.022
0.487450962582443 17.305 0.013
0.4888995930502915 17.315 0.013
0.4955878462628789 17.307 0.016
0.4965285493913143 17.313 0.017
0.4967499308954757 17.313 0.016
0.49810528676948707 17.331 0.02
0.4987214295488229 17.305 0.016
0.49940100609842375 17.3 0.019
0.5012880639783361 17.318 0.013
0.5040470673102391 17.349 0.017
0.5042732069496196 17.322 0.019
0.5067172757237586 17.299 0.015
0.5068467138219148 17.334 0.019
0.509712395832139 17.334 0.017
0.5117068746408222 17.286 0.013
0.5120521921642194 17.305 0.016
0.5124050957501822 17.321 0.018
0.5132332790130931 17.304 0.013
0.5139280082935329 17.299 0.014
0.5146102071980749 17.307 0.015
0.5146722188078456 17.3 0.013
0.517106216932234 17.333 0.019
0.5192616752829053 17.318 0.016
0.5208164746891271 17.305 0.015
0.5210281057188695 17.317 0.013
0.5210753365704477 17.334 0.017
0.5233334577155802 17.329 0.019
0.5238400315470244 17.301 0.013
0.5295407316025376 17.316 0.011
0.5302384223452918 17.345 0.014
0.5310166668941747 17.307 0.019
0.5330828791570639 17.322 0.019
0.5334303198387715 17.32 0.017
0.5395549824893351 17.327 0.016
0.5397062304898554 17.311 0.018
0.5403808930504965 17.326 0.018
0.5426235910094874 17.31 0.016
0.5431468774997938 17.285 0.019
0.5431774685785058 17.312 0.015
0.5446733210469574 17.327 0.015
0.5454426909063841 17.304 0.016
0.5492543868667781 17.331 0.015
0.5519128151588575 17.336 0.013
0.5523341971149875 17.318 0.016
0.5526316207324271 17.319 0.016
0.5538583224742979 17.332 0.015
0.5541832467911263 17.349 0.016
0.5582914614899437 17.344 0.014
0.5599885272258689 17.309 0.013
0.5630331963743629 17.323 0.019
0.565349457324146 17.331 0.019
0.5665090013399094 17.332 0.018
0.5684917472074176 17.342 0.019
0.5707824313540186 17.334 0.018
0.5734483808275854 17.344 0.015
0.5759750608376635 17.314 0.019
0.57728726954997 17.326 0.017
0.579969940533374 17.354 0.022
0.5804752560629822 17.337 0.017
0.5804892359999485 17.315 0.013
0.5807347498275703 17.298 0.017
0.5827680519769274 17.321 0.014
0.58381650883166 17.314 0.015
0.5841557875978651 17.32 0.014
0.5858212558596279 17.32 0.015
0.5869320402662197 17.327 0.012
0.5877398446386906 17.345 0.023
0.5884193837064231 17.345 0.015
0.5888251929334274 17.329 0.015
0.5890007931461696 17.314 0.016
0.5890926678994219 17.355 0.015
0.589292088265438 17.314 0.015
0.5896407889426882 17.301 0.018
0.5918080337253286 17.36 0.015
0.59242838741784 17.337 0.013
0.5924792507903476 17.335 0.017
0.59359040085792 17.338 0.014
0.5940958267556198 17.321 0.013
0.5946308061652417 17.346 0.013
0.5956856505827091 17.317 0.016
0.5961707704752826 17.297 0.017
0.6015630676142791 17.309 0.016
0.6025896041992382 17.318 0.017
0.6078561838089627 17.341 0.017
0.6089933626963102 17.308 0.016
0.6123966102195482 17.334 0.019
0.612783760571574 17.358 0.019
0.6156764609415859 17.335 0.019
0.6175483117531257 17.363 0.016
0.6181092736501341 17.334 0.014
0.6182681051734562 17.324 0.016
0.6184751507773854 17.339 0.018
0.6197629306202543 17.342 0.018
0.6210964980648441 17.332 0.017
0.62262118496119 17.367 0.018
0.6245168247546644 17.351 0.02
0.6249150664675653 17.317 0.016
0.6254810152395294 17.372 0.017
0.627445133403171 17.342 0.018
0.6276516094653743 17.328 0.019
0.6284795622946149 17.321 0.021
0.6307782642779785 17.336 0.013
0.6308031219971326 17.314 0.015
0.6310300224363345 17.335 0.016
0.6318475503458103 17.36 0.018
0.6331698288611278 17.34 0.018
0.6333682302092711 17.331 0.013
0.6339508684732209 17.335 0.016
0.6353044259813032 17.343 0.016
0.6365532072341011 17.327 0.014
0.6389482467900507 17.329 0.019
0.6396745031988758 17.349 0.017
0.6407620824802507 17.351 0.017
0.641632414513424 17.31 0.012
0.6456322970936981 17.3 0.018
0.6462971826263129 17.351 0.013
0.6475407697366791 17.333 0.013
0.6480517057175348 17.322 0.013
0.6530262782812315 17.312 0.024
0.6541473852439594 17.367 0.015
0.6553757652861805 17.348 0.019
0.6583245800479745 17.307 0.014
0.6583422573874032 17.352 0.014
0.6598692401516928 17.344 0.019
0.6621857627060308 17.345 0.019
0.6636567806219773 17.34 0.013
0.6672725455048294 17.339 0.018
0.668398039477097 17.356 0.015
0.6697051981257118 17.362 0.018
0.6717951281780188 17.345 0.018
0.6725142185221102 17.379 0.023
0.6734769308154682 17.352 0.015
0.6778432689152396 17.384 0.017
0.6842838164886871 17.407 0.018
0.6847957677164231 17.366 0.016
0.6855824972799383 17.332 0.013
0.6870777802068915 17.38 0.018
0.6873659811758444 17.4 0.015
0.689558551702703 17.376 0.019
0.690563545454097 17.391 0.017
0.6912634528682702 17.405 0.013
0.6920936615440496 17.372 0.022
0.6930402930615855 17.375 0.015
0.6954812508301984 17.405 0.02
0.6985528225054622 17.405 0.02
0.6991643630040016 17.411 0.024
0.7005630075782392 17.4 0.013
0.7009570303735018 17.403 0.014
0.7012550235322124 17.416 0.014
0.7022842574351671 17.416 0.015
0.7024090254462863 17.371 0.016
0.7047882875463074 17.378 0.013
0.7081435291029265 17.384 0.013
0.7096398495959875 17.412 0.013
0.7112048237086128 17.42 0.015
0.715985089158039 17.395 0.014
0.7179098919434637 17.381 0.031
0.7180120492312199 17.399 0.015
0.7185400770010801 17.401 0.014
0.7189462687447303 17.388 0.016
0.7209664060942487 17.395 0.015
0.7219783346304212 17.42 0.016
0.7251026784124406 17.372 0.018
0.7253951926581976 17.388 0.015
0.7280553072553175 17.413 0.022
0.7285179668144792 17.385 0.016
0.7294815022492003 17.394 0.019
0.7317932194887362 17.38 0.019
0.7332015602003139 17.387 0.018
0.7346210740092829 17.448 0.015
0.7359201410883998 17.383 0.014
0.7361704522263608 17.401 0.016
0.7450942959039821 17.401 0.014
0.7458782552637331 17.396 0.018
0.7466372608519123 17.396 0.019
0.7468948315668058 17.415 0.019
0.7486538983687296 17.393 0.019
0.7501612798978385 17.383 0.016
0.7503346545886416 17.396 0.02
0.7504367566925794 17.406 0.02
0.7521611175545786 17.396 0.017
0.7523979391003195 17.39 0.015
0.7525872656499359 17.39 0.015
0.7525922150434781 17.379 0.018
0.7533566978511317 17.384 0.018
0.7541092055084846 17.416 0.014
0.7542450880469005 17.399 0.016
0.7555824169294283 17.395 0.013
0.7574710739122565 17.403 0.016
0.7595503886332153 17.404 0.029
0.7613294846728422 17.388 0.016
0.7643988316731338 17.406 0.014
0.7714648213309374 17.376 0.019
0.7715456999294474 17.378 0.014
0.7723499652938699 17.386 0.015
0.7735915413065868 17.417 0.018
0.7758619186015494 17.407 0.02
0.7775528941676839 17.395 0.013
0.7804121940796449 17.419 0.02
0.7865155380191027 17.392 0.018
0.7928648684292057 17.333 0.013
0.7933656962786699 17.372 0.013
0.7955726195611987 17.376 0.018
0.796250931497525 17.35 0.017
0.7976614016793064 17.362 0.016
0.799689029039655 17.333 0.015
0.8012063834728451 17.325 0.023
0.8038016690763925 17.346 0.018
0.8047945435987458 17.366 0.017
0.8056878326219703 17.368 0.014
0.8074618242608267 17.36 0.019
0.8076934116425036 17.37 0.019
0.8078190091064243 17.336 0.017
0.8079362951114035 17.341 0.016
0.8099176171249383 17.377 0.015
0.8119234809164482 17.371 0.016
0.8134187469879635 17.333 0.019
0.8140779160166858 17.309 0.011
0.81609136333077 17.354 0.017
0.8164399127717843 17.358 0.015
0.8169181058847244 17.355 0.019
0.8201062642601755 17.336 0.019
0.8210570131786881 17.321 0.016
0.8213390233081554 17.353 0.016
0.821760285198252 17.357 0.022
0.8236430841382116 17.322 0.019
0.8247113958282171 17.367 0.016
0.8260873593326323 17.351 0.015
0.8305847514898232 17.329 0.012
0.8319348588843241 17.343 0.017
0.8329228863767639 17.337 0.018
0.8337910160544197 17.335 0.015
0.8371330696445511 17.356 0.013
0.8386877043458298 17.355 0.025
0.839872644451134 17.33 0.019
0.8400874799986013 17.317 0.016
0.8416232253912312 17.318 0.022
0.8449443385538871 17.342 0.016
0.8511894711014065 17.32 0.019
0.8515070423291036 17.34 0.018
0.8530952501973843 17.342 0.02
0.8536210149632097 17.317 0.016
0.8541565247394374 17.31 0.013
0.8558582837288213 17.35 0.013
0.8567493872512841 17.328 0.017
0.8592966660412458 17.329 0.015
0.8593697218323086 17.348 0.016
0.8606717832376489 17.338 0.016
0.8610028272023555 17.314 0.016
0.8633394421826779 17.336 0.015
0.8653550981639455 17.335 0.019
0.8655909133144633 17.336 0.015
0.8656650858688408 17.325 0.012
0.8662647839043984 17.326 0.013
0.867127806641065 17.321 0.017
0.8709182462316676 17.336 0.015
0.8725704473304177 17.314 0.021
0.8733164545174077 17.325 0.014
0.8737895238339206 17.329 0.014
0.877636678529143 17.329 0.012
0.8804848078834766 17.313 0.011
0.8832625661425482 17.347 0.019
0.8856865184770868 17.346 0.02
0.8909659772687064 17.308 0.017
0.8919495027662379 17.337 0.015
0.8924272838848992 17.326 0.018
0.8943680233674058 17.333 0.016
0.8964152351072698 17.335 0.018
0.8981598644922997 17.324 0.018
0.9011780270982399 17.305 0.013
0.9020357718777632 17.333 0.018
0.9064643280084965 17.317 0.019
0.908003366813773 17.329 0.015
0.9083741701679173 17.379 0.017
0.9107010864711356 17.291 0.015
0.9115778540935935 17.347 0.017
0.9141548279349081 17.315 0.016
0.9142621553517074 17.31 0.011
0.914304620063831 17.3 0.015
0.9143539572187365 17.349 0.016
0.915977435104196 17.333 0.023
0.9173061989276903 17.325 0.014
0.9180870472819151 17.331 0.018
0.9205299912885039 17.33 0.014
0.921861422952361 17.323 0.023
0.9226747942861948 17.333 0.015
0.924765618672609 17.313 0.013
0.9252045141092822 17.311 0.013
0.9294108567428339 17.329 0.014
0.9298451107231358 17.34 0.019
0.9304404234426329 17.296 0.016
0.9305954177179956 17.307 0.016
0.931383436754686 17.3 0.015
0.9333459726706224 17.302 0.014
0.9365865088609553 17.325 0.016
0.9368074640556188 17.311 0.014
0.9408428062174607 17.325 0.015
0.9408717670221449 17.283 0.015
0.9444543601871374 17.295 0.013
0.9447717401560567 17.319 0.016
0.9448752037721988 17.317 0.019
0.945439815044665 17.315 0.015
0.9464578552237981 17.315 0.014
0.9473494747971927 17.328 0.013
0.9493897117311008 17.313 0.015
0.9536085169352191 17.324 0.015
0.9560296510394437 17.313 0.016
0.9572495426800742 17.303 0.019
0.9585605419629246 17.315 0.013
0.9595075783172433 17.306 0.017
0.9600105651140893 17.362 0.014
0.9606920592486858 17.306 0.013
0.9607661837771957 17.312 0.02
0.9618839029681112 17.298 0.016
0.9621810953053682 17.323 0.015
0.9652610744924459 17.313 0.018
0.9669322735733203 17.313 0.014
0.9676578083576715 17.308 0.018
0.9688459483631959 17.321 0.016
0.9690748038692618 17.308 0.012
0.9692063154068364 17.283 0.019
0.9695963808881061 17.316 0.014
0.9711334797884774 17.344 0.016
0.9718669140374914 17.316 0.021
0.9738245014063978 17.31 0.013
0.975228204895302 17.331 0.013
0.97550668232725 17.304 0.016
0.9756897645463596 17.343 0.016
0.9760132249875824 17.33 0.015
0.9776046416072859 17.339 0.02
0.9776990632888101 17.314 0.017
0.9791077304862483 17.316 0.017
0.9807322379335801 17.326 0.013
0.9810882605293045 17.347 0.017
0.9813474695233708 17.329 0.019
0.9814217667608318 17.309 0.015
0.9855057661679893 17.304 0.015
0.989735936958823 17.293 0.015
0.9956860226475328 17.285 0.021
0.9999744292954347 17.308 0.014
