0.001594343059878156 16.107 0.008
0.0020173793777757965 16.094 0.008
0.004115925682526722 16.102 0.009
0.004625503420356836 16.1 0.007
0.0057357829714419495 16.11 0.009
0.00609649855095995 16.101 0.008
0.006382607468367496 16.094 0.008
0.010369736905886384 16.102 0.009
0.010551677729836229 16.1 0.008
0.012175192910035548 16.104 0.007
0.012179186815501453 16.094 0.008
0.012439201458164462 16.096 0.008
0.012510779811236716 16.108 0.008
0.01295397628155115 16.123 0.009
0.015594228545523947 16.107 0.008
0.024151644223820767 16.095 0.007
0.029135691119336116 16.094 0.01
0.02983761588438938 16.116 0.007
0.03379855423054323 16.094 0.009
0.03520952290318746 16.102 0.01
0.03846429435589016 16.119 0.008
0.03883093492254375 16.107 0.008
0.041816444757841964 16.111 0.008
0.041931300588657905 16.104 0.008
0.043960711219597215 16.106 0.009
0.048484087771612394 16.099 0.007
0.04855739894992439 16.093 0.01
0.048808137929427176 16.098 0.009
0.04914135027956945 16.115 0.01
0.04965137599947411 16.11 0.01
0.0496717707269454 16.107 0.007
0.050048401321873826 16.126 0.007
0.05449054550717847 16.116 0.007
0.05488188493018242 16.114 0.009
0.05567745811367786 16.115 0.008
0.05635068861306536 16.113 0.008
0.05643933970532089 16.112 0.009
0.058034970296603205 16.117 0.01
0.061415786276029394 16.101 0.009
0.06373895912543048 16.128 0.008
0.06475944038811576 16.122 0.01
0.06489014160297302 16.122 0.008
0.0653179966557218 16.115 0.01
0.0653387848856255 16.133 0.009
0.066568569435276 16.12 0.007
0.0683636010767259 16.114 0.009
0.0690922360499826 16.106 0.009
0.06931799463882271 16.125 0.008
0.0702080864139134 16.13 0.01
0.07434495581378542 16.122 0.008
0.0743662843299262 16.123 0.008
0.07573315520721735 16.124 0.007
0.07717101568823637 16.098 0.007
0.07893633449111803 16.125 0.007
0.07910310335364557 16.134 0.009
0.07940929978394706 16.12 0.008
0.0811762394453126 16.129 0.008
0.08125653501519992 16.13 0.007
0.08279350877546676 16.153 0.01
0.08630813755826239 16.119 0.007
0.09080210698334668 16.132 0.01
0.09449392598344275 16.136 0.008
0.0969204330726825 16.145 0.007
0.09925660008366322 16.157 0.008
0.09956266939411762 16.14 0.008
0.10403937534420038 16.166 0.01
0.10548734996473286 16.137 0.008
0.10633100571340037 16.138 0.008
0.10633370263167308 16.13 0.007
0.10648124663384806 16.124 0.008
0.10671818327909932 16.165 0.01
0.10818885453909388 16.135 0.008
0.10823546152505514 16.149 0.009
0.11192832477763659 16.128 0.007
0.11337409129464504 16.14 0.008
0.11420028832139906 16.175 0.01
0.11539153235207777 16.15 0.009
0.11540937092877357 16.16 0.008
0.11615366367095703 16.146 0.008
0.1165037808082161 16.153 0.008
0.118964091457201 16.153 0.009
0.11897595357504542 16.158 0.009
0.11920872685846007 16.163 0.01
0.12288569325482968 16.13 0.008
0.12344086854318448 16.178 0.008
0.12403698318803436 16.148 0.007
0.13029255904530146 16.154 0.009
0.13185930162762816 16.146 0.009
0.1323085608441943 16.164 0.007
0.13347245294062304 16.184 0.01
0.13352823125387658 16.164 0.007
0.13687888791696423 16.157 0.007
0.1393311820661438 16.168 0.009
0.13950218241734547 16.164 0.007
0.14042771376216479 16.138 0.008
0.14115165110524686 16.159 0.007
0.14145212080302372 16.148 0.008
0.14214904373034187 16.167 0.008
0.14263309627881426 16.183 0.009
0.14578119796715328 16.194 0.009
0.14827222637813975 16.151 0.008
0.14933419931730896 16.167 0.009
0.15003173517038704 16.194 0.01
0.15201655768760247 16.184 0.007
0.15240715706545416 16.216 0.009
0.1540714057164223 16.206 0.008
0.15660666505846166 16.204 0.01
0.1569966500060218 16.22 0.01
0.16072918882946396 16.225 0.01
0.16195979971189445 16.219 0.008
0.16229875394537885 16.198 0.008
0.16283272332452725 16.258 0.009
0.16329807313968558 16.239 0.01
0.1662024732156624 16.245 0.01
0.16676017446161495 16.171 0.008
0.1691230395376806 16.272 0.009
0.1696334542484692 16.192 0.009
0.172086853145629 16.211 0.007
0.17377050675167993 16.25 0.009
0.1784834744203181 16.201 0.009
0.17973902174253453 16.267 0.007
0.1798018949107245 16.261 0.009
0.1834832229242238 16.249 0.01
0.18397177635324624 16.289 0.011
0.18479463484709413 16.214 0.01
0.18507905026672233 16.204 0.008
0.18571725737092493 16.285 0.01
0.18604280277213547 16.292 0.009
0.19098568186245757 16.232 0.009
0.19271626030877087 16.25 0.01
0.19436279599904083 16.239 0.009
0.19619111809834067 16.366 0.009
0.19985989993256226 16.352 0.009
0.20021357814539442 16.351 0.009
0.2003432850756326 16.349 0.011
0.20040779425380606 16.303 0.008
0.2009125669048899 16.358 0.009
0.20173877607521717 16.34 0.009
0.20192255718143315 16.393 0.01
0.20438302525326435 16.345 0.01
0.2046950316944276 16.278 0.01
0.20540342022877667 16.371 0.01
0.205439813250905 16.316 0.009
0.20624192434706856 16.361 0.01
0.20645099155490243 16.343 0.01
0.20710051297010068 16.281 0.009
0.20872235431625086 16.327 0.01
0.210158649922505 16.277 0.01
0.2122055086358614 16.403 0.01
0.21274130476012942 16.298 0.01
0.21679414956315668 16.294 0.01
0.21929384221539294 16.324 0.01
0.21942983582789566 16.435 0.007
0.22135374806612163 16.395 0.014
0.22151851771968722 16.413 0.01
0.2228772585142451 16.486 0.009
0.2257764206729007 16.458 0.01
0.22584226015032982 16.392 0.009
0.22672273874377424 16.344 0.009
0.2287574462836801 16.449 0.01
0.22953804124836097 16.354 0.01
0.23246346864152656 16.409 0.009
0.233884524158384 16.502 0.009
0.23611421514806352 16.436 0.01
0.2365720796142341 16.503 0.013
0.2379347568266894 16.479 0.009
0.23826291285831758 16.479 0.01
0.23917021513238979 16.505 0.013
0.24031915931391268 16.442 0.009
0.24073615867700937 16.394 0.009
0.24141599822496573 16.469 0.008
0.24243685633382484 16.403 0.009
0.24561518385075942 16.498 0.011
0.24717257963402517 16.426 0.01
0.24783969441114095 16.51 0.01
0.2482670606495958 16.429 0.008
0.25 16.535 0.01
0.2502756164269613 16.526 0.01
0.2510680205336939 16.487 0.01
0.25124775024573864 16.525 0.011
0.25243316760975176 16.525 0.012
0.253779643759799 16.506 0.011
0.25513533507728425 16.464 0.011
0.2557510256376645 16.51 0.009
0.2577128109892328 16.527 0.01
0.2592212857307459 16.515 0.01
0.2634049543560195 16.51 0.011
0.26683710826455354 16.51 0.01
0.2674156930524987 16.471 0.009
0.270490159691235 16.519 0.009
0.271957271379506 16.486 0.01
0.27391281238578813 16.507 0.009
0.27458984154372956 16.512 0.009
0.2761656525090075 16.491 0.01
0.27786338686541967 16.467 0.01
0.2787295213338439 16.449 0.008
0.27900828115707554 16.476 0.008
0.27978295564662403 16.502 0.01
0.2803633443968465 16.508 0.008
0.28223928754187 16.501 0.01
0.2838358427861749 16.458 0.01
0.2849431560277935 16.462 0.01
0.28584393554046983 16.511 0.01
0.28758590845927756 16.507 0.01
0.2877247397568681 16.49 0.009
0.290037507906618 16.447 0.01
0.2921718584843802 16.433 0.01
0.2923841099204765 16.477 0.008
0.2930966906155845 16.442 0.01
0.29866505203926863 16.408 0.01
0.298898003913564 16.444 0.009
0.2989043178913562 16.489 0.009
0.3015630413215149 16.462 0.011
0.3037623883874403 16.456 0.009
0.3053866057889536 16.412 0.01
0.3071811894478742 16.429 0.008
0.3091566923508253 16.405 0.008
0.3093564021198745 16.358 0.014
0.3123420905462808 16.34 0.011
0.3143509233464101 16.419 0.012
0.314849842145577 16.427 0.01
0.31550741337287036 16.428 0.01
0.31612821623502896 16.314 0.01
0.3173745545177553 16.429 0.009
0.31756457996925747 16.408 0.01
0.3182423628200013 16.429 0.009
0.3185241146329645 16.433 0.01
0.31960029243373356 16.365 0.008
0.32175111196056605 16.36 0.009
0.3257153480069519 16.278 0.01
0.32812840242377206 16.367 0.01
0.3295032338173769 16.293 0.009
0.3301109457020175 16.275 0.009
0.33193443402569756 16.343 0.008
0.3332814353102549 16.329 0.008
0.3333625602213033 16.335 0.01
0.33363666625382393 16.247 0.01
0.3338398796099682 16.351 0.009
0.336310558637706 16.312 0.007
0.33634131723192695 16.34 0.011
0.33721724497763716 16.336 0.009
0.339598699315502 16.269 0.01
0.34017709036061206 16.223 0.009
0.34150758336772924 16.242 0.008
0.342728945771114 16.222 0.009
0.3428718814382137 16.253 0.009
0.3450258170660163 16.23 0.009
0.3452014409047024 16.221 0.007
0.3463991805124351 16.32 0.01
0.3474557596150589 16.21 0.01
0.3484920969012819 16.285 0.007
0.3486658350027483 16.225 0.009
0.3498180905321533 16.283 0.008
0.3515194041235645 16.21 0.01
0.35360477617132346 16.219 0.009
0.3539903995019813 16.298 0.009
0.35649450825144413 16.206 0.009
0.36139458352590736 16.245 0.01
0.3626526143591491 16.199 0.008
0.3667606245494426 16.268 0.01
0.36943999393861304 16.226 0.008
0.37034748995574773 16.243 0.01
0.37244346495754144 16.227 0.009
0.372591190559433 16.229 0.007
0.37551175688213334 16.201 0.007
0.3760501529973226 16.17 0.01
0.3767139685701295 16.154 0.009
0.3788687971541549 16.202 0.008
0.3792873507522927 16.191 0.01
0.3814923125819405 16.194 0.008
0.38388870430617317 16.203 0.008
0.3852192381457371 16.169 0.008
0.3869195574523019 16.169 0.009
0.38709493005990225 16.181 0.009
0.3890371984889498 16.181 0.007
0.3921684937090504 16.148 0.011
0.3925132458098233 16.165 0.01
0.3927190697968399 16.171 0.007
0.394815438301066 16.178 0.009
0.3951034026522393 16.182 0.01
0.39641380664261305 16.174 0.009
0.3980828633887086 16.181 0.009
0.40082780286411435 16.163 0.008
0.40178194218742647 16.138 0.009
0.40246210259783766 16.152 0.01
0.40548548103402027 16.148 0.008
0.40592645435981467 16.164 0.009
0.40664322721613644 16.164 0.009
0.40676499780647646 16.176 0.008
0.40767348810823023 16.176 0.009
0.411301521319956 16.139 0.009
0.41293896445040446 16.155 0.008
0.41594425157427395 16.124 0.008
0.4164667371867381 16.145 0.008
0.41684106286197675 16.131 0.009
0.4171673589476086 16.16 0.008
0.41723990429022706 16.123 0.008
0.4175405132514243 16.158 0.009
0.41960153749823803 16.124 0.008
0.42019016829863176 16.129 0.009
0.4226220525683857 16.134 0.008
0.4228292325346956 16.142 0.009
0.4232898620462038 16.163 0.009
0.4305204062889061 16.099 0.008
0.4318550748012058 16.146 0.009
0.4326813944353489 16.14 0.008
0.43405960680865974 16.122 0.008
0.43434328218245355 16.144 0.009
0.43713096948931707 16.165 0.01
0.43836729496047155 16.123 0.008
0.4418279463839099 16.122 0.008
0.44204138283976135 16.143 0.009
0.44284106490476915 16.133 0.009
0.4433686916181614 16.128 0.008
0.44393099056060237 16.122 0.007
0.4464333619712306 16.132 0.008
0.4489650617424559 16.112 0.007
0.44950801171353305 16.1 0.01
0.4514768662397728 16.129 0.009
0.46071469355911177 16.116 0.009
0.46214417423038867 16.098 0.01
0.4629575859903525 16.116 0.008
0.465275799448591 16.117 0.01
0.46618116150580136 16.112 0.008
0.4661875995943774 16.119 0.009
0.4668289379515045 16.109 0.008
0.46911875221530863 16.101 0.008
0.4697694616579611 16.138 0.008
0.4713038399395373 16.12 0.007
0.4715529973886987 16.101 0.007
0.47207188109359777 16.11 0.009
0.47215205255224646 16.105 0.008
0.4725582143860265 16.121 0.01
0.47353900793405046 16.115 0.008
0.474162058228103 16.102 0.008
0.4746264742548192 16.095 0.008
0.4747730981166569 16.116 0.009
0.4765067336725224 16.121 0.008
0.47697905423137854 16.096 0.008
0.4792121821847104 16.106 0.007
0.4801479941170328 16.121 0.007
0.4804127018787767 16.123 0.009
0.48099098095553927 16.122 0.007
0.4810228458027268 16.096 0.008
0.4827833868143898 16.103 0.009
0.483497656495274 16.122 0.009
0.48639464085363215 16.095 0.01
0.4905491006070406 16.098 0.01
0.4913867224090609 16.113 0.008
0.49205388865789246 16.095 0.008
0.4928976261817297 16.102 0.008
0.4935951212028158 16.117 0.007
0.49423721475682214 16.103 0.009
0.49448296704986205 16.106 0.009
0.4972381871129983 16.1 0.008
0.4975838881537129 16.104 0.007
0.5007455091379143 16.114 0.008
0.5039195491817736 16.082 0.009
0.5053699558420703 16.093 0.009
0.5056679102212911 16.107 0.009
0.5057875000036347 16.102 0.008
0.5080802109446267 16.141 0.01
0.5082095395246142 16.103 0.007
0.5112675871814645 16.108 0.008
0.5139029828869752 16.108 0.009
0.5147359085615335 16.085 0.009
0.51521074594325 16.098 0.01
0.5152241017995038 16.08 0.007
0.5161705984610307 16.096 0.009
0.5169444662819842 16.106 0.009
0.5176785177645797 16.087 0.008
0.5192636043939274 16.104 0.01
0.521337368562854 16.1 0.007
0.5237732497466823 16.095 0.007
0.5250983065811852 16.099 0.008
0.5281782472161467 16.121 0.01
0.5306925397369469 16.103 0.008
0.5325545095874986 16.095 0.009
0.536016532142412 16.094 0.008
0.5398531270914191 16.099 0.01
0.5401573409681077 16.085 0.007
0.5420518778873884 16.108 0.007
0.5425247145558387 16.099 0.009
0.5432895851286048 16.107 0.008
0.5435845626702758 16.076 0.007
0.5477046422583953 16.099 0.008
0.547808503136821 16.1 0.008
0.5493188106393063 16.109 0.009
0.5502336557506169 16.116 0.008
0.5512656207802138 16.132 0.008
0.5522344447554133 16.108 0.009
0.55312776309529 16.115 0.01
0.5532670786947165 16.106 0.008
0.5544310540703918 16.096 0.009
0.5544629325654569 16.089 0.008
0.5555272664082622 16.103 0.007
0.5557888035891665 16.088 0.008
0.5589384383440574 16.093 0.008
0.5604369548650538 16.108 0.007
0.5609465719307991 16.102 0.008
0.563072442874045 16.117 0.009
0.5632900033633632 16.1 0.008
0.5634491567484474 16.129 0.011
0.5651344327170591 16.117 0.007
0.5675627529030862 16.104 0.009
0.5694844751981236 16.128 0.01
0.5717675578059698 16.135 0.008
0.5735119370833672 16.115 0.007
0.5744814995996421 16.127 0.007
0.5757945853565616 16.101 0.008
0.5764484668848127 16.103 0.008
0.5766392353898482 16.116 0.008
0.5766588900719398 16.118 0.008
0.5772391093655642 16.1 0.009
0.5795057941600135 16.109 0.008
0.5845729726963782 16.125 0.008
0.5857968337631974 16.115 0.01
0.58760826772982 16.106 0.009
0.5883116287454868 16.136 0.008
0.5888791807574307 16.113 0.009
0.5891642953902192 16.106 0.008
0.5899048877936366 16.144 0.01
0.5922477441240517 16.107 0.008
0.594030666928802 16.131 0.009
0.5940365177721105 16.143 0.009
0.5958448901180873 16.121 0.008
0.5980507902486352 16.126 0.009
0.5990336647805634 16.127 0.009
0.5992551948886558 16.127 0.009
0.5999634321269696 16.116 0.007
0.6020861869692453 16.112 0.008
0.6074465420933848 16.115 0.008
0.6080155182116869 16.127 0.008
0.6092441737259833 16.125 0.008
0.6105154620954636 16.116 0.009
0.611173340537789 16.14 0.007
0.6145307984884312 16.136 0.008
0.614816544207315 16.134 0.008
0.616338862115299 16.124 0.008
0.616387463798219 16.137 0.007
0.6176539909215535 16.134 0.009
0.6184101942449161 16.133 0.01
0.6239834908833473 16.136 0.009
0.6241259074322443 16.154 0.008
0.6244391170525887 16.142 0.01
0.6257133141327813 16.151 0.009
0.625981776712706 16.146 0.008
0.629957383054716 16.119 0.008
0.6310887822264704 16.136 0.008
0.6319074212647138 16.144 0.007
0.6319967125782568 16.134 0.009
0.6339042693393822 16.146 0.01
0.6355112717296834 16.136 0.008
0.638096361614771 16.163 0.01
0.6381982535876887 16.137 0.01
0.6383632033362119 16.137 0.009
0.6385111105378201 16.145 0.007
0.6386323256904234 16.173 0.01
0.6389116454638497 16.145 0.008
0.6392685094092485 16.17 0.008
0.6413227974878737 16.164 0.011
0.6420406327563342 16.171 0.01
0.642058053654182 16.163 0.008
0.6433157227927495 16.161 0.008
0.6442329001188227 16.138 0.009
0.644452303898106 16.158 0.009
0.6448057868637989 16.154 0.008
0.6481551586834939 16.151 0.007
0.6485526289798145 16.141 0.008
0.650800272017932 16.14 0.007
0.6514262144778513 16.158 0.008
0.6529187665721565 16.157 0.01
0.6529525852834013 16.172 0.009
0.6553049866683978 16.181 0.009
0.6556578567083307 16.185 0.011
0.6577038059199367 16.179 0.008
0.6586536017862272 16.151 0.009
0.6594847839955946 16.163 0.008
0.6601120264504061 16.167 0.008
0.6609100998011854 16.148 0.008
0.6609154633338221 16.162 0.01
0.6614350159486548 16.194 0.009
0.6615521888429612 16.159 0.008
0.6617497752918098 16.188 0.009
0.6638766360074442 16.158 0.009
0.6641029712020554 16.207 0.01
0.6683587069946952 16.169 0.008
0.6687813104822453 16.199 0.009
0.6688249239748529 16.193 0.01
0.6714890760576964 16.151 0.008
0.6715855212187307 16.187 0.008
0.6754212535147417 16.196 0.007
0.678571349899812 16.165 0.007
0.6795744814003228 16.166 0.008
0.6807174763073363 16.228 0.009
0.6810258656892074 16.194 0.008
0.6820993617234308 16.248 0.009
0.6825932242052204 16.264 0.01
0.6840979684156991 16.164 0.009
0.6872043831804149 16.191 0.009
0.6874448249163834 16.189 0.009
0.6890144172166401 16.267 0.01
0.689193671762041 16.184 0.01
0.6896215873109668 16.263 0.009
0.6896278861365772 16.258 0.01
0.6902277479689474 16.233 0.008
0.6904011213673584 16.245 0.01
0.694110150866436 16.222 0.007
0.6952728700871376 16.241 0.007
0.6956559977629695 16.256 0.01
0.6963401369278017 16.271 0.01
0.6968258829742808 16.282 0.013
0.6979986028627536 16.221 0.009
0.6984833576329947 16.25 0.009
0.6985041155594445 16.292 0.01
0.6990664977806773 16.22 0.01
0.6991118259400082 16.278 0.012
0.6998713466277877 16.273 0.01
0.7017984430945035 16.25 0.008
0.7059056314647023 16.281 0.007
0.706454518566261 16.257 0.008
0.7068009596523552 16.232 0.008
0.7073257501849639 16.314 0.01
0.7076486274668241 16.265 0.007
0.7083289528209207 16.305 0.01
0.708987892171308 16.333 0.009
0.7101313472039692 16.285 0.008
0.7116394466029305 16.282 0.01
0.7117807614117737 16.271 0.01
0.7132453048059233 16.328 0.009
0.7155831608026801 16.314 0.01
0.7158625910399223 16.328 0.01
0.7190884866270153 16.327 0.01
0.7216594216179146 16.328 0.01
0.7266538762207801 16.349 0.01
0.7279274680063281 16.287 0.01
0.7280837610337585 16.283 0.009
0.7282417823753349 16.301 0.015
0.7304188671369047 16.352 0.011
0.7316859633456261 16.295 0.009
0.7328075147602249 16.292 0.009
0.7331268717998682 16.356 0.008
0.7341134632151807 16.375 0.01
0.7364479533841859 16.377 0.009
0.7403736610558553 16.339 0.009
0.7408804995388891 16.337 0.012
0.7416971953516622 16.407 0.011
0.7443516827811436 16.367 0.01
0.7447665633362703 16.39 0.01
0.7448874682656879 16.391 0.01
0.7449313889733276 16.415 0.009
0.7453955629043776 16.328 0.01
0.7484063830179366 16.376 0.009
0.7526370461150691 16.364 0.01
0.7531561658995543 16.406 0.01
0.7537696908034377 16.401 0.01
0.7559113299785167 16.391 0.01
0.7570653894699717 16.412 0.009
0.758651226783968 16.369 0.009
0.7594309439441531 16.379 0.01
0.7595189684629986 16.389 0.01
0.7605168060622418 16.401 0.008
0.7614361641967662 16.394 0.009
0.7632726572110187 16.395 0.01
0.765452685609489 16.395 0.009
0.7662668389189093 16.407 0.01
0.7669081924277634 16.392 0.01
0.768535757497375 16.398 0.01
0.7686261535595804 16.37 0.01
0.7687648425858242 16.374 0.009
0.7710488029983935 16.39 0.01
0.7747603871443971 16.395 0.01
0.7754856971223489 16.366 0.01
0.7792826195084217 16.376 0.011
0.7796492162351569 16.392 0.01
0.7811814726997 16.385 0.009
0.7824250337928333 16.361 0.01
0.7824357608585615 16.359 0.009
0.7826740369382605 16.385 0.01
0.7830315728015194 16.355 0.011
0.7846135433294421 16.365 0.01
0.7895134793407124 16.345 0.01
0.7914820674841394 16.381 0.008
0.7958766027663842 16.377 0.009
0.796261042581591 16.381 0.009
0.7971962975720999 16.365 0.01
0.7976861086604004 16.378 0.009
0.7980719710785706 16.373 0.008
0.7986159986135135 16.371 0.009
0.799882649848314 16.343 0.01
0.8039842189418778 16.37 0.008
0.8049163578311891 16.36 0.01
0.8063551974446455 16.308 0.009
0.8073626845459785 16.301 0.009
0.8078184408432207 16.313 0.009
0.8101854935684969 16.295 0.01
0.8113404868481666 16.319 0.008
0.8119215006677223 16.37 0.009
0.8123072556300031 16.353 0.008
0.8129633739504243 16.266 0.009
0.8157144896440514 16.263 0.009
0.8202393599344759 16.294 0.009
0.8209069181816631 16.329 0.009
0.8222412658310532 16.295 0.008
0.8226358046345013 16.296 0.01
0.8248943548339867 16.263 0.01
0.8286684549655092 16.262 0.011
0.8298579388745111 16.242 0.009
0.8304132519215273 16.246 0.009
0.830913859706925 16.294 0.01
0.8325658875533009 16.27 0.008
0.8326370739077902 16.303 0.01
0.8332580145292923 16.306 0.009
0.8334537697207907 16.207 0.009
0.8342064876171662 16.218 0.008
0.8371921911952995 16.241 0.007
0.8377218564455688 16.211 0.01
0.8379463998217034 16.272 0.01
0.8387902523218145 16.265 0.008
0.8391908432317905 16.197 0.008
0.8425191877336147 16.276 0.009
0.843062640167318 16.245 0.009
0.8451681557112352 16.251 0.01
0.8505646389787671 16.186 0.009
0.8515523624382695 16.177 0.008
0.8521620720275678 16.176 0.009
0.8533610011668316 16.234 0.007
0.8576005040895325 16.219 0.008
0.8648868977807069 16.181 0.007
0.8674983301634711 16.201 0.008
0.8682696978171407 16.203 0.008
0.869125282306868 16.204 0.008
0.871301179040529 16.179 0.009
0.8720740374251363 16.181 0.007
0.8724336951047462 16.169 0.009
0.8747012985356832 16.16 0.008
0.8776917512168438 16.195 0.009
0.8828092915573507 16.171 0.009
0.88337815570776 16.176 0.01
0.8839617165426716 16.14 0.009
0.8849239314690749 16.173 0.008
0.8858284929842739 16.167 0.009
0.8863425004667533 16.152 0.009
0.8887537236262233 16.155 0.009
0.8889349773808135 16.159 0.008
0.8896705119625494 16.138 0.008
0.8902211440338306 16.142 0.01
0.8909371072129488 16.143 0.008
0.8912146775041947 16.158 0.008
0.8912590991703837 16.185 0.01
0.8976677686741823 16.175 0.009
0.8989370305396278 16.134 0.01
0.9022160938093293 16.141 0.008
0.9044002840655594 16.167 0.009
0.9046091575296487 16.149 0.008
0.9050828613633257 16.12 0.008
0.9053169482899648 16.137 0.009
0.9058647866272622 16.15 0.008
0.9070137716407771 16.155 0.009
0.9114362081677427 16.151 0.009
0.9132598614355629 16.151 0.009
0.9160608198158116 16.145 0.008
0.917716033394754 16.152 0.007
0.9190798956269646 16.142 0.01
0.9209133451795424 16.122 0.007
0.9209474589624733 16.119 0.008
0.9210207701414674 16.126 0.007
0.9230215439943095 16.122 0.009
0.9240708451384307 16.122 0.008
0.926923659061913 16.128 0.01
0.929580200179771 16.135 0.008
0.9302831798372608 16.127 0.007
0.9329548671257726 16.109 0.009
0.9345905093023248 16.141 0.007
0.9347992404955221 16.107 0.007
0.9361905544860747 16.13 0.009
0.9371345524850767 16.13 0.008
0.9388043492765519 16.11 0.009
0.9406861735687926 16.133 0.008
0.9429575090346134 16.101 0.008
0.943541974969321 16.117 0.008
0.9459299263876346 16.129 0.007
0.9480196585479916 16.12 0.009
0.9492094633201305 16.121 0.008
0.9506738251147908 16.119 0.009
0.9532287391389218 16.118 0.008
0.9537216496721612 16.111 0.009
0.9537406217966691 16.103 0.01
0.957445403150814 16.107 0.008
0.9590270634557783 16.128 0.009
0.959963633593361 16.12 0.009
0.9616267653518662 16.097 0.007
0.96172497063435 16.102 0.009
0.9623181976267006 16.101 0.008
0.962395013897094 16.115 0.009
0.9641910806547003 16.113 0.008
0.9670662991538848 16.105 0.009
0.9684431993882754 16.103 0.007
0.9684573634176559 16.124 0.009
0.969089970909863 16.124 0.009
0.9700288384469786 16.118 0.007
0.9719415090137318 16.093 0.008
0.9725078866454169 16.103 0.009
0.9744851526775165 16.107 0.008
0.9766965449648524 16.089 0.01
0.9768070815152896 16.105 0.01
0.9777346120690709 16.12 0.008
0.9794160712190205 16.099 0.008
0.9797283318991958 16.094 0.007
0.9803169067158706 16.106 0.008
0.9822657130575863 16.117 0.009
0.9822928001131004 16.104 0.008
0.9827530799625492 16.107 0.009
0.9848907418881936 16.091 0.008
0.9851702962366744 16.084 0.008
0.986546636520643 16.106 0.009
0.9874840148315798 16.09 0.009
0.9904332724115648 16.099 0.008
0.9922799068604036 16.105 0.007
0.9923550628338944 16.073 0.008
0.9927983259276516 16.106 0.01
0.9947911952485811 16.103 0.008
0.9969741445006548 16.11 0.007
0.99797315497608 16.102 0.009
0.9997777846472218 16.099 0.01
