0.0018508737084630411 18.033 0.024
0.0027297688334328996 18.071 0.027
0.004175346381316558 18.071 0.027
0.004631444039205235 18.103 0.025
0.00786793685210796 18.144 0.037
0.009375836966455608 18.136 0.026
0.01549887953774487 18.049 0.025
0.017474285034040804 18.108 0.029
0.01946570800328118 18.035 0.027
0.020253194144743247 18.109 0.028
0.02090650283071227 18.159 0.044
0.02192264613017869 18.028 0.027
0.02281330595315012 18.101 0.033
0.022942340036479436 18.144 0.034
0.023004154744285188 18.095 0.029
0.025310962708772422 18.058 0.025
0.02614631506094156 18.055 0.027
0.027596096809929804 18.07 0.025
0.02867870578734255 18.05 0.033
0.03144765862816712 18.066 0.045
0.03418500120505996 18.083 0.028
0.03638694261940145 18.044 0.024
0.036793154401493666 18.014 0.032
0.03786133940639047 18.022 0.028
0.038242313468344946 18.116 0.034
0.04002115195862643 17.978 0.022
0.04314595890741657 18.104 0.028
0.04517093746790124 18.073 0.029
0.04555733385950589 18.106 0.021
0.04609013315894117 18.115 0.032
0.04659301506239899 18.083 0.027
0.05255011903000195 18.112 0.026
0.054561506066875154 18.085 0.025
0.05465385054503713 18.102 0.026
0.05818702584019775 18.042 0.026
0.05839445590413561 18.049 0.022
0.0607970242601823 18.049 0.031
0.06112081912829126 17.993 0.032
0.06430482493669842 18.079 0.024
0.06553352327364337 18.13 0.029
0.06806220367275273 18.192 0.037
0.06894602578404374 18.077 0.028
0.06937268299225252 18.056 0.025
0.06974342256194177 18.182 0.04
0.07121799893911884 18.158 0.031
0.07202794649560929 18.215 0.045
0.07245613023223996 18.036 0.022
0.07272738068377294 18.053 0.031
0.07403649466823481 18.018 0.031
0.07563765782674636 18.074 0.025
0.07755824751870932 18.087 0.036
0.07846175694635349 18.07 0.025
0.08167193743975076 18.1 0.042
0.08261789074799708 18.126 0.04
0.08269227169012083 18.143 0.028
0.08505113461023939 18.093 0.027
0.08586246442951051 18.175 0.028
0.08659942582085023 18.104 0.028
0.08776833132242245 18.121 0.025
0.09043859731809789 18.136 0.027
0.09404771687945868 18.168 0.035
0.0946855012296055 18.027 0.039
0.09559893160212596 18.039 0.034
0.09800368302285278 18.162 0.035
0.10003441365211074 18.025 0.035
0.1015769991624893 17.994 0.036
0.10461738131039056 18.105 0.029
0.10487423796712392 18.194 0.034
0.10721932756723618 18.184 0.028
0.10841287828361601 18.135 0.047
0.10857847536954068 18.1 0.039
0.10991948445894195 18.141 0.021
0.1115732958139688 18.1 0.027
0.1116434718196615 18.092 0.027
0.1140692736867095 18.145 0.029
0.1154522820938837 18.163 0.027
0.11641730593191824 18.17 0.028
0.11752236380993963 18.105 0.032
0.11828242475439765 18.151 0.021
0.12101388424684956 18.194 0.045
0.12343115921066783 18.079 0.034
0.1237775494505513 18.06 0.024
0.12387749638082823 18.169 0.036
0.1251830472435813 18.183 0.034
0.1277144870198299 18.084 0.027
0.12872691852066964 18.204 0.028
0.12880049719046838 18.066 0.029
0.13641965972283288 18.2 0.021
0.13775246797104046 18.186 0.043
0.14056248316524034 18.163 0.035
0.14240995199952522 18.199 0.029
0.14346696481220533 18.124 0.035
0.1457451449070959 18.227 0.021
0.1531260208087133 18.21 0.025
0.1535534493771138 18.172 0.026
0.15433055014182173 18.165 0.031
0.154864091359741 18.071 0.04
0.15534529866408775 18.165 0.022
0.15590629452003668 18.246 0.041
0.1573859517091023 18.165 0.02
0.16170955284906086 18.101 0.033
0.1654740467836291 18.035 0.039
0.16628678830738863 18.151 0.039
0.1667068035860666 18.369 0.031
0.16904226591987026 18.255 0.024
0.17021641636733875 18.192 0.027
0.1721472412868934 18.159 0.021
0.17261418434054576 18.231 0.031
0.17346332326201264 18.195 0.022
0.17372716042473257 18.257 0.034
0.1739917682111809 18.202 0.033
0.17406055238188856 18.303 0.039
0.17579707947743373 18.1 0.045
0.1837223721686314 18.231 0.034
0.18512195449420688 18.233 0.028
0.18555188114487464 18.261 0.029
0.186486674775324 18.201 0.026
0.1909898384258213 18.181 0.042
0.19278260848614082 18.183 0.024
0.19568031645258088 18.27 0.033
0.1956854421623575 18.201 0.033
0.19806305249221623 18.202 0.029
0.19997498132397595 18.343 0.052
0.20037730171679868 18.218 0.025
0.20197503203462475 18.329 0.039
0.2043066346273008 18.25 0.027
0.2078193689087584 18.329 0.034
0.2080047968411236 18.156 0.043
0.20828120097303326 18.26 0.032
0.20978690256720256 18.296 0.039
0.2111065196927484 18.105 0.025
0.2127017990319473 18.327 0.043
0.2155804305853053 18.181 0.024
0.21912679700335502 18.316 0.04
0.22234329483535475 18.235 0.04
0.22238529194692092 18.202 0.031
0.2225952186224731 18.235 0.037
0.22380129214639055 18.265 0.033
0.22393440015071064 18.481 0.054
0.22486005744576687 18.327 0.024
0.2253649722647424 18.451 0.062
0.22622944047589044 18.482 0.025
0.22643220779082185 18.204 0.034
0.22656035201316627 18.464 0.029
0.22795975989652106 18.297 0.04
0.23033878045976053 18.288 0.029
0.23057458446396595 18.517 0.032
0.23102634543465683 18.279 0.047
0.235254041182543 18.258 0.029
0.23575195709781838 18.286 0.035
0.23888916908845204 18.256 0.033
0.2416006475859831 18.344 0.032
0.2423250390661451 18.094 0.032
0.24351193754432643 18.241 0.043
0.245479633865898 18.339 0.032
0.2476374245459283 18.457 0.052
0.24892467109066274 18.329 0.036
0.24950037281860205 18.272 0.025
0.25 18.576 0.057
0.2500113193996185 18.342 0.039
0.2535948405900399 18.405 0.028
0.253611881146071 18.407 0.045
0.2551188413535783 18.281 0.036
0.25544296301859504 18.243 0.056
0.2563270854275288 18.513 0.033
0.2578557239114616 18.471 0.037
0.25957614668050155 18.476 0.045
0.25994563794438363 18.329 0.032
0.26142080829777115 18.385 0.036
0.2629833902592509 18.393 0.043
0.26336604246898787 18.315 0.037
0.26451046762531405 18.363 0.047
0.26465409128581996 18.308 0.028
0.2647629839173078 18.455 0.051
0.2709589824771683 18.188 0.028
0.2727238982338349 18.239 0.039
0.2748246576625206 18.366 0.035
0.27553917235945846 18.502 0.042
0.27996070591234457 18.336 0.04
0.28002546105904 18.448 0.029
0.28283143545104394 18.491 0.041
0.28285711846865524 18.266 0.029
0.2892779593430532 18.325 0.031
0.2899658106309744 18.403 0.034
0.2928296030902402 18.306 0.029
0.2943500090852922 18.346 0.039
0.29546980080567664 18.46 0.045
0.29620942147221285 18.282 0.026
0.29640385325319585 18.151 0.027
0.2977657795668165 18.341 0.035
0.30030513828478433 18.312 0.043
0.3007607759241182 18.282 0.031
0.30198622321699986 18.221 0.032
0.3036456063152855 18.367 0.028
0.30676916495826845 18.362 0.056
0.3075159015581903 18.442 0.037
0.31225486700668625 18.449 0.049
0.31612626481955886 18.242 0.027
0.31643410330320876 18.244 0.032
0.31644494722741 18.178 0.027
0.31699304931657935 18.325 0.037
0.3180294864230291 18.3 0.054
0.31910946556718045 18.358 0.027
0.31922039479150044 18.232 0.04
0.31993275292416 18.226 0.042
0.32064554604653495 18.186 0.036
0.32141627206056 18.468 0.037
0.32199012046316966 18.353 0.043
0.32351781904071686 18.291 0.033
0.3256862924527013 18.259 0.035
0.32710539796039484 18.276 0.035
0.32899098723805764 18.212 0.033
0.33232880924356323 18.239 0.02
0.33389494034054223 18.237 0.034
0.3343660603600256 18.302 0.033
0.33716119009204704 18.258 0.031
0.33850963970644443 18.272 0.041
0.3389748619204056 18.503 0.031
0.3410545863589505 18.173 0.025
0.3413438268462414 18.193 0.033
0.3418862070434443 18.177 0.032
0.3419054166784008 18.24 0.025
0.345261065320301 18.247 0.027
0.34670867799059124 18.281 0.034
0.35291800604250056 18.388 0.04
0.35371322932860494 18.338 0.047
0.3537508904889819 18.205 0.027
0.3549777318235101 18.212 0.033
0.3578072518025692 18.213 0.035
0.35852239065252434 18.208 0.031
0.3666355769751135 18.255 0.027
0.36780711451660864 18.247 0.034
0.3680421449548703 18.205 0.039
0.3683804999584481 18.202 0.028
0.370022530424194 18.206 0.026
0.3702824894473906 18.185 0.021
0.3708285836496543 18.227 0.025
0.3714503115129446 18.135 0.029
0.37171863404046235 18.179 0.026
0.3719398639236715 18.183 0.036
0.3721442063415452 18.143 0.036
0.37264784414855967 18.359 0.039
0.37396347935441554 18.196 0.032
0.3740730241097481 18.189 0.043
0.37480130992025806 18.128 0.028
0.3761437314494742 18.154 0.04
0.37651458731397724 18.262 0.034
0.37845952486486567 18.158 0.024
0.38046626387381366 18.071 0.025
0.3834764290638759 18.168 0.032
0.384001147493791 18.188 0.031
0.3859624852561865 18.094 0.026
0.38773433956316694 18.153 0.039
0.3889111485500507 18.194 0.024
0.39062476819708536 18.138 0.031
0.3909183159303211 18.25 0.028
0.3937201162980273 18.171 0.026
0.3941224668678842 18.186 0.034
0.3972465171773365 18.073 0.035
0.39933950781278327 18.214 0.047
0.4028942524555532 18.114 0.031
0.40452031181666825 18.193 0.039
0.4071642559206339 18.18 0.024
0.4075603988151215 18.146 0.035
0.4081172037199394 18.133 0.029
0.4085551810630932 18.137 0.025
0.40953304125628165 18.163 0.022
0.4097767031130388 18.308 0.041
0.4128259396966314 18.135 0.028
0.41332418535057514 18.168 0.022
0.41344097999626683 18.257 0.037
0.4135736117905253 18.148 0.024
0.41384273806079364 18.121 0.028
0.4148797720852144 18.12 0.027
0.41544183739210894 18.16 0.026
0.41578344344043217 18.123 0.031
0.420626042589447 18.186 0.026
0.4211543418027759 18.145 0.026
0.4215055449403735 18.256 0.035
0.4231046737131692 18.085 0.031
0.42458110562211004 18.067 0.022
0.43257781011061525 18.088 0.044
0.4333063763501741 18.195 0.04
0.434647892562225 18.11 0.035
0.4356298104844427 18.011 0.026
0.4365996177789384 18.109 0.035
0.4369664666951394 18.203 0.044
0.43748035224462 18.14 0.037
0.4378244423896831 18.159 0.026
0.43810733830287063 18.084 0.024
0.4392684904680664 18.139 0.036
0.4394328664834575 18.095 0.025
0.44232886759596113 18.057 0.029
0.44703916469029537 18.085 0.025
0.44887994669716136 18.257 0.043
0.4501140842917266 18.137 0.033
0.45269790655584075 18.069 0.024
0.45331015362444305 18.164 0.034
0.4535678125530467 18.069 0.02
0.45472879984868086 17.977 0.022
0.4563118081027824 18.054 0.027
0.4572585327712204 18.133 0.028
0.4576037041467771 18.107 0.019
0.4577253116904103 18.107 0.032
0.45893018401238805 18.062 0.02
0.459251349047463 18.094 0.037
0.4595864066379818 18.116 0.028
0.4601192052018632 18.065 0.025
0.4642634410838582 18.154 0.048
0.4643489485856662 18.062 0.018
0.46794333136290334 18.053 0.028
0.4684885202480018 18.08 0.026
0.4685314226767332 18.074 0.021
0.4691402670810021 18.089 0.031
0.47245903033535797 18.121 0.032
0.4730263847509377 18.041 0.021
0.47350757659910414 18.069 0.025
0.4774846248360518 18.081 0.025
0.4786679101480331 18.141 0.033
0.4794223875703665 18.163 0.034
0.4843685166392788 18.019 0.037
0.48495814036459706 18.087 0.026
0.48597783427067043 18.09 0.031
0.48689284415900147 18.07 0.028
0.4871783559203777 18.059 0.027
0.49081238640451375 18.103 0.033
0.4925425843823632 18.096 0.041
0.4939299287416361 18.076 0.031
0.4939553460517345 18.061 0.029
0.49473056037254537 18.021 0.027
0.49490997273414905 18.055 0.026
0.49825942842221593 18.081 0.026
0.4989479141704578 18.121 0.036
0.49920759350061417 18.058 0.045
0.49936960759714566 18.03 0.031
0.49937828611950863 18.094 0.037
0.5002552749315328 18.22 0.056
0.5014272702856033 18.185 0.039
0.5019532664628059 18.148 0.049
0.5039363112073261 18.151 0.026
0.5040190276833982 18.057 0.028
0.5055845206422873 18.058 0.034
0.5056257449230088 17.997 0.022
0.5058443457082831 18.05 0.029
0.5063190303196734 18.07 0.039
0.5088951132327111 18.101 0.029
0.5097076736951749 18.072 0.026
0.5116149235866487 18.101 0.026
0.5124860778896618 18.049 0.026
0.5126379023915888 18.065 0.039
0.515107229368823 18.066 0.026
0.5177139760087357 18.068 0.024
0.5208217563867947 18.055 0.027
0.5234441134803092 18.091 0.035
0.526570777431516 18.239 0.034
0.5270899572371945 18.115 0.028
0.5280292811303298 18.082 0.02
0.5307438480090241 18.074 0.024
0.5308669872290466 18.061 0.029
0.5314335695491081 18.041 0.026
0.5319077786853086 18.09 0.033
0.5320171593061787 18.057 0.026
0.5327130760067575 17.987 0.027
0.5339713693558679 18.094 0.024
0.5355780696686452 18.082 0.026
0.5359364196524439 18.116 0.026
0.5360327732846599 18.034 0.031
0.5383148182691002 18.069 0.036
0.541151440196245 18.083 0.029
0.5426834931231497 18.046 0.037
0.5446017783078787 18.061 0.02
0.5466368603451883 18.165 0.032
0.5478489825582074 18.13 0.036
0.5487977261568631 18.039 0.017
0.5498733678782628 18.087 0.021
0.5501801082050406 18.036 0.022
0.5550645587295548 18.075 0.034
0.5552659577665509 18.125 0.031
0.5566088084024159 18.157 0.034
0.5573195921670049 18.13 0.027
0.5577340393799659 18.033 0.029
0.5586905532420587 18.165 0.032
0.56050639414957 18.099 0.036
0.56267161063397 18.076 0.025
0.5652414998569384 18.129 0.026
0.5652461324289106 18.064 0.024
0.5680931699096163 18.109 0.031
0.5687553035895689 18.067 0.024
0.5689872441751049 18.112 0.027
0.5693509863122017 18.08 0.029
0.5705508793957961 18.042 0.027
0.5739753122086313 18.041 0.028
0.5794379323667727 18.076 0.019
0.5794407079361008 18.077 0.032
0.5801488795300429 18.113 0.029
0.5809121959318873 18.139 0.036
0.5813118872265477 18.132 0.031
0.5826755226005389 18.122 0.033
0.5835542359295687 18.138 0.034
0.5852480401863431 18.134 0.032
0.5865228802181264 18.059 0.025
0.5949481129027845 18.024 0.031
0.5955768065512075 18.102 0.027
0.5970614385655608 18.041 0.026
0.5988458451215593 18.149 0.028
0.5994552996935454 18.087 0.029
0.600135127523572 18.149 0.047
0.601248070488964 18.063 0.026
0.6013481859661169 18.181 0.024
0.6015599534525791 18.142 0.036
0.6032167184962418 18.195 0.039
0.6053746438690268 18.117 0.028
0.6055526585114421 18.195 0.027
0.6084988399147733 18.128 0.04
0.6137947493732554 18.134 0.027
0.615426245049548 18.116 0.052
0.6160420743719897 18.14 0.027
0.6173801408158397 18.126 0.051
0.6210247068254375 18.033 0.034
0.6221977996010537 18.087 0.032
0.6237707220411721 18.082 0.027
0.6248547714289998 18.301 0.027
0.6249873737813232 18.213 0.024
0.6255649332470057 18.181 0.026
0.6261122764908578 18.243 0.027
0.6263506956079254 18.113 0.02
0.6289242981008556 18.209 0.031
0.6319243745347194 18.064 0.031
0.6322768421700857 18.198 0.031
0.6337991360796877 18.205 0.032
0.6338919081931635 18.117 0.041
0.6351771792342333 18.237 0.044
0.6397204668023733 18.077 0.033
0.6406518467251772 18.086 0.031
0.6409733083798983 18.019 0.032
0.6428767257650634 18.177 0.029
0.6429572716911025 18.111 0.034
0.6446518311163345 18.139 0.031
0.6477534207465396 18.333 0.049
0.6480065464711515 18.127 0.027
0.6505153901398444 18.102 0.029
0.6509055020078449 18.221 0.031
0.6511041085484521 18.211 0.034
0.6525229005087567 18.149 0.024
0.6541159504154166 18.072 0.034
0.655352259295114 18.17 0.034
0.657585486383141 18.166 0.039
0.6580293578540477 18.22 0.027
0.6595877378210844 18.284 0.031
0.6604667764759142 18.279 0.036
0.6626357091713544 18.07 0.027
0.6634673460471276 18.213 0.029
0.6639058857190321 18.053 0.032
0.6657169902739497 18.179 0.027
0.6669292582232629 18.187 0.047
0.6670950179727697 18.202 0.033
0.6672916497448114 18.407 0.042
0.6687175429183299 18.222 0.028
0.6696581018672987 18.34 0.033
0.6716184886795418 18.235 0.031
0.6724265799684872 18.275 0.039
0.6728406672655183 18.151 0.043
0.6731454033827049 18.101 0.029
0.6731751735715079 18.304 0.047
0.6732439570064344 18.363 0.055
0.6741939496462237 18.325 0.045
0.6774937984150711 18.102 0.035
0.6781006408161829 18.15 0.033
0.67907839722875 18.354 0.033
0.6823948294768343 18.193 0.039
0.6829750320257517 18.266 0.027
0.683740206165794 18.435 0.042
0.68412734447611 18.242 0.032
0.6844182940235441 18.217 0.024
0.685856919036496 18.282 0.027
0.6883480847463943 18.288 0.029
0.694288954107833 18.352 0.028
0.6962411562703892 18.274 0.031
0.6975287156269587 18.224 0.027
0.6987337042437503 18.205 0.029
0.6988680303768433 18.253 0.031
0.6989349553384727 18.223 0.031
0.700324929531007 18.178 0.032
0.7042230923270836 18.123 0.036
0.7054978455057608 18.288 0.021
0.7080585836731643 18.473 0.052
0.708742865220529 18.224 0.024
0.7088562594092309 18.203 0.033
0.7106169717005741 18.243 0.032
0.7111696018455405 18.339 0.044
0.7128850799663269 18.397 0.041
0.7130430996287487 18.412 0.026
0.715054145148315 18.286 0.029
0.7151226143000713 18.181 0.033
0.7203218573147296 18.226 0.028
0.7210845650195097 18.252 0.045
0.7219725618906523 18.188 0.033
0.7226700389733196 18.204 0.033
0.7231176244495146 18.374 0.031
0.7247074534884632 18.265 0.029
0.724929306053582 18.28 0.032
0.7263590928228041 18.222 0.026
0.729910110210767 18.485 0.033
0.7299482166686175 18.329 0.035
0.7314725133169304 18.494 0.037
0.7337150408743582 18.305 0.04
0.7341350281824361 18.392 0.039
0.736536510160704 18.322 0.027
0.736667714793839 18.342 0.043
0.7383346745805284 18.226 0.042
0.7452548283531542 18.212 0.034
0.7459591218080277 18.313 0.037
0.7464963785018881 18.273 0.036
0.7470976484237326 18.255 0.027
0.7476541441940299 18.273 0.034
0.749560011822723 18.294 0.024
0.7514510072385292 18.188 0.029
0.75163150524304 18.466 0.039
0.7546224313566654 18.19 0.034
0.7562846363928202 18.494 0.028
0.7563848681643321 18.451 0.035
0.7567952701620015 18.493 0.042
0.7572228621286285 18.464 0.024
0.7580822200861803 18.529 0.043
0.7622762940059147 18.254 0.035
0.7628261331255999 18.525 0.04
0.7667725073272322 18.317 0.035
0.766872589685363 18.333 0.034
0.7682053971984715 18.281 0.034
0.7749977188250341 18.343 0.025
0.7751871912371371 18.302 0.028
0.7777569133845645 18.402 0.037
0.77808844760375 18.555 0.055
0.7873699322024095 18.406 0.031
0.7921030035233798 18.418 0.032
0.7938156714849356 18.376 0.04
0.7945206038132255 18.319 0.045
0.7960019678562276 18.529 0.044
0.7960583624405899 18.537 0.064
0.7969316527041883 18.311 0.029
0.7986347397677491 18.474 0.042
0.7986677499577581 18.326 0.029
0.7987962953161514 18.193 0.037
0.7989269074441836 18.205 0.034
0.8060492198353586 18.269 0.05
0.8060969520886374 18.341 0.034
0.8078933007263913 18.265 0.036
0.8082843341028365 18.218 0.033
0.8089903049699387 18.303 0.025
0.8093119182444752 18.457 0.033
0.8100315557094291 18.381 0.031
0.8105235936884583 18.306 0.031
0.8109905360065568 18.355 0.035
0.8113639039383997 18.212 0.033
0.8134568945743013 18.44 0.039
0.8202811576757085 18.24 0.028
0.8213175955174847 18.391 0.035
0.8246854541553148 18.244 0.04
0.828295524666828 18.229 0.028
0.8293736158957472 18.494 0.049
0.8296241449056652 18.433 0.065
0.8317222870150545 18.22 0.037
0.8337892796139386 18.212 0.035
0.8356088492478193 18.173 0.031
0.8370618879248468 18.217 0.025
0.8372227000838848 18.223 0.025
0.8414767317080987 18.271 0.041
0.841481250192146 18.166 0.043
0.8416755016476145 18.245 0.022
0.8426151258381651 18.237 0.031
0.8431444937671131 18.301 0.035
0.844023207831242 18.322 0.032
0.8460104104080983 18.356 0.041
0.8493532241659523 18.285 0.025
0.8501682805049313 18.249 0.034
0.850597092071439 18.297 0.028
0.8512666809970142 18.237 0.034
0.8583840325479741 18.213 0.028
0.8598128992791771 18.242 0.036
0.8605997465467681 18.261 0.034
0.8623445171749609 18.127 0.033
0.86330908320042 18.078 0.036
0.8638173705064673 18.23 0.022
0.8668445762525607 18.276 0.037
0.867658889937502 18.14 0.04
0.8692485246654087 18.26 0.026
0.871726989448689 18.224 0.037
0.873220120395672 18.356 0.051
0.8751085029052774 18.272 0.028
0.8763395513831256 18.17 0.032
0.8766165656829799 18.159 0.034
0.8774110021536217 18.205 0.031
0.8776756114111777 18.206 0.033
0.8796846519853716 18.295 0.043
0.879904176485752 18.235 0.029
0.8799343934438184 18.211 0.031
0.8799734184688077 18.357 0.034
0.8802515309257615 18.208 0.026
0.8812939997942522 18.246 0.027
0.8813853940571335 18.317 0.041
0.8824697106240365 18.249 0.027
0.8834153790908204 18.173 0.025
0.8893706577036937 18.123 0.026
0.8912590107720462 18.219 0.027
0.894208608824556 18.174 0.029
0.8948450278387554 18.232 0.031
0.895642733016075 18.208 0.024
0.8961741206112492 18.173 0.035
0.8974932917026308 18.226 0.031
0.8982233020296917 18.137 0.019
0.8998657932500009 18.308 0.04
0.9006820978945598 18.14 0.02
0.9016031211467634 18.125 0.024
0.9077909218071909 18.204 0.027
0.9087677265347338 18.151 0.037
0.9093548830896907 18.124 0.024
0.909996116472712 18.143 0.028
0.9110782492396083 18.139 0.019
0.9150377983723956 18.116 0.033
0.9161563123457199 18.381 0.044
0.9164347376149635 18.185 0.027
0.9179280334310533 18.125 0.04
0.9207938330421257 18.139 0.028
0.9250924923471757 18.193 0.031
0.9267288163769081 18.12 0.066
0.9273963723869656 18.077 0.021
0.928618417751295 18.136 0.028
0.9298387547908078 18.143 0.033
0.9332075658496706 18.072 0.029
0.9354119589781931 18.152 0.027
0.9359825342612567 18.159 0.033
0.9376199152275149 18.19 0.031
0.9389254947964218 18.061 0.024
0.9413895495927136 18.159 0.037
0.9417765259752287 18.24 0.032
0.9418638014199132 18.138 0.033
0.9427166219634273 18.128 0.025
0.9479160143914669 18.121 0.031
0.9510385035830495 18.097 0.027
0.9519632261199149 18.201 0.027
0.9542830780001168 18.13 0.027
0.9556111013212103 18.14 0.043
0.9564157774318574 18.019 0.022
0.9567423478688397 18.1 0.032
0.9599299057549615 18.05 0.022
0.9603420035630279 18.125 0.033
0.9603556120134726 18.276 0.044
0.9615109105352531 18.032 0.033
0.9670244676228776 18.117 0.024
0.9679566321551647 18.125 0.032
0.9680619896364533 18.089 0.021
0.9682282255964765 18.111 0.041
0.9688006755443439 18.081 0.024
0.9689718730796812 18.038 0.036
0.969374669682793 18.049 0.031
0.9697037389382785 18.14 0.034
0.969930389680485 18.063 0.022
0.9715440616619162 18.037 0.026
0.971689395853673 18.064 0.048
0.9739435239744125 18.053 0.027
0.9741670583646282 18.209 0.036
0.9771318532202713 18.125 0.031
0.9773082942306246 18.085 0.031
0.9782925453662301 18.07 0.022
0.9791897087488906 18.072 0.021
0.9795195368499208 17.962 0.024
0.9807646508547805 18.168 0.029
0.9861448518925044 18.062 0.032
0.9865928973872542 18.038 0.022
0.9876609337147784 18.085 0.026
0.9888721035072194 18.218 0.028
0.9904673541402644 18.172 0.033
0.990879004443741 18.159 0.041
0.9912190677721355 18.092 0.025
0.9957936564699139 18.129 0.025
0.9974761398566443 18.069 0.024
0.9976666934985587 18.049 0.021
0.9983832131406416 18.116 0.025
