0.0005243557952780975 17.858 0.028
0.0012569056630127307 17.902 0.022
0.004716016963811853 17.843 0.017
0.005967691869955161 17.855 0.035
0.009454237609588745 17.836 0.019
0.00985079480915374 17.8 0.021
0.012369267443318677 17.878 0.03
0.01360758288501529 17.863 0.021
0.016038037016642193 17.843 0.02
0.020738147141855734 17.861 0.03
0.021890686554797867 17.867 0.041
0.0225738273738898 17.911 0.022
0.02653022439335473 17.837 0.052
0.026669484812373412 17.851 0.039
0.02906514602864263 17.892 0.03
0.03221553680987199 17.86 0.033
0.03517420707748897 17.844 0.03
0.03532503286805877 17.889 0.035
0.035594374422544206 17.858 0.024
0.035797173437458696 17.898 0.034
0.038011940736396355 17.9 0.024
0.03957941228304662 17.873 0.027
0.03971449309256059 17.865 0.025
0.040293780813499325 17.929 0.016
0.04368275334991267 17.848 0.024
0.04442675628069992 17.854 0.028
0.045812796485734 17.869 0.022
0.0459957476055024 17.85 0.02
0.04714322558766071 17.856 0.03
0.047945682131739886 17.861 0.021
0.04879714185562989 17.864 0.028
0.04988482453245524 17.872 0.022
0.0499895008583735 17.822 0.019
0.0520945344210304 17.84 0.029
0.053127986175695696 18.009 0.036
0.0535307376756009 17.867 0.022
0.05527057301833338 17.83 0.032
0.05742892494527041 17.856 0.023
0.061643457483569364 17.824 0.034
0.06247922996226407 17.836 0.024
0.063934434618659 17.866 0.025
0.06472043814096651 17.904 0.036
0.06748693922781968 17.869 0.022
0.06822298852284803 17.914 0.036
0.06981046249984502 17.847 0.015
0.06985713789890724 17.865 0.021
0.07080450455441678 17.894 0.021
0.07211075449413329 17.852 0.019
0.0724534521705209 17.897 0.035
0.07251974337623324 17.894 0.025
0.07261734760140826 17.874 0.025
0.07463623775674932 17.883 0.024
0.08197505683892814 17.896 0.022
0.08387145642291216 17.834 0.03
0.08483296728013556 17.862 0.027
0.08690858244835908 17.877 0.038
0.0878534317462254 17.94 0.03
0.08847265912254443 17.894 0.017
0.08921428429084699 17.911 0.033
0.09023620916468644 17.89 0.016
0.09179184849517696 17.906 0.017
0.09409103835582755 17.929 0.025
0.0973595852769904 17.888 0.019
0.09776155204053794 17.88 0.022
0.09956110915572935 17.953 0.027
0.10030961684833528 17.865 0.028
0.10147004842565366 17.887 0.036
0.10309422171985716 17.901 0.024
0.10760676020527171 17.915 0.029
0.10789431411831174 17.918 0.022
0.10814166957288762 17.876 0.024
0.1103758906733674 17.908 0.023
0.11072262865036464 17.901 0.034
0.11166430740877331 17.877 0.022
0.11265316768185585 17.899 0.027
0.11867664974761283 17.907 0.028
0.11974395084007483 17.946 0.022
0.11992931074337321 17.925 0.025
0.1208732282393612 17.973 0.039
0.12143831718640286 17.925 0.021
0.12162640326960172 17.885 0.025
0.12266117747049066 17.921 0.018
0.1257506283013754 17.863 0.024
0.12793021606148614 17.952 0.039
0.12852423998083395 17.894 0.024
0.12945332850085833 17.895 0.032
0.12949029064111528 17.91 0.018
0.1311180911820884 17.961 0.034
0.13189042961857922 17.97 0.023
0.13192096508578288 17.92 0.022
0.13481364546214536 17.936 0.022
0.13503619557332058 17.924 0.021
0.13613414070778163 17.935 0.026
0.13722145600650038 17.928 0.03
0.137317068807306 17.947 0.028
0.1399256946974674 17.894 0.021
0.14010666588274034 17.917 0.025
0.14152267713052424 17.951 0.026
0.14188504490084597 17.933 0.02
0.1422649945438934 17.914 0.029
0.14428540419157798 17.934 0.022
0.14540245097441584 17.972 0.019
0.15000954263859967 17.949 0.021
0.15093666300026598 17.975 0.021
0.15144702611405592 17.992 0.024
0.15473833238183943 17.888 0.026
0.15534326447095737 17.921 0.034
0.15559134261957297 17.971 0.03
0.1573650893424201 18.0 0.018
0.15752210971913883 17.949 0.023
0.15992476605470074 17.962 0.024
0.1599383768525513 17.977 0.031
0.16151944023795295 17.973 0.026
0.16183599059422704 17.961 0.037
0.16678772884779391 17.956 0.026
0.16984423112262448 17.961 0.028
0.17033876394634717 17.967 0.02
0.17172056249955858 17.914 0.023
0.17215154523637466 18.014 0.028
0.17280331874917465 17.982 0.026
0.17405722894409337 17.975 0.026
0.17596319069980382 18.006 0.032
0.17620245694342884 17.954 0.021
0.17680401311918104 17.957 0.021
0.17905705351404322 18.026 0.03
0.18390830682801607 18.041 0.036
0.1849099971832402 18.026 0.027
0.1903402636175997 17.963 0.037
0.19176588356958746 18.024 0.03
0.19187345640739295 18.026 0.02
0.19434868729103982 18.055 0.031
0.19493320677474912 17.992 0.029
0.19511904607952602 18.052 0.028
0.1955499943455834 17.999 0.031
0.19713116946923037 18.034 0.029
0.1976953694115764 17.97 0.027
0.19920658759110665 18.091 0.033
0.20001569887745063 18.021 0.031
0.20102576051340293 18.005 0.03
0.20334705280311027 18.058 0.031
0.2055667080371677 18.016 0.027
0.2072771249863763 18.061 0.029
0.20752340157378057 18.057 0.02
0.21118572924888213 18.036 0.029
0.21120203520513314 18.042 0.028
0.2112837508325356 17.939 0.02
0.21426183985977332 18.073 0.026
0.21446424823125199 18.053 0.037
0.2186954966164194 18.103 0.024
0.21933337726113677 18.094 0.03
0.22056602003067383 18.039 0.031
0.22086350751396822 18.093 0.026
0.22164490200566433 18.128 0.042
0.22179385672325225 18.126 0.04
0.22387592528002642 18.09 0.024
0.22513521775135814 18.088 0.028
0.22615592099873538 18.04 0.034
0.22808046651152836 18.11 0.036
0.22863338688557633 18.093 0.02
0.22965760880515518 18.138 0.038
0.23057808189469142 18.144 0.028
0.23184524728594624 18.07 0.026
0.2359921891520571 18.184 0.033
0.23603910841529796 18.091 0.031
0.23640067536734932 18.09 0.037
0.23747573333457694 18.097 0.03
0.23792523405199972 18.096 0.035
0.23801048386212642 18.132 0.037
0.23843685756855848 18.133 0.023
0.2386910337909285 18.02 0.023
0.23875016787269487 18.162 0.04
0.2397876254572111 18.135 0.022
0.24021281200793965 18.154 0.031
0.24044891518133227 18.071 0.03
0.24232112439904085 18.129 0.055
0.2437307129932833 18.203 0.034
0.24503152665420203 18.171 0.035
0.24577335288950053 18.102 0.034
0.2468243554953915 18.103 0.03
0.24962183295974683 18.143 0.023
0.24976643745003457 18.148 0.041
0.25 18.207 0.037
0.2563545678385708 18.109 0.036
0.2573873931264643 18.122 0.032
0.2579128905513244 18.119 0.029
0.25947600038171004 18.154 0.029
0.25999880666813624 18.166 0.026
0.26286777234463443 18.116 0.035
0.26480420034113195 18.141 0.034
0.2651560232993688 18.13 0.035
0.2655913370176677 18.122 0.034
0.26757912297580333 18.159 0.039
0.26898917172616166 18.103 0.031
0.2694706774213955 18.117 0.027
0.2701770302728619 18.157 0.036
0.27089785219277474 18.096 0.025
0.27129344656896137 18.1 0.033
0.2721211065704665 18.098 0.021
0.2742026649902982 18.184 0.042
0.2748336162940177 18.153 0.029
0.2777583401393713 18.062 0.044
0.27800515012995675 18.014 0.029
0.2791666838411402 18.087 0.041
0.27968743292603904 18.047 0.027
0.2811991965704692 18.192 0.037
0.28283372509986293 18.118 0.032
0.28421899952809326 18.129 0.038
0.28471338528606793 18.14 0.031
0.2851164659582537 18.134 0.026
0.2854736212129865 18.162 0.042
0.28799985819114227 18.048 0.041
0.2888758601493464 18.035 0.028
0.2892552878784045 18.145 0.034
0.2906215226994391 18.059 0.023
0.290800479194786 18.031 0.037
0.2935886802920322 18.028 0.018
0.2936458847061658 18.061 0.024
0.2937958680245174 18.063 0.034
0.29443908814891984 18.079 0.029
0.2997865058023308 18.038 0.037
0.3001899188107018 18.086 0.039
0.30235343672211457 18.038 0.027
0.30273374196576697 18.061 0.032
0.3030351080296896 18.064 0.026
0.30357673361095294 18.053 0.029
0.3042755926967402 18.058 0.022
0.30708041284151477 18.09 0.036
0.3094000385731306 18.07 0.022
0.3104147442809335 18.059 0.024
0.3111106491192004 18.044 0.034
0.31324681359410533 18.015 0.024
0.31335925426492395 18.012 0.029
0.3135630393694555 18.059 0.034
0.31405060780957683 17.999 0.023
0.3145551902475745 17.972 0.03
0.3149643687065691 18.001 0.031
0.315634690934985 18.012 0.042
0.3157057925227491 18.002 0.03
0.31723267898860286 18.067 0.036
0.3200456926128936 18.003 0.026
0.3232264103239686 17.955 0.031
0.3240771663140549 17.949 0.032
0.32415831751677615 18.021 0.02
0.33023694334542597 18.025 0.033
0.33156279013246603 18.008 0.021
0.3333286018932995 17.944 0.021
0.3352332144881984 18.002 0.028
0.33529673355315026 17.937 0.026
0.3356669699373924 18.012 0.039
0.3405769238920584 17.962 0.025
0.340951340171614 17.997 0.032
0.3419029602550836 18.015 0.021
0.34442914725286755 18.006 0.025
0.34568523414282026 17.985 0.03
0.3510738363429482 17.97 0.022
0.35110605014369867 17.954 0.019
0.3512588481135026 17.948 0.029
0.352223715638047 17.983 0.024
0.35509855850386884 17.978 0.028
0.35609149842457555 17.968 0.024
0.35704891469458744 17.913 0.022
0.358332625600724 17.885 0.023
0.359450437875239 17.905 0.029
0.361512229402706 17.899 0.027
0.36175559023331516 17.912 0.026
0.3625597443569859 17.941 0.025
0.36509621305731343 17.949 0.023
0.3677536835707542 17.931 0.03
0.3717759426617704 17.938 0.036
0.372364661285701 17.888 0.022
0.3749132638026822 17.935 0.022
0.37934006877048887 17.92 0.023
0.37963480335884014 17.976 0.038
0.3799715227419256 17.934 0.024
0.3835684599916931 17.929 0.033
0.3859311456508294 17.911 0.03
0.3872114616838189 17.913 0.024
0.38855838201334336 17.9 0.03
0.388592103816336 17.951 0.03
0.39067143125384973 17.955 0.028
0.392495329250778 17.894 0.027
0.3926362757588322 17.9 0.036
0.3930799840236432 17.95 0.036
0.3935042620382774 17.936 0.018
0.3971636817113904 17.85 0.031
0.3981266428345407 17.895 0.025
0.398800507285614 17.939 0.021
0.40053146839500187 17.921 0.018
0.40371258019922607 17.911 0.029
0.40402756108142057 17.876 0.034
0.4053964135091519 17.948 0.027
0.40792291359707633 17.889 0.023
0.4128015588380549 17.884 0.025
0.4144102226873656 17.881 0.033
0.41480609166364957 17.853 0.033
0.4179440315165266 17.915 0.028
0.41845439463031653 17.975 0.041
0.42318660251203255 17.884 0.023
0.42356730615574634 17.902 0.024
0.42435032469393263 17.96 0.02
0.4260964356249133 17.871 0.021
0.4268055646380162 17.815 0.024
0.42710418527622096 17.881 0.025
0.4273616403270353 17.887 0.023
0.4291681652744046 17.87 0.028
0.4305536100341669 17.877 0.024
0.43383346323935257 17.846 0.027
0.4348686975968121 17.873 0.025
0.4369094345411213 17.861 0.027
0.43767497547651146 17.97 0.037
0.43777139656594954 17.902 0.029
0.43955292687905967 17.873 0.024
0.44217204300866797 17.926 0.029
0.4424218497583752 17.834 0.021
0.4427476227660918 17.873 0.028
0.44324322239617686 17.858 0.026
0.44502274203932757 17.82 0.03
0.44610128765816626 17.869 0.037
0.4494261922154692 17.914 0.03
0.4498872930603284 17.883 0.019
0.45170867771935264 17.864 0.032
0.45197714951473245 17.871 0.025
0.45489841644439366 17.881 0.02
0.456797170810205 17.824 0.031
0.4573690423194421 17.885 0.02
0.4575561190472399 17.84 0.026
0.45781652058985856 17.904 0.025
0.45969480834901333 17.908 0.024
0.4623801657030526 17.9 0.019
0.4636539740599801 17.859 0.03
0.463792592501477 17.861 0.023
0.4647400752014619 17.875 0.025
0.4651534450458712 17.874 0.025
0.4659619568665221 17.866 0.028
0.4662432777026879 17.876 0.027
0.4733748857856881 17.835 0.023
0.47444777452801645 17.833 0.022
0.4753775550066166 17.856 0.02
0.4755577256592005 17.823 0.022
0.47730283125520145 17.846 0.029
0.4778298835003625 17.866 0.022
0.47871651127252335 17.832 0.028
0.4788547626212676 17.817 0.024
0.48021390581152446 17.884 0.03
0.4822530422611635 17.863 0.016
0.4837522889142747 17.86 0.027
0.4840696168234899 17.847 0.028
0.48557290032658784 17.863 0.031
0.4860421561606927 17.868 0.023
0.48751641219951125 17.872 0.024
0.4929904850937419 17.862 0.038
0.49451862392197654 17.862 0.029
0.49466081187392774 17.847 0.029
0.49545563534229586 17.844 0.033
0.4963931224292537 17.85 0.022
0.4965662709623757 17.938 0.044
0.49763110898402374 17.854 0.021
0.4996293662215976 17.831 0.023
0.5006731421913173 17.846 0.025
0.501406739905633 17.884 0.022
0.5014631167864536 17.844 0.029
0.5026980683765032 17.858 0.033
0.5050050073573402 17.845 0.019
0.5069800175201635 17.853 0.024
0.5075079240141349 17.864 0.03
0.5077011760822643 17.865 0.028
0.5087112184728539 17.863 0.029
0.5115982919533053 17.883 0.027
0.5118149531003837 17.94 0.037
0.5126989400018829 17.867 0.026
0.5135384824857283 17.901 0.032
0.5147312513781799 17.846 0.022
0.5147879763912897 17.829 0.03
0.5154009784459959 17.851 0.023
0.516253400993719 17.867 0.02
0.5178548339015379 17.798 0.036
0.5196185542754392 17.836 0.019
0.5198984866030969 17.831 0.02
0.5204838646413918 17.81 0.023
0.5209482675813888 17.843 0.022
0.5228626784569315 17.831 0.02
0.5238983034573721 17.829 0.024
0.524966285019218 17.851 0.018
0.5264497708944873 17.81 0.027
0.529107914121596 17.852 0.02
0.5312845711850969 17.833 0.025
0.5377413562987385 17.819 0.017
0.5382800161419254 17.852 0.016
0.5407402442697276 17.843 0.026
0.5437933398957284 17.866 0.025
0.5456447616602418 17.896 0.033
0.5482038931941133 17.903 0.026
0.5523671955907048 17.853 0.027
0.5534837704417441 17.869 0.024
0.5538064806275997 17.879 0.029
0.554152959800831 17.839 0.028
0.5542469410856938 17.831 0.02
0.5559152956861908 17.848 0.025
0.5563920027739186 17.859 0.029
0.5564590830226734 17.843 0.034
0.5570038909195318 17.869 0.024
0.5572366377109574 17.867 0.026
0.5577825477412262 17.883 0.028
0.5586364398004662 17.854 0.015
0.5593670292655588 17.874 0.023
0.5603545903586564 17.851 0.024
0.5617539130462319 17.852 0.019
0.5622798088702439 17.815 0.024
0.5629862734604103 17.871 0.032
0.5652314259968989 17.855 0.02
0.5663605212885159 17.845 0.018
0.5670336975163082 17.859 0.031
0.5681022552776085 17.847 0.023
0.5681696253509472 17.859 0.03
0.5683111905705118 17.84 0.032
0.5686977331974958 17.836 0.024
0.569042054635247 17.842 0.023
0.5703138597914403 17.805 0.025
0.57057111779568 17.896 0.031
0.5711084784584273 17.881 0.022
0.5723294283206997 17.871 0.023
0.5736484465855938 17.838 0.026
0.57822496774088 17.861 0.027
0.5814767327537993 17.842 0.025
0.5819006859014735 17.902 0.03
0.5926341691515518 17.884 0.027
0.5939474914771381 17.897 0.027
0.5971933365040059 17.854 0.024
0.5979907238620399 17.866 0.024
0.5981061345773924 17.859 0.037
0.5990636318497309 17.784 0.032
0.5999109619456249 17.86 0.018
0.6022659993041088 17.883 0.018
0.6030385158269382 17.876 0.024
0.603650802086122 17.904 0.023
0.6048850304109692 17.862 0.02
0.6049277850033832 17.901 0.037
0.6049293587830107 17.861 0.028
0.6051024688249527 17.884 0.017
0.6051750166584497 17.929 0.033
0.6057162866377439 17.886 0.023
0.6069260655071957 17.85 0.022
0.6078970925750582 17.821 0.026
0.6101726645342751 17.895 0.021
0.6105120480551705 17.883 0.026
0.6107173371415229 17.82 0.037
0.6119154730849914 17.865 0.022
0.6126303132618887 17.896 0.036
0.6134524284102554 17.888 0.024
0.614801197405086 17.882 0.024
0.6195295769730365 17.853 0.032
0.6206171243602512 17.85 0.024
0.6235760459608173 17.838 0.024
0.624107463371729 17.851 0.023
0.6241857531049391 17.853 0.031
0.6286052346381439 17.885 0.027
0.6301303577470208 17.903 0.032
0.6303832270336898 17.859 0.024
0.6308433610345219 17.871 0.02
0.6310467477401289 17.907 0.029
0.6320077869509078 17.878 0.024
0.6321442907401433 17.916 0.024
0.632958915857671 17.877 0.023
0.6336409312775686 17.88 0.024
0.6381352999160299 17.882 0.019
0.6404407771401566 17.853 0.036
0.6404461559677657 17.891 0.034
0.6411557100950631 17.889 0.022
0.642496378101896 17.851 0.024
0.6459888320523532 17.866 0.019
0.6460633402889471 17.944 0.03
0.6467324368693426 17.895 0.023
0.6469906927386546 17.885 0.025
0.6473647223951957 17.866 0.029
0.649169371962671 17.891 0.018
0.6526218710328067 17.919 0.035
0.6538472713700685 17.905 0.021
0.6543566021478 17.952 0.026
0.6549134935949041 17.891 0.021
0.6600608384128464 17.868 0.022
0.6608387027422395 17.918 0.035
0.6615119249308918 17.917 0.036
0.6628246558316278 17.927 0.034
0.6647790640981839 17.945 0.031
0.6670091245491676 17.94 0.028
0.6685604254284954 17.923 0.028
0.6707530986245729 17.891 0.02
0.6728998228509226 17.887 0.023
0.6739321147360897 17.933 0.02
0.6768427676274769 17.964 0.025
0.6785230974896876 17.883 0.032
0.6817116220572643 17.95 0.025
0.6822517824330134 17.874 0.029
0.6856723150158359 17.94 0.019
0.6911676935419564 17.935 0.022
0.6913144439909047 17.967 0.036
0.6936434311141966 17.941 0.029
0.6945552698130086 17.957 0.027
0.6964713472466428 17.874 0.023
0.6969140811975194 17.947 0.023
0.6980643471165422 17.94 0.026
0.6994344912541237 17.966 0.023
0.7058731217462082 17.957 0.024
0.7062968853169878 17.977 0.027
0.7068117804788017 17.936 0.022
0.710284649357618 17.971 0.032
0.7103720069212613 17.954 0.02
0.7119726240712225 17.996 0.024
0.7120848059389573 17.97 0.029
0.712719882851161 17.953 0.027
0.7133549870486604 17.95 0.023
0.7145053690119312 17.961 0.025
0.7162968369161717 18.009 0.027
0.7173130506262169 17.997 0.032
0.7189297109089239 17.926 0.031
0.7200788244272189 18.009 0.022
0.7204053204154661 17.979 0.025
0.7208541596232863 18.027 0.033
0.7239369677740797 17.971 0.028
0.7252858717724848 17.922 0.025
0.7262823418559492 18.01 0.035
0.7263064124435914 18.024 0.023
0.7273214545080009 17.998 0.023
0.7289686620333669 17.979 0.019
0.7293844099258422 17.992 0.027
0.7322762745438922 17.98 0.022
0.733911011895998 17.986 0.04
0.7356068784893068 17.993 0.027
0.736578017580996 18.031 0.029
0.7370464536365944 17.997 0.028
0.739425290717918 18.02 0.03
0.7398538454262962 18.035 0.03
0.7398815311989893 18.046 0.022
0.7404560820705228 18.036 0.024
0.7414516203514268 18.015 0.024
0.7439288159444004 18.02 0.033
0.7453062025147119 17.985 0.029
0.7454068575007113 18.016 0.021
0.7465070838838983 18.016 0.022
0.7467460019947794 18.033 0.029
0.7490017375489515 17.998 0.024
0.7508385466296659 17.955 0.033
0.7517322390331174 18.033 0.033
0.7529986346266924 18.018 0.037
0.7534607255811352 18.004 0.025
0.754048048227105 18.034 0.04
0.754389403926325 17.997 0.03
0.754835815106162 18.016 0.029
0.7559834516428054 18.071 0.035
0.7566878205404919 18.012 0.031
0.7590225690930765 18.004 0.023
0.7600345104151529 18.049 0.032
0.7604159677744065 18.036 0.031
0.7641844297963871 17.996 0.023
0.7652728279831535 18.018 0.024
0.7717133028340868 18.063 0.037
0.7734543563547049 18.048 0.039
0.7735773803287884 18.027 0.025
0.7755422598752375 18.0 0.025
0.7776688038702559 18.035 0.037
0.779614318943004 17.991 0.023
0.7803980294406756 18.009 0.024
0.7832191015404533 17.975 0.037
0.7848478804157821 18.02 0.026
0.7859059284060095 18.0 0.025
0.786213140637301 18.002 0.034
0.7867035205663342 18.003 0.021
0.7880273799487441 18.044 0.052
0.7888011528552852 17.996 0.025
0.7915626617386806 17.94 0.033
0.7924406743663894 17.968 0.025
0.7927235224506148 17.952 0.025
0.7938263204782743 17.997 0.028
0.7943810659662631 17.966 0.025
0.7969155159553338 17.954 0.032
0.7997067678131771 17.957 0.031
0.8003470882626971 17.96 0.031
0.8016183715062652 18.01 0.035
0.802216961943941 17.965 0.027
0.8028314952675828 17.994 0.027
0.8070671323694114 17.975 0.03
0.8080709727046269 17.966 0.032
0.8083632749576282 17.969 0.03
0.8105375114614617 17.945 0.029
0.8125296166253975 17.964 0.02
0.8141698020313015 17.942 0.034
0.8144375698061594 17.952 0.025
0.8177507039035845 17.954 0.015
0.8192712062063947 17.952 0.019
0.8205619392324479 17.955 0.026
0.8207583615539988 17.94 0.025
0.8214492434526619 17.958 0.044
0.8220677785839143 17.953 0.036
0.8234212726529222 17.941 0.019
0.8255661683165272 18.008 0.04
0.8255730083287744 17.89 0.024
0.8280998757945781 17.931 0.023
0.8300692833681751 17.936 0.022
0.8308973842808882 17.941 0.024
0.8318942952741963 17.938 0.025
0.8323508370704076 17.915 0.025
0.8329865367140883 17.906 0.025
0.8332612338303989 17.921 0.023
0.8346667545529272 17.912 0.031
0.8349928831630677 17.919 0.026
0.8361081706098048 17.941 0.029
0.8364924044158215 17.878 0.023
0.8434337344956475 17.901 0.024
0.8454521219832714 17.904 0.031
0.8456685317964912 17.918 0.027
0.8475438110208415 17.879 0.026
0.8482631559591027 17.915 0.026
0.849113096191104 17.878 0.034
0.8525562996478584 17.884 0.027
0.8537602587787205 17.934 0.028
0.8542525255779765 17.928 0.038
0.8570928426579485 17.906 0.02
0.8573884547613488 17.935 0.042
0.8578132971997547 17.897 0.027
0.8629311426216191 17.9 0.033
0.8633385502548663 17.891 0.036
0.8634818360337704 17.91 0.038
0.8659827963083444 17.902 0.025
0.8662531624427174 17.849 0.021
0.8692081437066008 17.92 0.033
0.8697558363387543 17.871 0.028
0.8701099755880932 17.898 0.03
0.870670536507987 17.85 0.018
0.8742211967582989 17.893 0.019
0.8749973052010773 17.882 0.028
0.8753271768164268 17.863 0.034
0.8766953605509116 17.877 0.019
0.8769708424033524 17.886 0.019
0.8772649893012385 17.979 0.025
0.8806530257284066 17.909 0.031
0.8819836633665545 17.929 0.04
0.8843540748803207 17.895 0.03
0.8846988332079491 17.866 0.018
0.8859667833353342 17.868 0.025
0.8871701088155532 17.875 0.022
0.8895794580976144 17.901 0.031
0.8899821096351843 17.913 0.019
0.890820089830413 17.918 0.026
0.8923785363426759 17.815 0.03
0.892452271332786 17.899 0.027
0.8927073250702051 17.884 0.026
0.8962340075108841 17.867 0.028
0.8963972885362637 17.877 0.03
0.896794781558583 17.878 0.022
0.8979880531182971 17.867 0.028
0.8996916843420877 17.855 0.024
0.8999439541626089 17.876 0.026
0.9024676120263848 17.867 0.021
0.9029079371944135 17.893 0.026
0.9036277190225519 17.912 0.027
0.9037435160757923 17.877 0.027
0.9040630517008594 17.87 0.021
0.9044474483685008 17.905 0.028
0.9071395607120394 17.886 0.021
0.9080216297215884 17.875 0.024
0.9080360602979454 17.917 0.025
0.9125163424714628 17.882 0.02
0.9133368025527488 17.873 0.021
0.9133899856274184 17.887 0.02
0.9140514723978868 17.871 0.05
0.916160747612139 17.851 0.029
0.9223130966561257 17.823 0.022
0.922753638116319 17.867 0.023
0.9233076488476399 17.876 0.025
0.9233512967516617 17.852 0.028
0.9298160975436076 17.832 0.027
0.9321657753207546 17.831 0.019
0.9322822956391974 17.839 0.034
0.9340330313962113 17.814 0.021
0.9341691250101576 17.919 0.031
0.934564247740127 17.874 0.038
0.934647529677477 17.873 0.024
0.9350173369271033 17.866 0.026
0.9373816273878219 17.847 0.02
0.9397851922590235 17.851 0.03
0.9417970835606866 17.843 0.023
0.9424013541406566 17.763 0.041
0.9429095905402392 17.879 0.026
0.9430115875034062 17.86 0.02
0.9463435719171684 17.792 0.024
0.946638283239281 17.872 0.023
0.946858284971313 17.809 0.03
0.9468884881025588 17.889 0.027
0.9473575661349969 17.845 0.016
0.9507423469999594 17.868 0.018
0.9509320028419097 17.894 0.027
0.9524589703096353 17.861 0.024
0.95287038722131 17.873 0.029
0.9546036221095164 17.873 0.03
0.9550963413098543 17.91 0.039
0.9576642850340704 17.83 0.029
0.96290390206741 17.868 0.025
0.9636318928864966 17.877 0.024
0.9656268595194888 17.848 0.021
0.965645311435992 17.84 0.018
0.97004057560207 17.879 0.022
0.9718623704357015 17.879 0.025
0.9729732651449012 17.857 0.02
0.9737227899481695 17.836 0.022
0.9761564961931981 17.831 0.023
0.9764710669014676 17.806 0.024
0.9773921164764943 17.853 0.022
0.9780976725301116 17.876 0.034
0.9792921390012452 17.866 0.025
0.980358280224209 17.884 0.027
0.9815312204659676 17.873 0.028
0.9830725142423944 17.936 0.037
0.9865734905588397 17.846 0.019
0.9866175675970226 17.836 0.018
0.9881220227466656 17.759 0.032
0.9887766077476954 17.771 0.032
0.9900804411486206 17.832 0.019
0.9916097866639575 17.828 0.024
0.9919628352704422 17.875 0.021
0.9926543281248996 17.801 0.017
0.9961117995826498 17.871 0.026
0.9961397599552129 17.853 0.024
0.996483242369095 17.86 0.024
