6.415643383661518e-05 18.596 0.046
0.0009615335429771221 18.564 0.036
0.0021239379993858165 18.643 0.057
0.002326090478163678 18.6 0.046
0.0027838161568070063 18.598 0.037
0.003967387766351749 18.607 0.036
0.004487676992539491 18.629 0.045
0.004544479499600129 18.579 0.044
0.004925898560031783 18.626 0.043
0.007253222541294235 18.724 0.06
0.008045250199756993 18.75 0.054
0.009936462134646717 18.567 0.056
0.010330883716051176 18.607 0.042
0.011612318562583823 18.636 0.065
0.01246161253311584 18.65 0.072
0.015274801757186651 18.648 0.049
0.016077819123893278 18.659 0.064
0.023243003817697172 18.491 0.06
0.023661504760639218 18.555 0.043
0.024691302344763244 18.642 0.051
0.02580440073961654 18.643 0.044
0.02604162294392154 18.726 0.038
0.02669089639948652 18.586 0.071
0.03011184733986738 18.532 0.046
0.03251707818981231 18.722 0.082
0.0327644143917496 18.617 0.031
0.03311252157709532 18.593 0.049
0.03336699868123105 18.623 0.032
0.034892978571406275 18.646 0.045
0.035665268938828376 18.69 0.05
0.03775927142032742 18.676 0.051
0.04016138824135851 18.693 0.04
0.04334758336062805 18.727 0.062
0.04367486804949294 18.544 0.059
0.04487015902577696 18.606 0.031
0.04588857034832472 18.578 0.058
0.0470452362069409 18.654 0.033
0.04831420024220279 18.797 0.052
0.048812237765559985 18.611 0.044
0.05245230720265681 18.753 0.069
0.053864608394178504 18.625 0.057
0.0543141374246261 18.638 0.044
0.054997907886900066 18.607 0.047
0.055700392566905066 18.604 0.052
0.05767807701795391 18.743 0.054
0.06005173205903702 18.806 0.061
0.06689602152528096 18.832 0.061
0.06697037811954942 18.772 0.043
0.06710613425548217 18.631 0.039
0.06969223193937069 18.703 0.043
0.07058235089880327 18.679 0.05
0.07168322000052285 18.614 0.034
0.07310072873679019 18.816 0.051
0.07326153028861881 18.752 0.049
0.07485377070679533 18.686 0.049
0.07606141012911394 18.609 0.044
0.0795708355080933 18.715 0.035
0.08141749089463701 18.745 0.057
0.08293242917989119 18.621 0.029
0.0837049283863962 18.709 0.037
0.08680660678965069 18.734 0.038
0.08848255546854489 18.834 0.041
0.0890900923341178 18.679 0.034
0.08995273348136834 18.915 0.051
0.09001302413253143 18.748 0.044
0.09262077068342478 18.829 0.052
0.09293427194825199 18.717 0.055
0.09386685394019878 18.66 0.039
0.09591500005444686 18.765 0.046
0.09595706974869245 18.759 0.062
0.09629570034667267 18.747 0.059
0.09848503564626299 18.758 0.052
0.09954981260671047 18.656 0.062
0.10104897131986945 18.841 0.031
0.10305374280233082 18.778 0.042
0.10319695569251053 18.895 0.037
0.10461104419391631 18.769 0.064
0.1067042164331724 18.91 0.069
0.10892889754723001 18.823 0.074
0.10935481102205813 18.752 0.039
0.11328334207883017 18.79 0.077
0.11335840655010543 18.828 0.044
0.1173003770336436 18.946 0.052
0.11774639357918204 18.858 0.062
0.12043064469708042 18.774 0.045
0.12085293487143645 18.846 0.039
0.12119504271959158 18.857 0.042
0.12138254630281153 18.902 0.051
0.12150626597303926 19.068 0.073
0.1233717303875892 18.767 0.051
0.1253195366480213 18.748 0.04
0.12802208752054867 18.847 0.051
0.1286717946650242 18.78 0.043
0.129442202915925 18.851 0.055
0.1302541869408742 19.017 0.067
0.13147100763580966 18.836 0.066
0.13315393771426898 18.762 0.06
0.13902203803172597 19.021 0.06
0.14002178060218284 19.021 0.061
0.14021544111801632 18.88 0.063
0.14086566908281384 18.839 0.068
0.1419497765464257 18.968 0.068
0.142363498515806 18.856 0.073
0.14315618215368886 18.936 0.052
0.14374707397564634 18.764 0.066
0.1448554292883273 18.886 0.04
0.15166875280010572 18.877 0.057
0.15182586826267652 18.917 0.044
0.15392608981073863 18.886 0.079
0.15415771625066554 18.856 0.067
0.1543317919558831 19.184 0.09
0.15461456622051628 19.081 0.061
0.15524547457243898 18.871 0.055
0.1578543793539211 18.917 0.047
0.15987538141871482 19.047 0.101
0.16025878573691443 19.001 0.069
0.1608026283856816 19.237 0.088
0.16145701647928945 18.913 0.072
0.1624027720399681 19.022 0.063
0.16318294963366498 19.271 0.076
0.16705417593129823 19.01 0.057
0.17182968193901615 19.046 0.051
0.17285598560556537 18.984 0.062
0.1734494731945233 18.911 0.064
0.17375724675275706 19.132 0.059
0.1740172702793643 18.956 0.057
0.1765495513463975 19.142 0.072
0.17699188757615048 19.07 0.071
0.18112407655553397 19.147 0.067
0.18122259642768768 19.074 0.051
0.18498956937128241 19.069 0.091
0.18566015537271596 18.953 0.08
0.19103857943264302 19.155 0.078
0.19163749429662857 19.038 0.038
0.19321906722234417 19.158 0.077
0.19331222261007497 19.266 0.067
0.19531398064646055 19.282 0.103
0.19798305692893337 19.124 0.066
0.1981413363982938 19.524 0.117
0.19841401267240144 19.119 0.062
0.19927724766512256 19.233 0.054
0.201002168638297 19.178 0.072
0.20424492796973936 19.3 0.08
0.2067935254344775 19.085 0.084
0.20690172049853572 19.491 0.1
0.209280254438454 19.488 0.073
0.20929577904553298 19.277 0.077
0.21207766343377443 19.23 0.105
0.2126706250865027 19.406 0.055
0.21593986093921558 19.308 0.077
0.21756033573001332 19.562 0.102
0.21896929036938673 19.306 0.066
0.2225058489048024 19.419 0.1
0.22444647837346565 19.307 0.06
0.22533566972651897 19.221 0.084
0.22726260736271797 19.268 0.094
0.22894666877346026 19.349 0.088
0.22918961868253973 19.298 0.106
0.2303688584579504 19.212 0.077
0.23247995889778394 19.44 0.058
0.23274976843367767 19.27 0.112
0.23484724239096977 19.35 0.16
0.23487983549694036 19.345 0.098
0.24162088891080202 19.343 0.076
0.24215889683819114 19.439 0.084
0.24737215037657734 19.262 0.067
0.25 19.645 0.133
0.25505112270730024 19.325 0.073
0.2560446519846664 19.118 0.079
0.25658794625542214 19.396 0.093
0.2575490066928978 19.254 0.126
0.25938216052236385 19.264 0.067
0.259566306657689 19.219 0.066
0.26017138357292424 19.279 0.073
0.26239636577702186 19.35 0.09
0.2666762263061173 19.232 0.064
0.2677055434187423 19.313 0.058
0.2688890522395013 19.279 0.061
0.2694475437847359 19.245 0.117
0.2701710431374522 19.416 0.088
0.2709088172741758 19.299 0.053
0.2716593581926645 19.101 0.066
0.27236279226508486 19.116 0.078
0.275340677972963 19.131 0.071
0.27590438729566813 19.372 0.095
0.27658374778184225 19.309 0.102
0.27896370324833697 19.111 0.066
0.2802166160845445 18.982 0.074
0.2805885476673211 19.011 0.051
0.2810190581731149 19.226 0.099
0.2840959275554269 19.086 0.046
0.2859025145144187 19.31 0.09
0.28646449420466524 18.967 0.055
0.28716758939572173 19.203 0.055
0.2872594616283095 19.082 0.058
0.28743638740616007 19.034 0.069
0.2887264282480828 19.24 0.061
0.28875058063295 19.336 0.09
0.2914741814120134 19.229 0.088
0.29183995094081183 18.96 0.04
0.29206365492063924 19.185 0.096
0.29223289719539025 19.081 0.095
0.2923063152911709 19.035 0.057
0.2925507110694525 19.189 0.067
0.292904020025162 18.974 0.089
0.2941105345462347 19.141 0.053
0.2952020244265441 19.073 0.086
0.29621171316284745 19.09 0.065
0.29706065480331745 18.95 0.056
0.2978884241738342 19.062 0.077
0.29841057373232616 19.278 0.068
0.30031048712680786 18.944 0.056
0.30278062232628145 18.973 0.072
0.3048709841841628 19.092 0.077
0.3073206313083574 18.794 0.096
0.3103437513218523 19.129 0.051
0.31142446033391025 19.104 0.093
0.31182930789418606 19.09 0.059
0.31258541702027287 19.05 0.059
0.31426036506400123 18.898 0.06
0.31492404846085265 18.923 0.051
0.3164170335739982 18.987 0.052
0.31837129529867525 18.942 0.054
0.3210710037737954 18.952 0.073
0.3215480650733298 18.814 0.055
0.32192674743509997 18.796 0.054
0.32308569130782416 18.916 0.046
0.3234997034733169 18.915 0.053
0.3266707231032342 19.006 0.064
0.3282251519794954 19.105 0.055
0.3282872004792807 18.775 0.066
0.3304807260237794 18.929 0.047
0.3309211122295892 18.898 0.068
0.33111884384288715 18.849 0.051
0.33135922554083663 18.958 0.04
0.3315365254329663 18.835 0.073
0.33233621802810376 18.834 0.057
0.3323591551688878 18.929 0.075
0.3375601896459557 18.895 0.044
0.34072672049933317 19.019 0.075
0.34095543984858523 18.844 0.04
0.34205448896591406 18.831 0.046
0.3472629359739585 18.906 0.059
0.34878832202048216 18.74 0.034
0.34893547019146354 18.807 0.035
0.3491942272285087 18.951 0.101
0.3495609403753406 18.888 0.05
0.35133010145636945 18.848 0.059
0.352610763076882 18.852 0.056
0.35322139218988013 18.818 0.055
0.3548658842091754 18.806 0.062
0.35603446226650703 18.733 0.045
0.35615804612007196 18.884 0.059
0.3562730918883972 18.784 0.078
0.35991005241248786 18.845 0.054
0.3618323199925726 18.781 0.069
0.36185438142183557 18.795 0.056
0.3620510092596305 18.69 0.044
0.36241054305628495 18.821 0.063
0.36390694328747486 18.848 0.06
0.3640380453734906 18.907 0.074
0.36407628037068207 18.727 0.071
0.3649744787298914 18.77 0.057
0.3665706249694267 18.73 0.054
0.36799239697484154 18.817 0.066
0.3682757356264119 18.838 0.068
0.3695727200802139 18.656 0.044
0.37050172423732874 18.829 0.052
0.3732153007067609 18.713 0.047
0.37421603879283794 18.693 0.046
0.37483843339941814 18.825 0.059
0.37706210298983933 18.7 0.053
0.3780008041239853 18.646 0.044
0.3792691736580309 18.797 0.065
0.3792846527985603 18.69 0.07
0.37956199978816585 18.853 0.049
0.3804972556890789 18.774 0.054
0.38057174809819116 18.713 0.06
0.3834707826617887 18.771 0.054
0.38532379293337726 18.777 0.042
0.38662976582509145 18.697 0.039
0.3883862683824191 18.651 0.05
0.38848221171156183 18.783 0.055
0.3887049150571329 18.773 0.069
0.3891531884901269 18.658 0.055
0.39062698980706045 18.79 0.055
0.39162298415340047 18.755 0.059
0.3928498676041272 18.758 0.044
0.3979137462001745 18.62 0.033
0.4018531939409513 18.617 0.052
0.40225622663456306 18.662 0.051
0.4044321795245196 18.746 0.058
0.4068907145056073 18.746 0.049
0.4100533100800021 18.73 0.045
0.4119037354748798 18.65 0.058
0.4150441363617574 18.695 0.033
0.4191603638309971 18.64 0.053
0.4194960623399311 18.573 0.06
0.4200128172979021 18.696 0.053
0.4207385030722435 18.761 0.086
0.42191609391284146 18.724 0.055
0.4219510278207963 18.57 0.043
0.42364001425357856 18.661 0.049
0.4245008975512974 18.575 0.036
0.42829599660854 18.641 0.042
0.4294009989389451 18.6 0.057
0.4309680587821276 18.598 0.067
0.43293255877051706 18.673 0.05
0.4333970922461958 18.68 0.056
0.4357767575156686 18.621 0.032
0.43624056133103295 18.574 0.041
0.4392547774777995 18.65 0.044
0.44080377330465126 18.614 0.05
0.4413376268794309 18.583 0.056
0.4466120166616747 18.584 0.055
0.44836611628124956 18.692 0.05
0.45282032027171226 18.695 0.059
0.4529761122303171 18.737 0.074
0.45727469275243493 18.691 0.036
0.45750178429170774 18.626 0.052
0.459030742397772 18.551 0.053
0.45950270441153407 18.625 0.041
0.46093447192379244 18.585 0.04
0.46682485851943056 18.681 0.045
0.46968049988299754 18.579 0.031
0.4727015398329968 18.575 0.047
0.47368763991380547 18.631 0.046
0.47379189392358967 18.63 0.053
0.47595039330826694 18.659 0.058
0.47596089808484976 18.619 0.037
0.4762412854233844 18.563 0.04
0.4789011022921841 18.358 0.033
0.48068947918636695 18.656 0.044
0.48080163643044216 18.552 0.033
0.48137598057383 18.556 0.044
0.48300584035951033 18.61 0.05
0.4841984920030882 18.661 0.045
0.4856715476498721 18.637 0.079
0.48851418649337575 18.591 0.059
0.48967667552278726 18.577 0.045
0.4897880762082423 18.678 0.075
0.4921006372578631 18.608 0.031
0.4932676771968545 18.6 0.04
0.4936361725349343 18.677 0.058
0.4945104651424117 18.637 0.034
0.49520345722612547 18.685 0.072
0.49629372674189653 18.59 0.063
0.49672723212825076 18.586 0.047
0.4986681735781531 18.63 0.033
0.49948785265496554 18.618 0.045
0.50186929946085 18.708 0.044
0.5027850570249939 18.602 0.047
0.5030232856361181 18.68 0.059
0.5063680766634207 18.648 0.054
0.5069824431093366 18.59 0.042
0.5079074498544287 18.781 0.057
0.5147961876091358 18.72 0.046
0.5213217682667164 18.587 0.047
0.5254140976576309 18.601 0.076
0.5259229333705662 18.619 0.032
0.5267403907955668 18.739 0.08
0.5270521617685517 18.557 0.036
0.5271243863990094 18.677 0.039
0.5271809909590957 18.591 0.05
0.5280287634777778 18.631 0.065
0.5299635319834124 18.555 0.051
0.5309119832372744 18.66 0.069
0.5316727573017488 18.603 0.035
0.5331003070104998 18.692 0.04
0.5338545282456835 18.669 0.034
0.5367930072779927 18.601 0.047
0.5394553001069653 18.689 0.042
0.5394715543725397 18.488 0.068
0.5413829949620776 18.752 0.04
0.5415541597021729 18.635 0.063
0.5422640274555306 18.527 0.031
0.5444937239399223 18.674 0.037
0.5449819459945502 18.718 0.068
0.5459031039345064 18.679 0.047
0.5503418999096539 18.815 0.053
0.5515233337800964 18.71 0.034
0.5516504570205143 18.734 0.053
0.551689389002604 18.756 0.034
0.5523506854724474 18.667 0.053
0.559757100675597 18.727 0.075
0.5598304457462291 18.665 0.038
0.5617677011050546 18.606 0.043
0.5624580135054202 18.66 0.034
0.5629647902815123 18.718 0.052
0.5659659577804632 18.667 0.036
0.566193749521517 18.861 0.062
0.5690350078448319 18.702 0.038
0.569541559114441 18.641 0.04
0.5702449368282032 18.73 0.047
0.5709925373239457 18.704 0.04
0.5715437976205067 18.683 0.044
0.5744182217686102 18.767 0.052
0.5768076288250086 18.898 0.077
0.5795097620184606 18.674 0.061
0.581014906618293 18.671 0.065
0.5812092859023323 18.802 0.066
0.5815336148179995 18.785 0.057
0.5815506205262864 18.688 0.042
0.582600759478737 18.694 0.046
0.5847243877451547 18.741 0.047
0.5854072658321456 18.718 0.055
0.5874629654108503 18.701 0.049
0.5902191592949748 18.839 0.075
0.5904777081514112 18.73 0.051
0.5913218214800509 18.694 0.043
0.5921754331775446 18.769 0.063
0.5928035837032439 18.81 0.05
0.5935596031386012 18.878 0.066
0.5939867260840401 18.726 0.071
0.5944000931658593 18.81 0.064
0.5976745013276741 18.812 0.049
0.6025332761337268 18.924 0.068
0.6045568842000648 18.715 0.084
0.6051049062016318 18.924 0.076
0.607427231478141 18.709 0.049
0.6116092281135934 18.807 0.041
0.6141934949237111 18.885 0.059
0.6148931974375955 18.813 0.052
0.6150069088098462 18.823 0.066
0.6155129232511172 18.724 0.055
0.6177836260058029 18.668 0.032
0.6198140367514497 18.75 0.037
0.620330165190353 18.772 0.05
0.6221424862878848 18.687 0.043
0.6226729356358192 18.698 0.046
0.6230239934775454 18.87 0.063
0.624026285689979 18.803 0.063
0.6250844476871862 18.839 0.065
0.6262307445831539 18.937 0.062
0.6295442935670508 18.769 0.037
0.6308553381868478 18.885 0.057
0.6328005377899899 18.877 0.05
0.6344429087357639 18.812 0.037
0.6375717638629794 18.933 0.061
0.6378966161546487 18.909 0.067
0.6403604150391402 18.848 0.047
0.6415022910668995 18.952 0.052
0.6419161052863274 18.959 0.043
0.6420431202705004 18.955 0.059
0.6436246361790836 19.073 0.082
0.6450100995289176 18.888 0.058
0.6480718453176451 18.928 0.058
0.6485094109093552 19.029 0.065
0.6487752524899406 18.991 0.059
0.6501628804771826 19.192 0.102
0.6504103870693143 19.004 0.067
0.6526317325215132 18.991 0.047
0.652846458951899 18.936 0.061
0.6529594541143524 18.788 0.076
0.653687079019619 18.758 0.069
0.6551115364836733 19.028 0.088
0.6552676730962048 18.936 0.049
0.6561168530342911 18.935 0.074
0.6567911712509158 18.935 0.082
0.6574586765555068 19.223 0.097
0.6617420437933106 19.195 0.063
0.6631919476885741 19.247 0.099
0.6636645932385363 19.01 0.073
0.6651398538733702 18.988 0.063
0.6651711535914728 19.117 0.072
0.6652954831160969 18.94 0.072
0.6662298415240002 19.097 0.061
0.6672439889189263 19.005 0.066
0.6689256826275596 19.145 0.07
0.6713579434936037 19.365 0.089
0.672042483965015 18.945 0.084
0.6740242100522664 19.308 0.079
0.6744263100217722 19.391 0.111
0.6746237757770359 19.419 0.117
0.6755642392208756 18.881 0.076
0.6757811815296009 19.103 0.06
0.6765899439260465 19.315 0.063
0.6777618525275102 19.337 0.109
0.6809922134143562 18.982 0.054
0.6819490214738835 19.299 0.062
0.6834181360654838 19.073 0.043
0.684931468979812 19.399 0.108
0.686907061817692 19.011 0.088
0.6871767413122143 19.03 0.071
0.6890967417721185 19.157 0.063
0.6903618730102608 19.048 0.068
0.6915859979771994 19.222 0.098
0.6945324270263882 19.242 0.083
0.6947396160003336 19.141 0.055
0.6981091756997557 19.221 0.05
0.6990303387547101 19.128 0.07
0.7014049214058105 19.317 0.078
0.7021647678620866 19.373 0.086
0.7042044732561408 19.204 0.054
0.7081633027410135 19.169 0.046
0.7117481256973406 19.037 0.081
0.7153701042170724 19.404 0.08
0.7192260365291077 19.345 0.068
0.7202505202130851 19.247 0.054
0.7213333720801529 19.451 0.115
0.7214045742975941 19.282 0.079
0.7217471292833579 19.341 0.042
0.723208956266717 19.412 0.067
0.7240679516735327 19.238 0.061
0.7259565684989866 19.323 0.096
0.7264393011473658 19.359 0.063
0.727271090371687 19.252 0.053
0.7311727726928439 19.408 0.073
0.7341228250415952 19.221 0.08
0.7405839484881653 19.471 0.081
0.7424874960761372 19.454 0.09
0.7431768808692141 19.311 0.118
0.7434263432587613 19.396 0.07
0.7445939828166956 19.41 0.077
0.7456843260142705 19.24 0.074
0.7472959071701553 19.494 0.133
0.7479707519823933 19.125 0.072
0.7481823727139272 19.487 0.083
0.7500228660510402 19.359 0.074
0.7520122589767197 19.418 0.096
0.7564643771293049 19.365 0.094
0.7577751667859047 19.323 0.111
0.7580512178310528 19.026 0.089
0.7587842616785565 19.202 0.074
0.7602202623420453 19.349 0.062
0.7618043278953337 19.308 0.09
0.7621417381296851 19.183 0.073
0.7631848386654383 19.357 0.143
0.7634163626216832 19.182 0.083
0.7640914995299681 19.569 0.155
0.7686183189325675 19.304 0.078
0.7686577147169373 18.934 0.096
0.7686646064294109 19.445 0.104
0.7726509790763885 19.119 0.093
0.7731533240921635 19.052 0.077
0.7746984416544365 19.11 0.051
0.77664326714239 19.007 0.041
0.7782192039549045 19.048 0.068
0.7792021144223327 19.022 0.057
0.7795969998069268 19.158 0.052
0.7797189725197313 19.227 0.066
0.7812008135433643 18.798 0.052
0.7822202254983495 19.071 0.081
0.7849000608666756 19.523 0.12
0.7850981371329908 19.14 0.075
0.7854357177566271 19.345 0.095
0.7870225879169084 19.311 0.094
0.7875706643762896 19.097 0.046
0.7893283603962118 19.091 0.046
0.791040469121981 19.02 0.062
0.7924748426330552 19.113 0.108
0.7952963880070456 19.15 0.066
0.799644578238258 19.06 0.05
0.8010192440533501 19.218 0.098
0.8018413882009554 19.116 0.068
0.80344165166116 18.964 0.045
0.8040390911983195 19.016 0.086
0.8042670860022554 18.971 0.041
0.805818976129558 18.956 0.052
0.8060837760704089 19.085 0.101
0.8065066491972175 18.951 0.064
0.8085185487889248 18.981 0.051
0.8100678841556146 18.937 0.067
0.8110312283779422 18.95 0.039
0.8118834730057642 19.32 0.112
0.8123757937146365 18.994 0.044
0.8138628986398544 19.058 0.073
0.8141227299929596 19.056 0.07
0.8174917579790417 18.951 0.053
0.8183525791437205 18.963 0.05
0.8184877632174903 18.943 0.062
0.8191340559014861 18.972 0.057
0.8194059865081726 19.11 0.065
0.8199511686698315 19.007 0.075
0.8208496713350542 18.934 0.06
0.8214701376991798 18.864 0.057
0.8226718456926392 18.918 0.06
0.8237086541357712 18.939 0.065
0.8240758989950336 18.9 0.061
0.8245845988940346 18.942 0.065
0.825508249458835 18.915 0.081
0.8257373236965577 18.847 0.044
0.825874092014601 18.817 0.05
0.8259916028528096 18.933 0.043
0.8261041047526305 18.855 0.062
0.8262272978290639 18.939 0.082
0.8267764101537978 18.964 0.083
0.8285024163333219 19.113 0.07
0.8327375921771818 18.98 0.052
0.8330054734724399 18.935 0.094
0.8330348500667242 18.857 0.075
0.8337049722631491 19.037 0.094
0.8352318906527216 18.905 0.089
0.8354241546394405 18.924 0.072
0.8364069023928096 18.782 0.033
0.8380288365015076 18.784 0.072
0.8397480643452582 18.885 0.052
0.8399187249324314 19.011 0.083
0.8402142928798639 18.889 0.049
0.8420585453322929 18.932 0.092
0.8422768220370926 18.901 0.049
0.8438483706540865 18.838 0.059
0.8456347975252356 18.896 0.065
0.8463091157409508 18.857 0.052
0.8464725399617237 18.893 0.056
0.851345125746775 18.852 0.052
0.852014174285614 18.788 0.061
0.8528579487328898 18.753 0.04
0.8533495692418 18.848 0.059
0.8540823119992638 18.925 0.062
0.8548942396655548 18.772 0.066
0.8561842990748119 18.914 0.076
0.8562351298032809 18.736 0.049
0.8564033438860861 18.684 0.036
0.8575359028282037 18.779 0.059
0.8590320019693536 18.968 0.049
0.8594673567977225 18.81 0.061
0.8616128703279173 18.775 0.052
0.8619671177830242 18.84 0.064
0.8633654888453748 18.769 0.041
0.866614404453685 18.775 0.044
0.8680088972514568 18.723 0.044
0.8686540534863525 18.751 0.057
0.8697469917942726 18.778 0.054
0.8704747249585125 18.795 0.057
0.8709510514827343 18.654 0.046
0.8717723032541471 18.761 0.069
0.8753681953739942 18.701 0.047
0.8763622614796986 18.704 0.035
0.876796140980332 18.615 0.041
0.877537193761782 18.807 0.084
0.8780270109527919 18.714 0.065
0.87822804364896 18.776 0.064
0.8791186366470356 18.713 0.045
0.8810721687123078 18.744 0.047
0.8813714227499077 18.658 0.041
0.8840193376545358 18.682 0.044
0.8862119522573266 18.652 0.033
0.886359371400431 18.725 0.029
0.8875702279920006 18.788 0.043
0.8878108864382739 18.862 0.088
0.890390618348647 18.721 0.055
0.8907332982589651 18.709 0.058
0.8938045315271665 18.763 0.061
0.8940461009178762 18.755 0.046
0.8965719079506016 18.627 0.037
0.897938013896237 18.594 0.035
0.898885963552857 18.719 0.056
0.9005376752729717 18.766 0.075
0.9027803633862277 18.619 0.05
0.9031296179118726 18.705 0.058
0.9033677049328617 18.857 0.051
0.9039985242516195 18.671 0.033
0.9050443102451027 18.602 0.033
0.9057024305529922 18.715 0.041
0.9059187790162468 18.637 0.053
0.9065175580653886 18.742 0.038
0.9073769935921518 18.637 0.05
0.907473948444931 18.589 0.047
0.9107641419532229 18.632 0.037
0.9145355408818432 18.644 0.041
0.9150841272703474 18.599 0.043
0.9170759968137645 18.673 0.035
0.91964260127952 18.772 0.033
0.921841716812196 18.679 0.07
0.9233331644654754 18.638 0.031
0.9234266478406425 18.535 0.054
0.9247165310835044 18.724 0.045
0.92748993440091 18.596 0.051
0.930986096518609 18.673 0.044
0.9312789847826934 18.741 0.043
0.9344790639088387 18.535 0.053
0.9412810748390257 18.62 0.036
0.9415747657876636 18.667 0.064
0.9423502784420634 18.653 0.046
0.9433021063650813 18.615 0.033
0.9439405630619149 18.589 0.058
0.9453011225832597 18.643 0.045
0.9455119816402657 18.682 0.044
0.9455669917233536 18.534 0.054
0.9458479786799217 18.646 0.07
0.945872516070267 18.577 0.053
0.9487009345866682 18.649 0.042
0.9489588729311436 18.618 0.039
0.9491362163889789 18.695 0.064
0.9520405129542269 18.611 0.056
0.9528390146442689 18.608 0.052
0.9542480474265176 18.666 0.051
0.9565149449408636 18.635 0.057
0.9614436772553745 18.623 0.028
0.9620661179851595 18.798 0.066
0.962485720141558 18.637 0.05
0.9629230877853843 18.512 0.034
0.965867723750307 18.546 0.028
0.9729606838145628 18.656 0.036
0.9741062452767437 18.571 0.056
0.9742499219710226 18.61 0.037
0.9748237292833437 18.56 0.031
0.9754524217551079 18.573 0.053
0.9756503160815555 18.573 0.06
0.9780753815903154 18.563 0.043
0.9787090215240823 18.655 0.06
0.9794655886789769 18.601 0.066
0.9804298092685713 18.586 0.043
0.9824636235844082 18.601 0.038
0.9826116532394735 18.615 0.038
0.9856140193205647 18.643 0.072
0.9864627412289337 18.626 0.035
0.9879965622230884 18.585 0.039
0.9888006891351324 18.583 0.038
0.9897947443505473 18.681 0.064
0.9926924932005932 18.586 0.036
0.9938886848858601 18.628 0.062
0.9941448461559048 18.651 0.067
0.9944961026039891 18.625 0.057
0.9961056716028907 18.501 0.052
