6.655627089457994e-05 18.139 0.054
0.0017652617818839644 18.157 0.027
0.0029115140466728917 18.117 0.026
0.003649010319577428 18.118 0.032
0.004883059113012678 18.164 0.032
0.005957827560678197 18.163 0.033
0.009767203721139595 18.192 0.032
0.012758024442746319 18.114 0.03
0.013688807717926466 18.085 0.029
0.014909164538494224 18.216 0.052
0.016654477980864613 18.148 0.042
0.01701423276188052 18.175 0.048
0.018615299674365815 18.072 0.033
0.01864206131449464 18.132 0.03
0.01917041292108479 17.97 0.03
0.02166119727394289 18.04 0.037
0.022457071181634092 18.22 0.032
0.023804357497510864 18.158 0.034
0.027350749259539953 18.201 0.04
0.027494545976651352 18.061 0.03
0.028736252955013697 18.003 0.047
0.03156031562025419 18.085 0.028
0.032722425549309264 18.134 0.032
0.03298114412996256 18.079 0.025
0.03326227215711697 18.13 0.03
0.033733300183030224 18.133 0.042
0.03536520099214613 18.166 0.036
0.036003999378181106 18.075 0.025
0.0367836520556466 18.08 0.025
0.037953087884034176 18.135 0.031
0.03872706235847545 18.094 0.023
0.038893768195066514 18.117 0.021
0.04057158121304383 18.167 0.025
0.04109539753460467 18.151 0.032
0.04530570149699997 18.099 0.03
0.045368936103841406 18.09 0.027
0.046121139270780986 18.042 0.05
0.04721456136053348 18.166 0.044
0.048542231462079144 18.137 0.037
0.05028689629580185 18.111 0.036
0.05303246818516527 18.11 0.032
0.054959518662599294 18.054 0.041
0.056001290140102356 18.108 0.033
0.05615672319981968 18.208 0.028
0.057113255940066665 18.12 0.042
0.05990681150206001 18.122 0.03
0.06583515987108512 18.181 0.044
0.06912052876577945 18.034 0.041
0.07099104037820325 18.127 0.031
0.07134855630829406 18.299 0.048
0.072494303665394 18.174 0.032
0.07378994198620603 18.113 0.023
0.0756821699401371 18.106 0.037
0.07604088637140194 18.137 0.037
0.07752398429772711 18.311 0.044
0.07775008256101046 18.116 0.034
0.0778333544033103 18.128 0.039
0.07963016939334011 18.138 0.025
0.08179674351481481 18.239 0.044
0.0835904015784763 18.015 0.022
0.0838610441619494 18.086 0.031
0.08576554659725844 18.142 0.039
0.08708886188810538 18.229 0.04
0.08871938433890136 18.178 0.049
0.08922528461994261 18.137 0.036
0.08955146710945883 18.192 0.044
0.09008696937644345 18.128 0.032
0.09020427915561413 18.129 0.025
0.0909945664704992 18.16 0.028
0.09101926973403351 18.15 0.027
0.0916083397771672 18.082 0.032
0.09173169917744417 18.113 0.025
0.09419603572496271 18.138 0.023
0.09521361395241001 18.175 0.037
0.09987175439596285 18.199 0.034
0.1012606059623522 18.159 0.03
0.1046864290672147 18.189 0.043
0.10588198577920593 18.115 0.038
0.10667754061705637 18.195 0.033
0.1085529535691876 18.145 0.031
0.10958308346880585 18.197 0.03
0.11019318734656736 18.145 0.026
0.11171401108981627 18.146 0.025
0.11226184542192641 18.146 0.025
0.11260308777298178 18.191 0.029
0.11274166408088604 18.195 0.031
0.1188643037746715 18.15 0.034
0.12033389543717021 18.043 0.027
0.12328617434604894 18.266 0.052
0.12426283331478771 18.234 0.037
0.12498309880015768 18.162 0.033
0.1253039534369691 18.27 0.035
0.12595311699328704 18.208 0.031
0.12804338422392902 18.159 0.029
0.12852174600152466 18.204 0.034
0.12923064984624943 18.13 0.033
0.12954638340761448 18.229 0.041
0.13023883058190222 18.224 0.034
0.1322699956631368 18.133 0.037
0.13271365793639234 18.289 0.045
0.13362662450481366 18.203 0.033
0.1344471023423921 18.196 0.038
0.13458870993986238 18.129 0.031
0.13513278846789945 18.292 0.049
0.1377895384380281 18.146 0.029
0.13955047685021782 18.347 0.028
0.14124240822559386 18.144 0.036
0.14349344422112154 18.225 0.032
0.14474178137629679 18.187 0.032
0.15025377066331203 18.298 0.026
0.15077066640174053 18.238 0.05
0.155064046027519 18.199 0.029
0.15598396982341 18.167 0.029
0.15670171664964982 18.335 0.048
0.15722342486378693 18.188 0.03
0.16011810300119578 18.15 0.023
0.16042023083650747 18.265 0.026
0.16482408852198205 18.274 0.043
0.16527476547776132 18.345 0.033
0.16619996726649333 18.177 0.034
0.16985468461302844 18.341 0.045
0.17030619326919805 18.412 0.03
0.17206204188664742 18.304 0.037
0.1726817262192526 18.174 0.04
0.17654165457111048 18.276 0.032
0.1784821276828552 18.282 0.034
0.1785954959486844 18.383 0.056
0.18374377572536105 18.277 0.052
0.1838199805365548 18.339 0.033
0.1859693734729717 18.442 0.046
0.18995091393708208 18.293 0.04
0.19084801760641312 18.245 0.033
0.19141784559928965 18.396 0.036
0.19258265466135072 18.327 0.041
0.1938141847958832 18.26 0.032
0.19529843885584341 18.428 0.031
0.19625162634292792 18.291 0.04
0.1969890834832313 18.564 0.045
0.19784507956683228 18.529 0.036
0.1985559554127576 18.429 0.033
0.2006081072147481 18.547 0.04
0.20171627533159153 18.566 0.044
0.20264427048095968 18.343 0.043
0.2027603352622691 18.48 0.04
0.20359965768602706 18.562 0.033
0.20658832854974207 18.698 0.062
0.20682925921505557 18.542 0.049
0.2081414038091225 18.563 0.047
0.21005842127283358 18.456 0.039
0.21125172604661202 18.439 0.044
0.21242556641709598 18.432 0.038
0.2126344365103705 18.593 0.055
0.2131509269322578 18.54 0.035
0.21317777481908706 18.522 0.048
0.21321768713801248 18.634 0.049
0.213238951049334 18.54 0.032
0.21450260195706505 18.743 0.066
0.2146654184999761 18.476 0.061
0.21467045594636147 18.645 0.06
0.2188644079358255 18.503 0.077
0.21984082099402258 18.672 0.066
0.2199661026643298 18.733 0.079
0.222580986636558 18.578 0.048
0.22290726060782617 18.604 0.034
0.22357560352497785 18.501 0.052
0.22358416918723378 18.667 0.05
0.2240987817074256 18.422 0.048
0.22466127320194573 18.639 0.057
0.2248078658974464 18.571 0.049
0.22576381284716263 18.555 0.045
0.22599678196274908 18.75 0.063
0.2297107086444612 18.671 0.053
0.2308152543171218 18.48 0.05
0.23375552559377866 18.556 0.036
0.2362154289364753 18.41 0.038
0.23873544922025758 18.468 0.048
0.23878296475800198 18.514 0.057
0.23963686058641542 18.581 0.049
0.24025393464989975 18.528 0.047
0.24093414398657842 18.67 0.055
0.24265865392885644 18.691 0.044
0.24318183211130417 18.553 0.026
0.24497759828227572 18.589 0.043
0.24582141934683932 18.468 0.071
0.24651660229801564 18.558 0.077
0.24826660532562528 18.479 0.044
0.24920961335146785 18.743 0.056
0.25 18.801 0.093
0.25087056699999266 18.527 0.049
0.2515246135740199 18.761 0.049
0.2521212477033714 18.674 0.056
0.2544098550868057 18.45 0.031
0.25547532014161334 18.553 0.055
0.26344078387933223 18.462 0.03
0.2637136679311425 18.596 0.047
0.26456128406175594 18.261 0.039
0.2656251066543973 18.291 0.034
0.2676054947028206 18.385 0.041
0.2679566864383105 18.264 0.067
0.2684642815299867 18.437 0.042
0.26854520982385566 18.592 0.039
0.2686191679320018 18.347 0.061
0.2701560690750284 18.449 0.027
0.27098985189104496 18.27 0.034
0.2713025566513352 18.574 0.048
0.273165036042883 18.568 0.069
0.27445563691753705 18.489 0.05
0.27446383652500117 18.3 0.049
0.2751869947051091 18.315 0.037
0.2754109325120453 18.65 0.071
0.2762681735939623 18.487 0.049
0.2781187891832815 18.174 0.042
0.2804967519281263 18.493 0.044
0.2860669828717164 18.192 0.035
0.2862618260894578 18.137 0.029
0.2864676647639044 18.334 0.044
0.287227251413924 18.36 0.041
0.2887614586586551 18.13 0.039
0.28880022269618166 18.436 0.06
0.2898577968715017 18.563 0.05
0.29022160833301314 18.264 0.03
0.29394038413443013 18.212 0.036
0.2952073854014543 18.237 0.047
0.29526811181881385 18.109 0.033
0.2969638827566996 18.125 0.032
0.2986635978252252 18.245 0.034
0.29950891228668297 18.303 0.054
0.300228680845521 18.268 0.033
0.30182391774405914 18.22 0.031
0.30221017267899697 18.23 0.031
0.3040631290703004 18.19 0.032
0.30725209114893914 18.201 0.05
0.3092972333747639 18.212 0.047
0.3094561529007933 18.304 0.035
0.3101869116819671 18.303 0.029
0.3133232214427153 18.148 0.032
0.31370274150322075 18.142 0.021
0.3187765950372068 18.165 0.034
0.3188659112656751 18.131 0.029
0.31953778501656416 18.177 0.036
0.32100870268868675 18.146 0.041
0.32119823388620716 18.168 0.027
0.3214882493916775 18.237 0.047
0.3218762017543213 18.158 0.032
0.3236300834770418 18.217 0.03
0.3256273441106714 18.148 0.028
0.32634967058993425 18.053 0.023
0.32710875246129945 18.153 0.026
0.32949496454511973 18.098 0.023
0.3332341828981953 18.192 0.036
0.3334760525792717 18.124 0.039
0.33456675708544026 18.251 0.05
0.33501707832760985 18.144 0.035
0.3408184841136972 18.179 0.024
0.3441762575187113 18.21 0.051
0.3443399057625811 18.178 0.027
0.3478796541317024 18.119 0.031
0.34867062931721193 18.242 0.044
0.3500829365316349 18.112 0.028
0.35069867673337285 18.179 0.044
0.3511451479432708 18.222 0.033
0.3513906662424233 18.106 0.023
0.35164233611408235 18.199 0.037
0.3527471615950617 18.175 0.031
0.3536322628672224 18.1 0.027
0.35703018913750384 18.039 0.042
0.357603265538728 18.131 0.048
0.35912289663247066 18.069 0.044
0.3614537492845784 18.254 0.044
0.3623546193568927 18.139 0.033
0.36356015411593035 18.314 0.03
0.3645856049008671 18.198 0.047
0.36478284388613247 17.958 0.046
0.36488800992651704 18.175 0.03
0.3664406327557117 18.167 0.035
0.36694808925176403 18.133 0.044
0.36914294196708397 18.101 0.029
0.36943599399728555 18.134 0.043
0.3722453890304678 18.117 0.035
0.3745891673902406 18.29 0.052
0.3782232668168035 18.205 0.036
0.3801766238868822 18.175 0.026
0.38161655846874964 18.098 0.03
0.3824849780994555 18.296 0.045
0.3831608430948563 18.204 0.041
0.383338965538087 18.205 0.039
0.3839709322046474 18.16 0.047
0.38552758292303224 18.14 0.029
0.3893922740187463 18.109 0.033
0.38989748381186473 18.135 0.025
0.39093549673907546 18.16 0.026
0.39093889159460105 18.154 0.033
0.3913643735952519 18.17 0.033
0.3920503604684882 18.095 0.036
0.39312525704167456 18.207 0.036
0.39352599651715536 18.227 0.061
0.3948683735125087 18.13 0.031
0.3953364224685174 18.114 0.032
0.3986961365944808 18.118 0.029
0.39984137393798846 18.089 0.033
0.4001264514599825 18.133 0.031
0.400539598777641 18.048 0.038
0.4032738037917625 18.108 0.036
0.404125309086794 18.173 0.035
0.406285323444763 18.102 0.038
0.4079802338899299 18.318 0.058
0.40822315500736295 18.043 0.035
0.40837492636183015 18.059 0.031
0.40936738541086015 18.177 0.035
0.41198368438563193 18.147 0.031
0.4120634200303357 18.068 0.032
0.4126651804699577 18.006 0.034
0.41480004698678385 18.207 0.044
0.4149362327614199 18.166 0.033
0.4165693732049931 18.107 0.023
0.4168315808690295 18.185 0.036
0.41887819306339225 18.094 0.029
0.4242773555079111 18.12 0.03
0.4257967485439167 18.124 0.033
0.4279584264318146 18.037 0.032
0.42806689584654123 18.134 0.026
0.42917711972222605 18.165 0.029
0.4334642718699797 18.173 0.032
0.4345313350188462 18.136 0.031
0.4347098236457896 17.986 0.028
0.43478896303008696 18.087 0.033
0.43780018193615433 18.149 0.042
0.4378583686266211 18.177 0.028
0.4381907340982707 18.117 0.023
0.4388331469468767 18.191 0.048
0.43951505371114763 18.15 0.033
0.44174024077881313 18.22 0.041
0.4419241382704513 18.152 0.039
0.44264514122846776 18.1 0.035
0.4441772691575352 18.133 0.026
0.44983410921554423 18.101 0.023
0.45109405130415325 18.16 0.037
0.4511000094441897 18.008 0.028
0.45142509338370473 18.162 0.033
0.4519197235051706 18.106 0.033
0.4567926711135897 18.271 0.044
0.45746121020943065 18.013 0.036
0.458751259191331 18.153 0.025
0.4592485414609655 18.125 0.026
0.4593317112232853 18.129 0.03
0.46263973023997096 18.087 0.038
0.4631269349996501 18.14 0.035
0.4635299133258286 18.058 0.04
0.4649513408414805 18.172 0.036
0.4724867899114997 18.115 0.033
0.47249581860251055 18.052 0.023
0.4734966237072058 18.164 0.033
0.4745447611290956 18.12 0.025
0.47726819827380496 18.1 0.036
0.4806695089304185 18.139 0.033
0.4822014668548036 17.974 0.021
0.4839432049673178 18.066 0.027
0.4851486142185877 18.173 0.026
0.48613300714919205 18.119 0.041
0.4862078884393668 18.109 0.033
0.48663268256950687 18.058 0.034
0.48909078902147485 18.12 0.027
0.48958692575592977 18.08 0.04
0.4911638411688273 18.082 0.026
0.493811709024385 18.124 0.027
0.49383541058273295 18.1 0.032
0.49677677504610074 18.074 0.034
0.4991154768272281 18.1 0.031
0.4993534310402765 18.141 0.059
0.5010609900029976 18.099 0.036
0.5018867877120101 18.108 0.027
0.5031221704959989 18.024 0.045
0.5051324823459709 18.127 0.036
0.5066574228417267 18.123 0.042
0.5077310456254054 18.083 0.027
0.5084832095308229 18.046 0.033
0.5093408063262359 18.122 0.026
0.5096186859454974 18.2 0.033
0.5098887348860899 18.083 0.023
0.5105096040156241 18.264 0.046
0.5116670374468413 18.051 0.031
0.5117383905208044 18.08 0.027
0.5134486852605278 18.124 0.033
0.5142952002233869 18.099 0.031
0.5149639693959216 18.082 0.034
0.5206885819632134 18.138 0.032
0.5212811751164281 18.033 0.028
0.5243620418161754 18.049 0.031
0.5262160496438355 18.073 0.033
0.5262777280352111 18.059 0.036
0.5276053981365294 18.072 0.026
0.5281666969822254 18.078 0.036
0.5297351722409758 18.117 0.03
0.5313350438871112 18.069 0.045
0.5347065302046303 18.109 0.034
0.5355749969494354 18.069 0.031
0.5369949466441994 18.077 0.031
0.5422340910124603 18.137 0.032
0.5433247590033261 18.151 0.035
0.5439635441733799 18.131 0.032
0.5463466045654286 18.062 0.033
0.5488758758936001 17.984 0.036
0.5498465767225298 18.106 0.035
0.5502854368612589 18.047 0.031
0.5524477973847297 18.049 0.023
0.5529922786114412 18.137 0.034
0.5530159697002546 18.097 0.036
0.5534906646662421 18.105 0.026
0.5569104929874129 18.094 0.028
0.5575555136165349 18.147 0.035
0.5614524169673132 18.119 0.032
0.561637044079248 18.144 0.026
0.5634820703299965 18.117 0.034
0.5662699817156636 18.14 0.045
0.5671621814278751 17.991 0.026
0.5671894504639567 18.044 0.026
0.5673823660479229 18.154 0.026
0.5690838282755522 18.086 0.033
0.5708757523959775 18.169 0.027
0.5711356138940573 18.084 0.025
0.5715043607219741 18.09 0.033
0.572631593161077 18.154 0.029
0.5735190326174688 18.087 0.025
0.5757831329165128 18.117 0.05
0.5763139064654297 18.026 0.026
0.5776678281931709 18.093 0.028
0.5821537624542543 18.125 0.033
0.5822760625658248 18.191 0.035
0.5828019896125625 18.145 0.033
0.5829878538700086 18.055 0.033
0.5855229577014143 18.064 0.027
0.5857139037725574 18.091 0.029
0.5864663868762818 18.067 0.031
0.5933198324653404 18.073 0.037
0.5969127457833565 18.051 0.03
0.5971932749332609 18.162 0.025
0.5979919971675827 18.092 0.033
0.598302546835157 18.072 0.032
0.5984954598015975 18.049 0.035
0.6010389906998626 18.134 0.041
0.6031997033978769 18.137 0.022
0.6032362783157623 18.122 0.036
0.6033624258420787 18.099 0.021
0.6051633759070683 18.111 0.031
0.6064829772722078 18.105 0.045
0.6122570773782172 18.002 0.036
0.6138491129822796 18.06 0.026
0.6144856123166846 18.097 0.03
0.6144893602686352 18.039 0.028
0.6177834021407307 18.061 0.032
0.618798958507341 18.235 0.047
0.6197152205977545 18.156 0.039
0.6200831854559965 18.178 0.036
0.6205266749789189 17.974 0.039
0.6213597646897142 18.196 0.041
0.6224436480749773 18.053 0.021
0.6241304400530225 18.177 0.039
0.6285282036208173 18.136 0.038
0.6287813408434886 18.131 0.033
0.6290896490427258 18.092 0.031
0.6294572032213637 18.247 0.055
0.6301751827422777 18.153 0.043
0.6321094702552728 18.104 0.03
0.6334505683551015 18.201 0.033
0.6335578921052729 18.035 0.042
0.6366160250538542 18.153 0.042
0.6366402261560324 18.101 0.04
0.6373958163264888 18.036 0.028
0.6388828742171881 18.176 0.041
0.6424608739924906 18.159 0.034
0.6426640187689827 18.122 0.038
0.6427038422236819 18.128 0.022
0.6432299497448639 18.187 0.044
0.643904574977114 18.057 0.037
0.6463296034469295 18.099 0.034
0.6495646608259449 18.154 0.04
0.6539016249455472 18.141 0.03
0.6544455099119659 18.048 0.034
0.6544707127193305 18.181 0.045
0.6595425576085745 18.125 0.034
0.6612524416684664 18.096 0.027
0.6631530966894843 18.21 0.039
0.6648174870729235 18.149 0.026
0.6669293032573478 18.119 0.043
0.668814424918537 18.135 0.027
0.6690511995695942 18.096 0.037
0.6701209645977997 18.265 0.044
0.6701841180638439 17.991 0.036
0.6724317067261154 18.126 0.033
0.6729783929054065 18.11 0.052
0.6732915580766985 18.102 0.034
0.6745388020453902 18.196 0.031
0.6754243138684615 18.096 0.03
0.6789652131365074 18.118 0.029
0.6810910483450243 18.276 0.036
0.6817230595079309 18.195 0.023
0.6866528390055464 18.296 0.049
0.6873056616498161 18.224 0.026
0.688091499926486 18.174 0.025
0.6934343457301111 18.287 0.029
0.6951458907026336 18.234 0.038
0.695341882072853 18.277 0.034
0.6976907057314747 18.231 0.036
0.6977052714125875 18.322 0.044
0.6998765690170785 18.186 0.036
0.7018624574116075 18.156 0.057
0.7031805470580821 18.25 0.034
0.7063780382839013 18.318 0.036
0.7071503596978346 18.219 0.046
0.7078728771209626 18.095 0.041
0.7089955664228 18.284 0.061
0.7092295922095673 18.182 0.031
0.7104168134640076 18.369 0.045
0.7107985331138025 18.227 0.033
0.7125145139091273 18.31 0.044
0.7129967231014689 18.214 0.031
0.7131394213972726 18.294 0.032
0.7147808059448835 18.336 0.039
0.7157114035110226 18.261 0.029
0.7198705616397092 18.245 0.034
0.7223252339744022 18.297 0.045
0.7237925789336259 18.151 0.026
0.7254587138588704 18.275 0.038
0.7258448719485386 18.114 0.031
0.7261447530804617 18.238 0.047
0.7286617838249185 18.369 0.033
0.7324918824738234 18.255 0.045
0.7332272210367137 18.267 0.034
0.7350848041946847 18.325 0.049
0.7376370394797505 18.134 0.03
0.7377077883122638 18.345 0.028
0.7392924874184246 18.274 0.042
0.7394132339325097 18.296 0.045
0.7409809324567505 18.18 0.038
0.7411950229591184 18.27 0.031
0.7443015136154827 18.273 0.03
0.7448336210266007 18.313 0.036
0.745536286923425 18.212 0.035
0.7456425148698145 18.244 0.033
0.7464114885419804 18.237 0.034
0.7465932281945697 18.111 0.033
0.7471985744339236 18.348 0.052
0.7477688496219344 18.327 0.036
0.7479299217518474 18.206 0.04
0.7485001576785635 18.351 0.043
0.7505728410249048 18.254 0.041
0.7527065672413755 18.202 0.038
0.7532937096511887 18.264 0.035
0.7536242443341052 18.14 0.033
0.7537920512095297 18.178 0.033
0.7556556370038834 18.109 0.036
0.7559235333403649 18.159 0.028
0.7574406770559108 18.19 0.029
0.7659576499183913 18.15 0.037
0.7679942160120845 18.138 0.041
0.7680756988161193 18.176 0.031
0.7698382353225952 18.075 0.029
0.7715363444447121 18.237 0.035
0.7719110520297363 18.133 0.033
0.7748841398024524 18.15 0.03
0.775593132511176 18.227 0.033
0.7765081522210266 18.282 0.031
0.7768066445250952 18.166 0.046
0.7768354776287651 18.215 0.03
0.7783453451763762 18.055 0.025
0.7797020183854784 18.267 0.044
0.7801220993737843 18.104 0.04
0.7808433665643406 18.186 0.035
0.7810162632347328 18.183 0.04
0.7811986907574919 18.221 0.034
0.7822085715383764 18.245 0.038
0.7878901541214418 18.111 0.04
0.7884152468502634 18.141 0.027
0.7895107271879169 18.183 0.032
0.791478608060288 18.112 0.02
0.793404607101138 18.03 0.032
0.7940158565143065 18.121 0.034
0.7959026808382532 18.254 0.043
0.7966580932804845 18.062 0.031
0.7974941645500166 18.17 0.033
0.7997343749636912 18.201 0.047
0.8019561724108826 17.999 0.033
0.8030710727841779 18.177 0.027
0.8057278306066564 18.191 0.037
0.8071234170472508 18.206 0.033
0.8084633198798201 18.14 0.041
0.8090090408695687 18.134 0.027
0.8092598895102583 18.027 0.028
0.8092636845763082 18.144 0.028
0.8098279677267328 18.157 0.03
0.8103534397262138 17.994 0.023
0.8103573288908592 18.147 0.034
0.8124846366849852 18.057 0.044
0.8150603772207887 18.15 0.028
0.8151724612268936 18.231 0.039
0.8157461916005104 18.083 0.03
0.8169267144965033 18.172 0.022
0.8172169209458389 18.007 0.036
0.8173057767635328 18.162 0.034
0.8194589726181221 18.042 0.025
0.8200265486732405 18.119 0.029
0.8247800026176719 18.131 0.046
0.8255154850107829 18.197 0.051
0.8282833198992421 18.089 0.041
0.8329077416044584 18.019 0.037
0.8338119410962008 18.049 0.025
0.8362863630061383 18.146 0.031
0.8373446329044327 18.161 0.03
0.8381169543188207 18.051 0.039
0.8398661675246331 18.096 0.022
0.8404021197327438 18.098 0.04
0.8409478930709611 18.077 0.025
0.844206319851537 18.135 0.044
0.8445617852573832 18.11 0.023
0.8474373964553479 18.131 0.035
0.8493816412051274 18.083 0.025
0.8494052380660833 18.16 0.044
0.8503380458198535 18.102 0.034
0.8507556368122096 18.179 0.029
0.8512767042695941 18.123 0.033
0.8517981405279897 18.163 0.028
0.8519383201644359 18.072 0.025
0.8522207768189674 18.139 0.028
0.8523570566926537 18.098 0.044
0.8556567820025975 18.094 0.023
0.8573213135987316 18.079 0.033
0.8582705648072988 18.052 0.039
0.859242586539267 18.098 0.034
0.8639222157364657 18.05 0.034
0.8641371877997699 18.152 0.035
0.8650128837275588 18.139 0.025
0.8708310155225263 18.068 0.03
0.8732972039267679 18.112 0.029
0.8748021124217757 18.152 0.035
0.8761375269548353 18.046 0.035
0.8774600628933058 18.114 0.032
0.8777492152892137 18.05 0.023
0.8808691207279935 18.087 0.03
0.8809077959010665 18.128 0.031
0.8817156828047246 18.074 0.026
0.8824814524361955 18.107 0.029
0.8833745257281862 18.061 0.032
0.8850343782089567 18.049 0.031
0.8850787289677555 18.157 0.026
0.8870893598871135 18.028 0.041
0.8888784409152777 18.116 0.038
0.889241645518041 18.057 0.023
0.8905055213967898 18.129 0.039
0.891493131326115 18.154 0.024
0.8933932396892033 18.105 0.021
0.8940006914190235 18.116 0.046
0.8962927355373722 18.104 0.032
0.9018691049664085 18.12 0.029
0.9038225430481361 18.165 0.053
0.9076689048060871 18.174 0.047
0.9079614103075073 18.083 0.033
0.9083150735880281 18.11 0.042
0.9088348150357888 18.126 0.027
0.9119555574102378 18.117 0.031
0.9127098163360188 18.082 0.03
0.9133077790925199 18.103 0.029
0.9134379283332237 18.051 0.038
0.9135377771192452 18.021 0.036
0.914675782662016 18.144 0.042
0.9152217705011481 18.121 0.03
0.9179237187643139 18.044 0.023
0.9191821465167322 18.115 0.03
0.9201113316976262 18.097 0.046
0.9204462995858194 18.062 0.023
0.9211144306188999 18.077 0.033
0.9213804724818146 18.144 0.03
0.9215751849562821 18.026 0.028
0.921691989956571 18.084 0.028
0.9222963658996832 18.045 0.035
0.92368695415621 18.059 0.026
0.9243501261373694 18.098 0.035
0.9282518447100756 18.111 0.036
0.9309602400576296 18.13 0.023
0.9314683425453723 18.095 0.031
0.9325337632326409 18.051 0.028
0.9343744346724634 18.084 0.033
0.9362673452615127 18.131 0.022
0.9397751585665901 17.994 0.024
0.9410052265850481 18.092 0.033
0.9412301714605746 18.144 0.024
0.9426418850327991 18.026 0.027
0.9430057277745618 18.057 0.023
0.9450855121785935 18.2 0.026
0.946123802424836 18.059 0.038
0.9515147259996866 17.98 0.041
0.9580284200167171 18.099 0.023
0.9586455883077178 18.142 0.039
0.9591347599625806 18.061 0.032
0.9600638484273532 18.128 0.029
0.9625455649563719 18.043 0.038
0.9628998350956408 18.076 0.032
0.9635887120457483 18.135 0.04
0.9650238786482532 18.138 0.041
0.965239627445726 18.08 0.035
0.96576440372246 18.117 0.03
0.9658064685165755 18.098 0.027
0.9683892735945392 18.099 0.027
0.9688657914966825 18.151 0.026
0.9697104678186861 18.169 0.039
0.9701798532544217 18.144 0.034
0.9702401140259553 18.121 0.031
0.9709208804897571 18.128 0.032
0.9713268012417302 18.062 0.035
0.9724539394530893 18.105 0.05
0.9724931063178701 18.127 0.04
0.9728638435974517 18.112 0.042
0.974701575229119 18.091 0.023
0.9773567716014213 18.171 0.042
0.9805507789785679 18.081 0.033
0.9805784115808365 18.113 0.034
0.981164458186413 18.087 0.044
0.9825968863942762 18.04 0.029
0.9826620486344382 18.067 0.025
0.9834715335030069 18.139 0.023
0.9841220099817747 18.049 0.031
0.9873381496151978 18.124 0.033
0.9890568818918837 18.099 0.027
0.9907639334585383 18.119 0.029
0.9910881333485122 18.051 0.025
0.9911433566737742 18.086 0.033
0.9937131915471582 18.006 0.033
0.9938300435328529 18.078 0.044
0.9939002432190591 18.047 0.033
0.994588842978601 18.117 0.027
0.9948741479597629 18.092 0.032
0.9969050908166537 18.109 0.034
0.998749201608689 18.209 0.041
