0.00187320833015292 16.053 0.008
0.0021549685206991853 16.053 0.008
0.0034400058925712074 16.04 0.008
0.006238186657810729 16.045 0.007
0.008143360893427598 16.062 0.009
0.009719394202420517 16.057 0.008
0.010381397560877303 16.06 0.008
0.01063614957797654 16.063 0.009
0.011039835068913817 16.06 0.008
0.011944564392479151 16.057 0.007
0.013979988125356613 16.056 0.008
0.016362026422484632 16.062 0.008
0.016717383907234762 16.057 0.009
0.022685425143890825 16.059 0.007
0.02548429812941322 16.073 0.008
0.026985659206502532 16.063 0.007
0.028445831428598467 16.067 0.008
0.028721062851673196 16.054 0.009
0.03137360161053948 16.057 0.008
0.03217097825586279 16.084 0.009
0.032500860212621774 16.072 0.008
0.03276475780376131 16.071 0.008
0.0353283939521134 16.064 0.008
0.035551484803363564 16.064 0.008
0.03666909578191735 16.075 0.009
0.03696514587477395 16.082 0.008
0.0385589394084036 16.073 0.009
0.039124026064200734 16.044 0.008
0.04029264077598782 16.066 0.011
0.04501366196245726 16.098 0.009
0.04660618563411845 16.063 0.009
0.04721953392549949 16.062 0.008
0.04731449539326604 16.092 0.009
0.0473525951542797 16.065 0.007
0.04768481893097487 16.079 0.009
0.04812285738398714 16.086 0.008
0.05801739923367677 16.103 0.009
0.06039614219685063 16.106 0.008
0.06074034232779013 16.102 0.008
0.06141584397391853 16.061 0.008
0.06245799646103478 16.077 0.009
0.06353085362093225 16.107 0.011
0.06431547449983555 16.087 0.008
0.06433902306434902 16.095 0.007
0.066089287407749 16.113 0.009
0.06656414355666129 16.072 0.008
0.06712973910771325 16.083 0.008
0.06859630945064055 16.085 0.007
0.07246215334998851 16.078 0.009
0.07388826604301357 16.094 0.009
0.07503232748899791 16.114 0.008
0.07682879199114723 16.095 0.011
0.07856358674280273 16.122 0.008
0.0799453444037681 16.152 0.011
0.08135808707970682 16.108 0.008
0.08224933865517414 16.106 0.006
0.08388459454045005 16.106 0.008
0.08417271237681234 16.128 0.01
0.08455568543945446 16.125 0.008
0.08468882463739646 16.118 0.008
0.08556163061484767 16.086 0.008
0.08656551906642562 16.146 0.009
0.0870801849871441 16.133 0.01
0.08768244467137265 16.111 0.009
0.08837287427218143 16.121 0.008
0.09013018997120525 16.121 0.007
0.09365520317669507 16.134 0.01
0.09375498875760968 16.103 0.008
0.09448439604011583 16.156 0.009
0.09514738803045475 16.099 0.008
0.09528579000107129 16.136 0.009
0.09529038109258181 16.106 0.008
0.0965061991746552 16.105 0.008
0.09703899434543928 16.137 0.008
0.10063226797024072 16.128 0.008
0.10122470741953293 16.143 0.008
0.10179875483504475 16.135 0.008
0.10212139824534461 16.129 0.008
0.1043880376330435 16.116 0.008
0.10800907890825329 16.161 0.008
0.10821611865867453 16.125 0.008
0.1096166007712327 16.152 0.008
0.1130175004193461 16.146 0.008
0.11467494721114235 16.156 0.008
0.11648460674177841 16.125 0.008
0.11693269696229436 16.14 0.008
0.11894402662687753 16.157 0.009
0.12022838398161184 16.136 0.008
0.12148777857032655 16.168 0.01
0.12237440691592383 16.163 0.01
0.12539665794201937 16.111 0.008
0.12687008560305912 16.109 0.009
0.1271177916207762 16.157 0.008
0.12805691587118417 16.184 0.011
0.12983507464514332 16.145 0.009
0.13002540708112065 16.13 0.008
0.13149122181357598 16.165 0.008
0.13351488614489426 16.133 0.008
0.13377045418224043 16.168 0.008
0.13449012217870404 16.118 0.008
0.13510064653701193 16.18 0.008
0.1385279118364906 16.16 0.009
0.13961046692065793 16.145 0.009
0.13991749788897323 16.17 0.008
0.14089171315231397 16.181 0.008
0.14166526684948622 16.174 0.007
0.14246830803449484 16.172 0.008
0.14320703587918615 16.14 0.009
0.1445488004442268 16.157 0.007
0.14488193339411737 16.138 0.008
0.14588081203100955 16.222 0.008
0.15081532912267903 16.213 0.008
0.15629518853484115 16.258 0.009
0.15643441099518895 16.161 0.008
0.1564965223847139 16.162 0.008
0.15874370849360275 16.171 0.008
0.16073281362287162 16.177 0.01
0.16185704354143127 16.256 0.009
0.1637332260952462 16.302 0.011
0.1651384123867956 16.268 0.009
0.17058666480033935 16.25 0.008
0.17268245032437335 16.335 0.008
0.17301190671150835 16.331 0.01
0.1737387070133991 16.191 0.008
0.17433345465451566 16.24 0.008
0.17469219377926493 16.24 0.008
0.1768703936206748 16.301 0.008
0.1798663783902157 16.229 0.01
0.1819491614328399 16.391 0.011
0.18685875772303007 16.363 0.008
0.18890376866920633 16.255 0.008
0.189303530882853 16.451 0.01
0.18952579500069078 16.481 0.011
0.19263547402533732 16.307 0.01
0.1951727239832053 16.474 0.013
0.196520070648603 16.474 0.01
0.19659638176790395 16.311 0.01
0.197666635813448 16.467 0.01
0.19788756816888053 16.287 0.009
0.19804152603683178 16.369 0.01
0.19807330951311997 16.496 0.011
0.1987169291742248 16.409 0.01
0.1999910514371095 16.451 0.009
0.20147734557622243 16.516 0.011
0.20264527491463014 16.482 0.01
0.20383039219200327 16.466 0.008
0.2045686042952184 16.468 0.011
0.2051259351724184 16.459 0.009
0.20559769240139758 16.464 0.009
0.20810883264493896 16.405 0.008
0.20844813069334123 16.462 0.01
0.20940851138539074 16.369 0.008
0.21028628223302803 16.567 0.011
0.2107347605274299 16.403 0.011
0.21125072993845606 16.561 0.011
0.2121863326788116 16.372 0.008
0.21230206698555776 16.534 0.008
0.2130818598843689 16.559 0.013
0.21422066540458218 16.5 0.009
0.2161280698619521 16.602 0.01
0.21643908065152573 16.41 0.008
0.21742547403891876 16.563 0.01
0.22049588045956625 16.422 0.009
0.22387316279650804 16.599 0.01
0.22558597525767254 16.601 0.011
0.22980897742854722 16.507 0.011
0.22994681782574844 16.586 0.011
0.23084364763462872 16.478 0.009
0.23219636480348527 16.594 0.01
0.23295958788025928 16.592 0.012
0.23541319948958517 16.574 0.011
0.23786275628822295 16.572 0.012
0.23834247404511189 16.559 0.011
0.24510814101881806 16.549 0.011
0.24516382601586884 16.595 0.009
0.24637835667726904 16.588 0.011
0.2469668529140563 16.594 0.008
0.24884838454590863 16.528 0.011
0.2488926157768674 16.587 0.011
0.25 16.612 0.011
0.2547352774599858 16.597 0.011
0.25606547368147403 16.46 0.01
0.25685978414821875 16.491 0.011
0.2608344324225982 16.599 0.01
0.26098304507922876 16.404 0.009
0.2612999665193456 16.555 0.012
0.26150988525773755 16.434 0.012
0.2616215204125183 16.545 0.008
0.26196510629301883 16.418 0.01
0.262886452759858 16.509 0.011
0.26428846751787205 16.506 0.01
0.26557935899654694 16.534 0.009
0.26597576010999546 16.578 0.008
0.26646717923449614 16.558 0.011
0.2665862883345653 16.414 0.009
0.26843120315379565 16.405 0.008
0.27104651084982834 16.336 0.011
0.2710537455300255 16.528 0.011
0.27290437845294946 16.521 0.011
0.27451710654395356 16.406 0.008
0.276301843783358 16.306 0.009
0.28070625899090373 16.302 0.012
0.28071481323058833 16.309 0.009
0.28133391623396165 16.468 0.01
0.28191688691458694 16.343 0.011
0.28202953599361535 16.317 0.009
0.284461274533669 16.345 0.009
0.2862412081988168 16.354 0.008
0.28654195949116 16.269 0.009
0.2891852303646374 16.4 0.011
0.29151503940784096 16.261 0.011
0.2919488397258192 16.236 0.011
0.2919625963272665 16.247 0.01
0.29391798268056846 16.269 0.011
0.29480224629060103 16.333 0.008
0.2968366087779941 16.39 0.008
0.2996497541066674 16.328 0.01
0.2997115461685098 16.225 0.009
0.29974964979578544 16.206 0.009
0.30187315327248143 16.199 0.009
0.30203863365318284 16.238 0.009
0.30229045936130206 16.328 0.009
0.302295349241831 16.308 0.008
0.30230575247514935 16.265 0.008
0.3028578702778759 16.278 0.01
0.3033523356452861 16.272 0.008
0.3037997404917405 16.353 0.011
0.30497757725811425 16.163 0.008
0.3071056420642435 16.186 0.008
0.30765335745627453 16.18 0.008
0.30823611952041574 16.179 0.008
0.31154096282716637 16.191 0.008
0.31234486586345156 16.263 0.009
0.3140575759493913 16.163 0.008
0.3141889524590624 16.247 0.009
0.3155123532624202 16.184 0.007
0.3181325347698021 16.187 0.008
0.3185814356540959 16.158 0.011
0.3205070961414549 16.13 0.008
0.32242652278432615 16.135 0.008
0.32744298279317263 16.153 0.011
0.3280021221894458 16.128 0.008
0.32831170270810617 16.192 0.011
0.3286687166394131 16.155 0.008
0.3287619436910063 16.214 0.01
0.33032134765426235 16.16 0.008
0.3308482443765115 16.172 0.008
0.3323593164675458 16.144 0.009
0.33258497442784574 16.178 0.008
0.3342413439052052 16.146 0.008
0.33505965379822555 16.145 0.009
0.3373759529540621 16.146 0.007
0.33737990003351115 16.146 0.011
0.33740781053370483 16.14 0.006
0.33761496872875796 16.151 0.008
0.3397482397631393 16.136 0.007
0.339976516906745 16.143 0.008
0.3410877366109162 16.161 0.009
0.3412667268785299 16.108 0.009
0.346547150245442 16.117 0.008
0.3495329579573081 16.137 0.008
0.35085841935074313 16.142 0.008
0.3559246789982353 16.128 0.01
0.35712676488492434 16.129 0.008
0.36062831583194566 16.154 0.008
0.3613704910831075 16.114 0.008
0.365360342299482 16.127 0.008
0.36556036967931504 16.127 0.009
0.3665991229681822 16.102 0.008
0.367748926923241 16.114 0.008
0.3688168903361202 16.096 0.008
0.3754826119227346 16.117 0.009
0.37964456781583067 16.112 0.01
0.38310414066972953 16.114 0.008
0.384453302699967 16.11 0.008
0.3864106740511488 16.114 0.009
0.3878460706982878 16.089 0.008
0.38963464490871047 16.113 0.007
0.3907566246693932 16.116 0.008
0.39460599963217646 16.101 0.008
0.39467833391063323 16.109 0.008
0.39500803254327366 16.096 0.008
0.3951363681667317 16.106 0.008
0.3976526688077229 16.084 0.008
0.397735877720379 16.089 0.008
0.39778129935371 16.082 0.006
0.39976248056291297 16.119 0.009
0.4009615752611353 16.111 0.009
0.40166589211003156 16.108 0.008
0.40284710664946033 16.093 0.008
0.4033026440329195 16.07 0.008
0.4047683081826108 16.086 0.007
0.4059533796289543 16.066 0.008
0.40664979011671676 16.089 0.008
0.4075326677971134 16.08 0.008
0.4121480454291486 16.072 0.008
0.4128818054243766 16.089 0.01
0.41389033079803994 16.078 0.008
0.41395798381336135 16.107 0.008
0.4144997924213385 16.066 0.008
0.4146408799449546 16.077 0.008
0.41580420212289937 16.078 0.008
0.41591012839694486 16.053 0.008
0.41625208223672416 16.07 0.009
0.41670256159795827 16.085 0.01
0.4168998498603287 16.08 0.009
0.41855412511904433 16.083 0.008
0.4197946149120071 16.092 0.008
0.42004790302962647 16.076 0.011
0.42106275628748335 16.054 0.007
0.42211324219556445 16.071 0.008
0.4242151514567922 16.09 0.008
0.4248611641246498 16.068 0.009
0.4257109304332971 16.069 0.008
0.42774710828643947 16.07 0.009
0.42801514937059437 16.069 0.008
0.42818634785476206 16.073 0.01
0.4285930498263042 16.051 0.008
0.42913862130239977 16.061 0.008
0.43022877711200636 16.076 0.007
0.43157046221767814 16.075 0.008
0.4335126588989624 16.071 0.007
0.4338338276970717 16.074 0.007
0.4346275468292333 16.046 0.008
0.43754129911576456 16.044 0.006
0.43861125823900693 16.045 0.008
0.43990480550905886 16.059 0.007
0.4440592103740073 16.04 0.008
0.44716938609144563 16.045 0.008
0.4524630893026824 16.04 0.008
0.45285716615489946 16.048 0.008
0.45419810636326474 16.054 0.008
0.454366553527052 16.076 0.007
0.4574913706132975 16.039 0.008
0.4585341870490538 16.041 0.008
0.45895688655718914 16.06 0.008
0.45926961955979095 16.037 0.008
0.46155306179161926 16.054 0.009
0.4626244633882379 16.067 0.008
0.4634242910751709 16.049 0.009
0.46663326523116666 16.054 0.009
0.46875191781259673 16.054 0.009
0.46897466553355116 16.062 0.008
0.4696769783363379 16.028 0.009
0.47020874886970887 16.051 0.006
0.4705251126033545 16.046 0.008
0.47105385831969215 16.053 0.007
0.4726514644189592 16.061 0.009
0.4734664292805064 16.049 0.008
0.47521838369857505 16.032 0.008
0.47587410738083236 16.038 0.009
0.4772898290430021 16.051 0.008
0.4792097309523342 16.043 0.008
0.480524084689705 16.036 0.007
0.4820754584916358 16.038 0.008
0.4850552448410781 16.033 0.008
0.48534994561259737 16.042 0.008
0.4874974851236402 16.04 0.008
0.48927666853478513 16.05 0.008
0.49283175222649334 16.045 0.008
0.4949757458221029 16.042 0.01
0.49502340452409044 16.048 0.009
0.495605211584234 16.051 0.01
0.4965010542514392 16.029 0.007
0.4974310451298152 16.043 0.008
0.49805507550809125 16.027 0.008
0.4993140070323534 16.051 0.008
0.500421144540951 16.036 0.008
0.5024335812818208 16.041 0.008
0.5037397001074169 16.035 0.008
0.5041304893588858 16.012 0.008
0.5047270806376218 16.036 0.008
0.5053760050354867 16.032 0.008
0.50587010524373 16.026 0.008
0.5065955898521679 16.039 0.008
0.507079934705871 16.03 0.008
0.5084373896825127 16.053 0.008
0.5102800460076651 16.053 0.008
0.5107399078317485 16.04 0.007
0.5129081178060915 16.049 0.009
0.5155150019097618 16.054 0.009
0.5158399993426883 16.05 0.008
0.5159932893961923 16.038 0.008
0.5163638215506126 16.038 0.008
0.5180758760252502 16.046 0.008
0.5207216515043456 16.048 0.008
0.5221656726275796 16.032 0.008
0.5267978935783049 16.048 0.008
0.5268662281005163 16.051 0.008
0.5271970903531837 16.037 0.01
0.5286380330953762 16.057 0.008
0.5292001110030924 16.036 0.009
0.5307734885204809 16.074 0.008
0.5325945559861793 16.042 0.009
0.5334200020508888 16.041 0.008
0.5342999938975481 16.06 0.008
0.5393867275947741 16.048 0.008
0.5407438822921904 16.034 0.009
0.5439840485898912 16.063 0.008
0.5447215348447116 16.052 0.008
0.544787446597411 16.044 0.008
0.5460384419984621 16.043 0.008
0.5460998046246459 16.037 0.008
0.5468683202352622 16.042 0.007
0.5481146221707149 16.058 0.008
0.5508398237589063 16.049 0.008
0.552403273309892 16.076 0.01
0.552905833719251 16.073 0.01
0.5530020787414287 16.058 0.008
0.5530202377531168 16.056 0.008
0.5533979182814619 16.036 0.008
0.5566688312160295 16.056 0.008
0.5584697638953457 16.058 0.008
0.5588801385629267 16.037 0.008
0.5592808313751902 16.063 0.008
0.5620825404971583 16.035 0.007
0.5621073023796725 16.067 0.009
0.5628100666467617 16.038 0.008
0.5633463619014947 16.072 0.008
0.5634786568070922 16.054 0.008
0.5639890104894221 16.07 0.011
0.5642402906939878 16.052 0.008
0.5657091760749609 16.041 0.008
0.5673679805245229 16.042 0.008
0.5678904626338408 16.07 0.008
0.571160900301038 16.065 0.008
0.5715776608858505 16.065 0.009
0.5732280334068491 16.056 0.008
0.5739748860555665 16.06 0.009
0.5752808819672737 16.069 0.008
0.5755578546527431 16.064 0.008
0.576532422872333 16.069 0.008
0.5817398670615148 16.049 0.008
0.5901131919013096 16.068 0.008
0.5912985582699548 16.081 0.008
0.5918397517411904 16.057 0.008
0.5976231947147426 16.078 0.008
0.5976558064146502 16.094 0.009
0.5998618709249968 16.1 0.008
0.6012253389274065 16.076 0.011
0.6018311040522804 16.105 0.009
0.6020337910902072 16.106 0.008
0.6028785437176793 16.101 0.01
0.603718832034474 16.086 0.008
0.6055903172552917 16.092 0.008
0.60607234171448 16.103 0.008
0.6071789137836276 16.111 0.01
0.6079590138078856 16.101 0.008
0.6122532027056877 16.072 0.008
0.6151196385339972 16.069 0.011
0.6162970336613398 16.094 0.009
0.6197971046403836 16.092 0.008
0.6213011429342714 16.099 0.008
0.6229790691324979 16.111 0.008
0.6245545905662766 16.113 0.008
0.6257274502600012 16.063 0.008
0.6261462860147731 16.091 0.008
0.627466538200224 16.1 0.008
0.6281661538496337 16.115 0.008
0.6286835818034433 16.111 0.008
0.6288916018504551 16.117 0.008
0.629082802983703 16.082 0.008
0.629557855546409 16.104 0.008
0.6303838349122088 16.118 0.008
0.6313302259809461 16.123 0.008
0.6321379698549663 16.107 0.008
0.6336348261463627 16.109 0.008
0.6337936578252084 16.112 0.008
0.6346283074976782 16.133 0.008
0.6361641995049467 16.096 0.008
0.6366281444115884 16.124 0.009
0.6378028126243862 16.119 0.01
0.6378909855202437 16.094 0.011
0.6404923035929642 16.119 0.008
0.640846804582452 16.129 0.008
0.6480138205831736 16.133 0.009
0.6480464284159098 16.117 0.008
0.6485520511371305 16.14 0.008
0.6536010326735777 16.141 0.009
0.6540869101727367 16.099 0.008
0.657165039630172 16.168 0.009
0.6579002191833752 16.094 0.009
0.6583890229912868 16.102 0.009
0.6591760368773976 16.143 0.008
0.6666374503911356 16.182 0.01
0.6669050742418676 16.18 0.011
0.6695910651264967 16.18 0.008
0.6698067210172667 16.149 0.008
0.672488560072452 16.13 0.008
0.6728295550415169 16.124 0.008
0.6729470321006374 16.117 0.008
0.6736137045199939 16.163 0.008
0.6754424277655744 16.231 0.009
0.677777774567403 16.219 0.009
0.6831688581496564 16.165 0.008
0.684451342104694 16.185 0.008
0.6862764750940187 16.251 0.009
0.6868922300859595 16.226 0.008
0.6870144732238259 16.138 0.008
0.690097845517812 16.183 0.009
0.6913563095081372 16.279 0.009
0.6918787877509658 16.255 0.008
0.6923958871536797 16.274 0.009
0.6924601760879341 16.294 0.009
0.6947846780176405 16.201 0.009
0.6954084081171459 16.221 0.008
0.6966126754150537 16.274 0.009
0.697479488302406 16.316 0.011
0.6979282424704252 16.322 0.01
0.6985603479547535 16.197 0.009
0.6998683479127976 16.218 0.009
0.700299033241663 16.291 0.008
0.7039979343512641 16.269 0.008
0.7042835392460347 16.328 0.011
0.7053534540277724 16.342 0.011
0.7098458129758001 16.345 0.011
0.7102412834906318 16.332 0.009
0.7110144467369537 16.266 0.008
0.7115813594709834 16.252 0.009
0.711884913270751 16.299 0.008
0.7123226568014616 16.293 0.009
0.7126759903039783 16.254 0.008
0.7130859998123924 16.245 0.009
0.713571780293023 16.326 0.009
0.7154924928668152 16.337 0.009
0.7187142915363438 16.352 0.011
0.7197550786336251 16.26 0.008
0.7223327862413953 16.361 0.009
0.722551045246064 16.334 0.011
0.722581791882476 16.304 0.008
0.7233747866564499 16.341 0.009
0.7247944592641034 16.36 0.011
0.7252001862962061 16.341 0.01
0.7275089222214319 16.343 0.009
0.7283989200043379 16.355 0.009
0.7312155332788279 16.3 0.008
0.731357645439175 16.346 0.008
0.7315878242543477 16.336 0.01
0.7317362000221692 16.361 0.011
0.7333868055650328 16.346 0.012
0.7349051581668391 16.336 0.01
0.73614355760742 16.33 0.008
0.7365231856383616 16.332 0.008
0.7400716045590343 16.348 0.009
0.7401789771731728 16.343 0.009
0.7430753245680535 16.334 0.011
0.7440222611405716 16.35 0.007
0.7460341523781153 16.324 0.01
0.7465452104831911 16.318 0.008
0.7485069666852269 16.287 0.008
0.75081726888493 16.314 0.009
0.7513156935342522 16.321 0.011
0.753184010201494 16.34 0.008
0.7555060313279682 16.336 0.01
0.7609289427273325 16.332 0.008
0.7645872594066532 16.274 0.011
0.7655265640014477 16.258 0.011
0.767887422939566 16.321 0.01
0.7680062156914573 16.298 0.01
0.7689656994139114 16.327 0.011
0.7695790316361126 16.32 0.01
0.7711482558345324 16.279 0.011
0.7735545402724711 16.28 0.008
0.7754272051829503 16.224 0.008
0.7772484651961804 16.258 0.009
0.7795203673560991 16.2 0.01
0.780468041979475 16.325 0.009
0.7817072979155455 16.215 0.009
0.7823741590157169 16.25 0.009
0.7825101343501046 16.209 0.008
0.7836502891916552 16.196 0.008
0.7848571962117603 16.244 0.008
0.785910891147978 16.16 0.008
0.7863374773248779 16.221 0.008
0.7876174200664536 16.208 0.008
0.7878789109572608 16.19 0.009
0.7909635331770914 16.289 0.011
0.7938394913380762 16.166 0.01
0.7953015690982284 16.163 0.008
0.7954856501294216 16.171 0.009
0.7958418036987496 16.233 0.009
0.7978915334033445 16.232 0.009
0.8005292703846862 16.165 0.009
0.8014617581357015 16.197 0.008
0.8015069857322032 16.136 0.008
0.8017898003217852 16.116 0.007
0.8018312290448648 16.162 0.01
0.8020302020258896 16.196 0.008
0.8038138565943882 16.199 0.009
0.8043711806251395 16.137 0.008
0.8086613117329762 16.128 0.008
0.8097741015781139 16.121 0.008
0.8131558848335771 16.178 0.011
0.8136183161436747 16.173 0.009
0.8146458097039613 16.128 0.009
0.8174271310815584 16.133 0.007
0.819078520506082 16.163 0.009
0.8258340508964466 16.107 0.01
0.8282009725580792 16.14 0.008
0.8283206837054422 16.106 0.008
0.832536684218212 16.111 0.01
0.8326435815652076 16.109 0.01
0.8343714746565638 16.138 0.009
0.8358173608435209 16.109 0.009
0.836061623320802 16.1 0.01
0.8376846766761901 16.092 0.008
0.8384177322486721 16.095 0.008
0.8400235976650947 16.106 0.01
0.8410864572247192 16.134 0.01
0.8416584065553252 16.107 0.008
0.8416593371534873 16.109 0.008
0.8426149220042589 16.099 0.009
0.8437797821845834 16.111 0.008
0.8439702047924129 16.115 0.008
0.844532782372653 16.106 0.009
0.8467962165987046 16.129 0.009
0.8474826464428133 16.091 0.008
0.8480640148441125 16.115 0.008
0.8505863002387741 16.108 0.007
0.8537101530982909 16.091 0.01
0.8541520163198584 16.113 0.008
0.8553984664608834 16.104 0.008
0.8562181622833123 16.113 0.007
0.8568301207790228 16.099 0.011
0.8578656153417796 16.095 0.008
0.8581762701953721 16.091 0.008
0.8587116928854357 16.098 0.01
0.8621778647434439 16.1 0.008
0.862223019726116 16.112 0.01
0.8624203615529495 16.088 0.008
0.8644876214398209 16.085 0.008
0.8668145500050741 16.11 0.009
0.8669223818169485 16.093 0.008
0.8672356266947645 16.103 0.008
0.8673897610410677 16.091 0.008
0.8681298382070963 16.08 0.008
0.8687415139829682 16.091 0.008
0.8688073477655962 16.109 0.008
0.8726487744031601 16.102 0.01
0.8734942650817175 16.089 0.008
0.8753713163332577 16.104 0.008
0.8757074252889652 16.08 0.008
0.8789985051478197 16.067 0.008
0.8795040338304716 16.102 0.009
0.8814713652861883 16.074 0.011
0.8820612138242723 16.092 0.008
0.8841677257757965 16.037 0.008
0.8842708525216949 16.078 0.008
0.8885590819581921 16.055 0.008
0.8888184006609663 16.072 0.008
0.888855886171541 16.077 0.011
0.890410083906545 16.071 0.008
0.8927201316587343 16.089 0.008
0.8956235250525424 16.083 0.008
0.8971243581852377 16.074 0.007
0.8996257347378105 16.054 0.007
0.9042147642771852 16.086 0.01
0.9053432162613717 16.083 0.008
0.9065202950409912 16.061 0.008
0.9066230566281774 16.07 0.006
0.9069540090531518 16.057 0.008
0.9085121056596108 16.057 0.009
0.9087628281579327 16.058 0.009
0.9106925800645058 16.068 0.008
0.9133390477636567 16.04 0.008
0.9152601552582382 16.056 0.009
0.9171416249896538 16.025 0.008
0.9172312534485627 16.054 0.008
0.9214932815089014 16.056 0.008
0.9224030611214857 16.072 0.008
0.9231086653915099 16.041 0.008
0.9234071046253121 16.07 0.008
0.9251190903532915 16.063 0.008
0.9251771722244939 16.065 0.006
0.9273815237445433 16.059 0.008
0.9317033886309218 16.065 0.008
0.9358832529546817 16.05 0.008
0.9364746555643251 16.07 0.009
0.9364812179601358 16.054 0.008
0.9368261600086498 16.038 0.008
0.9373614023543269 16.044 0.006
0.9381810118707108 16.032 0.008
0.9432882074149802 16.051 0.007
0.9438078938628678 16.051 0.007
0.9474943540640197 16.05 0.009
0.9481648955932087 16.053 0.007
0.948695264127764 16.046 0.008
0.9489374445893191 16.051 0.007
0.9495882745245581 16.049 0.008
0.9521797792087909 16.026 0.008
0.9538709447765541 16.048 0.009
0.9540916723822193 16.059 0.007
0.9560489360014799 16.054 0.007
0.9562122319912305 16.035 0.009
0.9567442394131831 16.048 0.007
0.9589281412891069 16.039 0.008
0.9606224218464376 16.055 0.008
0.9617531820222212 16.05 0.007
0.9633426472487372 16.056 0.008
0.9651367845101504 16.051 0.008
0.9662018659555542 16.061 0.011
0.9665087043767926 16.038 0.008
0.9678285057007088 16.038 0.008
0.9684637797386131 16.048 0.008
0.9725577365065874 16.025 0.009
0.972845990346741 16.044 0.008
0.9751604443756605 16.031 0.008
0.9765389968749787 16.06 0.008
0.9774363799206185 16.034 0.008
0.9781245715662408 16.046 0.01
0.9781689197511696 16.039 0.008
0.9782634624957609 16.048 0.007
0.9788226881983064 16.051 0.008
0.9807816082638965 16.041 0.007
0.9818958941468736 16.042 0.008
0.9822908932610517 16.044 0.008
0.9837412642973504 16.061 0.009
0.9846371108305902 16.046 0.008
0.9852158716480517 16.045 0.008
0.9866155499425986 16.044 0.008
0.9871075481992193 16.048 0.008
0.9886292863075141 16.046 0.007
0.9904006359711275 16.056 0.008
0.9910800442214622 16.051 0.009
0.9913881203660821 16.047 0.006
0.9921302015789024 16.048 0.007
0.9942320742313768 16.056 0.008
0.9956156311886843 16.046 0.008
0.9958895049539933 16.077 0.009
0.998055883493862 16.044 0.008
0.9984377494799901 16.083 0.01
0.9995316383958652 16.048 0.008
