0.0014716423861500516 19.473 0.089
0.004905699136088515 19.366 0.073
0.00605830250242434 19.573 0.175
0.006156948469651979 19.302 0.109
0.007106737699359655 19.446 0.073
0.007586301524497685 19.602 0.113
0.007718509148162411 19.52 0.104
0.008921787878534815 19.358 0.123
0.009121564509769087 19.433 0.092
0.010080478211420996 19.363 0.12
0.010973843922783999 19.428 0.098
0.011986833176706568 19.357 0.092
0.015811057121936756 19.527 0.129
0.017086743547224614 19.595 0.118
0.01868950429980032 19.224 0.089
0.01930220894746526 19.495 0.099
0.019759671827159764 19.435 0.112
0.023198590994979895 19.412 0.09
0.027561500974798037 19.392 0.129
0.027598397373367334 19.668 0.138
0.029796208168136218 19.291 0.104
0.032587767234872445 19.52 0.108
0.03427282705069956 19.674 0.096
0.036096199255553074 19.422 0.137
0.040788662281102006 19.049 0.103
0.04503732848479558 19.636 0.16
0.04528560479684529 19.452 0.138
0.04690920037046453 19.481 0.072
0.049602945672631904 19.477 0.084
0.05440570550172197 19.578 0.111
0.054797091404907405 19.555 0.106
0.05494048020682385 19.19 0.143
0.05649979989448184 19.731 0.123
0.058914709044529445 19.433 0.097
0.06035958273514552 19.593 0.081
0.06405851233967041 19.892 0.145
0.06531153903142695 19.317 0.09
0.06875492831613883 19.718 0.133
0.06958018996283499 19.474 0.138
0.07104844861487436 19.386 0.152
0.07418136020532984 19.552 0.101
0.07458748200406262 19.64 0.082
0.07544219175679245 19.526 0.171
0.07748215710989825 19.604 0.108
0.07763971129179481 19.475 0.121
0.07835025352687808 19.39 0.132
0.08149694408348296 19.374 0.113
0.08204485572423437 19.619 0.109
0.08370802256467869 19.384 0.122
0.08394172942143996 19.406 0.082
0.0850946240925623 19.418 0.074
0.08561091787669284 19.607 0.123
0.08673614773306326 19.563 0.137
0.08941972820639421 19.4 0.078
0.09247535174881705 19.407 0.104
0.09276664716162486 19.578 0.152
0.09317146714647606 19.707 0.128
0.09553569504578263 19.648 0.133
0.09611801834284961 19.602 0.083
0.10164441581264327 19.483 0.09
0.102803641202172 19.627 0.113
0.10324730133879712 19.421 0.119
0.10355680421253055 19.531 0.15
0.10520253048707673 19.361 0.129
0.10546793835283097 19.737 0.138
0.10631405859749066 19.484 0.146
0.1070043367112703 19.519 0.097
0.10711034768337413 19.545 0.068
0.10878638402209617 19.402 0.126
0.11113650012021026 19.475 0.106
0.11261126779663755 19.311 0.167
0.11561580582883835 19.499 0.088
0.11624903623805949 19.72 0.17
0.1200196246240921 19.558 0.074
0.12057169727722794 19.428 0.117
0.12231008354842743 19.586 0.128
0.12305503155357655 19.815 0.115
0.12314910043005511 19.391 0.114
0.12426692356939384 19.53 0.11
0.1258054915874709 19.582 0.126
0.12584118725953886 19.54 0.117
0.12697094665327313 19.415 0.119
0.12898473913219277 19.409 0.095
0.12936650703659325 19.571 0.192
0.1309394451359367 19.179 0.083
0.13113205889249002 19.503 0.077
0.13257207007336547 19.249 0.13
0.1336595118623336 19.593 0.118
0.13515284954473827 19.411 0.115
0.13582216797340152 19.736 0.177
0.1360241737306751 19.355 0.136
0.1365322881974862 19.534 0.143
0.1367519485606863 19.335 0.141
0.13846901858050842 19.523 0.125
0.138704776164559 19.505 0.068
0.1416350994336426 20.053 0.228
0.1431962320305047 19.461 0.077
0.1441472398764745 19.508 0.132
0.14647535607036843 19.688 0.128
0.14842665595415383 19.493 0.088
0.1484587255781662 19.76 0.149
0.15045803175326 19.709 0.126
0.15118556283255202 19.715 0.176
0.15181396655952994 19.528 0.11
0.1534489097516598 19.56 0.161
0.1565090034109744 19.505 0.168
0.16028639805927014 19.388 0.084
0.16132665978102523 19.593 0.113
0.16245774476556107 19.819 0.177
0.1636188307102202 19.808 0.179
0.16411790974370888 19.523 0.136
0.1645757411934028 19.645 0.12
0.16495517299836138 19.76 0.098
0.1655959764743784 19.655 0.153
0.16953283341536007 19.898 0.122
0.16966506472363108 19.566 0.105
0.17086971066692058 19.832 0.153
0.1711573443421912 19.727 0.112
0.1712021644871129 19.709 0.14
0.1713033546625411 19.781 0.127
0.1717375990219807 19.646 0.127
0.1721982480485167 19.828 0.102
0.17582926380691788 19.783 0.101
0.17626239063656612 19.891 0.165
0.17811682195724643 19.55 0.12
0.18001377885138936 19.787 0.13
0.18164828223461882 19.689 0.132
0.18206036029550887 19.587 0.149
0.18724155926429376 19.613 0.186
0.1915383564878539 19.817 0.128
0.19230056675178275 19.723 0.129
0.1924452931025371 19.858 0.099
0.19800185797294034 20.001 0.163
0.19811817639129004 20.017 0.206
0.19857478922358496 19.754 0.16
0.2010339539369852 19.729 0.111
0.20255597296636552 19.909 0.107
0.20272184917394043 19.874 0.185
0.2031058105617376 20.076 0.2
0.20763724195239774 19.665 0.179
0.20950193909720838 20.102 0.2
0.21090478639689536 19.74 0.112
0.21132874708723648 20.099 0.183
0.21333949024028698 19.776 0.186
0.21554858330136994 19.942 0.132
0.21613357562591773 20.034 0.131
0.21996175256754213 19.653 0.087
0.2222678747448299 19.775 0.085
0.22357042358316903 19.496 0.129
0.2255873131248336 19.827 0.144
0.22677306800051156 19.71 0.141
0.2313416276301723 19.761 0.165
0.23315800335421955 19.793 0.122
0.2336226053776045 19.897 0.147
0.23431824523140676 19.481 0.163
0.23487242219152904 20.054 0.127
0.23704499335576656 19.593 0.108
0.23730584795293908 19.466 0.13
0.2378478212222035 19.75 0.176
0.2393945269809592 20.11 0.232
0.2396506677105208 19.312 0.142
0.23978680446134604 19.753 0.139
0.23984296638400338 19.905 0.091
0.23984627734989772 19.697 0.103
0.24015414552832226 19.699 0.152
0.24666178953066265 19.602 0.113
0.24983550880369876 19.458 0.131
0.25 20.262 0.154
0.2530552490852642 20.042 0.234
0.2585503378022622 19.645 0.132
0.25946023465758117 19.665 0.091
0.2626237059967025 19.721 0.124
0.2626348039775621 19.56 0.158
0.26515958796699124 19.523 0.112
0.2666514752841067 19.779 0.127
0.2677462226120042 19.587 0.114
0.2694485803758653 19.505 0.09
0.2718388801072251 19.743 0.114
0.2719197882715889 19.583 0.116
0.27355323943220355 19.64 0.102
0.27480485738124116 19.549 0.096
0.27887078326057235 19.493 0.156
0.28022055378914956 19.24 0.121
0.2803954059190801 19.589 0.098
0.28118843150150497 19.519 0.139
0.28219444211936207 19.589 0.135
0.2822750470668325 19.697 0.178
0.282991480119108 19.762 0.145
0.2866760482393147 19.588 0.121
0.2869339662811399 19.504 0.126
0.28739633324585157 19.46 0.095
0.2885888764944866 19.378 0.111
0.2889590530289752 19.597 0.111
0.2901150743814469 19.432 0.095
0.29122169849733837 19.502 0.099
0.2912406132959404 19.512 0.11
0.29166769482617383 19.517 0.119
0.29226771430558074 19.316 0.159
0.29257730042172625 19.52 0.082
0.29606294784525744 19.545 0.088
0.29688115354565525 19.204 0.124
0.2972288962537277 19.698 0.181
0.29727040543275507 19.806 0.158
0.2985142719171563 19.703 0.138
0.29974658860783165 19.42 0.073
0.30080344098587375 19.437 0.098
0.3009722358574436 19.604 0.102
0.3014936417430363 19.567 0.107
0.3029140366741103 19.68 0.124
0.3029964130932967 19.545 0.102
0.3032505684022908 19.224 0.102
0.3039088124887712 19.508 0.128
0.30417379236405395 19.598 0.138
0.3076148633927005 19.535 0.065
0.30773899862833787 19.497 0.124
0.3081611581828838 19.583 0.139
0.3114615390090876 19.662 0.135
0.31196090346020355 19.459 0.112
0.3137625075546566 19.728 0.142
0.3139200617370079 19.557 0.102
0.3150614125006541 19.729 0.119
0.3158466748450337 19.635 0.145
0.3168884464430448 19.443 0.101
0.316927286594364 19.446 0.09
0.31861250691781606 19.267 0.091
0.3228512460195816 19.536 0.162
0.3236158934710147 19.652 0.097
0.3249650160814781 19.679 0.145
0.3250127964670355 19.287 0.126
0.3255274140256006 19.854 0.201
0.3258583817469116 19.572 0.103
0.32834034885581787 19.617 0.133
0.32964394982491285 19.328 0.126
0.3304866817934453 19.443 0.157
0.3307336504039995 19.561 0.112
0.33087616547345533 19.766 0.088
0.33323817620475893 19.246 0.088
0.33443115337558993 19.681 0.104
0.33592239866266027 19.285 0.101
0.33836352235493905 19.449 0.112
0.33976173309747537 19.515 0.088
0.34039419670307325 19.542 0.111
0.3434248422568089 19.836 0.142
0.3446433978715504 19.527 0.082
0.3446833139314549 19.567 0.105
0.3476155215794279 19.446 0.098
0.3491246711100757 19.366 0.098
0.34992160213505485 19.681 0.095
0.3500039607092731 19.439 0.089
0.3504897304342194 19.426 0.064
0.35173895277148404 19.562 0.125
0.35295272323264726 19.534 0.099
0.3540964517642351 19.636 0.091
0.355563467976026 19.681 0.129
0.35697668223383516 19.566 0.093
0.3577103300362978 19.462 0.097
0.3578510023489798 19.571 0.084
0.3602622676521605 19.658 0.126
0.36041692699245687 19.434 0.116
0.3624062586022774 19.482 0.073
0.3625743877128116 19.612 0.15
0.3630374145072892 19.518 0.11
0.36381514536105897 19.65 0.085
0.36402585960422584 19.214 0.095
0.3641920924239912 19.433 0.123
0.3677792153948758 19.527 0.121
0.3685606436283706 19.289 0.086
0.3693934367665861 19.257 0.088
0.3700149984952077 19.297 0.099
0.3702385048804899 19.531 0.123
0.3708630863156941 19.773 0.11
0.3711782005666464 19.438 0.096
0.3747862653322045 19.532 0.145
0.37705737548981233 19.428 0.11
0.3814384276229248 19.537 0.079
0.38227051926423883 19.604 0.108
0.3829894192140273 19.438 0.099
0.38447619443013537 19.562 0.075
0.3851457624505201 19.637 0.108
0.386199904179648 19.59 0.095
0.38646885485013627 19.455 0.14
0.39124179800410275 19.428 0.18
0.39166304809123176 19.484 0.098
0.3927733160544449 19.589 0.122
0.39349581238820974 19.542 0.115
0.39460986686208344 19.775 0.081
0.3964130640761141 19.488 0.08
0.3978867616851858 19.237 0.117
0.39941863046124126 19.514 0.108
0.39977912369022306 19.433 0.105
0.4079109457843515 19.589 0.128
0.4095722520237359 19.419 0.09
0.4101491720057311 19.794 0.177
0.4110013138188151 19.376 0.121
0.41107868506514933 19.496 0.15
0.41302776184784307 19.457 0.131
0.41377300699878106 19.257 0.091
0.4141359433024263 19.51 0.129
0.41450171507312916 19.571 0.109
0.4157632065453072 19.633 0.154
0.41577684280264293 19.429 0.114
0.4158013036258126 19.415 0.132
0.41916990749359684 19.529 0.127
0.4199211504364939 19.785 0.146
0.4221464834731705 19.526 0.095
0.4229499354341897 19.367 0.121
0.42350307806282217 19.345 0.095
0.42475304935942404 19.451 0.11
0.427995098602878 19.522 0.139
0.42814396218955153 19.562 0.089
0.429406880294664 19.353 0.122
0.4298783301564981 19.437 0.08
0.4319853830861575 19.608 0.223
0.432557131455269 19.492 0.109
0.43420500361207814 19.485 0.131
0.4357016106851006 19.478 0.116
0.43695060711525 19.53 0.08
0.43708122161933716 19.392 0.111
0.43749104673133843 19.502 0.117
0.43841251127150827 19.607 0.128
0.4390007728939054 19.52 0.165
0.43975489297190506 19.558 0.087
0.44506117233231635 19.934 0.226
0.44789859180946223 19.385 0.079
0.44904794956210026 19.609 0.149
0.4497628549395358 19.606 0.138
0.4514689755278596 19.508 0.08
0.45211454038008014 19.559 0.12
0.4521412720414446 19.517 0.104
0.45387874879952506 19.491 0.114
0.45755189787723793 19.49 0.168
0.45787971518620907 19.559 0.097
0.459920774290822 19.197 0.091
0.46401624940972397 19.403 0.101
0.46483687449926947 19.423 0.077
0.4685144640288854 19.637 0.135
0.46902801152191387 19.427 0.082
0.473249648825913 19.641 0.132
0.47431623197189765 19.507 0.121
0.4746724215242466 19.717 0.123
0.474876721851615 19.509 0.124
0.4758197701253266 19.512 0.097
0.4763354992810491 19.747 0.135
0.4768741852694802 19.287 0.108
0.47954316059895064 19.378 0.095
0.4813920458486791 19.514 0.065
0.48261173683749803 19.489 0.109
0.4829142491635139 19.897 0.145
0.4831220684723121 19.28 0.127
0.48701344543860614 19.682 0.096
0.4876778775810635 19.466 0.089
0.48827330212498055 19.369 0.098
0.488859453600071 19.479 0.139
0.4892792711216316 19.452 0.1
0.4895534824895549 19.507 0.143
0.4899647996330714 19.346 0.136
0.4919718988940076 19.535 0.103
0.492316627737182 19.546 0.12
0.49704574341058105 19.371 0.129
0.4970648841156162 19.643 0.092
0.49869652834604494 19.738 0.144
0.5040062315797513 19.354 0.121
0.5055295940455835 19.57 0.098
0.5068657936235468 19.402 0.118
0.5074622465663197 19.535 0.082
0.5081245090486846 19.521 0.115
0.5106278935427326 19.561 0.098
0.5140648331773718 19.343 0.146
0.5154904591877312 19.428 0.067
0.5161910447018272 19.542 0.071
0.5185464988085187 19.423 0.102
0.519366440291833 19.431 0.147
0.5215525170524415 19.355 0.112
0.5216039412848659 19.437 0.117
0.5230735195491434 19.482 0.117
0.5248008970147566 19.367 0.101
0.52549196561813 19.283 0.155
0.5266425420336418 19.732 0.158
0.5281714683674181 19.443 0.095
0.5292251225946529 19.589 0.119
0.5294228425655092 19.607 0.081
0.5325850774429455 19.511 0.095
0.5334196716703445 19.634 0.147
0.5349434264830961 19.349 0.105
0.5355423463229272 19.629 0.131
0.535862138752691 19.595 0.083
0.5361147604080543 19.272 0.093
0.5412239202069031 19.391 0.112
0.5425471195808313 19.395 0.092
0.5434930211663414 19.361 0.112
0.5450990750414348 19.244 0.116
0.5468716233776831 19.791 0.12
0.5468839578197731 19.369 0.082
0.5468899139896166 19.181 0.089
0.5496484286586565 19.589 0.108
0.5501642884737521 19.264 0.12
0.5503644515192718 19.524 0.097
0.5504899539214421 19.67 0.135
0.5513348734398278 19.494 0.148
0.552410539574339 19.411 0.098
0.5525984929504375 19.453 0.107
0.5554212002168697 19.447 0.097
0.5559481879063242 19.569 0.109
0.5575540158295098 19.466 0.099
0.55756374075645 19.478 0.1
0.5598490816928461 19.585 0.079
0.5611304806284352 19.796 0.128
0.5629569974043989 19.686 0.168
0.5631675748252292 19.531 0.112
0.5632383835591099 19.748 0.159
0.5650541589666318 19.648 0.135
0.5659989014475286 19.667 0.1
0.5661308236522018 19.455 0.12
0.568286007738152 19.454 0.159
0.5683891832882182 19.563 0.103
0.5696607919899179 19.624 0.08
0.5705276697899535 19.597 0.092
0.5723105612150903 19.421 0.113
0.5726075275169933 19.705 0.115
0.5728133614056787 19.52 0.109
0.5730190289000348 19.13 0.132
0.5765629069092029 19.399 0.089
0.5792006745273284 19.103 0.106
0.5808496879913037 19.538 0.069
0.5835496569907264 19.183 0.117
0.5847860693866096 19.517 0.084
0.5855150211668843 19.469 0.102
0.5860414381118062 19.38 0.102
0.5866491733668227 19.277 0.129
0.5898203247916172 19.434 0.091
0.5947952499254825 19.692 0.11
0.5949442026421821 19.464 0.111
0.5962191044645806 19.507 0.083
0.596668061033597 19.616 0.107
0.5968822526829172 19.431 0.081
0.5973400484435842 19.653 0.097
0.6008619265030575 19.35 0.138
0.6013761516692284 19.444 0.091
0.6015203192328045 19.494 0.116
0.6015312033105147 19.598 0.069
0.6025224422528481 19.537 0.071
0.6042776330832567 19.444 0.114
0.6050737735722578 19.599 0.124
0.6053758578632369 19.474 0.131
0.6071347461197547 19.566 0.099
0.6074860315870865 19.618 0.115
0.6081677201473212 19.56 0.111
0.6089682771748812 19.572 0.142
0.6105139486476219 19.591 0.116
0.6118365060367523 19.537 0.132
0.6126542540832816 19.428 0.107
0.615984992573658 19.587 0.098
0.6163741849945836 19.516 0.097
0.6199869279398627 19.492 0.123
0.6208363175737759 19.553 0.076
0.6210709754732306 19.352 0.124
0.6221329221079941 19.616 0.117
0.6246417990478221 19.369 0.124
0.624664500448489 19.665 0.161
0.628280863416876 19.404 0.11
0.628680321662614 19.402 0.097
0.6301978705296278 19.811 0.16
0.6315697777376954 19.601 0.099
0.6331045414008258 19.45 0.08
0.6339361159225518 19.57 0.108
0.6368694172761025 19.461 0.115
0.6388713746337089 19.4 0.097
0.6393306564941668 19.499 0.108
0.639468600312739 19.646 0.16
0.6396396064665169 19.671 0.104
0.6425682177305134 19.639 0.132
0.6432400565900025 19.553 0.066
0.6443782390056185 19.499 0.168
0.6464124681624526 19.596 0.09
0.6489341967103428 19.701 0.112
0.6503690720578561 19.525 0.1
0.6506421837409562 19.614 0.103
0.6515456607939996 19.374 0.125
0.6524564255410041 19.57 0.092
0.6544295945304839 19.578 0.108
0.6551720221045798 19.411 0.138
0.6553555648761176 19.641 0.126
0.6567284112156813 19.502 0.119
0.6599212237306347 19.937 0.215
0.663303594561512 19.636 0.124
0.6670966167739607 19.666 0.091
0.6693622403272457 19.618 0.137
0.6705627906103473 19.81 0.108
0.6708482308490602 19.808 0.17
0.6711952542623294 19.598 0.091
0.6719565312819213 19.752 0.136
0.6729577268997673 19.672 0.124
0.6732209413735291 19.612 0.113
0.6752257103753436 19.742 0.149
0.6787333280381063 19.626 0.122
0.6817729376020907 19.239 0.107
0.6822388651708025 19.852 0.092
0.6822873886744674 19.635 0.137
0.684212343310719 19.716 0.158
0.6867506982030136 19.474 0.096
0.6882775618523738 19.7 0.129
0.6887976600364709 19.825 0.159
0.6899690950494914 19.839 0.116
0.6914425252225556 19.805 0.177
0.6940396099316786 19.582 0.138
0.6943333305748638 19.515 0.096
0.6944695506144853 19.568 0.088
0.6970572848988468 19.87 0.179
0.697846726100579 20.125 0.15
0.6990386690313244 19.884 0.111
0.6991426708514155 19.877 0.098
0.7014330406464069 19.97 0.098
0.7057525154923496 19.791 0.128
0.7069150756246927 19.849 0.116
0.7084902546689591 19.777 0.147
0.7095988642063276 19.671 0.11
0.7099878128301498 19.829 0.152
0.7101136064920865 19.868 0.216
0.7108310738758519 19.451 0.169
0.7112430151601075 19.74 0.139
0.7126423850536412 19.655 0.162
0.7137100204217859 19.963 0.119
0.7201718693677321 19.708 0.179
0.7237048870756553 19.948 0.108
0.7277585736210312 19.511 0.126
0.72861641010104 19.737 0.155
0.7289139351441918 19.895 0.165
0.7301359860102821 20.187 0.251
0.7301993881637827 19.583 0.181
0.7330501288606683 19.775 0.182
0.7332336537874653 19.837 0.19
0.7335721767303767 19.77 0.123
0.7363280164399839 20.08 0.197
0.7378807795021203 19.821 0.136
0.7407928774655375 19.719 0.122
0.7477228058414767 19.849 0.172
0.7493271834000552 19.554 0.187
0.7510548282562013 19.615 0.145
0.7513699841742891 19.053 0.1
0.751984365138469 19.357 0.1
0.7531447259470951 19.566 0.139
0.7539126070546445 19.904 0.103
0.7540937542134998 19.492 0.172
0.7562485638427461 19.81 0.157
0.7569654962171626 19.771 0.172
0.7575012635870735 19.609 0.108
0.7592121871271047 19.618 0.205
0.759832958275183 19.666 0.112
0.7615038230924256 19.649 0.142
0.763355811200654 19.647 0.13
0.7646988765077367 19.691 0.16
0.7657574705090155 19.374 0.133
0.7659114937973754 19.616 0.151
0.7678386359825708 19.766 0.151
0.7694358506200842 19.5 0.07
0.7704902895875421 19.772 0.13
0.7715870044908115 19.875 0.194
0.774891855433907 19.622 0.105
0.7755050119394582 19.749 0.122
0.7760178640055528 19.291 0.128
0.7765749655627587 19.434 0.075
0.7784781104669491 19.572 0.12
0.7812309304699738 19.463 0.115
0.7861029951354794 19.437 0.099
0.7879600538153682 19.604 0.127
0.7884831538613071 19.428 0.129
0.7889222844619326 19.592 0.135
0.7914463847982915 19.614 0.124
0.7920208259258743 19.665 0.118
0.7937390728943683 19.612 0.139
0.794899808160153 19.483 0.109
0.7979547480954352 19.525 0.107
0.7981608732898167 19.52 0.122
0.7986114466639265 19.776 0.171
0.8000952437491833 19.826 0.156
0.8004493646380979 19.537 0.088
0.8005213146789174 19.624 0.085
0.8010468340680745 19.547 0.103
0.8024458353920636 19.486 0.095
0.803781571383297 19.465 0.101
0.804469739257911 19.682 0.115
0.8045798696211932 19.573 0.097
0.805515630246191 19.549 0.108
0.8059162475515222 19.676 0.155
0.8069576506250087 19.502 0.116
0.8102053885568239 19.422 0.101
0.8127710397861847 19.531 0.13
0.8136538899427705 19.526 0.169
0.8157048226171355 19.595 0.087
0.8186003656137473 19.468 0.075
0.8187892107039261 19.695 0.106
0.8195576268217337 19.587 0.088
0.8224328700089245 19.625 0.119
0.822834747597426 19.485 0.099
0.8228705264214113 19.659 0.115
0.8231218641531086 19.571 0.104
0.8231470085825094 19.546 0.114
0.8233093062958687 19.609 0.122
0.8235459912380065 19.447 0.122
0.8242227757127694 19.572 0.098
0.8258323486606969 19.803 0.189
0.8263660652119142 19.55 0.112
0.8292367134631604 19.535 0.103
0.8310638721782198 19.584 0.173
0.8315371826420233 19.377 0.07
0.8318681504092638 19.52 0.075
0.8331082244508252 19.572 0.177
0.8331460303165841 19.503 0.085
0.8341296546168451 19.389 0.104
0.8364355687317584 19.653 0.11
0.8367459216524367 19.612 0.076
0.8393164352992244 19.599 0.138
0.839595360534986 19.526 0.133
0.844383966987607 19.378 0.077
0.8444875348841379 19.1 0.148
0.8451750249939778 19.125 0.155
0.846403614639712 19.36 0.093
0.8489395917649745 19.548 0.169
0.8516722367307921 19.431 0.081
0.8544587074734409 19.52 0.088
0.8545894646404122 19.543 0.089
0.8546139670852426 19.733 0.141
0.8586117235936399 19.578 0.143
0.8592956293218776 19.541 0.091
0.8601094065734287 19.603 0.09
0.8605756670231131 19.8 0.203
0.8638467483401655 19.73 0.192
0.866670501849967 19.291 0.087
0.8674046490195906 19.745 0.11
0.8687231523704213 19.63 0.075
0.8693548075966646 19.294 0.149
0.869394664236097 19.197 0.11
0.8707852365591862 19.443 0.146
0.8715619509716817 19.591 0.083
0.8736392703772253 19.505 0.097
0.8746501018376875 19.542 0.093
0.8755048116358921 19.634 0.109
0.8769113027829007 19.613 0.107
0.8771137366211406 19.599 0.122
0.8791528578599355 19.478 0.066
0.880616765234663 19.585 0.101
0.8840393018545001 19.595 0.114
0.8841994477074877 19.46 0.095
0.8859688098505103 19.323 0.079
0.8861062721925919 19.539 0.12
0.8879852475783991 19.537 0.113
0.8881153211855235 19.226 0.085
0.890340303451012 19.382 0.107
0.8904146133691029 19.47 0.098
0.8918656750679474 19.365 0.164
0.8928411912459069 19.517 0.112
0.8933619076833565 19.517 0.116
0.8934656835972419 19.439 0.084
0.89348840279672 19.637 0.101
0.8957124993262369 19.552 0.163
0.8973815213407761 19.502 0.093
0.8991401005387161 19.543 0.103
0.8998938044469469 19.3 0.143
0.9002136385438462 19.518 0.157
0.9057547481770598 19.495 0.085
0.9062002926470996 19.508 0.092
0.9064648088897229 19.682 0.167
0.9088256783606994 19.468 0.187
0.910492388052262 19.332 0.117
0.9128666737592539 19.622 0.097
0.9129053296719576 19.665 0.13
0.9227159580832449 19.502 0.085
0.9231161593547768 19.277 0.097
0.9252386318325989 19.498 0.149
0.9261759439559683 19.435 0.08
0.928504351364154 19.423 0.112
0.9286741805685779 19.572 0.089
0.9295407849995172 19.394 0.08
0.9297949402625818 19.342 0.085
0.9301054179563835 19.436 0.129
0.9303385660255117 19.529 0.208
0.9315288088628222 19.139 0.083
0.9316327333722256 19.664 0.102
0.9325064293925607 19.31 0.156
0.9342947300656306 19.414 0.111
0.9345283775028292 19.612 0.098
0.9350451884524773 19.428 0.085
0.9356073129811193 19.509 0.113
0.9374828287136552 19.349 0.089
0.9384005899410113 19.578 0.105
0.9392678184667602 19.716 0.183
0.9415180046735259 19.691 0.102
0.9421434123787549 19.645 0.111
0.9453470494604517 19.522 0.1
0.9462837670621411 19.475 0.111
0.9471087136726055 19.591 0.18
0.9477158307654463 19.91 0.173
0.9485299586963265 19.431 0.106
0.9502789377406771 19.352 0.09
0.9510562109403509 19.696 0.138
0.9517046707260306 19.686 0.066
0.9565187961561605 19.466 0.132
0.9581927816298048 19.519 0.08
0.9599609846222847 19.42 0.097
0.9601211721883374 19.569 0.132
0.9646401264276392 19.489 0.117
0.9646698361743802 19.874 0.205
0.9647275079732935 19.343 0.124
0.9650468902116245 19.392 0.084
0.9653229146724698 19.528 0.119
0.9670779153311742 19.62 0.084
0.967261565077024 19.464 0.064
0.9684269606309499 19.6 0.14
0.9685089863237408 19.597 0.089
0.9689449485758814 19.505 0.104
0.9692768020786389 19.412 0.087
0.9695005581015721 19.599 0.139
0.9714722767730564 19.424 0.072
0.9738905920444267 19.255 0.145
0.9792929612985972 19.644 0.204
0.9809078246553327 19.609 0.122
0.9809799410904816 19.67 0.142
0.9813187910281158 19.457 0.113
0.9814516584801822 19.534 0.119
0.9814969184808433 19.451 0.099
0.9837229707673032 18.988 0.09
0.9853769536230175 19.57 0.088
0.9911692999007755 19.341 0.144
0.992122626003038 19.973 0.144
0.9922387779806741 19.489 0.113
0.9926979350211695 19.406 0.113
0.9941184547715238 19.256 0.137
0.9947876721125795 20.071 0.18
0.9959786401782367 19.447 0.123
0.9969727145416982 19.474 0.127
0.9982592672004102 19.901 0.191
0.9998421620211957 19.461 0.097
