0.0010537638590903953 15.973 0.008
0.0029860576618148116 15.982 0.008
0.0031517575660018338 15.971 0.008
0.004513144997645213 15.985 0.008
0.004670272774774276 15.98 0.008
0.010063987868761615 15.978 0.007
0.010447493924857554 15.969 0.011
0.010743769242935741 15.984 0.008
0.013178204283121886 15.985 0.007
0.013248832280396527 15.989 0.009
0.014593051018664482 15.978 0.007
0.01464631189605825 15.977 0.007
0.01499493574965527 15.986 0.007
0.015034210560315842 15.988 0.007
0.01578166743740894 15.97 0.007
0.01768574351820007 15.976 0.007
0.017830925381531415 15.983 0.008
0.018236337542134606 15.986 0.007
0.018762655169325626 15.993 0.007
0.020003289984515504 15.986 0.008
0.020140849449262532 15.972 0.007
0.02378508490846798 15.971 0.007
0.029112658939311586 15.995 0.007
0.029233548156753386 15.988 0.008
0.030169073687375203 15.996 0.007
0.03199544498102114 15.993 0.008
0.032577208427937876 15.993 0.008
0.035324212525210896 15.99 0.007
0.035581015399429816 15.993 0.007
0.03731103161658211 15.984 0.007
0.037509252413542526 15.985 0.008
0.0442237758218198 15.986 0.007
0.04617828142932012 16.005 0.007
0.047816600319038116 15.997 0.007
0.048540578471488516 15.998 0.007
0.0485635969306486 15.99 0.007
0.04962508081507622 15.983 0.007
0.050212711070344085 16.005 0.007
0.052127176694511945 15.991 0.008
0.053320667917887477 15.995 0.007
0.05413837060245896 16.009 0.008
0.054950474791439774 15.992 0.007
0.05570126714565049 15.983 0.007
0.05686285468641472 15.989 0.008
0.05800049596984991 16.013 0.008
0.06067584505876766 15.987 0.007
0.0607926872629605 15.984 0.007
0.06151005536503362 15.99 0.007
0.06170596030028719 16.015 0.009
0.06656348701380921 15.999 0.007
0.06665207410878793 16.003 0.008
0.06792603237659023 15.997 0.007
0.06813519479942443 16.001 0.007
0.06995165874604936 15.998 0.007
0.07119555347071582 16.007 0.007
0.07202769271134457 16.01 0.009
0.07234829806293419 16.005 0.008
0.07756716539734043 16.003 0.007
0.07844348595972406 15.999 0.008
0.0814963433763296 16.017 0.007
0.0840201623906296 16.011 0.007
0.08489833854946482 16.003 0.007
0.08622754500311203 16.007 0.007
0.0865711623396237 16.006 0.008
0.08779258910158205 15.991 0.008
0.08786570206029864 16.014 0.008
0.08804967495211713 16.003 0.007
0.08896866683539884 16.01 0.007
0.08999105478415004 16.009 0.008
0.0917962160526713 16.006 0.008
0.0920838427543913 16.02 0.007
0.09949168800085317 16.016 0.007
0.10300840226182117 16.009 0.008
0.10452908774959724 16.015 0.007
0.10553911430258722 15.998 0.007
0.10637264887418496 16.027 0.007
0.10746094048624855 16.012 0.007
0.10904882575482588 16.006 0.007
0.10936150459383498 16.008 0.007
0.11114609167634626 16.011 0.008
0.11270984692441743 16.013 0.008
0.11401429399234075 16.002 0.007
0.11698996052450639 16.01 0.008
0.12074152359900836 16.027 0.008
0.12155178685497958 16.018 0.007
0.12251556749470183 16.022 0.008
0.12358077882163343 16.029 0.007
0.12439008336627921 16.028 0.008
0.12465658459245788 16.019 0.007
0.12683371342495775 16.025 0.008
0.12763532727103666 16.008 0.007
0.12812165775881112 16.034 0.007
0.12888461149600516 16.035 0.008
0.12966718718212178 16.028 0.007
0.12972445768491525 16.017 0.008
0.13013881848155506 16.012 0.007
0.1330603337253251 16.029 0.008
0.1339357362651299 16.017 0.007
0.1376619016064069 16.024 0.008
0.13819755983490722 16.027 0.007
0.138538609246325 16.027 0.007
0.1426171885027543 16.029 0.008
0.14339043257018602 16.01 0.007
0.14421238148725024 16.003 0.007
0.14534715482614047 16.051 0.007
0.1466640470468974 16.031 0.007
0.15350550865741752 16.036 0.007
0.15444825814711294 16.028 0.008
0.15467884447843971 16.036 0.007
0.15510169205936108 16.024 0.009
0.15529022097825873 16.027 0.007
0.15688037653239917 16.021 0.007
0.15785634946814753 16.024 0.007
0.15872565585982557 16.019 0.008
0.1593524755829776 16.029 0.007
0.1599323842267495 16.033 0.007
0.1602324235815331 16.028 0.007
0.16355928347888948 16.017 0.007
0.164950420563855 16.044 0.008
0.16559992292604875 16.033 0.009
0.16679646585726005 16.042 0.008
0.1688687357860772 16.045 0.008
0.16894897837846656 16.039 0.007
0.16908379513733962 16.039 0.008
0.1727523232425483 16.033 0.009
0.17567948335124584 16.012 0.009
0.17820748677195297 16.041 0.007
0.17989365101334442 16.038 0.007
0.1799057131831887 16.029 0.007
0.18163986994568404 16.042 0.007
0.18213557921512802 16.032 0.007
0.18452842278929893 16.04 0.007
0.18771661654818672 16.03 0.007
0.18872569984660004 16.041 0.008
0.19096163032020286 16.018 0.008
0.19188316978443254 16.033 0.007
0.19475341146016945 16.039 0.008
0.1947692531228995 16.038 0.007
0.19530526910239132 16.03 0.007
0.19592761246030932 16.059 0.01
0.1966723078733139 16.065 0.007
0.1966742943891404 16.052 0.008
0.19787482580841242 16.046 0.007
0.19944691657701696 16.048 0.009
0.20030248896568992 16.033 0.007
0.20315574003018355 16.054 0.007
0.20362543765736518 16.048 0.007
0.20401659623189516 16.04 0.007
0.20435667636297694 16.039 0.009
0.2050932086569901 16.05 0.007
0.20838013346519801 16.049 0.008
0.2090307693192699 16.04 0.009
0.211675110024089 16.04 0.007
0.21289647495996178 16.043 0.008
0.21339402278294983 16.053 0.007
0.21507268167533766 16.049 0.008
0.21811938930727592 16.066 0.008
0.21922635961368542 16.053 0.007
0.22097380477691786 16.049 0.007
0.22524527464815947 16.045 0.007
0.2255088770166367 16.046 0.008
0.22593818259065301 16.038 0.007
0.2260246367941363 16.049 0.008
0.22654242945691294 16.048 0.008
0.22691138838172265 16.058 0.007
0.22723900222263183 16.055 0.007
0.22789684578629021 16.06 0.007
0.22914713509192097 16.067 0.009
0.22961693272577577 16.056 0.007
0.2298436395576573 16.058 0.007
0.2309385476942225 16.042 0.007
0.23314433575592375 16.064 0.007
0.2343387555706613 16.047 0.009
0.23437015591980526 16.057 0.008
0.2352610854396744 16.053 0.007
0.23700995764011168 16.039 0.007
0.23741418016356874 16.041 0.007
0.23969105648802724 16.05 0.007
0.24079401637527553 16.054 0.008
0.24238572829972327 16.059 0.007
0.24405164281324687 16.071 0.008
0.24591692707258517 16.068 0.009
0.24729505305231214 16.078 0.007
0.2489997122247587 16.061 0.007
0.2494202374696215 16.068 0.007
0.25270131171907906 16.063 0.008
0.2530136815564674 16.051 0.007
0.2533750124018752 16.068 0.008
0.2534468828798708 16.075 0.007
0.2547051304040906 16.056 0.008
0.2560961154324559 16.073 0.007
0.257317195805399 16.076 0.008
0.2585874070794034 16.08 0.008
0.2596536820117308 16.059 0.007
0.25994584849104285 16.077 0.008
0.26313657358116416 16.072 0.008
0.26313932606262824 16.069 0.009
0.26382240473390084 16.076 0.009
0.2647432684632349 16.068 0.007
0.2652536078276171 16.064 0.008
0.2655294024921204 16.079 0.009
0.26746966996984156 16.085 0.007
0.2676073920604267 16.049 0.007
0.27409089899151695 16.058 0.009
0.2766338724220532 16.081 0.008
0.2804207991016483 16.072 0.008
0.2818569087060041 16.06 0.007
0.282813580849961 16.074 0.007
0.28377472447095897 16.066 0.008
0.2841391371435975 16.065 0.009
0.2857023947392463 16.079 0.008
0.2888495588906608 16.087 0.007
0.28966260633410457 16.061 0.007
0.28968685102449854 16.089 0.008
0.2916404450834307 16.07 0.009
0.2942356515861775 16.076 0.008
0.2946486918260689 16.081 0.007
0.2988994810307304 16.089 0.008
0.299145143852229 16.078 0.009
0.29943848371897275 16.09 0.011
0.2995419749031498 16.074 0.007
0.30000568537116123 16.064 0.007
0.30044660751298125 16.084 0.007
0.3006930419812761 16.084 0.009
0.3021319439627632 16.084 0.008
0.3036781385521863 16.078 0.007
0.30378119390991287 16.07 0.01
0.30434436400582854 16.089 0.009
0.30626835478733483 16.087 0.008
0.3069031481855973 16.103 0.007
0.30756765384990103 16.077 0.007
0.3081825585726392 16.078 0.007
0.3084715115116978 16.093 0.008
0.3109760297336379 16.069 0.007
0.3126130435232426 16.084 0.007
0.31296435155832114 16.085 0.007
0.31599410675949 16.089 0.009
0.3169362634777144 16.105 0.009
0.31748882856095406 16.082 0.009
0.3186505372455031 16.101 0.007
0.3188779734491618 16.089 0.007
0.3196323241461414 16.082 0.008
0.3220537692183143 16.078 0.009
0.3247780540827989 16.094 0.007
0.32499616434847667 16.078 0.007
0.32566294029834353 16.083 0.007
0.32886290347505565 16.081 0.008
0.32948613724397546 16.088 0.008
0.33420999944837604 16.072 0.007
0.334302764476206 16.074 0.008
0.33525495946128103 16.078 0.006
0.3390909528359316 16.097 0.007
0.340730619893975 16.087 0.007
0.34145340840950666 16.069 0.007
0.34207131120274425 16.089 0.008
0.34284417228730035 16.09 0.01
0.3449258323596496 16.092 0.007
0.3477265893056938 16.112 0.008
0.3515919648075396 16.085 0.007
0.3520161646511042 16.084 0.007
0.3522934010161407 16.089 0.008
0.3541109456111826 16.092 0.008
0.3551267072598421 16.097 0.008
0.3551531685985765 16.09 0.008
0.35524812504274905 16.095 0.007
0.3563161669268311 16.093 0.007
0.35708947929447277 16.079 0.007
0.35823507879649696 16.087 0.009
0.35920372935311207 16.077 0.01
0.36019184821532235 16.099 0.009
0.3606675736903071 16.081 0.007
0.36590489526724923 16.093 0.008
0.36805392672840753 16.085 0.007
0.36898393104627303 16.092 0.007
0.36978165072969205 16.093 0.007
0.3721728850898671 16.085 0.008
0.37443367416233286 16.089 0.008
0.37550193640390717 16.088 0.008
0.3762544005912787 16.089 0.008
0.3768983418451626 16.085 0.008
0.3789308083976266 16.091 0.007
0.38283910080963324 16.088 0.008
0.3832468198495462 16.078 0.008
0.38378601277509006 16.092 0.008
0.38857912310254505 16.09 0.008
0.38958507741040194 16.098 0.01
0.3901339305077727 16.092 0.007
0.3932089257482403 16.093 0.008
0.39495423801963625 16.087 0.007
0.3951955228959605 16.079 0.007
0.395973013989078 16.074 0.008
0.3968363543590385 16.082 0.009
0.39851603946976866 16.084 0.008
0.40076817913245577 16.105 0.007
0.40098449642107425 16.105 0.008
0.40539761425179677 16.078 0.009
0.40589627442932397 16.091 0.008
0.4070122917914887 16.091 0.007
0.4071540080511795 16.063 0.008
0.4089150107217847 16.083 0.008
0.4115092422634916 16.066 0.008
0.4121285086816897 16.078 0.008
0.4144367235292066 16.082 0.008
0.4154114230709638 16.068 0.008
0.41681442310618877 16.075 0.012
0.41715147755485305 16.067 0.008
0.41894538978203855 16.064 0.007
0.4193252732898145 16.069 0.008
0.41971111145744544 16.096 0.009
0.41984242192415877 16.031 0.008
0.4208386616305688 16.066 0.009
0.4213440684584384 16.067 0.008
0.42201500120336277 16.051 0.008
0.4232415280148416 16.061 0.007
0.4248190391965636 16.066 0.007
0.42896201290875524 16.075 0.008
0.43067900177095453 16.057 0.007
0.43105301358241377 16.059 0.007
0.4332974478829783 16.057 0.007
0.4386478777475986 16.05 0.008
0.4403848179046008 16.063 0.007
0.4417126347084377 16.061 0.008
0.44221399452362675 16.069 0.007
0.44331203165029365 16.052 0.009
0.44442120882968084 16.043 0.007
0.44469592932000523 16.061 0.006
0.44541847554751257 16.06 0.007
0.4480386244058536 16.061 0.007
0.4504712566933904 16.055 0.007
0.4525189265609697 16.057 0.008
0.452524126616936 16.038 0.007
0.45684958515062135 16.051 0.007
0.45784814719308997 16.034 0.007
0.4593615412145482 16.036 0.007
0.46018030182358416 16.03 0.007
0.46074158461692605 16.045 0.008
0.46155914092537387 16.044 0.007
0.4617540237368303 16.015 0.007
0.46339269390318805 16.047 0.009
0.46445692458826215 16.05 0.009
0.4655883542607171 16.036 0.008
0.46726514130705255 16.033 0.006
0.4692694267318984 16.015 0.009
0.4695665468848347 16.039 0.007
0.47029256439668643 16.032 0.007
0.47324910663235187 15.999 0.008
0.47392201043635396 16.01 0.007
0.4758977415258414 16.01 0.007
0.47712121412155284 16.026 0.007
0.47805743084359165 15.998 0.007
0.48084992136273286 16.037 0.009
0.48257789174624577 15.994 0.007
0.4833717376111508 15.998 0.008
0.48405473820662337 16.014 0.007
0.48763419054625956 16.02 0.008
0.4893254930177591 15.992 0.008
0.48959961584887424 15.993 0.008
0.4924135457331431 15.979 0.007
0.4933198566502597 15.984 0.008
0.495190823954772 15.992 0.007
0.49594401592776194 15.995 0.007
0.49847209742392806 15.996 0.007
0.49916913045512956 15.994 0.007
0.4998487963665639 15.955 0.008
0.4998978630616193 15.962 0.007
0.500942215639725 15.985 0.007
0.5037087514550649 15.962 0.008
0.506875091953134 15.978 0.007
0.510502237587616 15.974 0.007
0.5149623355914628 15.966 0.008
0.515758560730319 15.964 0.008
0.516141935073847 15.933 0.007
0.5162947694552713 15.977 0.007
0.5180080479181015 15.962 0.006
0.5198714229438792 15.925 0.008
0.5211471066816102 15.956 0.007
0.5220513156198194 15.934 0.007
0.5234536496959663 15.938 0.007
0.5246125839682918 15.949 0.008
0.5249595676949639 15.921 0.007
0.525313030552752 15.916 0.008
0.5263142450701253 15.944 0.007
0.5273276526768313 15.94 0.009
0.5300613529168459 15.939 0.007
0.5313722628660571 15.934 0.009
0.5322482638580368 15.924 0.007
0.53228362746313 15.927 0.007
0.5323216589999902 15.922 0.007
0.5336898093321452 15.924 0.007
0.5355631290926794 15.926 0.007
0.535806444346008 15.939 0.008
0.5368730599864193 15.928 0.007
0.5381657116115548 15.925 0.007
0.5394249560272328 15.93 0.007
0.5397590961620153 15.912 0.007
0.5397961006874539 15.897 0.007
0.5406979027400212 15.925 0.008
0.5413101761248527 15.899 0.007
0.5414976243956744 15.893 0.007
0.5447809217679378 15.893 0.007
0.5452699575744191 15.9 0.007
0.5460979815020437 15.901 0.006
0.5471223453979519 15.88 0.007
0.5474276010584163 15.894 0.007
0.5474890811999558 15.897 0.007
0.5479226711870524 15.887 0.007
0.5486347124081021 15.893 0.007
0.5495881506674323 15.899 0.008
0.5511920231814429 15.87 0.007
0.5527126777561762 15.877 0.007
0.5534118509465316 15.882 0.008
0.5539882777370622 15.872 0.007
0.5568091534914856 15.879 0.008
0.5577691229320862 15.877 0.007
0.5579609710787281 15.88 0.008
0.5609431639043123 15.87 0.007
0.5615079432141101 15.868 0.007
0.5647444124706453 15.855 0.008
0.566917698397674 15.87 0.007
0.5670352382674082 15.878 0.008
0.567417884032011 15.858 0.008
0.568075858515158 15.854 0.007
0.5688423770693589 15.852 0.007
0.5718331932794172 15.875 0.007
0.5737266960536545 15.862 0.007
0.5758600159786056 15.867 0.008
0.5812667267216511 15.871 0.007
0.5840118386286122 15.859 0.007
0.5841362341379863 15.843 0.007
0.5853126265544688 15.843 0.007
0.587598551521296 15.854 0.007
0.5882417422660637 15.838 0.007
0.5890190495961178 15.857 0.007
0.5895253313785815 15.843 0.007
0.5905811793802513 15.855 0.006
0.5929223883342729 15.853 0.007
0.5966059083798427 15.854 0.007
0.596714745202803 15.846 0.007
0.5984916732927559 15.85 0.007
0.5990361345745896 15.839 0.007
0.5997139286398578 15.852 0.007
0.6022260839234832 15.831 0.007
0.6022424768755172 15.841 0.008
0.6049145067368045 15.836 0.007
0.6052969687384575 15.837 0.007
0.6080406072387632 15.829 0.006
0.6082999162119904 15.855 0.008
0.609579625825063 15.843 0.007
0.6104009242392294 15.837 0.007
0.6107803719204412 15.832 0.007
0.6113439721618761 15.831 0.007
0.6125400947229309 15.833 0.007
0.6139112114199179 15.831 0.006
0.6142769568043605 15.839 0.007
0.6147932467335977 15.831 0.007
0.6149845427976288 15.826 0.007
0.6162021274474228 15.825 0.007
0.6162398077077569 15.844 0.007
0.6168882106635465 15.834 0.007
0.6177587530619348 15.814 0.007
0.6214789848809232 15.85 0.008
0.6220606800275164 15.839 0.007
0.6221892697190015 15.85 0.007
0.6233284583904606 15.836 0.007
0.6261813012399671 15.836 0.007
0.629430639320276 15.823 0.007
0.6300981438486133 15.835 0.007
0.6310687337582976 15.832 0.006
0.6327025721880091 15.826 0.007
0.6351164054306082 15.841 0.009
0.6360395541089474 15.838 0.008
0.6372091470311716 15.843 0.008
0.6401767829497658 15.832 0.007
0.6423477839280167 15.824 0.007
0.6427770423393895 15.833 0.007
0.643188940104892 15.833 0.007
0.6436449761242784 15.84 0.007
0.6439999115950741 15.835 0.007
0.644780147902452 15.839 0.007
0.646406542016166 15.842 0.007
0.6470373721581382 15.837 0.007
0.648747850976406 15.841 0.008
0.6543656724779794 15.845 0.007
0.6548399090896737 15.832 0.007
0.6556086605420433 15.833 0.007
0.6573319984088357 15.835 0.007
0.6604085500196106 15.829 0.007
0.661877868406691 15.83 0.009
0.6622873373557923 15.847 0.007
0.6623200704166265 15.844 0.007
0.6624609214973134 15.849 0.008
0.6683652483634432 15.836 0.008
0.6699376538147135 15.843 0.007
0.6709162954750809 15.847 0.007
0.6718054848613519 15.846 0.007
0.6738892461196428 15.845 0.007
0.6752121726622136 15.836 0.007
0.675582865246156 15.844 0.007
0.6779563559778126 15.845 0.007
0.6811069011828295 15.836 0.007
0.6821519449522384 15.832 0.007
0.6825330969659262 15.862 0.006
0.6831255337258426 15.85 0.008
0.68579229523084 15.853 0.007
0.687681394827905 15.838 0.007
0.6891361449463602 15.853 0.007
0.6919541697991463 15.845 0.007
0.6948447620022762 15.912 0.008
0.69557382395476 15.856 0.007
0.6957709770515521 15.834 0.007
0.7005806584134007 15.848 0.007
0.7018035423325273 15.851 0.008
0.7045300129323095 15.839 0.007
0.7045428557311197 15.859 0.007
0.7075121431387288 15.834 0.007
0.7075944869168325 15.845 0.007
0.7084275328181775 15.862 0.007
0.7084420693809079 15.856 0.007
0.7084469392976871 15.856 0.006
0.7089270427179599 15.86 0.007
0.7089572314991983 15.868 0.007
0.7096389221067056 15.836 0.007
0.7121442144834873 15.871 0.007
0.7152777910080204 15.872 0.007
0.7156619093863128 15.856 0.007
0.7158323954506614 15.85 0.008
0.716046127771051 15.863 0.007
0.7162886355772571 15.857 0.007
0.7188701861527989 15.847 0.007
0.7204761679129206 15.85 0.007
0.7207679514092433 15.872 0.008
0.7216970124724185 15.862 0.007
0.7218735263845701 15.854 0.006
0.7219573956199383 15.862 0.007
0.7229688695542791 15.853 0.007
0.7243792391313946 15.874 0.007
0.7261155198032156 15.851 0.007
0.7263510752648017 15.849 0.007
0.7280397773116647 15.872 0.007
0.7295015521696087 15.851 0.007
0.7307255321936736 15.851 0.007
0.7331132545807577 15.857 0.007
0.7341578852474413 15.864 0.007
0.738776668191349 15.873 0.007
0.7404115336325958 15.87 0.007
0.7422447459027808 15.861 0.007
0.7427873247697789 15.862 0.007
0.7428635138750224 15.871 0.007
0.7433815122317355 15.869 0.007
0.7456528591542337 15.868 0.007
0.7465407596903333 15.87 0.006
0.7470115250175695 15.889 0.007
0.7470375480215807 15.869 0.006
0.7478747043483054 15.864 0.007
0.7497833039572015 15.862 0.007
0.749850566357054 15.873 0.007
0.7498823025262027 15.876 0.008
0.7500645344913437 15.883 0.007
0.7519658279707073 15.87 0.007
0.7527091443023437 15.876 0.007
0.7528931643569194 15.876 0.007
0.7531729011401467 15.882 0.007
0.7538376222739771 15.875 0.007
0.7542723328045895 15.893 0.009
0.7553603788273904 15.878 0.006
0.7563704419744681 15.888 0.007
0.7586426857822062 15.88 0.007
0.7622177821072 15.873 0.007
0.7632132558479725 15.896 0.007
0.7636365181176643 15.879 0.007
0.7668521554437575 15.876 0.007
0.7689021566295651 15.876 0.007
0.7694703641557226 15.86 0.007
0.7700832514494778 15.883 0.007
0.7736955515197224 15.887 0.007
0.7739822187168102 15.88 0.007
0.778320246848466 15.893 0.007
0.7799979990802512 15.886 0.008
0.7828345335274207 15.88 0.007
0.7854035917877127 15.888 0.007
0.786380483539233 15.89 0.007
0.7903570287687671 15.885 0.007
0.7920893616410467 15.905 0.007
0.793127711603347 15.895 0.007
0.7961431660554581 15.89 0.007
0.801364545962997 15.896 0.007
0.8018698844909977 15.898 0.007
0.8027133199357195 15.903 0.007
0.806620025064376 15.9 0.007
0.8076417991046583 15.887 0.007
0.8081910197281559 15.91 0.007
0.8096928654824751 15.9 0.007
0.8097975772166137 15.894 0.008
0.8099534478492387 15.897 0.007
0.8099910281031271 15.901 0.007
0.810947171681164 15.905 0.008
0.8110623575087175 15.917 0.008
0.813054490532636 15.897 0.007
0.8134574396622156 15.9 0.007
0.8140427313319378 15.915 0.008
0.8143913706421699 15.904 0.007
0.8161650803040175 15.901 0.007
0.8164833153637119 15.907 0.007
0.8166146266235046 15.896 0.007
0.8174995754584415 15.906 0.007
0.8181882737624164 15.928 0.007
0.8188143022878194 15.902 0.007
0.821107167444211 15.909 0.007
0.8238074905948451 15.902 0.007
0.8255596747555956 15.909 0.007
0.8268078376438552 15.91 0.007
0.8273086461695129 15.893 0.007
0.8280263972544617 15.906 0.008
0.8292263098771855 15.904 0.007
0.8295734302043911 15.917 0.01
0.8308879830461819 15.91 0.007
0.8337401973236638 15.92 0.007
0.8371791287216865 15.908 0.008
0.837212537517189 15.905 0.008
0.8384683008730462 15.913 0.007
0.8420911587932096 15.913 0.007
0.8428499647179706 15.918 0.007
0.8441446044450913 15.913 0.007
0.8463598705018285 15.916 0.007
0.8463982167213544 15.918 0.007
0.8483121375300016 15.934 0.007
0.8500365812772088 15.932 0.007
0.8538160530720234 15.911 0.008
0.8547846198719071 15.903 0.008
0.8564005610298864 15.932 0.009
0.8585179929225433 15.927 0.007
0.858572741076614 15.948 0.008
0.8615104760781378 15.9 0.007
0.8624010600024121 15.916 0.008
0.8629573208218062 15.914 0.007
0.8634380837272602 15.909 0.007
0.8652742850856612 15.924 0.007
0.8660682773263488 15.913 0.007
0.866366324484261 15.902 0.007
0.8667367560224193 15.921 0.008
0.8674585858266255 15.909 0.007
0.8709757302331127 15.923 0.008
0.8714493480483725 15.923 0.007
0.8723613095114615 15.928 0.007
0.8725807151015488 15.937 0.007
0.8734325015232116 15.913 0.007
0.8771215257386302 15.922 0.007
0.8805879372976051 15.913 0.007
0.8847253068336158 15.913 0.007
0.8857545406463032 15.93 0.007
0.8864037657131121 15.933 0.008
0.8922717483320639 15.921 0.007
0.8926164463167652 15.916 0.007
0.8930541930985783 15.936 0.008
0.8951185267399069 15.934 0.007
0.8958594890293625 15.926 0.007
0.8961219952930151 15.927 0.007
0.8968400610606295 15.917 0.007
0.8988002432392932 15.938 0.009
0.9003806004349144 15.926 0.008
0.9039190906740942 15.919 0.007
0.9043543679507593 15.935 0.007
0.9044175044689382 15.932 0.007
0.9057063090940574 15.947 0.007
0.9060610193203047 15.945 0.007
0.9075025127440313 15.94 0.007
0.907547584476788 15.929 0.008
0.9082093848221575 15.93 0.007
0.9085513522561541 15.934 0.007
0.9126710920398864 15.941 0.008
0.913488527204322 15.944 0.007
0.9152897154410766 15.946 0.007
0.9161441770615966 15.961 0.007
0.9192781300946535 15.937 0.006
0.9200202413328498 15.938 0.007
0.9202419107343758 15.944 0.007
0.9223630164326551 15.944 0.007
0.9235592080869992 15.945 0.007
0.9238113402639101 15.944 0.007
0.9254789794547378 15.952 0.007
0.9257087379942277 15.946 0.007
0.9275176323858432 15.94 0.008
0.9284415779429764 15.951 0.009
0.9300467872633362 15.93 0.008
0.9300493250686941 15.95 0.008
0.932256801213498 15.93 0.007
0.9323374203145249 15.947 0.007
0.9342577055842867 15.947 0.007
0.9364083243291361 15.939 0.008
0.9377563452844697 15.959 0.008
0.9395685995921212 15.959 0.007
0.9403093781186271 15.956 0.008
0.9460105402897625 15.949 0.007
0.9460341726576189 15.949 0.007
0.9467147972800376 15.945 0.007
0.9467325107889337 15.953 0.007
0.9471039912693868 15.939 0.007
0.9492105977919891 15.943 0.007
0.9500897334551155 15.946 0.007
0.9503762795084185 15.972 0.007
0.9503865698384288 15.945 0.007
0.9526454033079972 15.953 0.008
0.9568163174468509 15.942 0.007
0.9571970864777768 15.958 0.007
0.957357282212115 15.958 0.008
0.9585767533712897 15.963 0.007
0.9603720609291031 15.971 0.007
0.9646643879628982 15.961 0.007
0.9655553337324818 15.966 0.007
0.965948291757968 15.957 0.007
0.9687695976581381 15.965 0.008
0.9718339033358916 15.947 0.007
0.9770099439911064 15.959 0.008
0.977265074238403 15.98 0.007
0.9792427137679169 15.959 0.007
0.9805745353096427 15.965 0.009
0.9806716401020594 15.97 0.007
0.981664498754867 15.971 0.008
0.9817020383200088 15.961 0.008
0.9817976339049892 15.946 0.008
0.982767626155578 15.969 0.007
0.9844688888181281 15.974 0.007
0.9854430752507142 15.952 0.008
0.9859557580887213 15.961 0.007
0.9866886784028566 15.976 0.007
0.9884664196210906 15.979 0.007
0.992134894089304 15.965 0.007
0.9952504895850325 15.967 0.009
0.9955142846990839 15.97 0.007
0.9960623790977934 15.967 0.008
0.9969939251227515 15.98 0.007
0.9986079740901914 15.979 0.007
0.9994281983304063 15.979 0.007
