0.00013174719580311134 15.642 0.006
0.0003696572863645109 15.645 0.006
0.00040529522348142777 15.628 0.007
0.0004147981909681242 15.653 0.006
0.0028204677791108246 15.618 0.006
0.004199481044588449 15.637 0.008
0.004487219308793922 15.624 0.006
0.004795414112231722 15.635 0.006
0.00552388155110739 15.638 0.008
0.011643511247166227 15.662 0.007
0.012490375689048872 15.617 0.007
0.014258311953562863 15.646 0.007
0.014793309116293951 15.642 0.006
0.015163899317792495 15.644 0.006
0.016017629391535504 15.628 0.007
0.01627088931254539 15.631 0.007
0.016331551987059267 15.637 0.007
0.018336690584555893 15.606 0.007
0.020009644436549845 15.637 0.007
0.022331117689327495 15.639 0.007
0.024469981366132654 15.638 0.006
0.02597461892323727 15.636 0.006
0.027631817308838347 15.644 0.008
0.028001448277018337 15.65 0.006
0.02880360189592457 15.626 0.007
0.02900137649904755 15.665 0.006
0.029591191226097546 15.655 0.006
0.02984764114207783 15.637 0.008
0.03006554746903012 15.637 0.007
0.03265821225013488 15.65 0.007
0.0328501350757846 15.651 0.006
0.033628509755908365 15.633 0.006
0.0341841065055859 15.651 0.006
0.035048671080085025 15.647 0.008
0.03562635088686639 15.664 0.006
0.036637924411843326 15.654 0.008
0.037566717115930626 15.653 0.006
0.03802883445578109 15.642 0.007
0.039042090527936946 15.649 0.007
0.04130844631711161 15.65 0.007
0.04138820019218192 15.651 0.006
0.04194572335918556 15.65 0.007
0.04196692894279286 15.645 0.007
0.043368373588145825 15.639 0.007
0.04358400248295302 15.664 0.006
0.044614122500570286 15.648 0.007
0.04474181322066206 15.645 0.007
0.04476220753272164 15.65 0.008
0.04499886960265931 15.622 0.007
0.04500409315957077 15.673 0.007
0.04507459998776531 15.667 0.008
0.04836589048775286 15.654 0.006
0.048787565304019065 15.626 0.007
0.04974433015390778 15.658 0.008
0.051486681885671626 15.656 0.006
0.05391973984719689 15.664 0.006
0.05474312127378189 15.655 0.006
0.05530476969206566 15.652 0.007
0.05585986126757225 15.664 0.006
0.056730460669962124 15.664 0.006
0.05727718267248738 15.661 0.006
0.05842185925339427 15.645 0.007
0.06018145483621984 15.671 0.008
0.06099236588502199 15.636 0.008
0.06325466707053229 15.665 0.008
0.06350205346020621 15.66 0.007
0.06533583548289235 15.644 0.007
0.06552065453561218 15.663 0.008
0.06562271849761592 15.642 0.007
0.06707817879461109 15.678 0.006
0.06789905973519117 15.642 0.006
0.06875683821490375 15.652 0.006
0.06880815921763306 15.675 0.008
0.06959796375249416 15.631 0.007
0.06966195151837828 15.654 0.006
0.07064930760170673 15.662 0.006
0.07292909031039008 15.655 0.007
0.07339017426331784 15.675 0.006
0.07465265963028278 15.651 0.008
0.07487583746787996 15.666 0.006
0.0755296506034937 15.66 0.008
0.07685691945121098 15.665 0.007
0.07745595900123581 15.67 0.007
0.07813317830700717 15.656 0.007
0.0786436670187185 15.674 0.006
0.07975363156028825 15.676 0.009
0.08038452814357688 15.662 0.007
0.08171954676381565 15.651 0.006
0.08270393543707533 15.664 0.007
0.08472013112045707 15.667 0.008
0.08534737651293645 15.671 0.007
0.08544759090264042 15.669 0.006
0.08603402591668319 15.663 0.006
0.08706145175474367 15.67 0.006
0.08712001115841295 15.67 0.008
0.08810758362872084 15.665 0.006
0.08903302901730958 15.65 0.006
0.08955381418879815 15.659 0.006
0.09090184345009211 15.672 0.006
0.09268384818883524 15.674 0.008
0.09469423654260245 15.687 0.006
0.09528551076302838 15.667 0.006
0.09569374532534303 15.68 0.006
0.09743084952324343 15.648 0.007
0.09795457146051367 15.676 0.008
0.09833349567693395 15.68 0.007
0.09889043460216262 15.667 0.006
0.09939154210868528 15.676 0.006
0.1030140932104131 15.67 0.006
0.10473476085339817 15.669 0.006
0.1053264078429037 15.663 0.007
0.1055682205999573 15.679 0.006
0.10585877655935283 15.661 0.007
0.10606596523384715 15.679 0.007
0.10676787604179472 15.664 0.007
0.11188193148270775 15.681 0.006
0.11189252070553257 15.665 0.007
0.11196611226105224 15.668 0.008
0.11362421256708322 15.681 0.006
0.11429538640205683 15.697 0.006
0.11581054522607692 15.679 0.007
0.11604839355904906 15.644 0.007
0.11667040077670654 15.68 0.006
0.11775844975525152 15.689 0.006
0.11921808547995161 15.688 0.006
0.1195963854510409 15.663 0.006
0.11968336708437155 15.686 0.006
0.12336896449814949 15.683 0.006
0.12363064194678364 15.667 0.007
0.12380431595627206 15.702 0.006
0.1255694056344736 15.689 0.006
0.12690916661440488 15.669 0.006
0.12882369508170077 15.695 0.008
0.1292192766846596 15.687 0.006
0.13011608837077793 15.675 0.007
0.13803384437383093 15.67 0.006
0.13884832976784756 15.691 0.006
0.1392888976462472 15.686 0.007
0.1434680309304439 15.676 0.007
0.14520788931272355 15.695 0.007
0.14529835592602458 15.677 0.007
0.1462036300566978 15.691 0.008
0.14641167667283517 15.708 0.006
0.14655284051334538 15.702 0.006
0.14719780159523443 15.71 0.006
0.1486553602489038 15.69 0.008
0.1490336713317446 15.674 0.007
0.14988160121301908 15.69 0.008
0.15010724620074134 15.7 0.006
0.15200646881592084 15.706 0.008
0.15235761060446285 15.677 0.006
0.1524831358271057 15.691 0.008
0.15289154455049347 15.678 0.008
0.15348148723810473 15.692 0.007
0.15352320398178554 15.674 0.007
0.15551402929659153 15.683 0.008
0.1563445211637826 15.687 0.006
0.15881018122709056 15.692 0.007
0.16099575103808084 15.705 0.007
0.16147802501759534 15.691 0.006
0.16232166612885512 15.678 0.007
0.16466254159367955 15.7 0.008
0.16775798484709403 15.702 0.007
0.16795399514321607 15.695 0.007
0.1683528440554709 15.702 0.008
0.16881605525591104 15.702 0.007
0.16903353150078138 15.708 0.007
0.1701617519948626 15.698 0.006
0.172029567191339 15.69 0.007
0.17404723792460564 15.699 0.006
0.17618201588393267 15.706 0.008
0.1778911812719115 15.709 0.006
0.17867228346781294 15.702 0.006
0.18052323647216317 15.701 0.008
0.1818953445716942 15.707 0.006
0.18264176759444117 15.698 0.006
0.18454340671373748 15.718 0.008
0.18493453427518025 15.695 0.007
0.18497587871925125 15.704 0.007
0.18512328886063179 15.711 0.008
0.18547307244730282 15.715 0.008
0.1868682534818844 15.722 0.006
0.1869114736975006 15.71 0.006
0.1873912805270037 15.706 0.006
0.18855388473942858 15.705 0.006
0.18927930698455375 15.704 0.008
0.18995479578861696 15.714 0.006
0.19234819360681277 15.697 0.007
0.19258572028572862 15.696 0.006
0.19403512797557587 15.718 0.007
0.19659557406625927 15.717 0.008
0.19670391766507 15.716 0.006
0.19730226676770135 15.698 0.007
0.19804774880562936 15.705 0.008
0.19860538437651476 15.7 0.008
0.19927880499917583 15.713 0.007
0.20126626791070512 15.719 0.006
0.2018229731394512 15.71 0.007
0.20517976996475218 15.714 0.008
0.20665834050842014 15.722 0.007
0.20695608422252 15.697 0.006
0.20751002953843445 15.724 0.006
0.20800684383041235 15.711 0.008
0.20870293619693703 15.718 0.006
0.20938236006477373 15.732 0.008
0.2095741833521969 15.694 0.007
0.2101592272976176 15.72 0.006
0.21143223393155486 15.726 0.008
0.2117752860446216 15.706 0.008
0.21249994591098575 15.716 0.007
0.21275525401224504 15.713 0.008
0.2132668450050459 15.7 0.006
0.2153969579193471 15.703 0.008
0.21556690120186195 15.702 0.007
0.2159566750061912 15.73 0.008
0.21601586263036543 15.703 0.007
0.21686574115292379 15.709 0.007
0.21879083042076664 15.695 0.006
0.21913345958855635 15.718 0.008
0.22114167180208133 15.726 0.006
0.22253748105705418 15.717 0.006
0.22255914958886924 15.722 0.008
0.22594794918730932 15.707 0.006
0.2261373888367415 15.715 0.007
0.22704592630136622 15.737 0.006
0.22763402116961506 15.739 0.008
0.22814075739918271 15.719 0.006
0.22816011516320023 15.713 0.007
0.22940963433702555 15.714 0.008
0.23088007567130253 15.716 0.008
0.23159352873724393 15.725 0.006
0.2327234686207702 15.712 0.008
0.23429060555931747 15.713 0.007
0.23436931446635745 15.719 0.007
0.23566567662455773 15.711 0.008
0.2377881961480397 15.717 0.007
0.23828830664060652 15.733 0.007
0.23855242948447986 15.716 0.007
0.2392801278776573 15.733 0.006
0.2393903032695106 15.73 0.008
0.23955741774468597 15.725 0.006
0.2397491770515443 15.714 0.007
0.2400934443186542 15.722 0.007
0.24062257859250158 15.708 0.008
0.24178472207850055 15.73 0.007
0.24199793844481965 15.713 0.006
0.24553117188477236 15.734 0.006
0.24561741195534514 15.711 0.006
0.24771405815854441 15.719 0.008
0.24835634061789724 15.721 0.006
0.24836591154112275 15.723 0.007
0.2500965335192631 15.715 0.008
0.252657068036251 15.719 0.008
0.25286828242351467 15.716 0.008
0.25316719064621784 15.725 0.007
0.25344849336081543 15.73 0.007
0.25460425591850244 15.706 0.008
0.25848349554726147 15.731 0.008
0.26029297661661976 15.722 0.006
0.26111367497574056 15.74 0.008
0.2632050385565434 15.73 0.008
0.2638784258434952 15.721 0.007
0.2659035464502266 15.731 0.006
0.2660491749751599 15.731 0.007
0.26617350329220235 15.723 0.006
0.2663648529877718 15.736 0.006
0.2684956047652576 15.719 0.008
0.26913713104348735 15.739 0.007
0.2707667362500614 15.734 0.006
0.2731037752509109 15.728 0.008
0.2731152775060308 15.717 0.008
0.2731416071075272 15.726 0.008
0.2741845262934475 15.717 0.006
0.2753633489211551 15.723 0.007
0.27538694878458037 15.716 0.007
0.27695403285488274 15.726 0.008
0.2787010456560437 15.748 0.008
0.28012985867328544 15.738 0.006
0.2809212395499343 15.721 0.007
0.28219934622475185 15.73 0.006
0.2824180989121259 15.733 0.008
0.2838441182110727 15.732 0.007
0.2844842351722945 15.73 0.007
0.28463984072558324 15.722 0.006
0.28495268946201113 15.734 0.007
0.28759904730204644 15.735 0.006
0.2889723038837473 15.731 0.008
0.2890265198965607 15.734 0.006
0.28902769504744574 15.735 0.006
0.28905723020070573 15.731 0.007
0.2891410209002969 15.714 0.008
0.29040792744219734 15.746 0.006
0.29181902430073015 15.71 0.007
0.2920929677907451 15.737 0.006
0.29335814733726684 15.733 0.006
0.29380606379768315 15.734 0.008
0.2952662731214786 15.738 0.006
0.29685711121546765 15.715 0.007
0.29723122464692997 15.731 0.008
0.2974995238570499 15.739 0.006
0.29795524962573827 15.732 0.008
0.29949391146637927 15.749 0.009
0.2998969189659646 15.739 0.006
0.3017364248057901 15.74 0.006
0.30198313185965153 15.724 0.008
0.30334113814941466 15.74 0.006
0.3050700007346676 15.738 0.008
0.30725479658567556 15.733 0.008
0.308281715965927 15.741 0.006
0.30836156446539453 15.737 0.008
0.30883622727506 15.74 0.006
0.30969193979549337 15.736 0.007
0.3108974470143493 15.746 0.007
0.3110046616631279 15.744 0.007
0.31131122900969777 15.728 0.007
0.3132515401483942 15.741 0.007
0.31526066492474447 15.743 0.007
0.3189643636618711 15.751 0.006
0.321461049485515 15.731 0.008
0.3220486596502723 15.741 0.007
0.32275925057310806 15.749 0.006
0.32531262575721476 15.744 0.006
0.3259878741975739 15.742 0.006
0.3263618263328225 15.751 0.008
0.32671603507005775 15.75 0.006
0.3272137246134661 15.738 0.007
0.327932076421257 15.732 0.007
0.3282833639491627 15.743 0.007
0.3287340185676384 15.761 0.008
0.33212992860640034 15.742 0.008
0.33277243318061656 15.732 0.007
0.3331601481624147 15.744 0.007
0.33401825496334814 15.749 0.007
0.3353663570943808 15.73 0.007
0.33566620630144817 15.753 0.007
0.3357230329814569 15.736 0.006
0.3358341102936264 15.747 0.006
0.33686318312074937 15.729 0.006
0.33749820051016277 15.745 0.007
0.33799537201448393 15.735 0.008
0.33875641535578316 15.746 0.007
0.33995128890423976 15.744 0.008
0.34146413298494727 15.744 0.006
0.343112785413632 15.746 0.006
0.3452250919898687 15.733 0.007
0.348830935528349 15.732 0.008
0.35001842096121427 15.752 0.006
0.3508562174316352 15.742 0.006
0.3513188266112137 15.742 0.007
0.35199212149594805 15.754 0.006
0.3525873468061831 15.737 0.006
0.3554665591438151 15.744 0.006
0.3561077894977642 15.744 0.008
0.3563029974121945 15.746 0.006
0.35761657008529246 15.748 0.008
0.3588727411958188 15.74 0.007
0.35955950967027084 15.743 0.006
0.3629162731598625 15.758 0.006
0.36336034251385163 15.746 0.008
0.3642554063888155 15.75 0.006
0.3650656603259903 15.743 0.007
0.36585030353094217 15.739 0.006
0.3690473655768982 15.744 0.007
0.3692139113672055 15.749 0.006
0.3711522511709062 15.746 0.008
0.3719588588318401 15.751 0.006
0.37757872588863384 15.75 0.006
0.3776479478541659 15.745 0.006
0.37846745995030906 15.74 0.006
0.37865674321769793 15.742 0.008
0.378860441528468 15.73 0.007
0.38128847009638767 15.751 0.007
0.38235010818325454 15.742 0.007
0.3825211693035384 15.749 0.006
0.3838314457759906 15.732 0.006
0.38384023162748226 15.735 0.006
0.3838742274894229 15.754 0.007
0.38390529278321983 15.744 0.008
0.3842446257505343 15.735 0.007
0.3864647094627798 15.758 0.008
0.38732867915259694 15.738 0.006
0.3874963774004754 15.759 0.008
0.38819241467640486 15.742 0.006
0.3882358073002705 15.746 0.007
0.3903626346567761 15.737 0.007
0.3904910264672252 15.74 0.008
0.3922510783312645 15.74 0.007
0.39229913155545537 15.747 0.006
0.3938773500257411 15.747 0.006
0.39553787081117653 15.734 0.007
0.3982574918860792 15.74 0.007
0.3989451884803771 15.744 0.006
0.3998007290618034 15.719 0.006
0.4 15.764 0.006
0.4001594926627604 15.753 0.006
0.4045167752834914 15.744 0.006
0.40757230516461507 15.731 0.006
0.40786845698053187 15.743 0.007
0.40818801496643575 15.739 0.007
0.40857283493837715 15.747 0.006
0.40880785001913866 15.744 0.007
0.4096017691624866 15.737 0.007
0.4100111744309288 15.752 0.007
0.4116137160790686 15.731 0.008
0.4137072775546585 15.739 0.007
0.4147500248015149 15.763 0.008
0.41554150521656086 15.741 0.006
0.41747265773474285 15.751 0.007
0.4179626419532042 15.734 0.006
0.42227151589067946 15.743 0.007
0.42267904983204974 15.747 0.006
0.42313527808337315 15.745 0.008
0.4238743969719053 15.746 0.007
0.4253112329924079 15.753 0.007
0.4256474328082277 15.734 0.007
0.42968796847108026 15.751 0.007
0.4300589314416584 15.731 0.006
0.4301177462965825 15.742 0.007
0.43255808441520005 15.744 0.006
0.433475919103239 15.748 0.006
0.43485463691407633 15.726 0.006
0.43614513173852176 15.731 0.007
0.4361931347859468 15.742 0.006
0.4371278778673059 15.736 0.006
0.4380452451618112 15.743 0.006
0.4383762836479491 15.754 0.01
0.43889631439187726 15.746 0.007
0.4397084339274443 15.737 0.007
0.4398051250867866 15.731 0.008
0.44202380439653555 15.748 0.007
0.4421137529706357 15.736 0.008
0.4430256039453525 15.753 0.008
0.4437637307343266 15.746 0.007
0.4438277073884024 15.717 0.006
0.44439653689445324 15.726 0.006
0.4452783892981188 15.725 0.007
0.44653459994256084 15.744 0.008
0.4474048265757574 15.714 0.007
0.4476077731509577 15.736 0.007
0.449279904619425 15.734 0.008
0.45112609526258896 15.751 0.006
0.45177333377628204 15.727 0.008
0.4518152513500354 15.722 0.007
0.45241782079747284 15.746 0.008
0.4530737332282456 15.725 0.007
0.45496156996764514 15.749 0.006
0.4556960566779026 15.731 0.007
0.4569480980923345 15.728 0.007
0.45740002740037655 15.74 0.008
0.45766242816298475 15.745 0.007
0.46134972987865697 15.741 0.007
0.4625919160272588 15.748 0.008
0.4640250279875545 15.731 0.007
0.46437925450393325 15.733 0.006
0.46528975838915587 15.729 0.006
0.46534097318649403 15.754 0.008
0.4675300004943438 15.729 0.007
0.46760816247083314 15.728 0.006
0.4718455485922505 15.725 0.006
0.47421948910769063 15.725 0.007
0.4757947947890898 15.736 0.007
0.47716172553341496 15.739 0.007
0.47761832257779135 15.736 0.008
0.47820538136763846 15.733 0.006
0.47824436439790363 15.725 0.007
0.4785585713360888 15.731 0.006
0.4814585067760163 15.736 0.006
0.48244940386884994 15.736 0.006
0.483052713940333 15.734 0.006
0.48355213000936603 15.735 0.007
0.48444993204261666 15.738 0.006
0.4844671581144212 15.718 0.007
0.48728544565929044 15.741 0.007
0.4875114083253266 15.728 0.006
0.4894304738774281 15.734 0.008
0.4895694664917528 15.708 0.006
0.4905404828670271 15.72 0.008
0.4907502488728369 15.712 0.008
0.4924563117539492 15.74 0.008
0.4927844663422093 15.731 0.007
0.49325411800659824 15.719 0.006
0.494354143300734 15.722 0.008
0.49469683422605615 15.717 0.006
0.4972029474557985 15.737 0.008
0.4991444821684127 15.718 0.006
0.500780501169993 15.713 0.007
0.5011459851324617 15.721 0.007
0.5012345359713436 15.739 0.007
0.5025456814970767 15.727 0.007
0.5032181668638259 15.743 0.008
0.5033116235803391 15.717 0.006
0.5044738377139538 15.712 0.006
0.5061986479178359 15.722 0.008
0.50740842565815 15.712 0.006
0.5080824767236664 15.711 0.007
0.5102812930949995 15.713 0.006
0.5117333771851463 15.718 0.007
0.512420729901487 15.702 0.006
0.5137750338855313 15.715 0.008
0.5163552722671284 15.717 0.007
0.5167846311229823 15.727 0.006
0.5193490483050255 15.719 0.006
0.5199642222882176 15.724 0.008
0.5225291552873387 15.708 0.007
0.522655699278539 15.721 0.007
0.5258569372212151 15.702 0.007
0.5260132545073702 15.729 0.008
0.5260835392200193 15.698 0.006
0.5278507121671737 15.714 0.007
0.530743325694084 15.694 0.006
0.5309222929692169 15.705 0.007
0.5326007698077092 15.703 0.006
0.5327153987717793 15.719 0.007
0.5328041286857342 15.714 0.006
0.5336114041007477 15.718 0.008
0.5336278384333127 15.729 0.008
0.5345314038171637 15.724 0.006
0.5348194157815215 15.705 0.007
0.5351462121679106 15.705 0.007
0.53528017761098 15.701 0.006
0.536568990357091 15.707 0.006
0.5368887096392655 15.698 0.006
0.5382887560798736 15.724 0.007
0.5383228621227772 15.692 0.006
0.5385477882413398 15.724 0.008
0.5386984177379986 15.694 0.006
0.5392026996826417 15.706 0.006
0.5422262379030599 15.691 0.007
0.5424616146412063 15.711 0.007
0.5430293991791132 15.697 0.007
0.5431336175267006 15.701 0.007
0.5436589926508987 15.723 0.008
0.5453061593869052 15.695 0.006
0.5455075869332632 15.7 0.006
0.5459484920223986 15.717 0.006
0.5476791873394063 15.691 0.006
0.5478802176704903 15.703 0.006
0.5479518494728041 15.694 0.006
0.5509951644275134 15.711 0.007
0.5520310087312851 15.685 0.006
0.5523369473879939 15.726 0.008
0.5528967373442356 15.731 0.01
0.5531879442176205 15.688 0.006
0.553492035524323 15.695 0.008
0.5562890050822716 15.69 0.007
0.5563507878167911 15.689 0.006
0.5569008744447729 15.673 0.006
0.558737522586307 15.687 0.006
0.560006688780868 15.68 0.007
0.5601962346360324 15.691 0.008
0.5603670727022291 15.711 0.007
0.5623428369737212 15.695 0.006
0.5623872039181151 15.701 0.007
0.5625203842895644 15.712 0.008
0.5636479410049106 15.708 0.006
0.5644339490785569 15.705 0.008
0.5656601682881274 15.688 0.006
0.5666829997284367 15.692 0.006
0.5678728789720481 15.695 0.008
0.5679574769675583 15.685 0.007
0.5692701699444115 15.692 0.008
0.5700641108423042 15.69 0.008
0.5703141758548554 15.718 0.008
0.5731158549052907 15.688 0.006
0.5752884585234824 15.687 0.007
0.5791537860603967 15.695 0.007
0.5806223867117751 15.674 0.006
0.5826884434351541 15.679 0.006
0.5837429995034654 15.683 0.006
0.5856669136207074 15.703 0.007
0.5860817978970317 15.692 0.007
0.5875166808314362 15.666 0.006
0.5894503266991024 15.677 0.007
0.5902738049725486 15.703 0.008
0.5906334927176659 15.673 0.006
0.5911018741374164 15.675 0.006
0.5915350138970098 15.698 0.007
0.5917962644243403 15.67 0.006
0.5921918171360631 15.658 0.006
0.5936496490202444 15.69 0.007
0.5947764651115449 15.685 0.006
0.5959512726689354 15.667 0.008
0.596623947753551 15.693 0.007
0.5990669094045643 15.684 0.007
0.599277879452211 15.676 0.007
0.6002130943719749 15.683 0.009
0.6008029268781684 15.666 0.007
0.600877693584971 15.688 0.008
0.603059967195486 15.687 0.006
0.604978821274608 15.701 0.008
0.604996920375379 15.675 0.006
0.60508204752241 15.668 0.007
0.608275244682568 15.662 0.007
0.6084387452787269 15.663 0.006
0.6085135670761247 15.659 0.006
0.6113999343021078 15.658 0.006
0.6114034859539516 15.667 0.006
0.6144149665688247 15.662 0.006
0.6163772967843443 15.662 0.007
0.616426040456156 15.642 0.006
0.6165998903802802 15.66 0.006
0.6173847739494477 15.663 0.008
0.61846141529727 15.67 0.007
0.6190100602110761 15.663 0.006
0.6193929968057091 15.695 0.008
0.6204458485716714 15.683 0.007
0.6215587632135794 15.691 0.007
0.623064792308378 15.664 0.006
0.6230947619884774 15.669 0.006
0.623580504107531 15.675 0.008
0.6239851559040744 15.668 0.007
0.6271312124032647 15.681 0.006
0.6274584472925199 15.675 0.006
0.6291361568379671 15.671 0.007
0.6296829628223805 15.671 0.008
0.6300940946165611 15.672 0.01
0.6338897110400922 15.653 0.006
0.6350903852504871 15.642 0.006
0.6370399829699182 15.628 0.006
0.6372562245284371 15.657 0.007
0.6373013103424455 15.646 0.007
0.6373301994962276 15.675 0.007
0.6384108452714031 15.647 0.006
0.6402589694684139 15.654 0.007
0.642401084897665 15.668 0.008
0.6431661144182726 15.659 0.007
0.6432266602438631 15.66 0.007
0.6435701357721882 15.664 0.007
0.6445294206402196 15.664 0.007
0.6465834197582808 15.656 0.008
0.646761741033879 15.651 0.006
0.6494874253587796 15.644 0.007
0.6514995904152784 15.652 0.006
0.6516239454009224 15.625 0.006
0.6518853011954434 15.642 0.006
0.6552344606517636 15.649 0.007
0.6555612943497181 15.644 0.006
0.6567477721258911 15.643 0.006
0.65822661589973 15.648 0.007
0.6596389106025186 15.641 0.006
0.6604210711008364 15.648 0.007
0.6604699644875837 15.646 0.006
0.6605600081551529 15.66 0.006
0.6629979804153209 15.642 0.007
0.665964324100878 15.639 0.006
0.6663489432429742 15.66 0.007
0.6682232739953179 15.641 0.007
0.6695349926513586 15.627 0.006
0.6697863763315809 15.621 0.006
0.6705672670546164 15.635 0.006
0.6707039266771858 15.633 0.006
0.6708334491906044 15.631 0.007
0.6710104233763104 15.634 0.006
0.6712497974050621 15.641 0.006
0.6713885958564788 15.631 0.006
0.6719396545828659 15.638 0.007
0.6720400871126003 15.652 0.007
0.6728041974023654 15.641 0.007
0.6729358854134603 15.635 0.006
0.6758382329129177 15.638 0.006
0.6796084105430055 15.629 0.006
0.6798864454789509 15.638 0.006
0.6804070849108484 15.63 0.007
0.6811949514466505 15.661 0.007
0.6825828940804058 15.629 0.006
0.6831013507050102 15.648 0.007
0.6835706407120142 15.634 0.007
0.6838579226947786 15.637 0.007
0.6851058215484273 15.624 0.006
0.6856839220783059 15.635 0.007
0.6864836152150474 15.642 0.006
0.6872252936558653 15.649 0.007
0.6891494086029525 15.636 0.007
0.689652303924072 15.632 0.006
0.6921359017921077 15.638 0.007
0.6953366656743128 15.635 0.007
0.695513082287016 15.623 0.006
0.6966927690541752 15.629 0.006
0.6994233236989885 15.606 0.005
0.700313717614813 15.619 0.007
0.7004113986517041 15.622 0.006
0.7010366949336003 15.636 0.008
0.7011507663245539 15.642 0.007
0.7013910600529926 15.628 0.007
0.702339354038395 15.632 0.008
0.702365771597124 15.633 0.007
0.702720388192256 15.62 0.007
0.7051472193856171 15.643 0.008
0.7059626351216594 15.63 0.006
0.7066895439980044 15.613 0.006
0.7066910034913235 15.615 0.006
0.7105059381450701 15.627 0.006
0.7109614657753355 15.617 0.007
0.7111849897134107 15.618 0.006
0.7115957487384549 15.631 0.006
0.711823887545188 15.607 0.007
0.7139268968981242 15.614 0.006
0.7156518790410701 15.626 0.006
0.715694782047558 15.63 0.007
0.7160235431016645 15.622 0.008
0.7170406240565171 15.653 0.006
0.7174013918587662 15.644 0.007
0.7189652286213232 15.611 0.006
0.7192591425390674 15.612 0.006
0.7195888601348998 15.616 0.006
0.7196018552189344 15.612 0.006
0.7202542444198571 15.619 0.006
0.7208352661590652 15.606 0.006
0.7218717782169733 15.598 0.007
0.7224973193077858 15.623 0.007
0.7245696250236847 15.606 0.006
0.7246614280840277 15.604 0.006
0.72487545794379 15.61 0.006
0.7271309001648888 15.608 0.006
0.7275170338906719 15.62 0.008
0.7299082338138533 15.611 0.006
0.7306075890450302 15.608 0.006
0.7309732516137842 15.616 0.006
0.7327467988221997 15.612 0.006
0.735064257005115 15.611 0.007
0.7351558197016402 15.621 0.006
0.7365363146841674 15.603 0.006
0.7377291329161381 15.616 0.008
0.7377886382188535 15.616 0.007
0.7379511973607805 15.613 0.007
0.7380839325623129 15.607 0.008
0.7385655427630354 15.612 0.008
0.7401253595411618 15.617 0.008
0.7426920519329997 15.613 0.007
0.7429718973766285 15.616 0.007
0.7433456096173586 15.61 0.006
0.7436380089513023 15.609 0.008
0.7437716789395609 15.608 0.006
0.7463596231156316 15.636 0.007
0.7463859460498498 15.622 0.007
0.7465483777009126 15.601 0.006
0.7490953502021057 15.6 0.006
0.7493953713484643 15.615 0.007
0.750679814503792 15.614 0.006
0.7510157233099563 15.615 0.007
0.7514708670593336 15.619 0.007
0.7541222192041005 15.607 0.006
0.7544566858267899 15.597 0.006
0.7561312449114667 15.603 0.006
0.7565230229171448 15.603 0.007
0.7599405068634383 15.593 0.006
0.7621305853373542 15.595 0.008
0.7645610370765553 15.602 0.006
0.7646020638420851 15.6 0.006
0.7646981529805089 15.617 0.007
0.7662110365949047 15.61 0.008
0.7669419645168546 15.596 0.006
0.7677195768184447 15.617 0.008
0.7710895251106195 15.616 0.007
0.7714069336249395 15.605 0.006
0.7723741864059775 15.604 0.006
0.7727154289500732 15.594 0.006
0.7740244640691799 15.614 0.007
0.7755301381739855 15.599 0.006
0.7766132706315944 15.603 0.006
0.7819746502347243 15.59 0.006
0.7819774901539859 15.605 0.006
0.7819957016585249 15.594 0.007
0.7840896141486496 15.603 0.006
0.7853374507750687 15.606 0.006
0.7862314847692687 15.605 0.006
0.7862666997608813 15.617 0.007
0.7864491902661485 15.607 0.007
0.7866033207690407 15.604 0.007
0.7871290419938305 15.612 0.007
0.7893552773826059 15.588 0.006
0.7923744015645525 15.604 0.007
0.7928012843805391 15.593 0.007
0.7948836173013888 15.601 0.006
0.7973527828158012 15.604 0.006
0.7985931428996992 15.604 0.007
0.7987979484061271 15.597 0.008
0.7991091217316125 15.598 0.006
0.8018841446127226 15.6 0.007
0.8021768327338578 15.586 0.006
0.8034146710466757 15.59 0.007
0.8035654324791267 15.609 0.008
0.8045997288629906 15.603 0.006
0.8048670572583433 15.588 0.007
0.8050006437345246 15.604 0.006
0.8050776700942152 15.595 0.007
0.805292491693217 15.607 0.006
0.8062108955354802 15.597 0.006
0.8091530373366368 15.604 0.006
0.8094304991426725 15.601 0.007
0.8100730765869685 15.605 0.007
0.8102789577054864 15.608 0.007
0.8107236446370735 15.597 0.006
0.8108490792104931 15.604 0.007
0.8111214858927497 15.588 0.006
0.8119617934918552 15.601 0.007
0.8143077907525026 15.606 0.006
0.81543596013139 15.599 0.007
0.8155118624552188 15.601 0.006
0.8175665626632395 15.59 0.006
0.8193570800225644 15.619 0.007
0.8200124299663912 15.599 0.007
0.8219185999725142 15.591 0.007
0.8228351493286482 15.602 0.006
0.8241432936391903 15.598 0.007
0.8261780340622181 15.599 0.006
0.8264683963281186 15.585 0.006
0.8273853468749849 15.585 0.006
0.8307984758488601 15.603 0.007
0.832593998625066 15.598 0.006
0.8327083432465315 15.607 0.007
0.8342051652976125 15.594 0.006
0.8350695734897272 15.594 0.008
0.8360299606391891 15.596 0.006
0.8364230817591874 15.598 0.006
0.8381312834691471 15.595 0.006
0.8387053249506607 15.603 0.008
0.8389691083613343 15.614 0.008
0.8391246410447138 15.601 0.006
0.8410335514314738 15.599 0.007
0.8416440270342719 15.596 0.007
0.841754225119098 15.59 0.006
0.8420272333528601 15.603 0.006
0.8423929549875538 15.602 0.008
0.8440336461705101 15.596 0.007
0.8448854164907061 15.607 0.006
0.8451812399854589 15.598 0.006
0.845472208717149 15.608 0.006
0.8460264356837343 15.601 0.007
0.8488057184432819 15.599 0.007
0.8495036319605106 15.613 0.006
0.8526138447783979 15.604 0.006
0.8526879370637289 15.61 0.007
0.8534306915861635 15.594 0.006
0.8541368284676537 15.598 0.007
0.8541435643857312 15.607 0.007
0.8549937761433967 15.604 0.006
0.8555803342036598 15.599 0.007
0.8557395531664952 15.612 0.006
0.8565816534941405 15.609 0.006
0.856949915148698 15.611 0.008
0.8574729382183023 15.595 0.006
0.8580125893139666 15.618 0.007
0.8612538330313783 15.598 0.006
0.8630798213029266 15.587 0.006
0.8634298163623498 15.606 0.006
0.863851053145504 15.604 0.006
0.8640771544146674 15.592 0.006
0.8640906386471215 15.6 0.007
0.8643158384652679 15.608 0.007
0.8670918139124751 15.609 0.008
0.868915881964449 15.591 0.006
0.8695153049260625 15.594 0.006
0.8722367911303991 15.599 0.007
0.8722532303768503 15.604 0.006
0.8737264849613894 15.595 0.007
0.8776979621776718 15.606 0.007
0.8786206694079738 15.6 0.007
0.8791347826414949 15.586 0.007
0.879699595324405 15.6 0.006
0.8800276748208035 15.601 0.008
0.8803857551106603 15.624 0.006
0.8813494491031634 15.599 0.007
0.8819331721587332 15.602 0.006
0.8854280218974054 15.595 0.007
0.8860051481068695 15.579 0.008
0.8863613343766247 15.59 0.006
0.8865678948308414 15.609 0.006
0.886655927629954 15.603 0.008
0.8869318019823368 15.589 0.006
0.8870367942896792 15.603 0.007
0.8872720652913358 15.586 0.006
0.8876139204991432 15.597 0.006
0.8876368921425183 15.598 0.006
0.8894603915092262 15.608 0.006
0.8895179321442811 15.606 0.006
0.8904088636312736 15.592 0.008
0.8907637979051742 15.613 0.006
0.8917736075924495 15.603 0.007
0.8918006205052734 15.608 0.008
0.8921193321306419 15.603 0.008
0.8925174466166027 15.596 0.007
0.8930661355092525 15.604 0.006
0.8947268571249879 15.604 0.006
0.8962144583284953 15.607 0.007
0.8982488588486831 15.6 0.008
0.8984245259478826 15.596 0.006
0.90068041286886 15.606 0.007
0.9014509875998101 15.608 0.007
0.9015253353365097 15.601 0.007
0.902596916646553 15.596 0.007
0.9032278860994666 15.589 0.006
0.9044846481189325 15.61 0.007
0.904612856878282 15.616 0.006
0.9054268015398975 15.603 0.006
0.9059030456053506 15.614 0.006
0.9072113000971967 15.596 0.007
0.908414686266633 15.604 0.007
0.9092314157564033 15.596 0.006
0.9105931811955884 15.608 0.006
0.9108000521915983 15.614 0.007
0.911064792613297 15.606 0.006
0.9125823017390303 15.614 0.008
0.9130514571187632 15.611 0.007
0.9148814649050451 15.608 0.006
0.9161397015053808 15.603 0.006
0.916580820758918 15.608 0.008
0.9165889610799468 15.615 0.006
0.9166147988416015 15.618 0.007
0.9167399562092783 15.607 0.006
0.9176621165092002 15.614 0.006
0.9179747648849116 15.6 0.006
0.9181440177198056 15.618 0.007
0.918540589200029 15.601 0.007
0.921954677407166 15.591 0.007
0.9221898977631554 15.586 0.008
0.9225520126550691 15.599 0.007
0.9233005087735592 15.609 0.006
0.9235191090541776 15.6 0.007
0.9246298191339065 15.609 0.007
0.9246496114250476 15.59 0.008
0.9259356309220493 15.619 0.006
0.9277897610562832 15.616 0.008
0.9287778871240789 15.613 0.006
0.9307874064244516 15.621 0.007
0.9316921358469245 15.604 0.006
0.931950773484823 15.622 0.006
0.9338012919623907 15.615 0.007
0.9346422900086054 15.607 0.006
0.9352323712993439 15.607 0.007
0.9357537229333502 15.61 0.006
0.9358761132516747 15.615 0.007
0.9359514353087889 15.6 0.007
0.9361935435205396 15.615 0.007
0.93762464063675 15.624 0.006
0.9396699480581902 15.598 0.008
0.9409093409581942 15.611 0.006
0.9416063347759064 15.631 0.007
0.9453774209933613 15.634 0.006
0.9462976059831135 15.62 0.006
0.9463937391002674 15.631 0.006
0.9478298473617542 15.615 0.008
0.9492212759143058 15.626 0.007
0.9500419014035743 15.617 0.007
0.950674980794156 15.617 0.008
0.9509114491705987 15.631 0.006
0.9522238751148052 15.603 0.007
0.9525922318629455 15.62 0.008
0.9540131782587992 15.64 0.006
0.9546542255622171 15.603 0.007
0.9578714237772147 15.614 0.007
0.9579889988659943 15.622 0.006
0.9583429912162501 15.625 0.008
0.9584771285980423 15.628 0.006
0.9589660389572942 15.645 0.007
0.9616751471854968 15.609 0.006
0.9621354789332145 15.603 0.007
0.9625455635370145 15.632 0.006
0.9627114699947242 15.632 0.006
0.9628807339415971 15.624 0.006
0.9643137112740533 15.608 0.008
0.964467874643924 15.613 0.006
0.9661522427933505 15.609 0.007
0.9662463828209639 15.611 0.007
0.966603087130261 15.611 0.007
0.967037369643117 15.634 0.006
0.9678222509897069 15.633 0.006
0.9724367797106425 15.6 0.007
0.9729011993979043 15.637 0.006
0.9729133738518613 15.608 0.006
0.9733305138057858 15.596 0.006
0.9733735336607424 15.614 0.007
0.9742651005048174 15.619 0.006
0.9748182429692861 15.621 0.007
0.9752520336427551 15.614 0.007
0.9767566605570096 15.632 0.005
0.9808227518614331 15.632 0.007
0.9822008743184597 15.632 0.006
0.9827755840235796 15.632 0.006
0.9851693612779059 15.644 0.006
0.985512814581989 15.637 0.007
0.9859211793269879 15.619 0.006
0.9877760349976598 15.622 0.006
0.9913711435740652 15.641 0.006
0.9925954243152774 15.637 0.007
0.9930807936654219 15.649 0.008
0.9931157905168903 15.641 0.006
0.9941096661317715 15.639 0.008
0.9952784899764083 15.641 0.007
0.9962215675415905 15.647 0.006
0.9971981002362554 15.627 0.007
0.997487141611964 15.609 0.007
0.9979039972230566 15.639 0.007
0.9983676802618446 15.632 0.007
