0.00010389621811557337 14.906 0.006
0.0003723951283746141 14.909 0.006
0.0008201251463560988 14.909 0.007
0.0022127022283712217 14.913 0.006
0.002701171248781997 14.909 0.006
0.005176850091197616 14.925 0.006
0.005610718081834443 14.903 0.006
0.0074424418022772665 14.91 0.006
0.009096290858815359 14.901 0.006
0.00955336774247828 14.926 0.006
0.010659955927530995 14.898 0.006
0.013502285801132552 14.919 0.006
0.014146923045609605 14.922 0.006
0.01581296226063389 14.919 0.006
0.016119689027527806 14.916 0.006
0.017004591763702614 14.91 0.006
0.01760014291849077 14.916 0.006
0.017903136956442744 14.923 0.006
0.018435760052989303 14.915 0.006
0.020591120943913688 14.93 0.006
0.02372162986298465 14.931 0.006
0.02390106493694477 14.904 0.006
0.025942973872952302 14.924 0.006
0.02663279395042084 14.913 0.006
0.02951966688672203 14.929 0.006
0.032194367313104544 14.925 0.006
0.03326171894891561 14.929 0.006
0.034963656547370214 14.929 0.006
0.04003947377682382 14.929 0.006
0.04282944292403956 14.933 0.006
0.04465020029456357 14.933 0.006
0.045173897837366916 14.93 0.006
0.04707188332192802 14.886 0.006
0.04785746920301792 14.918 0.006
0.049964069461248095 14.928 0.006
0.050148945913656484 14.929 0.006
0.0507235440827799 14.922 0.006
0.05211410154506668 14.927 0.006
0.05255195861595896 14.924 0.006
0.05311477010493493 14.929 0.006
0.053380837002714565 14.927 0.006
0.05494414763566058 14.932 0.006
0.055675174839871056 14.93 0.006
0.05890889829893242 14.937 0.006
0.05938194376496997 14.925 0.006
0.05949545479384144 14.945 0.006
0.06037259894051206 14.941 0.006
0.06094457227518435 14.937 0.006
0.06313967239045726 14.96 0.007
0.06599060459020623 14.935 0.006
0.06729877343504997 14.916 0.006
0.06834556553135374 14.914 0.006
0.06967339444715892 14.929 0.006
0.07127442580203935 14.928 0.006
0.07200547975483007 14.926 0.006
0.07342836560283106 14.939 0.006
0.07625092394655442 14.923 0.006
0.07691997828808328 14.934 0.006
0.07818227437510361 14.952 0.006
0.08011860808985605 14.929 0.006
0.08030495467451149 14.918 0.006
0.08058011877178617 14.942 0.006
0.08501891690891628 14.947 0.006
0.08611204988724241 14.934 0.006
0.09288369124592466 14.938 0.006
0.09377584989649679 14.939 0.006
0.09517227004939743 14.945 0.006
0.09983451689950018 14.937 0.006
0.10043234625472908 14.949 0.006
0.1009358297796098 14.947 0.006
0.1019181746479717 14.952 0.006
0.10259407362402728 14.95 0.006
0.10339858172633287 14.937 0.006
0.10369935217797777 14.94 0.006
0.10429962134812742 14.943 0.006
0.10916752599055146 14.961 0.007
0.11229031310031135 14.943 0.006
0.11380266180312903 14.943 0.006
0.11481834263727253 14.959 0.006
0.11987723943152562 14.952 0.006
0.12079577015256293 14.938 0.007
0.12171390965741014 14.949 0.006
0.12230147373215916 14.957 0.006
0.12422384176297785 14.952 0.006
0.1262667482473262 14.959 0.006
0.1281009240441563 14.95 0.006
0.1281974655954855 14.895 0.006
0.12837432041762897 14.938 0.006
0.1309644476504218 14.946 0.006
0.1315713619432245 14.923 0.006
0.13429149709863852 14.955 0.006
0.13475019346642514 14.947 0.006
0.13625927756449985 14.95 0.006
0.13785195179982568 14.964 0.006
0.13802599453767928 14.937 0.006
0.138237674404445 14.95 0.006
0.1389639323210986 14.942 0.006
0.14170472955552216 14.949 0.006
0.1445541626445902 14.949 0.006
0.14656990347671128 14.962 0.006
0.14849472915605022 14.961 0.006
0.1496993167629853 14.967 0.006
0.1509311090323081 14.959 0.006
0.15118004149658193 14.957 0.006
0.15144566033372941 14.957 0.006
0.15157492148707663 14.96 0.006
0.15266800988288198 14.962 0.006
0.15276296315826132 14.949 0.006
0.15858638250645074 14.942 0.006
0.15914299470298376 14.966 0.006
0.16104710368883846 14.949 0.006
0.16412158825837653 14.965 0.007
0.16517623256938807 14.962 0.006
0.16609537185208867 14.966 0.006
0.166540147118576 14.966 0.006
0.16726119994896183 14.981 0.006
0.16773282544218093 14.959 0.006
0.16900354440772392 14.949 0.006
0.16914259268517073 14.954 0.006
0.17030381199551814 14.958 0.006
0.17045297731410758 14.949 0.006
0.17061542619378545 14.956 0.006
0.17080707148979857 14.966 0.006
0.17255135085806617 14.958 0.006
0.17463183205463795 14.94 0.007
0.17645046726570401 14.96 0.006
0.17702134496780675 14.961 0.006
0.17722608657495587 14.97 0.006
0.17788331745614416 14.97 0.006
0.1799143235713473 14.972 0.006
0.18038907100187773 14.953 0.006
0.18075350401911694 14.984 0.006
0.18140647274722144 14.973 0.006
0.182089849438421 14.969 0.006
0.18233184587293183 14.954 0.006
0.1830950320471857 14.972 0.006
0.1831838439872172 14.961 0.006
0.185065387192617 14.968 0.006
0.18516538840062824 14.975 0.006
0.18573132182668817 14.988 0.007
0.1877338704929571 14.969 0.006
0.1883727487039778 14.964 0.006
0.18969659634174152 14.969 0.006
0.19129416803993993 14.971 0.006
0.19169399676584364 14.956 0.006
0.193408676239892 14.975 0.006
0.19358206249094112 14.975 0.006
0.1948641512844006 14.976 0.006
0.19490095582104916 14.988 0.006
0.19676449299040544 14.968 0.006
0.1971502334291927 14.963 0.006
0.19856822738611302 14.974 0.006
0.20029346415972216 14.971 0.006
0.20299522658151548 14.981 0.006
0.2043870100818822 14.98 0.006
0.20489693699291822 14.96 0.006
0.204903227680029 14.978 0.006
0.2052299031949133 14.973 0.006
0.20876028319244133 14.991 0.006
0.2104145357269771 14.98 0.006
0.21125085504822882 14.975 0.006
0.2113366197292179 14.978 0.006
0.21398901295642636 14.994 0.006
0.21909315722964484 14.977 0.006
0.22025881814047343 14.983 0.006
0.22152676960436102 14.975 0.006
0.22257507641566 14.99 0.006
0.22573721933590596 14.987 0.007
0.22637541542385398 14.982 0.006
0.2284660281486821 14.989 0.006
0.2300268889349808 14.978 0.006
0.2301769994170626 14.985 0.006
0.23039310862238827 14.969 0.006
0.23308336523850803 14.983 0.006
0.2332593707518753 14.994 0.006
0.23514484842305583 14.959 0.007
0.23615146326633285 14.97 0.006
0.23965235817072417 14.979 0.006
0.2412837428737702 14.998 0.006
0.2418074482189012 14.995 0.006
0.241895111029089 14.978 0.006
0.2432305112849007 14.973 0.006
0.2444878898449132 14.978 0.006
0.24550701027171717 14.985 0.006
0.24772161330420195 14.988 0.006
0.2497122549165396 14.979 0.006
0.250724702354455 14.989 0.006
0.2516297700667791 14.967 0.006
0.2543737806335229 14.994 0.006
0.2562921673863001 14.989 0.006
0.25721296850590525 14.991 0.006
0.257444532474119 14.991 0.006
0.2599034045696498 14.992 0.006
0.26335784825064357 14.994 0.006
0.26481958500394276 14.992 0.006
0.267293574143332 14.981 0.006
0.2693325907445341 14.973 0.006
0.27007016387474314 14.994 0.006
0.27036074372429075 14.98 0.006
0.2728237743157478 14.983 0.006
0.2731847131259655 14.994 0.006
0.27453878370672546 15.005 0.006
0.27499957325530877 14.995 0.006
0.27809032288600966 14.987 0.006
0.2835702833789582 15.012 0.006
0.28413294439862957 15.002 0.006
0.28461975158179476 14.998 0.006
0.28515701133064786 14.996 0.007
0.28734543845725957 14.991 0.006
0.28833096990947515 14.979 0.006
0.2887538982990008 14.986 0.006
0.2900969289688873 15.011 0.006
0.292888533204541 14.994 0.006
0.2939809740280679 14.995 0.006
0.29865947702469375 15.007 0.006
0.2999283268396993 15.008 0.006
0.3009058656400838 14.995 0.006
0.3037969583763469 14.991 0.006
0.3043561954075584 14.988 0.006
0.3074586581573384 15.008 0.006
0.3095392106852386 15.02 0.006
0.3095967263433521 14.996 0.006
0.31133540271925986 15.005 0.006
0.3128990109437608 14.987 0.006
0.31368257832209556 15.01 0.007
0.3181952953861127 14.999 0.006
0.321219237107607 15.009 0.006
0.3213252503578814 14.997 0.006
0.32230090106102116 15.015 0.006
0.3224332596329531 15.008 0.006
0.3233399546315012 15.007 0.006
0.32507210848816603 14.999 0.006
0.32568503482345923 14.988 0.006
0.3260966502295104 14.99 0.006
0.32753282967055375 15.019 0.006
0.3317509187305858 15.004 0.006
0.33366201055835054 15.012 0.006
0.33375412277100613 14.998 0.006
0.3364000770713118 15.011 0.006
0.3367087933626407 15.003 0.006
0.3388206276856862 14.993 0.006
0.34404851594288166 15.02 0.006
0.3441102525134965 15.0 0.006
0.344354558357304 15.009 0.006
0.34491659409834474 14.994 0.006
0.3456691505243952 14.998 0.006
0.3457518768610952 15.011 0.006
0.3467934716731178 14.972 0.007
0.34733408965134904 15.008 0.006
0.34734618618463164 15.013 0.006
0.34843737422161203 14.999 0.006
0.3501038737586213 15.024 0.006
0.35262387386321725 14.992 0.006
0.3539827605440222 15.015 0.006
0.35518953495661654 15.013 0.006
0.3573095313471639 15.006 0.006
0.3586685361717854 15.012 0.006
0.3624820573142187 15.009 0.006
0.36509970463466734 15.003 0.006
0.3655682817515298 15.005 0.006
0.36873151807449167 15.016 0.006
0.3701162228784596 15.022 0.006
0.3751106780169038 15.022 0.007
0.3783906130653576 15.001 0.006
0.38031946906485237 15.0 0.006
0.3813058620876517 15.011 0.006
0.38176148110076147 15.011 0.007
0.38206748673442226 15.014 0.006
0.3823475037121624 15.003 0.007
0.3849791167166585 15.014 0.006
0.38502875675399073 15.025 0.006
0.3896056424009884 15.018 0.006
0.39082260741579367 15.017 0.006
0.39295323132469084 15.02 0.007
0.39328360167078236 14.992 0.006
0.39379487276348746 15.028 0.006
0.3960844591471413 15.032 0.006
0.39661875634228627 15.005 0.006
0.39734541996690487 15.003 0.006
0.39848142413918586 14.994 0.007
0.3993870825792327 15.01 0.006
0.3999999999999999 15.035 0.006
0.4003474579674502 15.011 0.006
0.40412314358675294 15.013 0.006
0.404843196639058 15.015 0.006
0.40560485249411604 15.014 0.006
0.40745738653290564 15.01 0.006
0.40928608194089966 15.016 0.006
0.4101086027642622 15.025 0.007
0.41080033880452893 15.022 0.007
0.41295576545464874 15.003 0.006
0.4135502310083665 15.022 0.006
0.41584205992492107 15.009 0.006
0.41644843699205003 15.002 0.006
0.4167848895991937 15.001 0.006
0.4229059674934432 15.002 0.006
0.42480415025956964 15.017 0.006
0.42574829513719115 15.013 0.006
0.4260599115654258 15.004 0.006
0.4261093075084772 15.005 0.006
0.4298134125886235 15.014 0.006
0.43507125517614886 14.981 0.006
0.4360905550505776 15.006 0.006
0.4371159316136981 14.973 0.006
0.4412434309780564 15.019 0.006
0.4425596482017453 14.994 0.006
0.44342955092533876 15.021 0.006
0.44407351384929816 15.017 0.006
0.44436403908425737 15.002 0.006
0.44487241226991037 15.01 0.006
0.44561898563190416 15.004 0.006
0.4470300457893699 15.024 0.006
0.44888066163550766 15.018 0.006
0.45039724016978644 15.012 0.006
0.45506729242233623 15.013 0.006
0.45903578249956345 15.012 0.007
0.46138975369435675 15.007 0.006
0.4626012305185667 15.002 0.006
0.4635582030946579 15.001 0.006
0.4639127943732091 15.015 0.006
0.46472087247357186 15.009 0.006
0.46785925032374953 15.013 0.006
0.4692016356512112 15.007 0.006
0.47114141899035067 15.017 0.007
0.4713587720679242 15.009 0.006
0.4737647216877803 15.022 0.007
0.4749035524356713 15.005 0.006
0.4761643884223985 15.009 0.007
0.4767990903034387 15.013 0.006
0.4781579647225498 15.015 0.006
0.47859423128763856 14.99 0.006
0.48288408033445185 15.016 0.006
0.4832724478373165 15.008 0.006
0.48525374815644673 15.0 0.006
0.4897890978767463 15.013 0.006
0.4926893870096136 15.017 0.006
0.4937243656769623 15.007 0.006
0.4953081645134261 15.021 0.006
0.49634344300229705 15.011 0.006
0.4973120228109109 15.034 0.007
0.49795575613225074 15.01 0.006
0.4986719482800708 14.984 0.006
0.500678769130809 15.009 0.006
0.5033217887438695 15.005 0.006
0.5047124766115529 15.011 0.007
0.5062226117597901 15.03 0.006
0.5062598821912387 15.021 0.006
0.5072472103455765 15.0 0.006
0.5082016595141794 15.021 0.006
0.5116828397329072 15.011 0.006
0.5124403816747871 14.986 0.006
0.5133235088851733 15.015 0.006
0.5136313758674986 15.015 0.006
0.5153057153574081 14.999 0.006
0.5162254821483656 15.012 0.006
0.5170508640982461 14.979 0.006
0.5180755563090087 15.002 0.006
0.5211316882086066 15.009 0.007
0.5229671714067989 14.996 0.007
0.5234925018081866 15.006 0.006
0.523704937358866 15.0 0.006
0.5260384259225019 14.981 0.006
0.5280064995248721 15.003 0.006
0.5286467809918576 15.001 0.006
0.5322500255237173 15.007 0.006
0.5327492000830261 15.018 0.006
0.5329407885347108 14.998 0.006
0.5360339590335115 14.995 0.006
0.5378665320627305 14.995 0.006
0.5404867105928814 15.009 0.006
0.5406395885766186 15.007 0.006
0.5417214966240862 15.001 0.006
0.5451589808592643 15.002 0.006
0.546669396882089 15.006 0.006
0.5498511630929896 14.99 0.006
0.5503416807113353 14.994 0.006
0.5516889980529185 15.011 0.006
0.5520597629975099 14.999 0.007
0.5531911505811649 14.99 0.006
0.5539499631437592 14.997 0.006
0.5542611192494404 14.985 0.007
0.5545582439123335 14.986 0.006
0.556543572321766 15.006 0.006
0.5626612474041166 14.988 0.006
0.5657052827704319 14.99 0.006
0.5670117106401675 14.992 0.006
0.5677711016686771 14.994 0.006
0.569402714861917 14.991 0.006
0.5706233880822764 14.995 0.006
0.5750698043717875 14.981 0.006
0.5753406895995794 15.003 0.006
0.5762754853817795 15.003 0.006
0.5791961267402939 15.001 0.006
0.5808248576305686 15.009 0.006
0.5827069146555686 14.992 0.007
0.5827466371632908 15.009 0.006
0.5837998158016489 14.984 0.007
0.5843272315819603 14.99 0.006
0.585507532497354 14.987 0.006
0.5858873712352533 14.995 0.006
0.586652268288526 15.021 0.006
0.5897279097903492 15.001 0.006
0.5934590891273728 14.997 0.006
0.5946349205766182 14.984 0.006
0.5970244357194132 14.976 0.006
0.5987067678612674 14.985 0.006
0.6037554740533095 14.984 0.006
0.6038641712119897 14.982 0.006
0.6051566044194714 14.995 0.006
0.6057455639483122 14.999 0.006
0.6075932005241157 14.974 0.006
0.6106941463292742 14.982 0.006
0.6112237778939061 14.989 0.006
0.6115231673833478 14.988 0.006
0.6123326933219687 14.983 0.006
0.6132179995362549 14.974 0.006
0.6144005608187172 14.977 0.006
0.6180993304068579 14.99 0.006
0.6182536172190339 14.969 0.006
0.6182828136351418 14.985 0.006
0.6198294156014527 14.969 0.006
0.6200226982156437 14.972 0.006
0.6200417408105295 14.989 0.006
0.6220261262862096 14.988 0.006
0.6240390550343818 14.98 0.007
0.6257886899583355 14.98 0.006
0.627726835979297 14.971 0.006
0.6288196145218535 14.975 0.006
0.6315787153836482 14.973 0.006
0.6315820145390717 14.982 0.006
0.6352429307702551 14.972 0.006
0.6354974350184875 14.975 0.006
0.6400142938615773 14.975 0.006
0.6424575997356442 14.963 0.006
0.6443387193991384 14.975 0.006
0.6478787873237707 14.947 0.006
0.6504373229081694 14.97 0.006
0.652419344360419 14.96 0.006
0.6546249159527179 14.965 0.006
0.6550002216948997 14.974 0.006
0.6573519325228517 14.971 0.006
0.6574539054209027 14.966 0.006
0.6583152994429838 14.973 0.006
0.6673897093193318 14.971 0.006
0.6706713184663841 14.968 0.006
0.6727838794949094 14.96 0.006
0.6737724883020292 14.951 0.006
0.6739872901061063 14.96 0.006
0.6754991907481781 14.959 0.006
0.6757315951105284 14.953 0.006
0.6799985506899248 14.966 0.006
0.6809250194484321 14.97 0.007
0.6819295466829317 14.947 0.006
0.6821969154099407 14.952 0.006
0.6837779099638738 14.966 0.006
0.6847916960115527 14.954 0.007
0.6850349240567312 14.953 0.006
0.686097375999475 14.964 0.006
0.6886377773720597 14.957 0.006
0.6888573729826476 14.946 0.006
0.6895387233689917 14.962 0.006
0.6897268822600836 14.945 0.006
0.6921573704672938 14.969 0.006
0.6930608866843159 14.946 0.006
0.6935257533657705 14.954 0.006
0.6940323588277352 14.949 0.006
0.694302054797754 14.943 0.006
0.6955621172667407 14.938 0.007
0.6968231973475213 14.956 0.006
0.6992875007896601 14.948 0.006
0.7049984635013061 14.971 0.006
0.7107438812176042 14.94 0.006
0.7113329031630201 14.96 0.006
0.7130938588726622 14.948 0.006
0.7176283024399709 14.946 0.006
0.7197683334014983 14.949 0.006
0.7204987698778723 14.941 0.006
0.7218445502152463 14.945 0.006
0.7219716033866007 14.945 0.006
0.7221675788240646 14.903 0.006
0.7226200758997493 14.938 0.006
0.7247212615281114 14.941 0.006
0.7255867694635981 14.946 0.006
0.7259201101652707 14.947 0.006
0.7292202079599065 14.937 0.006
0.7322279336625798 14.949 0.006
0.7341790745678282 14.923 0.006
0.7374073120658068 14.934 0.006
0.7392978298672915 14.946 0.007
0.7401682720464123 14.94 0.006
0.7402741916718242 14.938 0.006
0.7405559005823307 14.94 0.006
0.7409605699266649 14.936 0.006
0.7425438582860352 14.935 0.006
0.7429007935244499 14.94 0.007
0.742998167667929 14.932 0.006
0.7465747692864625 14.943 0.006
0.7467880719799723 14.948 0.006
0.7481872886128486 14.94 0.006
0.7486334381568668 14.939 0.006
0.7501196410493322 14.939 0.006
0.7505808318462869 14.93 0.006
0.7579392815959182 14.926 0.006
0.7591231502795154 14.94 0.006
0.7616654130007646 14.923 0.006
0.7618878229252687 14.925 0.006
0.7620515078748668 14.935 0.006
0.7623449388192057 14.939 0.006
0.7625544029014236 14.932 0.006
0.7642583400560398 14.932 0.006
0.766396967761375 14.926 0.006
0.7696118648540505 14.922 0.006
0.7709803982216045 14.93 0.006
0.775628079745411 14.92 0.006
0.7759911206511788 14.923 0.006
0.7785114506727041 14.931 0.006
0.781417040746328 14.927 0.006
0.7834377258541508 14.918 0.007
0.7871948659815416 14.929 0.006
0.7881385728304849 14.931 0.006
0.7887618402374074 14.93 0.006
0.7890482147785406 14.925 0.006
0.7921107655411334 14.916 0.006
0.7962589860586832 14.905 0.006
0.7962688746098593 14.913 0.006
0.797507949542387 14.913 0.006
0.7975161561925234 14.921 0.006
0.7981180715956043 14.905 0.006
0.798209959777887 14.914 0.006
0.7998245823170237 14.919 0.006
0.799850046004417 14.909 0.006
0.8005840279601216 14.916 0.006
0.8028151145118955 14.912 0.006
0.8034589760087784 14.925 0.006
0.8035929863857746 14.906 0.007
0.8045793348259395 14.911 0.006
0.806668429493152 14.925 0.006
0.8071796660350629 14.903 0.006
0.8081684598620541 14.913 0.006
0.8083478949361279 14.909 0.006
0.8136929868237758 14.913 0.006
0.8145012622059312 14.913 0.006
0.8162258346905219 14.912 0.006
0.8170726990496405 14.918 0.006
0.8177690048660452 14.907 0.006
0.817916805938944 14.905 0.006
0.8180170802192152 14.911 0.006
0.8191778314052499 14.907 0.006
0.8192520858211992 14.908 0.006
0.8203001507681847 14.921 0.006
0.8218396027063136 14.897 0.006
0.8228096426153343 14.918 0.006
0.8231974138181158 14.911 0.006
0.8251248665616459 14.905 0.007
0.8272981565807186 14.915 0.006
0.8283586557800163 14.882 0.006
0.8309558940302623 14.909 0.006
0.8310638700558229 14.901 0.006
0.8349765620438575 14.91 0.006
0.8367709941564044 14.9 0.006
0.8369303010350905 14.907 0.006
0.8370297527552794 14.915 0.006
0.8376635072430872 14.912 0.006
0.8380953712180826 14.915 0.006
0.8382086403827543 14.915 0.006
0.8387651021103238 14.903 0.006
0.8407959120612759 14.904 0.006
0.8431290283553153 14.907 0.006
0.844921143256579 14.895 0.006
0.8497941593607493 14.915 0.006
0.851395808191819 14.914 0.006
0.8526204404012333 14.903 0.006
0.8537272136062711 14.872 0.006
0.8572534518248404 14.897 0.006
0.8600287809672637 14.914 0.006
0.8637253715518455 14.904 0.006
0.8654632075340715 14.891 0.006
0.8679174875600438 14.901 0.006
0.8688481839204997 14.896 0.006
0.8690719948711149 14.9 0.006
0.8699514116463206 14.888 0.006
0.873160288894519 14.899 0.006
0.8749997734343197 14.889 0.006
0.8766784241194273 14.89 0.006
0.8806946772812353 14.919 0.006
0.8809936164799638 14.906 0.006
0.8850058203749086 14.923 0.006
0.8885080271403695 14.9 0.006
0.8888108617947182 14.917 0.006
0.8905523368806826 14.883 0.006
0.8918148369343953 14.907 0.006
0.8925223531947722 14.916 0.006
0.8930206684134646 14.904 0.006
0.8934449042044662 14.894 0.006
0.8955242061752188 14.898 0.006
0.8963662299155658 14.894 0.006
0.8989882330137334 14.906 0.006
0.8996202587881271 14.895 0.006
0.9012298902393013 14.898 0.006
0.9015923426469726 14.899 0.006
0.902542087174561 14.913 0.006
0.90279001205854 14.896 0.006
0.9039624117172252 14.912 0.006
0.904925648231847 14.882 0.006
0.9069654071428431 14.908 0.006
0.9074324015558887 14.899 0.007
0.909265174096754 14.894 0.006
0.9094624926034612 14.907 0.006
0.9103213721326938 14.891 0.006
0.9130281178403493 14.908 0.006
0.9151101248961823 14.879 0.007
0.9161080237245415 14.887 0.006
0.9206188504614602 14.908 0.006
0.9209700467300991 14.882 0.006
0.9215896950966226 14.915 0.007
0.9218582508513237 14.905 0.006
0.9219065188409786 14.887 0.006
0.9276765565081405 14.904 0.006
0.928213668017429 14.861 0.006
0.9299866099187512 14.904 0.006
0.9320619205797357 14.897 0.006
0.932520343874694 14.898 0.006
0.9333459130744132 14.906 0.006
0.9338195381236801 14.902 0.006
0.936004385220167 14.913 0.006
0.9362084079240504 14.891 0.006
0.9375057330224991 14.892 0.006
0.9389886244979607 14.91 0.006
0.9399998927101706 14.897 0.006
0.9405097259961167 14.906 0.006
0.9409229686883919 14.906 0.006
0.9437807856457084 14.917 0.006
0.9461666761759716 14.911 0.006
0.9479504785405425 14.904 0.006
0.9516295679940413 14.92 0.006
0.9530748424046124 14.907 0.006
0.9538033183354401 14.892 0.006
0.9563101853479111 14.898 0.006
0.9564854496643648 14.899 0.006
0.9578133722051462 14.902 0.006
0.958742926120317 14.905 0.006
0.9603465176631062 14.9 0.006
0.9606643958000177 14.899 0.006
0.9611106880112402 14.876 0.006
0.9670170922768421 14.917 0.006
0.9670531779102248 14.919 0.006
0.9675177715191922 14.918 0.006
0.9675191747752706 14.907 0.006
0.9678504222960328 14.918 0.006
0.9690666093333903 14.899 0.006
0.9692059039349715 14.921 0.006
0.9696783787367395 14.914 0.006
0.9721201877299791 14.896 0.006
0.9722491613237253 14.899 0.006
0.9730414123916035 14.912 0.006
0.9740175011234214 14.905 0.006
0.9741743904809482 14.893 0.006
0.9765381097896807 14.919 0.006
0.9766994106519405 14.906 0.006
0.9802928290491991 14.898 0.006
0.9815329037598076 14.931 0.007
0.9834835408772961 14.91 0.006
0.9868063203706697 14.925 0.006
0.9874439000951952 14.903 0.006
0.9899433807879859 14.923 0.006
0.9928700910332054 14.918 0.006
0.9929917150876918 14.919 0.006
0.9950098199434706 14.921 0.006
0.9976084614499087 14.942 0.006
0.9982159296900136 14.918 0.006
0.9993302196204695 14.909 0.006
