0.0006951777777430834 15.325 0.006
0.0014069210944853694 15.384 0.006
0.0019617256880337663 15.43 0.006
0.0022656038337345308 15.426 0.006
0.0032924592310337175 15.355 0.006
0.0035945340105172363 15.409 0.006
0.003994768812276561 15.362 0.006
0.005237916974010659 15.429 0.006
0.006237474629870121 15.373 0.006
0.010278785316359063 15.34 0.006
0.01124430087327255 15.416 0.006
0.011445316216850188 15.407 0.006
0.011527481152370456 15.405 0.006
0.011855206148084108 15.391 0.006
0.01220108957636512 15.416 0.006
0.013807365984860098 15.453 0.006
0.014313580655652913 15.393 0.006
0.01600766383944574 15.379 0.006
0.017281135237681156 15.423 0.006
0.017291755882638427 15.372 0.006
0.017947953872862854 15.393 0.007
0.018187051060976955 15.452 0.006
0.018521892762237258 15.379 0.006
0.020287786487642734 15.35 0.006
0.020730949387143482 15.452 0.006
0.020893088882985467 15.397 0.006
0.02149945368933004 15.353 0.006
0.021696697695688272 15.424 0.006
0.02224505940216659 15.408 0.006
0.023245231358487217 15.408 0.006
0.024731689112968525 15.379 0.006
0.025974261934607057 15.448 0.006
0.026324814069766944 15.443 0.006
0.026541277336491476 15.37 0.006
0.02681203461406767 15.443 0.007
0.026815644650014292 15.449 0.006
0.028153816928579545 15.408 0.006
0.028801213884889876 15.398 0.006
0.029405763393924644 15.438 0.006
0.030351242972074033 15.335 0.006
0.03234706754756189 15.453 0.007
0.03297791406248507 15.421 0.006
0.03457417492518289 15.45 0.006
0.03464161880492611 15.381 0.006
0.03525233028767616 15.415 0.006
0.03653802600888412 15.441 0.006
0.03669569921680704 15.381 0.006
0.03887782455058186 15.468 0.007
0.04129598147051183 15.34 0.006
0.04138771326711321 15.451 0.006
0.04157942368692602 15.388 0.006
0.04205846454124185 15.431 0.006
0.042099885283732874 15.374 0.006
0.04455438020067959 15.39 0.006
0.04571101027909208 15.432 0.006
0.045857259637614334 15.428 0.006
0.04637537875851194 15.414 0.006
0.04707799685502323 15.45 0.006
0.047123153714721866 15.381 0.006
0.047705785385005584 15.415 0.006
0.04980740682310625 15.383 0.006
0.05050796119928691 15.456 0.006
0.05079775156400501 15.36 0.006
0.05104104764222939 15.436 0.006
0.05593598649869591 15.451 0.007
0.056716007231443655 15.456 0.007
0.057247252358365586 15.458 0.006
0.05848159301558553 15.47 0.006
0.06060696383462982 15.412 0.006
0.06069318749064223 15.372 0.006
0.061141306479896684 15.376 0.006
0.061911700259315694 15.358 0.006
0.06349788764077857 15.356 0.006
0.06459033855730922 15.435 0.007
0.06498990011368733 15.376 0.006
0.06618139979423177 15.462 0.006
0.06704842568194636 15.478 0.006
0.06724548351439807 15.389 0.006
0.0676206569542046 15.42 0.006
0.06896986937613292 15.42 0.006
0.07185712089722074 15.473 0.006
0.07317692039327994 15.473 0.006
0.07566380284032448 15.428 0.006
0.07645349164408799 15.473 0.006
0.07717219740897008 15.39 0.006
0.07779392574730082 15.448 0.006
0.0781870238583906 15.476 0.006
0.07885619416992995 15.377 0.006
0.07927502961865684 15.429 0.006
0.07993099270061066 15.425 0.006
0.08013721471388635 15.375 0.006
0.08236845010469551 15.368 0.006
0.08323856158040144 15.399 0.006
0.08626397909210937 15.385 0.006
0.08927669110744318 15.461 0.006
0.0903072458186216 15.417 0.006
0.09173616755992953 15.441 0.006
0.09195980978074658 15.432 0.006
0.09245681096331282 15.464 0.006
0.09314160185726905 15.424 0.006
0.09320645483808221 15.413 0.006
0.09381650601744695 15.465 0.006
0.09395848446274613 15.437 0.006
0.09396496630984075 15.474 0.006
0.0960020297675328 15.45 0.006
0.09767787113776194 15.415 0.006
0.09949569857030838 15.435 0.006
0.09996488733713704 15.43 0.006
0.10019537886591934 15.413 0.006
0.10256995284453296 15.463 0.007
0.1040091087950259 15.452 0.006
0.10660876737051694 15.444 0.007
0.10693362759911906 15.478 0.007
0.10752109359100359 15.481 0.006
0.10760054744372383 15.39 0.007
0.10875660218255234 15.469 0.006
0.10887161469054263 15.483 0.006
0.10900936664324945 15.385 0.006
0.10928667937514547 15.439 0.006
0.10934765276488179 15.379 0.006
0.1110467959779271 15.38 0.006
0.11416028004578038 15.478 0.006
0.11423715708747295 15.454 0.006
0.1147071208822581 15.469 0.006
0.11618931045381942 15.434 0.006
0.11652458732532978 15.424 0.006
0.11685124229234134 15.431 0.006
0.12035309782896775 15.478 0.006
0.1208174798764503 15.394 0.006
0.12123773067196453 15.409 0.006
0.12440955827082689 15.492 0.006
0.12825749807097964 15.494 0.006
0.12903745166795488 15.444 0.006
0.13024840063008014 15.394 0.006
0.13077628040355194 15.481 0.006
0.13080800001193893 15.484 0.006
0.13113350702997195 15.421 0.006
0.131685414939966 15.414 0.006
0.13206885360773413 15.504 0.006
0.1324185083735756 15.407 0.007
0.13403644842674112 15.507 0.006
0.13438783352512473 15.385 0.006
0.13513990915407703 15.462 0.006
0.13766245577971858 15.409 0.006
0.13809026276430814 15.385 0.006
0.13931715491207797 15.468 0.006
0.13947711266018814 15.492 0.006
0.13951250944091953 15.406 0.006
0.14128937890382076 15.377 0.006
0.14194119557032536 15.5 0.006
0.14195123009176314 15.438 0.006
0.1436767384566906 15.412 0.006
0.1441808753195346 15.367 0.006
0.14462420599113557 15.39 0.006
0.14545012885253072 15.491 0.006
0.14573091145075523 15.375 0.006
0.14659104849715732 15.371 0.006
0.1466863654577537 15.491 0.007
0.14688658622458206 15.404 0.006
0.1500439141609604 15.365 0.006
0.15290505485063477 15.475 0.006
0.15461735655890152 15.441 0.006
0.15520493454482676 15.402 0.006
0.15528208602859195 15.43 0.006
0.15531349769548797 15.482 0.006
0.1554315400123869 15.413 0.006
0.15707573811096154 15.509 0.006
0.16127061080896965 15.433 0.007
0.16172149982730843 15.482 0.006
0.16549889175877297 15.438 0.007
0.16578141116025336 15.478 0.007
0.16617240601749472 15.433 0.006
0.16662137205821637 15.386 0.006
0.16680138476021966 15.477 0.006
0.16684466680362675 15.493 0.006
0.16706320730531843 15.502 0.007
0.16732190587572404 15.481 0.006
0.16836120641619345 15.487 0.006
0.16858111626038408 15.507 0.006
0.16910314200106313 15.436 0.006
0.17017781876359095 15.425 0.006
0.17039861030525572 15.477 0.006
0.1712746369157685 15.46 0.006
0.17211961126554343 15.406 0.006
0.17356977055624156 15.439 0.006
0.1748646656778874 15.489 0.006
0.17616538392599068 15.418 0.006
0.17791043199781598 15.451 0.006
0.17821541754892678 15.447 0.006
0.17865970999559977 15.51 0.006
0.17872971717088149 15.458 0.006
0.18068414803389032 15.434 0.006
0.18233746430883002 15.413 0.006
0.18252188320684581 15.458 0.007
0.1825739316382169 15.476 0.006
0.1835582870635335 15.433 0.006
0.1841096997115983 15.424 0.006
0.18434663412745067 15.456 0.006
0.1851867351947476 15.452 0.006
0.18609815915897343 15.499 0.007
0.18693155755931912 15.407 0.006
0.18706821403753793 15.428 0.006
0.18889702367840755 15.439 0.006
0.18949182015239785 15.429 0.007
0.1895750388716806 15.484 0.006
0.19004619661996003 15.412 0.006
0.191011371745617 15.502 0.006
0.1921763400855525 15.41 0.006
0.19373619638804485 15.494 0.006
0.19412470859992936 15.505 0.006
0.1965551965117811 15.5 0.006
0.19720016329779355 15.399 0.006
0.19726430997002353 15.411 0.006
0.19819141029483944 15.4 0.006
0.1982170393792444 15.416 0.006
0.19839586948592114 15.491 0.006
0.1984223759541237 15.508 0.007
0.19859872284223457 15.4 0.006
0.19989270219275568 15.392 0.006
0.2000996673177724 15.466 0.006
0.20084879810201528 15.43 0.006
0.2017994313014242 15.468 0.006
0.20241116465194864 15.393 0.006
0.20318191884825865 15.439 0.006
0.20564918639865937 15.396 0.006
0.20706671189350345 15.423 0.006
0.2070773006221316 15.436 0.006
0.20730165562247294 15.491 0.008
0.20804332926979896 15.515 0.006
0.20863104799855137 15.473 0.006
0.2108151152847313 15.378 0.006
0.2113877719527295 15.433 0.006
0.21155724408731658 15.407 0.006
0.21194401245179506 15.44 0.006
0.2129257444892687 15.417 0.006
0.21301092571928848 15.428 0.006
0.21575965241663653 15.495 0.006
0.2210617842092688 15.519 0.006
0.22334148832851497 15.396 0.006
0.22380557537530876 15.461 0.006
0.2246988268188943 15.452 0.006
0.22511958581799263 15.513 0.006
0.22539606342934349 15.431 0.006
0.22615209009882165 15.399 0.006
0.2265241920392782 15.411 0.006
0.22919744942464604 15.445 0.006
0.22926894498050387 15.494 0.006
0.2294579308027096 15.462 0.006
0.23049193697897863 15.395 0.006
0.2306044938706009 15.493 0.006
0.23136069319934904 15.442 0.006
0.23443638280559753 15.494 0.007
0.2358921352016523 15.41 0.006
0.23670932416530377 15.501 0.006
0.23703054675524982 15.416 0.006
0.2398279624276256 15.444 0.006
0.2411118747677392 15.397 0.006
0.24401807441108758 15.517 0.006
0.24526850647708898 15.485 0.006
0.24750480836820543 15.417 0.006
0.24849449769180865 15.516 0.007
0.2500588013074321 15.446 0.006
0.2504066478200002 15.515 0.006
0.25042592228555804 15.408 0.006
0.2504886189641411 15.517 0.006
0.25070730020843257 15.515 0.006
0.2544752654483773 15.52 0.006
0.2547584457274752 15.403 0.006
0.25617866059974403 15.42 0.006
0.2567811144726875 15.514 0.006
0.2569190596429962 15.459 0.006
0.25841425618273206 15.516 0.006
0.25851411950839065 15.437 0.006
0.2587047203658699 15.514 0.006
0.2587437440006397 15.449 0.007
0.25953491414065866 15.436 0.006
0.25958967308179126 15.507 0.006
0.26069548275535226 15.46 0.006
0.26105690941858484 15.4 0.006
0.2618399621178469 15.433 0.006
0.2622046529254476 15.485 0.006
0.2634005063268887 15.401 0.006
0.26344541749404016 15.407 0.007
0.26416445017594015 15.471 0.006
0.2654273214875502 15.506 0.006
0.26551370587185374 15.511 0.006
0.26638643369096826 15.495 0.006
0.26733213408988377 15.513 0.006
0.2682125739396497 15.405 0.007
0.2682438843971795 15.513 0.006
0.26994695263192625 15.509 0.006
0.27100550276554713 15.505 0.007
0.2710134269889295 15.506 0.006
0.27120605044945023 15.392 0.006
0.27123326322634966 15.423 0.006
0.27334775146277934 15.467 0.006
0.27395626552720387 15.487 0.006
0.27518636718713196 15.486 0.006
0.27672065392425793 15.408 0.008
0.27690553990851186 15.442 0.006
0.27795763306755816 15.447 0.006
0.278476859020202 15.52 0.006
0.2794914916785274 15.473 0.006
0.2832122888132744 15.419 0.007
0.28355476246770195 15.421 0.006
0.2846097393689888 15.443 0.006
0.2854046348420525 15.415 0.006
0.2881320108494947 15.465 0.006
0.2892131970615992 15.496 0.006
0.28983212230843947 15.463 0.006
0.29068780499790137 15.4 0.006
0.29081569566233156 15.413 0.006
0.29361456722551793 15.425 0.006
0.2937165543635274 15.411 0.007
0.2945202898310981 15.464 0.006
0.29464009497041843 15.444 0.006
0.29484624553379035 15.435 0.006
0.2957737317209421 15.501 0.006
0.29703281602405696 15.41 0.006
0.30113092234205396 15.494 0.006
0.30271552660417456 15.423 0.006
0.302853232552593 15.431 0.006
0.30528848606718384 15.497 0.007
0.3056291373800377 15.398 0.006
0.30610593696837896 15.413 0.006
0.3065565705192057 15.424 0.006
0.3069072633970791 15.437 0.007
0.3075876204929955 15.421 0.006
0.30840581019219826 15.459 0.006
0.3087891016461981 15.405 0.006
0.30963340864786915 15.498 0.006
0.31012165048650786 15.415 0.006
0.3101523764036074 15.409 0.006
0.31087625045142886 15.415 0.006
0.31235762546089063 15.502 0.006
0.31237718788293023 15.438 0.007
0.3124065888782752 15.505 0.006
0.3124814574048287 15.517 0.006
0.3136766434577112 15.476 0.006
0.31415528378875024 15.413 0.006
0.31473229417815674 15.438 0.006
0.31617075086433033 15.511 0.006
0.316780412877506 15.489 0.006
0.31705768607588425 15.532 0.006
0.31938231487674784 15.463 0.006
0.3196922467433865 15.448 0.006
0.3198227743105235 15.501 0.006
0.3206362308969801 15.432 0.006
0.32112461994915975 15.448 0.006
0.323036742474585 15.506 0.006
0.3247894966793865 15.448 0.006
0.32525061990673976 15.501 0.006
0.3260711385673858 15.416 0.006
0.32702074558528693 15.516 0.006
0.3282477297409514 15.473 0.006
0.32916592997958105 15.425 0.006
0.3301515876119083 15.472 0.006
0.33141457637748317 15.505 0.006
0.33308484520102866 15.443 0.006
0.3333832476957923 15.411 0.006
0.33743615546336514 15.5 0.006
0.3385051465390916 15.462 0.006
0.33911667258439593 15.445 0.006
0.33920098620433237 15.438 0.006
0.33934281096549057 15.505 0.006
0.33992884105236953 15.511 0.006
0.3402806055421479 15.393 0.006
0.34119279806373015 15.421 0.006
0.341423128864335 15.472 0.006
0.3417575559542456 15.514 0.006
0.3425181381900302 15.402 0.006
0.34379107378208573 15.46 0.006
0.3462082229224279 15.481 0.006
0.34655444735562924 15.501 0.006
0.3475178667027876 15.517 0.006
0.34912204043098427 15.406 0.007
0.35018562241816653 15.405 0.006
0.35117300333922685 15.483 0.006
0.3528024527790876 15.468 0.006
0.353109179447074 15.485 0.006
0.3531927342837662 15.491 0.007
0.3542160250763118 15.49 0.006
0.35536347415563796 15.507 0.006
0.3572425034162734 15.4 0.006
0.3576978863243312 15.413 0.006
0.3583616859349945 15.51 0.006
0.3586814915945524 15.51 0.007
0.35968667915926744 15.442 0.006
0.36183436675742087 15.486 0.006
0.36267948127681393 15.493 0.006
0.36285567448067013 15.427 0.006
0.3628852778942928 15.514 0.007
0.3640432696981861 15.498 0.006
0.36525979393718444 15.403 0.006
0.3654762572036816 15.443 0.006
0.3658438127785075 15.502 0.006
0.3675557486099592 15.446 0.007
0.3684731667763117 15.392 0.006
0.3690347746733096 15.412 0.006
0.3693349859945556 15.517 0.006
0.37198018355184104 15.496 0.006
0.3721327626567472 15.486 0.006
0.3756878817100642 15.402 0.006
0.3775019702948157 15.442 0.006
0.3785853143924669 15.502 0.006
0.37912129967588726 15.508 0.007
0.3797291534361307 15.431 0.006
0.3807224273500651 15.401 0.006
0.38105550622890405 15.391 0.006
0.38214872627622753 15.439 0.006
0.38219871041405895 15.492 0.006
0.38369597829114355 15.385 0.006
0.38516196489626964 15.492 0.006
0.38580164493487246 15.501 0.006
0.38597087511743666 15.492 0.007
0.386867184545963 15.477 0.006
0.3911202189154892 15.48 0.006
0.3911766069797977 15.456 0.006
0.3915127508878413 15.416 0.006
0.3923562503714493 15.516 0.006
0.39239383105677916 15.494 0.006
0.39536011103473356 15.432 0.006
0.3975171517176932 15.482 0.007
0.3975497389362772 15.497 0.006
0.3977082407936905 15.51 0.006
0.40038101700474726 15.398 0.006
0.4012783802172635 15.466 0.006
0.40170704992488027 15.479 0.006
0.4019398443958835 15.517 0.006
0.4021960667915323 15.395 0.006
0.40374919339728876 15.406 0.006
0.4053737364918675 15.482 0.006
0.4054502666317603 15.445 0.006
0.40610708323549716 15.492 0.006
0.4062229238196551 15.449 0.006
0.4064097928734327 15.482 0.006
0.4065176957199128 15.44 0.006
0.4065247176866933 15.508 0.006
0.40762855133505127 15.483 0.006
0.40887623939170226 15.491 0.006
0.41079059340916046 15.416 0.006
0.4116098233773755 15.478 0.006
0.41379879154828814 15.391 0.006
0.4140028778182341 15.386 0.006
0.4142793619002987 15.389 0.006
0.4152784319117018 15.386 0.006
0.4155199397217757 15.416 0.006
0.41717699484456716 15.471 0.006
0.4178218241909235 15.428 0.006
0.4187074967294393 15.47 0.006
0.41925211958846376 15.36 0.006
0.41926656677605934 15.492 0.006
0.41967521401943486 15.365 0.006
0.4202669525084275 15.477 0.006
0.42186633360506676 15.445 0.006
0.4221467822426348 15.435 0.006
0.42498649273784395 15.372 0.006
0.4262301880633004 15.439 0.007
0.4277390107577048 15.431 0.006
0.4314557697307464 15.419 0.006
0.43171723832983844 15.404 0.006
0.4321088610015522 15.437 0.006
0.43337784612685937 15.42 0.006
0.43361138155250956 15.459 0.006
0.4349378631570744 15.404 0.006
0.4349422487944139 15.367 0.006
0.4350801804503135 15.46 0.007
0.43552668383063065 15.427 0.006
0.4360429784535427 15.436 0.006
0.4376041440066274 15.391 0.006
0.4377559015060797 15.37 0.006
0.43809918756505795 15.428 0.006
0.43938269506770666 15.433 0.006
0.43940449171213913 15.361 0.006
0.43947232418418025 15.401 0.006
0.4397955877786899 15.442 0.006
0.4403482431143857 15.428 0.006
0.44163410502369516 15.402 0.006
0.44402643259763863 15.493 0.006
0.44454986391127704 15.386 0.006
0.44695902988269154 15.464 0.006
0.4469914563733255 15.39 0.006
0.44823335480305104 15.469 0.006
0.44887784803177055 15.39 0.006
0.4502041364185061 15.488 0.006
0.45049053483739954 15.35 0.006
0.4543245930155422 15.341 0.006
0.45595167453393515 15.478 0.006
0.45700426726875776 15.422 0.006
0.4583366369790838 15.505 0.006
0.45906877568131677 15.427 0.006
0.459458095411037 15.446 0.006
0.45959873268952833 15.418 0.006
0.45980412662629533 15.457 0.006
0.46424119504195005 15.324 0.006
0.465777276517656 15.445 0.006
0.4673117104684934 15.415 0.006
0.46836029695748493 15.402 0.006
0.4691311394217337 15.352 0.006
0.47207043175689023 15.491 0.006
0.4729444964295908 15.478 0.006
0.47367484039341434 15.427 0.006
0.4742953720481182 15.352 0.006
0.47693975504375885 15.424 0.006
0.48123304164801084 15.333 0.006
0.4827652846500996 15.413 0.006
0.48309706189547796 15.378 0.006
0.48413766464273067 15.416 0.006
0.485102646550331 15.379 0.006
0.48642112759489464 15.407 0.006
0.4897642036653451 15.323 0.006
0.4903146686258424 15.375 0.006
0.4907680982242937 15.415 0.006
0.49101731216779854 15.387 0.006
0.4912930212217361 15.346 0.006
0.4921870737121026 15.418 0.006
0.49532083298140606 15.388 0.006
0.49633530491109923 15.418 0.006
0.49713048288066375 15.413 0.006
0.4982249223269264 15.452 0.006
0.5005568491203576 15.412 0.006
0.5007425496664837 15.426 0.006
0.5010628629559619 15.304 0.006
0.5011714861984728 15.413 0.006
0.5036035566567989 15.399 0.007
0.5059562398253092 15.312 0.006
0.5069002169348096 15.354 0.006
0.5074010241007727 15.366 0.006
0.5078709002011124 15.366 0.006
0.5098339621689547 15.34 0.006
0.5102207927825475 15.337 0.006
0.510425065799609 15.357 0.006
0.5112100214905695 15.377 0.006
0.511888383585756 15.348 0.006
0.5130183691831007 15.391 0.006
0.513277875271342 15.367 0.006
0.513697865713084 15.366 0.006
0.5137515156650352 15.386 0.006
0.5145697188787608 15.387 0.006
0.5154876452486405 15.391 0.006
0.5156300843095778 15.386 0.006
0.5187614004667012 15.398 0.006
0.5192505970367165 15.381 0.006
0.5204418899847951 15.321 0.006
0.5214116574802574 15.413 0.006
0.5216570703269099 15.379 0.006
0.5220956684590874 15.346 0.006
0.5228088271228444 15.374 0.006
0.5233476084540598 15.348 0.006
0.5245045394301542 15.377 0.006
0.5255521187132217 15.299 0.007
0.5275539228298385 15.292 0.006
0.5278745728103331 15.36 0.006
0.5286219732618065 15.32 0.006
0.5288672388951454 15.381 0.006
0.5299415108202084 15.452 0.006
0.5318658441537991 15.361 0.006
0.5333221258852063 15.305 0.006
0.5340545979750004 15.388 0.006
0.5348800791958865 15.362 0.006
0.5353885968090708 15.325 0.006
0.5356346309993114 15.427 0.007
0.5356610546600677 15.327 0.006
0.535807759174304 15.306 0.006
0.5361897094612686 15.302 0.006
0.5365837433287197 15.427 0.006
0.5376891784979989 15.363 0.006
0.539427397820873 15.325 0.006
0.5405632709504289 15.348 0.006
0.5410825591523007 15.292 0.006
0.5430429219682082 15.354 0.006
0.5450675142639625 15.349 0.006
0.5467293506604847 15.293 0.006
0.5492181041834101 15.3 0.006
0.550373130583921 15.312 0.006
0.5506555298011904 15.318 0.006
0.5507511276737205 15.432 0.006
0.5513915156045641 15.367 0.006
0.5525228819026324 15.427 0.006
0.5526769910784424 15.365 0.006
0.5528599875856344 15.367 0.006
0.5544623714622503 15.39 0.006
0.5556831617277567 15.379 0.006
0.5558425625376913 15.341 0.006
0.5566482951628586 15.393 0.007
0.5568674229348289 15.282 0.006
0.5575087266363425 15.348 0.006
0.5587965304980571 15.337 0.006
0.5613813272748871 15.352 0.006
0.5616542202960773 15.391 0.006
0.5635640993982634 15.332 0.006
0.5673050061191134 15.344 0.006
0.5678123616951325 15.289 0.006
0.5690814799454529 15.284 0.006
0.569980559402893 15.306 0.006
0.5718199372140589 15.369 0.006
0.5719045063005979 15.362 0.006
0.5728951384246557 15.355 0.006
0.5731613076466147 15.294 0.006
0.5748491070881414 15.325 0.006
0.5751122995488913 15.347 0.006
0.5767944847534636 15.325 0.006
0.5782311120545955 15.277 0.006
0.5788291434867006 15.363 0.006
0.5808527144886284 15.323 0.006
0.5814691202864424 15.348 0.006
0.5823630001179936 15.351 0.006
0.5826698540145117 15.355 0.006
0.5830029328931232 15.329 0.006
0.5867075205915171 15.322 0.006
0.5869660848896956 15.356 0.006
0.5875116424949738 15.339 0.006
0.5880867498917723 15.289 0.006
0.5895494328192399 15.343 0.006
0.5898534765805721 15.284 0.006
0.5902335174055224 15.361 0.006
0.5904697498262976 15.393 0.006
0.5907389764600453 15.378 0.006
0.5915788707952743 15.294 0.006
0.5920959014856635 15.343 0.006
0.5922312698453425 15.366 0.006
0.5943363773944839 15.294 0.006
0.5943865547502583 15.361 0.006
0.5947999697527848 15.324 0.006
0.5954763622933115 15.281 0.006
0.5967667245640769 15.358 0.006
0.5970753612680255 15.3 0.006
0.5976139558516707 15.332 0.006
0.5996119361560659 15.29 0.006
0.599715485854631 15.359 0.006
0.6017396294660102 15.309 0.006
0.6023091891886452 15.355 0.006
0.6034785226074746 15.304 0.006
0.6041080414699991 15.348 0.006
0.6041288048891147 15.37 0.006
0.6064216555728308 15.374 0.006
0.6071532486949991 15.351 0.006
0.6080223778365053 15.359 0.006
0.6089665806534867 15.272 0.006
0.6094613595441842 15.308 0.006
0.6101197933404592 15.349 0.006
0.6117481013018278 15.301 0.007
0.6118950661698364 15.344 0.006
0.6121023971713839 15.344 0.006
0.6124059603318983 15.354 0.006
0.6131202810324794 15.295 0.006
0.6147761351580812 15.355 0.006
0.6165337436700611 15.3 0.006
0.6173234849486562 15.299 0.006
0.6176463756223711 15.331 0.006
0.6178508970623398 15.324 0.006
0.6180380859889283 15.296 0.006
0.619416648514516 15.255 0.006
0.6194916436959375 15.256 0.006
0.6199007261093357 15.352 0.006
0.6213753730060603 15.335 0.006
0.6214639066482164 15.261 0.006
0.6240167765105866 15.311 0.006
0.625623053492518 15.28 0.006
0.6260429384110466 15.287 0.006
0.6272850760627762 15.343 0.006
0.627780722563557 15.33 0.006
0.6284695402619036 15.373 0.006
0.6288584318654102 15.343 0.006
0.630124266423536 15.328 0.006
0.6316027999548055 15.315 0.006
0.6346375683949645 15.356 0.006
0.6348399941985008 15.312 0.006
0.6349887673195553 15.265 0.006
0.6358577308460553 15.311 0.006
0.6364236783756496 15.305 0.006
0.6367418754703067 15.337 0.006
0.6368281721597668 15.302 0.006
0.6371304472011161 15.292 0.006
0.6385256472892706 15.321 0.006
0.6395650490389926 15.245 0.006
0.6398132714477924 15.312 0.006
0.6409594416095388 15.287 0.006
0.6412624159152074 15.284 0.006
0.6426119108330113 15.339 0.006
0.6442540311231824 15.349 0.006
0.6466390947780383 15.25 0.006
0.6470444837746072 15.254 0.006
0.6481789145281027 15.301 0.006
0.6486877195243324 15.344 0.006
0.6490393119286182 15.285 0.006
0.6503550575907866 15.297 0.006
0.651021416183994 15.346 0.006
0.6515835117256188 15.332 0.006
0.6516729795404785 15.346 0.006
0.6518972891099111 15.324 0.006
0.6530001680271198 15.26 0.006
0.6535779788898708 15.336 0.006
0.6570550383057707 15.35 0.006
0.6576999201270155 15.299 0.006
0.6598348286211149 15.333 0.006
0.6602538048127826 15.371 0.006
0.6604163393715226 15.312 0.006
0.6609690802447403 15.33 0.006
0.6618818935371564 15.336 0.006
0.663729349829282 15.284 0.006
0.6644149828873651 15.325 0.006
0.6645783049789316 15.344 0.006
0.6651154771715255 15.258 0.006
0.6665520752867451 15.262 0.006
0.66745861188042 15.333 0.006
0.6700412989328015 15.336 0.006
0.6700762497589494 15.279 0.007
0.6711584735103315 15.253 0.006
0.6724868093722307 15.249 0.006
0.6725725269816394 15.272 0.006
0.6730114379429324 15.255 0.006
0.673827724649982 15.334 0.006
0.6748698780264704 15.28 0.006
0.6753915335764304 15.308 0.007
0.6769060511587668 15.256 0.006
0.6783651559671853 15.334 0.006
0.6784887806052211 15.353 0.006
0.6800433560576948 15.304 0.006
0.681880297227508 15.236 0.006
0.6823701221856027 15.307 0.006
0.684401649326901 15.266 0.006
0.6845007256933968 15.32 0.006
0.6849020494987599 15.332 0.006
0.6849136340759969 15.313 0.006
0.6858233141929304 15.345 0.006
0.689905937941603 15.238 0.006
0.6908427983453294 15.245 0.006
0.6920627989214836 15.333 0.006
0.6926806022383971 15.324 0.006
0.6933746931690621 15.342 0.006
0.693518112406764 15.347 0.006
0.6942222648880261 15.246 0.006
0.6943093978447905 15.346 0.006
0.6967751969995106 15.301 0.006
0.697086316348873 15.355 0.006
0.6973789714807026 15.261 0.006
0.6998416807344938 15.303 0.006
0.6999894926539127 15.324 0.006
0.7004230951624777 15.322 0.006
0.7008616862508461 15.262 0.006
0.7012080578974746 15.328 0.006
0.7024415119694822 15.341 0.006
0.7041974020803536 15.298 0.006
0.7047609540859412 15.26 0.006
0.705054688447035 15.35 0.006
0.7085487534595813 15.272 0.006
0.7104462745401179 15.307 0.006
0.7107061551325842 15.319 0.006
0.7108241449750494 15.263 0.006
0.7135531755511693 15.351 0.006
0.714340040704883 15.255 0.006
0.7151572827167456 15.338 0.006
0.7153266720438296 15.295 0.006
0.717200482129897 15.256 0.006
0.7177997102457994 15.255 0.006
0.718500917882011 15.249 0.006
0.719032235031591 15.314 0.006
0.7195226878041012 15.338 0.006
0.7213266942799237 15.27 0.006
0.7221288487855873 15.357 0.006
0.7235273920850886 15.277 0.006
0.723788294545102 15.342 0.006
0.727904165816426 15.266 0.006
0.7282182376279707 15.252 0.006
0.7283061039215681 15.332 0.006
0.7301385187113851 15.286 0.006
0.7304154769240085 15.298 0.006
0.7308581408208283 15.278 0.006
0.7331189244205234 15.336 0.006
0.7334446933759864 15.341 0.006
0.7346745953473146 15.266 0.006
0.7353843620654743 15.331 0.006
0.7353861129568031 15.356 0.006
0.7363850287101741 15.324 0.006
0.7369090813678554 15.261 0.006
0.7374734209065537 15.332 0.006
0.7384434211530788 15.349 0.006
0.7397667846806257 15.349 0.006
0.745351942494608 15.321 0.006
0.745822458913608 15.285 0.006
0.7465716032127148 15.348 0.006
0.747149080688132 15.318 0.006
0.7475128627684171 15.254 0.006
0.7477113494624064 15.258 0.006
0.7480681620509131 15.364 0.006
0.748339618593377 15.248 0.006
0.7507804695269442 15.261 0.006
0.7508762995776124 15.271 0.006
0.7514098601509431 15.281 0.006
0.7519893001372111 15.28 0.006
0.7520502416109593 15.268 0.006
0.752842847656666 15.31 0.006
0.752985928046769 15.288 0.006
0.756682034583946 15.339 0.007
0.7568121156232337 15.35 0.006
0.757420070592616 15.291 0.006
0.7590786005816881 15.339 0.006
0.7613038212118681 15.264 0.006
0.7614552517945867 15.339 0.006
0.76166658199827 15.347 0.006
0.7622197390669498 15.268 0.006
0.7634903067373671 15.313 0.006
0.763892016405066 15.327 0.006
0.7644768568520703 15.243 0.006
0.7659396339452087 15.355 0.006
0.7679517280498658 15.311 0.007
0.7690024177927626 15.255 0.006
0.7695558487298513 15.322 0.006
0.7698542647388535 15.262 0.006
0.7699089089560402 15.357 0.006
0.7700471350390217 15.331 0.006
0.7704240296104672 15.33 0.006
0.7708394601718283 15.335 0.006
0.771070906432044 15.311 0.006
0.7711844029568056 15.255 0.006
0.7712402567988192 15.302 0.007
0.7718226670752983 15.355 0.006
0.7719025425831205 15.312 0.006
0.7741766389358418 15.262 0.006
0.7755934170049841 15.31 0.006
0.7766520932200365 15.276 0.006
0.7768025160233947 15.316 0.006
0.7779544525233177 15.34 0.006
0.7796852671831402 15.307 0.006
0.7799042677271473 15.274 0.006
0.780222699730075 15.372 0.006
0.7825011633185568 15.293 0.006
0.7843591412029127 15.303 0.006
0.7862759643512618 15.355 0.006
0.7863816556906613 15.356 0.006
0.786611933443055 15.358 0.006
0.7872811632737466 15.364 0.007
0.7878065051968406 15.36 0.006
0.7879603264161688 15.268 0.006
0.7886336220112753 15.374 0.006
0.7896216822118731 15.335 0.006
0.7908900589338828 15.296 0.006
0.7921043191911394 15.348 0.006
0.7921998158549286 15.296 0.006
0.7925270207156245 15.326 0.006
0.7925513227210104 15.33 0.006
0.7925971956633475 15.36 0.006
0.7946061695338358 15.317 0.006
0.795510410229781 15.258 0.006
0.7989319903081196 15.371 0.006
0.8015693486067903 15.295 0.006
0.8024719601792185 15.319 0.006
0.803408146764923 15.32 0.006
0.805823586704264 15.373 0.006
0.8061891862385551 15.265 0.006
0.8073059857379121 15.294 0.006
0.8089056060566691 15.29 0.006
0.8090982571197856 15.268 0.006
0.809195389377237 15.34 0.006
0.8108893713515499 15.34 0.006
0.8115514504038401 15.254 0.006
0.8119467594483467 15.282 0.006
0.8120732206775756 15.28 0.006
0.8123445440944579 15.356 0.006
0.8144124113897533 15.325 0.006
0.8156499041974712 15.32 0.006
0.8156905834109693 15.276 0.006
0.8157202717890755 15.265 0.006
0.8163643785821932 15.284 0.006
0.8170981534517523 15.288 0.006
0.8198797060165361 15.38 0.006
0.820159448345521 15.309 0.006
0.8217229769329606 15.329 0.006
0.8250200582931484 15.283 0.006
0.8252938253949651 15.314 0.006
0.8257122256734419 15.381 0.006
0.8263376262966631 15.379 0.006
0.8269584063743878 15.379 0.006
0.8271513291492738 15.301 0.006
0.8273137630721976 15.352 0.006
0.8292460758343623 15.352 0.007
0.8308414831744813 15.367 0.006
0.8320543605746025 15.344 0.006
0.8327823599056501 15.384 0.006
0.8337819310759187 15.325 0.006
0.8342255150578239 15.356 0.008
0.8345027011346247 15.36 0.006
0.8350459687387684 15.343 0.006
0.835561128927111 15.297 0.006
0.836532100149725 15.376 0.006
0.8370296073786676 15.361 0.006
0.8383105359138199 15.372 0.006
0.8383145832765422 15.354 0.006
0.8391141452998454 15.311 0.006
0.8409529840012624 15.314 0.006
0.84113753386805 15.262 0.006
0.8425056683930165 15.282 0.006
0.8430007422844028 15.377 0.006
0.8438433395119773 15.331 0.006
0.8452259006658096 15.344 0.006
0.8456255953478831 15.297 0.006
0.8459812069386317 15.302 0.006
0.8459891517206302 15.282 0.006
0.846590816477601 15.319 0.006
0.8467984029462059 15.39 0.006
0.8475962751805355 15.312 0.006
0.847681350887342 15.293 0.006
0.848108552773283 15.361 0.006
0.8483146156418115 15.303 0.006
0.848346034352744 15.374 0.006
0.8487255940030991 15.326 0.006
0.8487930768428669 15.282 0.006
0.8488236945065637 15.329 0.006
0.849159171066276 15.305 0.006
0.8505943538343672 15.324 0.006
0.8540318170059891 15.335 0.006
0.8552057590395634 15.36 0.006
0.8570152752394051 15.325 0.006
0.8581050070188212 15.307 0.006
0.8584099254335342 15.308 0.006
0.8589671737122444 15.385 0.007
0.8598192322779141 15.367 0.007
0.8608601754563097 15.296 0.006
0.8612857347038698 15.343 0.006
0.8614139652263475 15.329 0.006
0.8627987909358126 15.267 0.006
0.8645197118180477 15.41 0.006
0.8655687264333665 15.341 0.006
0.8676883894236198 15.306 0.006
0.8681904300765382 15.326 0.006
0.8693824174019937 15.356 0.006
0.8695386617480381 15.4 0.006
0.8724720806385449 15.345 0.006
0.8727283349508639 15.367 0.006
0.8730914042523636 15.374 0.006
0.8735762406306549 15.401 0.006
0.8742807092439762 15.284 0.006
0.8745869347526423 15.297 0.006
0.8772422328203788 15.303 0.006
0.8786995088166805 15.281 0.006
0.8788770042274336 15.31 0.006
0.8808620787726795 15.368 0.006
0.8817291923546691 15.303 0.006
0.8831050367536477 15.379 0.006
0.8834584401411121 15.398 0.006
0.8838632013234928 15.391 0.006
0.8852811798165021 15.38 0.006
0.8855195955685531 15.347 0.006
0.8865526816598504 15.274 0.007
0.8865587028913069 15.364 0.006
0.8865600191857084 15.35 0.006
0.8868828432966893 15.407 0.006
0.8879506453063186 15.342 0.006
0.8908539725648552 15.372 0.006
0.8921439554437711 15.401 0.006
0.8925687731634753 15.417 0.006
0.8948951918159764 15.358 0.006
0.8949782173172025 15.302 0.006
0.895451459344315 15.384 0.006
0.8957252583624609 15.383 0.006
0.8962153967222548 15.397 0.006
0.8982609180529835 15.306 0.006
0.8983030586182394 15.393 0.006
0.8985048354752507 15.37 0.006
0.8991378999676272 15.277 0.006
0.9025527362618959 15.376 0.006
0.9028393674320796 15.399 0.006
0.9030114694251097 15.317 0.006
0.9034457944876522 15.402 0.006
0.9040817280611009 15.353 0.006
0.904866002889321 15.395 0.006
0.905216787202562 15.326 0.006
0.9063847469647044 15.314 0.006
0.906530784130382 15.35 0.007
0.9075976308350278 15.402 0.006
0.9081002998759686 15.383 0.006
0.9092728195182644 15.369 0.006
0.9116319385298084 15.311 0.006
0.9145507765338152 15.394 0.006
0.9147157731795232 15.31 0.006
0.9153146283742899 15.368 0.006
0.9159194241492514 15.408 0.006
0.9168320972721631 15.335 0.006
0.9185179872508797 15.4 0.006
0.9188905314053954 15.346 0.006
0.9200426995093949 15.369 0.006
0.9203862940835279 15.309 0.006
0.9212353017080659 15.34 0.006
0.9228749458237644 15.378 0.006
0.9244352486541629 15.4 0.006
0.9244468402750385 15.374 0.006
0.9251136984439654 15.405 0.006
0.9265163946292887 15.409 0.006
0.9290763698395494 15.356 0.006
0.929112148742206 15.421 0.006
0.9313306185440524 15.392 0.006
0.9318411928329624 15.312 0.006
0.9326477124172925 15.32 0.007
0.9332756021564137 15.417 0.006
0.9332875672716909 15.414 0.006
0.9334902636403513 15.302 0.007
0.9342460305292661 15.323 0.006
0.9343178275562423 15.346 0.006
0.9343737414901625 15.408 0.006
0.9353045736188506 15.435 0.006
0.9367358372625176 15.322 0.006
0.9368017927613437 15.367 0.006
0.9391081288572423 15.367 0.007
0.9399091148550269 15.421 0.006
0.9418857634443611 15.426 0.006
0.9435532551951269 15.419 0.007
0.9435965442828547 15.345 0.006
0.9445964218116387 15.334 0.006
0.9449118688630733 15.373 0.006
0.9453154750519843 15.305 0.006
0.946324380905935 15.409 0.006
0.9467743406380578 15.336 0.006
0.948179820939913 15.369 0.006
0.948305127749336 15.433 0.006
0.9497126788151036 15.425 0.006
0.9502437632138481 15.299 0.006
0.9507483417173717 15.394 0.006
0.9509247210953617 15.359 0.006
0.952194533722718 15.4 0.006
0.9523498920573275 15.379 0.006
0.9527716707666514 15.378 0.006
0.9528049118189301 15.425 0.006
0.9531029738823236 15.371 0.006
0.9540129159365733 15.347 0.006
0.9560625030312622 15.435 0.007
0.9570847995587997 15.368 0.006
0.9594885098645136 15.409 0.007
0.9616166236830281 15.36 0.006
0.9628454761843841 15.422 0.006
0.9635166485404625 15.394 0.006
0.96378974772108 15.413 0.007
0.964744934903365 15.433 0.006
0.96624107970365 15.311 0.006
0.9670774419232657 15.42 0.006
0.9675246657000116 15.418 0.006
0.9676024309102331 15.366 0.006
0.9697549598745354 15.383 0.006
0.9702861227667654 15.311 0.006
0.9702982210078517 15.409 0.007
0.9716050941863159 15.348 0.006
0.9716706074711965 15.401 0.006
0.9720464488327707 15.344 0.006
0.9723549702392802 15.361 0.006
0.9733245126005841 15.442 0.006
0.9739662287570354 15.372 0.006
0.9761166014191076 15.431 0.006
0.9765577693181058 15.32 0.006
0.9770802394297107 15.403 0.006
0.9775194843514328 15.427 0.006
0.9812672268652705 15.412 0.006
0.9816231123250532 15.352 0.006
0.9818714684329279 15.416 0.01
0.981946811089756 15.418 0.006
0.9820224736195087 15.319 0.006
0.9836916794583885 15.366 0.006
0.9838028335075251 15.31 0.006
0.9859083410069616 15.346 0.006
0.9864419080508355 15.349 0.006
0.988741535581994 15.338 0.006
0.9888133596382431 15.355 0.006
0.988981306588812 15.421 0.006
0.9899313184444622 15.364 0.006
0.9901896376231889 15.333 0.007
0.9910209533281886 15.354 0.006
0.9935099785629973 15.373 0.006
0.9939958708816903 15.395 0.006
0.9941603939705601 15.369 0.006
0.9988104081985512 15.366 0.006
0.9989135221537708 15.397 0.006
