0.0023681523505274527 16.861 0.014
0.002878363834497577 16.871 0.013
0.003254389553603687 16.867 0.01
0.007157071549954708 16.88 0.01
0.009266300908166158 16.9 0.014
0.010130616264632408 16.888 0.011
0.010803588617363857 16.882 0.013
0.010841306266968331 16.921 0.01
0.013593587749085145 16.898 0.012
0.01378811844529082 16.861 0.012
0.01771232904684439 16.889 0.012
0.018469273048935975 16.879 0.017
0.018753587175069697 16.879 0.01
0.01948782574316965 16.871 0.01
0.02034053035731631 16.868 0.014
0.022568085583543507 16.892 0.01
0.02258228898813286 16.887 0.01
0.02270250663104889 16.925 0.012
0.02449973537591177 16.897 0.01
0.02477125283348869 16.904 0.013
0.02514473881910817 16.927 0.014
0.02521062882192382 16.897 0.011
0.026096866024545307 16.881 0.013
0.026991869484390918 16.906 0.01
0.02734326822269395 16.894 0.011
0.028097234591996312 16.889 0.011
0.02841893267100204 16.907 0.015
0.029133565835309128 16.912 0.013
0.03363793397124937 16.918 0.011
0.034262851520111326 16.89 0.011
0.03496742540437481 16.914 0.016
0.03678333744193196 16.903 0.012
0.039017072466322134 16.892 0.011
0.03903873876788566 16.891 0.013
0.03921202907031329 16.902 0.009
0.04198990140821479 16.883 0.011
0.04255566491337959 16.915 0.014
0.04339087546804876 16.883 0.011
0.04372933984109295 16.907 0.014
0.045632581997551824 16.879 0.011
0.04577235004853719 16.923 0.011
0.04910544612084777 16.863 0.012
0.04923506846944292 16.926 0.011
0.04955141954496867 16.918 0.011
0.05035633358306768 16.917 0.014
0.05133919892614358 16.916 0.01
0.05173666682799194 16.913 0.014
0.05225199292681282 16.92 0.01
0.05237257403859985 16.905 0.009
0.05255168273788513 16.936 0.012
0.05276769283182148 16.925 0.01
0.056031391571195854 16.91 0.011
0.056276417150911584 16.912 0.011
0.05652900982954634 16.894 0.012
0.05663597595139436 16.945 0.009
0.05669311665042187 16.915 0.012
0.05761468145692561 16.919 0.014
0.06316676828782875 16.922 0.016
0.07077171165201435 16.92 0.011
0.07432799622597486 16.919 0.011
0.07488821920787814 16.915 0.014
0.07663156110675118 16.908 0.009
0.0794380288116372 16.911 0.011
0.0795879946659852 16.952 0.016
0.07982646291952733 16.95 0.013
0.08030910989918993 16.926 0.013
0.08067150863621464 16.919 0.012
0.0831363598358621 16.927 0.016
0.08382918569412823 16.9 0.011
0.0852661183635064 16.947 0.009
0.08649413126909167 16.945 0.01
0.08716973143191353 16.913 0.012
0.08879608142177631 16.92 0.012
0.08931423629269375 16.907 0.009
0.08954775905385759 16.943 0.013
0.09238920495204184 16.918 0.011
0.0924502879861393 16.92 0.012
0.0926831396320722 16.914 0.011
0.09318869383469064 16.936 0.012
0.09326067183781106 16.967 0.013
0.09407550456535319 16.912 0.012
0.09466600380278578 16.924 0.01
0.09615261716862733 16.912 0.011
0.09710904480198224 16.925 0.011
0.0971187757613734 16.918 0.011
0.09730096422845236 16.949 0.011
0.09852857272835536 16.938 0.014
0.1020576711528065 16.934 0.014
0.10457752855063518 16.932 0.012
0.10670486271192203 16.951 0.011
0.10673385421353032 16.951 0.011
0.10756787015907321 16.966 0.011
0.10911309298535343 16.939 0.01
0.11081964306686132 16.933 0.013
0.11107835517259446 16.937 0.014
0.11255261514497761 16.967 0.012
0.1132831379777599 16.906 0.013
0.11360338507552115 16.947 0.011
0.1157955494320504 16.918 0.011
0.11654554452115917 16.943 0.01
0.11692651201110493 16.941 0.011
0.11710936332315214 16.945 0.01
0.11747151933468558 16.963 0.011
0.11774240744080089 16.939 0.011
0.11855113190654265 16.935 0.011
0.11966400539586175 16.929 0.019
0.12085122377811786 16.948 0.011
0.12135355224609157 16.941 0.012
0.1215711956758696 16.947 0.011
0.12167086636918611 16.927 0.016
0.12257399722489026 16.948 0.009
0.12399599872514955 16.96 0.009
0.124343844647683 16.965 0.012
0.1243825745518734 16.95 0.015
0.12488771607866056 16.969 0.015
0.12531326991188507 16.938 0.011
0.1256342112810671 16.97 0.013
0.1268093140338351 16.937 0.017
0.12684655946321755 16.94 0.011
0.12701939243157767 16.945 0.013
0.13003648973290183 16.955 0.01
0.13264841557656837 16.962 0.021
0.13380962753279846 16.947 0.014
0.13432787171996097 16.927 0.014
0.13459084786586573 16.971 0.012
0.1364061210424552 16.956 0.015
0.1370323411241543 16.933 0.016
0.13754246701273587 16.97 0.014
0.1384516866960439 16.954 0.01
0.13857106865043534 16.943 0.013
0.1404671845007215 16.946 0.014
0.14101216866765753 16.941 0.015
0.14493011842478154 16.946 0.011
0.14542534663769402 16.938 0.011
0.14573849058592714 16.96 0.012
0.14597053342095023 16.948 0.01
0.14711845291890313 16.949 0.012
0.14718632856170188 16.979 0.01
0.1483427835830753 16.97 0.012
0.14868692865684352 16.976 0.016
0.14872961495507298 16.966 0.01
0.14937704276417207 16.949 0.011
0.15286729136869326 16.952 0.014
0.1530983376619588 16.954 0.01
0.1534531006582256 16.957 0.011
0.15345532158119113 16.961 0.016
0.15646937343535683 16.946 0.011
0.1583860362352425 16.958 0.012
0.15856917203723242 16.973 0.013
0.15870997095089479 16.945 0.012
0.16060493312852486 16.956 0.011
0.16314727390908956 16.94 0.013
0.16360256851112354 16.953 0.014
0.16380861608456598 16.95 0.012
0.16649926788227276 16.943 0.017
0.16701617066655672 16.964 0.015
0.1673421141781546 16.965 0.014
0.16757073610506268 16.959 0.014
0.16774151561889994 16.956 0.013
0.16798421359135318 16.976 0.013
0.16830417330515957 16.97 0.011
0.1685703929657052 16.968 0.013
0.16890191132063137 16.966 0.012
0.16995175417878272 16.955 0.011
0.1705635645186021 16.942 0.012
0.17110160721585999 16.94 0.012
0.17116688647502087 16.961 0.013
0.17304534369236535 16.933 0.012
0.17323204636829814 16.952 0.011
0.1766686020596353 16.972 0.012
0.17962944851956308 16.952 0.012
0.18031930418806041 16.972 0.012
0.1803196118339656 16.959 0.012
0.18033742759826055 16.959 0.01
0.1806148945327095 16.991 0.014
0.18167344782523287 16.964 0.011
0.18232174481750008 16.965 0.014
0.18565582998849095 16.964 0.012
0.185710120413205 16.961 0.014
0.18588582681195476 16.946 0.01
0.18735264911049399 16.971 0.014
0.18785960426015436 16.948 0.013
0.19022208418073205 16.98 0.013
0.19040684298079213 16.956 0.01
0.19053777241128955 16.94 0.012
0.1919808741270117 16.937 0.014
0.19403997000335949 16.969 0.014
0.19526449129216417 16.968 0.014
0.19622054884075624 16.95 0.012
0.19789108076872708 16.962 0.012
0.20062593228453807 16.98 0.011
0.20145074159211163 16.985 0.012
0.2024081665945232 16.957 0.014
0.20469957408226946 16.968 0.013
0.20477534390533947 16.96 0.018
0.2078236321294753 16.962 0.013
0.21014206119275514 16.981 0.013
0.2113907074698318 16.979 0.014
0.21217902805801714 16.964 0.01
0.21264612568120356 16.965 0.009
0.21466135760374527 16.969 0.012
0.2149485554975854 17.002 0.012
0.2152184627755105 16.959 0.014
0.21541292855135907 16.98 0.012
0.21632129476529371 16.983 0.014
0.21740683903408353 16.984 0.012
0.21762285657086977 16.98 0.014
0.21771508214783353 16.988 0.015
0.21780691076241965 16.983 0.012
0.21837944537446674 16.977 0.011
0.21867147339344228 16.978 0.014
0.22026285552715308 16.967 0.01
0.22181653572442883 16.989 0.011
0.22319921725102176 16.982 0.011
0.22361007685208278 16.969 0.015
0.2246331594685671 16.968 0.011
0.22539658264486206 16.986 0.015
0.2255076800720417 16.986 0.012
0.2257261562963322 17.023 0.014
0.22623976098293497 16.989 0.012
0.23058064213932994 16.999 0.012
0.23127439383006276 16.98 0.009
0.23393703578130953 16.959 0.01
0.23428297876466786 16.997 0.014
0.23429893624779652 17.041 0.015
0.23464259049387692 16.994 0.014
0.23637406693228513 16.988 0.013
0.2368803071358343 16.996 0.012
0.2429505360184976 16.982 0.014
0.24780806441413006 16.994 0.01
0.24927852967175568 17.003 0.014
0.2498261102223296 16.966 0.012
0.25086918197348496 16.971 0.013
0.25089988206855196 16.993 0.014
0.2509417335049875 16.984 0.014
0.2511886694669556 16.984 0.012
0.2518449722848004 16.993 0.014
0.2523507216606049 17.011 0.018
0.25430386284301676 16.986 0.014
0.254702766012997 16.975 0.011
0.25627856984556274 16.969 0.026
0.25733303938568497 16.957 0.023
0.25752815766895765 16.985 0.016
0.2577318747410118 16.984 0.011
0.25798076202215725 16.967 0.013
0.25807848801218825 16.978 0.013
0.25980227743525575 17.001 0.014
0.25989254797195827 16.971 0.014
0.26174857680189234 17.013 0.014
0.2638345474597372 16.994 0.012
0.2649056402219685 16.995 0.014
0.2654396764911553 17.01 0.013
0.26586424205288495 16.992 0.014
0.2661138153353022 16.999 0.01
0.2666818125821919 16.986 0.014
0.26886154828753206 16.954 0.013
0.2724674846126618 17.0 0.012
0.2729347513591165 17.02 0.011
0.27519638665148705 16.987 0.012
0.27545632024430233 16.996 0.012
0.27744254784568056 17.023 0.017
0.2779244075157976 17.03 0.016
0.27899516079287423 16.979 0.012
0.28067183737084633 16.994 0.014
0.2822625649298516 16.995 0.011
0.282263418399225 16.992 0.012
0.2837125010184991 16.997 0.014
0.2837233298278079 16.997 0.012
0.2852107966627955 17.03 0.014
0.2857661374187046 17.002 0.014
0.28802005137549713 17.004 0.011
0.28951077743863607 16.973 0.013
0.29168181015279515 16.988 0.009
0.29537978887287863 16.996 0.013
0.2974465614274777 17.007 0.013
0.2994724642003348 17.053 0.016
0.30198360868234886 16.97 0.014
0.30255119780213136 16.989 0.013
0.3035209344341183 17.031 0.015
0.3057573989896696 16.992 0.014
0.3098243569297665 17.011 0.013
0.31023722822101263 17.003 0.013
0.3108342802356674 17.027 0.014
0.31158568371529327 16.978 0.014
0.3117585799492417 17.008 0.016
0.31199328698221507 17.0 0.014
0.3122127783558426 17.035 0.013
0.3128315541488291 17.009 0.012
0.31340178141590513 16.984 0.012
0.31933079953660126 17.023 0.01
0.3196605423108849 16.998 0.016
0.3199838662824277 16.943 0.025
0.32029351861365285 17.021 0.014
0.3212044394476834 17.04 0.012
0.3214745447930909 17.033 0.016
0.32291690551210195 17.016 0.013
0.3229371634231484 17.024 0.011
0.32319987368691727 17.04 0.012
0.3248950073721062 17.022 0.013
0.32491314112007785 17.018 0.013
0.32525741644667505 17.018 0.011
0.3291422491854519 17.013 0.014
0.3294935205649381 17.04 0.013
0.3307325797818521 17.025 0.013
0.33258167747976586 17.054 0.013
0.3330959578297552 17.041 0.011
0.3346604957814634 17.021 0.013
0.3356808277778782 17.03 0.013
0.3392994511928009 17.021 0.014
0.339840609219209 17.05 0.015
0.341369407718048 17.046 0.02
0.34171649403651827 17.012 0.015
0.34684380152430094 17.044 0.017
0.34835987571750593 17.031 0.014
0.3496344763198067 17.058 0.012
0.35116939920681034 17.044 0.013
0.35143255853427036 17.035 0.014
0.3517991840963077 17.045 0.015
0.3530187218500487 17.032 0.009
0.35307282165058496 17.039 0.02
0.3533702822678606 17.041 0.014
0.35337572603111767 17.023 0.012
0.35633453474974885 17.055 0.011
0.3563769105076062 17.03 0.013
0.3566626962897317 17.017 0.013
0.3566882929342796 17.009 0.014
0.35725685626653103 17.029 0.018
0.35777555696051877 17.031 0.012
0.36049002320623913 17.031 0.01
0.3608636766601876 17.032 0.012
0.3611030967970237 17.026 0.014
0.36110485831864025 17.029 0.017
0.3625610440872151 17.054 0.014
0.3629472051711673 17.029 0.017
0.364264113716672 17.018 0.014
0.3654093661225488 17.043 0.011
0.36729834739730904 17.032 0.01
0.3690161344147782 17.029 0.01
0.36947613178335814 17.056 0.014
0.3707796271278312 17.042 0.011
0.3709493914925588 17.054 0.012
0.3711019359502643 17.052 0.013
0.37432298188514324 17.037 0.013
0.37595989190822365 17.069 0.013
0.3760129906181646 17.055 0.015
0.37635496976417926 17.038 0.012
0.3769586125988553 17.066 0.011
0.3769681818785102 17.039 0.018
0.37711636553694916 17.066 0.011
0.37790982141450513 17.046 0.013
0.3787431662453855 17.043 0.016
0.3818078349656844 17.083 0.014
0.38335985784385684 17.068 0.011
0.38380253027565914 17.041 0.013
0.38643632958610397 17.006 0.015
0.3870831913100119 17.075 0.014
0.3873080214170841 17.066 0.013
0.3874397493216293 17.047 0.012
0.39052571136426195 17.084 0.014
0.3905369065364539 17.048 0.014
0.39231191984822544 17.065 0.012
0.39354397267538843 17.048 0.013
0.39359125960470465 17.041 0.014
0.394600423306656 17.08 0.009
0.3960465832885802 17.052 0.011
0.3961114581425136 17.049 0.014
0.39630687662884156 17.044 0.016
0.4002902813840592 17.056 0.011
0.40089726697397055 17.046 0.011
0.4018045522916509 17.057 0.015
0.4022873303515553 17.041 0.013
0.40370952247576497 17.041 0.016
0.40439416966410136 17.043 0.016
0.4056533557120474 17.067 0.013
0.40601084327772696 17.028 0.013
0.40633341053944605 17.032 0.014
0.4064437586994245 17.065 0.015
0.4072188678758266 17.045 0.012
0.4075768351044644 17.034 0.011
0.4077183853520978 17.066 0.009
0.40883747502812184 17.043 0.012
0.40923206949992164 17.073 0.02
0.41015728760294223 17.079 0.015
0.4104490861279828 17.048 0.014
0.4105576520919385 17.063 0.015
0.41161771425549887 17.041 0.013
0.41206832180409947 17.053 0.011
0.4125169676963196 17.041 0.013
0.4129342601586359 17.043 0.015
0.41479333898519144 17.045 0.013
0.41678884103930613 17.03 0.01
0.4172168295760912 17.037 0.011
0.41756333864486805 17.07 0.014
0.41808538209511426 17.015 0.011
0.41974179331896266 17.041 0.013
0.4209780944729573 17.041 0.011
0.4248028063983611 17.066 0.01
0.4279828754552 17.036 0.015
0.42937291567631064 17.051 0.011
0.42966239651877913 16.986 0.011
0.4303968385306689 17.064 0.013
0.43227097960652827 17.046 0.013
0.43387751041223055 17.071 0.014
0.43476396139612916 17.039 0.014
0.43483605476598086 17.007 0.019
0.4349718746934741 17.046 0.011
0.435032253118834 17.049 0.014
0.4360442038284873 17.012 0.014
0.43678413881025335 17.05 0.011
0.43812929331215855 16.986 0.012
0.43846851894409156 17.023 0.014
0.4392161909754577 17.032 0.013
0.44006005241999446 17.054 0.011
0.44063626927368205 17.025 0.013
0.44137661899833347 17.03 0.01
0.4431030643495433 16.992 0.014
0.4459499019097848 17.016 0.012
0.44678242221584696 16.936 0.011
0.44876661951911956 17.05 0.009
0.45027120660734 17.009 0.014
0.4521371011987867 17.03 0.018
0.4587286511423372 17.049 0.013
0.45960353438721313 17.01 0.013
0.4611834190782247 17.028 0.013
0.4619036465210229 16.99 0.01
0.4640735685662776 16.938 0.013
0.46407443485463773 16.99 0.009
0.4647741256849258 16.943 0.013
0.46491834840071533 16.986 0.012
0.4654008783588779 16.924 0.011
0.46818326573293234 16.968 0.016
0.47039172705808596 17.004 0.014
0.4740488070524407 16.867 0.012
0.4762394273900554 16.934 0.014
0.4765480645723983 16.917 0.015
0.4782035499636095 16.927 0.013
0.47886958828939896 16.905 0.014
0.4788762349321587 16.97 0.012
0.4789453060111555 16.94 0.012
0.4795081022211889 16.915 0.012
0.4796570425896789 16.852 0.01
0.48008200428648706 16.858 0.014
0.48076455336217805 16.919 0.011
0.48227466236494365 17.012 0.012
0.4830280812568617 16.878 0.011
0.48629306102742476 16.935 0.009
0.4884834638622806 16.882 0.011
0.4892964002667668 16.826 0.012
0.49021661622759893 16.969 0.012
0.4913771810520302 16.935 0.01
0.4917753796132729 16.963 0.014
0.4921083973290479 16.909 0.011
0.4926412910904219 16.872 0.015
0.4926924794176557 16.965 0.014
0.49304328147150045 16.863 0.014
0.4969073638170016 16.909 0.01
0.49697736899906886 16.817 0.012
0.498555296167865 16.784 0.009
0.5006083143814521 16.931 0.012
0.501714095059242 16.831 0.01
0.5022743813074158 16.839 0.012
0.5023221032415677 16.797 0.01
0.5027382866901462 16.828 0.011
0.5052367122420947 16.889 0.014
0.507815797287094 16.86 0.011
0.5078749914405307 16.916 0.011
0.5082659698308589 16.887 0.014
0.5085893661657792 16.768 0.009
0.510837150358384 16.809 0.014
0.5109738237551937 16.775 0.011
0.5119820504596646 16.86 0.017
0.5130878935758574 16.848 0.012
0.5135684796578062 16.673 0.012
0.5141217409086494 16.768 0.012
0.5146147763164208 16.773 0.014
0.5166228223888538 16.679 0.013
0.5169111524533037 16.792 0.009
0.517016109778524 16.804 0.012
0.5170370797413852 16.659 0.01
0.5171067615640368 16.72 0.011
0.5176790749521842 16.659 0.011
0.5208070186843088 16.733 0.011
0.5211849882795718 16.787 0.01
0.5221740139863869 16.681 0.012
0.5228008084236535 16.819 0.012
0.5253514105750128 16.682 0.01
0.5258255071453277 16.757 0.009
0.5267132160040546 16.699 0.01
0.5273423409428233 16.702 0.011
0.5289153234465402 16.786 0.012
0.5311231376401793 16.722 0.009
0.53178228204888 16.762 0.012
0.5358370019625909 16.669 0.011
0.5364287272350339 16.763 0.01
0.5365378882293044 16.758 0.01
0.5374513897329507 16.688 0.01
0.5390917942668239 16.624 0.009
0.5394927145030124 16.682 0.013
0.5406312367388182 16.712 0.01
0.5423445876995174 16.72 0.009
0.5424186824232038 16.664 0.011
0.5430146113644696 16.694 0.01
0.5433243418479492 16.741 0.009
0.5454215494423806 16.673 0.009
0.5457322094798656 16.678 0.011
0.5458029064516268 16.587 0.009
0.5465304173312688 16.675 0.01
0.547113823756149 16.694 0.009
0.5482229471895153 16.608 0.009
0.5482883463646431 16.648 0.009
0.5502262487318603 16.633 0.009
0.5505891643472296 16.595 0.013
0.5514844874451228 16.603 0.014
0.5533972757247625 16.644 0.01
0.556282417282091 16.617 0.011
0.5576058599970111 16.609 0.013
0.5595561128629924 16.622 0.009
0.5598883015054525 16.603 0.011
0.560834309284246 16.607 0.011
0.5621908698451534 16.632 0.011
0.5622586933868661 16.642 0.009
0.5641749517812968 16.593 0.009
0.5664589141529177 16.613 0.011
0.5681511334714742 16.604 0.009
0.5686658620579692 16.63 0.013
0.5690159909293016 16.593 0.009
0.5699141353561572 16.582 0.011
0.5705397790156894 16.604 0.008
0.5709035005481837 16.598 0.009
0.5719018920910912 16.625 0.012
0.571968434601331 16.614 0.009
0.572014837461893 16.642 0.011
0.5755240592242217 16.619 0.011
0.5757451504398432 16.6 0.009
0.5758127006561153 16.599 0.009
0.5793177894591395 16.62 0.009
0.5805292209063282 16.609 0.009
0.5810551500412657 16.589 0.009
0.5819503561178863 16.594 0.011
0.5819856837219959 16.602 0.011
0.5847007160527937 16.603 0.009
0.5862014054641804 16.588 0.012
0.5869308155615727 16.604 0.01
0.5909528154188592 16.584 0.009
0.5910206939562386 16.629 0.011
0.5928334385635026 16.593 0.012
0.5935254183955294 16.598 0.008
0.595655678087951 16.599 0.01
0.5957975078640629 16.608 0.009
0.5959894033068167 16.614 0.009
0.5968543368499013 16.592 0.009
0.5991024315828781 16.636 0.01
0.5996394016538034 16.61 0.009
0.5998825271883561 16.611 0.008
0.6001065038258275 16.604 0.009
0.6021567296554622 16.601 0.009
0.605977574503413 16.599 0.009
0.6070754014567683 16.601 0.011
0.6072786119877378 16.654 0.011
0.6073043942956247 16.631 0.009
0.6084358468751816 16.619 0.01
0.6087194026370071 16.595 0.009
0.6105965833717164 16.612 0.011
0.61098247030327 16.58 0.009
0.6118328241541349 16.605 0.008
0.6134903861563998 16.604 0.011
0.6140890657179625 16.608 0.009
0.6178207490438012 16.608 0.009
0.6179178018519451 16.633 0.01
0.6193316044195853 16.634 0.009
0.6205833164058276 16.612 0.009
0.6206918703778683 16.602 0.009
0.6207418475560189 16.639 0.01
0.6227737519074026 16.612 0.012
0.6271791146764372 16.624 0.012
0.6275184035741859 16.618 0.007
0.6288432368992289 16.615 0.011
0.6294642121129073 16.607 0.009
0.6296771982616747 16.61 0.011
0.6316561105873006 16.629 0.01
0.6330588668433847 16.622 0.01
0.6360312057845476 16.626 0.009
0.6366209342527327 16.662 0.013
0.6373039323921148 16.615 0.009
0.6374284558391992 16.595 0.009
0.6375293844071734 16.622 0.011
0.6386305301329003 16.62 0.009
0.6398893126022358 16.631 0.01
0.6400616965070185 16.634 0.014
0.6405129259637761 16.643 0.016
0.6421270135310806 16.624 0.01
0.644191755787233 16.657 0.009
0.6443909995869035 16.672 0.009
0.6456320212878381 16.618 0.008
0.6474238352146813 16.676 0.01
0.6480418820028717 16.646 0.008
0.6480609266968713 16.635 0.011
0.6515000101298938 16.643 0.009
0.6534662122089685 16.627 0.014
0.6548316262760636 16.628 0.011
0.6557902384445242 16.694 0.011
0.6565230127998802 16.638 0.013
0.6573764435245266 16.681 0.013
0.65865365911759 16.651 0.009
0.6589935996955774 16.642 0.009
0.6595421896063272 16.651 0.01
0.6595697644478378 16.674 0.012
0.659824324986289 16.641 0.012
0.6605533418426148 16.655 0.01
0.6617640798453976 16.653 0.009
0.6619923784132311 16.696 0.01
0.6623645155530085 16.658 0.011
0.6629177321456154 16.689 0.01
0.6631412915585315 16.677 0.011
0.6633673692033426 16.691 0.009
0.6640633471929505 16.677 0.01
0.6668644306787428 16.661 0.013
0.6713500989814065 16.659 0.008
0.6721449566335878 16.696 0.009
0.6728085110489701 16.684 0.01
0.6737477894843664 16.667 0.011
0.6757336776004195 16.709 0.011
0.6757958101043187 16.676 0.009
0.6766768991983554 16.665 0.01
0.6782737296439336 16.681 0.01
0.6799707737113749 16.694 0.011
0.6802142515502965 16.657 0.011
0.6839212566214883 16.689 0.009
0.6849224769362081 16.676 0.011
0.6855212085988569 16.667 0.009
0.6856072597529419 16.689 0.012
0.6859211529683762 16.688 0.012
0.6867717206002908 16.678 0.011
0.6869613020826364 16.677 0.012
0.6886481661269954 16.668 0.009
0.6886900436138603 16.691 0.009
0.6908263363111473 16.656 0.01
0.6918936790170847 16.677 0.01
0.6922326156106919 16.692 0.012
0.6924681918267197 16.676 0.009
0.6931707560870564 16.695 0.01
0.6966512977155617 16.712 0.011
0.6973094997511566 16.718 0.013
0.7021002846747706 16.704 0.011
0.7035973513889076 16.698 0.012
0.7055002598483497 16.702 0.009
0.7059757656361398 16.719 0.01
0.7060583586671783 16.699 0.01
0.7080283108023195 16.674 0.011
0.7112573001245437 16.681 0.013
0.7132110892655419 16.724 0.011
0.7134910008280713 16.73 0.01
0.7138091237625304 16.695 0.009
0.7138214250553574 16.727 0.009
0.7142340929029842 16.708 0.013
0.7146045214494734 16.72 0.011
0.7147563269776356 16.672 0.009
0.7165237731899197 16.695 0.014
0.7180913230949955 16.707 0.009
0.7191547354580052 16.688 0.01
0.7197844368195092 16.693 0.009
0.7213425270233529 16.719 0.009
0.722716951727989 16.74 0.01
0.7233974630623834 16.726 0.009
0.7238141476756823 16.709 0.01
0.7241650146495431 16.696 0.009
0.7257615345545219 16.69 0.009
0.7257730663178563 16.709 0.009
0.7261590814357533 16.697 0.012
0.7266502585621311 16.715 0.01
0.7290171410463699 16.714 0.01
0.7328651542625266 16.708 0.01
0.7361122765054233 16.734 0.016
0.7362449757283684 16.707 0.01
0.736832773551896 16.724 0.009
0.7383550399479191 16.72 0.011
0.7395047887823694 16.713 0.011
0.7395149762487563 16.709 0.01
0.7408807529576507 16.739 0.014
0.742533800750607 16.715 0.009
0.7435828955819943 16.714 0.009
0.744112297726474 16.697 0.013
0.7441747192688126 16.702 0.009
0.7454888176494023 16.744 0.01
0.7470832869944388 16.727 0.011
0.748621578688244 16.737 0.01
0.751092058487302 16.742 0.011
0.7547336821635326 16.711 0.01
0.7558898787456201 16.749 0.012
0.7559218950200375 16.723 0.009
0.756978337380815 16.725 0.009
0.7576414642342115 16.728 0.012
0.7578001458991821 16.743 0.01
0.7578966772803142 16.724 0.01
0.7590664247593395 16.716 0.011
0.7598485171691891 16.735 0.011
0.7608970446754029 16.735 0.014
0.7627025608417171 16.732 0.011
0.7628735123721526 16.756 0.01
0.7643675708541195 16.733 0.01
0.7666773250437018 16.712 0.009
0.7668850477166416 16.743 0.013
0.7704834243854748 16.726 0.012
0.77052748558026 16.743 0.009
0.7706770887934908 16.715 0.009
0.7719364290778685 16.74 0.013
0.773081209263637 16.72 0.014
0.7739407354315517 16.794 0.015
0.7752698096398944 16.773 0.011
0.7759531079823319 16.758 0.009
0.7772127633559194 16.744 0.008
0.7803728201222384 16.737 0.014
0.7824544671957483 16.735 0.01
0.7838521216558547 16.769 0.012
0.7847051062112769 16.757 0.01
0.7855203462390818 16.773 0.013
0.78580823757693 16.737 0.01
0.7869491506851318 16.758 0.009
0.7882036161861379 16.748 0.016
0.7897057139874732 16.748 0.011
0.7897301466221052 16.764 0.01
0.7898417691977784 16.761 0.014
0.7927349843951106 16.72 0.012
0.79306951098215 16.75 0.011
0.7932536821949725 16.763 0.015
0.7986870387521776 16.752 0.01
0.8013250520680231 16.758 0.01
0.8023928252302994 16.733 0.009
0.8050779245136255 16.762 0.011
0.8053021132778895 16.762 0.01
0.8065564745763822 16.739 0.011
0.8075479006658952 16.756 0.014
0.807666983243962 16.761 0.009
0.8081174559907822 16.746 0.014
0.8087067353949351 16.753 0.01
0.809301748841392 16.75 0.01
0.8095154524180543 16.731 0.011
0.811163403376213 16.74 0.011
0.8120679463438591 16.715 0.011
0.8139803273234065 16.749 0.011
0.8152101120881525 16.778 0.011
0.8155583305770051 16.751 0.012
0.8156961679837877 16.757 0.014
0.8198578279682351 16.813 0.013
0.8199874763677144 16.753 0.011
0.8216393502264054 16.765 0.009
0.8218539482090819 16.774 0.009
0.8226748904392025 16.762 0.011
0.8236869424572433 16.79 0.009
0.8247422737367742 16.791 0.012
0.8254087536838597 16.764 0.009
0.8266305847234889 16.771 0.01
0.8289525471677734 16.752 0.009
0.8291427720596403 16.779 0.013
0.831974711944099 16.779 0.01
0.8345831118501792 16.779 0.01
0.8350986099662805 16.771 0.013
0.8356754040694341 16.821 0.011
0.8357777129103852 16.769 0.009
0.8385777192207797 16.795 0.016
0.8391404604349191 16.767 0.014
0.8398946277660571 16.766 0.011
0.840501879238559 16.778 0.011
0.8405914794871023 16.805 0.012
0.8422188834961162 16.787 0.009
0.8451599211086886 16.794 0.011
0.8468310265647574 16.764 0.014
0.8477647466975213 16.776 0.009
0.8482657523704802 16.767 0.011
0.8490411452089575 16.816 0.01
0.8506711613149491 16.789 0.011
0.851383156331849 16.787 0.01
0.8535540459738513 16.767 0.011
0.8545559522895019 16.81 0.016
0.856172456780314 16.823 0.011
0.8584597536378169 16.756 0.012
0.8584610243315183 16.819 0.01
0.8589810821417814 16.785 0.011
0.8592460728725655 16.803 0.016
0.8592611872234102 16.823 0.009
0.8593097866109929 16.804 0.01
0.8617494141449242 16.805 0.01
0.8621329370816966 16.824 0.009
0.8642722723316183 16.773 0.011
0.8646765328430774 16.778 0.012
0.8651258750737725 16.793 0.014
0.8659464306784912 16.813 0.011
0.8681827285931831 16.815 0.013
0.868333878719568 16.819 0.013
0.868841486376823 16.806 0.01
0.8689326318842063 16.831 0.011
0.8693303888247783 16.779 0.011
0.8703951508609862 16.816 0.009
0.8704858704609251 16.801 0.01
0.8705150161995334 16.801 0.014
0.8717506880022938 16.811 0.011
0.8722292541231127 16.808 0.012
0.873208645629802 16.805 0.014
0.8767507090183244 16.807 0.011
0.8770868160127065 16.825 0.014
0.8783461228033502 16.829 0.013
0.8797429973973294 16.807 0.013
0.8816351725672575 16.862 0.012
0.8817521338762617 16.811 0.011
0.8843757709435067 16.817 0.011
0.884828946757807 16.807 0.013
0.8861419882259725 16.824 0.011
0.8888164381602337 16.814 0.012
0.8908445746753841 16.808 0.009
0.8913862876221401 16.812 0.011
0.8932515416979641 16.803 0.014
0.8937908960260756 16.804 0.013
0.893936081789434 16.778 0.01
0.8943367642614248 16.812 0.009
0.8956026043947531 16.819 0.009
0.8981307835347252 16.822 0.009
0.8985891579048939 16.827 0.01
0.9000567079685879 16.836 0.013
0.9005136487253367 16.809 0.01
0.9013924333680734 16.807 0.009
0.9021244799586157 16.818 0.009
0.9039154404160854 16.8 0.011
0.9049342068915394 16.828 0.009
0.9051292834107585 16.808 0.009
0.9061990661966774 16.844 0.01
0.909393581383938 16.826 0.012
0.9115925755650096 16.808 0.009
0.911775776286504 16.823 0.013
0.9125303823443573 16.81 0.009
0.91512604305899 16.848 0.012
0.9158974431156821 16.836 0.011
0.9163155547271344 16.824 0.012
0.9164412839477336 16.834 0.011
0.9169864372373695 16.826 0.009
0.9175067088283413 16.814 0.013
0.9202642769425893 16.808 0.01
0.9206308607408573 16.83 0.011
0.920892566192606 16.792 0.015
0.9222807452381403 16.838 0.01
0.926130650229652 16.841 0.01
0.9272141641999951 16.829 0.01
0.9276377323931229 16.834 0.014
0.9279522698454912 16.828 0.014
0.928549229649434 16.838 0.01
0.9306887555239882 16.827 0.01
0.9308804611700907 16.834 0.012
0.9332985443855932 16.869 0.014
0.9344220515113193 16.835 0.011
0.9346472963610495 16.85 0.009
0.9362755406077667 16.833 0.014
0.9365171035155981 16.858 0.013
0.9384438785245948 16.848 0.015
0.9392029177447512 16.848 0.009
0.9397674308179376 16.849 0.013
0.9403529324613373 16.851 0.013
0.9411146044533325 16.841 0.009
0.9432499684237428 16.856 0.01
0.9441572880618878 16.836 0.011
0.9451956049451837 16.839 0.012
0.9477183506596703 16.833 0.01
0.9485990874491108 16.834 0.009
0.948653474633602 16.846 0.015
0.9527833015251872 16.842 0.012
0.954495715488747 16.871 0.011
0.9556580418352496 16.823 0.009
0.9590712499223173 16.854 0.011
0.9602816021274521 16.838 0.012
0.9609932411185582 16.814 0.013
0.962430902792903 16.865 0.01
0.9629321511914668 16.839 0.011
0.9630939849876086 16.87 0.013
0.963131126215103 16.872 0.011
0.9638454806781738 16.851 0.012
0.9651277029624907 16.846 0.011
0.9655959877520672 16.886 0.009
0.9658615267876485 16.867 0.012
0.9663973349156549 16.87 0.014
0.9670379626729755 16.845 0.011
0.9674448092305283 16.839 0.013
0.9679329624113961 16.87 0.009
0.9680637094879785 16.908 0.012
0.9691569750918916 16.88 0.01
0.9693144203840802 16.849 0.012
0.9694418768053765 16.877 0.01
0.9702648046754803 16.839 0.012
0.9717751692237471 16.845 0.01
0.9730485065745142 16.878 0.011
0.9732733552891659 16.862 0.015
0.9733209870798873 16.867 0.01
0.9749915988138582 16.857 0.009
0.9753453913192516 16.879 0.013
0.9753584753721043 16.871 0.01
0.9757423841069794 16.87 0.01
0.9802498700532851 16.855 0.01
0.9803566410016629 16.902 0.017
0.9810299656586494 16.871 0.011
0.9814385216363917 16.88 0.012
0.9833850422269279 16.888 0.012
0.9842917511214182 16.885 0.013
0.9858717772303862 16.86 0.01
0.986111995840929 16.879 0.013
0.9878602981177096 16.894 0.014
0.9913120723624615 16.867 0.014
0.9922391040886396 16.87 0.009
0.9926743471173722 16.87 0.014
0.9939405999266455 16.894 0.012
0.9969015663025402 16.867 0.011
0.997528713044403 16.876 0.012
