0.0004675675162616466 16.671 0.009
0.0030055100832214743 16.696 0.012
0.0031398901686771064 16.702 0.011
0.003889627826674791 16.655 0.009
0.004632689041636717 16.68 0.011
0.005038370991678698 16.69 0.01
0.00539106098121922 16.66 0.011
0.006064819180119252 16.661 0.009
0.006155330252022417 16.676 0.011
0.006879629692230105 16.687 0.01
0.006910611038983938 16.668 0.01
0.007163272499178697 16.665 0.012
0.007990162425949188 16.667 0.011
0.00799087083057659 16.686 0.009
0.009109203632669982 16.672 0.012
0.0103479993811334 16.665 0.009
0.01068036345568546 16.686 0.011
0.010788692107689735 16.68 0.011
0.012258507697788468 16.707 0.011
0.012513122336736182 16.682 0.012
0.01254936501836712 16.715 0.01
0.013882854517214605 16.699 0.012
0.0158275826651334 16.701 0.01
0.016410806567841996 16.67 0.008
0.016927981988737906 16.674 0.011
0.018173380736607236 16.692 0.01
0.0186598145941389 16.67 0.01
0.019709828883515024 16.684 0.009
0.0206884900880141 16.7 0.01
0.02209453122022753 16.689 0.012
0.022935516015786583 16.7 0.01
0.024117903590558876 16.686 0.012
0.02569577321301042 16.699 0.012
0.025813375102097802 16.708 0.014
0.027353758747176493 16.709 0.012
0.028090088418048276 16.722 0.012
0.028833826160075682 16.702 0.01
0.03038151529235622 16.697 0.009
0.03261638666108413 16.701 0.011
0.03331567427303528 16.688 0.01
0.03346691339620522 16.691 0.009
0.0347614291800028 16.681 0.008
0.034878324143301165 16.69 0.012
0.03691165936779728 16.715 0.012
0.0445389858060935 16.713 0.01
0.04562979548645674 16.704 0.012
0.04610682904140051 16.713 0.011
0.04704933580060244 16.722 0.01
0.04734011649670722 16.703 0.01
0.04890879964059425 16.727 0.011
0.05155074358563072 16.724 0.012
0.05158695586887918 16.693 0.01
0.05300191159758472 16.726 0.01
0.05429383080982009 16.715 0.012
0.05433404782061191 16.699 0.012
0.05524221315581601 16.694 0.012
0.056755157477618945 16.697 0.011
0.056769729399457014 16.708 0.013
0.05817909303677882 16.723 0.011
0.05911569085210433 16.701 0.012
0.0614554296907045 16.722 0.012
0.06290376112601737 16.724 0.01
0.06335971539228924 16.752 0.012
0.06362798098316491 16.719 0.011
0.06431787694637026 16.754 0.012
0.06499145867237532 16.73 0.014
0.06577028529422935 16.725 0.011
0.06586949270185871 16.714 0.012
0.06595032715054006 16.73 0.012
0.06597500800116907 16.708 0.01
0.06938220719976018 16.732 0.015
0.07069425877025426 16.711 0.011
0.07105234729388032 16.704 0.011
0.07232807386335482 16.717 0.009
0.07313950994957852 16.716 0.009
0.07353515242075448 16.718 0.012
0.07369304794419806 16.727 0.01
0.0741223276502524 16.719 0.009
0.07538653439896736 16.73 0.011
0.07538657914565194 16.739 0.008
0.07600252249394546 16.744 0.009
0.0767825938902661 16.716 0.01
0.07859765086723203 16.709 0.012
0.07917393953530338 16.717 0.01
0.07960253258161176 16.718 0.011
0.0838044114147124 16.735 0.012
0.08413215458690504 16.701 0.012
0.08512234870377144 16.751 0.01
0.08727418060495895 16.736 0.01
0.08814196702783195 16.756 0.012
0.08942448150050952 16.736 0.013
0.08989739465314417 16.745 0.01
0.09144311899481183 16.751 0.013
0.0920033581354801 16.746 0.01
0.09204430381569184 16.733 0.011
0.09223919369278522 16.72 0.011
0.09245683424355777 16.751 0.014
0.09382716632708255 16.734 0.011
0.09394074618185189 16.734 0.014
0.09430822931281002 16.735 0.009
0.09449152274410155 16.739 0.01
0.09462458712723676 16.747 0.011
0.09679319574674994 16.724 0.012
0.09739092234340208 16.74 0.011
0.10057775143686742 16.76 0.01
0.10240833592015408 16.741 0.012
0.10386874824907866 16.738 0.01
0.10512553235585076 16.756 0.01
0.1056489578308174 16.76 0.009
0.10580959304061255 16.758 0.014
0.10639608730550665 16.725 0.01
0.10697373938219246 16.762 0.01
0.10699586692944651 16.754 0.012
0.10754933547368639 16.766 0.013
0.10769045427869062 16.743 0.011
0.10953112025108569 16.757 0.01
0.10959901363175961 16.755 0.008
0.11070810781179719 16.75 0.01
0.11093524999230342 16.736 0.01
0.11189502805191298 16.767 0.01
0.11256886139508426 16.758 0.012
0.11258151623169399 16.753 0.012
0.1126266979907996 16.734 0.014
0.1133460601216939 16.763 0.012
0.11344688529188718 16.753 0.009
0.11504578797657816 16.768 0.012
0.11515325349719208 16.74 0.013
0.11621321037537202 16.739 0.012
0.11650680886250486 16.731 0.012
0.11703417109358727 16.751 0.009
0.11749630026943125 16.77 0.014
0.11791350056128069 16.726 0.01
0.11823729980405917 16.762 0.011
0.11872548610826927 16.775 0.012
0.11875258705813396 16.802 0.013
0.11881839849311293 16.765 0.012
0.12026405229507875 16.74 0.012
0.1225708333835428 16.744 0.013
0.12276485147494898 16.738 0.012
0.12316599654413951 16.739 0.01
0.12395398516437128 16.769 0.011
0.1251564299508573 16.775 0.011
0.1261513661183017 16.753 0.01
0.12863080547267602 16.776 0.014
0.13010005999003627 16.754 0.01
0.13016647154963723 16.781 0.009
0.1318157476573788 16.756 0.009
0.13286018716225956 16.778 0.015
0.13304093890237711 16.77 0.012
0.13523568127507135 16.763 0.011
0.13586720700905064 16.763 0.012
0.1368592517200341 16.806 0.008
0.13801674314108825 16.771 0.012
0.1392419791322027 16.761 0.012
0.14077033528487848 16.754 0.011
0.1419653806537099 16.774 0.01
0.1431557591175988 16.788 0.01
0.14353462487033541 16.778 0.011
0.1437792304287996 16.777 0.011
0.1442353075459778 16.769 0.009
0.1460100651933317 16.781 0.011
0.14607526363433865 16.761 0.013
0.14627559109694632 16.755 0.013
0.14743293940218793 16.767 0.011
0.14752893998118 16.753 0.01
0.15052512688853315 16.788 0.011
0.1529179543553255 16.794 0.012
0.1536676371333897 16.765 0.011
0.15656296847273554 16.783 0.01
0.15703516012936236 16.785 0.012
0.15921029364508288 16.788 0.012
0.159935220427451 16.791 0.012
0.16006760680365917 16.766 0.011
0.1608736458355452 16.768 0.012
0.16298632924999767 16.803 0.012
0.16363468658189506 16.795 0.013
0.16455491550404988 16.8 0.012
0.1653261259260944 16.782 0.012
0.1658044895342755 16.782 0.011
0.16650228223252272 16.769 0.012
0.16736900309015257 16.797 0.012
0.16751878065806525 16.834 0.01
0.16765779155584826 16.785 0.01
0.167703470633478 16.785 0.011
0.17023799380549465 16.773 0.011
0.17069366753573834 16.785 0.011
0.17123038976003502 16.777 0.01
0.17246780205632606 16.801 0.014
0.17255630484773976 16.804 0.012
0.17460398781681763 16.793 0.01
0.17579571511887482 16.778 0.009
0.1778116490194407 16.8 0.012
0.17911877341330185 16.804 0.012
0.18005191596366787 16.785 0.011
0.18168040766763627 16.812 0.01
0.18227007414716356 16.82 0.015
0.18311912771368954 16.809 0.012
0.18368877876891931 16.835 0.011
0.18440841847805134 16.812 0.012
0.18475350092139708 16.796 0.014
0.1853494360192599 16.803 0.009
0.18617918130930777 16.793 0.008
0.18657879537240663 16.801 0.011
0.18666816129634756 16.796 0.012
0.18860899891355987 16.81 0.012
0.18871972614194876 16.806 0.012
0.18977032894408696 16.812 0.011
0.19030589736657932 16.813 0.011
0.1905127467665807 16.82 0.014
0.19081628340497903 16.824 0.01
0.19148270150290048 16.804 0.011
0.19486577796546956 16.812 0.011
0.19500813732920508 16.808 0.012
0.1956154839680494 16.796 0.013
0.19628448850507996 16.818 0.011
0.2006011961811055 16.829 0.012
0.20202680290358332 16.8 0.011
0.20235789897960788 16.849 0.011
0.2045795240404914 16.825 0.011
0.2047621177220208 16.834 0.013
0.20511489446826092 16.804 0.012
0.20665465498714186 16.801 0.011
0.2087531886535544 16.81 0.012
0.2104347257178688 16.843 0.012
0.21123687843523842 16.81 0.014
0.21200873225043326 16.839 0.015
0.2138371265076785 16.824 0.012
0.2140252964522006 16.828 0.012
0.2142516202466368 16.812 0.011
0.21586719558617917 16.853 0.013
0.21618160022162558 16.816 0.009
0.21660559137526436 16.82 0.012
0.21733364688307122 16.819 0.015
0.21782684985773815 16.827 0.01
0.21784764587337124 16.834 0.011
0.2204265860413216 16.828 0.01
0.22192936803414798 16.809 0.011
0.22320567446276984 16.827 0.01
0.22331313428812793 16.831 0.012
0.22428847594655965 16.816 0.012
0.2244503284909115 16.884 0.018
0.22446520121493452 16.846 0.01
0.224662634262495 16.844 0.013
0.22538149611718838 16.843 0.012
0.22566427157598812 16.824 0.012
0.22591357591741146 16.828 0.016
0.22598947601582042 16.828 0.013
0.22718711943516612 16.822 0.01
0.22876520879790407 16.818 0.009
0.2296988284005238 16.852 0.016
0.2307964996492956 16.827 0.013
0.23306722022371107 16.814 0.009
0.23352062414542163 16.838 0.012
0.23476472301708784 16.838 0.011
0.23499376201780253 16.825 0.012
0.2351571586596265 16.819 0.011
0.23800661862187555 16.837 0.012
0.23806240366902787 16.829 0.01
0.23933211870999005 16.824 0.011
0.23982794000087326 16.842 0.011
0.23984449276340458 16.851 0.012
0.23996222467635564 16.818 0.01
0.24017647645259788 16.848 0.011
0.24075818096243895 16.819 0.013
0.24205807649323108 16.847 0.011
0.2422408493834155 16.832 0.012
0.2427795999314185 16.826 0.012
0.24326851490641277 16.834 0.012
0.24457732651299013 16.851 0.013
0.24568306653284255 16.84 0.01
0.2484124160488591 16.826 0.011
0.24968805734058608 16.823 0.012
0.25049080152930403 16.84 0.013
0.2531939218819389 16.858 0.011
0.25611828264563885 16.835 0.01
0.2574294582149378 16.862 0.012
0.25802476153207865 16.87 0.017
0.2581584230810222 16.838 0.011
0.2594387545022073 16.826 0.01
0.2602979587863047 16.853 0.012
0.2612465608716775 16.85 0.014
0.2631294939227701 16.84 0.011
0.26319796716270505 16.863 0.011
0.2634941389975666 16.843 0.012
0.2638072121016194 16.878 0.014
0.26543013050049924 16.879 0.011
0.26634719016637975 16.85 0.012
0.269605269760541 16.859 0.011
0.27063050630877117 16.84 0.012
0.2722935925334241 16.835 0.013
0.27534420973361196 16.842 0.012
0.27675484410510764 16.849 0.012
0.2779232250461746 16.825 0.011
0.27926196131002146 16.831 0.011
0.2801695309582556 16.833 0.014
0.2814405327839268 16.849 0.012
0.28162050962819196 16.849 0.011
0.283031408486886 16.887 0.015
0.283056151391088 16.855 0.01
0.28606829959007885 16.873 0.01
0.28704307448051625 16.858 0.01
0.28932162973696907 16.889 0.01
0.29173065132581544 16.852 0.014
0.29225518563375774 16.888 0.012
0.2925429374532996 16.857 0.012
0.2933676515030129 16.86 0.012
0.29519762595045906 16.859 0.013
0.2952217299010954 16.878 0.01
0.2956322955373253 16.867 0.012
0.2976951851668673 16.893 0.012
0.29816411659467124 16.869 0.016
0.298326621185106 16.879 0.01
0.29835830819993137 16.88 0.01
0.2987021906159498 16.867 0.014
0.29888235532248475 16.872 0.011
0.3011180072820935 16.855 0.01
0.3030478817139738 16.903 0.013
0.30387958883616195 16.864 0.011
0.30429532757161726 16.877 0.011
0.3063705047447002 16.86 0.012
0.30696703848789186 16.875 0.012
0.30855242172506225 16.872 0.012
0.30917843051283855 16.873 0.012
0.3091944222018356 16.884 0.013
0.31116676740307414 16.857 0.01
0.31196279735413557 16.864 0.012
0.3120891071906954 16.842 0.012
0.31281205187488015 16.881 0.011
0.3137034622367537 16.869 0.012
0.3146446431595905 16.9 0.012
0.3151994259282219 16.879 0.01
0.3159485666418732 16.892 0.012
0.31612041391817913 16.876 0.014
0.31651276132461137 16.913 0.014
0.3165907043175139 16.895 0.01
0.3169459693557656 16.857 0.012
0.31777706644188586 16.861 0.011
0.3191468216249632 16.855 0.012
0.31990060602006454 16.867 0.012
0.3205373004149351 16.858 0.014
0.3213944734167399 16.867 0.012
0.32476011837879926 16.864 0.013
0.32508799749339234 16.893 0.012
0.3259456591594244 16.882 0.012
0.32651681821780587 16.901 0.014
0.326635679451465 16.881 0.016
0.3274459110727094 16.9 0.012
0.32793630217374814 16.876 0.011
0.3319688825953563 16.886 0.012
0.33217048818905826 16.911 0.015
0.33307588195966675 16.874 0.014
0.3337510483146616 16.888 0.015
0.3375021892460609 16.883 0.011
0.3376896507860693 16.898 0.014
0.3387684359303421 16.86 0.01
0.34014089470692854 16.907 0.01
0.34041631549498563 16.873 0.01
0.3409477158089885 16.887 0.012
0.34220251781780464 16.906 0.012
0.34425749614083545 16.899 0.011
0.3461055499191389 16.874 0.012
0.3473669836243062 16.893 0.015
0.3484445818325185 16.886 0.012
0.3493031629895086 16.897 0.01
0.35187327531857593 16.897 0.013
0.3520726818104777 16.891 0.009
0.35264581579249354 16.883 0.012
0.3527801640015241 16.879 0.017
0.3536769902042579 16.872 0.011
0.35411018514278114 16.903 0.011
0.35435012379675757 16.872 0.012
0.3560611242932282 16.876 0.016
0.3591988680067516 16.867 0.012
0.36212258685750387 16.88 0.012
0.3640188962407592 16.884 0.013
0.36430635021670243 16.912 0.013
0.36457506268325235 16.9 0.012
0.3668200991181948 16.872 0.013
0.3668584178289166 16.893 0.012
0.3672279423748478 16.871 0.011
0.3677928701655674 16.874 0.012
0.3684525436277909 16.889 0.011
0.3694112024990318 16.886 0.011
0.3696656987257484 16.887 0.013
0.36971549398995196 16.888 0.008
0.36997688639953596 16.877 0.012
0.3701789126870608 16.873 0.012
0.3756464034653618 16.868 0.015
0.377626790218892 16.889 0.01
0.37901811631345483 16.891 0.012
0.3793768452709628 16.896 0.012
0.3795514351935708 16.888 0.01
0.38040330507183173 16.898 0.011
0.3818771543073126 16.891 0.011
0.38203031495404505 16.893 0.012
0.3844083638499797 16.876 0.012
0.38456293982690115 16.893 0.012
0.3859091160396929 16.908 0.013
0.38604478416757504 16.914 0.012
0.3885142809333729 16.878 0.011
0.38892329108321066 16.901 0.009
0.3892766259445125 16.879 0.013
0.38934049137460536 16.89 0.013
0.39018965913842296 16.889 0.014
0.3949442763656862 16.883 0.011
0.3966834651218051 16.879 0.013
0.39697779523739884 16.886 0.012
0.3986826512231346 16.898 0.012
0.3988184105459368 16.876 0.01
0.39936785261888874 16.895 0.012
0.39995307466952 16.889 0.011
0.4 16.946 0.013
0.4012691512320089 16.866 0.014
0.4025716752122662 16.88 0.012
0.4063489427220702 16.877 0.011
0.407944987087285 16.898 0.012
0.4085974272485601 16.878 0.01
0.4096305622350883 16.881 0.012
0.41016315244442014 16.895 0.011
0.4117540382798325 16.902 0.014
0.41250444551260446 16.884 0.012
0.412705818275208 16.883 0.012
0.4128302137618448 16.891 0.01
0.4185293460290268 16.896 0.015
0.4236255049339889 16.888 0.012
0.4237745827507752 16.905 0.011
0.4242428260394263 16.893 0.012
0.4255521334852347 16.86 0.013
0.4256440512334848 16.884 0.012
0.42799263248152786 16.916 0.01
0.4295813987982001 16.881 0.012
0.43167059421548404 16.911 0.012
0.4318432611352364 16.89 0.01
0.4336467997703949 16.901 0.013
0.43449468792382506 16.88 0.011
0.4354916034525559 16.904 0.011
0.43676454980404744 16.911 0.014
0.43777433547065814 16.902 0.012
0.44020005715369737 16.885 0.012
0.44049759831377744 16.893 0.013
0.4418049555396465 16.89 0.015
0.4426136966852937 16.897 0.011
0.4430826352874192 16.903 0.011
0.4436689995276538 16.903 0.012
0.4437644002031448 16.911 0.011
0.4461323112513128 16.896 0.012
0.4476506093605167 16.909 0.013
0.447723207219633 16.894 0.009
0.4477747707582239 16.878 0.012
0.44841364968433484 16.885 0.012
0.45151997382836273 16.913 0.01
0.45325581559873174 16.906 0.011
0.45363873378337305 16.898 0.012
0.45384300813489065 16.883 0.011
0.45395650988612035 16.909 0.012
0.45439321075527916 16.917 0.012
0.4545267408006112 16.904 0.012
0.45506336613507303 16.862 0.015
0.45571512976985107 16.892 0.012
0.4570674156574569 16.892 0.012
0.45788558476797336 16.886 0.012
0.458218190104526 16.9 0.011
0.4584123802307204 16.889 0.012
0.45871203647177483 16.906 0.012
0.4597136174263824 16.912 0.014
0.46012327962207566 16.896 0.012
0.4603390001283515 16.884 0.013
0.4625833412495922 16.9 0.012
0.46260074405236085 16.901 0.011
0.46443549664413697 16.878 0.012
0.46542830611829233 16.888 0.009
0.46552157862188326 16.875 0.012
0.46712385277444357 16.894 0.011
0.4674623497479843 16.901 0.01
0.46774173347366743 16.886 0.01
0.4680286206816163 16.883 0.012
0.4688407535608349 16.906 0.012
0.4699095007057622 16.891 0.014
0.47034619861644844 16.904 0.012
0.47054569482443187 16.892 0.014
0.47090782291106736 16.911 0.012
0.4711524212947552 16.897 0.01
0.4712578483585276 16.906 0.013
0.47277327653355317 16.894 0.012
0.4732617446325321 16.879 0.011
0.4743197685978885 16.856 0.015
0.4743553127854284 16.905 0.011
0.4743655603921525 16.889 0.007
0.4744945434237252 16.902 0.013
0.4750178141709057 16.899 0.01
0.47507899057827674 16.906 0.016
0.475082872454459 16.901 0.01
0.47550609588633963 16.877 0.013
0.477502565302666 16.882 0.016
0.47751530985478896 16.874 0.012
0.47965348784546225 16.889 0.015
0.480364309847937 16.896 0.012
0.48312321376899947 16.889 0.012
0.4847476199060111 16.885 0.012
0.48525930286214136 16.875 0.015
0.4856046614044317 16.872 0.012
0.485608063269774 16.881 0.011
0.48667560173353197 16.908 0.012
0.4877585535067738 16.893 0.01
0.48778515144331325 16.892 0.013
0.4883650602377202 16.87 0.012
0.4898679087219989 16.897 0.012
0.49061152657250207 16.88 0.012
0.4935020449314834 16.89 0.012
0.49455332426023235 16.87 0.011
0.4946951601235924 16.891 0.012
0.49470526313566554 16.864 0.012
0.4949335850782518 16.883 0.014
0.49500014692821426 16.899 0.017
0.49533402891679545 16.883 0.012
0.49646924967546513 16.903 0.012
0.49954651969110275 16.863 0.013
0.5003016472292302 16.897 0.012
0.50273091833119 16.893 0.013
0.5030351331978636 16.894 0.012
0.5031634525716072 16.882 0.011
0.5036134719347501 16.87 0.01
0.5053763335920621 16.904 0.012
0.5078618047404234 16.887 0.012
0.5088116646910749 16.885 0.012
0.5089514027803489 16.903 0.012
0.5093174777556669 16.876 0.011
0.5096278920122131 16.91 0.012
0.5109880632470777 16.842 0.012
0.5128328871941449 16.882 0.011
0.5187384190257035 16.868 0.011
0.5191837700043834 16.886 0.011
0.5192194024285982 16.881 0.011
0.5193697366315974 16.878 0.012
0.5216096145375332 16.892 0.012
0.5269164310538145 16.885 0.014
0.5294173703907973 16.901 0.013
0.5296633220511012 16.907 0.014
0.5305151385290628 16.868 0.012
0.5325264141778462 16.855 0.011
0.5327951034209036 16.883 0.014
0.5364306549603498 16.87 0.012
0.5367485712203234 16.878 0.012
0.5367619388988715 16.845 0.013
0.5371288451288138 16.858 0.012
0.5394355481140792 16.897 0.012
0.5395839724057169 16.86 0.01
0.5403592092997315 16.861 0.009
0.5414536072284136 16.882 0.012
0.5423603760199512 16.872 0.012
0.5428895846293017 16.855 0.012
0.5435963584153797 16.85 0.011
0.5459025697777178 16.872 0.012
0.5465187457354204 16.837 0.014
0.5467974860693174 16.859 0.012
0.5470150890472723 16.869 0.014
0.550496297219206 16.86 0.011
0.5523947318158888 16.87 0.015
0.5533994718938628 16.843 0.013
0.5537454058579896 16.819 0.012
0.5549863297786941 16.874 0.011
0.5588487951048591 16.831 0.016
0.5594931939357592 16.864 0.014
0.5608918082101808 16.849 0.011
0.5610006371392955 16.857 0.012
0.5621594052121508 16.852 0.011
0.5628432577695093 16.812 0.013
0.5654913548791227 16.841 0.01
0.5656983473944819 16.833 0.012
0.5658399635177829 16.837 0.01
0.565959488408589 16.801 0.013
0.5659603500620505 16.828 0.01
0.5696723091508828 16.796 0.013
0.5697234228549859 16.833 0.014
0.570509482777561 16.828 0.012
0.5712355994551443 16.843 0.013
0.5723957771630466 16.849 0.012
0.5724442307631761 16.818 0.014
0.5730950677329019 16.86 0.012
0.5737244739483685 16.835 0.012
0.5751029472115987 16.789 0.01
0.5765916560793811 16.825 0.013
0.5779996634818416 16.829 0.01
0.5786733969772739 16.838 0.011
0.5790510149974124 16.853 0.012
0.5791618247671066 16.803 0.009
0.5791827045808531 16.837 0.014
0.5800996226102142 16.82 0.012
0.5805670245112196 16.801 0.01
0.5834994036048555 16.812 0.012
0.584069831034776 16.829 0.013
0.5850982744126667 16.822 0.012
0.5853837996909532 16.823 0.011
0.5874804147919348 16.828 0.011
0.5876260863054994 16.845 0.012
0.5880917315436363 16.812 0.011
0.5881604027794309 16.804 0.014
0.5887466802627386 16.794 0.011
0.5890918986473479 16.777 0.011
0.5900143351026599 16.803 0.012
0.5910998517914776 16.81 0.012
0.5914934990736582 16.786 0.012
0.5920321977013372 16.773 0.012
0.5924756733819776 16.824 0.011
0.5931856438645808 16.801 0.009
0.5933926030235397 16.832 0.012
0.5966472184758458 16.79 0.012
0.5968689737341264 16.806 0.011
0.5983515410502149 16.766 0.012
0.6000559358111786 16.792 0.012
0.6002149446052498 16.784 0.01
0.6009654037583458 16.789 0.012
0.6024770237233041 16.802 0.009
0.6051794386297842 16.794 0.012
0.6055334240576484 16.789 0.013
0.6062945717773345 16.8 0.01
0.6071564811344614 16.809 0.011
0.6092892506811949 16.786 0.011
0.6132163953856433 16.786 0.013
0.6161278513976867 16.737 0.012
0.617492293324085 16.783 0.012
0.617634726353026 16.771 0.012
0.6177435913753242 16.759 0.01
0.617799910056783 16.754 0.012
0.6192792675847385 16.784 0.009
0.6209483799078952 16.724 0.011
0.6219460354963302 16.765 0.011
0.6220493561326292 16.731 0.01
0.6221120707197314 16.737 0.009
0.6222840292345153 16.796 0.012
0.6225050847421243 16.77 0.012
0.6231249779370045 16.703 0.012
0.6233414068487035 16.794 0.012
0.6267942144176231 16.757 0.012
0.6305413375311217 16.727 0.009
0.6317874432037569 16.687 0.01
0.6322370156912256 16.749 0.012
0.6322745768128697 16.742 0.009
0.6325882498199689 16.759 0.01
0.6338081740347206 16.745 0.011
0.6361984078884233 16.7 0.013
0.6362075943674426 16.688 0.01
0.6368693742573668 16.74 0.012
0.6372388829753617 16.739 0.011
0.6386676950472974 16.709 0.011
0.6402671007453136 16.719 0.011
0.6412601198267338 16.749 0.012
0.6416785332370636 16.715 0.011
0.641784690449549 16.71 0.009
0.641846488504052 16.69 0.01
0.6428494645234877 16.732 0.01
0.6428648750965293 16.674 0.009
0.6438355570229759 16.691 0.012
0.6446812737375693 16.68 0.01
0.6456049883235209 16.723 0.012
0.6460322960646407 16.718 0.01
0.6479595593549674 16.697 0.011
0.648454607228723 16.679 0.012
0.648579060553311 16.705 0.012
0.6490034276543155 16.696 0.01
0.6493789839932105 16.682 0.011
0.6499742887898718 16.7 0.011
0.6501401173649355 16.645 0.01
0.6506681894792563 16.716 0.011
0.6512203858095744 16.679 0.01
0.6514226375321868 16.737 0.012
0.6518806463049258 16.655 0.012
0.6529641663259098 16.636 0.012
0.6548949615061246 16.712 0.01
0.6584371379571166 16.687 0.011
0.6586762468354208 16.631 0.012
0.6597739526972872 16.693 0.01
0.6625437100446105 16.678 0.011
0.6625900816988177 16.689 0.012
0.6632395206455839 16.635 0.01
0.6649177324692572 16.687 0.012
0.6662403888070911 16.653 0.009
0.6681542945510954 16.668 0.011
0.6699169409065688 16.663 0.011
0.670351477510303 16.674 0.012
0.6709871612191818 16.668 0.01
0.6721511760573775 16.683 0.012
0.6729703049673161 16.667 0.011
0.6730291984746599 16.669 0.012
0.6732113613287765 16.639 0.011
0.6735902891354271 16.665 0.011
0.6755994452654703 16.663 0.01
0.6797053017743564 16.637 0.007
0.6802171913790516 16.634 0.009
0.6804609295894806 16.628 0.009
0.6828531947257033 16.641 0.011
0.6830412865664583 16.63 0.01
0.6834746997667707 16.671 0.01
0.683625746812504 16.591 0.01
0.6856497262596348 16.672 0.012
0.686457270336541 16.639 0.009
0.6895676108194038 16.654 0.01
0.6899416158875282 16.644 0.012
0.6903488491083407 16.63 0.011
0.6903649737813793 16.628 0.012
0.6907713611771213 16.621 0.011
0.6910185590912987 16.61 0.01
0.6912222117951159 16.654 0.011
0.6914041549092871 16.608 0.01
0.6923500042165869 16.626 0.009
0.6958156401355153 16.607 0.01
0.6980916435681137 16.62 0.01
0.6996273024700712 16.585 0.012
0.699865091206584 16.626 0.009
0.7005071581751507 16.598 0.01
0.7009593895089892 16.61 0.011
0.702203499992629 16.601 0.011
0.7024728311488615 16.617 0.009
0.704619175022708 16.608 0.012
0.7051389788925007 16.599 0.01
0.7054071043256953 16.591 0.01
0.7054695732125764 16.607 0.011
0.7070873083795504 16.611 0.01
0.7071322820110253 16.61 0.009
0.709202741614058 16.595 0.01
0.7109155407837533 16.587 0.01
0.7115524361323877 16.577 0.011
0.7121395752691568 16.595 0.01
0.7130929020976509 16.583 0.008
0.7140420796046327 16.617 0.009
0.7140581407442368 16.613 0.01
0.7144881288550322 16.609 0.01
0.714754791253108 16.602 0.01
0.7189654299540051 16.583 0.012
0.7210270458903323 16.554 0.01
0.7215880208754242 16.574 0.008
0.727124710605858 16.571 0.011
0.7275022606544552 16.555 0.011
0.7280403072358239 16.504 0.01
0.7294860621434736 16.587 0.008
0.7296304802290705 16.6 0.011
0.7301113768748109 16.589 0.009
0.7302315884259314 16.598 0.01
0.73050439385579 16.586 0.01
0.7307852131770232 16.578 0.01
0.7308873337855402 16.544 0.009
0.7319499826457103 16.595 0.012
0.7319768421101798 16.606 0.011
0.7325236833961752 16.574 0.01
0.7327286661519792 16.586 0.011
0.7329422903639169 16.57 0.009
0.7345060203705542 16.575 0.01
0.73464383124101 16.563 0.008
0.7350362120040699 16.566 0.008
0.7367169192929395 16.576 0.012
0.7369471612804772 16.56 0.011
0.7394878477492965 16.554 0.011
0.7407078471091153 16.576 0.01
0.7437866451718036 16.565 0.007
0.7456647985999552 16.561 0.008
0.7457090623469411 16.529 0.009
0.7470311808368932 16.552 0.012
0.7471587339681718 16.553 0.011
0.7473529646244059 16.552 0.011
0.7484525962264796 16.526 0.007
0.7502415483690128 16.55 0.008
0.7504135936411784 16.562 0.01
0.7507266002538926 16.556 0.008
0.7519391552267733 16.565 0.01
0.7537078262011163 16.55 0.008
0.7541875344312756 16.58 0.009
0.7558232594355103 16.579 0.01
0.7560590690326534 16.554 0.009
0.7564794645408255 16.532 0.011
0.7570916226804001 16.572 0.012
0.7572227020063109 16.558 0.011
0.7598188989036543 16.551 0.009
0.7620895443331164 16.589 0.011
0.762395897504939 16.558 0.009
0.7691478544549226 16.557 0.009
0.7699747762593687 16.558 0.009
0.7706612369996946 16.55 0.009
0.7716401033734654 16.55 0.012
0.7717790766995676 16.542 0.01
0.7724292586648516 16.531 0.012
0.7739113170508971 16.545 0.01
0.7760657932281219 16.568 0.01
0.7767379828491356 16.557 0.008
0.7781247142242136 16.557 0.012
0.7787896908102083 16.587 0.012
0.7794312545433058 16.552 0.009
0.7796018916600587 16.543 0.01
0.7809306519776782 16.55 0.008
0.7809721542934311 16.555 0.011
0.7822681679484957 16.561 0.008
0.7823070650396402 16.56 0.01
0.7861994345351149 16.537 0.008
0.7863933226016342 16.544 0.011
0.7878619381639509 16.553 0.01
0.7891744408265366 16.558 0.013
0.7896279965174471 16.544 0.012
0.7898698176426477 16.537 0.008
0.7900089123389988 16.541 0.01
0.7905099920061729 16.524 0.008
0.791812637357816 16.55 0.01
0.7919718065740198 16.557 0.009
0.7927590680032153 16.549 0.012
0.7929062272545706 16.575 0.011
0.7934375422923039 16.563 0.01
0.7937237861077846 16.541 0.008
0.7943538458483999 16.531 0.009
0.794363262200386 16.551 0.011
0.7947166620737334 16.538 0.009
0.7950693159699767 16.525 0.01
0.7960259262521503 16.555 0.011
0.796498827792584 16.545 0.011
0.7965061809840335 16.542 0.01
0.7976502194495878 16.553 0.009
0.798590706538016 16.545 0.009
0.7986478967827906 16.544 0.007
0.7987779584704184 16.555 0.01
0.7989963825711128 16.541 0.013
0.8009211056486492 16.541 0.011
0.8018448852469873 16.565 0.009
0.8019811361929441 16.53 0.012
0.802847734199895 16.541 0.01
0.8032137990420778 16.545 0.008
0.8034804050816091 16.553 0.009
0.8036753730624695 16.561 0.012
0.8038024041719836 16.532 0.009
0.8042927156905306 16.559 0.009
0.8044270307640544 16.534 0.011
0.8046204749133721 16.558 0.01
0.8049309297010949 16.554 0.011
0.8052707740338518 16.548 0.009
0.8061064888414875 16.536 0.008
0.8063469322086347 16.541 0.011
0.8064853083682464 16.548 0.01
0.8066989990719775 16.535 0.01
0.8072459095855264 16.566 0.012
0.8085053611920556 16.561 0.01
0.8108134505885345 16.544 0.009
0.8111024110893594 16.532 0.012
0.8125706855402313 16.547 0.011
0.8149213789105487 16.567 0.011
0.8167278624025811 16.565 0.012
0.8185832043606296 16.551 0.009
0.8202518265401522 16.56 0.012
0.8203135897587344 16.543 0.008
0.8216968196428751 16.566 0.008
0.8238028394838692 16.547 0.012
0.8239794967816123 16.542 0.01
0.8260324032911739 16.547 0.011
0.8270488236129494 16.555 0.01
0.8280684984687467 16.576 0.009
0.8294564486581293 16.554 0.009
0.8317444071757563 16.565 0.01
0.8318110253843769 16.555 0.012
0.8350501869962499 16.571 0.012
0.8364522782814219 16.558 0.01
0.8364535000540854 16.555 0.01
0.837050853439814 16.547 0.009
0.8375095777918431 16.569 0.012
0.8379045046835016 16.558 0.01
0.8380093751124149 16.551 0.009
0.838052370860987 16.568 0.009
0.8396035298300375 16.563 0.01
0.8408986153412115 16.574 0.009
0.8435971221882936 16.566 0.008
0.8441406409691807 16.578 0.011
0.8451696409819305 16.571 0.009
0.845547183857343 16.576 0.011
0.8464453458065235 16.565 0.01
0.8472487796133463 16.575 0.011
0.8493729843284199 16.551 0.009
0.8520384293618917 16.579 0.01
0.8537717279613388 16.569 0.009
0.8544784164704651 16.557 0.008
0.8560604598958661 16.564 0.009
0.8562229632292655 16.573 0.011
0.8566738961663076 16.561 0.008
0.8571890316515236 16.567 0.009
0.8581160643042494 16.581 0.01
0.8593675381129287 16.562 0.01
0.8597894184012147 16.579 0.011
0.8599714047831184 16.559 0.009
0.861261216089042 16.558 0.01
0.8619169295713163 16.553 0.009
0.862576605992126 16.614 0.011
0.8625926510817634 16.563 0.012
0.8627378368891185 16.56 0.01
0.8670191202701516 16.572 0.009
0.8687816914802169 16.58 0.01
0.8688690290804515 16.57 0.009
0.8690140515067468 16.586 0.011
0.8695562661959229 16.587 0.009
0.8704631563581642 16.571 0.01
0.8714901149563956 16.573 0.01
0.873291998033801 16.551 0.013
0.873351065054885 16.582 0.011
0.8735009538612757 16.584 0.012
0.8737568105383615 16.611 0.009
0.8753784334989176 16.585 0.011
0.8755880196271391 16.581 0.01
0.8762543682754766 16.586 0.008
0.8768556846001956 16.585 0.01
0.877425290908286 16.574 0.011
0.878189061381272 16.606 0.011
0.8783342874982281 16.578 0.008
0.8785378101778405 16.582 0.012
0.8804059384755418 16.585 0.008
0.8821666880106931 16.582 0.01
0.8826596828572746 16.571 0.011
0.883152789163796 16.594 0.01
0.8847865637261747 16.567 0.008
0.8852580976421449 16.616 0.009
0.8864101225589365 16.587 0.011
0.8865801958658266 16.588 0.009
0.8893115939710241 16.563 0.008
0.8909501036308938 16.603 0.008
0.8910079271353424 16.602 0.013
0.8923486946818229 16.579 0.012
0.8928349132369475 16.6 0.012
0.8935719629238519 16.574 0.011
0.8940079336437292 16.582 0.009
0.895543557932251 16.603 0.009
0.8990824148362662 16.604 0.011
0.900301785152942 16.586 0.011
0.9006933042628815 16.599 0.009
0.9020153693517385 16.606 0.01
0.9023081813305907 16.615 0.009
0.902685910588866 16.605 0.009
0.9031345247543867 16.607 0.01
0.9031547307783057 16.609 0.012
0.9039600903246536 16.609 0.01
0.9046051874272734 16.606 0.012
0.9070462835892612 16.601 0.011
0.9081707722928285 16.611 0.009
0.9104070055913325 16.605 0.012
0.9119804236110212 16.617 0.011
0.9125682422324188 16.604 0.009
0.9136832250899487 16.602 0.01
0.9140104407691978 16.605 0.009
0.9154413780542199 16.614 0.011
0.9161957986670131 16.597 0.011
0.9164705211823274 16.622 0.011
0.9203398162004759 16.595 0.011
0.9204902833866071 16.622 0.011
0.921323365529497 16.599 0.011
0.9218681869230294 16.603 0.009
0.9231739595202497 16.623 0.011
0.9251054878082186 16.612 0.012
0.9260801702461321 16.628 0.011
0.9262353809621344 16.601 0.01
0.9266491331622091 16.6 0.01
0.9271032353552981 16.623 0.01
0.9276379075112344 16.614 0.011
0.9279280809088504 16.625 0.01
0.9284749395018479 16.632 0.01
0.9297739835132233 16.621 0.01
0.9327828670442613 16.643 0.012
0.9337786258132836 16.627 0.01
0.9343837229088421 16.628 0.01
0.9348311138232019 16.624 0.01
0.9353599089135058 16.641 0.01
0.9402437491775344 16.634 0.009
0.9428529318894561 16.629 0.008
0.9434433789598642 16.646 0.011
0.9439868139428654 16.626 0.01
0.9441956266540729 16.651 0.014
0.944496086710069 16.636 0.012
0.9455794767062798 16.643 0.013
0.9489813742606202 16.644 0.011
0.9496981109017725 16.654 0.01
0.9496994626982996 16.653 0.011
0.9498458136976297 16.617 0.012
0.9499796183617036 16.616 0.012
0.950324256887734 16.625 0.009
0.952331359991058 16.615 0.011
0.952375068582478 16.654 0.012
0.9525000582765643 16.634 0.009
0.9532974298921545 16.624 0.011
0.9541821853335023 16.651 0.011
0.9542768659925059 16.63 0.01
0.9567751321345895 16.618 0.01
0.9569236980625192 16.632 0.011
0.9590538421188285 16.647 0.008
0.9596799967586321 16.641 0.009
0.9598733064452972 16.654 0.009
0.9612222873572819 16.63 0.013
0.9617322714880402 16.639 0.009
0.9625859963984112 16.644 0.01
0.9628809249374172 16.652 0.012
0.9630232091561993 16.644 0.012
0.9635351667310715 16.637 0.012
0.9654295545909918 16.621 0.012
0.9663391310399675 16.661 0.011
0.9663895941779629 16.674 0.011
0.9671560581122322 16.642 0.01
0.9673905332193954 16.656 0.012
0.9690289328981635 16.625 0.01
0.9694690457657998 16.647 0.01
0.9714379082614869 16.658 0.011
0.9719753764626603 16.643 0.01
0.9735022942831165 16.681 0.015
0.976766991002387 16.655 0.011
0.9787467314057722 16.644 0.009
0.9788757707957757 16.638 0.01
0.9798308876442207 16.667 0.01
0.9807586388350501 16.647 0.01
0.9811454967342798 16.658 0.01
0.9824253192254219 16.653 0.011
0.9836935393540444 16.675 0.01
0.9850458702107062 16.678 0.01
0.9858666660681138 16.66 0.008
0.9875012792812413 16.649 0.01
0.9880190995735575 16.686 0.009
0.9882327035201343 16.67 0.011
0.988408140524848 16.652 0.008
0.9907067472999188 16.667 0.012
0.9927268376963184 16.676 0.008
0.9945655720120158 16.662 0.009
0.9949047412968867 16.663 0.01
0.9960621459607865 16.667 0.01
0.9990556030924381 16.664 0.011
0.9995439512989833 16.679 0.011
0.999740938950049 16.668 0.012
