0.0016220482721109875 16.876 0.013
0.004739094857086457 16.875 0.011
0.006029927949839475 16.864 0.014
0.0089481969012013 16.88 0.012
0.01134983143606405 16.837 0.012
0.011869475223193149 16.878 0.012
0.01305252584165828 16.908 0.013
0.01594931331828775 16.875 0.015
0.018274071922178337 16.871 0.01
0.019454026840321603 16.848 0.012
0.023064273198315277 16.871 0.018
0.027238977508659445 16.871 0.012
0.029704274145842646 16.886 0.012
0.030638325720701687 16.857 0.012
0.03966052069336001 16.894 0.012
0.04478968512785286 16.888 0.016
0.04533158831259243 16.905 0.014
0.046485750028296025 16.92 0.013
0.047950744631634734 16.91 0.01
0.05271681453768906 16.907 0.013
0.056035038096979406 16.9 0.013
0.05692149960032111 16.878 0.012
0.06115940421750565 16.913 0.013
0.0650718774654706 16.879 0.01
0.06797461921087233 16.892 0.014
0.06997316632305228 16.92 0.013
0.07524915994463299 16.902 0.012
0.07546542088630304 16.941 0.015
0.07717187999423913 16.891 0.013
0.07791281430172603 16.909 0.015
0.07796229966970714 16.901 0.01
0.08085685716491753 16.911 0.012
0.08155975211320765 16.95 0.012
0.0824560178180036 16.931 0.013
0.0856892420015356 16.94 0.015
0.08811467138866647 16.925 0.013
0.0906758652863573 16.895 0.012
0.09154313940143766 16.937 0.011
0.09219227913536088 16.933 0.015
0.09417016494353447 16.94 0.012
0.09678641934556254 16.944 0.016
0.09857068017527126 16.943 0.013
0.0994959374697828 16.91 0.016
0.10431506842996896 16.947 0.013
0.10433438402878892 16.94 0.01
0.10629556335152301 16.952 0.014
0.10773743540494252 16.929 0.013
0.1082285927459452 16.962 0.013
0.11272891854196132 16.94 0.011
0.11662117189052879 16.952 0.012
0.11697786927879861 16.911 0.014
0.12299856300978718 16.941 0.012
0.12329601491001085 16.953 0.015
0.12405169740009114 16.934 0.013
0.1246711087701442 16.946 0.012
0.1266207605206091 16.945 0.011
0.1280654296042485 16.968 0.014
0.1318526559939528 16.944 0.011
0.13272396905767891 16.985 0.012
0.13344426355115502 16.963 0.012
0.1352615997338944 16.957 0.013
0.13626672083864833 16.936 0.012
0.14742623717052084 16.97 0.019
0.14832044078639228 16.972 0.011
0.15106402195942792 16.995 0.018
0.15421774034098235 17.006 0.015
0.1551382637937877 16.969 0.016
0.1590173670524564 16.963 0.016
0.16460568786806107 16.979 0.014
0.16492846934215777 17.008 0.01
0.1672235611204087 16.996 0.013
0.16800640510928133 16.962 0.012
0.17072330990367846 17.015 0.014
0.1711778803114612 16.997 0.016
0.17384336585951132 16.985 0.012
0.17419088873430155 17.003 0.012
0.17547046520030563 16.956 0.013
0.1770679221399405 16.988 0.012
0.18048164270271627 16.987 0.014
0.18093831634746493 16.993 0.013
0.18240152200769444 16.999 0.011
0.18417917775650494 16.971 0.012
0.18515938920199915 17.02 0.012
0.18585050235606104 16.997 0.012
0.18876267137011382 16.971 0.014
0.19023260922176632 17.012 0.014
0.1909817288794784 16.979 0.011
0.1988682324072215 17.025 0.018
0.1991994301295108 17.044 0.014
0.19934600949432024 16.994 0.012
0.20073448434231977 16.961 0.016
0.20542026942348457 16.985 0.012
0.20662404178483484 17.002 0.011
0.2085467844251525 16.981 0.012
0.20998526944208606 17.005 0.012
0.21711684874526327 17.011 0.014
0.2206746648362241 17.008 0.017
0.2208222344643218 17.002 0.012
0.22277331421582858 17.033 0.013
0.22284167084490036 16.992 0.016
0.22821314144562166 17.001 0.012
0.2288650793097986 17.014 0.014
0.23105611216919897 17.002 0.013
0.24087301632016533 16.997 0.011
0.24145855549068074 17.002 0.017
0.2452930780486895 17.034 0.017
0.246541116816843 17.012 0.012
0.24779595298264212 17.007 0.015
0.25327518383346614 17.019 0.018
0.2538668455322295 17.009 0.014
0.2595139278159877 17.046 0.014
0.2633309666994137 17.021 0.014
0.26438643522487837 17.0 0.017
0.2651299141734853 16.99 0.011
0.2655993598755231 16.972 0.012
0.2663861801738676 17.013 0.015
0.2672443449810089 17.0 0.015
0.27037851613249586 16.986 0.01
0.2708668145378397 17.009 0.014
0.2717541158694985 17.019 0.011
0.27570546793776884 17.015 0.011
0.2788166454834027 17.017 0.014
0.27990363058233925 16.993 0.013
0.28083909123461126 17.007 0.013
0.28126498618007645 17.031 0.012
0.2824285525734922 17.016 0.018
0.2829567819676413 17.01 0.012
0.28341290932075935 17.006 0.013
0.2839194041180235 17.022 0.015
0.28904776730632875 17.039 0.012
0.29091332544749093 17.016 0.021
0.29543229160708506 16.998 0.011
0.2986478238087784 17.006 0.015
0.2998340068752441 17.012 0.012
0.3050401951088588 17.013 0.012
0.3061562755842715 17.047 0.021
0.30737652169955254 17.044 0.011
0.3083203144710751 17.039 0.018
0.31589811313870086 17.013 0.012
0.31696917077533726 17.001 0.014
0.31904486769713003 16.992 0.017
0.32215905461362127 17.076 0.016
0.3248288296654209 17.04 0.012
0.33369491531720996 17.055 0.015
0.3432497562980643 17.009 0.012
0.34382662756570426 17.006 0.015
0.3462593146787185 17.042 0.012
0.3468714701562021 17.039 0.016
0.3505768951904429 17.0 0.012
0.35327343331709926 17.033 0.013
0.3536800997260343 17.052 0.012
0.3546415425971645 17.021 0.017
0.35667360353318145 17.044 0.014
0.3581217037353781 17.011 0.012
0.35816761121668605 17.026 0.012
0.3634032539355303 17.062 0.013
0.36483786642975247 17.061 0.012
0.369884430095226 17.042 0.012
0.37030226680099076 17.061 0.016
0.3719583588313071 17.092 0.012
0.37251734800088343 17.041 0.014
0.37320591468028397 17.06 0.017
0.3739609230347014 17.061 0.013
0.3762211112029945 17.036 0.015
0.38198643280793476 17.049 0.016
0.38639075718947424 17.097 0.018
0.39014074583406 17.075 0.012
0.39043461984806527 17.037 0.012
0.3917006255769593 17.032 0.014
0.3920867344686485 17.062 0.012
0.40470642669947665 17.073 0.012
0.40501805643361877 17.048 0.013
0.4056200693585197 17.067 0.014
0.4102213616743029 17.103 0.016
0.4124361886524639 17.056 0.014
0.4128471660555988 17.054 0.015
0.4128888867207934 17.055 0.013
0.4148859599167736 17.06 0.019
0.41667844834546486 17.094 0.013
0.41760534671448113 17.108 0.021
0.419765620531507 17.078 0.013
0.42039845513727414 17.08 0.014
0.42513029630163146 17.074 0.012
0.4258070174482782 17.138 0.012
0.4263086942746668 17.111 0.012
0.43149003475400605 17.095 0.018
0.43671839715580063 17.093 0.012
0.43733484213635165 17.162 0.011
0.4414394646132678 17.099 0.018
0.4507385969495772 17.123 0.013
0.45216786703804246 17.108 0.018
0.45443034819345485 17.086 0.017
0.4546536155728518 17.159 0.014
0.45734058149605517 17.101 0.011
0.4583019205801975 17.092 0.015
0.45834469341389195 17.092 0.014
0.4609800091930083 17.135 0.013
0.461243208294718 17.141 0.012
0.4624068580842504 17.192 0.013
0.4759504393136922 17.121 0.015
0.47997092703349153 17.151 0.014
0.4809804450956108 17.142 0.011
0.4845630444692688 17.137 0.014
0.48512407350335707 17.117 0.014
0.48745360599741616 17.16 0.013
0.48782423066450065 17.155 0.018
0.48888910313417 17.159 0.014
0.4966409999406096 17.136 0.014
0.49731738640230105 17.124 0.017
0.4981829145560823 17.182 0.016
0.5018015108566942 17.137 0.014
0.5021739244671153 17.107 0.014
0.5029305738967196 17.155 0.017
0.5043673129516719 17.128 0.016
0.5070097808365972 17.135 0.015
0.5074950072328193 17.19 0.014
0.5125056555339143 17.12 0.013
0.513482879833191 17.127 0.015
0.5145856223025476 17.152 0.015
0.5162705802781602 17.148 0.015
0.5169993762490321 17.16 0.017
0.5175652840598559 17.131 0.02
0.5193242575642216 17.148 0.014
0.5212845129290145 17.134 0.016
0.521752906462325 17.091 0.013
0.5258671656147271 17.08 0.014
0.5299900270983926 17.09 0.016
0.5332853593722575 17.116 0.015
0.539659637333898 17.062 0.019
0.5401587687847496 17.084 0.014
0.5432870716299476 17.055 0.014
0.5482173735676952 16.931 0.014
0.5527435348144536 16.952 0.017
0.5581279646553412 17.056 0.012
0.5640622943815288 16.913 0.011
0.5693059953393913 16.919 0.012
0.5722195512066719 16.815 0.011
0.5750390635953408 16.88 0.012
0.5785870539948519 16.8 0.012
0.5797126458687671 16.778 0.013
0.5797625922987208 16.755 0.012
0.5819696771641247 16.978 0.014
0.5823669163050909 16.948 0.012
0.5828090967218031 16.821 0.011
0.5863787368552948 16.913 0.012
0.588578457274707 16.659 0.011
0.5939591016556278 16.68 0.01
0.5947718611910204 16.764 0.01
0.5950120856109606 16.597 0.009
0.5956182645950321 16.626 0.014
0.6073793076325273 16.778 0.012
0.609136724191103 16.57 0.009
0.614207505190052 16.568 0.008
0.6167522457240011 16.601 0.01
0.6199932131198693 16.504 0.01
0.6214013178605455 16.507 0.009
0.6279626746913891 16.498 0.011
0.635635169849138 16.503 0.009
0.6362012055042214 16.487 0.01
0.6369928230164987 16.481 0.01
0.6410162967827091 16.493 0.01
0.6466626007772902 16.51 0.009
0.6525972258737056 16.501 0.01
0.6577300486574131 16.489 0.009
0.6584124097789754 16.477 0.01
0.6595319202724568 16.51 0.008
0.6670688202793826 16.475 0.009
0.668567896489094 16.494 0.01
0.6713916386761412 16.492 0.012
0.6722886196648687 16.526 0.011
0.6727867830768446 16.546 0.01
0.6791092826838394 16.554 0.011
0.6800440280521798 16.543 0.011
0.6857090565395083 16.548 0.01
0.6871408093643367 16.513 0.009
0.6954402278404359 16.514 0.012
0.6993463680530567 16.601 0.012
0.7020521222077605 16.596 0.009
0.7037620936298481 16.59 0.012
0.7078184948809394 16.552 0.011
0.7085163402271064 16.577 0.009
0.7102352348742897 16.607 0.012
0.711499304892186 16.543 0.012
0.7121014868091606 16.592 0.011
0.7183751773836775 16.609 0.01
0.7203647590231412 16.545 0.01
0.7228186956135687 16.606 0.012
0.7277972624920039 16.619 0.011
0.7286387197141266 16.616 0.012
0.7327033252395267 16.661 0.016
0.7416660023113764 16.653 0.012
0.7526796305046446 16.657 0.011
0.7535408447306509 16.623 0.012
0.7538306790629576 16.673 0.011
0.7589041955529865 16.697 0.013
0.7606657548471958 16.656 0.012
0.7644044020021283 16.628 0.012
0.7654785127242576 16.65 0.009
0.7657575121772879 16.662 0.009
0.7680296704227203 16.671 0.012
0.7714681527768334 16.661 0.011
0.7740488920708231 16.697 0.013
0.7748031643841387 16.698 0.012
0.7794580429217604 16.699 0.014
0.7830861925017416 16.708 0.012
0.7841295845969398 16.69 0.012
0.793915983194438 16.709 0.012
0.7954479653976705 16.692 0.011
0.7971717621453536 16.675 0.011
0.7974198754454846 16.658 0.011
0.8005824948284044 16.669 0.011
0.8011496667816118 16.718 0.012
0.8015387009140795 16.726 0.014
0.80418813188885 16.714 0.012
0.8073944684533672 16.71 0.01
0.8109564928520285 16.708 0.012
0.8163397237563004 16.692 0.012
0.8176906858798247 16.7 0.012
0.8208398383117128 16.723 0.01
0.8232291447609441 16.765 0.015
0.8251827072490414 16.741 0.012
0.825426025168781 16.704 0.012
0.8262065331896338 16.746 0.012
0.8354884149491681 16.731 0.009
0.8418953435825642 16.742 0.009
0.8424452012202437 16.749 0.014
0.8428310792139655 16.741 0.01
0.8444498894177741 16.729 0.01
0.8447747337140754 16.753 0.011
0.8483724199884364 16.771 0.012
0.8499655415098459 16.763 0.012
0.8530607497114033 16.707 0.011
0.8546164007561856 16.741 0.013
0.8553592088694586 16.767 0.013
0.8567211311496976 16.739 0.013
0.8594714244904935 16.825 0.016
0.8639842488310023 16.774 0.013
0.8686487622107961 16.754 0.011
0.8696091332558353 16.739 0.01
0.874803159829753 16.779 0.012
0.876312483478614 16.813 0.01
0.876701728851458 16.773 0.013
0.8773180270641205 16.79 0.011
0.8791915997308024 16.759 0.01
0.8814366187016276 16.782 0.012
0.884130632943652 16.777 0.013
0.8845779241346463 16.771 0.012
0.885959960693981 16.758 0.012
0.8867076494166213 16.796 0.013
0.8901792894196205 16.779 0.013
0.8925484378751207 16.765 0.012
0.8934392122062036 16.786 0.009
0.894791942881966 16.777 0.012
0.8983261520374981 16.806 0.012
0.8998492980786068 16.765 0.01
0.9022061184487029 16.806 0.01
0.9024061369000265 16.762 0.01
0.9118655457164095 16.815 0.012
0.914287187810487 16.794 0.01
0.9145011335413074 16.795 0.011
0.9145268652052891 16.804 0.009
0.9169932992406302 16.799 0.011
0.918681159866992 16.804 0.012
0.9206645574390677 16.816 0.012
0.9217351951615456 16.837 0.015
0.9316308716399817 16.81 0.012
0.9330771410172929 16.825 0.012
0.9356092999769317 16.808 0.011
0.9367772429368415 16.824 0.011
0.9391728813211557 16.781 0.011
0.9399529890852136 16.832 0.012
0.9429661664999003 16.817 0.011
0.947678103158978 16.809 0.014
0.9477113879186163 16.81 0.009
0.9506230510560272 16.806 0.012
0.9527323255408646 16.803 0.012
0.9540273246927882 16.86 0.017
0.9599669330855249 16.869 0.012
0.9610840890536565 16.858 0.012
0.9621980036533841 16.821 0.012
0.962324616607475 16.85 0.012
0.9669749099050478 16.843 0.014
0.9677111085375145 16.811 0.012
0.9682760089942803 16.851 0.012
0.9714707535144953 16.846 0.012
0.9746001285520833 16.819 0.011
0.9747680834047969 16.853 0.014
0.9761949144722166 16.837 0.011
0.9789201280609632 16.859 0.012
0.9838969256538803 16.871 0.01
0.9848541220028437 16.848 0.015
0.9854458033587434 16.828 0.01
0.9868293986967274 16.86 0.013
0.9872358097838969 16.839 0.009
0.9955502925702149 16.883 0.012
0.997140173823027 16.853 0.013
