0.0013269892921470294 16.972 0.011
0.0019171619882398794 16.974 0.011
0.002224980843288815 16.979 0.012
0.003189582685786174 16.971 0.01
0.0034732902030554236 16.972 0.011
0.0051220309880135595 16.972 0.01
0.006692956040660558 16.956 0.014
0.008231573565262718 16.975 0.017
0.012442170185204215 16.973 0.014
0.013227719210954003 16.977 0.01
0.01546288454542255 16.991 0.01
0.016284106879163485 16.983 0.01
0.017233279457423034 16.978 0.009
0.01790543987081028 16.956 0.014
0.020677663844389738 16.993 0.01
0.022390766993703348 16.959 0.011
0.02277965208090782 16.979 0.011
0.022820689035051966 16.984 0.01
0.023535002240828273 16.941 0.013
0.0259810062865653 16.96 0.014
0.028239101046233284 17.01 0.01
0.030096812969213627 16.998 0.015
0.03065811262231355 16.982 0.014
0.03114325474953139 17.005 0.013
0.03170275228526398 16.974 0.018
0.03195440434833463 16.996 0.013
0.032108533121367966 16.973 0.013
0.03278013104923039 16.993 0.015
0.03320376409075143 16.983 0.01
0.033327976556188244 16.996 0.014
0.03544272229222534 16.983 0.01
0.03815248985656572 16.988 0.013
0.03887178109149536 16.997 0.017
0.039534415005073154 16.983 0.016
0.04055139990432499 16.971 0.011
0.040756367572066576 16.983 0.013
0.0417227546646699 17.004 0.01
0.042072358341238125 17.001 0.01
0.04221242777648504 16.963 0.013
0.04242883810584308 16.996 0.014
0.04314694479685377 17.006 0.011
0.04345798691624614 16.965 0.017
0.04363415798266024 16.992 0.013
0.044832331594670816 17.015 0.012
0.04618632855308524 16.99 0.011
0.04772769366618368 17.006 0.01
0.04803425865329691 16.992 0.013
0.04878304050444049 16.987 0.018
0.049147352813315504 16.994 0.01
0.04950320076900416 16.992 0.016
0.049845041843491256 16.971 0.013
0.04995888926500802 16.988 0.014
0.05367411349370732 17.021 0.014
0.054417238153882774 17.0 0.015
0.05621015877104574 16.998 0.013
0.05806570307631764 16.989 0.012
0.058841680882460334 16.985 0.017
0.06098260777948772 17.007 0.015
0.0628767038919249 17.002 0.012
0.06288240317135196 16.998 0.01
0.06349750764584305 16.987 0.018
0.06422599361590065 16.996 0.01
0.0648572725896428 16.986 0.013
0.06549089868067304 17.016 0.01
0.06629561150057262 16.976 0.016
0.06633598229282134 17.009 0.015
0.06668409224917005 17.01 0.013
0.06803332951712937 17.006 0.018
0.06906642995945722 17.031 0.016
0.06996192924602829 17.006 0.013
0.07154168090127078 17.036 0.012
0.07221063491751911 16.995 0.014
0.0739497059927543 16.99 0.016
0.07405658076779664 17.027 0.01
0.07461355818568327 16.983 0.014
0.0751786584418368 17.007 0.01
0.07568845180267081 16.998 0.015
0.07773100201293337 16.997 0.014
0.07910569207333529 16.984 0.014
0.07938356413560532 17.005 0.012
0.08091990649850223 16.977 0.013
0.08318330594865975 16.999 0.011
0.08476557710391708 17.054 0.017
0.08580507022261363 16.999 0.012
0.08725918053030446 17.046 0.01
0.08928408851934355 17.015 0.017
0.08944285582210787 17.002 0.013
0.09001944346018709 16.983 0.015
0.0904649703976701 17.062 0.016
0.0904867846023989 17.04 0.016
0.09176606715257085 17.033 0.011
0.09185575526626044 17.016 0.011
0.0928529484310956 17.037 0.012
0.0931826087263743 17.028 0.013
0.09340226692293063 17.007 0.016
0.09508653850016335 17.026 0.013
0.09530535552087249 17.007 0.011
0.09641899406292387 16.998 0.014
0.09913308386207964 17.025 0.016
0.09996973484194305 17.024 0.014
0.10108866894315716 17.023 0.017
0.10267362873050834 16.998 0.013
0.10278810022546159 17.023 0.019
0.10338147730427627 17.033 0.01
0.10428795208999864 17.024 0.014
0.10464229920798962 17.022 0.014
0.10548616067298999 17.028 0.011
0.10629452569824016 17.013 0.017
0.10712861245795002 17.032 0.015
0.1083602191864883 17.016 0.012
0.10994499297353277 17.045 0.013
0.11072725916201298 17.04 0.012
0.11124060817010095 17.012 0.014
0.11158830667036446 17.001 0.013
0.11575063186537582 17.012 0.015
0.11601439275218572 17.027 0.01
0.11637989935447868 17.043 0.011
0.11849789620819129 17.038 0.015
0.11864650195198001 17.039 0.016
0.12024792653269278 17.022 0.01
0.12043749990734787 17.028 0.014
0.12063646948731721 17.028 0.009
0.12129212750405705 17.064 0.019
0.12283197429351267 17.055 0.01
0.12666697207569078 17.046 0.015
0.12772128276756112 17.043 0.015
0.12936247093457487 17.033 0.012
0.13128839239939216 17.033 0.011
0.1316543921635911 17.033 0.015
0.13243598182239102 17.018 0.014
0.1336106090533007 17.038 0.012
0.13387037621910158 17.031 0.009
0.13547324979972464 17.018 0.01
0.13597252260242376 17.025 0.01
0.13771881128027408 17.028 0.016
0.13819251786369469 17.056 0.013
0.1398824395140763 17.002 0.017
0.1405358482079122 16.999 0.01
0.14166505017569753 17.029 0.013
0.14353079812794922 17.027 0.015
0.14398274497684715 17.035 0.013
0.1460508788913102 17.024 0.01
0.14658034344292892 17.016 0.013
0.14697452285317913 17.016 0.018
0.14775742858554386 17.033 0.01
0.14933070075576316 17.026 0.018
0.1497960576481545 17.013 0.01
0.14982253498546916 17.037 0.013
0.15042205204863413 17.044 0.019
0.15124864839676766 17.018 0.014
0.15127420161652472 17.014 0.012
0.1512767762045768 17.046 0.015
0.15150465643037014 17.052 0.012
0.15829478669356822 17.029 0.012
0.1589253372998427 17.015 0.016
0.1594218352792267 17.056 0.011
0.15983989283486144 17.042 0.015
0.16193875436638328 17.052 0.015
0.16223846786842833 17.057 0.019
0.16440448469065805 17.04 0.01
0.16666906806713078 17.036 0.013
0.16940568032159709 17.025 0.011
0.17009957648442642 17.024 0.014
0.17107099282665095 17.062 0.015
0.17254000689822524 17.053 0.011
0.17347918643226867 17.046 0.015
0.17573218648649336 17.035 0.015
0.17637371382752454 17.026 0.013
0.1764433451337708 17.053 0.01
0.1770618212698536 17.03 0.012
0.17793743876281942 17.046 0.012
0.17850192469554704 17.052 0.012
0.17988779110864916 17.036 0.016
0.1799519058853547 17.032 0.014
0.1807646541164103 17.029 0.018
0.1809273114626193 17.031 0.012
0.18154051849634234 17.016 0.01
0.18256399526276246 17.037 0.013
0.18518073740451646 17.041 0.013
0.18592317841787454 17.043 0.015
0.18622290167004385 17.021 0.015
0.18633092601853596 17.039 0.015
0.186891203759751 17.047 0.018
0.1871919735271148 17.04 0.013
0.18729308805242217 17.049 0.019
0.18794524226032072 17.036 0.015
0.1909998278105376 17.051 0.01
0.19128991763673175 17.043 0.013
0.1916642502243575 17.034 0.016
0.19524380570865096 17.072 0.017
0.1967605986605121 17.019 0.017
0.19883713735398478 17.06 0.011
0.19953115467810667 17.049 0.013
0.2002577070010374 17.044 0.013
0.20322513430485278 17.03 0.01
0.2041832747651937 17.029 0.01
0.2044098362852309 17.034 0.014
0.20459098801293285 17.038 0.01
0.20506409002282444 17.057 0.017
0.20510452952103142 17.063 0.016
0.20512549929972002 17.067 0.014
0.20600300773380686 17.052 0.021
0.20818904499653845 17.051 0.01
0.20819804661382468 17.049 0.014
0.20888734834979905 17.04 0.012
0.21253470640490368 17.064 0.014
0.21362094550672728 17.028 0.014
0.2159673928068968 17.053 0.017
0.21671129055564498 17.068 0.013
0.21719716043244253 17.059 0.013
0.21827432147611026 17.042 0.014
0.2187031905024468 17.019 0.011
0.2188163957478877 17.052 0.01
0.22208304540654344 17.046 0.014
0.22479242673571198 17.056 0.014
0.22528994275935466 17.017 0.015
0.2262173905736744 17.073 0.016
0.22728368629432216 17.073 0.019
0.2282310677404893 17.061 0.017
0.22836245958787904 17.049 0.012
0.22952976553974613 17.036 0.016
0.22992035494999064 17.071 0.014
0.2332289358131674 17.043 0.015
0.23327068426729047 17.072 0.014
0.23354189347664933 17.043 0.014
0.23361252534132282 17.053 0.013
0.23457652322795175 17.068 0.013
0.23534318451984282 17.055 0.018
0.2355206633063971 17.091 0.018
0.23806498245121466 17.038 0.017
0.241606580334087 17.076 0.012
0.2419341870559264 17.088 0.012
0.24284975026798739 17.1 0.016
0.24608465488372522 17.075 0.018
0.24633501346206677 17.047 0.014
0.24776572006467168 17.067 0.019
0.24844993808019344 17.036 0.012
0.24859768392698234 17.036 0.013
0.24876621618468553 17.051 0.011
0.2517020189899539 17.044 0.012
0.25380940584394684 17.064 0.01
0.25406854120083144 17.059 0.012
0.2542326371789385 17.033 0.014
0.2546351079419309 17.068 0.013
0.2554826494657845 17.043 0.013
0.25641252022128347 17.054 0.013
0.2587388129192276 17.05 0.012
0.2598782600042795 17.074 0.019
0.26136567189896587 17.064 0.018
0.2617025323112556 17.054 0.013
0.26534843363108385 17.048 0.013
0.26550126381598593 17.051 0.014
0.26794735730290986 17.061 0.011
0.2684855512806279 17.057 0.012
0.26854826239573404 17.07 0.011
0.2698214756809647 17.075 0.017
0.2711766565661491 17.078 0.016
0.27258524241974547 17.062 0.013
0.2732913614494463 17.074 0.014
0.2746292597322735 17.058 0.019
0.2773899989560049 17.07 0.011
0.27848381527862776 17.095 0.013
0.2787680580462619 17.061 0.015
0.27885573467508484 17.059 0.012
0.27893578224520743 17.034 0.012
0.28031887383499443 17.088 0.019
0.2818892538877207 17.063 0.016
0.2830741042652334 17.091 0.014
0.2835353436432455 17.078 0.012
0.2862846200882472 17.072 0.01
0.2864877616533703 17.098 0.013
0.28731155532514085 17.054 0.017
0.28777546584992697 17.07 0.016
0.2892523085978609 17.074 0.016
0.2902066828081842 17.063 0.012
0.2909375398807241 17.077 0.011
0.2924680500382464 17.063 0.013
0.29272742973344057 17.067 0.015
0.2949735536989464 17.051 0.019
0.2961907575605891 17.084 0.012
0.2970620009799858 17.065 0.016
0.30026519165667187 17.069 0.019
0.30095702124574464 17.092 0.012
0.3045032226872535 17.089 0.014
0.3070391649058819 17.082 0.011
0.3071801552086071 17.099 0.019
0.31292940494145105 17.09 0.01
0.31354310451902156 17.087 0.015
0.3138703412554604 17.085 0.015
0.314575828476245 17.09 0.014
0.31457583559372315 17.094 0.019
0.31472296711708614 17.083 0.013
0.31513439477671445 17.08 0.012
0.3163033330958114 17.059 0.018
0.31786721354606007 17.056 0.021
0.3178913651185211 17.064 0.012
0.3188715647396747 17.095 0.013
0.31892584322278017 17.08 0.012
0.3230043987008684 17.112 0.015
0.3244012418489546 17.074 0.017
0.3247143304241944 17.076 0.015
0.3257197521180841 17.075 0.015
0.32579215824730445 17.082 0.014
0.32662679062470934 17.111 0.014
0.3269072638924171 17.139 0.015
0.32766623190516375 17.083 0.015
0.3286233083653314 17.086 0.015
0.32929292916141994 17.093 0.012
0.32967619404225834 17.093 0.014
0.33014614211142534 17.071 0.01
0.33017615111011756 17.093 0.012
0.33098258573854755 17.084 0.016
0.33239548934161567 17.072 0.011
0.3324984572052698 17.096 0.011
0.3339733008498569 17.069 0.012
0.3351375760370501 17.107 0.013
0.33779588326538024 17.102 0.014
0.33811860588448317 17.069 0.021
0.3382215458948621 17.113 0.011
0.34063354010359026 17.087 0.013
0.3406373854271805 17.048 0.02
0.3419667862399023 17.122 0.015
0.3441008785191797 17.101 0.011
0.3444336142994415 17.103 0.012
0.34739978448558295 17.107 0.012
0.3481712573065123 17.11 0.015
0.34820378580516254 17.113 0.013
0.3484489460010649 17.09 0.012
0.3488939649238545 17.119 0.017
0.3507213820393189 17.123 0.011
0.35111621987553 17.087 0.017
0.35192611359198045 17.108 0.012
0.35280154508554906 17.154 0.021
0.35297693594602597 17.151 0.014
0.35398261234549855 17.136 0.015
0.354801884164226 17.105 0.013
0.3556321430861771 17.101 0.016
0.35578061730020627 17.071 0.013
0.3569150079005339 17.125 0.015
0.3592646065093503 17.13 0.014
0.3597824527672855 17.117 0.015
0.36206457143756543 17.147 0.014
0.3623217219268553 17.13 0.014
0.3631157476878797 17.089 0.017
0.3661389018569934 17.121 0.016
0.36659386260307647 17.135 0.013
0.3667300419945376 17.114 0.012
0.3674241280245041 17.131 0.015
0.3675360975053308 17.118 0.011
0.36839057670513276 17.127 0.016
0.3704189988713097 17.125 0.013
0.37190725255950385 17.133 0.021
0.3747830755877658 17.141 0.014
0.37481214174831623 17.146 0.016
0.37643662016616874 17.122 0.014
0.37708569238920975 17.108 0.015
0.377716174289526 17.116 0.012
0.3800320507234801 17.136 0.011
0.3803323364608332 17.13 0.016
0.38103770963780337 17.135 0.018
0.38106128835706843 17.102 0.017
0.3841081554077391 17.147 0.011
0.3857570718247644 17.134 0.013
0.3866264793913615 17.138 0.012
0.38792945408763446 17.151 0.017
0.3889499007074392 17.137 0.014
0.3902440144476259 17.142 0.017
0.39052007015711754 17.138 0.016
0.39094811425709397 17.133 0.016
0.3911025249712111 17.132 0.02
0.393121558666644 17.151 0.019
0.39455978090168176 17.095 0.019
0.39539255220543057 17.138 0.015
0.39575103432289327 17.13 0.015
0.3963961276786222 17.148 0.012
0.39641409717793297 17.145 0.015
0.3995242268432776 17.099 0.011
0.39974761956900695 17.108 0.015
0.39975733980409134 17.158 0.017
0.4 17.166 0.019
0.4016890046506433 17.134 0.012
0.40256013464399987 17.104 0.014
0.40286176369036186 17.133 0.012
0.40324273654223364 17.148 0.017
0.40392805941078225 17.127 0.015
0.40428725241090435 17.15 0.016
0.4050308533654402 17.132 0.012
0.4052641419583779 17.156 0.013
0.40544847223000036 17.134 0.014
0.40648475183425037 17.132 0.013
0.4070103509451656 17.111 0.018
0.40789034189392626 17.132 0.016
0.4098240777992942 17.128 0.012
0.4109589790465634 17.157 0.012
0.4111940762571976 17.138 0.021
0.4138490908973381 17.138 0.016
0.4145401746336802 17.11 0.009
0.41582997712444014 17.141 0.014
0.41693816196075206 17.127 0.012
0.4190030823605412 17.14 0.01
0.4191988280585065 17.117 0.011
0.4195958788508506 17.126 0.014
0.41980197210696135 17.132 0.013
0.4206212516614528 17.074 0.013
0.4208403052843096 17.131 0.014
0.4211986292550819 17.106 0.011
0.4216044127234909 17.112 0.017
0.421738300085417 17.138 0.012
0.4218836022559117 17.111 0.017
0.42326811622833704 17.104 0.014
0.42451936691159065 17.109 0.015
0.42657220309151855 17.1 0.015
0.4270389817485466 17.107 0.017
0.4271835665369622 17.047 0.011
0.4290494279156519 17.098 0.016
0.42950207852927635 17.11 0.014
0.43142085171441524 17.057 0.01
0.43176582722960577 17.063 0.013
0.4324244887758596 17.053 0.012
0.43357734853670993 17.103 0.018
0.4335875178307106 17.043 0.012
0.43721328079836896 17.079 0.019
0.4372733746194172 17.091 0.014
0.43767088220587314 17.032 0.01
0.43806197189533125 17.078 0.016
0.43950415613007865 17.068 0.011
0.44031201314046486 17.125 0.014
0.441421735021288 17.002 0.01
0.44198580624790795 17.027 0.016
0.4420659160236028 17.053 0.016
0.44217645275457473 17.078 0.012
0.44271729776155555 17.118 0.017
0.44641472874072863 17.071 0.016
0.4471783871207663 17.1 0.018
0.447185998694431 17.007 0.014
0.45076773278153726 16.942 0.011
0.4536456742212295 16.959 0.014
0.45398638970700633 17.087 0.017
0.45561987422777295 16.929 0.012
0.4556275603894392 17.052 0.016
0.45681102072264823 16.93 0.014
0.45734630772940366 17.052 0.019
0.45771235995007375 16.925 0.012
0.4579216323677656 16.927 0.01
0.4586146932362226 16.93 0.012
0.45873213979020877 17.043 0.015
0.4589616536188942 16.916 0.01
0.45965694431074555 16.929 0.011
0.4602106116552932 17.068 0.017
0.46099267497597796 16.914 0.012
0.4613429629174789 16.871 0.011
0.4616770854917377 17.038 0.011
0.4617936286635086 16.983 0.014
0.4660220535030476 16.953 0.014
0.46696246230239924 17.013 0.012
0.4674629021641522 16.932 0.013
0.4676900780072174 17.035 0.017
0.4694548364635921 16.987 0.011
0.47178671439692155 16.92 0.014
0.47179709367596845 16.883 0.013
0.47423122797234785 16.84 0.009
0.47543407183402453 16.874 0.013
0.47659825046266635 16.869 0.016
0.47671622514862977 16.948 0.013
0.47784972923434454 16.81 0.011
0.4779098846433044 16.891 0.015
0.47886625795708826 16.847 0.011
0.480251983090875 16.823 0.01
0.4803718804381788 16.922 0.011
0.4813126073851436 16.845 0.013
0.48157513962430587 16.791 0.009
0.4824938126743291 16.892 0.01
0.48267593122582186 16.798 0.01
0.4837508144754793 16.795 0.01
0.4858779717109428 16.9 0.01
0.48695639373991073 16.8 0.009
0.48709866839558347 16.884 0.022
0.4873213748423041 16.847 0.012
0.4877105250026489 16.864 0.01
0.49009029849244146 16.823 0.01
0.4903103713951623 16.764 0.011
0.49118804184390685 16.872 0.013
0.49129306328077293 16.808 0.013
0.491760898202665 16.81 0.015
0.49181081297992935 16.817 0.011
0.49268902966437056 16.788 0.009
0.4927082621635691 16.809 0.012
0.49382839055842853 16.773 0.01
0.494514723735756 16.854 0.01
0.49489103345504193 16.87 0.014
0.49614448672709843 16.82 0.014
0.4982420846403329 16.767 0.013
0.49877127638310415 16.818 0.011
0.49963623142084546 16.85 0.01
0.5003767296551246 16.675 0.008
0.500464347327943 16.689 0.009
0.5010360431278059 16.739 0.01
0.503412040617684 16.66 0.01
0.5046032590681989 16.781 0.012
0.5063115752917838 16.812 0.012
0.5082107116396856 16.716 0.012
0.5116853668486329 16.771 0.012
0.5121788171958542 16.692 0.011
0.5154758419713744 16.664 0.01
0.5158639015141034 16.662 0.01
0.5161223674594112 16.622 0.008
0.5181317333762309 16.596 0.008
0.5193492334140274 16.642 0.01
0.5194745436147855 16.619 0.008
0.520006631342676 16.632 0.011
0.5205744545839025 16.66 0.013
0.5215338858969517 16.64 0.011
0.5222091813692714 16.637 0.01
0.5233524660424337 16.704 0.012
0.5235891450178315 16.69 0.011
0.5241665848174307 16.671 0.01
0.524239543682279 16.626 0.01
0.5243586335888267 16.627 0.01
0.5256010233169036 16.726 0.013
0.5300369093247014 16.597 0.008
0.5317900832227679 16.639 0.009
0.5322841653788487 16.602 0.01
0.5350154930598819 16.593 0.008
0.5353509932957877 16.596 0.01
0.5353880261617633 16.628 0.009
0.5354563841005074 16.595 0.009
0.5355226418918392 16.658 0.012
0.5357031514430673 16.682 0.01
0.5359935315631447 16.65 0.011
0.5360184464742815 16.602 0.01
0.5370080416832025 16.605 0.011
0.5370670383867605 16.591 0.009
0.5372098133219879 16.634 0.01
0.537266746084265 16.604 0.009
0.538482471239513 16.643 0.011
0.5386358645277142 16.626 0.01
0.5389036567370568 16.636 0.01
0.539084000406001 16.637 0.01
0.539554520710135 16.637 0.01
0.5399917426774664 16.618 0.011
0.5407202182795118 16.613 0.01
0.5416758353723253 16.608 0.01
0.5430507010654765 16.629 0.01
0.5431211125773189 16.604 0.009
0.5434866535328752 16.605 0.009
0.5441383353146648 16.585 0.012
0.545606714327414 16.595 0.01
0.5466314650788263 16.611 0.01
0.5468264655417215 16.63 0.007
0.5475980174361667 16.613 0.011
0.5478655990426887 16.613 0.01
0.5485741513811263 16.598 0.011
0.5494216378166584 16.607 0.01
0.5503902016588654 16.603 0.013
0.5522925444037355 16.604 0.009
0.553433724282877 16.597 0.009
0.5551319242862519 16.616 0.011
0.5552318705171274 16.625 0.013
0.559000723934696 16.6 0.01
0.5623293110028499 16.602 0.019
0.5638903751590988 16.602 0.01
0.5641007867826829 16.623 0.009
0.5649313004099895 16.595 0.01
0.565345310393036 16.627 0.01
0.5658536191657731 16.604 0.013
0.5659823152635909 16.592 0.012
0.5661645472413511 16.59 0.01
0.5667118918508095 16.614 0.009
0.5669205985335793 16.605 0.01
0.5672797844157685 16.61 0.009
0.5672878204449262 16.631 0.01
0.569468669075286 16.617 0.01
0.5701396844005103 16.624 0.011
0.5711286925210516 16.595 0.01
0.571236191987191 16.614 0.01
0.5722410135929522 16.633 0.008
0.5732223485519171 16.624 0.01
0.5742502065096687 16.626 0.008
0.5743297505506689 16.631 0.01
0.5746477407136809 16.604 0.012
0.5746797858004357 16.622 0.013
0.5755676981169927 16.609 0.01
0.5761668010922222 16.647 0.015
0.5767587480528619 16.623 0.013
0.5768202370211043 16.634 0.008
0.5779041147701719 16.613 0.01
0.5796013758030313 16.65 0.01
0.5805071844273698 16.612 0.01
0.5840904342054728 16.646 0.007
0.5856715214340739 16.608 0.009
0.5862903746732627 16.658 0.008
0.5873966614510323 16.651 0.01
0.5880065604257197 16.631 0.011
0.5883817724101391 16.626 0.01
0.5886190831944532 16.633 0.011
0.5886403426495918 16.651 0.008
0.5917064421988926 16.641 0.011
0.5938911705055944 16.626 0.01
0.5944672332610935 16.648 0.011
0.5949637383584104 16.682 0.01
0.5957325951208304 16.669 0.008
0.5960604805335606 16.626 0.01
0.5962562365990834 16.648 0.01
0.5967223212413956 16.663 0.012
0.5989497751935687 16.668 0.013
0.5995079993616855 16.664 0.011
0.6014947190294265 16.686 0.009
0.6022947855845132 16.671 0.009
0.6030790709932262 16.649 0.01
0.6071006742089594 16.652 0.01
0.6072190020131188 16.665 0.012
0.6075078703099962 16.704 0.01
0.6089725174255364 16.648 0.013
0.6089993543804667 16.659 0.009
0.609334741190105 16.678 0.009
0.6103549150010622 16.651 0.01
0.6111250626162473 16.656 0.01
0.6118719982470339 16.674 0.009
0.6122920335527852 16.668 0.01
0.6123496493450148 16.681 0.015
0.6144023196419767 16.648 0.012
0.6145685948412393 16.676 0.011
0.6166823743714872 16.714 0.01
0.6171746298070048 16.687 0.01
0.6182857417315063 16.665 0.011
0.6192253949281167 16.695 0.01
0.6208698484481602 16.705 0.009
0.6236869676992228 16.706 0.01
0.624209221765932 16.682 0.01
0.6245127559885987 16.671 0.011
0.6264802943777795 16.688 0.011
0.6267697938659694 16.675 0.01
0.627691543018409 16.678 0.01
0.6287303356229131 16.688 0.012
0.6291495952083551 16.696 0.014
0.6293044893340266 16.667 0.01
0.630088485066517 16.681 0.012
0.6308419993737516 16.698 0.011
0.6316682716925129 16.705 0.009
0.6318137080244469 16.662 0.009
0.6325874631250713 16.698 0.009
0.6345595778374445 16.694 0.017
0.6354833527110714 16.683 0.011
0.6354955237399281 16.692 0.015
0.6367627318199084 16.699 0.01
0.6368294114346554 16.713 0.014
0.6388500982333426 16.688 0.012
0.6407314510819561 16.698 0.01
0.6410289697313601 16.714 0.012
0.64197259266316 16.717 0.009
0.6426037951954641 16.689 0.015
0.6429853279006693 16.691 0.01
0.6436418911529472 16.734 0.013
0.6448503747204996 16.688 0.01
0.6452122116319515 16.695 0.012
0.6455878804106533 16.718 0.009
0.6456929180975749 16.69 0.01
0.6461997266499907 16.723 0.01
0.6468296454474057 16.723 0.01
0.64784993330195 16.706 0.01
0.647932649386712 16.72 0.01
0.6482819912402192 16.696 0.012
0.6483908677504587 16.698 0.01
0.6518665143861654 16.728 0.011
0.6519255104716649 16.724 0.012
0.6531184765695116 16.727 0.01
0.6531851561843723 16.737 0.01
0.653710727442126 16.728 0.01
0.6543341505045192 16.742 0.014
0.6551930200277184 16.709 0.012
0.6568663154879687 16.719 0.01
0.6568854073253988 16.723 0.006
0.6569296675442274 16.715 0.013
0.6573811484662656 16.713 0.01
0.658661176251735 16.726 0.011
0.6594707802919629 16.756 0.01
0.6597601761035549 16.715 0.011
0.6612162783962617 16.744 0.009
0.6614890512671764 16.737 0.009
0.6620230649067708 16.708 0.009
0.6642478645796018 16.758 0.013
0.6643972188084263 16.721 0.009
0.664588477006555 16.731 0.01
0.6647330611771395 16.692 0.011
0.6648725856122383 16.731 0.01
0.6655167841003277 16.756 0.014
0.665999237595338 16.805 0.013
0.6662573886432256 16.732 0.013
0.6672449380144144 16.739 0.008
0.6686723176759642 16.732 0.016
0.6690385623959628 16.745 0.01
0.6701598157611898 16.738 0.011
0.6713472653294957 16.741 0.01
0.6724681564452567 16.727 0.013
0.6746572964281313 16.745 0.01
0.6748071133337362 16.751 0.013
0.6749189240496435 16.742 0.011
0.6760143306513783 16.755 0.01
0.6772240168661142 16.753 0.009
0.6775460623379331 16.775 0.012
0.6783160446886086 16.761 0.01
0.6800467376018787 16.74 0.013
0.6814223284126456 16.744 0.014
0.6819051091869369 16.73 0.013
0.6822506199520376 16.744 0.015
0.6823741455206346 16.75 0.011
0.6837466886992388 16.731 0.01
0.6842425963403912 16.752 0.009
0.6860016658851237 16.742 0.012
0.6860516772211668 16.747 0.012
0.6873434542120777 16.779 0.013
0.687807406825209 16.751 0.01
0.6880818295491281 16.781 0.016
0.6906058625624155 16.765 0.011
0.6908299220675872 16.751 0.01
0.6924811927201177 16.774 0.01
0.6928224019851769 16.751 0.014
0.6931181016495543 16.754 0.007
0.6945833909416251 16.748 0.009
0.6967220951327363 16.764 0.013
0.6981129493250592 16.75 0.011
0.6986122570987391 16.759 0.01
0.6993241636131643 16.777 0.014
0.7002932251024504 16.748 0.01
0.7029296319347168 16.802 0.011
0.703676024580227 16.76 0.012
0.7064759817730192 16.752 0.012
0.7085515619961825 16.843 0.008
0.7085997297439462 16.783 0.01
0.710098811770331 16.769 0.011
0.7101570794883628 16.768 0.012
0.7105072359003316 16.764 0.013
0.7106192124987502 16.772 0.011
0.7119351060913687 16.748 0.011
0.7131282549391017 16.79 0.011
0.715244505381088 16.761 0.01
0.7154896928119797 16.776 0.013
0.7171994314175208 16.766 0.014
0.7179008970651012 16.783 0.011
0.7180128393105406 16.775 0.008
0.718353520443452 16.765 0.011
0.7192112649960564 16.758 0.014
0.7202621145851481 16.774 0.009
0.7204939023402744 16.789 0.01
0.721433582154441 16.794 0.014
0.7273117379699215 16.787 0.014
0.7295974155370232 16.806 0.011
0.7324471319924669 16.779 0.01
0.7334744715675697 16.787 0.01
0.7336208999440373 16.774 0.011
0.7336900647058201 16.822 0.01
0.7343346947674491 16.779 0.014
0.7361077063558469 16.785 0.01
0.7366928290665783 16.776 0.012
0.7384843797573467 16.811 0.014
0.7388520462422093 16.785 0.012
0.7394889655392035 16.769 0.014
0.7407663597806732 16.793 0.013
0.743170053504764 16.798 0.01
0.7436968501594038 16.797 0.011
0.7441115775246431 16.804 0.01
0.7444848597296186 16.783 0.01
0.7456004111835682 16.788 0.01
0.7468114945599155 16.809 0.011
0.7480885706539994 16.819 0.015
0.7485283127389494 16.817 0.012
0.7489033037526497 16.792 0.011
0.7496572490155359 16.804 0.015
0.7498411580812899 16.794 0.011
0.750355111663248 16.817 0.01
0.7511219213521599 16.821 0.01
0.7533628644212286 16.811 0.011
0.7542687799717896 16.819 0.01
0.7603206936622883 16.792 0.01
0.760630603693835 16.807 0.01
0.7615049199665919 16.812 0.01
0.7624279670901842 16.81 0.01
0.7628658027628262 16.811 0.012
0.7643906311265255 16.796 0.015
0.764562615354771 16.828 0.011
0.7646798616732667 16.815 0.013
0.7677310749442313 16.817 0.014
0.7683687569618997 16.81 0.013
0.768442971708646 16.804 0.013
0.7689551536581348 16.788 0.01
0.7725921836548878 16.809 0.01
0.7729551630217429 16.818 0.011
0.7737564588418536 16.82 0.013
0.7743146143040122 16.85 0.013
0.7745342206625537 16.822 0.013
0.7752157500463227 16.83 0.01
0.776099261053696 16.82 0.013
0.7768257550384533 16.852 0.011
0.776960132929753 16.822 0.01
0.7776782292530925 16.838 0.01
0.7811380357865346 16.824 0.009
0.782681412384045 16.845 0.013
0.7835389567020684 16.816 0.013
0.7837335528260155 16.815 0.011
0.7843006651850374 16.837 0.014
0.7845355698958884 16.815 0.014
0.784693781830606 16.828 0.01
0.7853121892607305 16.82 0.012
0.7856897625978491 16.827 0.012
0.7865590561204044 16.822 0.01
0.7872604426946964 16.832 0.013
0.7898433207644985 16.838 0.01
0.7899591971567134 16.833 0.013
0.790231942174978 16.831 0.014
0.7913039469243813 16.856 0.015
0.792044527482085 16.835 0.019
0.7950247395206361 16.847 0.01
0.7954148351515414 16.849 0.017
0.7958379426926513 16.818 0.012
0.7959069247048319 16.823 0.012
0.7962589694251619 16.837 0.01
0.7964668790345059 16.831 0.009
0.7977435093197528 16.844 0.011
0.7985334039489317 16.833 0.011
0.7985338257725744 16.868 0.016
0.7993513784150764 16.834 0.013
0.8001469406027809 16.866 0.013
0.8005989224223754 16.834 0.01
0.8023695202017734 16.808 0.011
0.802570367723115 16.862 0.012
0.8040318635302356 16.821 0.011
0.8042672419029145 16.853 0.01
0.8060249311536382 16.847 0.008
0.8067605304319386 16.828 0.014
0.8080854949652349 16.826 0.011
0.8081097676996706 16.855 0.012
0.808516093535809 16.846 0.012
0.8086108840907628 16.879 0.01
0.8088798705943191 16.867 0.01
0.8096992318545745 16.829 0.011
0.8117437254608376 16.726 0.012
0.8118945610284755 16.809 0.011
0.8123310617457037 16.868 0.01
0.8124251751534303 16.845 0.012
0.8154395830288422 16.876 0.011
0.8188512652990539 16.838 0.014
0.8191943356381671 16.856 0.01
0.8192019226081811 16.848 0.012
0.8199360832544699 16.87 0.012
0.8207761065138129 16.85 0.011
0.8225158781034679 16.85 0.013
0.8255145255677917 16.863 0.01
0.827552826115516 16.855 0.011
0.8276033558342079 16.881 0.011
0.8277128324324622 16.846 0.014
0.828057728874137 16.848 0.01
0.8289429623077013 16.841 0.014
0.8319829778733038 16.86 0.016
0.8324962821610825 16.87 0.011
0.8336911638030188 16.893 0.01
0.8377169117688027 16.856 0.014
0.8379344548035533 16.859 0.01
0.8410332214988557 16.847 0.011
0.8411733803754032 16.853 0.012
0.8430892640752973 16.849 0.014
0.8436261574505807 16.876 0.01
0.8440461382861258 16.876 0.01
0.8444763597534802 16.864 0.013
0.8477497856917126 16.876 0.013
0.8483975949149226 16.867 0.017
0.8488104890594969 16.827 0.018
0.8488358692788097 16.853 0.012
0.8495195073241121 16.902 0.016
0.8500579980958719 16.855 0.012
0.8543067434203749 16.878 0.013
0.8551607223409065 16.889 0.01
0.8554130678011461 16.855 0.011
0.8556767768490318 16.885 0.016
0.8572992600315047 16.876 0.01
0.862446990348326 16.877 0.011
0.8626307062962951 16.879 0.01
0.8629154985493642 16.868 0.014
0.8629182662547464 16.872 0.013
0.8633437630022854 16.89 0.015
0.8634492918362412 16.894 0.01
0.8642795779927838 16.9 0.014
0.8643959896352499 16.873 0.013
0.8650469507847675 16.881 0.01
0.8654196497690464 16.898 0.013
0.8656334783928742 16.861 0.014
0.8672809724274885 16.864 0.014
0.8674967859186836 16.873 0.013
0.8680158096030027 16.893 0.013
0.8709251338356353 16.898 0.012
0.8718500342971766 16.894 0.013
0.8739368382256544 16.876 0.011
0.8742016624941243 16.867 0.015
0.8744161300441192 16.912 0.01
0.8750650370025369 16.907 0.012
0.8754920520731503 16.914 0.01
0.8757653427088826 16.892 0.015
0.8765694755578807 16.876 0.013
0.8775622155755173 16.896 0.011
0.8816395222890151 16.88 0.011
0.8837243419676725 16.942 0.015
0.8840418214840838 16.902 0.011
0.8846761759429228 16.909 0.013
0.8859058295244268 16.886 0.01
0.8863872228869468 16.934 0.016
0.8880167681577632 16.913 0.012
0.8889368117517279 16.895 0.01
0.8891806564919534 16.895 0.013
0.890427488999103 16.882 0.012
0.8917288650626688 16.901 0.011
0.8919112285701317 16.903 0.012
0.8925347449413948 16.901 0.01
0.8931172690790504 16.926 0.013
0.8932868984542438 16.887 0.014
0.8949173030045131 16.884 0.014
0.8955925881088206 16.892 0.016
0.8959215822420902 16.901 0.012
0.8967428389288671 16.889 0.012
0.8980849279174891 16.898 0.013
0.8989992210116725 16.906 0.011
0.8995090843144681 16.938 0.01
0.9004752317154271 16.931 0.015
0.9089589085998796 16.894 0.013
0.9091573844005666 16.916 0.01
0.909370633053436 16.913 0.013
0.9095581872074036 16.913 0.012
0.9096733527175275 16.894 0.012
0.9133416378449738 16.917 0.01
0.9148338781359598 16.907 0.012
0.9168769150072876 16.924 0.016
0.9168852031101778 16.922 0.011
0.9183064694037967 16.886 0.013
0.9188991797031122 16.888 0.01
0.9202593930880539 16.916 0.012
0.9203612282452923 16.894 0.02
0.9209910407343159 16.949 0.018
0.9221961701254259 16.885 0.014
0.9235533015254532 16.902 0.018
0.9237165900625769 16.922 0.012
0.9242183933507931 16.941 0.014
0.924258005290335 16.904 0.01
0.9244780704574623 16.906 0.015
0.9249761146137644 16.919 0.018
0.925365920567765 16.908 0.012
0.9267190478793964 16.933 0.016
0.927112772348687 16.936 0.01
0.9283598595615331 16.896 0.011
0.929262901097809 16.913 0.015
0.9313619032904171 16.949 0.012
0.9317425073922095 16.918 0.017
0.933471637261755 16.956 0.015
0.9341129643675231 16.918 0.014
0.9361158306818652 16.968 0.016
0.9372941477214681 16.936 0.01
0.9393258630932678 16.947 0.01
0.9393284720341853 16.938 0.009
0.9398713187760223 16.929 0.012
0.9399231322303422 16.909 0.015
0.9402937160531565 16.929 0.013
0.9411391586651462 16.928 0.013
0.9420179553201479 16.935 0.012
0.9444959526143976 16.957 0.015
0.9450078798583036 16.924 0.011
0.945823445000849 16.956 0.013
0.9474696825356205 16.926 0.011
0.9493388403699555 16.943 0.019
0.9504661170439249 16.959 0.014
0.9505730534068789 16.942 0.012
0.9506209217287506 16.934 0.015
0.9507540813409833 16.986 0.013
0.9509237897895219 16.953 0.012
0.9514499520033383 16.948 0.01
0.951761062828632 16.949 0.01
0.9517647351518917 16.914 0.019
0.9526969322895639 16.941 0.013
0.9545325435814448 16.939 0.013
0.9559220971712193 16.968 0.012
0.9564210174738946 16.95 0.013
0.9571307641064323 16.962 0.015
0.96087342212777 16.926 0.014
0.9617465097536751 16.93 0.011
0.9621498838982007 16.945 0.012
0.9636020890299278 16.939 0.011
0.9646627198239003 16.931 0.014
0.9690269624229813 16.962 0.011
0.9691844835929486 16.977 0.01
0.9695299425198072 16.963 0.01
0.9716928495038473 16.943 0.01
0.9720771324288306 16.94 0.015
0.9729263341731893 16.945 0.01
0.976048934911796 16.941 0.013
0.9765213156716981 16.942 0.016
0.9780873779745547 16.977 0.012
0.978376984389024 16.957 0.012
0.9786765047735115 16.951 0.018
0.9817277277942593 16.942 0.011
0.9834785137217295 16.967 0.012
0.9838093061056497 16.954 0.011
0.9841479686355341 16.95 0.01
0.9899228156904427 16.94 0.017
0.9905509951940075 16.966 0.02
0.9922067462284985 16.976 0.01
0.9925070838038663 16.95 0.01
0.9925113781864865 16.94 0.012
0.9934468160739924 16.922 0.015
0.9934785448670254 16.971 0.009
0.9937699605166812 16.96 0.013
0.9938300815730599 16.959 0.012
0.9945616222927582 16.952 0.01
0.9955180850472742 16.984 0.012
0.9987640422217736 16.975 0.014
0.9990026464910442 16.957 0.01
0.9996152385835102 16.969 0.012
0.999711979035419 16.968 0.013
