0.0011411098825192534 17.373 0.017
0.0024126883467033844 17.358 0.02
0.0030030611182155775 17.382 0.018
0.004364223693664848 17.402 0.025
0.006602721636591036 17.399 0.017
0.007656288480939133 17.378 0.017
0.008618200242290208 17.367 0.018
0.009229095155114941 17.338 0.015
0.009842216565994044 17.387 0.016
0.011925706878537334 17.338 0.018
0.012064333392481807 17.364 0.021
0.01361606931404824 17.417 0.02
0.014565152110117219 17.376 0.015
0.014757872351447099 17.38 0.018
0.015711413333883706 17.401 0.023
0.016034108138592296 17.388 0.016
0.016205891808931505 17.383 0.015
0.016278634922991864 17.46 0.015
0.017676371707602834 17.407 0.025
0.017681728898560345 17.472 0.015
0.019381375174270965 17.402 0.017
0.01945663022538613 17.318 0.017
0.019972535955639636 17.299 0.015
0.020557638758327834 17.407 0.016
0.020740268560439312 17.381 0.021
0.022721014910894177 17.358 0.018
0.023325620982541317 17.378 0.019
0.024404413331831187 17.39 0.018
0.025181907324986263 17.383 0.017
0.0270517276896044 17.39 0.015
0.02740028048142451 17.458 0.017
0.028203390634553238 17.355 0.015
0.029796698102836694 17.396 0.019
0.029870844633842375 17.452 0.015
0.030513415524546894 17.45 0.02
0.031553736214300465 17.377 0.014
0.03309015776940216 17.346 0.026
0.033255495233243004 17.391 0.015
0.0336263581288222 17.436 0.014
0.035094656060118745 17.369 0.017
0.03855612676161402 17.427 0.015
0.03858688297841584 17.351 0.023
0.03998113683646809 17.348 0.016
0.04011076770475486 17.353 0.015
0.040336099841079 17.375 0.024
0.04188016485240953 17.382 0.017
0.04325265721754479 17.455 0.016
0.0440408683538408 17.411 0.015
0.044100584285297395 17.369 0.021
0.04453737327039564 17.374 0.021
0.0467815361074827 17.386 0.018
0.047117059877928136 17.295 0.017
0.04743779227774214 17.451 0.012
0.048248117729508544 17.452 0.017
0.04885153843988521 17.369 0.017
0.050139891105482115 17.328 0.016
0.05093260646608544 17.36 0.021
0.0510233503267955 17.29 0.016
0.05138726628583756 17.365 0.015
0.05223376767244192 17.383 0.016
0.0530822979295863 17.37 0.014
0.05393770865921399 17.383 0.022
0.054262023093906486 17.334 0.023
0.054724242827796865 17.398 0.015
0.055378505788803545 17.436 0.012
0.0560861754173857 17.385 0.013
0.05636149959937031 17.423 0.015
0.05968872572102557 17.418 0.014
0.060128824109051515 17.367 0.016
0.06016668036081685 17.362 0.016
0.060258949931630945 17.428 0.016
0.061388327466738724 17.412 0.018
0.06457619272364357 17.41 0.015
0.06566106288701123 17.436 0.016
0.06863881737526756 17.388 0.016
0.06916682474766278 17.399 0.017
0.06993590343190592 17.391 0.017
0.07006278480494077 17.379 0.023
0.07169572368038646 17.317 0.022
0.07170330737098995 17.421 0.016
0.0719651118478396 17.428 0.015
0.07208286674531339 17.428 0.014
0.07426493681432478 17.411 0.019
0.07429373154573116 17.405 0.015
0.07642183779753398 17.363 0.016
0.07664365101586557 17.472 0.022
0.07767015651406839 17.33 0.021
0.07786552806182956 17.335 0.023
0.07910949564975456 17.337 0.018
0.07931934232547067 17.425 0.015
0.07938842656167255 17.429 0.019
0.08072701828987194 17.372 0.023
0.08344153073212512 17.402 0.014
0.08417707198204882 17.372 0.021
0.08475675079662326 17.364 0.017
0.08503055353858147 17.417 0.018
0.08768195434222437 17.395 0.019
0.08831616542138365 17.39 0.021
0.08911980710890932 17.414 0.017
0.09212597086198004 17.384 0.02
0.09249986534191523 17.385 0.015
0.0931981410525623 17.404 0.024
0.09346648138548519 17.503 0.015
0.09397293251131489 17.429 0.023
0.09462274766442536 17.358 0.017
0.09488381812061564 17.356 0.018
0.09768933851537442 17.388 0.02
0.09896662640530851 17.352 0.017
0.10079180429638657 17.37 0.014
0.10127821877667886 17.41 0.021
0.10169596345022003 17.334 0.026
0.10266151366467968 17.378 0.021
0.10312742734950009 17.395 0.022
0.10701632819054796 17.38 0.016
0.10710177127693898 17.441 0.021
0.10713075141839001 17.387 0.014
0.10752671417471904 17.471 0.014
0.10858275972386766 17.455 0.02
0.10915077877998558 17.384 0.024
0.11079339366315255 17.342 0.021
0.11111214231177657 17.373 0.015
0.11111774317068923 17.419 0.018
0.11112272435311754 17.451 0.023
0.11186693646632195 17.406 0.02
0.11229138625039925 17.38 0.024
0.11488707277694632 17.354 0.015
0.11679535718067202 17.47 0.019
0.11689718230300061 17.355 0.016
0.11769001719985683 17.404 0.02
0.11842038666727606 17.362 0.025
0.11923927868670037 17.494 0.015
0.11938494027745039 17.391 0.017
0.11965647382967293 17.442 0.015
0.11972487954280953 17.358 0.02
0.1207977206380747 17.364 0.015
0.1211218273978375 17.365 0.022
0.12116579804605865 17.43 0.014
0.1213879506898593 17.438 0.017
0.12161612808122302 17.413 0.02
0.12232330275710412 17.36 0.019
0.12320936113646896 17.387 0.02
0.12388541639338657 17.424 0.016
0.12583854240747316 17.439 0.019
0.12648959172374818 17.42 0.015
0.1266673916024047 17.39 0.015
0.1271183361249314 17.458 0.015
0.12955875946809103 17.391 0.025
0.13188442107493759 17.367 0.02
0.13230016065372185 17.419 0.016
0.13241103356849637 17.369 0.017
0.13266922520815572 17.517 0.017
0.13295073058307028 17.388 0.027
0.13642588748498385 17.415 0.015
0.13871863468230006 17.471 0.029
0.14081541627128902 17.417 0.018
0.14209301948212671 17.378 0.022
0.1427055596385799 17.402 0.015
0.1440839880200656 17.48 0.015
0.14475494925900423 17.423 0.018
0.14577664190837825 17.378 0.026
0.14655414017161095 17.299 0.017
0.1471666547135101 17.422 0.016
0.14801657407169844 17.364 0.022
0.1483637575987814 17.457 0.015
0.14859656058924886 17.368 0.021
0.15074851027420666 17.478 0.033
0.15180715222063557 17.475 0.02
0.1525411141014047 17.34 0.017
0.15282422019063235 17.503 0.02
0.1576728669810109 17.482 0.026
0.1577125291918492 17.349 0.02
0.16134428346767893 17.366 0.022
0.16199692437057822 17.383 0.019
0.1651455095342499 17.351 0.019
0.16534214269941006 17.37 0.019
0.16606477630048178 17.473 0.015
0.1662311805142963 17.441 0.015
0.16706294510859154 17.35 0.017
0.1676825947573889 17.385 0.017
0.16784225025039634 17.455 0.02
0.168926639188976 17.36 0.02
0.1697295099424082 17.448 0.018
0.16998717523565576 17.328 0.019
0.17197302656986724 17.394 0.015
0.17240887293828566 17.39 0.019
0.1732792613678612 17.355 0.021
0.17446207788307222 17.448 0.016
0.17490594463733944 17.379 0.019
0.17658563630029678 17.399 0.021
0.1768917105900073 17.432 0.016
0.17773157182309662 17.405 0.022
0.17919234491150748 17.543 0.019
0.1797807135070798 17.416 0.023
0.18012035603615006 17.402 0.014
0.18153691664874716 17.391 0.019
0.18160926667806054 17.373 0.017
0.18205208224881064 17.398 0.023
0.1835865950562493 17.439 0.016
0.18575613959492332 17.455 0.018
0.1871283901322386 17.421 0.019
0.1887481914203818 17.402 0.014
0.1897733807230907 17.388 0.018
0.1900861473162877 17.387 0.024
0.19290983436203535 17.456 0.018
0.1936814249833333 17.461 0.019
0.19493356421335195 17.382 0.024
0.19652309385937772 17.471 0.021
0.19735729354683829 17.474 0.016
0.19909608573507287 17.486 0.015
0.19939535245830486 17.468 0.02
0.20054844351388967 17.373 0.019
0.2007697431930865 17.402 0.018
0.2012939120558258 17.399 0.024
0.20462010742030545 17.437 0.02
0.20657717531994424 17.337 0.015
0.20658837519877127 17.388 0.021
0.207138316666169 17.366 0.023
0.20751745977045177 17.474 0.014
0.20835804497655774 17.463 0.015
0.20991098760750904 17.481 0.019
0.2101844844850348 17.409 0.017
0.21087257123999736 17.4 0.015
0.21093919141858353 17.461 0.018
0.2120935389024453 17.49 0.023
0.21386474200917294 17.324 0.02
0.21495666156752125 17.395 0.024
0.21604671447962576 17.462 0.015
0.2171113522093947 17.426 0.02
0.2172513797089778 17.465 0.017
0.2192680445979477 17.452 0.018
0.21955699002378426 17.4 0.013
0.2197585650295878 17.41 0.023
0.22046955168061688 17.394 0.012
0.22275006824329469 17.382 0.023
0.2229106989965658 17.381 0.02
0.2229274082423217 17.455 0.017
0.22416957748864663 17.473 0.023
0.22419484233287224 17.42 0.023
0.2243760626121457 17.442 0.02
0.22582421198094382 17.445 0.014
0.2270360309034004 17.406 0.018
0.22866489371099308 17.42 0.019
0.22873900700815286 17.494 0.023
0.22898359966839055 17.422 0.02
0.22934731649038442 17.482 0.022
0.23092354113523472 17.511 0.021
0.23096345798003315 17.388 0.028
0.23119458492274136 17.436 0.017
0.23130017841176598 17.415 0.017
0.2314952541429648 17.426 0.013
0.2323897159443732 17.41 0.02
0.23334960034471808 17.471 0.015
0.23433196929058797 17.515 0.015
0.23469117242839277 17.486 0.021
0.2360889750883871 17.364 0.016
0.2372602096096671 17.384 0.022
0.23841934675729137 17.405 0.016
0.23887297673913965 17.581 0.023
0.23911242080284867 17.432 0.027
0.23927380449313207 17.378 0.018
0.24012487841027907 17.353 0.017
0.24061716211090245 17.394 0.017
0.24114155237512025 17.438 0.019
0.24141814914255522 17.386 0.022
0.24230877578374932 17.387 0.023
0.24332579068541238 17.29 0.015
0.24710859638744298 17.511 0.019
0.24748512082751406 17.518 0.015
0.25174040503352446 17.427 0.021
0.25575512476725637 17.382 0.016
0.2583246337166202 17.463 0.02
0.2625178327720278 17.445 0.014
0.2630885595534892 17.44 0.014
0.2633465197417536 17.521 0.022
0.26461600588972944 17.402 0.019
0.26517947802985875 17.507 0.018
0.2716186159995232 17.385 0.017
0.2721192183299991 17.53 0.014
0.27545478199740503 17.497 0.015
0.27777038548097155 17.443 0.015
0.2786753207577931 17.482 0.014
0.27940194320617595 17.437 0.017
0.28153147422053737 17.491 0.027
0.2849066043394487 17.434 0.017
0.28516623019677356 17.466 0.013
0.28632377943758913 17.48 0.031
0.2869858877524166 17.413 0.019
0.2903598443948795 17.489 0.015
0.2906923015083521 17.402 0.018
0.2911016317924805 17.387 0.015
0.2911756048014468 17.391 0.02
0.2930807566728163 17.5 0.018
0.29369223283938484 17.451 0.019
0.29394927326679865 17.491 0.016
0.29497570953972174 17.481 0.019
0.2963932231463332 17.388 0.015
0.29927680207711094 17.416 0.019
0.3005336977370462 17.463 0.018
0.3005688154611562 17.425 0.02
0.3005689017626537 17.403 0.017
0.3007117925120838 17.412 0.018
0.3014763480554393 17.385 0.015
0.3015984175002814 17.468 0.025
0.30399226584759165 17.484 0.019
0.30441774730788895 17.372 0.013
0.30648599733845006 17.498 0.018
0.3065111972272462 17.374 0.012
0.3066790143151593 17.458 0.015
0.3070131569333171 17.398 0.02
0.30805982288156886 17.403 0.018
0.3084887640840407 17.512 0.017
0.30871718514245006 17.424 0.017
0.30950964829880834 17.436 0.015
0.30965665688781885 17.445 0.015
0.31203935993598864 17.42 0.016
0.3125727458454094 17.442 0.013
0.3127791858481942 17.387 0.023
0.3131520974506202 17.478 0.016
0.3169232116719286 17.457 0.025
0.31851850197144815 17.382 0.014
0.3220828593570332 17.499 0.022
0.3243812141116905 17.5 0.012
0.3246185881229394 17.437 0.018
0.32556797435463525 17.358 0.022
0.3266984604100799 17.488 0.016
0.3267205500318596 17.506 0.02
0.32684974328449246 17.433 0.019
0.3270504738633463 17.439 0.025
0.3274314717258676 17.497 0.02
0.32751596181915377 17.451 0.019
0.3287786190543557 17.403 0.015
0.32998913366773197 17.434 0.015
0.3300957792584086 17.402 0.023
0.3315708506042029 17.411 0.023
0.33158059156712627 17.373 0.013
0.3321588337325011 17.527 0.02
0.33242272290899566 17.399 0.015
0.333947624665052 17.347 0.018
0.33397185021513 17.456 0.023
0.33456966395683596 17.544 0.02
0.33483801039838 17.412 0.025
0.33486062485771984 17.413 0.015
0.33509073292989344 17.468 0.025
0.3352816139789866 17.462 0.02
0.33631353216687787 17.425 0.021
0.3378031966652998 17.482 0.021
0.3379625871467852 17.491 0.015
0.33936818970996685 17.437 0.023
0.34015115465026613 17.512 0.017
0.3404662435008504 17.467 0.013
0.34062656655023604 17.491 0.016
0.3426680150581888 17.439 0.016
0.34366006946893324 17.43 0.015
0.34436360661075016 17.397 0.015
0.34469688345816396 17.498 0.023
0.3453908342434261 17.481 0.015
0.3485803295083315 17.413 0.016
0.34898695298797977 17.453 0.016
0.3504517362695424 17.512 0.015
0.3509338968896373 17.431 0.019
0.3510064427058751 17.486 0.015
0.3518786404451021 17.45 0.018
0.3522330350025641 17.503 0.016
0.3523554216075354 17.486 0.018
0.35323376454689426 17.428 0.016
0.35371581751987835 17.549 0.024
0.35471383507083376 17.466 0.022
0.3552209647199561 17.403 0.014
0.3552802653015533 17.523 0.017
0.3556478837494069 17.451 0.02
0.3601148096226098 17.444 0.018
0.36066646982944806 17.493 0.023
0.36163318406161127 17.51 0.017
0.3616554908161561 17.434 0.016
0.3622852531674653 17.46 0.022
0.3627207704870671 17.425 0.017
0.3629558640117466 17.466 0.018
0.3666418205833907 17.368 0.016
0.3672671573916887 17.436 0.018
0.36744268716156514 17.441 0.016
0.36786127718314676 17.476 0.017
0.3710991832853324 17.501 0.02
0.3719229052298033 17.473 0.023
0.37233156703896386 17.423 0.02
0.37377956423133585 17.506 0.018
0.37415269204702784 17.416 0.017
0.3745846401392555 17.481 0.023
0.3753255480381995 17.406 0.016
0.3771027142842286 17.426 0.015
0.3788339593649198 17.442 0.014
0.3795378563594568 17.468 0.019
0.3800128955998844 17.489 0.016
0.38079685714492373 17.487 0.017
0.3808264621506169 17.529 0.016
0.3809575964636679 17.49 0.018
0.3809767706865387 17.477 0.027
0.38170781959720446 17.44 0.015
0.382422432814019 17.427 0.016
0.3835228857054972 17.448 0.015
0.3838389934266161 17.466 0.021
0.38392119298478067 17.422 0.02
0.38475084391611747 17.453 0.021
0.3863336343005358 17.463 0.016
0.38636465126128317 17.451 0.02
0.38725025067960817 17.469 0.024
0.38765655607849114 17.491 0.016
0.38951462703462314 17.432 0.012
0.39074562109854016 17.457 0.016
0.3914916922398334 17.494 0.022
0.3918464347629197 17.549 0.016
0.39332714019942616 17.403 0.018
0.39478492104549334 17.462 0.016
0.39528698931953843 17.511 0.016
0.39590266108862127 17.475 0.016
0.3965952743336857 17.515 0.015
0.3989439007931651 17.515 0.02
0.3993576130100337 17.442 0.024
0.39995822931578007 17.405 0.023
0.4 17.59 0.02
0.40138067622447127 17.43 0.02
0.4017425425567126 17.384 0.015
0.40239123730261783 17.485 0.033
0.4024664121619935 17.426 0.018
0.40276256861707227 17.439 0.013
0.403050167044421 17.524 0.018
0.4038144594136611 17.523 0.015
0.4061795523715773 17.498 0.031
0.41004863278103587 17.474 0.023
0.41039758292608897 17.534 0.028
0.4107174486336135 17.423 0.014
0.41077439372602387 17.491 0.023
0.41375798663048047 17.411 0.023
0.41432342117732335 17.515 0.023
0.41635580816491713 17.403 0.014
0.4165238295794552 17.426 0.02
0.41731402689529207 17.45 0.018
0.41799377610359445 17.467 0.023
0.4182286055353416 17.443 0.014
0.4186069624701304 17.407 0.019
0.4192630844589985 17.506 0.019
0.41949804564264925 17.533 0.016
0.42007391248253045 17.489 0.013
0.42169157968182847 17.423 0.021
0.421867864228625 17.383 0.021
0.42192257244405484 17.485 0.017
0.42409181170878585 17.544 0.017
0.425100827569986 17.489 0.013
0.4253044631699595 17.469 0.021
0.4270368921046611 17.497 0.018
0.4274859434471182 17.449 0.013
0.4277455232653665 17.392 0.018
0.4301986798131111 17.417 0.017
0.43025340937415424 17.521 0.015
0.4303158193037234 17.413 0.015
0.43110323205237366 17.426 0.018
0.43248922185775884 17.419 0.012
0.4347357624509641 17.484 0.013
0.43574300315722214 17.473 0.023
0.43578252599709233 17.487 0.016
0.4361692750561815 17.518 0.014
0.43677853753151796 17.504 0.015
0.43875787192646387 17.377 0.014
0.4398679633244683 17.518 0.017
0.4414359623373457 17.461 0.018
0.4424442755711425 17.472 0.029
0.4424556935013243 17.485 0.027
0.4428504733231421 17.437 0.016
0.4433074127086002 17.431 0.018
0.4434034164918558 17.286 0.015
0.4437642862189023 17.432 0.014
0.445820128743344 17.455 0.016
0.44676709787690927 17.443 0.019
0.44734786143762906 17.462 0.022
0.4474391429415846 17.446 0.017
0.44864906533384785 17.455 0.021
0.4503104604340479 17.454 0.021
0.45197973411986825 17.492 0.015
0.45608575854330413 17.507 0.023
0.45643045240049107 17.489 0.023
0.4585897857172313 17.457 0.018
0.45897473919503684 17.442 0.019
0.4597716715039951 17.517 0.016
0.46046743954721026 17.527 0.019
0.4615722530258154 17.532 0.014
0.4616963412940095 17.466 0.015
0.46267043672914954 17.399 0.013
0.46403886432326547 17.502 0.023
0.4645219684802214 17.501 0.015
0.46500180592206564 17.42 0.018
0.46531046413329025 17.404 0.015
0.46640252306260666 17.428 0.019
0.4667997687805837 17.426 0.018
0.4693915082306376 17.478 0.018
0.47006873880436617 17.491 0.023
0.47088784703591957 17.459 0.021
0.4749249650143611 17.507 0.025
0.4750206729812817 17.423 0.02
0.47601021972368474 17.512 0.015
0.47632363252741927 17.468 0.021
0.4763919406413152 17.473 0.02
0.476742057564843 17.4 0.015
0.479988005398036 17.434 0.017
0.480087713508874 17.499 0.023
0.4802487150817797 17.472 0.014
0.48034529066026155 17.463 0.024
0.4811749852027788 17.526 0.015
0.48233209682930467 17.507 0.017
0.483629424713763 17.503 0.025
0.4842294478779877 17.498 0.019
0.48577977184540944 17.478 0.025
0.4861208059031924 17.467 0.023
0.4862293257587226 17.469 0.016
0.48671395135479545 17.453 0.023
0.48693019970723983 17.496 0.018
0.48818465173590087 17.502 0.018
0.48847593130712996 17.449 0.015
0.48898057647274984 17.45 0.023
0.48907233066565825 17.483 0.02
0.4893852091739973 17.463 0.02
0.4895753098318437 17.422 0.016
0.49060382134612157 17.407 0.018
0.4932769040400672 17.402 0.02
0.49348757379939345 17.484 0.02
0.4971532613548334 17.512 0.021
0.4972442256975228 17.426 0.015
0.4987195397906362 17.475 0.015
0.5004059152173795 17.507 0.019
0.5010909780059137 17.37 0.013
0.5023058858493187 17.385 0.011
0.5027098802887849 17.525 0.022
0.5034555693122457 17.429 0.019
0.5042265445266821 17.507 0.027
0.5055586482784747 17.541 0.015
0.5071313259603812 17.502 0.021
0.5074835162851287 17.506 0.021
0.5076212437919821 17.462 0.022
0.5080055690563313 17.441 0.019
0.5081131231103427 17.467 0.021
0.5099323079779424 17.447 0.024
0.510590899212184 17.494 0.018
0.5109076214197558 17.419 0.019
0.5129452152615613 17.498 0.017
0.5140433648124599 17.42 0.021
0.5148118418168451 17.501 0.022
0.5166037771690754 17.495 0.014
0.5192826375934146 17.462 0.016
0.519493339075234 17.395 0.016
0.5202246520783774 17.468 0.015
0.5203268242461491 17.48 0.021
0.5227095059502972 17.425 0.015
0.5232661738731622 17.455 0.016
0.5258712030885363 17.458 0.023
0.5262675077005042 17.442 0.02
0.528572524873789 17.422 0.014
0.5295839312983844 17.456 0.019
0.5302674369844681 17.452 0.018
0.5311094801849322 17.382 0.017
0.5312415580341622 17.457 0.02
0.5318690948064614 17.397 0.015
0.5321015900939529 17.451 0.018
0.5329228598683585 17.391 0.013
0.5332952005946027 17.414 0.022
0.533489095231198 17.448 0.016
0.5338546393576508 17.414 0.013
0.5357328171043264 17.388 0.015
0.5358599403051812 17.475 0.019
0.536071541711317 17.477 0.018
0.5362212357598765 17.51 0.019
0.5380899793275603 17.416 0.014
0.5394629742640064 17.458 0.017
0.5413645023294521 17.457 0.02
0.5419552700263012 17.52 0.016
0.5441705722559164 17.396 0.016
0.544884297434146 17.402 0.017
0.5501823776843594 17.495 0.024
0.5510843871833458 17.477 0.017
0.5518521880943809 17.483 0.024
0.5527574737647228 17.479 0.017
0.5569050910802616 17.487 0.016
0.5591066857663464 17.442 0.019
0.560177872159693 17.435 0.021
0.560200619879106 17.397 0.017
0.5606589702996644 17.341 0.018
0.5614392933915952 17.402 0.029
0.561650707548688 17.462 0.015
0.5657901736480199 17.497 0.025
0.567902076575956 17.452 0.015
0.5687766956792984 17.491 0.019
0.5690719086000172 17.451 0.018
0.5707203192090674 17.412 0.016
0.5723575418282053 17.475 0.02
0.5745613630118896 17.451 0.023
0.5758874719007508 17.362 0.017
0.5766791461277535 17.458 0.015
0.5769095500167168 17.457 0.018
0.57773438993936 17.403 0.018
0.5781154408708972 17.479 0.016
0.5787586253285554 17.371 0.016
0.5809933985168755 17.466 0.015
0.5839567556398834 17.374 0.021
0.5844635690472387 17.562 0.019
0.5856914186910217 17.374 0.02
0.5859357045677825 17.423 0.026
0.587259995610475 17.51 0.019
0.5873632659207942 17.439 0.02
0.5875498186959703 17.466 0.013
0.5894909345583074 17.381 0.018
0.5897946182855321 17.411 0.014
0.5898615888585482 17.432 0.017
0.590329734230545 17.463 0.015
0.5926500923050297 17.5 0.015
0.5955044492669912 17.456 0.02
0.5973706500939442 17.447 0.018
0.5975956736068837 17.437 0.015
0.599218074052851 17.41 0.015
0.6003119398596026 17.451 0.021
0.6020345278033346 17.416 0.025
0.6026692756053307 17.462 0.023
0.6028188388226225 17.458 0.014
0.6030650648393929 17.449 0.015
0.6043728671187636 17.423 0.017
0.6050374831005683 17.38 0.015
0.6055320914878393 17.399 0.013
0.6055874791458336 17.448 0.015
0.6056699309105169 17.478 0.02
0.6061531863237177 17.402 0.016
0.6066609133828478 17.492 0.015
0.6075293171415068 17.406 0.015
0.6107532079962765 17.368 0.013
0.614476605468917 17.493 0.017
0.6152330970156981 17.42 0.021
0.6157031071938035 17.484 0.018
0.6161362586457471 17.493 0.021
0.6167116631753742 17.462 0.018
0.616854925665757 17.382 0.016
0.6195002581111111 17.408 0.015
0.6197312072630665 17.394 0.014
0.6208292387895198 17.411 0.021
0.6209528098389909 17.373 0.015
0.6216717205255917 17.426 0.018
0.6217345021954315 17.402 0.015
0.6226438791703912 17.419 0.026
0.6239588668653595 17.413 0.02
0.6250065516818721 17.357 0.019
0.6257496851589166 17.467 0.026
0.62676715902071 17.38 0.018
0.6300287871821637 17.384 0.014
0.6304836873190651 17.378 0.015
0.6319438895310667 17.38 0.012
0.6331453648903334 17.345 0.013
0.6332794890171498 17.402 0.014
0.6333739808163954 17.444 0.024
0.6363094089807872 17.391 0.016
0.6372826310256641 17.461 0.022
0.6382988569975168 17.429 0.015
0.6389061570675039 17.362 0.013
0.6397261542573687 17.445 0.011
0.6399402865166848 17.403 0.027
0.6406806823864826 17.432 0.022
0.6437588457742094 17.375 0.015
0.6487049415344699 17.428 0.014
0.6493694934801169 17.482 0.019
0.6507721190368101 17.411 0.015
0.6524716960879231 17.406 0.025
0.6524920873966038 17.357 0.019
0.6530429595935856 17.378 0.015
0.6533177067907672 17.363 0.017
0.653508609185701 17.416 0.02
0.6539493879367 17.426 0.019
0.6542698998540799 17.412 0.016
0.655138436873949 17.413 0.015
0.655703805544499 17.425 0.015
0.6576041601341784 17.514 0.019
0.6579702974016981 17.351 0.022
0.6590242710584788 17.428 0.02
0.6591692864386913 17.423 0.018
0.6603093375055322 17.399 0.019
0.660956784361042 17.389 0.016
0.6647859162011627 17.342 0.015
0.6678725830392067 17.501 0.015
0.6688967748181311 17.4 0.02
0.6692128977751053 17.396 0.016
0.6693517200755195 17.413 0.02
0.6693524535070536 17.472 0.018
0.670126485919718 17.419 0.019
0.670966437723473 17.492 0.021
0.6736176735425032 17.478 0.02
0.6751250566989255 17.399 0.016
0.6790192412367104 17.358 0.017
0.6793642632227601 17.501 0.021
0.6825433859616168 17.502 0.023
0.6828463457155975 17.35 0.013
0.6830822812384212 17.408 0.018
0.6833683582250614 17.37 0.015
0.6837253357847657 17.494 0.023
0.6870413440323317 17.357 0.018
0.6881241636487174 17.402 0.016
0.6889293703883594 17.37 0.016
0.6897701538113323 17.397 0.016
0.6908735434484696 17.427 0.017
0.6909141269296923 17.466 0.016
0.6912902796306297 17.38 0.018
0.6919132496517704 17.422 0.015
0.6925589204314746 17.486 0.017
0.6930329417220036 17.399 0.015
0.6931775298648062 17.414 0.017
0.69337632365241 17.386 0.017
0.6951186670725291 17.4 0.012
0.6959091464772427 17.363 0.014
0.6985578523648655 17.391 0.024
0.6990500829955635 17.371 0.018
0.7000498851615702 17.432 0.019
0.7011211151651877 17.342 0.015
0.7027483891464725 17.423 0.018
0.7033031843142452 17.434 0.018
0.703727231555058 17.39 0.02
0.7047868890216704 17.412 0.018
0.708239716903472 17.362 0.015
0.7114416267026171 17.413 0.015
0.711542454301616 17.424 0.02
0.7122950433034929 17.393 0.014
0.7143342671528443 17.335 0.02
0.7149979301406346 17.43 0.02
0.7156679597309448 17.411 0.012
0.715938280465616 17.411 0.014
0.7168010449444409 17.312 0.015
0.7172960781398614 17.365 0.013
0.717456401189247 17.495 0.014
0.7175041188567319 17.391 0.015
0.7180118989848778 17.39 0.014
0.7189101504967765 17.368 0.015
0.7198963774582352 17.428 0.015
0.7207202729249729 17.397 0.018
0.7216185723167654 17.399 0.022
0.7218977554342927 17.47 0.019
0.7220750698183109 17.373 0.018
0.7221813418294913 17.432 0.018
0.7223149401997033 17.368 0.015
0.7239369570183043 17.485 0.023
0.7270057383761013 17.379 0.015
0.7287444253464854 17.358 0.016
0.7288112190484752 17.464 0.023
0.7290546467706007 17.366 0.024
0.7306823830616849 17.465 0.026
0.730718531542061 17.447 0.019
0.7313643895717177 17.405 0.018
0.7315140177442117 17.374 0.015
0.7343959865023861 17.381 0.019
0.7361164607831596 17.385 0.019
0.7369790697352072 17.379 0.015
0.7398494906514315 17.369 0.022
0.7440976928191048 17.391 0.013
0.7449951127113308 17.426 0.016
0.745914499931041 17.445 0.016
0.7466218841213048 17.436 0.021
0.7473182093130162 17.436 0.017
0.7495104793064455 17.388 0.013
0.7498188194371322 17.38 0.016
0.7507796150588546 17.353 0.017
0.7511465967544608 17.394 0.016
0.7534164193615651 17.409 0.015
0.7564586675583995 17.44 0.02
0.7577251724304914 17.384 0.015
0.7580194323567411 17.347 0.015
0.7583723783776803 17.4 0.02
0.758830533931723 17.376 0.025
0.7601300840455223 17.413 0.015
0.7617337042733197 17.369 0.018
0.762918413969055 17.362 0.019
0.7629573991659071 17.42 0.016
0.7635203132371315 17.392 0.014
0.7650962899455407 17.345 0.016
0.7671936177156566 17.426 0.015
0.7675752139097312 17.414 0.015
0.7678203664794636 17.415 0.016
0.7682861023717122 17.403 0.016
0.7688282207513111 17.357 0.02
0.7689286628841727 17.38 0.023
0.7699481769153862 17.428 0.019
0.7719364173020948 17.381 0.019
0.7720430619741818 17.379 0.015
0.7723296073790151 17.385 0.021
0.7725157234594007 17.407 0.021
0.7727200171563253 17.347 0.021
0.7749877047548579 17.47 0.021
0.7760489415903975 17.427 0.016
0.7771578192499873 17.356 0.021
0.7776202243934676 17.344 0.019
0.7811389024403979 17.432 0.019
0.7831700177634047 17.37 0.017
0.7844096570774126 17.385 0.015
0.7881208614175192 17.355 0.014
0.7883340269558174 17.465 0.023
0.789209455414857 17.385 0.015
0.7897845214373773 17.362 0.017
0.7934340910502669 17.41 0.015
0.7937117749919707 17.388 0.015
0.7943208169857825 17.428 0.024
0.7946152855069157 17.373 0.02
0.7965089459543377 17.436 0.018
0.7966367367102065 17.4 0.016
0.797374864309313 17.375 0.019
0.7976069774798815 17.387 0.016
0.7991866423602914 17.372 0.02
0.7997293965721837 17.426 0.018
0.8000447281705418 17.423 0.019
0.800062915246508 17.424 0.022
0.8004141629557124 17.419 0.017
0.801707098530096 17.377 0.015
0.8018363131285695 17.359 0.014
0.8036958405695258 17.399 0.02
0.8066204884754824 17.4 0.018
0.8069380304163132 17.379 0.022
0.8074272157358791 17.38 0.018
0.8075526628894294 17.411 0.029
0.8087718450182364 17.33 0.015
0.8090570101925549 17.362 0.016
0.8109685295861708 17.356 0.02
0.8135578049795185 17.353 0.015
0.8166141873693049 17.398 0.017
0.8166324726334095 17.393 0.016
0.8176485790712831 17.357 0.014
0.8178519505785515 17.396 0.017
0.8187936232074207 17.411 0.02
0.8192374506201303 17.369 0.018
0.8195609642383714 17.402 0.016
0.820551957088719 17.39 0.015
0.8205540494058368 17.385 0.017
0.8205734663755719 17.358 0.016
0.8207350141300593 17.384 0.017
0.8207545524736815 17.397 0.021
0.8209328643819389 17.356 0.02
0.8209807589211322 17.39 0.017
0.8211631715920702 17.416 0.016
0.821287497418234 17.463 0.017
0.8231458760777968 17.362 0.014
0.8251554735756144 17.344 0.023
0.8261549774946615 17.348 0.019
0.8263532772492908 17.382 0.015
0.8265685820646467 17.402 0.019
0.8294529285780299 17.394 0.019
0.8294845600261396 17.347 0.02
0.8309610997443087 17.379 0.021
0.8329292589563919 17.372 0.017
0.8330840897137022 17.389 0.018
0.8337882934914886 17.328 0.015
0.8350853795485818 17.365 0.023
0.836263955931281 17.353 0.015
0.8362742208106737 17.37 0.015
0.8368226076048813 17.372 0.014
0.8369151403482191 17.336 0.015
0.8372832930903313 17.391 0.015
0.8386752341479222 17.404 0.013
0.8387866556760399 17.413 0.016
0.8407308604586432 17.41 0.018
0.8419885901700126 17.379 0.015
0.8438782285369597 17.363 0.018
0.84676611347586 17.361 0.015
0.8480137057889805 17.323 0.018
0.8489792560034402 17.399 0.016
0.8492710414949669 17.358 0.014
0.8506902970242662 17.373 0.02
0.8509025342631502 17.413 0.017
0.8534628167089067 17.4 0.014
0.8534654893604965 17.414 0.018
0.8545914925356555 17.351 0.016
0.8546049155624131 17.411 0.022
0.8547196782168611 17.358 0.016
0.8550051416363202 17.373 0.018
0.8560990501340711 17.382 0.015
0.8561625591259143 17.385 0.019
0.8585138265147179 17.401 0.022
0.8585805970309592 17.356 0.013
0.859512662878751 17.422 0.023
0.8612797377685637 17.396 0.023
0.8617361053569765 17.395 0.014
0.8624555210448306 17.374 0.017
0.8624915234580839 17.364 0.018
0.8637792735236416 17.403 0.015
0.8649090929435714 17.439 0.017
0.8656676118520408 17.356 0.02
0.8670635374882294 17.295 0.015
0.8672754679440913 17.426 0.017
0.8672804320507566 17.374 0.017
0.8676071157027763 17.356 0.013
0.8676903981671784 17.374 0.02
0.8693539505406078 17.367 0.017
0.8740410016975146 17.384 0.017
0.8753355047537297 17.353 0.022
0.8758758119853609 17.33 0.015
0.8762260203988261 17.398 0.014
0.8764239474934583 17.404 0.024
0.8769356695096575 17.352 0.018
0.8769838119846098 17.376 0.017
0.877623843485162 17.375 0.02
0.8782051556567239 17.377 0.017
0.8796834799890347 17.36 0.015
0.8815266732721283 17.396 0.017
0.8819197983924822 17.364 0.015
0.8842411539912063 17.394 0.024
0.8872825885640849 17.357 0.018
0.8894093032880845 17.352 0.018
0.8897451783726864 17.341 0.013
0.889962510549958 17.381 0.015
0.8911746371744811 17.414 0.023
0.8915148823038179 17.371 0.017
0.8935610967013417 17.357 0.015
0.8941321738760961 17.382 0.013
0.8944051578049765 17.404 0.027
0.8960260206530619 17.445 0.022
0.8965484707781797 17.387 0.019
0.8973476390432551 17.376 0.014
0.8975476361905748 17.344 0.015
0.8988447445130077 17.366 0.018
0.9010009992856793 17.319 0.02
0.9013243393814263 17.366 0.02
0.9030031890460122 17.369 0.017
0.9038693501510351 17.374 0.018
0.9052153477768115 17.408 0.015
0.9052624509571614 17.409 0.018
0.9053249044976837 17.368 0.012
0.9057284295980934 17.383 0.024
0.9065994197066174 17.368 0.016
0.9067109754156717 17.373 0.015
0.9071107169142123 17.36 0.016
0.9076089619151388 17.408 0.011
0.9088442842525182 17.371 0.019
0.9102244688739574 17.379 0.015
0.9137352128376732 17.388 0.016
0.9150473970479651 17.398 0.023
0.9158334936013488 17.435 0.018
0.9164830019712098 17.381 0.017
0.9169581070877029 17.367 0.023
0.9177388009988134 17.336 0.015
0.919627377805591 17.341 0.018
0.9217734762663894 17.365 0.019
0.922430741847529 17.379 0.023
0.9226937856768926 17.315 0.023
0.9237298756915151 17.369 0.015
0.9242258097323428 17.36 0.019
0.9254177527231149 17.352 0.017
0.9266710791565855 17.371 0.024
0.9273681838202719 17.336 0.014
0.9279350294015329 17.396 0.015
0.929168346642109 17.326 0.02
0.9293780505999165 17.397 0.015
0.9301031824110395 17.332 0.017
0.9318604513822719 17.39 0.015
0.9318973537196142 17.344 0.013
0.932961658131171 17.359 0.02
0.9336866277175431 17.388 0.015
0.9343974503048229 17.348 0.015
0.9347471414997925 17.391 0.02
0.9358968453874694 17.384 0.012
0.937037468249764 17.364 0.018
0.9400353371478558 17.367 0.015
0.9402772656939304 17.356 0.015
0.9411350660665447 17.405 0.01
0.9415112870732627 17.356 0.021
0.9424640690091564 17.533 0.02
0.9426690098374819 17.379 0.018
0.943611267070446 17.343 0.027
0.9438093445020512 17.376 0.014
0.9443449791746388 17.348 0.016
0.9459702907505743 17.352 0.023
0.9477000683786172 17.339 0.014
0.9493530917801762 17.349 0.019
0.9497769706862527 17.36 0.022
0.9527615507389782 17.387 0.017
0.9529038379697794 17.368 0.011
0.9529390651799985 17.379 0.018
0.9530849036420022 17.373 0.014
0.9531158779112956 17.403 0.015
0.9558106562230022 17.415 0.015
0.9575374971058408 17.395 0.024
0.9575647670475518 17.326 0.023
0.9593913416569193 17.351 0.016
0.9596276916094211 17.389 0.015
0.9597778010078399 17.378 0.021
0.9603700712294994 17.374 0.015
0.962474784472215 17.39 0.017
0.9624878116541367 17.367 0.013
0.9635195633476541 17.346 0.022
0.9641035609787649 17.374 0.022
0.9643866243772208 17.329 0.027
0.9671215366664909 17.386 0.021
0.9671281109443952 17.376 0.015
0.9692595820983114 17.355 0.023
0.9703569991374024 17.409 0.018
0.9712724008599252 17.373 0.018
0.9714225855917902 17.384 0.022
0.9740508779053925 17.378 0.016
0.9744039690753197 17.431 0.015
0.9756561741809491 17.389 0.017
0.9761636337983872 17.418 0.018
0.977461333422434 17.371 0.015
0.9779232369141027 17.365 0.028
0.978274198265717 17.426 0.023
0.9783459893054895 17.375 0.015
0.9790781006971883 17.375 0.015
0.979207929782342 17.484 0.02
0.9811974958232894 17.367 0.014
0.9830263780435415 17.429 0.015
0.9851776943250115 17.411 0.012
0.9854774858844393 17.376 0.02
0.9857812919057323 17.407 0.024
0.9858832460212397 17.312 0.015
0.9860505349237427 17.35 0.019
0.9865263194828002 17.333 0.015
0.9877907106926158 17.431 0.012
0.9881321643701084 17.394 0.017
0.9885966831763198 17.35 0.013
0.9887894616753328 17.43 0.015
0.9914436991952242 17.365 0.016
0.9914584692209245 17.355 0.019
0.9927098536735685 17.422 0.014
0.9938483799500318 17.424 0.016
0.9940864751760273 17.37 0.015
0.995107600297979 17.403 0.015
0.9953422751235849 17.381 0.029
0.995589860026621 17.391 0.016
0.9958535073750682 17.397 0.02
0.995971066484708 17.316 0.014
0.9959881236949514 17.338 0.022
0.9978021273235754 17.37 0.015
0.9991763070333036 17.353 0.017
0.9994591712942565 17.348 0.024
