0.0013638688234323126 17.24 0.011
0.002154125863853551 17.279 0.012
0.002233023657936428 17.253 0.014
0.002812974654716527 17.226 0.016
0.00311236045718033 17.232 0.013
0.0033044382896605384 17.257 0.015
0.0033394259232863988 17.255 0.012
0.005335315843694843 17.228 0.013
0.00610153487923526 17.256 0.016
0.007020676916908997 17.25 0.017
0.0072789763298715116 17.263 0.015
0.008997071950034297 17.25 0.012
0.009281470498081035 17.252 0.016
0.009839882113283238 17.262 0.013
0.010053941843580105 17.269 0.011
0.01504286125100407 17.248 0.01
0.01610052781416016 17.258 0.01
0.017020186198919873 17.268 0.021
0.019521266111269142 17.269 0.016
0.01956224966238551 17.262 0.014
0.019802222403995984 17.239 0.016
0.020405812313583738 17.261 0.014
0.020764249085914344 17.287 0.017
0.021642957245148864 17.27 0.009
0.0220584279841205 17.234 0.012
0.02368966938502126 17.267 0.013
0.024100168261611543 17.274 0.018
0.02549979891853127 17.238 0.011
0.026152897329211555 17.204 0.021
0.02791685492002216 17.143 0.017
0.029122133646410475 17.227 0.018
0.03041513277287322 17.289 0.011
0.030460881051112665 17.272 0.013
0.032135057814230095 17.264 0.017
0.03228427271369583 17.261 0.012
0.034062427426306385 17.265 0.015
0.035519371612735995 17.27 0.013
0.03768712169721766 17.227 0.014
0.0381087302943115 17.241 0.016
0.0395850954796515 17.285 0.011
0.040397041080723284 17.244 0.019
0.04078835796008207 17.322 0.015
0.04107186715646094 17.294 0.015
0.041287076950538903 17.246 0.014
0.0415459253363224 17.268 0.017
0.04159406864346238 17.242 0.016
0.04282829998237503 17.267 0.015
0.04296016808393688 17.274 0.012
0.045054272500692605 17.256 0.014
0.04567575456223949 17.249 0.013
0.048142165509034385 17.292 0.022
0.04878655284665001 17.272 0.013
0.049485285083505914 17.295 0.02
0.0523792331923687 17.262 0.016
0.05411962284051697 17.312 0.019
0.054282840042560565 17.248 0.012
0.05485639462767722 17.279 0.014
0.0568063486889514 17.267 0.017
0.058423656598279194 17.298 0.012
0.05961199409875917 17.261 0.016
0.06010327161038731 17.25 0.023
0.0609412330604755 17.276 0.017
0.0611272932637803 17.288 0.019
0.061428624341033355 17.277 0.019
0.06261752820682887 17.265 0.014
0.06267880109771795 17.293 0.012
0.06748248521944333 17.293 0.015
0.06909230892733831 17.289 0.013
0.0699076859291381 17.295 0.02
0.07025652227639512 17.258 0.017
0.0706936779561147 17.266 0.016
0.07149172263370929 17.273 0.013
0.07150765211827093 17.268 0.013
0.07153245848792267 17.319 0.012
0.07188392886496331 17.308 0.025
0.07215434250269936 17.249 0.016
0.07529104294280842 17.311 0.018
0.07625395897639464 17.29 0.019
0.07638080309789075 17.276 0.015
0.07696881551692059 17.316 0.021
0.07765031972712677 17.295 0.012
0.0783264899846472 17.263 0.014
0.081381266045355 17.303 0.012
0.08203035653605184 17.334 0.014
0.08269696547347394 17.27 0.014
0.08311162144900663 17.303 0.022
0.08427429363564443 17.295 0.012
0.0893103960265762 17.275 0.018
0.08981917097389669 17.306 0.013
0.09022209512659174 17.296 0.015
0.09066819288455008 17.294 0.016
0.09118056726140367 17.303 0.018
0.09164004014110105 17.296 0.019
0.09401653771533347 17.321 0.017
0.09711382401383162 17.295 0.021
0.09789689159333648 17.301 0.012
0.09836269207289661 17.297 0.013
0.09946183682268384 17.342 0.012
0.0996412319063893 17.274 0.015
0.10003723022691702 17.322 0.015
0.10030468538934656 17.261 0.013
0.10067821657298737 17.344 0.021
0.10147321079341509 17.309 0.015
0.10253049495486266 17.323 0.014
0.10269324792852785 17.315 0.01
0.10297881539236187 17.288 0.01
0.1037865329244596 17.289 0.013
0.11248797853659198 17.327 0.017
0.11359615734590989 17.307 0.017
0.11375606046010489 17.264 0.023
0.11417545799213258 17.28 0.016
0.1142669639448286 17.274 0.016
0.11537383189715911 17.275 0.023
0.11677074162071222 17.32 0.013
0.11784890535795967 17.337 0.012
0.1197727211806523 17.344 0.018
0.12061105487646273 17.32 0.018
0.12114960951385001 17.321 0.015
0.12129373669904453 17.32 0.015
0.12206042142088336 17.333 0.019
0.1238995933890692 17.362 0.019
0.12447473693646316 17.306 0.014
0.12677193692388755 17.305 0.018
0.1295556562326965 17.318 0.012
0.1301707527372855 17.299 0.013
0.13037590441581415 17.303 0.018
0.13059527854693442 17.302 0.02
0.1346890555189475 17.322 0.02
0.13602028901505037 17.32 0.016
0.13683233745359757 17.33 0.023
0.13716879956518824 17.276 0.014
0.13791931871992347 17.288 0.012
0.13805236443386093 17.291 0.013
0.13982957329790224 17.313 0.011
0.14001164443288872 17.357 0.013
0.140634541648069 17.31 0.014
0.14202023735469993 17.289 0.011
0.14251810971597934 17.291 0.014
0.1434561556470726 17.306 0.018
0.14535124770281982 17.292 0.018
0.14748817448958107 17.323 0.01
0.1475242477536085 17.293 0.012
0.14968462516935688 17.311 0.013
0.1501647205319614 17.338 0.011
0.15212086678820924 17.267 0.016
0.15282691811444238 17.32 0.012
0.15424529694905686 17.28 0.012
0.1557108587676339 17.312 0.012
0.15636577860482248 17.314 0.013
0.15664505033419118 17.294 0.019
0.15762170142170362 17.324 0.016
0.1591121753654079 17.327 0.013
0.1592768823102233 17.325 0.018
0.15971539302972815 17.315 0.014
0.16144015592817595 17.367 0.017
0.1645764015365785 17.326 0.018
0.16473212438131668 17.374 0.021
0.16473856281572807 17.306 0.023
0.16542219772236422 17.308 0.016
0.16604080675369914 17.305 0.019
0.16737921447975168 17.329 0.012
0.16879181468630122 17.302 0.02
0.17024602562378277 17.322 0.012
0.17057077908339124 17.332 0.02
0.17281901376418318 17.306 0.012
0.1728996576944155 17.386 0.025
0.1730066042737235 17.348 0.015
0.17490179047103993 17.379 0.015
0.17565359007539882 17.317 0.014
0.17614602418780123 17.315 0.019
0.17622879589748663 17.336 0.012
0.17854025819906383 17.365 0.016
0.17946134551220894 17.331 0.016
0.18160765689299296 17.381 0.013
0.1828612136296215 17.322 0.017
0.18289827908347434 17.355 0.012
0.1854710593879645 17.335 0.011
0.1857333304783424 17.303 0.016
0.1883638494373372 17.319 0.018
0.18871215636409033 17.317 0.012
0.19015400899979795 17.333 0.016
0.19026771700009704 17.328 0.033
0.19527897099953861 17.346 0.013
0.19633015640602025 17.409 0.02
0.1979349264265693 17.335 0.02
0.19921331200384884 17.327 0.013
0.20104131051903096 17.316 0.011
0.20109307642542262 17.327 0.014
0.20222313645535905 17.299 0.012
0.20287856977938645 17.348 0.014
0.20337021084117168 17.29 0.014
0.20338210853424243 17.322 0.016
0.20352907542473986 17.327 0.017
0.20613535939855865 17.34 0.016
0.20754253221184626 17.329 0.015
0.20801753986006588 17.322 0.019
0.2107730242589696 17.37 0.017
0.21098411897719416 17.34 0.016
0.21370631769741522 17.301 0.021
0.21375875280682521 17.349 0.017
0.21398283154940145 17.378 0.011
0.2177526502719047 17.338 0.016
0.2177972745171246 17.335 0.022
0.21782079757667816 17.362 0.02
0.2189026418704998 17.375 0.017
0.21979302827458014 17.355 0.017
0.22032351063353417 17.334 0.016
0.22111116621226756 17.354 0.012
0.22163650144239 17.401 0.023
0.22187967020136057 17.347 0.018
0.22200655704511973 17.363 0.014
0.22538219817397476 17.337 0.015
0.2269037930725517 17.335 0.016
0.22761854677537485 17.352 0.017
0.227691014130869 17.356 0.018
0.2280863714968291 17.36 0.02
0.230162553354603 17.358 0.011
0.23210670993512394 17.335 0.018
0.23216369610145193 17.323 0.013
0.23216540021576293 17.349 0.012
0.23281300026246754 17.347 0.014
0.23341845000277317 17.373 0.017
0.23394999698030006 17.355 0.015
0.23450454191697645 17.367 0.015
0.2345144928767695 17.332 0.018
0.23486416569858193 17.348 0.012
0.23493159022200416 17.325 0.012
0.23579858611060445 17.341 0.017
0.23812540645371882 17.309 0.014
0.24007159089524066 17.377 0.015
0.24160220030125856 17.358 0.014
0.2421018593622648 17.3 0.023
0.24454424753457715 17.37 0.018
0.2480770831589325 17.343 0.011
0.24816148801255622 17.354 0.017
0.24905087207184806 17.353 0.016
0.2491924767614364 17.376 0.015
0.24991610157167088 17.324 0.019
0.2502132342870027 17.347 0.011
0.2514205372544893 17.364 0.014
0.25161465018481977 17.336 0.015
0.2518117708477803 17.344 0.014
0.252767296822185 17.342 0.017
0.25353867384160367 17.329 0.018
0.2551069150663352 17.383 0.013
0.2560930745967198 17.366 0.012
0.2580590131783538 17.333 0.016
0.2592157625786058 17.336 0.016
0.2604839857431216 17.341 0.017
0.26148137230541124 17.403 0.018
0.2629673806382016 17.342 0.018
0.2640112896779101 17.396 0.015
0.265102528720945 17.345 0.019
0.2658432895759688 17.307 0.02
0.26656710774659587 17.337 0.012
0.26664163336954516 17.349 0.019
0.2669085221673413 17.366 0.013
0.2670951313430123 17.366 0.022
0.267492423128715 17.367 0.018
0.27006040684000254 17.359 0.023
0.2708503582288131 17.328 0.014
0.27088593393898464 17.393 0.014
0.271610508216213 17.347 0.012
0.2717210455292616 17.348 0.015
0.2741045290508737 17.358 0.012
0.2777296021049551 17.351 0.017
0.2786133639519903 17.351 0.02
0.27868509837151123 17.37 0.022
0.2794083473172577 17.364 0.016
0.27965398715241463 17.337 0.014
0.27972739311917394 17.393 0.015
0.2800327024087892 17.35 0.011
0.28076185744930626 17.346 0.013
0.28196963550090004 17.351 0.012
0.28200650397502613 17.362 0.02
0.2820832087973031 17.349 0.018
0.2827595123003448 17.343 0.015
0.28877585435247966 17.366 0.012
0.29248026987625053 17.332 0.012
0.295024852216784 17.378 0.015
0.29502671350564924 17.357 0.02
0.29794299544801106 17.368 0.016
0.2981321271199704 17.349 0.023
0.29931454113284417 17.33 0.017
0.3007306965873795 17.37 0.019
0.30225116529300067 17.317 0.013
0.302297935468232 17.402 0.012
0.30229965189755603 17.352 0.017
0.30402218995641306 17.369 0.018
0.3048355637279201 17.336 0.021
0.30549734566375264 17.343 0.012
0.30670354199003214 17.351 0.022
0.3087394732319808 17.351 0.023
0.3088414110063695 17.367 0.018
0.3090099506043771 17.386 0.018
0.309154605751246 17.37 0.017
0.3097467332463566 17.357 0.014
0.310462728995617 17.339 0.015
0.311638682863304 17.366 0.013
0.31184930103881925 17.362 0.012
0.31428872781839345 17.382 0.021
0.3170818230247505 17.355 0.023
0.31718724075699356 17.369 0.022
0.3176537212953008 17.382 0.015
0.3186526997378678 17.369 0.018
0.3188602696154703 17.377 0.02
0.3202792169749955 17.353 0.016
0.3225113519816887 17.333 0.013
0.3255184236331843 17.366 0.013
0.3257228633865452 17.333 0.015
0.3270096630799344 17.351 0.014
0.3274341888886738 17.367 0.019
0.32743771372952324 17.351 0.019
0.32892390672577676 17.33 0.016
0.3292257527491529 17.316 0.014
0.3296001798216821 17.323 0.012
0.3297046256170688 17.379 0.009
0.33161652565377153 17.331 0.019
0.3316285051732848 17.344 0.019
0.3316727962753703 17.364 0.013
0.33201839458342874 17.353 0.018
0.33252881498901843 17.382 0.013
0.3335757723266397 17.341 0.023
0.333886850847648 17.382 0.021
0.334489758539803 17.302 0.015
0.3350301621503604 17.335 0.023
0.3354651074660069 17.353 0.023
0.3356483250469182 17.319 0.016
0.3358146774503439 17.355 0.013
0.3382849536167214 17.343 0.012
0.3383933812433497 17.329 0.014
0.33870232690719604 17.344 0.017
0.3391913831984539 17.363 0.023
0.3396475963272678 17.327 0.014
0.3400601766429645 17.325 0.012
0.34051748841739027 17.35 0.024
0.3409185425848591 17.36 0.017
0.3420823416655594 17.381 0.026
0.3421247917895016 17.345 0.012
0.3421516455709934 17.351 0.018
0.3424128795886645 17.376 0.022
0.3425137933068072 17.346 0.016
0.3432714425100585 17.315 0.01
0.3433588246900854 17.336 0.014
0.34340764297735404 17.362 0.011
0.34466151984179305 17.35 0.011
0.3447702255734839 17.339 0.015
0.3450738097374142 17.343 0.017
0.3458119133929358 17.373 0.023
0.34716026554110613 17.334 0.013
0.3480181846475716 17.344 0.011
0.3484217185887246 17.373 0.017
0.35120644240078036 17.328 0.012
0.35166061173595153 17.376 0.019
0.35170961614676344 17.327 0.016
0.35248227361580575 17.37 0.023
0.35320216645129676 17.362 0.027
0.35524684279243957 17.343 0.017
0.35819796896817024 17.351 0.012
0.35828411995771603 17.332 0.014
0.35968316977550785 17.301 0.02
0.36024682050083356 17.382 0.02
0.36204559915449863 17.33 0.013
0.36399428508048004 17.348 0.018
0.36502256521089294 17.338 0.011
0.3667325762371547 17.35 0.016
0.36865007963456264 17.341 0.011
0.3686937696447785 17.343 0.019
0.36899084008564387 17.352 0.015
0.36929828946949783 17.333 0.019
0.37168570194489803 17.323 0.019
0.37285831709505146 17.365 0.013
0.37371286923621483 17.345 0.015
0.3748774012528884 17.358 0.014
0.3756166332614157 17.35 0.019
0.37772745075812963 17.365 0.018
0.38069045145675773 17.329 0.013
0.38290226163826446 17.326 0.016
0.38307061943146437 17.298 0.014
0.3853543603104299 17.346 0.018
0.38604666426908807 17.305 0.015
0.38756068298425816 17.335 0.014
0.38933611384527467 17.345 0.019
0.39054002667694476 17.338 0.02
0.39125071888179264 17.334 0.011
0.3916636794392616 17.354 0.022
0.3918210158758484 17.289 0.013
0.3921734994532926 17.307 0.016
0.3937941743279225 17.36 0.017
0.39380911232410654 17.345 0.017
0.39449179414577884 17.319 0.012
0.39478999148013827 17.323 0.01
0.39618978508997316 17.274 0.011
0.3976176825226503 17.323 0.022
0.39840258022377384 17.284 0.016
0.40044715226758854 17.325 0.017
0.40251213966098476 17.312 0.014
0.4031816730474702 17.351 0.023
0.404260932570196 17.323 0.013
0.40527153999755683 17.316 0.019
0.40535559431657475 17.343 0.017
0.4071473740073088 17.265 0.02
0.4122662995270048 17.311 0.013
0.41240227330854395 17.304 0.014
0.4174501176776175 17.341 0.019
0.4183624779841466 17.277 0.015
0.41863558938507595 17.321 0.025
0.41983437755880004 17.36 0.018
0.42129229945976476 17.386 0.022
0.42131322251680103 17.284 0.014
0.42215434595800616 17.284 0.012
0.42354304939908616 17.339 0.013
0.4237381349662428 17.303 0.016
0.4241459889581165 17.368 0.018
0.42481891248053216 17.31 0.016
0.4267271196463298 17.324 0.017
0.42693367778247193 17.297 0.016
0.42720292396279547 17.286 0.01
0.4272717730380009 17.317 0.015
0.43055455463399994 17.303 0.012
0.4311842132701713 17.327 0.015
0.43229046997521436 17.222 0.016
0.4335424964065169 17.283 0.02
0.4340443911614784 17.28 0.021
0.4349666951902691 17.272 0.012
0.43616610184835736 17.266 0.019
0.436844711316553 17.289 0.017
0.4384564252623022 17.302 0.015
0.4385351260762036 17.28 0.018
0.4391955037144726 17.242 0.01
0.4405644950365968 17.319 0.019
0.44132989714944415 17.291 0.018
0.44163496889768794 17.267 0.021
0.44488103773437615 17.231 0.012
0.4459079439745892 17.268 0.017
0.4467657587845224 17.293 0.019
0.44796408272941335 17.31 0.021
0.4488929091785394 17.262 0.012
0.449398469256721 17.311 0.019
0.4496905903060906 17.254 0.022
0.4499393494097603 17.237 0.021
0.450547695350906 17.247 0.016
0.452477308653215 17.272 0.017
0.4553760931598845 17.27 0.016
0.45623258841669667 17.264 0.014
0.4572232027021528 17.243 0.016
0.45736524191283934 17.223 0.017
0.4577099139244183 17.25 0.024
0.45894586822942074 17.234 0.011
0.4599681546019383 17.26 0.019
0.46048963546832056 17.161 0.013
0.4607753673435582 17.193 0.013
0.4613400515219155 17.209 0.017
0.4624663614840756 17.286 0.015
0.46261664753910736 17.262 0.012
0.4632818905811291 17.197 0.012
0.46331342580560886 17.256 0.015
0.4634115410817685 17.233 0.014
0.46367166845857355 17.21 0.014
0.4639549524272297 17.268 0.016
0.46397380490179785 17.248 0.018
0.46408852610284157 17.197 0.014
0.46464668786120455 17.232 0.018
0.4661053875806829 17.225 0.014
0.46665150754552087 17.243 0.013
0.4673986242491992 17.245 0.015
0.46843447332594224 17.212 0.015
0.46931629205778336 17.199 0.019
0.4700961215969528 17.249 0.015
0.4706659246558047 17.196 0.018
0.4747766298382885 17.231 0.013
0.47632647558020835 17.151 0.011
0.477996909513422 17.199 0.015
0.4791698259386976 17.205 0.011
0.4795698647462814 17.225 0.016
0.47994655576144396 17.192 0.015
0.48166326593445774 17.232 0.012
0.4850268652680825 17.263 0.026
0.485840536696287 17.221 0.01
0.4878519208223224 17.173 0.015
0.4880819940226502 17.193 0.011
0.4888504444334103 17.218 0.013
0.49002498314712284 17.175 0.012
0.491619633477967 17.175 0.013
0.4918059848013172 17.207 0.011
0.4964175910904487 17.118 0.014
0.4975702768329029 17.11 0.015
0.49923261023968735 17.158 0.011
0.49955136562221014 17.23 0.014
0.4999442960934175 17.189 0.018
0.5000465098128188 17.17 0.016
0.5002793213393488 17.179 0.02
0.5008147016696967 17.089 0.015
0.5031858058780472 17.202 0.011
0.5050606071351922 17.199 0.012
0.5052044243489036 17.123 0.014
0.505648815832501 17.203 0.012
0.5057034424553422 17.162 0.01
0.5068664564805658 17.181 0.014
0.5074351507382744 17.203 0.011
0.5086242921461235 17.165 0.015
0.508627053642158 17.13 0.01
0.5091946832812937 17.156 0.014
0.5094594855627292 17.074 0.012
0.5097335797563574 17.168 0.017
0.5103425543366029 17.148 0.014
0.5104822267662712 17.147 0.012
0.510740248075308 17.148 0.013
0.512682574534665 17.138 0.012
0.5149503685365744 17.084 0.014
0.5151059052582241 17.144 0.009
0.5152604534090415 17.131 0.011
0.5166608669616153 17.104 0.01
0.517372676663399 17.051 0.011
0.5179842338543494 17.124 0.014
0.5189987173573627 17.073 0.012
0.5208209799666292 17.094 0.011
0.5221172866445158 17.114 0.01
0.522228516330415 17.064 0.017
0.5248153010975329 17.04 0.01
0.5252769778054471 17.134 0.016
0.5255102637156597 17.076 0.012
0.5265530972801571 17.126 0.015
0.5289096886172047 17.046 0.018
0.529055117963253 17.114 0.012
0.5307304534871946 17.103 0.013
0.5311253980441961 17.098 0.015
0.5313172151641083 17.118 0.012
0.5334288807498524 17.045 0.012
0.5337577949262595 17.056 0.011
0.5339107418001277 17.094 0.014
0.5350075624919555 17.093 0.01
0.5361124960254529 17.091 0.016
0.5364850524119902 17.056 0.01
0.5367469816628727 17.124 0.017
0.5369533007983591 17.128 0.016
0.5370186648942763 17.101 0.016
0.5389720431176102 17.008 0.01
0.5391097832880405 17.09 0.015
0.540282532441779 17.099 0.023
0.5409561294866307 17.098 0.012
0.5415142398264834 17.051 0.014
0.5437553850215409 17.044 0.013
0.5448814262758788 17.007 0.01
0.5454678461142066 17.082 0.014
0.5455864557055747 17.049 0.012
0.546859950547514 17.034 0.015
0.5472799397739436 17.067 0.011
0.5495192577075159 17.167 0.012
0.5510793223575092 17.034 0.009
0.5512755536701661 17.026 0.012
0.5514780184412302 17.037 0.012
0.5521823641938681 17.044 0.014
0.55239447211261 17.023 0.015
0.5525490702233355 17.042 0.014
0.5529224428310044 17.022 0.015
0.5534394971905385 17.006 0.013
0.5534492359383876 17.025 0.014
0.5534583532835313 17.029 0.01
0.5542495742661231 17.006 0.016
0.5569906080681903 16.984 0.015
0.5579022948531929 17.03 0.015
0.5591638739088012 17.022 0.015
0.559390040625658 16.971 0.009
0.5604253305750717 16.962 0.016
0.5613891743651038 16.96 0.011
0.562331480931789 17.04 0.011
0.5623616719719848 17.014 0.01
0.5629304488147682 16.994 0.009
0.5631234051434149 16.983 0.011
0.5640464232565137 17.004 0.013
0.5654012956651968 16.979 0.011
0.5656836692714933 16.991 0.016
0.5666635779498392 16.991 0.011
0.5700028162912076 17.03 0.009
0.5741954567083667 16.979 0.012
0.574219974118023 16.989 0.013
0.5746098012541552 17.013 0.011
0.5754552164971756 17.013 0.011
0.5754706788361545 16.977 0.015
0.5767999286533723 16.998 0.014
0.5784548082665424 16.944 0.011
0.5809312150540791 16.982 0.016
0.5818144808072248 16.97 0.012
0.5827735193070112 16.98 0.012
0.5835986350552957 16.974 0.015
0.5859463060257895 16.962 0.01
0.5873316490381058 16.997 0.013
0.5911994461744143 16.949 0.011
0.5922773506586054 16.985 0.012
0.5923383519811978 16.954 0.013
0.5928894249555015 17.027 0.012
0.5936773818099255 16.967 0.016
0.5937834426558766 16.959 0.015
0.5942516910427003 17.001 0.012
0.5962581525664064 16.975 0.016
0.5984401758214517 17.056 0.024
0.5984719377302099 16.969 0.014
0.5989336767125906 16.986 0.01
0.5989465347288387 17.027 0.012
0.6000922852417716 16.954 0.012
0.6008047047316722 16.94 0.008
0.6015554911355139 16.992 0.014
0.6020236366848621 16.97 0.012
0.6026284360732461 16.954 0.008
0.6028906325736898 16.964 0.012
0.6038478431098611 17.014 0.019
0.6065564820441978 17.004 0.011
0.6076509026306667 16.959 0.012
0.6101313730760012 16.973 0.011
0.6107380322946483 16.999 0.013
0.6138615031727568 16.964 0.011
0.6139137115960693 16.959 0.013
0.6158324425645105 16.971 0.013
0.6174520014014888 16.961 0.012
0.6188924475793556 16.964 0.015
0.620001764897097 17.007 0.017
0.6205105630144772 16.986 0.01
0.6227500627510381 16.956 0.012
0.6231738961869269 16.94 0.014
0.6239307943613994 16.976 0.012
0.6263084485367472 16.965 0.01
0.627144013499219 16.997 0.015
0.627995380478751 16.969 0.014
0.628613688234509 16.966 0.012
0.6290835292020347 16.96 0.012
0.6291619287412686 16.963 0.014
0.6307386355010749 16.971 0.008
0.6344985221167008 16.964 0.012
0.635506917721159 17.012 0.016
0.6363608709302753 16.982 0.017
0.6368017180211609 16.969 0.011
0.6374664439581466 16.942 0.014
0.6378221641161872 16.981 0.011
0.639317029081667 16.957 0.012
0.6416022582448022 16.975 0.011
0.6424302470240946 16.954 0.009
0.6434709730619943 16.992 0.01
0.6447752607946313 16.971 0.013
0.6450791636261783 16.986 0.012
0.6465296867713732 16.947 0.013
0.6483411887365946 16.984 0.012
0.6486589627847934 16.949 0.012
0.6488676718722672 16.959 0.012
0.6492774711389302 16.976 0.012
0.6507159416332797 16.985 0.022
0.6516184922220418 16.958 0.012
0.6519885883872121 16.967 0.012
0.653960510572233 16.948 0.013
0.6544093162483477 16.943 0.017
0.654484067098565 16.999 0.018
0.6547329413547232 16.962 0.012
0.6564370412088465 16.967 0.012
0.656996308149246 16.964 0.014
0.6584139642031914 16.958 0.014
0.6586455445394677 16.987 0.017
0.6597413201643576 16.963 0.012
0.6599600656554685 16.949 0.012
0.6602476913863029 16.965 0.014
0.6618128719987908 16.961 0.012
0.6619118918606546 17.0 0.011
0.6626803741373806 16.987 0.009
0.6627755910540145 16.977 0.009
0.6628461862646873 16.98 0.016
0.6632670952512854 16.999 0.018
0.6635509462857954 16.942 0.014
0.6639821596270394 16.971 0.014
0.6650962633832478 16.947 0.012
0.6669073011207729 16.963 0.012
0.6680294047248481 16.985 0.012
0.6683705178697892 16.984 0.015
0.6696196901220901 16.95 0.015
0.6708015891891819 16.987 0.019
0.6711404934285383 16.959 0.008
0.6714229684131396 16.966 0.014
0.6718434414201511 16.974 0.011
0.6731981827429081 16.976 0.014
0.6734513857463753 16.961 0.014
0.6739233450964548 16.967 0.015
0.6753208342000789 16.981 0.012
0.6767585717590237 17.003 0.013
0.6793687593562936 16.966 0.012
0.6800341175512585 17.034 0.018
0.6803878837379216 16.977 0.015
0.6806040212877633 16.995 0.011
0.6822231781716255 16.994 0.015
0.6841121309093978 16.959 0.012
0.6901483791998544 16.976 0.014
0.6924908726341528 16.972 0.012
0.6925097142525374 16.984 0.013
0.6926346051033079 16.997 0.014
0.6939764645394462 16.991 0.019
0.6948841238521482 17.001 0.012
0.6950745576849613 17.007 0.014
0.6977088158546394 16.996 0.01
0.698711394428301 16.966 0.011
0.70007508220624 17.011 0.017
0.700235405366584 16.992 0.012
0.7025683577903692 17.002 0.009
0.7044350056432904 16.988 0.016
0.704448742155364 17.006 0.018
0.7057546615724277 16.977 0.013
0.7088469390655519 16.985 0.018
0.7092550088873395 16.995 0.013
0.711223424325226 17.02 0.012
0.7130535643937037 17.015 0.01
0.7139040036176993 17.039 0.011
0.7140426114284537 16.974 0.011
0.7149749822694957 17.018 0.012
0.7155088250569861 17.009 0.014
0.7168571323227297 17.04 0.015
0.718521978070612 16.993 0.013
0.7189890872487013 16.997 0.015
0.7193356900612571 16.993 0.013
0.7197194285972728 17.018 0.011
0.7205844603599871 16.999 0.013
0.72091430952878 17.03 0.012
0.7215390151550309 17.043 0.012
0.7217323205595676 17.028 0.015
0.7222502461777367 16.999 0.012
0.7229224787861313 17.01 0.016
0.7231824432101348 17.049 0.015
0.7233549016059442 17.017 0.011
0.7235878369810962 17.023 0.012
0.7235882606460109 17.01 0.014
0.7241504752066703 17.024 0.012
0.725165112265131 17.059 0.01
0.7259239926593182 17.011 0.013
0.7289428613248674 17.012 0.01
0.732176940487534 17.023 0.012
0.7329690399660649 17.017 0.014
0.7331309550063452 17.01 0.017
0.733791195781123 17.028 0.014
0.7338465364875901 17.053 0.019
0.7344028804382106 16.994 0.011
0.7371725018442703 17.033 0.009
0.737515568960589 17.031 0.015
0.7406012407482194 17.025 0.012
0.74143113062064 17.025 0.012
0.7432438232133336 17.071 0.014
0.745000420451106 17.021 0.017
0.7485925822320496 17.061 0.015
0.7493670821382921 17.024 0.011
0.7495158907649966 17.018 0.013
0.7513947448237559 17.002 0.01
0.7534673489629995 17.016 0.012
0.7561394996646413 17.034 0.015
0.7568251913808126 17.071 0.015
0.7595984527797555 17.048 0.01
0.7633265774861684 17.032 0.012
0.7635198119191955 17.038 0.018
0.763635875844102 17.048 0.01
0.7645238954683009 17.029 0.014
0.7661834659193119 17.048 0.011
0.7662439240476715 17.035 0.013
0.7662838408195967 17.048 0.012
0.7684025350754382 17.061 0.015
0.7688509496538245 17.078 0.011
0.7697366828647318 17.066 0.015
0.7718504581371235 17.06 0.016
0.7727208333062663 17.038 0.013
0.7728292804849843 17.075 0.012
0.7749142487048175 17.035 0.014
0.7749583428280857 17.054 0.015
0.7753427744380588 17.019 0.011
0.7761951973404848 17.049 0.013
0.7763313833329448 17.025 0.01
0.7773731754496112 17.043 0.012
0.7776932366118672 17.032 0.014
0.7793925188609592 17.046 0.013
0.779992812075534 17.05 0.011
0.7806729286794507 17.006 0.011
0.7848492926973449 17.06 0.015
0.7863370565632977 17.029 0.014
0.7879777339770726 17.071 0.011
0.7889513165146127 17.102 0.012
0.7889744079138836 17.06 0.015
0.7893296515287602 17.053 0.01
0.7894575602690566 17.091 0.028
0.7896879840045585 17.091 0.013
0.7902307652516356 17.07 0.013
0.7914099339882341 17.058 0.013
0.792003591790035 17.052 0.018
0.7931181489179835 17.071 0.012
0.7937034845854214 17.09 0.019
0.7938351969719406 17.093 0.021
0.7939102577937547 17.037 0.022
0.7943726906080428 17.097 0.012
0.7960645379143898 17.072 0.015
0.7970871871366398 17.063 0.012
0.7982687740723122 17.079 0.011
0.7984594258950892 17.051 0.014
0.8004254354482327 17.108 0.019
0.8008357677545064 17.083 0.017
0.8026929991460747 17.067 0.012
0.8029414903003271 17.095 0.011
0.8032507372399778 17.073 0.014
0.8072096383757525 17.105 0.013
0.8072318809859098 17.067 0.012
0.8074599154710995 17.077 0.015
0.8093374586728714 17.08 0.017
0.8093422748183912 17.059 0.016
0.8098555450833373 17.078 0.014
0.8101376000217897 17.045 0.012
0.8123436960095205 17.083 0.011
0.8129756359812745 17.103 0.01
0.8141551574117329 17.079 0.017
0.815123592819873 17.095 0.013
0.8160952735056526 17.078 0.011
0.8175274084046578 17.12 0.018
0.8195130446313215 17.083 0.01
0.8215045826341338 17.075 0.009
0.8217135075510669 17.081 0.019
0.8251146474227653 17.094 0.011
0.8252891546890169 17.088 0.016
0.8273413543356583 17.092 0.012
0.8277208655035793 17.075 0.017
0.8291901295893922 17.092 0.016
0.8295854246812269 17.081 0.011
0.8297703688467664 17.069 0.015
0.8306562295247204 17.112 0.01
0.8315141189241331 17.103 0.013
0.8334412118892942 17.093 0.012
0.8338243739060545 17.122 0.01
0.8345291955010907 17.157 0.012
0.835463075637108 17.097 0.015
0.8365353173458061 17.15 0.011
0.8384588231965608 17.114 0.019
0.8385464110524481 17.088 0.013
0.8388577162595539 17.11 0.019
0.8388820156787915 17.127 0.017
0.8396247623720683 17.129 0.012
0.8413737218527331 17.114 0.011
0.841958540413998 17.124 0.016
0.8428860328344854 17.094 0.013
0.8429252789455859 17.102 0.01
0.8434990602168 17.093 0.01
0.8438225716299712 17.104 0.016
0.8443467162333036 17.128 0.016
0.8448193186968638 17.117 0.011
0.8448428120495919 17.146 0.012
0.8451106409165732 17.135 0.015
0.8467367967637074 17.114 0.011
0.848454043593847 17.135 0.013
0.8499050027189696 17.143 0.009
0.8505253050088868 17.099 0.014
0.8522936536219277 17.118 0.019
0.8523284268844691 17.119 0.012
0.8527400946773014 17.116 0.015
0.8539263630545975 17.12 0.013
0.8540809821761286 17.099 0.013
0.8563026447986886 17.134 0.014
0.8563389556043148 17.145 0.011
0.857331058174168 17.19 0.012
0.857701600474229 17.115 0.009
0.8590715644340889 17.156 0.02
0.8591392974703922 17.154 0.01
0.8610634732243625 17.081 0.017
0.8612853307464547 17.096 0.013
0.8618664680516304 17.149 0.019
0.8623624487163397 17.125 0.011
0.8624806201678439 17.072 0.02
0.8628161856904626 17.129 0.015
0.8628986474282101 17.187 0.017
0.863329581963626 17.14 0.013
0.864676701462713 17.149 0.011
0.8648926231825271 17.143 0.012
0.8667516535879258 17.132 0.013
0.8686542704090243 17.142 0.012
0.8698253038345456 17.144 0.018
0.8701166173586898 17.143 0.016
0.8705850106052822 17.135 0.017
0.8709284499673231 17.116 0.012
0.8717608493197986 17.142 0.013
0.8734608985319028 17.14 0.016
0.8741978564416968 17.159 0.018
0.8766316784012815 17.158 0.015
0.8782762007831479 17.144 0.015
0.8792625587511793 17.153 0.012
0.8795825561796846 17.159 0.009
0.8803970546848632 17.137 0.009
0.8811747672998536 17.111 0.014
0.8830623947060303 17.154 0.018
0.8836507706757857 17.159 0.013
0.8842711149873139 17.141 0.013
0.8849519159689407 17.134 0.014
0.8855798067570504 17.185 0.013
0.8904687315052797 17.139 0.017
0.8904987378818987 17.157 0.014
0.8928363601321507 17.19 0.012
0.8939301556972623 17.181 0.015
0.8957339648677589 17.2 0.017
0.8977751996540064 17.162 0.02
0.8979490536517005 17.222 0.019
0.8996531665208067 17.139 0.016
0.9006569400980879 17.163 0.016
0.9011534270125594 17.189 0.014
0.9016245976881692 17.182 0.011
0.9021741418155216 17.217 0.011
0.902329380880019 17.164 0.014
0.9037596450930323 17.149 0.014
0.9054046534140525 17.195 0.025
0.9060763566021706 17.172 0.017
0.9066312231243501 17.163 0.011
0.9075211351455437 17.183 0.012
0.9121094233496478 17.146 0.014
0.9124805949895745 17.206 0.015
0.9147318069976791 17.179 0.011
0.9157761216092695 17.172 0.017
0.9161610811806895 17.185 0.017
0.9183658416814069 17.196 0.013
0.9196803323893619 17.18 0.012
0.9221087479663765 17.176 0.02
0.9234403008313166 17.197 0.018
0.9265979120127668 17.178 0.014
0.926616571827708 17.168 0.013
0.9266787420656328 17.171 0.013
0.927214515653759 17.164 0.012
0.9276980634266465 17.193 0.012
0.9288189568518419 17.16 0.007
0.9310214744205041 17.217 0.014
0.9317206230854254 17.163 0.014
0.9325342126865053 17.189 0.014
0.9333535077853412 17.199 0.012
0.9339022740932705 17.211 0.011
0.9348986684663032 17.182 0.012
0.937072410849396 17.181 0.016
0.9378947651011913 17.18 0.015
0.9379125123937229 17.176 0.019
0.939391761465231 17.191 0.019
0.9397642026997346 17.192 0.016
0.9399330247210855 17.183 0.015
0.9416746238484848 17.206 0.012
0.9424366017992725 17.166 0.014
0.9425216707768413 17.198 0.015
0.9425654867955018 17.209 0.011
0.94463079285606 17.237 0.018
0.9449512538112685 17.168 0.022
0.9452714388226013 17.189 0.013
0.9454774675377848 17.215 0.02
0.9461761505161803 17.218 0.018
0.9464025511570071 17.199 0.016
0.9467079755991108 17.193 0.011
0.947794667904418 17.239 0.015
0.9484900310167177 17.222 0.021
0.9488039717120955 17.253 0.01
0.9498427633307074 17.21 0.015
0.9509427054508706 17.204 0.017
0.9515086838528077 17.209 0.012
0.9523647011075127 17.212 0.013
0.9550566378165968 17.198 0.013
0.9551072348081107 17.214 0.012
0.9555833476379121 17.232 0.014
0.9558443679854918 17.213 0.016
0.9580083129653758 17.224 0.015
0.9586888655485382 17.205 0.015
0.9589164676726796 17.155 0.016
0.9611699863457943 17.208 0.015
0.9624045450486847 17.201 0.016
0.9631247051333958 17.208 0.012
0.9642434179013435 17.235 0.019
0.9651656299483875 17.217 0.013
0.965361532437214 17.228 0.015
0.9656337030673967 17.22 0.02
0.9663342965932316 17.227 0.018
0.9684248247504001 17.261 0.016
0.9687811206703145 17.245 0.018
0.9689526716210821 17.202 0.015
0.9741527263095122 17.21 0.012
0.9744650729653586 17.234 0.011
0.9750926132187487 17.245 0.015
0.9771546950132688 17.195 0.019
0.9778244550861928 17.205 0.012
0.9791611181342432 17.231 0.017
0.9801052715165497 17.193 0.015
0.9810373555560545 17.194 0.011
0.9812121908876179 17.257 0.012
0.9814610137250384 17.25 0.013
0.9818265805452029 17.211 0.016
0.9819413567836364 17.202 0.022
0.9830536695212686 17.253 0.024
0.984263815812028 17.214 0.016
0.9849363373809865 17.232 0.012
0.9849599531235071 17.21 0.014
0.9861011902253267 17.202 0.016
0.9872889468865651 17.204 0.01
0.9875376755826437 17.226 0.011
0.9875843646318572 17.236 0.011
0.989054225489781 17.252 0.018
0.9892544494891808 17.249 0.014
0.990035510218604 17.267 0.012
0.9901204749003227 17.207 0.015
0.9915936020461231 17.259 0.022
0.9941249331134259 17.262 0.019
0.9951058991742912 17.229 0.015
0.9966327121724134 17.209 0.012
0.9968267736826419 17.232 0.019
0.996889431319687 17.223 0.014
0.9974339804148258 17.24 0.014
0.9975388209263656 17.21 0.02
0.9990151440897534 17.223 0.014
