0.0013336246580820665 17.232 0.015
0.00168316759586562 17.185 0.016
0.0031144604928613484 17.229 0.013
0.0034513796118972317 17.236 0.014
0.0037843270685243846 17.2 0.021
0.006098387039537578 17.221 0.013
0.006883527059608263 17.19 0.017
0.0077340131246274035 17.239 0.013
0.01106136193461682 17.208 0.013
0.0143386314763575 17.204 0.014
0.01478075152967906 17.24 0.014
0.0157019948507241 17.215 0.014
0.017733399408962236 17.202 0.023
0.02044970334613938 17.233 0.015
0.021551196712289333 17.2 0.018
0.02428804453816158 17.228 0.015
0.02626134439892669 17.279 0.013
0.02626252323661904 17.211 0.016
0.031985958391169356 17.247 0.018
0.03495801577482782 17.278 0.02
0.03899921438019194 17.241 0.017
0.039660408972531536 17.216 0.018
0.04189297553753024 17.224 0.013
0.04376835072130236 17.248 0.017
0.04504047797049682 17.222 0.015
0.04706277608092935 17.276 0.02
0.04738884957773737 17.269 0.015
0.048067711757221354 17.258 0.022
0.0506402365810118 17.234 0.015
0.051926134319865036 17.239 0.018
0.05739602114740594 17.226 0.018
0.06115968404415073 17.28 0.015
0.06120640535223176 17.24 0.016
0.061473003050559805 17.281 0.017
0.06210692074787405 17.23 0.012
0.06291971121995632 17.248 0.015
0.06356015051792385 17.273 0.021
0.06423957920437717 17.227 0.017
0.06965713239210347 17.231 0.017
0.07130819700446411 17.268 0.018
0.07882046879662996 17.264 0.024
0.08241537656786024 17.282 0.022
0.08307493391762366 17.249 0.018
0.0831733142569192 17.26 0.016
0.08971818929799158 17.263 0.017
0.08993159402566564 17.343 0.017
0.09190521613541025 17.313 0.015
0.09588224136282408 17.313 0.016
0.09647308373828312 17.27 0.021
0.09747522658985874 17.281 0.02
0.09759213727616045 17.302 0.022
0.09780613587840892 17.266 0.014
0.09877790658938468 17.298 0.016
0.09884919544233528 17.305 0.017
0.1005208326834236 17.267 0.013
0.10066502026452329 17.227 0.014
0.10362142085969028 17.314 0.021
0.10882084162963113 17.291 0.018
0.10897163428685419 17.274 0.013
0.10918232966482722 17.306 0.018
0.10923436705311362 17.335 0.016
0.11152114533106217 17.305 0.017
0.11288262857706288 17.302 0.024
0.1139564885762866 17.308 0.015
0.11413048453291597 17.293 0.014
0.11431151111869442 17.237 0.016
0.11843427289445574 17.31 0.018
0.11850719898998252 17.304 0.016
0.11945883839248383 17.304 0.014
0.12001453579810006 17.235 0.018
0.12221243836793294 17.344 0.027
0.12685022646533073 17.301 0.013
0.1272870297526879 17.348 0.022
0.12737053670039133 17.283 0.023
0.1274576130132573 17.296 0.013
0.12814877402129243 17.291 0.02
0.12829218094807404 17.292 0.021
0.13274501867831534 17.285 0.018
0.13279595727740345 17.292 0.015
0.13643638083626686 17.276 0.017
0.1367027917559881 17.294 0.025
0.13939385696644424 17.289 0.02
0.14287921995414765 17.26 0.017
0.1443526446811575 17.301 0.022
0.14618199847668623 17.298 0.018
0.14706835885649527 17.325 0.022
0.148000421802999 17.309 0.017
0.14924773724956142 17.36 0.02
0.15187543984679908 17.253 0.017
0.1524313527708273 17.314 0.017
0.15317736656120362 17.309 0.016
0.1550434286902146 17.336 0.017
0.1565655567857448 17.324 0.015
0.15747122679445058 17.288 0.017
0.1575266200863098 17.313 0.02
0.15968636865877672 17.342 0.015
0.16031663214439507 17.328 0.029
0.16062997714757332 17.315 0.014
0.1610150406696903 17.323 0.013
0.1634342440960609 17.338 0.018
0.16473518217903804 17.312 0.015
0.1672338955792384 17.394 0.023
0.16771398285177386 17.321 0.018
0.16829234304818785 17.323 0.016
0.16866132285908864 17.317 0.022
0.16948579571467237 17.288 0.018
0.1696023814094133 17.307 0.024
0.1696858596175389 17.315 0.015
0.17278722707637828 17.375 0.013
0.1731855568588344 17.315 0.015
0.17383348656144337 17.368 0.013
0.17645616521681406 17.345 0.018
0.18009919345026904 17.354 0.017
0.18226114714220787 17.28 0.014
0.18715809247091786 17.344 0.014
0.18846869733911265 17.336 0.016
0.18862131264600068 17.308 0.016
0.1896297656936895 17.335 0.016
0.19064541494994958 17.306 0.017
0.19087960371066404 17.304 0.023
0.19144934802957325 17.342 0.018
0.19329706522071322 17.345 0.015
0.19429660476876054 17.357 0.016
0.20022058411509536 17.322 0.02
0.20041285999095637 17.355 0.02
0.20103010010225264 17.374 0.021
0.2029966368469559 17.312 0.024
0.2043847258065853 17.375 0.014
0.20672322402256216 17.348 0.017
0.20780819989854538 17.323 0.02
0.20859663834348796 17.334 0.014
0.20943735294977162 17.351 0.017
0.2095654855585508 17.352 0.012
0.21236253098654745 17.377 0.018
0.2128605581584907 17.368 0.025
0.21290021598556452 17.353 0.013
0.21642834707486147 17.389 0.017
0.21898465477320317 17.338 0.015
0.22156088031888432 17.339 0.02
0.22231981280915536 17.339 0.023
0.22253440528643298 17.349 0.018
0.22456897759789174 17.342 0.018
0.22478837095800375 17.343 0.016
0.22536316041773718 17.353 0.018
0.2257407307930862 17.356 0.017
0.228430134135715 17.381 0.018
0.22895423062518605 17.391 0.018
0.2294243870279843 17.338 0.022
0.22945311438584215 17.33 0.023
0.2306613870788624 17.388 0.021
0.23118639763574722 17.366 0.02
0.23485302735311964 17.348 0.014
0.23486003335542593 17.379 0.02
0.23956623400581512 17.369 0.017
0.2421217911607072 17.338 0.016
0.2437951703183443 17.363 0.015
0.24415641683813183 17.362 0.017
0.2446534190991314 17.358 0.017
0.2466358767170731 17.352 0.016
0.24713494451420948 17.355 0.021
0.24779818275842436 17.364 0.016
0.24977027092918425 17.386 0.017
0.2519609533493621 17.368 0.018
0.2521456355181271 17.34 0.02
0.252538588999323 17.358 0.014
0.255173783372038 17.388 0.022
0.2642220919616647 17.388 0.023
0.26486451949053835 17.333 0.016
0.26505743917882674 17.367 0.015
0.2659661982644592 17.385 0.016
0.265992618570317 17.354 0.016
0.26792359982177905 17.392 0.016
0.2679340185210548 17.347 0.017
0.2686273545383755 17.379 0.018
0.26984056769756526 17.342 0.014
0.2711220641091585 17.394 0.02
0.2726523312200242 17.357 0.021
0.27919124225504666 17.39 0.02
0.28307294405217354 17.381 0.018
0.28545487880855935 17.402 0.016
0.29110066154876213 17.38 0.024
0.29119488207620625 17.35 0.013
0.2940056220587848 17.415 0.023
0.2956950849271833 17.386 0.018
0.2964395435802998 17.38 0.02
0.29827925996723925 17.432 0.024
0.29862692277642955 17.383 0.016
0.30043391140466147 17.381 0.02
0.3009759929324445 17.393 0.024
0.303542210302703 17.378 0.02
0.3045483275588139 17.386 0.016
0.3048267670511904 17.377 0.016
0.3071266768048644 17.363 0.018
0.31023100129837067 17.404 0.015
0.3111797883406324 17.412 0.02
0.31424475125882045 17.393 0.017
0.31787322834920806 17.378 0.018
0.3193674323103095 17.338 0.033
0.3193818500400538 17.395 0.025
0.32235492959321155 17.361 0.022
0.32276547472761186 17.383 0.017
0.324203913210249 17.372 0.015
0.3242729983145636 17.382 0.017
0.3251321639046636 17.404 0.018
0.32526343758459 17.395 0.017
0.32545898794492123 17.385 0.015
0.32578836466532257 17.373 0.022
0.3275098567443364 17.442 0.022
0.3331349649244202 17.396 0.02
0.33330729489957767 17.367 0.026
0.3335266061546007 17.42 0.018
0.3341486533182887 17.377 0.031
0.3354169135801839 17.423 0.016
0.3424435377620738 17.365 0.018
0.34729867967976125 17.371 0.018
0.3541678226523799 17.38 0.021
0.35804845234283666 17.413 0.014
0.3581228302733961 17.403 0.018
0.360553551873545 17.424 0.018
0.36101844281929507 17.434 0.022
0.3611815356754504 17.401 0.017
0.3635940033542737 17.39 0.015
0.3649025611415708 17.421 0.015
0.36683894469128964 17.412 0.02
0.36748478148924724 17.405 0.014
0.36754148566128597 17.45 0.018
0.3694884746893421 17.429 0.015
0.36958156700270584 17.423 0.024
0.37118432711590676 17.403 0.013
0.3727357244498761 17.368 0.014
0.37493440767334496 17.463 0.017
0.3768450940925958 17.431 0.022
0.3768713002511048 17.402 0.017
0.3777352954631623 17.421 0.014
0.38001163110143343 17.382 0.022
0.38408539462729996 17.429 0.015
0.38536020111578173 17.439 0.022
0.3890268322044448 17.43 0.021
0.3913817863177882 17.418 0.013
0.392867989475826 17.39 0.016
0.39573095636765165 17.419 0.015
0.39625789904780495 17.396 0.021
0.39942301296118776 17.411 0.018
0.3999999999999999 17.513 0.024
0.40061799202580906 17.436 0.021
0.4009828955005559 17.432 0.016
0.4020262499449472 17.415 0.023
0.4038642531555978 17.386 0.022
0.40509389621515757 17.417 0.02
0.4051386039810949 17.423 0.022
0.4053755356286728 17.417 0.018
0.4070689427909655 17.405 0.017
0.4074034214446782 17.42 0.027
0.4075666176037429 17.434 0.021
0.40820933932777725 17.422 0.014
0.4087138073665755 17.441 0.018
0.41040831880322903 17.4 0.02
0.41360307551271935 17.446 0.025
0.41435827648515433 17.403 0.013
0.4168456796877762 17.452 0.022
0.4184193936227074 17.434 0.018
0.4206770908123416 17.423 0.021
0.4211701200398692 17.406 0.018
0.42252610248274314 17.406 0.027
0.42267200735400356 17.423 0.014
0.42272629842877896 17.396 0.015
0.4252090054234485 17.429 0.016
0.4270025396409891 17.441 0.027
0.4270736444579142 17.414 0.02
0.4270856182944498 17.457 0.026
0.4277333051101322 17.396 0.014
0.43274812581594224 17.411 0.022
0.43281208504699853 17.418 0.015
0.4328382912050528 17.385 0.015
0.4334746206287945 17.434 0.018
0.43374068672997046 17.44 0.017
0.43397511426328483 17.418 0.017
0.43891209714697643 17.439 0.02
0.4418648770692015 17.431 0.016
0.44260375418584763 17.443 0.02
0.44274863894374894 17.419 0.02
0.44587860308924965 17.354 0.02
0.4461407474656425 17.445 0.017
0.4463714982176952 17.422 0.023
0.4474140275557601 17.4 0.022
0.44758315898129686 17.436 0.02
0.4485822401249151 17.401 0.017
0.45477999012350656 17.439 0.02
0.45498405031516986 17.394 0.024
0.45885109149653536 17.414 0.018
0.4625656213594538 17.413 0.017
0.46410072083463083 17.403 0.016
0.4649891816599392 17.412 0.025
0.4669201341722782 17.365 0.026
0.4678669412106955 17.392 0.016
0.46980976288537013 17.374 0.02
0.4738639786948169 17.408 0.018
0.4759580801707215 17.377 0.032
0.4787723423229635 17.405 0.015
0.4807480313403629 17.424 0.021
0.48318584379026097 17.418 0.018
0.4837624846392372 17.376 0.017
0.4840141576370569 17.406 0.026
0.4842548194311802 17.411 0.02
0.4850034912616592 17.396 0.014
0.4875751820660752 17.354 0.016
0.48901286726336357 17.401 0.017
0.4912066100206629 17.377 0.015
0.49188990226743945 17.335 0.022
0.4919466126090355 17.436 0.016
0.4968977169711706 17.389 0.014
0.49907972260839406 17.41 0.024
0.5006082963699554 17.414 0.017
0.5029690776483675 17.409 0.029
0.5048463090203312 17.367 0.02
0.5058407151533628 17.428 0.017
0.5062048092351232 17.386 0.018
0.5079631704290022 17.362 0.018
0.5103399567421092 17.392 0.021
0.5114794631519088 17.422 0.017
0.5120841902884421 17.436 0.018
0.5125241661281961 17.4 0.017
0.5134160334806892 17.396 0.014
0.5135090163209042 17.399 0.021
0.5160930866869875 17.421 0.022
0.5165643651340814 17.435 0.012
0.5179818875414184 17.415 0.024
0.5181329764501696 17.483 0.028
0.5202413040775808 17.403 0.021
0.521529515038901 17.39 0.015
0.5259114415872772 17.439 0.013
0.5261305147543225 17.398 0.015
0.5263383365742356 17.449 0.017
0.5280730702876553 17.39 0.012
0.5289701743578461 17.456 0.021
0.5291574810286419 17.443 0.022
0.5295961384473684 17.402 0.022
0.5322969566610936 17.393 0.02
0.5331058548332748 17.409 0.017
0.5358717563787194 17.421 0.021
0.5359584303943392 17.408 0.025
0.5362646038151069 17.447 0.024
0.5382261193600697 17.375 0.021
0.5396940083752724 17.422 0.018
0.5397786955310493 17.442 0.025
0.5455280939578642 17.443 0.02
0.5458664361721275 17.413 0.024
0.5463332072469256 17.435 0.022
0.546661642531626 17.469 0.02
0.5468378894326178 17.443 0.017
0.5554801924282855 17.402 0.018
0.5556018807420968 17.439 0.025
0.556615083363249 17.454 0.018
0.5590072240423978 17.387 0.016
0.5598623331237831 17.384 0.025
0.5606284098286323 17.435 0.017
0.561949937624513 17.416 0.017
0.5636976659726769 17.415 0.017
0.5669446728467391 17.361 0.018
0.5713780230813881 17.462 0.025
0.5738016565745965 17.372 0.016
0.574328441215266 17.45 0.018
0.5765279522876425 17.274 0.014
0.5778498625537849 17.445 0.021
0.5782714920839225 17.285 0.018
0.5791620471856276 17.457 0.018
0.5803252371839789 17.348 0.015
0.5843818722602463 17.396 0.014
0.5850158932609246 17.408 0.013
0.5886939091102703 17.393 0.017
0.5890720425642484 17.411 0.022
0.5901815066232756 17.323 0.02
0.5907574776630553 17.326 0.014
0.5907930030458828 17.429 0.021
0.5923921363154476 17.165 0.015
0.5942600498343835 17.321 0.021
0.5958922146561689 17.358 0.015
0.5975179324410873 17.197 0.015
0.5983425934465685 17.27 0.02
0.599314074075346 17.349 0.016
0.60039947961709 17.276 0.016
0.6026366678276189 17.377 0.016
0.6045097072193584 17.336 0.018
0.6048689928772091 17.196 0.014
0.6050814363417429 17.367 0.016
0.6115021518081902 17.317 0.023
0.6129128501921968 17.126 0.015
0.614426713399689 17.443 0.023
0.6159975749748354 17.182 0.015
0.6169161301453641 16.916 0.021
0.61715579713873 16.892 0.013
0.6175875805978648 16.884 0.012
0.6180050578569989 17.369 0.021
0.6192696077988784 17.045 0.012
0.6198861493614003 16.963 0.012
0.62018864737106 16.977 0.018
0.6202681511746504 16.922 0.015
0.6215454056693033 16.994 0.012
0.621932512158446 17.243 0.018
0.6228442494763384 17.277 0.02
0.6235896180834515 17.051 0.02
0.6272263614329403 16.893 0.017
0.6285673856370066 16.971 0.013
0.6286885108721889 17.248 0.021
0.629272911009275 17.0 0.015
0.6338451300017822 17.259 0.014
0.6340509895886952 16.903 0.022
0.6352906018552402 17.181 0.015
0.6383057557597113 17.112 0.016
0.6392810725812069 16.867 0.012
0.6436376557291169 17.131 0.017
0.6470041218573442 16.975 0.013
0.6472202681003637 16.925 0.012
0.6486115521815009 16.841 0.012
0.6500945629601574 16.851 0.012
0.6506826980427377 16.863 0.011
0.6545090578569216 16.841 0.013
0.654733182334121 16.837 0.01
0.6561987109318125 16.86 0.011
0.6603618591940631 16.845 0.01
0.6605850702896078 16.887 0.013
0.6696582700448289 16.846 0.013
0.6699123260290435 16.87 0.012
0.6702717786385165 16.873 0.011
0.6726130347698472 16.847 0.014
0.6749685553906147 16.894 0.016
0.6767263500775244 16.841 0.012
0.6769165850434092 16.875 0.015
0.6769335280852374 16.867 0.026
0.6771022038484716 16.874 0.016
0.677784989123802 16.833 0.013
0.6788192945995434 16.907 0.017
0.6793586681495981 16.856 0.015
0.6796822190764488 16.811 0.01
0.6807065115775913 16.884 0.014
0.6835690214358238 16.878 0.013
0.6838371236482544 16.855 0.016
0.684642615293933 16.852 0.011
0.6859646001236342 16.863 0.014
0.6861836212966864 16.846 0.013
0.6868113074753183 16.827 0.013
0.6874639361282334 16.837 0.013
0.6906310095333993 16.849 0.01
0.6918041639393323 16.837 0.013
0.6925290447649332 16.951 0.013
0.6944983743343528 16.856 0.012
0.6945590016022379 16.842 0.01
0.6947052834585975 16.862 0.011
0.6947337966688792 16.871 0.014
0.6957731821941252 16.866 0.011
0.6999293778191259 16.87 0.015
0.7002642026624472 16.911 0.011
0.700609234799822 16.853 0.015
0.7017247907939691 16.914 0.012
0.702262527101675 16.907 0.012
0.7038913613315799 16.914 0.012
0.7046056681603204 16.891 0.012
0.7051367706527799 16.895 0.012
0.7063921156424385 16.841 0.012
0.7077266654411233 16.915 0.01
0.7079841642322663 16.87 0.011
0.7090747531266516 16.883 0.014
0.7100194884584653 16.886 0.012
0.7107862609706445 16.881 0.014
0.7112832885428816 16.897 0.011
0.7145062122732725 16.956 0.016
0.7155401181936668 16.902 0.016
0.716819061924889 16.969 0.012
0.7207276458604156 16.876 0.013
0.7211101580734521 16.872 0.014
0.7241421181785427 16.917 0.013
0.725857946616452 16.966 0.012
0.7290270397335462 16.879 0.013
0.7297349268934795 16.901 0.013
0.7298744668325071 16.914 0.011
0.7300053881525855 16.986 0.011
0.7304392433180965 16.946 0.015
0.7306947798757847 16.908 0.014
0.7312463947752349 16.934 0.013
0.7320508382541903 16.949 0.013
0.7332420871713566 16.97 0.015
0.7340717420085184 16.961 0.015
0.734380176656623 16.949 0.01
0.7348357470069914 16.997 0.013
0.7357467584078222 16.986 0.014
0.7384528927019801 16.952 0.015
0.7385712764209075 16.98 0.014
0.7399865403428066 16.951 0.015
0.7409063605693064 16.93 0.012
0.7414836725989972 16.98 0.015
0.7424685227914779 17.0 0.015
0.7448416822604941 16.966 0.015
0.7460283143319885 16.999 0.016
0.7474672084769282 16.969 0.012
0.7474741385446123 16.923 0.013
0.7531981340358925 16.999 0.017
0.7533746484492895 17.0 0.014
0.7549722313812254 16.979 0.02
0.7575514139604366 16.925 0.011
0.7587300452288673 16.954 0.013
0.7589076577466131 17.035 0.017
0.759792761982817 16.97 0.014
0.7630562548653416 17.002 0.015
0.7659328054675371 17.034 0.013
0.7678471139321573 17.039 0.013
0.7693877737453022 16.976 0.01
0.7704965105162046 17.024 0.015
0.7717938792335645 16.963 0.015
0.7721081629307719 16.96 0.012
0.7721907270717111 17.002 0.014
0.7739590800416863 16.955 0.012
0.7747095485252885 17.035 0.014
0.7767689846342819 17.033 0.013
0.7768935725040592 17.042 0.014
0.7777137747028974 17.063 0.017
0.78051818123472 16.979 0.012
0.781237185643613 17.01 0.013
0.7815590979568242 16.971 0.015
0.7849367312698178 17.034 0.012
0.7863364779870153 16.997 0.011
0.7868770331166616 17.04 0.014
0.7890110038241801 17.066 0.013
0.7915364091560605 17.014 0.017
0.7918524922476081 17.039 0.012
0.7919400228517134 17.057 0.014
0.7959567284753121 17.076 0.015
0.7976617933956277 17.021 0.011
0.7987585549589312 17.094 0.017
0.801156123248029 17.026 0.012
0.8014495969147447 17.083 0.014
0.8050140340407325 17.033 0.014
0.8056168810484451 17.064 0.015
0.8070428626639569 17.033 0.012
0.8091246885661804 17.109 0.015
0.8138096536341891 17.047 0.015
0.8156280270228763 17.042 0.015
0.8202599605871456 17.024 0.017
0.8225007982101943 17.045 0.013
0.8240549083208407 17.036 0.013
0.8322626056075478 17.063 0.011
0.8347438122010772 17.054 0.012
0.8359068701571687 17.042 0.014
0.8364635575648208 17.115 0.013
0.8380188246284433 17.063 0.013
0.8392007303815717 17.096 0.009
0.8397297659659216 17.083 0.017
0.8400678940330636 17.108 0.017
0.8435359356218669 17.12 0.016
0.8435584923674014 17.079 0.013
0.843609428224363 17.09 0.011
0.8445252466773582 17.069 0.016
0.8448405005489349 17.022 0.016
0.8449204340178312 17.063 0.014
0.845198445215965 17.066 0.011
0.8474099602364277 17.136 0.014
0.8532748448830262 17.06 0.014
0.8550418780611381 17.103 0.016
0.8592123032659856 17.122 0.021
0.8598844248992009 17.066 0.016
0.8616550561820532 17.117 0.015
0.8644856401330344 17.1 0.016
0.8650180076803281 17.106 0.014
0.8653107294327583 17.112 0.021
0.8655952909708958 17.136 0.018
0.8670925340712984 17.147 0.015
0.8675602698359853 17.094 0.012
0.8678334452426043 17.102 0.014
0.8692463761155068 17.09 0.013
0.8696064410557028 17.118 0.013
0.8713676498115547 17.075 0.01
0.8718983240093167 17.119 0.012
0.8747341980439615 17.088 0.02
0.8751380272575716 17.096 0.014
0.8760710029001985 17.121 0.017
0.8801908151823682 17.179 0.036
0.8816710043965031 17.148 0.016
0.8822875733273122 17.11 0.017
0.8823039560326379 17.084 0.014
0.8826955698947586 17.125 0.012
0.8839174310975523 17.138 0.016
0.8842726602457788 17.169 0.014
0.8865968974002044 17.135 0.015
0.8875194543437829 17.166 0.014
0.8935405004077893 17.122 0.014
0.8989736542754599 17.116 0.018
0.9032902792315781 17.181 0.015
0.9051249805890166 17.128 0.014
0.9059359716658492 17.108 0.016
0.9073564476795127 17.17 0.02
0.9104478808409567 17.171 0.016
0.9127838503169642 17.144 0.017
0.915042009338913 17.164 0.014
0.9156746086156545 17.125 0.013
0.9158145255397813 17.146 0.015
0.9168921444251282 17.186 0.015
0.9176032814440532 17.153 0.014
0.9279573078016711 17.114 0.013
0.9287911498187441 17.12 0.015
0.9370672671990633 17.151 0.015
0.9382402060870391 17.162 0.015
0.9394664426205509 17.137 0.017
0.9407014318709571 17.138 0.015
0.9421719283033326 17.132 0.012
0.9468943734465484 17.182 0.024
0.9476466721204361 17.174 0.02
0.9480440618387093 17.166 0.015
0.9483764414177586 17.188 0.02
0.9485135422625263 17.132 0.013
0.9489528982300272 17.164 0.014
0.9490684877534022 17.196 0.016
0.9502786953118175 17.188 0.016
0.9507030444739485 17.181 0.017
0.9522909318808616 17.151 0.016
0.9559490455968899 17.162 0.016
0.9566471093045493 17.161 0.014
0.957330454916837 17.162 0.015
0.9575561571008621 17.217 0.016
0.9579171908445915 17.178 0.011
0.9581869857217044 17.21 0.016
0.9584112388137328 17.195 0.016
0.9602463958337012 17.154 0.012
0.9617958295626977 17.237 0.022
0.9621546917252545 17.197 0.023
0.9637624744097139 17.18 0.014
0.9638142928517027 17.177 0.021
0.970683118374518 17.171 0.013
0.9713577112690018 17.182 0.018
0.97152453427193 17.259 0.015
0.9724174771587514 17.193 0.015
0.9733835602875388 17.184 0.015
0.9735317434712215 17.229 0.016
0.9750898567255263 17.196 0.013
0.9753886765830885 17.126 0.017
0.9755219063260029 17.185 0.022
0.9761785654910909 17.144 0.015
0.9778562960383624 17.2 0.016
0.9780589618741488 17.191 0.013
0.9812549795259656 17.224 0.02
0.9816917321901656 17.208 0.018
0.9822653414413708 17.155 0.026
0.9826952160325618 17.212 0.014
0.9851190411037806 17.218 0.016
0.9875169316420852 17.195 0.016
0.9879786240382146 17.226 0.012
0.9894109117359676 17.207 0.018
0.9906772904975242 17.202 0.013
0.9927905346507032 17.211 0.018
0.9934379539542079 17.236 0.016
0.9941617955256788 17.184 0.013
0.9941845903587364 17.24 0.011
0.9950808350983152 17.201 0.017
0.9967365986614368 17.238 0.02
0.9972621695548242 17.241 0.016
0.9975922968184477 17.229 0.017
0.9986976571728065 17.198 0.015
