0.00013744935758952526 17.259 0.013
0.0010666089332517226 17.261 0.017
0.0015606265905262484 17.286 0.022
0.004022421773606788 17.281 0.013
0.005488375669892798 17.271 0.015
0.005836035617358015 17.233 0.018
0.006003021614469639 17.289 0.011
0.0068737854134269805 17.301 0.023
0.009112455321906077 17.287 0.014
0.009239298787315442 17.311 0.012
0.009547725088134507 17.279 0.014
0.010653317780361271 17.276 0.021
0.012668259758265799 17.263 0.018
0.013147967699205787 17.272 0.02
0.013502236733893391 17.246 0.016
0.013753523983177751 17.259 0.025
0.013778776645631319 17.253 0.017
0.014006497383115879 17.284 0.014
0.014120879951769916 17.286 0.017
0.015086499755761928 17.253 0.015
0.015896386511849436 17.298 0.014
0.016011121194333122 17.214 0.02
0.016023566377407428 17.267 0.014
0.017609501093738822 17.264 0.018
0.018604533688085234 17.287 0.013
0.019961432737909512 17.291 0.017
0.02075863520976784 17.259 0.016
0.021883505560163052 17.296 0.02
0.02262420054798897 17.258 0.017
0.023131352280040596 17.304 0.013
0.023252405533548903 17.268 0.014
0.02344315980681133 17.264 0.012
0.02532192081835094 17.318 0.023
0.026235684667562986 17.281 0.016
0.026896624209166498 17.308 0.018
0.027054466801610055 17.302 0.014
0.02978312208588252 17.265 0.015
0.030664322973643743 17.29 0.018
0.030919054304740734 17.269 0.017
0.03538038341948779 17.268 0.017
0.03561666527175478 17.249 0.019
0.036270223991232364 17.311 0.014
0.036313929526750166 17.261 0.015
0.03661388346446304 17.327 0.013
0.03783978696756096 17.287 0.013
0.03843260629482759 17.31 0.025
0.0387519194754532 17.303 0.015
0.03977453942209197 17.328 0.012
0.04137792510075544 17.299 0.016
0.04227525523392617 17.268 0.019
0.04252845755163437 17.294 0.016
0.043115804337867325 17.282 0.018
0.0441224641189365 17.259 0.015
0.046006683214636745 17.321 0.023
0.04692318100924242 17.316 0.014
0.048527725736357774 17.317 0.014
0.0491144498799031 17.319 0.015
0.049233792344148264 17.288 0.014
0.05005965246439248 17.327 0.012
0.05283343481496561 17.314 0.022
0.053540258701013976 17.295 0.018
0.056262509176940534 17.285 0.019
0.05701291540335662 17.34 0.013
0.05785957201137537 17.348 0.013
0.05824706700323079 17.282 0.018
0.05959749499552347 17.316 0.015
0.06025418817253014 17.294 0.014
0.0604385601399372 17.309 0.015
0.060766518535183445 17.292 0.014
0.0641202073897148 17.299 0.013
0.06514331534335727 17.305 0.016
0.06544771740973376 17.308 0.016
0.06649877161717088 17.294 0.014
0.06654454722311132 17.37 0.017
0.06709079457177725 17.296 0.017
0.0679538454225167 17.342 0.018
0.06821036950614145 17.271 0.013
0.06938554215994375 17.31 0.013
0.06949531267346176 17.271 0.022
0.06957529578030519 17.315 0.018
0.07101485028479149 17.276 0.016
0.07145483870854152 17.306 0.018
0.07432484592336552 17.297 0.017
0.07456624694614222 17.312 0.021
0.0748281450149989 17.293 0.014
0.07706451379717694 17.291 0.014
0.07750248859670139 17.325 0.01
0.07757144679444539 17.327 0.016
0.07762589439053047 17.321 0.019
0.07777669256111042 17.305 0.024
0.08005454683793689 17.323 0.015
0.08017978485841015 17.319 0.014
0.080430843189356 17.342 0.021
0.08123407120083359 17.319 0.018
0.08196791372656664 17.299 0.018
0.08218023534291208 17.337 0.013
0.08219420061313942 17.325 0.017
0.0850797224763028 17.315 0.016
0.08508869428706023 17.339 0.014
0.08647701761585724 17.332 0.012
0.08717668155204594 17.336 0.015
0.08793579459088507 17.314 0.022
0.08801335337730054 17.315 0.012
0.08866445848527749 17.337 0.012
0.08897550873361981 17.329 0.025
0.08918188765246671 17.301 0.014
0.08985461956435759 17.304 0.017
0.09027959706068034 17.3 0.023
0.09037937474467983 17.294 0.023
0.09394408046946412 17.31 0.014
0.09481636347700262 17.353 0.014
0.09528986837349296 17.322 0.019
0.09555015420928614 17.3 0.017
0.09573948481502159 17.277 0.012
0.09589614711367178 17.318 0.016
0.09630106968679686 17.315 0.012
0.09651916667999105 17.364 0.015
0.09715458554537693 17.294 0.021
0.09741656985070224 17.309 0.017
0.09799419773107731 17.336 0.021
0.09861861632625735 17.304 0.015
0.10182277819139929 17.332 0.018
0.1048809212624292 17.329 0.014
0.10512681881245955 17.316 0.015
0.10581686491436815 17.333 0.014
0.10719491508111789 17.342 0.015
0.10748896881036674 17.342 0.014
0.10772936113371545 17.33 0.015
0.10900156307141062 17.319 0.016
0.10920321654375587 17.325 0.013
0.1110104769935788 17.339 0.016
0.11222634857258529 17.336 0.014
0.11311716515856463 17.327 0.014
0.11484574511032408 17.381 0.017
0.11890264305284293 17.356 0.022
0.11930698333608236 17.338 0.018
0.11968177192047735 17.349 0.019
0.12056214928056763 17.394 0.024
0.12069466956702402 17.336 0.014
0.1208742935862347 17.307 0.013
0.12123330252361486 17.316 0.015
0.12123679839796753 17.358 0.023
0.12308915109306329 17.347 0.017
0.12312479709671609 17.331 0.015
0.12340117987050692 17.315 0.022
0.12445820820394149 17.346 0.015
0.12499380991121145 17.325 0.02
0.12519636548031488 17.344 0.015
0.12758830715793013 17.338 0.017
0.12767805631156082 17.32 0.017
0.1277135991080286 17.365 0.02
0.128549092776575 17.332 0.018
0.1292431877517629 17.351 0.02
0.1305729874565259 17.35 0.014
0.13092705686394768 17.37 0.016
0.13153953864880352 17.369 0.014
0.1332174404241414 17.359 0.018
0.1334411997821917 17.375 0.012
0.1335635488566368 17.382 0.023
0.13415781435460306 17.37 0.019
0.13525253374418755 17.317 0.016
0.13647719322048035 17.36 0.013
0.13701274225504678 17.343 0.015
0.14001793066236135 17.338 0.016
0.14148319352991623 17.37 0.014
0.14230738195592496 17.334 0.021
0.1435260324839419 17.32 0.02
0.14413381006706916 17.367 0.013
0.14449746588152268 17.356 0.016
0.14509628309431266 17.361 0.013
0.14607210088606737 17.348 0.016
0.146457587783425 17.367 0.019
0.14755860663753995 17.334 0.017
0.14863241527009452 17.361 0.013
0.1496258377677805 17.371 0.018
0.1515303092782233 17.348 0.016
0.15285096683597887 17.356 0.014
0.1533563122379974 17.375 0.01
0.15457148474197313 17.342 0.014
0.1563453072880293 17.363 0.015
0.15640703501312603 17.362 0.014
0.15820820241597178 17.361 0.014
0.16092684614150132 17.346 0.017
0.16113872010364505 17.36 0.02
0.16485270139664865 17.358 0.022
0.1662299955427443 17.374 0.016
0.16631442124744356 17.378 0.016
0.166857359150265 17.384 0.014
0.1689448796531906 17.395 0.024
0.16895298079489296 17.379 0.02
0.1693082899563706 17.352 0.013
0.16963641102065596 17.359 0.021
0.17284794817660443 17.373 0.02
0.17395463706261582 17.364 0.015
0.17416005228724318 17.348 0.019
0.17464229793895358 17.321 0.02
0.1754400143141993 17.36 0.018
0.17558637202378125 17.377 0.014
0.17564716283040982 17.337 0.019
0.17722295562602997 17.377 0.012
0.1784652185500818 17.378 0.017
0.17894405582173933 17.364 0.016
0.17899708779614232 17.402 0.013
0.18007331270373472 17.347 0.015
0.18049051439575126 17.379 0.017
0.1810559663644199 17.352 0.015
0.1817765537564583 17.391 0.016
0.18292970248799068 17.353 0.014
0.1830154240132288 17.383 0.021
0.18363657225736463 17.331 0.015
0.18391091211551613 17.364 0.014
0.1848487933389379 17.412 0.015
0.185429727270639 17.386 0.021
0.1858554777585596 17.364 0.023
0.18599002650491914 17.403 0.017
0.18619684289469662 17.38 0.021
0.18641341087541152 17.398 0.014
0.1865692046420918 17.355 0.016
0.18866442828962138 17.401 0.012
0.19103249383069854 17.392 0.018
0.19237206637162674 17.402 0.013
0.19239300428343997 17.388 0.024
0.19269209308313295 17.379 0.018
0.19344624622581252 17.377 0.015
0.19452648216943091 17.387 0.011
0.19521225261578368 17.39 0.014
0.19543552949780862 17.398 0.014
0.19565849549771885 17.395 0.016
0.19656001718649352 17.405 0.021
0.19681283344780243 17.388 0.022
0.1969298637249267 17.344 0.017
0.19705675433160652 17.353 0.023
0.202381303754828 17.408 0.024
0.20471621637764204 17.35 0.019
0.20553702231964055 17.389 0.014
0.20724937748652794 17.38 0.014
0.20739858466813532 17.351 0.02
0.20776211263537336 17.361 0.014
0.21131433282416767 17.346 0.015
0.21265569045012855 17.435 0.021
0.2132868336599586 17.422 0.021
0.213897264481966 17.37 0.015
0.21404573475140298 17.417 0.013
0.21492221911844356 17.366 0.017
0.21620640035498584 17.375 0.022
0.21684862454176257 17.362 0.017
0.21951639599401462 17.364 0.016
0.22049347051156476 17.417 0.014
0.22135544427683274 17.393 0.018
0.22217938253961622 17.391 0.018
0.22328540503613115 17.372 0.021
0.22422856470429908 17.402 0.014
0.2270032245127368 17.384 0.019
0.2273565612807943 17.399 0.017
0.22745313825853375 17.361 0.016
0.22874303792732464 17.381 0.016
0.22945491938562557 17.392 0.014
0.22964925363376099 17.39 0.019
0.2315069387026597 17.417 0.017
0.23354183579058374 17.4 0.014
0.2347813176278578 17.399 0.021
0.2356600670408625 17.39 0.017
0.23590538695352736 17.41 0.023
0.23794253123664932 17.383 0.014
0.23922193221883392 17.421 0.015
0.2402080996050927 17.384 0.012
0.2402383682296204 17.395 0.016
0.24261720512313334 17.378 0.018
0.2430234502916392 17.395 0.014
0.2443064167929606 17.374 0.012
0.24491085098716214 17.369 0.017
0.2450118437863239 17.383 0.02
0.2468666131338978 17.393 0.014
0.24749059425803355 17.372 0.014
0.24891091950294142 17.41 0.015
0.24946996666394627 17.423 0.026
0.2518541661010204 17.382 0.019
0.252859522394283 17.406 0.017
0.25457078136778366 17.387 0.018
0.25465032486729344 17.408 0.017
0.25523088292529794 17.401 0.016
0.2567155691481503 17.427 0.019
0.26014900540249075 17.435 0.014
0.2602466539342686 17.389 0.012
0.26045187040917883 17.384 0.018
0.26137593331841347 17.413 0.022
0.26179333124391635 17.392 0.018
0.2654850172060833 17.406 0.017
0.2664454192842186 17.351 0.014
0.2664790198567971 17.395 0.017
0.26701422783971795 17.418 0.019
0.26968137878648124 17.413 0.022
0.2713356995940558 17.457 0.023
0.2719008665771071 17.409 0.017
0.2725645850681758 17.419 0.022
0.2740684780476613 17.417 0.016
0.2743117278895625 17.43 0.023
0.2752538104727137 17.399 0.015
0.2754081346878593 17.415 0.019
0.27549334017330696 17.409 0.015
0.27553807351582693 17.402 0.014
0.2758623240892121 17.412 0.018
0.2761440885159573 17.414 0.015
0.27697515190620836 17.374 0.022
0.27788406459867476 17.408 0.018
0.2787778835220479 17.401 0.018
0.27904594855535836 17.416 0.014
0.2792389644800096 17.372 0.019
0.2811157734639892 17.369 0.013
0.2811516730256699 17.413 0.014
0.2818664162758978 17.409 0.023
0.28198004835521717 17.425 0.015
0.28431168383863226 17.375 0.019
0.2848209872253392 17.404 0.02
0.2877054859335658 17.402 0.014
0.2893509504573558 17.398 0.022
0.2963078617575775 17.412 0.015
0.29639037025654036 17.396 0.016
0.2970187863104684 17.409 0.013
0.2978260105232039 17.433 0.014
0.2985486195867907 17.426 0.016
0.298585464613916 17.391 0.02
0.30146755685145765 17.426 0.016
0.30193930846913875 17.442 0.013
0.3020940285449797 17.42 0.02
0.3030210296776886 17.434 0.014
0.30380852769931155 17.417 0.021
0.30502530351159296 17.467 0.024
0.3077812186733354 17.429 0.023
0.3095359465964066 17.43 0.015
0.3100223107658394 17.428 0.011
0.3117293773049369 17.441 0.014
0.31288324296192516 17.444 0.016
0.3129897924026409 17.425 0.019
0.31314691681236584 17.439 0.015
0.3134007158768327 17.392 0.027
0.31369581186927464 17.401 0.027
0.3143465164643203 17.438 0.021
0.31471436722827095 17.398 0.014
0.31502285512615347 17.41 0.019
0.3166970121218583 17.406 0.019
0.3171228433151555 17.411 0.017
0.3207189036746967 17.441 0.021
0.32191445445337186 17.374 0.022
0.322863571275684 17.422 0.014
0.3252771027985317 17.408 0.017
0.33006170647322497 17.409 0.014
0.3301712132460124 17.4 0.018
0.33029645126671303 17.417 0.019
0.3308144605870438 17.392 0.017
0.3310365775419881 17.414 0.013
0.33251224355515197 17.407 0.012
0.3332005606383972 17.419 0.019
0.33637109264000165 17.414 0.015
0.336974216557246 17.435 0.014
0.33725165391333567 17.412 0.018
0.3376950698263044 17.425 0.014
0.3380821766249027 17.441 0.016
0.3385045951646588 17.439 0.014
0.33921873827457594 17.42 0.019
0.3396258171544786 17.431 0.012
0.3408453370941742 17.42 0.02
0.3409293847886601 17.418 0.023
0.34199525922203966 17.459 0.03
0.34589496650633 17.413 0.016
0.34715981779199856 17.436 0.015
0.34747465908380937 17.442 0.017
0.34790262408196204 17.417 0.019
0.34850964778106563 17.408 0.019
0.3487149351584775 17.421 0.011
0.349585499330169 17.44 0.015
0.34974075794880255 17.416 0.016
0.34992521062204096 17.405 0.022
0.35017702623090363 17.452 0.018
0.35052471546932784 17.427 0.014
0.35077457100433085 17.44 0.016
0.3518149056539186 17.428 0.018
0.35329812659849713 17.462 0.014
0.3533396040462775 17.415 0.018
0.354379377650639 17.469 0.018
0.3577313455320108 17.406 0.015
0.3580597214118142 17.438 0.016
0.3601034679935764 17.448 0.015
0.3611349676047211 17.42 0.016
0.3611544155991395 17.448 0.024
0.3619407502991634 17.447 0.02
0.3621584939213789 17.44 0.021
0.3624097586684001 17.382 0.022
0.3645639701861909 17.399 0.023
0.36458943265906774 17.454 0.019
0.3648414670036799 17.425 0.022
0.3670925999453174 17.429 0.02
0.3702463316607463 17.434 0.024
0.3710343435858703 17.455 0.022
0.373321031643536 17.423 0.018
0.37334957929547263 17.437 0.014
0.3734968051584473 17.483 0.027
0.37376924905574915 17.437 0.022
0.3752393796720752 17.451 0.023
0.3758002026142093 17.398 0.018
0.37738040104877646 17.43 0.014
0.38144141750981353 17.447 0.018
0.38278232748134533 17.478 0.021
0.38280534313130365 17.439 0.013
0.38287296176067676 17.487 0.021
0.3833294017520301 17.44 0.014
0.3837724158942364 17.43 0.015
0.3839527746894418 17.481 0.022
0.3840281928827607 17.418 0.018
0.38428941777342507 17.44 0.014
0.384400063229259 17.417 0.015
0.38526176898121767 17.442 0.017
0.3858419536810742 17.434 0.014
0.38795687083429575 17.439 0.015
0.38924406119704136 17.447 0.014
0.38926096682816924 17.405 0.021
0.39074060566124436 17.441 0.014
0.3911994372873777 17.443 0.014
0.3915793034310808 17.465 0.024
0.39407585949302293 17.421 0.028
0.39478104097556743 17.396 0.017
0.3960791551765168 17.467 0.012
0.3968731017534082 17.455 0.018
0.39695574828274394 17.445 0.021
0.3973271340163591 17.43 0.014
0.398336269910851 17.416 0.014
0.398793409855807 17.398 0.018
0.3999999999999999 17.516 0.027
0.4013463825134749 17.452 0.024
0.4020189819265396 17.452 0.014
0.40212980702235646 17.452 0.028
0.40350308799625045 17.423 0.017
0.4044476488296822 17.445 0.017
0.4049885807751479 17.43 0.012
0.4060976077451186 17.462 0.014
0.40676667306652226 17.42 0.022
0.40728968389330467 17.426 0.025
0.4075852712873256 17.448 0.014
0.40758874805399037 17.458 0.011
0.4091386944573059 17.411 0.022
0.4104743999004312 17.446 0.015
0.4113149681135382 17.469 0.014
0.41196731511208773 17.446 0.019
0.41247036617678523 17.434 0.015
0.4131480669097072 17.44 0.016
0.4133893838324183 17.455 0.016
0.41473329362579525 17.494 0.019
0.4155378522808859 17.425 0.014
0.4159119307272703 17.463 0.017
0.41651214105913814 17.43 0.017
0.41696005349958787 17.451 0.016
0.41750860964102676 17.448 0.017
0.4185860453902932 17.447 0.013
0.41972464995623104 17.441 0.013
0.42041836440594116 17.437 0.016
0.42267877878239224 17.456 0.017
0.423891301441381 17.485 0.023
0.42408819250968 17.405 0.02
0.42510218169709324 17.433 0.017
0.4268698394152124 17.405 0.019
0.42699846796633656 17.43 0.014
0.4281263852803021 17.457 0.021
0.42848813281389075 17.414 0.018
0.4303001458644302 17.444 0.023
0.4363441796976075 17.452 0.018
0.4389058357864086 17.439 0.014
0.43974023112505156 17.446 0.013
0.4409404971665025 17.496 0.018
0.44149120194779234 17.436 0.017
0.4468183799710572 17.423 0.013
0.4470938729677072 17.439 0.016
0.4476026671026374 17.449 0.019
0.44893693869598783 17.445 0.016
0.4509618510004656 17.435 0.018
0.45177150204974614 17.424 0.016
0.4525313150424153 17.471 0.017
0.45737731217868705 17.424 0.017
0.4587911663669728 17.419 0.017
0.4588327572054367 17.411 0.017
0.4596776456995939 17.469 0.016
0.46042289667584546 17.433 0.023
0.46248780882970086 17.44 0.018
0.46272948251807966 17.455 0.016
0.4631923710643604 17.472 0.02
0.46389238623523843 17.44 0.019
0.4647963547467042 17.454 0.018
0.465396562942169 17.414 0.021
0.46577618571100166 17.438 0.014
0.46579349650678514 17.444 0.016
0.4662106935474184 17.507 0.024
0.46684715681194566 17.447 0.015
0.46698515089760795 17.416 0.016
0.467380183849309 17.435 0.017
0.46789659790820215 17.436 0.015
0.4690516909994584 17.436 0.015
0.4715337577048557 17.4 0.016
0.47243692179645214 17.442 0.016
0.4732859432641816 17.427 0.015
0.47391210998582656 17.418 0.012
0.474058487682123 17.445 0.014
0.4766024201429899 17.445 0.017
0.4776859285736008 17.411 0.015
0.4777699516290794 17.418 0.016
0.47859376418127786 17.492 0.022
0.4870867139378787 17.459 0.02
0.48825550428650777 17.409 0.015
0.48839800935538724 17.411 0.013
0.48869793613848733 17.465 0.026
0.4925701605365247 17.403 0.014
0.49258457559781155 17.419 0.02
0.493528377016355 17.42 0.03
0.4952883375005057 17.403 0.014
0.4953424576221095 17.418 0.013
0.49571422262399656 17.418 0.015
0.49826996618448893 17.411 0.014
0.49847173983666826 17.392 0.014
0.498547020000069 17.397 0.011
0.49854795440332955 17.423 0.014
0.5010150305467049 17.386 0.011
0.5017039825919709 17.415 0.015
0.5019179444751898 17.391 0.013
0.5033355604148482 17.434 0.015
0.5033655338715106 17.415 0.015
0.5035170107511475 17.423 0.014
0.5051453407259259 17.426 0.015
0.5063515741045648 17.405 0.012
0.5065636230553081 17.399 0.015
0.5069012264394472 17.397 0.011
0.5075624789991706 17.372 0.014
0.5094681227564251 17.422 0.023
0.5103921686935791 17.41 0.017
0.5110893790187219 17.424 0.015
0.512059303768774 17.405 0.014
0.5128673761481877 17.406 0.021
0.5153429573402035 17.397 0.012
0.5186845667020861 17.451 0.026
0.520854051630431 17.389 0.016
0.5209168092998993 17.42 0.012
0.5210279393681048 17.427 0.012
0.5212390539158149 17.405 0.014
0.5216964865134286 17.402 0.015
0.5217574446404796 17.422 0.017
0.5239243850691309 17.42 0.014
0.5241350103518925 17.396 0.026
0.5251758139005687 17.393 0.02
0.5279662487038421 17.389 0.015
0.5280924402353775 17.418 0.017
0.5288937735439503 17.408 0.017
0.5292563917468214 17.417 0.016
0.5293306117967176 17.453 0.015
0.5327878086594864 17.381 0.018
0.5330860200009737 17.408 0.016
0.534023256079672 17.4 0.015
0.5343837629805193 17.431 0.018
0.5355503396976018 17.429 0.016
0.5355637124947861 17.405 0.018
0.5356835217216029 17.469 0.02
0.5370752130782193 17.39 0.013
0.5376807613160053 17.422 0.019
0.5384156707440524 17.397 0.017
0.5385161475031963 17.394 0.015
0.5397163294451501 17.436 0.016
0.5405271213134255 17.394 0.023
0.5409070435233843 17.407 0.018
0.5457932503194569 17.427 0.022
0.5458667602332752 17.428 0.016
0.5464088644256662 17.417 0.021
0.5472129384674189 17.397 0.016
0.5476673499980733 17.407 0.015
0.5485026002919766 17.396 0.02
0.5486914148572395 17.393 0.024
0.5490306899359552 17.4 0.01
0.5493926595999254 17.429 0.016
0.5496084456633752 17.427 0.014
0.5534788233782364 17.418 0.016
0.5557937223092266 17.411 0.014
0.5559015182924667 17.425 0.014
0.5570500247993322 17.402 0.013
0.5574666429442003 17.392 0.018
0.5576044641778934 17.407 0.018
0.5576410445854889 17.439 0.018
0.5585788192066956 17.477 0.021
0.5596578332462285 17.412 0.023
0.559892175390496 17.456 0.019
0.5606717438648956 17.413 0.018
0.5611744381639254 17.405 0.021
0.563466404666451 17.436 0.023
0.5639966786508466 17.433 0.014
0.5661415424846381 17.402 0.013
0.566280583106527 17.406 0.016
0.569862956392535 17.395 0.012
0.5705073615244145 17.43 0.031
0.570633742879886 17.434 0.013
0.5709913035101635 17.426 0.02
0.5714770259288797 17.401 0.013
0.5715623223030888 17.419 0.021
0.5716952821966514 17.401 0.02
0.5721171307667645 17.418 0.018
0.572344494738354 17.417 0.019
0.5732673357428211 17.437 0.017
0.5740137220081123 17.336 0.019
0.5742703909098963 17.402 0.016
0.5756432344122913 17.44 0.019
0.5758506364858476 17.43 0.018
0.576147268279692 17.411 0.019
0.5761703726814402 17.426 0.012
0.5761842054525004 17.432 0.02
0.5783522870794058 17.426 0.014
0.5786149233184914 17.44 0.012
0.5796568082249904 17.381 0.019
0.5798874425476241 17.403 0.022
0.5826702383193605 17.408 0.015
0.5830645488148547 17.398 0.017
0.5831631003224174 17.401 0.02
0.5841652950020033 17.424 0.019
0.5844294190226491 17.435 0.012
0.5851167724116748 17.444 0.017
0.5867129667130029 17.399 0.026
0.5867997092567747 17.395 0.027
0.5877873070998247 17.412 0.016
0.5896215411843513 17.418 0.019
0.5912799580068167 17.446 0.019
0.5916694275282679 17.408 0.017
0.5924700574884354 17.428 0.017
0.5924983392636931 17.423 0.026
0.5925808061519091 17.432 0.023
0.5933276256149838 17.438 0.023
0.59366288877859 17.401 0.014
0.5937715720241612 17.391 0.014
0.5970687971411279 17.443 0.016
0.6003065888707169 17.451 0.02
0.6014880733072459 17.428 0.022
0.6028130702547059 17.42 0.02
0.603602784044051 17.457 0.015
0.6050407623951286 17.4 0.02
0.6067596234412576 17.376 0.015
0.6069239099369041 17.448 0.02
0.6091237747447393 17.374 0.011
0.6098584429346601 17.347 0.014
0.6114763481399677 17.345 0.013
0.6117635044023699 17.401 0.016
0.6126802803927602 17.434 0.02
0.6145563860284482 17.364 0.014
0.615637575483015 17.304 0.014
0.6162734878861555 17.334 0.014
0.616522626495589 17.464 0.021
0.6174844768805996 17.453 0.016
0.6178809415463546 17.341 0.014
0.6187875968606931 17.425 0.014
0.6189583917515846 17.316 0.01
0.6191005209469949 17.327 0.015
0.6212425374450503 17.382 0.018
0.6215371488254049 17.312 0.013
0.6219168947890465 17.457 0.021
0.6221163966064522 17.382 0.017
0.6225941916149167 17.431 0.02
0.6231114292012534 17.353 0.012
0.6232186182560553 17.292 0.012
0.6233515119000912 17.424 0.014
0.6248372459175697 17.344 0.017
0.6278141784468061 17.354 0.026
0.6285666700781802 17.402 0.016
0.6291602547302317 17.249 0.012
0.6300968197673682 17.364 0.018
0.6303335246346022 17.269 0.013
0.6305158231374661 17.368 0.016
0.6312617472921374 17.375 0.017
0.6324554951346726 17.326 0.017
0.6340854259023216 17.393 0.017
0.6353216968504056 17.317 0.02
0.6375137183475998 17.379 0.015
0.6377633776495713 17.407 0.014
0.6388343096554308 17.372 0.016
0.6404732784834777 17.231 0.014
0.6411685121417121 17.225 0.01
0.6428048298669409 17.199 0.014
0.6439586764157865 17.238 0.013
0.6439593203025651 17.4 0.014
0.6459354011134564 17.22 0.013
0.6464362780212922 17.245 0.013
0.6467129266719893 17.284 0.021
0.648170323726299 17.39 0.017
0.6486680908154994 17.305 0.019
0.648949248313238 17.401 0.016
0.6498642833446637 17.119 0.008
0.6502652814964676 17.157 0.011
0.6512442417914825 17.144 0.013
0.6513875534173166 17.337 0.015
0.6513937441415236 17.173 0.013
0.6531700695772087 17.139 0.013
0.6539843348172325 17.342 0.015
0.6547467789254369 17.132 0.011
0.6550738768345581 17.163 0.012
0.6575139746911645 17.155 0.01
0.6584567258004426 17.35 0.014
0.6609321005763831 17.128 0.011
0.6619731296485951 17.118 0.01
0.6623592188224392 17.333 0.019
0.6630193305631109 17.244 0.021
0.6638339279301362 17.289 0.014
0.6640359012098087 17.203 0.013
0.6642544751481636 17.115 0.011
0.6649498591558767 17.057 0.013
0.6673313021466583 17.127 0.013
0.669931250690206 17.078 0.013
0.6739236576730945 17.313 0.015
0.6763115504762935 17.265 0.018
0.6764131816325061 17.254 0.017
0.6767952265849089 17.218 0.013
0.6772770538741724 17.058 0.01
0.6774339841869277 17.082 0.016
0.6778722291359371 17.171 0.016
0.6779602449986668 17.162 0.02
0.6798591012856376 17.272 0.017
0.6817138111727217 17.261 0.019
0.6817631072919084 17.021 0.011
0.6830026294824392 17.041 0.012
0.6839163381440811 17.223 0.018
0.6845179801904577 17.061 0.016
0.6854897019669806 17.223 0.017
0.6860441392090251 17.106 0.011
0.686145530384715 17.024 0.009
0.6903814352357585 17.21 0.019
0.6916304151070789 17.019 0.011
0.6917485526388645 17.009 0.013
0.6928765922688398 17.074 0.014
0.6933534337657874 17.055 0.014
0.6938267984959565 17.061 0.014
0.6961126698143061 17.027 0.01
0.6964902101930419 17.119 0.012
0.6971523750325104 17.041 0.009
0.6996171521872383 17.061 0.014
0.6999784554608595 17.158 0.016
0.7021235898240774 17.024 0.017
0.7023617867456777 17.029 0.014
0.7027119228070204 17.013 0.013
0.703916995000236 17.021 0.015
0.7040903441956288 17.107 0.013
0.7042714211733254 17.024 0.01
0.7045144030018036 17.034 0.01
0.7063061611223929 17.083 0.014
0.7063673503052086 17.063 0.016
0.7063931045519438 17.045 0.012
0.7075796644118326 17.039 0.012
0.7081812512700707 17.076 0.011
0.7089342984159201 17.009 0.01
0.7095098753337878 17.063 0.014
0.7111639918615764 17.071 0.015
0.7115862061217739 17.09 0.015
0.7118705354145276 17.055 0.013
0.7121275610822067 17.039 0.01
0.7126150974987921 17.055 0.019
0.714484692602491 17.066 0.012
0.7166753668641603 17.022 0.011
0.7166991912071352 17.099 0.015
0.7168869231553798 17.084 0.017
0.7182387378578823 17.075 0.014
0.7194556886587633 17.109 0.015
0.7211855397926229 17.014 0.014
0.7220779325324657 17.062 0.014
0.7221123612843258 16.999 0.014
0.7243156264265963 17.041 0.018
0.7260099101253218 17.013 0.014
0.7265011713351669 17.041 0.014
0.7265744251752949 17.045 0.014
0.7267088762440835 17.01 0.012
0.7270579891504895 17.039 0.017
0.7273483002358262 17.019 0.013
0.7283256181280194 17.02 0.009
0.7296861510829104 17.053 0.01
0.7317804522675943 17.05 0.017
0.7318238919255237 17.026 0.02
0.7318786639808877 17.031 0.011
0.7351406414703888 17.051 0.011
0.7355165394459618 17.004 0.016
0.7355577051327146 17.08 0.011
0.7372904057391679 17.011 0.014
0.7383820522694805 16.999 0.012
0.7384261808196243 17.029 0.014
0.7390102619071058 17.051 0.011
0.7393174866699838 17.066 0.011
0.7397396469999876 17.029 0.014
0.7405601254676185 17.044 0.012
0.7405904781920981 17.03 0.019
0.7409783031737561 17.066 0.011
0.7410853193768162 17.046 0.011
0.7424578677108912 17.041 0.019
0.744515551530094 17.01 0.013
0.7449242728124773 17.039 0.018
0.7453430799502258 17.054 0.01
0.7457283277462011 17.03 0.013
0.7462452208864306 17.037 0.014
0.7477124379178349 17.036 0.014
0.7492070673128183 17.053 0.019
0.7496340193391916 17.031 0.011
0.7504215521825245 17.047 0.014
0.7511134717427922 17.019 0.011
0.7546316479782945 17.023 0.013
0.7553181837490911 17.08 0.012
0.7553938194199873 17.029 0.016
0.7564532227960626 17.014 0.013
0.7573480445083988 17.012 0.011
0.7589004457808187 17.052 0.014
0.7591304281694647 17.045 0.015
0.760021510632123 17.031 0.012
0.7604530950792651 17.077 0.009
0.7614463158126 17.07 0.009
0.7631502398479825 17.03 0.012
0.7637316294802986 17.106 0.012
0.7637895954537953 17.116 0.015
0.7646007878346609 17.05 0.019
0.7650625398345255 17.031 0.011
0.7653476655003942 17.019 0.013
0.765844493534496 17.067 0.016
0.76680720654158 17.033 0.013
0.7668475779923029 17.094 0.011
0.7731432995876958 17.113 0.009
0.7743821787702473 17.03 0.014
0.7752791792917378 17.084 0.017
0.7770601167821042 17.036 0.014
0.777288795683171 17.076 0.01
0.7776481838881409 17.061 0.014
0.7785381892653277 17.048 0.015
0.7792806098780375 17.118 0.011
0.7824490000283731 17.045 0.017
0.7842129040413056 17.127 0.013
0.7844969874439812 17.022 0.019
0.7851649344487669 17.133 0.011
0.791210799251212 17.15 0.014
0.7930046002878953 17.058 0.014
0.7956138281295125 17.128 0.011
0.7964679216255718 17.07 0.015
0.7964735793383625 17.066 0.013
0.7969793443611707 17.065 0.013
0.8012449011040644 17.139 0.013
0.8012856021654443 17.098 0.017
0.8014063874055865 17.121 0.02
0.802815697924325 17.102 0.01
0.8036816623602135 17.134 0.015
0.8038252589703007 17.081 0.014
0.8049883151733411 17.096 0.016
0.8074895282961961 17.146 0.01
0.8076868691545315 17.092 0.016
0.807889702920329 17.084 0.015
0.8093157521283502 17.115 0.017
0.8104943229795026 17.112 0.014
0.8123289800795647 17.081 0.013
0.8144475680955111 17.089 0.015
0.8149531861630749 17.062 0.014
0.8164946287751264 17.139 0.013
0.8188063159376725 17.142 0.014
0.8200157512810847 17.163 0.011
0.8214114431119924 17.127 0.014
0.822663297094914 17.105 0.011
0.822926641334243 17.148 0.009
0.8235313023102663 17.145 0.012
0.8235539319033706 17.135 0.018
0.8241418150959362 17.157 0.014
0.8241949120623758 17.189 0.014
0.8248317320930255 17.173 0.012
0.8250019243281713 17.173 0.014
0.8266329589563611 17.14 0.021
0.8269927769651076 17.128 0.014
0.830140039759408 17.126 0.018
0.8305168746534491 17.156 0.013
0.8313486706830645 17.17 0.011
0.8313845477422547 17.153 0.011
0.8329872377402353 17.141 0.015
0.8337700990677149 17.148 0.016
0.8344034771538645 17.123 0.014
0.8357734193902161 17.122 0.012
0.8375740316576185 17.172 0.012
0.8379681110978027 17.17 0.01
0.8380569895829467 17.137 0.014
0.8384038081525432 17.157 0.014
0.8410476104435475 17.166 0.013
0.8421877788440725 17.15 0.017
0.8432707015903361 17.151 0.018
0.8445014774946685 17.141 0.012
0.84478082099522 17.177 0.016
0.8457592720386856 17.154 0.013
0.8466038509087866 17.194 0.012
0.8474265842391105 17.166 0.019
0.8478432125670224 17.131 0.01
0.8478469059326926 17.168 0.014
0.8485100017811874 17.143 0.017
0.8488144106360324 17.205 0.014
0.8489097614366529 17.175 0.011
0.8494723435670949 17.176 0.012
0.8498769934740494 17.176 0.009
0.8500679002330799 17.137 0.013
0.8508340296606548 17.149 0.013
0.8509211952199621 17.164 0.012
0.8528005338684125 17.157 0.018
0.8537961958940287 17.188 0.021
0.8539685813947472 17.158 0.016
0.8543816959976539 17.136 0.016
0.8558140200297203 17.166 0.015
0.8558445668508284 17.126 0.016
0.856224117839156 17.168 0.016
0.8567113301756081 17.193 0.011
0.8570683378070726 17.185 0.011
0.8574341745674247 17.159 0.017
0.8574428189033597 17.212 0.014
0.8594919471378489 17.194 0.016
0.8609902495326424 17.162 0.012
0.8619101523135214 17.186 0.012
0.8623272843623454 17.144 0.014
0.8644460104086648 17.117 0.017
0.864689210972665 17.138 0.018
0.8648519731077841 17.185 0.011
0.8656058412656421 17.167 0.014
0.8660944301283507 17.179 0.014
0.868169209401367 17.216 0.014
0.8686342024610895 17.133 0.014
0.8696126535050098 17.217 0.017
0.8698835781932758 17.163 0.017
0.870837577599923 17.2 0.021
0.8731226478928648 17.197 0.012
0.8731571089514546 17.153 0.014
0.8734982485638284 17.181 0.016
0.8742308882937323 17.167 0.016
0.8744106278403706 17.16 0.014
0.8744434511476357 17.179 0.013
0.8748638781861701 17.171 0.014
0.8757079622609126 17.171 0.018
0.8757624616499925 17.185 0.014
0.8767385083605405 17.17 0.014
0.8772954586746892 17.162 0.015
0.880148471506709 17.218 0.012
0.8822084203710802 17.213 0.024
0.8828138139866951 17.191 0.013
0.8830845411838709 17.15 0.015
0.8839398005178737 17.173 0.014
0.8850196134457292 17.178 0.014
0.8852358862585789 17.174 0.017
0.8855206878444278 17.196 0.018
0.8857553956796892 17.177 0.02
0.8863455651625373 17.174 0.014
0.8868932115396092 17.202 0.016
0.8880216079350248 17.186 0.014
0.8892328572759652 17.166 0.013
0.8913040319352149 17.187 0.015
0.8921967635900728 17.178 0.016
0.8928994005726963 17.219 0.022
0.8930249358976653 17.205 0.017
0.893435904376156 17.228 0.012
0.893532997393686 17.19 0.018
0.8958110725424376 17.142 0.015
0.8969579511016491 17.167 0.013
0.8973543248793249 17.182 0.013
0.8977616224944086 17.196 0.014
0.8994240219407402 17.246 0.021
0.899864479263124 17.187 0.015
0.9011906352591496 17.204 0.012
0.9036901002545165 17.177 0.016
0.9049860233261825 17.201 0.018
0.9056360984908679 17.167 0.011
0.9066779443022824 17.2 0.015
0.907425050886468 17.206 0.015
0.9080051154068315 17.203 0.016
0.9086594785457237 17.212 0.015
0.9087254985196523 17.183 0.015
0.9092172005952307 17.195 0.016
0.9094043502544992 17.17 0.011
0.9099583937726493 17.227 0.017
0.9106412752725191 17.196 0.017
0.9121285429542013 17.254 0.014
0.9131418611003937 17.181 0.013
0.9144241510288339 17.12 0.016
0.9150310175899904 17.172 0.014
0.9161413382439832 17.261 0.015
0.9162117426119721 17.214 0.011
0.9169850218060219 17.228 0.012
0.9173416726718188 17.238 0.016
0.918680215268887 17.05 0.014
0.9188370593452874 17.185 0.013
0.9195160949933779 17.183 0.013
0.921484514270469 17.175 0.014
0.9217966585760223 17.217 0.012
0.9219656458789359 17.229 0.018
0.9219797122208547 17.19 0.014
0.9260113328622538 17.219 0.014
0.92645419791304 17.212 0.012
0.926512504938296 17.235 0.013
0.9279308467286228 17.244 0.012
0.9298386960712378 17.227 0.016
0.9307006553805423 17.219 0.014
0.9329816441148978 17.246 0.012
0.9333473037494514 17.182 0.021
0.9339212607668742 17.163 0.019
0.9362412835202122 17.211 0.014
0.9369213367926023 17.204 0.014
0.9372785049567028 17.22 0.01
0.9373340241071674 17.249 0.012
0.9374825874017688 17.252 0.013
0.9391014563012959 17.264 0.012
0.94338547019006 17.223 0.015
0.9440398524372086 17.206 0.014
0.9443177204756467 17.194 0.016
0.9466324524654738 17.255 0.015
0.9469132017830134 17.247 0.011
0.946928821775964 17.187 0.013
0.9485800438273145 17.253 0.017
0.9494043927847088 17.231 0.017
0.9509527417893878 17.219 0.016
0.9509824034847952 17.226 0.016
0.9510343919390835 17.202 0.019
0.9517428853825095 17.231 0.012
0.9522014613146667 17.267 0.012
0.9534132725792915 17.179 0.023
0.9548097420546583 17.247 0.021
0.9549176064241692 17.256 0.016
0.9550263121717762 17.201 0.016
0.9557948739660788 17.265 0.014
0.9560390135852913 17.231 0.011
0.9570269355084747 17.245 0.018
0.9584322409004017 17.249 0.015
0.9588297971075918 17.23 0.015
0.9593697921344756 17.23 0.013
0.9595349492991773 17.225 0.018
0.960211983642148 17.227 0.016
0.9602383133898457 17.243 0.018
0.961323464223733 17.242 0.017
0.9615575719187973 17.233 0.019
0.9620925565140169 17.262 0.014
0.962504614397426 17.273 0.012
0.9625820551413199 17.259 0.019
0.962611871838385 17.258 0.011
0.9642642639995757 17.238 0.012
0.9665775408929221 17.262 0.011
0.966781134073608 17.238 0.014
0.967853708482744 17.267 0.025
0.9687716961942897 17.24 0.015
0.9692469390351107 17.275 0.014
0.9696017835712155 17.239 0.015
0.9706635475335134 17.298 0.014
0.9718715142040765 17.262 0.013
0.9733031268418927 17.265 0.021
0.9748179245510983 17.262 0.012
0.9775607740238229 17.215 0.015
0.979248186152654 17.245 0.015
0.9796691024556822 17.26 0.016
0.9798634906336702 17.286 0.013
0.9825111396557077 17.254 0.015
0.9834404517177063 17.265 0.014
0.9848786050569288 17.244 0.016
0.9849277372499273 17.269 0.019
0.98638945923758 17.234 0.014
0.9884330992171272 17.255 0.014
0.9890469800301617 17.276 0.014
0.9903267084872823 17.242 0.014
0.9908705315146108 17.225 0.015
0.9919090857307765 17.253 0.013
0.9928170122269876 17.253 0.014
0.9938030955135219 17.278 0.012
0.9945830029029367 17.307 0.021
0.9951497685427967 17.269 0.017
0.9951582680602314 17.28 0.016
0.9954420193365877 17.251 0.016
0.9976508164808365 17.229 0.014
0.999609044558747 17.243 0.017
