9.596131076250458e-05 17.287 0.017
0.0016154974691744428 17.241 0.013
0.002772807098153862 17.298 0.011
0.003073641614719236 17.29 0.013
0.003132530851416959 17.289 0.015
0.003605888582114858 17.311 0.015
0.00415472649547155 17.29 0.015
0.004299251645534241 17.298 0.012
0.005390250532400387 17.282 0.024
0.006000002792688974 17.295 0.014
0.006036612613570469 17.307 0.014
0.006047231755019311 17.259 0.023
0.006306943975687318 17.246 0.018
0.006316696276371658 17.291 0.015
0.006356014636708096 17.289 0.02
0.006568339014847879 17.268 0.014
0.006898229297803482 17.284 0.019
0.007000837879786559 17.269 0.013
0.007612572349898983 17.254 0.017
0.007639968162038713 17.285 0.017
0.007935667400488455 17.245 0.017
0.00975733005066104 17.276 0.017
0.012366713119718042 17.303 0.017
0.012802207328604709 17.213 0.021
0.012899585202831076 17.254 0.02
0.013674191154677828 17.317 0.013
0.013915036477555986 17.306 0.013
0.014298013859843195 17.326 0.019
0.015285405931535934 17.325 0.02
0.015908746344393876 17.242 0.017
0.018042263768620614 17.27 0.017
0.018853844695513544 17.272 0.012
0.018928102646441403 17.266 0.012
0.01916356582978551 17.276 0.015
0.019887097204900783 17.262 0.017
0.021753240335897317 17.316 0.022
0.022628402916325285 17.276 0.015
0.02282855621615454 17.279 0.018
0.02538011404521967 17.288 0.012
0.02669263937696087 17.294 0.015
0.027085235354206816 17.29 0.013
0.02773378193796816 17.257 0.021
0.029969952513965836 17.287 0.014
0.03064505722522881 17.305 0.015
0.030700430552315083 17.289 0.018
0.03080126718032261 17.299 0.015
0.03195386551124102 17.315 0.014
0.03245106486883742 17.291 0.02
0.0338323197192949 17.325 0.019
0.03555255774381294 17.263 0.015
0.03662453316428582 17.286 0.013
0.03694951101351762 17.267 0.014
0.037952846052576206 17.273 0.018
0.03819810610548302 17.259 0.019
0.03827713251030218 17.291 0.013
0.03907441552473756 17.326 0.018
0.0405064941087403 17.303 0.013
0.04085783408663701 17.302 0.017
0.041191713963598886 17.266 0.014
0.041472089057606354 17.27 0.02
0.043950674617917684 17.274 0.019
0.044100508181145415 17.338 0.014
0.04441271667883484 17.325 0.018
0.04493320909750764 17.298 0.017
0.045137439461768736 17.344 0.017
0.04562821156650898 17.283 0.015
0.04582579864018044 17.34 0.022
0.04626244482551556 17.309 0.019
0.04662081430797116 17.28 0.015
0.046675991636220715 17.337 0.015
0.0478321618766131 17.278 0.013
0.04814179271670582 17.299 0.019
0.048639601778177166 17.313 0.012
0.05086820455562702 17.329 0.02
0.050871910170826595 17.373 0.023
0.05126117480722314 17.314 0.019
0.05221949223050615 17.313 0.014
0.052358501535763935 17.353 0.026
0.053306021543903626 17.291 0.013
0.05340445082674705 17.281 0.013
0.055079067825772654 17.299 0.018
0.055372133407217916 17.303 0.014
0.05563239535104003 17.33 0.021
0.05610047151094477 17.266 0.014
0.056566920853583724 17.307 0.017
0.05686066986345395 17.268 0.019
0.05735709151849733 17.328 0.013
0.05744875754862733 17.278 0.014
0.05791807482182776 17.305 0.014
0.05812828842226736 17.336 0.014
0.058476437056924624 17.237 0.018
0.05945745042481576 17.24 0.014
0.059569755308984895 17.304 0.017
0.06010168914053793 17.313 0.014
0.0609549792047801 17.306 0.015
0.06137728920293739 17.308 0.018
0.06324079867499677 17.288 0.017
0.06332336269633743 17.327 0.019
0.06407797032261442 17.297 0.02
0.06513861864277715 17.268 0.012
0.06537342871069995 17.357 0.018
0.06610749291394313 17.284 0.014
0.06850540701452701 17.31 0.021
0.06906923423139233 17.287 0.014
0.06935171612076374 17.318 0.014
0.06961005981702328 17.284 0.014
0.07056158830209824 17.251 0.018
0.07167212492913677 17.318 0.014
0.07182972113332653 17.325 0.015
0.07277921654667807 17.278 0.02
0.07284695065663982 17.302 0.021
0.0729933191728378 17.292 0.018
0.07314771774190376 17.327 0.012
0.07371274150318641 17.315 0.018
0.07477196414220089 17.282 0.02
0.07535668221134983 17.29 0.02
0.07563287055381807 17.334 0.023
0.07678127185954509 17.298 0.021
0.0768943607406527 17.33 0.014
0.07813760053795704 17.302 0.017
0.07870662648201687 17.322 0.018
0.07881313552206848 17.331 0.014
0.07896856494949134 17.272 0.014
0.07961719437662396 17.284 0.021
0.07997986260943435 17.306 0.017
0.08129395760261104 17.33 0.017
0.08344148780474825 17.333 0.012
0.08373458022924751 17.283 0.022
0.08442438397059959 17.268 0.014
0.08451919048138734 17.273 0.015
0.08470493618187902 17.329 0.023
0.08478680534244631 17.321 0.017
0.08489219901366596 17.328 0.018
0.08530478355351079 17.276 0.015
0.08541680843791255 17.359 0.019
0.08641367910649933 17.297 0.014
0.08683684451352747 17.326 0.014
0.08706690500810055 17.348 0.019
0.0873637133227021 17.274 0.018
0.08757482176224585 17.338 0.019
0.08799756832740968 17.314 0.017
0.08975771437690128 17.338 0.022
0.09152057808478276 17.29 0.02
0.0926223692495114 17.284 0.013
0.09451305169204716 17.298 0.013
0.09471528096491966 17.317 0.014
0.09807972595172032 17.312 0.014
0.09885982206174049 17.333 0.022
0.09922961407619368 17.339 0.019
0.09988021890740129 17.307 0.018
0.10061305856652325 17.274 0.014
0.10122261482774775 17.354 0.017
0.10138373092286201 17.302 0.015
0.10164220832484716 17.34 0.019
0.10303185208795185 17.332 0.02
0.10342091558686661 17.335 0.011
0.10396853126894712 17.321 0.015
0.10453259905352752 17.303 0.017
0.10463245799746801 17.29 0.024
0.10911379892309014 17.284 0.018
0.10925933771704877 17.334 0.026
0.10987942398276118 17.297 0.019
0.10997472588496748 17.311 0.017
0.11032446819945108 17.331 0.018
0.11057199675451557 17.309 0.018
0.1110949828316734 17.326 0.02
0.11216742795659229 17.316 0.024
0.11244948073033356 17.311 0.018
0.1127502146784991 17.344 0.018
0.11325319099796616 17.334 0.021
0.1138145040067684 17.326 0.014
0.11397482814436444 17.353 0.019
0.11399080026831143 17.341 0.017
0.11505614729867375 17.328 0.019
0.11525650802923337 17.278 0.013
0.1162668737315471 17.362 0.017
0.11629166619832176 17.304 0.019
0.11630997939300869 17.38 0.024
0.11800883117450667 17.328 0.018
0.11864824543545183 17.284 0.012
0.11894506633780111 17.288 0.018
0.11997797771073238 17.308 0.014
0.12006849176486867 17.323 0.017
0.12066534893165226 17.323 0.014
0.12294366521064148 17.336 0.026
0.12347895607035753 17.31 0.018
0.12392108611970798 17.305 0.022
0.12428953131484377 17.291 0.021
0.12519505820637278 17.341 0.017
0.12616333022469917 17.323 0.025
0.12635293181483576 17.387 0.025
0.12804021477131755 17.354 0.02
0.12831634595750074 17.368 0.022
0.12874680545746742 17.328 0.021
0.1291235527421577 17.329 0.022
0.12977824144309125 17.285 0.012
0.12978195103914913 17.304 0.013
0.12989201542040973 17.339 0.028
0.1305960358995435 17.352 0.011
0.1310903799139851 17.32 0.025
0.1317308061516087 17.349 0.017
0.1320861991739548 17.286 0.015
0.13371019241913018 17.315 0.018
0.1338354409463136 17.338 0.02
0.13454283733517514 17.304 0.014
0.13529629761148954 17.34 0.017
0.1355148886934785 17.287 0.018
0.13679576403228566 17.33 0.02
0.1379023493382192 17.354 0.019
0.1393740531250387 17.355 0.02
0.1404374487701716 17.323 0.02
0.14181110384151907 17.322 0.017
0.14212743563984986 17.31 0.019
0.14236161314101992 17.326 0.019
0.142422026314307 17.316 0.015
0.14258549838189083 17.315 0.017
0.14264329677916976 17.305 0.018
0.14335294908323704 17.343 0.014
0.1437886775656807 17.32 0.017
0.14450259663954057 17.359 0.021
0.1446625733460678 17.336 0.024
0.14720503314583766 17.364 0.014
0.14741387192680122 17.304 0.021
0.14865184903464979 17.352 0.022
0.14919275746342464 17.302 0.02
0.15105375272923993 17.295 0.014
0.15168705004930416 17.283 0.012
0.15345095141992715 17.344 0.019
0.15381962292781282 17.32 0.017
0.15565288124605559 17.326 0.019
0.15578567869033577 17.332 0.017
0.15602984906036 17.323 0.018
0.15638057933301752 17.307 0.019
0.15642685347484075 17.326 0.021
0.15856286455755253 17.348 0.018
0.1589615340644741 17.324 0.015
0.159233385382322 17.321 0.013
0.16106885337910626 17.325 0.017
0.1613474987734662 17.323 0.014
0.16156935376602632 17.32 0.015
0.16382446496527336 17.357 0.02
0.16429356569028641 17.308 0.011
0.16509065386208022 17.313 0.014
0.16534433596552844 17.301 0.017
0.16753865342479912 17.33 0.015
0.1681071919392707 17.354 0.018
0.16916989105675384 17.316 0.02
0.16979038241970557 17.281 0.022
0.1700095894993865 17.347 0.017
0.17008940670621087 17.3 0.014
0.1708461108555639 17.356 0.013
0.17146748280208612 17.348 0.022
0.17174864869775774 17.364 0.02
0.17316670140610313 17.302 0.019
0.17397593496889385 17.315 0.015
0.17398186849914055 17.341 0.022
0.17416229435366404 17.336 0.013
0.17640536702492682 17.352 0.025
0.1783992791847595 17.328 0.017
0.17865400010850863 17.324 0.017
0.17879466307476832 17.337 0.022
0.17914103577379592 17.289 0.018
0.18080806095531443 17.379 0.024
0.18125321319075738 17.328 0.017
0.1812852311632014 17.343 0.014
0.18157922703528584 17.362 0.022
0.18180469105573138 17.31 0.015
0.18304149563743977 17.314 0.015
0.18304894912307645 17.318 0.019
0.18358745020714196 17.328 0.013
0.18399438519645628 17.317 0.013
0.18443358502099727 17.359 0.022
0.1849061319107932 17.311 0.019
0.18500260467135377 17.276 0.018
0.18693981441037977 17.32 0.022
0.1872880064565834 17.326 0.014
0.18744033881603173 17.324 0.013
0.1883783967969066 17.309 0.012
0.18846134420982708 17.319 0.012
0.18926046262913587 17.337 0.018
0.18976351383025758 17.337 0.015
0.1899631603077978 17.316 0.017
0.18997882558937818 17.301 0.014
0.19031131292285863 17.304 0.017
0.1905625253875769 17.347 0.017
0.19059610788463033 17.336 0.015
0.19068777391566982 17.306 0.014
0.1907735955530825 17.33 0.018
0.19092138743781106 17.365 0.019
0.19173062729487356 17.332 0.015
0.1928665329546675 17.344 0.017
0.193711924359377 17.375 0.015
0.19375126326849568 17.354 0.017
0.19389639067139797 17.332 0.02
0.19427383165998435 17.324 0.017
0.1948561897761465 17.349 0.017
0.1950567910744212 17.362 0.022
0.19515108446921658 17.269 0.015
0.19628854206530377 17.328 0.024
0.19785576777212555 17.305 0.014
0.19802154661635996 17.342 0.018
0.19982324921602412 17.335 0.019
0.20031606698012183 17.346 0.015
0.20031864463817328 17.32 0.017
0.20056347955551246 17.38 0.015
0.2010683804173823 17.327 0.018
0.20260247444912238 17.318 0.011
0.20292167417892415 17.347 0.018
0.20405940548062063 17.322 0.017
0.20419992844745138 17.358 0.013
0.20441517675681098 17.311 0.021
0.2046223453071434 17.304 0.013
0.20465559809963452 17.306 0.019
0.20488349977858888 17.359 0.015
0.20733592036549453 17.327 0.015
0.20734463384633273 17.294 0.018
0.20817204060404038 17.28 0.014
0.2083444489952626 17.325 0.018
0.20957712564995745 17.361 0.025
0.21213549129970488 17.313 0.019
0.21280208482312446 17.34 0.024
0.21327387289193211 17.353 0.023
0.2143776142866045 17.334 0.017
0.21654855866563594 17.33 0.02
0.21715897547346685 17.371 0.018
0.2185651730645759 17.341 0.017
0.21882355387879215 17.322 0.014
0.2195779843868877 17.305 0.021
0.21958201058885152 17.317 0.015
0.2196888430398758 17.357 0.018
0.22243751425685332 17.355 0.015
0.22282210073171882 17.345 0.019
0.22357179309938147 17.339 0.017
0.22745123354252428 17.358 0.02
0.22812547770718083 17.334 0.019
0.2284977468116267 17.338 0.021
0.22950445776132256 17.321 0.013
0.22997495385425282 17.332 0.019
0.2302905319693309 17.374 0.014
0.23102391107613585 17.32 0.023
0.2317907709557403 17.372 0.015
0.2318798096230239 17.318 0.013
0.2338665779634539 17.324 0.025
0.23422331266692709 17.335 0.014
0.2354900261111652 17.312 0.019
0.23601855487595458 17.319 0.017
0.23793177669449506 17.308 0.017
0.2386318967155603 17.319 0.024
0.23928603402555382 17.342 0.014
0.23973107194797194 17.369 0.019
0.24072069822886988 17.349 0.019
0.24252020207040914 17.304 0.012
0.24281016544591694 17.339 0.02
0.24459976439902675 17.32 0.019
0.24500049331027185 17.331 0.015
0.2463391773208059 17.321 0.022
0.24724765730059062 17.286 0.013
0.24737355778688652 17.334 0.02
0.24817059227234495 17.356 0.02
0.2492477818327643 17.355 0.014
0.24964298115446582 17.338 0.019
0.2503233674378862 17.348 0.013
0.2504796282546522 17.348 0.021
0.2504971889220542 17.307 0.014
0.2507774114278618 17.317 0.012
0.25134543567037326 17.304 0.017
0.251657487599914 17.357 0.018
0.2517080873349187 17.322 0.017
0.25203518341140807 17.316 0.023
0.2526401226486996 17.331 0.015
0.2527459608486424 17.315 0.014
0.2532330730632566 17.329 0.017
0.2539519937083696 17.33 0.021
0.25500629646194284 17.318 0.022
0.2550773122084138 17.316 0.014
0.2552571677906599 17.309 0.015
0.25598539903239725 17.317 0.012
0.2560827374763903 17.315 0.018
0.25620269415821895 17.318 0.021
0.25624384329694294 17.327 0.018
0.25635749615639725 17.37 0.022
0.25706256174999 17.315 0.014
0.2583847822261305 17.311 0.014
0.2583995692357348 17.319 0.019
0.2585487993910647 17.323 0.022
0.25976829016690317 17.309 0.018
0.2597942283160819 17.348 0.021
0.2614659836776809 17.334 0.014
0.26164272446749237 17.35 0.018
0.26168354505716707 17.319 0.02
0.26305754755856015 17.296 0.019
0.2633478189334255 17.318 0.023
0.2652763980349846 17.345 0.014
0.26589475575713095 17.307 0.014
0.26686324946103923 17.341 0.02
0.2674283623600786 17.277 0.014
0.26787766191455376 17.337 0.021
0.26953205260815594 17.36 0.015
0.27068043336419123 17.336 0.021
0.2735586775452248 17.334 0.02
0.27383880577781383 17.34 0.018
0.2743927978490319 17.351 0.021
0.2747862812166204 17.328 0.025
0.27512397986629367 17.372 0.022
0.27628097237789007 17.329 0.018
0.27631349087914714 17.315 0.013
0.2763625323841552 17.315 0.014
0.27733766192795883 17.306 0.022
0.277506423527484 17.333 0.017
0.27777928052819334 17.282 0.02
0.278372751509778 17.339 0.015
0.27847190133888944 17.304 0.017
0.27858329481387045 17.357 0.017
0.27874375265673734 17.323 0.013
0.2791349000908667 17.347 0.015
0.28012910396410007 17.302 0.014
0.2815688217588104 17.342 0.015
0.28238671793951653 17.303 0.013
0.28305991699107835 17.362 0.018
0.28325200080689683 17.301 0.015
0.2857285864320147 17.316 0.022
0.2861008172617403 17.355 0.019
0.28662830720577404 17.344 0.018
0.2871592290607623 17.293 0.022
0.2871758325936753 17.305 0.018
0.2887247833800757 17.325 0.014
0.28949693112406294 17.323 0.027
0.28993624577196897 17.354 0.015
0.29073899839477235 17.336 0.017
0.2919320075925498 17.304 0.025
0.29235510788089414 17.315 0.018
0.29431004281696005 17.337 0.017
0.2943391928579331 17.309 0.015
0.2946001130553668 17.299 0.015
0.2956987065845169 17.331 0.017
0.2967921379931795 17.328 0.013
0.29725631369547045 17.325 0.02
0.2977847596166612 17.315 0.018
0.29855815476776115 17.332 0.014
0.2989515364097315 17.331 0.018
0.2990278337269956 17.317 0.023
0.2997567866718782 17.345 0.018
0.3001857644908341 17.343 0.018
0.3002186698522564 17.349 0.015
0.3007688557418078 17.362 0.018
0.3015717294820206 17.3 0.023
0.3019879162447978 17.338 0.019
0.302480968283362 17.317 0.019
0.3030550735052202 17.358 0.015
0.3033142777471767 17.273 0.014
0.3037904793900452 17.301 0.017
0.3049122688812531 17.313 0.015
0.30622574274002545 17.336 0.023
0.3079183775225829 17.333 0.015
0.30942795626242514 17.351 0.021
0.30996370539560303 17.349 0.019
0.3129488643598961 17.37 0.017
0.3130273398855934 17.326 0.024
0.3133521445970473 17.294 0.014
0.31390599666974595 17.362 0.02
0.315677239015713 17.289 0.022
0.3159300097108826 17.318 0.015
0.3161612747126128 17.293 0.019
0.31619429323018267 17.315 0.02
0.3172330107217931 17.354 0.018
0.3174357965217496 17.347 0.024
0.3176991366526636 17.32 0.026
0.32020627745077945 17.334 0.013
0.32029536582331275 17.333 0.017
0.32351000871642555 17.326 0.021
0.32352692538597694 17.307 0.02
0.32380263259346975 17.324 0.015
0.32398291215486097 17.313 0.018
0.32466994853348297 17.334 0.013
0.3250021822004783 17.32 0.02
0.32504193879503873 17.327 0.02
0.32587429857539973 17.334 0.011
0.32651676533623686 17.297 0.019
0.32675761695190886 17.342 0.013
0.32757171208777436 17.295 0.015
0.3282476607764693 17.316 0.015
0.32926701880205655 17.365 0.015
0.3294795517667808 17.331 0.022
0.3296243849156326 17.337 0.017
0.3313364048508447 17.326 0.013
0.3314829630726308 17.293 0.014
0.331726950031225 17.331 0.02
0.3341197099725832 17.314 0.018
0.33506596831739444 17.3 0.014
0.33531084266542166 17.352 0.022
0.33585522243629384 17.365 0.018
0.3362491983707514 17.316 0.015
0.33686846236469137 17.291 0.019
0.33787885375295446 17.301 0.019
0.337907932383132 17.325 0.013
0.33810020706141586 17.305 0.012
0.33818897831724826 17.333 0.019
0.3383323389025463 17.31 0.023
0.3384501659252237 17.336 0.019
0.33872687881648744 17.326 0.015
0.3389397923474462 17.342 0.018
0.340352310329763 17.366 0.024
0.34332579360852833 17.29 0.019
0.3458600565126062 17.345 0.022
0.3459092482912638 17.331 0.014
0.3462102559444702 17.324 0.012
0.3463121810982557 17.335 0.015
0.34747904189225665 17.363 0.02
0.34883062613425864 17.318 0.021
0.34887609572888323 17.333 0.018
0.3498094995675274 17.287 0.013
0.35070932720373094 17.353 0.021
0.3511371021841114 17.325 0.025
0.35186205924037495 17.328 0.017
0.35345400766891544 17.324 0.017
0.3535537494772143 17.288 0.017
0.35404142567040253 17.306 0.013
0.35561773283689035 17.303 0.018
0.3558287892574299 17.329 0.014
0.35600508038123735 17.342 0.013
0.3561268015682799 17.335 0.017
0.3564225631002955 17.344 0.015
0.35658105183210864 17.336 0.015
0.3567335510342673 17.322 0.012
0.3568490472607664 17.297 0.017
0.3573403896380114 17.334 0.018
0.35734176445657795 17.324 0.017
0.35820900384760535 17.314 0.02
0.3582101826677899 17.345 0.017
0.3587681311973938 17.351 0.017
0.3587701208580256 17.346 0.018
0.3590462086322077 17.276 0.017
0.3590829379031675 17.349 0.02
0.3592276590520669 17.316 0.013
0.3597677503471459 17.322 0.018
0.359835093615402 17.318 0.019
0.3611892377903132 17.336 0.014
0.3613203432987575 17.381 0.017
0.3631057641072175 17.271 0.013
0.3634388903010404 17.33 0.019
0.3640937750011517 17.332 0.023
0.3651976438068232 17.309 0.012
0.36526540823001596 17.328 0.02
0.36617191280447514 17.304 0.019
0.36645541579036944 17.33 0.013
0.36740304266095336 17.322 0.018
0.36811272527756955 17.309 0.014
0.36825766811307403 17.316 0.014
0.36993994718432077 17.356 0.022
0.36999801928686793 17.332 0.015
0.3705345969856353 17.304 0.014
0.3724071547812855 17.329 0.023
0.37359966229450947 17.34 0.015
0.3746142084537496 17.333 0.015
0.37466512877517744 17.336 0.019
0.37508830047556785 17.355 0.013
0.37510750105957413 17.313 0.018
0.37531623927316105 17.314 0.015
0.3754924858276354 17.302 0.014
0.3766837522266542 17.338 0.019
0.3766970192809822 17.348 0.018
0.3782606296656468 17.355 0.019
0.37833968175777954 17.338 0.012
0.378589221679249 17.295 0.015
0.37896189536922975 17.369 0.015
0.3790430811013721 17.345 0.022
0.37904688099115447 17.314 0.015
0.3799031218300115 17.327 0.015
0.38106937921338613 17.327 0.015
0.38146299628624547 17.292 0.012
0.38232310444618633 17.289 0.013
0.38481710444466444 17.337 0.017
0.3861297697762893 17.327 0.024
0.3861522251522729 17.347 0.018
0.3861820460351737 17.36 0.018
0.38788027038708606 17.317 0.019
0.38839457611993566 17.314 0.014
0.3890646729651053 17.36 0.022
0.38906515410144493 17.322 0.017
0.39059674021928004 17.315 0.013
0.39068401836266275 17.286 0.022
0.3908475543912573 17.324 0.017
0.39098151639973366 17.29 0.021
0.39280316646272695 17.335 0.015
0.3928993221052224 17.325 0.013
0.3930571588780367 17.311 0.017
0.39311096138669654 17.343 0.019
0.39334041500205785 17.346 0.017
0.39403831224558417 17.36 0.026
0.39441433551382943 17.391 0.019
0.3972804783618358 17.354 0.019
0.398712437496215 17.344 0.018
0.39885814146555276 17.343 0.018
0.39951459698386316 17.273 0.012
0.40007204780931716 17.304 0.014
0.40037848730753467 17.338 0.018
0.4015858058496633 17.333 0.019
0.40194069885455974 17.305 0.013
0.40200615932462824 17.278 0.014
0.40359028911279893 17.344 0.017
0.40384769455613423 17.309 0.015
0.4044836832008514 17.31 0.015
0.40450466948459507 17.316 0.018
0.40501060916631104 17.291 0.017
0.4059169468991968 17.388 0.03
0.40618856394303293 17.34 0.021
0.4064606558285959 17.321 0.02
0.4065558034753849 17.343 0.026
0.40728860601575434 17.303 0.019
0.40744202921473516 17.316 0.017
0.40752849022373994 17.297 0.015
0.40756242644442864 17.302 0.013
0.40948743993044445 17.312 0.015
0.4095319078232933 17.324 0.018
0.41057856109182467 17.276 0.017
0.4107519562840025 17.315 0.014
0.4114245033762245 17.358 0.017
0.4118754822793562 17.294 0.014
0.41254821907705264 17.328 0.014
0.41274580615026935 17.265 0.021
0.4127978927035656 17.316 0.015
0.4129058771313794 17.322 0.013
0.41330748431448683 17.348 0.013
0.4140361726726951 17.272 0.012
0.41425683625857346 17.338 0.017
0.4142901833247379 17.331 0.015
0.4156236069595707 17.314 0.018
0.4157786574869533 17.345 0.018
0.4162203075575235 17.321 0.017
0.41648259512294317 17.333 0.012
0.41651146002823225 17.299 0.013
0.41673917200114374 17.319 0.009
0.4169288421790043 17.343 0.014
0.41746265880829014 17.356 0.014
0.4177294880048521 17.328 0.022
0.41780691212170495 17.316 0.015
0.419728460560691 17.304 0.02
0.42038168016824784 17.34 0.015
0.4218671321441434 17.314 0.022
0.4222478998481165 17.336 0.015
0.4224720587935735 17.355 0.018
0.42441220042564964 17.343 0.018
0.42632608679105033 17.335 0.013
0.4265586614933454 17.326 0.013
0.42659801299078026 17.253 0.015
0.42892436791589716 17.333 0.019
0.4311510141706094 17.38 0.018
0.43124655497217645 17.288 0.014
0.4313387518441232 17.248 0.011
0.43180741882588336 17.35 0.015
0.4320824803684218 17.288 0.014
0.4326226848195347 17.38 0.019
0.4332633910565846 17.293 0.018
0.4335446409513679 17.332 0.018
0.4337094689562946 17.269 0.017
0.43426779175933916 17.339 0.015
0.43475860958960766 17.3 0.015
0.4348970360342719 17.332 0.018
0.4355312384689114 17.295 0.015
0.4378256519712522 17.236 0.012
0.43805736612648616 17.236 0.012
0.4384314071858171 17.347 0.018
0.43877170917949115 17.322 0.014
0.43967338018228475 17.333 0.018
0.4397427805406551 17.261 0.021
0.440141222067723 17.295 0.014
0.4414912240608828 17.286 0.014
0.442226553396722 17.309 0.02
0.44250159605689987 17.329 0.014
0.4429613250484863 17.346 0.022
0.4431262347397933 17.302 0.018
0.4435510281209645 17.29 0.023
0.4440785243589289 17.321 0.019
0.4445120620448506 17.35 0.017
0.44484998238021944 17.244 0.013
0.4449028477934007 17.35 0.017
0.4449475499595792 17.289 0.013
0.4454952599162425 17.326 0.013
0.44644992374333015 17.344 0.02
0.44751057206372025 17.319 0.02
0.4482107532219288 17.334 0.014
0.4484934019551474 17.224 0.015
0.44883141142781824 17.319 0.015
0.44918005776617065 17.265 0.019
0.44941243017547094 17.327 0.015
0.45031695138459327 17.323 0.014
0.4512031199674311 17.245 0.014
0.4515473669871426 17.253 0.019
0.45227227947543724 17.345 0.022
0.4523350794443104 17.331 0.017
0.4524320475948116 17.347 0.018
0.45373249612384825 17.308 0.017
0.45377597605875053 17.299 0.014
0.4538709225689672 17.361 0.02
0.4555502062976302 17.296 0.013
0.45741068215329506 17.278 0.013
0.45755072398469565 17.295 0.014
0.45828343225093704 17.33 0.014
0.4595928222402108 17.353 0.022
0.4614151305559062 17.285 0.022
0.4623550010787767 17.237 0.015
0.46305350571310555 17.24 0.02
0.46351367923307407 17.258 0.021
0.4636464001278 17.207 0.018
0.46443014353917533 17.226 0.014
0.4647969653867676 17.209 0.012
0.4654993527537954 17.351 0.021
0.46587487549368234 17.2 0.019
0.4659990726131582 17.33 0.034
0.4663741536487578 17.35 0.022
0.46655449036734353 17.248 0.014
0.4677167341369568 17.206 0.011
0.4677546473649272 17.351 0.021
0.46802374390699697 17.344 0.025
0.46840296596838016 17.309 0.021
0.469754449642096 17.32 0.017
0.47091719342927263 17.296 0.019
0.4721154321787253 17.306 0.014
0.4731472653002129 17.27 0.015
0.4733056266204585 17.343 0.015
0.4746593531099279 17.304 0.023
0.47482108404619794 17.317 0.017
0.47792975156471584 17.301 0.022
0.48036776339540666 17.256 0.015
0.4806668208202609 17.272 0.013
0.481460182826595 17.177 0.02
0.48170573944753414 17.361 0.014
0.4819666099388087 17.302 0.013
0.48215759893537324 17.322 0.014
0.4821928847995878 17.301 0.011
0.4825405191613754 17.293 0.017
0.4826127811575134 17.235 0.015
0.4830282004922992 17.157 0.015
0.48458598073921166 17.335 0.015
0.48505670198801454 17.186 0.015
0.48513122619351634 17.264 0.014
0.48807479315837554 17.245 0.014
0.48872396601473156 17.27 0.015
0.4893925429041701 17.3 0.021
0.4905890577374521 17.28 0.013
0.4907261282451145 17.216 0.019
0.490883504431622 17.197 0.011
0.49130069687726063 17.254 0.014
0.4913300697608065 17.189 0.021
0.49172790787815757 17.273 0.014
0.4918768414645456 17.102 0.017
0.49219269212790095 17.141 0.018
0.49286139476180324 17.285 0.018
0.4929045209728429 17.156 0.015
0.49321939626577205 17.22 0.017
0.4933000054315926 17.18 0.011
0.49525690318387205 17.156 0.013
0.4958893325074314 17.149 0.013
0.49669073715449485 17.343 0.02
0.49739280111043627 17.124 0.013
0.49774908665949624 17.323 0.015
0.4982078470857232 17.09 0.023
0.49881600964545214 17.234 0.012
0.49918358517788874 17.142 0.012
0.49933889515432384 17.32 0.018
0.4994694378406166 17.233 0.021
0.5011571196009754 17.303 0.018
0.5019388425283751 17.318 0.018
0.5027052086843469 17.224 0.019
0.5030862358371451 17.237 0.012
0.5039944169366208 17.204 0.014
0.5045959037142893 17.322 0.022
0.5050590725772963 17.283 0.014
0.5056748155236619 17.154 0.015
0.5057522893466739 17.113 0.014
0.5067731621902567 17.17 0.015
0.5073791962477117 17.159 0.015
0.508549836381917 17.247 0.018
0.5089323263346159 17.168 0.013
0.5090003518744197 17.103 0.014
0.509010534448862 17.125 0.014
0.5105320779921385 17.224 0.013
0.5109413043464883 17.11 0.011
0.5116518412160076 17.08 0.013
0.5119252810773105 17.187 0.014
0.5119480278847277 17.25 0.013
0.5130323475195837 17.237 0.019
0.5135156981195905 17.088 0.014
0.5137625861470951 17.124 0.014
0.5145302442788307 17.082 0.013
0.5157134743321876 17.224 0.02
0.5172963361628717 17.341 0.02
0.5173008628935349 17.359 0.023
0.5178210839201256 17.073 0.012
0.5183568381899022 17.176 0.015
0.5185551532613317 17.181 0.012
0.5191037757817867 17.17 0.017
0.5199455010024394 17.151 0.018
0.520128839357767 17.282 0.013
0.5206103020223054 17.129 0.013
0.5206660941909149 17.206 0.013
0.520850116485235 17.182 0.014
0.5210307892025412 17.293 0.015
0.5216549033375486 17.192 0.013
0.5221160899905044 17.167 0.017
0.5226252529955673 17.15 0.017
0.5228053108712629 17.19 0.012
0.523301364546569 17.238 0.013
0.525102061463258 17.142 0.014
0.5252203798963819 17.242 0.011
0.5254665525139899 17.104 0.015
0.5259566537779392 17.198 0.014
0.5264905709755112 17.275 0.014
0.5276092251237969 17.181 0.01
0.5278066745108845 17.048 0.012
0.530465913905573 17.319 0.018
0.5308248599558283 17.275 0.02
0.5309603916257402 17.063 0.018
0.5317021482146629 17.244 0.013
0.5317259161174661 17.274 0.018
0.5317836139456631 17.296 0.024
0.5334358378618163 17.101 0.013
0.5338905401049487 17.231 0.013
0.5343302707706243 17.197 0.022
0.5348645748294985 17.029 0.013
0.5348980618955466 17.046 0.014
0.5356953129294197 17.291 0.02
0.5358178003880312 17.292 0.017
0.5362719946524521 17.026 0.02
0.5367576251856008 17.185 0.012
0.537440001127834 17.05 0.013
0.5379155508121585 17.251 0.025
0.5388744562337706 17.158 0.013
0.539074683258832 17.077 0.015
0.5395843159681135 17.248 0.018
0.5413638786399133 17.29 0.014
0.5416833954868707 17.053 0.013
0.5424191933707334 17.271 0.014
0.5428621993783054 17.281 0.021
0.5432517937192642 17.158 0.014
0.5440151400016475 17.071 0.011
0.5464247377503852 17.068 0.014
0.5472179928956393 17.25 0.019
0.5484009058313859 17.297 0.018
0.5494266225223328 17.315 0.023
0.5494595581976682 17.317 0.019
0.5511052022729928 17.145 0.012
0.5516074197721537 17.067 0.015
0.5533250035896344 17.11 0.018
0.5547229574040102 17.216 0.014
0.5549807868264907 17.246 0.018
0.555147717647742 17.145 0.018
0.5559048520694887 17.161 0.017
0.5559661703573511 17.206 0.012
0.5568569496699638 17.272 0.019
0.5575995045119271 17.099 0.018
0.5577115356909417 17.264 0.014
0.5577556190355608 17.202 0.013
0.558278504543523 17.289 0.011
0.5592565797251154 17.064 0.021
0.5596959629610865 17.187 0.017
0.5610268523496416 17.003 0.013
0.5615902555873618 17.202 0.017
0.5616141863511075 17.118 0.014
0.5620561409505171 17.258 0.018
0.5627960415849884 17.284 0.022
0.5633247292312262 17.031 0.017
0.5637687283333435 17.051 0.017
0.5637702100152637 17.03 0.011
0.5648176678300842 17.087 0.022
0.5657587720170341 17.109 0.018
0.5659716255680678 17.238 0.018
0.5660754066766458 17.185 0.015
0.5665470421581631 17.249 0.018
0.5678885838260612 17.229 0.015
0.5684860112642127 17.213 0.014
0.5697962835056387 17.18 0.015
0.5715849773441732 17.204 0.017
0.572098825960893 17.014 0.012
0.5725947790679129 17.21 0.014
0.5738563201167608 17.208 0.014
0.5747297158795845 17.05 0.014
0.5748531084527713 17.123 0.018
0.5763216208970334 17.092 0.012
0.5769594706334829 17.33 0.026
0.5772572155324269 17.196 0.014
0.5778082505362363 17.246 0.019
0.5788434852547653 17.256 0.013
0.5790038030982032 17.114 0.019
0.5803282538017811 17.041 0.011
0.5810770524858526 17.232 0.018
0.5811990588090339 17.044 0.013
0.5819861335626229 17.173 0.015
0.5822263080435732 17.243 0.015
0.5828990385475663 17.017 0.017
0.5834017805937037 17.23 0.014
0.5844769485124743 17.113 0.014
0.5845211324258344 17.215 0.015
0.5849923999285238 17.191 0.012
0.5862200544615916 17.042 0.014
0.5870277475198691 17.041 0.013
0.588682814191543 17.152 0.015
0.5889463325956967 17.157 0.02
0.5891323302948877 17.229 0.015
0.5895313866635661 17.052 0.012
0.5912908744603556 17.184 0.019
0.5928125556911255 17.173 0.017
0.5930169694656797 17.261 0.018
0.5944384620461278 17.07 0.018
0.5946875854388054 17.061 0.014
0.5947790171956058 17.041 0.013
0.595432654488377 17.021 0.011
0.5962604481073868 17.145 0.012
0.5966781919432833 17.064 0.012
0.5974799057462405 17.05 0.014
0.5986165982278635 17.196 0.015
0.6002085849313517 17.173 0.015
0.6008875352576979 17.212 0.013
0.6010322946813176 17.108 0.019
0.6027140926171342 17.05 0.014
0.6027368331306207 17.24 0.017
0.6035823834163239 17.231 0.013
0.6037513284272791 17.21 0.019
0.6040154668098694 17.178 0.014
0.6049520671294886 17.121 0.018
0.6051575386064769 17.22 0.013
0.6053877013364399 17.226 0.021
0.6067263876611833 17.014 0.015
0.6067376153496298 17.214 0.015
0.6075196096689979 17.148 0.013
0.6079747484791369 17.194 0.015
0.6080107686348128 17.152 0.014
0.6081376199617807 17.015 0.012
0.6088572445842146 17.078 0.017
0.6100732971572143 17.208 0.014
0.6109958475808526 17.074 0.018
0.6112887857502756 17.175 0.015
0.6120327091175568 17.083 0.013
0.6130100294581098 16.99 0.014
0.6138236331835287 17.09 0.014
0.6138728249616179 17.155 0.012
0.6141207009468417 17.193 0.015
0.6149054500419879 17.192 0.014
0.6155563897154934 17.091 0.014
0.61589931277922 17.188 0.017
0.616535592854234 17.015 0.012
0.6170492900400859 17.221 0.018
0.6191213811571288 17.145 0.015
0.6199068136811547 17.041 0.017
0.6200086685798851 17.193 0.015
0.6207250384104555 17.063 0.013
0.6209878780124427 17.021 0.017
0.6220739644650166 17.141 0.011
0.6231494877765726 17.054 0.01
0.6239819544189231 17.222 0.02
0.6251719797046462 17.214 0.017
0.6267975551991185 17.159 0.015
0.6269820340990009 17.198 0.014
0.6275769347430469 17.169 0.014
0.6276234111774102 17.218 0.015
0.6281138867143454 17.001 0.014
0.6286788596135011 17.135 0.013
0.6299933540560687 17.226 0.015
0.6310931058553706 17.145 0.017
0.6334540375291908 17.041 0.01
0.6336018751389929 17.088 0.012
0.6341565763268591 17.05 0.019
0.6356120548334729 17.228 0.015
0.635697863884161 17.039 0.011
0.6361369808646486 17.162 0.021
0.6363754828025776 17.059 0.013
0.6363999341338058 17.152 0.013
0.6370862294158997 17.251 0.018
0.6371111047258182 17.009 0.012
0.6386285432045042 17.11 0.014
0.6408166676847031 17.224 0.013
0.6409787472080097 17.223 0.017
0.6414424800495908 17.17 0.014
0.6423060658438544 17.027 0.01
0.6423313268585389 17.208 0.019
0.6424995170291368 17.158 0.013
0.645152532620159 17.225 0.017
0.6453155235520853 17.145 0.022
0.6462658926102449 17.156 0.018
0.6466812685321202 17.168 0.022
0.6469401047950214 17.028 0.011
0.6473687477713383 17.192 0.013
0.6474889758455902 17.22 0.014
0.6475676473701242 17.082 0.017
0.6478428974605777 17.144 0.014
0.6481653216706036 17.181 0.013
0.6486185611142901 17.203 0.015
0.6498714755061883 17.132 0.013
0.6500624582095043 17.221 0.02
0.6506827661605712 17.161 0.012
0.6510845264419913 17.175 0.012
0.6515692187231252 17.119 0.015
0.6518674778949389 17.173 0.017
0.6526946132609055 17.118 0.013
0.6529246485802105 17.123 0.015
0.6530522216098689 17.07 0.017
0.6530868492209265 17.141 0.014
0.6532544114513712 17.135 0.012
0.6532998301840962 17.129 0.017
0.6536433555011172 17.226 0.015
0.6543042371804404 17.098 0.013
0.655869209796947 17.063 0.012
0.6562127717206749 17.109 0.02
0.6565307126120388 17.134 0.015
0.6567490962629563 17.197 0.019
0.6585861099028989 17.035 0.018
0.6589322483275737 17.049 0.017
0.659413858953485 17.072 0.013
0.6605299240127351 17.017 0.013
0.6614390228137381 17.202 0.018
0.6614956881167018 17.041 0.011
0.6619552976576415 17.019 0.011
0.6620108161213238 17.089 0.013
0.6626212077526361 17.096 0.014
0.6628453032481048 17.173 0.015
0.6630994664874379 17.087 0.011
0.6642687712330826 17.202 0.018
0.6647596644561418 17.106 0.015
0.6647995736375378 17.117 0.012
0.664849899667388 17.164 0.012
0.6669772418381399 17.056 0.014
0.6680471739116456 17.039 0.011
0.6683341139446384 17.185 0.018
0.6688476482686383 17.093 0.01
0.6691050537119736 17.193 0.013
0.6691509027177744 17.182 0.011
0.6698107838519718 17.009 0.013
0.6715241312135731 17.199 0.015
0.6717891044555699 17.244 0.022
0.672140425550424 17.241 0.018
0.6723567252684006 17.084 0.014
0.6737134345130471 17.056 0.012
0.6739670337733514 17.083 0.015
0.6751518729188319 17.102 0.011
0.6751793630055545 17.19 0.018
0.6770082243178877 17.125 0.017
0.6770133556144629 17.184 0.014
0.6771241074052341 17.054 0.015
0.6777244438744674 17.213 0.017
0.6783239284040974 17.066 0.012
0.6786901062532706 17.079 0.015
0.6800766986739291 17.061 0.012
0.6804269478125207 17.167 0.013
0.6819357374170067 17.191 0.017
0.6842229494322964 17.041 0.018
0.6863120869443264 17.192 0.014
0.6864034918579591 17.12 0.017
0.6866595813071399 17.213 0.018
0.6882596626692248 17.203 0.017
0.6883914721556721 17.057 0.013
0.6884119710093728 17.176 0.014
0.6886130471493743 17.196 0.014
0.6905291803113869 17.209 0.018
0.6909846728460707 17.012 0.012
0.6914063388458089 17.037 0.015
0.6925100991220461 17.137 0.014
0.6946487455297756 17.053 0.012
0.6952420828060895 17.183 0.018
0.695750302421402 17.145 0.018
0.6962247178544203 17.109 0.018
0.6965950801413783 17.102 0.015
0.6967987722136968 17.122 0.021
0.6980235256787637 17.071 0.013
0.6986900757910917 17.075 0.013
0.6988898536610577 17.182 0.018
0.6994289644487708 17.21 0.022
0.69944960214616 17.143 0.014
0.7001867748485893 17.176 0.015
0.7008407544335569 17.025 0.011
0.7013058861134596 17.144 0.012
0.7017078041189961 17.057 0.018
0.7021224520440228 17.103 0.018
0.7023498583316723 17.057 0.014
0.7030738531171892 17.134 0.014
0.703610171366563 17.213 0.022
0.7040122356652319 17.112 0.015
0.7045286813327039 17.203 0.012
0.7049600905156694 17.088 0.012
0.705511214656326 17.111 0.018
0.7056271920182553 17.076 0.012
0.7061013605898552 17.189 0.012
0.7078243533896966 17.067 0.015
0.7079412421603593 17.135 0.017
0.708646871732526 17.053 0.014
0.7086851323897463 17.065 0.011
0.7090179300359978 17.18 0.023
0.7092334394619684 17.201 0.014
0.7092365365297155 17.167 0.011
0.709570333564443 17.052 0.011
0.7102790207736689 17.06 0.012
0.7103001344685254 17.081 0.012
0.7110314553283388 17.122 0.015
0.7111755056362199 17.164 0.013
0.712389031413295 17.146 0.018
0.7137848949987529 17.127 0.013
0.7156254856854503 17.152 0.015
0.7167848855424381 17.123 0.012
0.7168542350391363 17.124 0.017
0.7175766538694006 17.145 0.012
0.7179870179445516 17.084 0.015
0.7181892603166489 17.095 0.014
0.7184543164021306 17.156 0.015
0.7184818636442287 17.088 0.013
0.7190448863138954 17.182 0.011
0.7216372024395241 17.068 0.017
0.7225907257216022 17.073 0.017
0.7227612592760124 17.139 0.019
0.7232581237922204 17.12 0.015
0.724237902340974 17.191 0.017
0.7250044068282477 17.057 0.013
0.7267985364915148 17.183 0.015
0.726947102099075 17.172 0.02
0.7269724459565623 17.083 0.017
0.727269620583229 17.149 0.017
0.7276208651287561 17.186 0.012
0.727770855261042 17.081 0.02
0.7290313820194569 17.087 0.013
0.7291728163954758 17.087 0.018
0.7296366686869078 17.149 0.012
0.7301319383659575 17.141 0.015
0.7302096219327723 17.188 0.017
0.7308991913996579 17.183 0.015
0.7311760711327224 17.197 0.013
0.7319216773175867 17.203 0.014
0.7322722636104118 17.123 0.017
0.7326458858274236 17.162 0.013
0.7330296117565922 17.178 0.017
0.7338033748870885 17.174 0.017
0.7349890174227767 17.082 0.019
0.7350680249464858 17.073 0.014
0.7355990473688507 17.087 0.013
0.7361767742058873 17.08 0.014
0.7376402724903528 17.183 0.017
0.7376655015245888 17.144 0.019
0.738307867716685 17.101 0.015
0.7385925100907116 17.236 0.015
0.7401030830824311 17.127 0.014
0.7406005321263365 17.204 0.019
0.7408398878055777 17.119 0.022
0.7409007146834483 17.19 0.02
0.741069385989249 17.208 0.012
0.7447849938362197 17.065 0.013
0.7465727825592694 17.143 0.014
0.7465938631166864 17.166 0.014
0.7479605538001124 17.108 0.018
0.7491367531902142 17.205 0.012
0.749298356714462 17.197 0.014
0.7497615775964732 17.117 0.014
0.7502109205634042 17.168 0.013
0.7505472775310409 17.076 0.012
0.7508515262325091 17.188 0.012
0.7519696432453884 17.224 0.014
0.7523889898802736 17.096 0.013
0.7534384207874609 17.179 0.015
0.7536622260086006 17.117 0.022
0.7537255528386595 17.1 0.014
0.7539618142745894 17.152 0.017
0.7540827560902699 17.107 0.014
0.7540843525957825 17.086 0.014
0.7543477664505644 17.206 0.019
0.7570869207966098 17.161 0.014
0.7593544259161717 17.143 0.017
0.7594811166936779 17.207 0.02
0.7603824528541736 17.214 0.018
0.7609344821094055 17.234 0.023
0.7626539664502161 17.103 0.014
0.7629604059484336 17.191 0.026
0.7631523943337015 17.214 0.013
0.7637352016054137 17.101 0.012
0.7638297115481691 17.214 0.014
0.7639675803084174 17.107 0.01
0.7650520576680719 17.163 0.014
0.765155895933276 17.089 0.014
0.7651794027183314 17.18 0.014
0.7654921689008916 17.221 0.015
0.765716879237516 17.216 0.017
0.7662476610921658 17.187 0.02
0.7676961049553483 17.105 0.012
0.7677928451262233 17.126 0.013
0.7680352932475216 17.196 0.018
0.7681121151117623 17.134 0.017
0.7689433469345204 17.112 0.011
0.769309137923301 17.19 0.022
0.7707227073133254 17.195 0.015
0.7709653817466915 17.112 0.017
0.7719897567567386 17.212 0.012
0.7720285442746899 17.102 0.014
0.7720689157104061 17.196 0.017
0.7726843786579138 17.194 0.014
0.7744799900028738 17.11 0.018
0.7745216328648894 17.209 0.017
0.7752288652354764 17.17 0.015
0.7758590146249844 17.102 0.013
0.7759021534238855 17.235 0.018
0.77606047133213 17.136 0.019
0.7763946477780337 17.195 0.013
0.778759766202711 17.18 0.013
0.7788455992713352 17.086 0.014
0.7804263137177259 17.132 0.013
0.7806043653645247 17.197 0.014
0.7806441791153702 17.166 0.017
0.7807369462602765 17.15 0.015
0.7817370162329098 17.147 0.014
0.7827360714036331 17.118 0.013
0.7831198470385061 17.154 0.017
0.783878006024679 17.191 0.014
0.7840483995796603 17.158 0.017
0.7841466328627575 17.148 0.015
0.7845614767866209 17.106 0.013
0.7847595575831292 17.211 0.023
0.785520141640518 17.17 0.015
0.7874045368284897 17.126 0.024
0.7879102422375581 17.214 0.015
0.7881953909223967 17.183 0.019
0.7893961564668643 17.138 0.013
0.7902407890505856 17.173 0.018
0.7910567972962781 17.109 0.014
0.7916849838693452 17.17 0.014
0.7924694986904797 17.194 0.011
0.793029830034925 17.197 0.018
0.7930505505755718 17.165 0.014
0.7939544072369245 17.19 0.011
0.794353716760952 17.137 0.014
0.79469526500543 17.184 0.012
0.7947471046977626 17.164 0.013
0.7960485463208897 17.169 0.017
0.7966955295369189 17.213 0.015
0.7967792420649857 17.124 0.013
0.7979415926965885 17.204 0.015
0.7987996500582994 17.117 0.015
0.7994486395034528 17.127 0.012
0.8004513305459113 17.12 0.017
0.8012153962181401 17.156 0.015
0.8034438550153027 17.236 0.013
0.8045823308825675 17.159 0.012
0.8050218209800732 17.204 0.013
0.8071370126222064 17.109 0.018
0.8075016819475422 17.111 0.015
0.8080215595246045 17.121 0.015
0.809091914421515 17.196 0.017
0.8091429889982464 17.164 0.012
0.8104484019802385 17.146 0.012
0.8115531759003716 17.138 0.015
0.812755295714851 17.118 0.015
0.8129098405770492 17.135 0.014
0.8129438584846866 17.167 0.014
0.813531294211316 17.146 0.019
0.8138178879707993 17.19 0.017
0.8138792645713693 17.143 0.017
0.8145163926046735 17.204 0.017
0.8148956083714438 17.194 0.019
0.8150540891424498 17.175 0.013
0.8151602136350675 17.179 0.013
0.815256420651167 17.152 0.014
0.8158490933801659 17.151 0.014
0.8168237366512585 17.189 0.01
0.8177330125699882 17.191 0.015
0.817750807511402 17.252 0.021
0.818079070976637 17.156 0.014
0.8196234047391044 17.225 0.021
0.820317102644367 17.188 0.012
0.8205764594733864 17.191 0.014
0.8226171577343848 17.211 0.015
0.8231271058930361 17.178 0.018
0.8233336978773877 17.158 0.019
0.823698969456018 17.141 0.012
0.8244666847440385 17.167 0.014
0.8263782071762762 17.181 0.021
0.8269593047862145 17.191 0.014
0.827666644018791 17.157 0.012
0.8278319531591478 17.224 0.017
0.8297549769849866 17.2 0.021
0.8299152451222653 17.221 0.017
0.8300717899192023 17.22 0.013
0.830414282709171 17.211 0.013
0.8313684499892133 17.241 0.013
0.8328822411664305 17.185 0.015
0.833145044161256 17.204 0.015
0.8336429537913546 17.196 0.015
0.8339080355635815 17.182 0.011
0.8341243352806487 17.178 0.018
0.8344920445169919 17.15 0.015
0.8350620698502098 17.198 0.012
0.8351331187341202 17.123 0.012
0.8366828843409166 17.178 0.012
0.8369007560322643 17.175 0.018
0.8372686726997927 17.149 0.012
0.8374254020643548 17.184 0.013
0.8389313785810373 17.19 0.012
0.8400745543158337 17.199 0.014
0.8403358487867081 17.221 0.014
0.8404811962077474 17.165 0.013
0.8411715576339702 17.208 0.019
0.8414168942354081 17.168 0.013
0.8415079517189952 17.175 0.017
0.8417876051098574 17.196 0.02
0.8422411285328053 17.174 0.013
0.8425496645540989 17.24 0.023
0.8426850956557246 17.197 0.015
0.8427715995652534 17.163 0.017
0.8437047959737356 17.226 0.014
0.8438266000030126 17.248 0.012
0.8442313619207198 17.212 0.015
0.8450701998172008 17.176 0.014
0.8454719663932337 17.248 0.017
0.8457051622301606 17.173 0.018
0.8465135581093364 17.183 0.013
0.8480504006220144 17.166 0.012
0.8485950272549871 17.197 0.013
0.849738391538267 17.237 0.013
0.8500922902903767 17.177 0.014
0.8503722402483618 17.201 0.019
0.8504764196495671 17.2 0.014
0.8520504023138074 17.22 0.024
0.8534913115159952 17.241 0.02
0.8540499577302398 17.208 0.014
0.8541813992369498 17.194 0.01
0.8541892218581779 17.206 0.017
0.854996142350501 17.248 0.015
0.855175757365032 17.185 0.012
0.8563517161883283 17.159 0.015
0.8565768070911872 17.173 0.015
0.8573597459571829 17.239 0.026
0.858094511314448 17.241 0.019
0.8586422098387629 17.178 0.013
0.8586637663945567 17.242 0.014
0.8614010253550077 17.196 0.017
0.8615565696063641 17.233 0.01
0.8617816896662589 17.221 0.019
0.8618877135905905 17.234 0.019
0.8621484377883917 17.2 0.018
0.862291462374742 17.233 0.017
0.86302826080464 17.206 0.013
0.8639972482324083 17.197 0.015
0.8640973694500644 17.238 0.018
0.864344071753294 17.196 0.013
0.8646670839607395 17.183 0.022
0.865500616267127 17.241 0.026
0.8658575663630472 17.208 0.015
0.8665205382712884 17.257 0.025
0.8666310494945719 17.195 0.012
0.8687739015349507 17.211 0.022
0.8695726788185993 17.225 0.018
0.8714184442133046 17.269 0.013
0.8722476560633368 17.206 0.012
0.87225384274916 17.212 0.014
0.8723514943285409 17.222 0.017
0.8725535315825255 17.23 0.014
0.8736789198264887 17.222 0.013
0.8743489263788433 17.233 0.014
0.8743612054749974 17.223 0.014
0.8746878164355394 17.252 0.014
0.8753328408156449 17.265 0.019
0.8754028114472021 17.219 0.014
0.8757341565681145 17.162 0.019
0.8760356950626829 17.199 0.011
0.8771262585394197 17.236 0.015
0.877373368253302 17.238 0.017
0.8773757818926242 17.186 0.014
0.8774548071405661 17.174 0.012
0.8786083563113607 17.227 0.017
0.8789124027198341 17.214 0.018
0.8805426015314879 17.241 0.015
0.8816885766100313 17.226 0.022
0.8817161735578338 17.205 0.013
0.8821712055059834 17.199 0.017
0.8827174080943223 17.228 0.013
0.8827303454436333 17.219 0.015
0.8830191808629024 17.249 0.024
0.8832310555744698 17.225 0.02
0.8836025189748398 17.228 0.014
0.8862457822660872 17.253 0.017
0.8868626377573037 17.195 0.021
0.8880989423214487 17.223 0.015
0.8882248119844007 17.209 0.02
0.8889862834312225 17.234 0.014
0.8890532587188318 17.229 0.018
0.8890660063634641 17.231 0.015
0.8904452715532898 17.212 0.02
0.8906168502226137 17.228 0.021
0.8910745221223806 17.202 0.012
0.8914281026013668 17.196 0.012
0.8917602665242157 17.219 0.018
0.8968876820808873 17.26 0.017
0.8974090922019968 17.247 0.017
0.8975023290508943 17.224 0.018
0.897705114852215 17.2 0.019
0.8979313131635536 17.216 0.012
0.8991921136275778 17.241 0.011
0.8993399243940985 17.246 0.021
0.8994671357382913 17.229 0.013
0.900320406920855 17.199 0.013
0.9027298452770083 17.231 0.015
0.9029886460889429 17.185 0.013
0.9031270725336071 17.184 0.022
0.9032188465835134 17.21 0.015
0.9043691460992704 17.221 0.017
0.9045976626184711 17.193 0.014
0.9049558538281417 17.211 0.02
0.9053577781278364 17.245 0.013
0.9062278740186684 17.209 0.018
0.906568168562444 17.198 0.014
0.9072352826528913 17.225 0.021
0.9076275249062746 17.217 0.018
0.9082978749079302 17.256 0.014
0.9085401830297997 17.244 0.017
0.9090061192555368 17.268 0.019
0.9103135321727223 17.234 0.013
0.9105460319933627 17.314 0.027
0.9116254632131131 17.244 0.015
0.9129998211055863 17.258 0.014
0.9159091461642674 17.256 0.014
0.9159211389678603 17.199 0.017
0.9164610925763554 17.193 0.011
0.9169523406794724 17.211 0.011
0.9175699641109532 17.19 0.011
0.9186754786164784 17.263 0.011
0.9196318012427582 17.231 0.018
0.9196656688754956 17.197 0.014
0.9210109658642978 17.244 0.013
0.9212819920862785 17.196 0.012
0.9217249729181276 17.219 0.012
0.921823161633256 17.212 0.015
0.9220254725923951 17.237 0.014
0.9223651711763523 17.246 0.02
0.9230348503369896 17.216 0.018
0.9233706295817683 17.236 0.012
0.9244708510850614 17.257 0.019
0.9267096427302022 17.253 0.018
0.9270763577155776 17.23 0.017
0.9287398538881462 17.293 0.015
0.9291212924326828 17.238 0.013
0.9300111209058741 17.286 0.014
0.9304255037327493 17.262 0.014
0.9315161551903657 17.228 0.017
0.932002609151823 17.248 0.017
0.9336211437084785 17.244 0.012
0.9337219843164348 17.266 0.013
0.9338463277299525 17.241 0.018
0.9342008973244447 17.227 0.017
0.9359825999299574 17.257 0.014
0.9364796427198598 17.231 0.019
0.9370029087954208 17.26 0.019
0.937671820527612 17.23 0.012
0.938265130959735 17.3 0.018
0.938453138868681 17.261 0.019
0.9390671264291086 17.242 0.018
0.9395505661659627 17.256 0.019
0.9395962254661754 17.261 0.017
0.9407165766879189 17.284 0.018
0.9414810560647311 17.253 0.015
0.9419492516753962 17.283 0.019
0.9423556672550149 17.295 0.017
0.942784886797881 17.291 0.014
0.9434590675127765 17.254 0.018
0.9450754112731374 17.219 0.022
0.9451675075770254 17.273 0.015
0.945677823715414 17.226 0.012
0.9457175866027683 17.264 0.017
0.946247837617193 17.237 0.02
0.9470124238559947 17.223 0.023
0.9481956539093517 17.222 0.011
0.9489438251639513 17.291 0.018
0.9494615131015962 17.304 0.015
0.9509748231430422 17.217 0.017
0.9518689886408538 17.216 0.018
0.952049648769389 17.247 0.013
0.9522499597942442 17.239 0.013
0.9534283385501112 17.277 0.012
0.9537209927402728 17.29 0.018
0.9539696275460301 17.248 0.014
0.9547460500216403 17.243 0.017
0.9562841256868069 17.235 0.02
0.9567371948187429 17.26 0.014
0.9569252764522389 17.241 0.014
0.9584136614776071 17.218 0.017
0.9591404670381962 17.217 0.017
0.9591936050001095 17.268 0.012
0.9606378558191864 17.291 0.014
0.9611109027265456 17.269 0.017
0.9614337714647263 17.235 0.012
0.9617442577136899 17.307 0.018
0.9619816774202263 17.214 0.011
0.9624639891994775 17.263 0.012
0.9627312234933925 17.251 0.017
0.9634021311803735 17.233 0.013
0.963921388779454 17.273 0.017
0.9653531262274555 17.278 0.018
0.9661203666728397 17.295 0.022
0.9669686157349133 17.254 0.015
0.9679610464972939 17.235 0.014
0.9680849264987046 17.296 0.017
0.968251503596548 17.238 0.014
0.9682839581355438 17.31 0.017
0.9682875174576111 17.265 0.013
0.9697032393698919 17.276 0.018
0.9698684227660124 17.246 0.017
0.9701363530766685 17.263 0.013
0.9702008461385958 17.245 0.015
0.9712478776618809 17.261 0.013
0.9721023694073665 17.271 0.02
0.9722435963535645 17.238 0.018
0.9728229385768827 17.213 0.014
0.9738750745532343 17.266 0.019
0.9741829397326001 17.282 0.014
0.9743060917380717 17.268 0.014
0.9772056084948417 17.252 0.02
0.9781880767013718 17.263 0.017
0.9782886664679609 17.281 0.015
0.9784354092571448 17.256 0.011
0.9794316970655927 17.301 0.015
0.9798212034254448 17.222 0.015
0.9801337673152375 17.26 0.014
0.9806687296268137 17.239 0.015
0.9807222469989938 17.275 0.013
0.9811614594113962 17.3 0.017
0.9818927534272461 17.27 0.019
0.9827175722530228 17.275 0.015
0.9839837611498297 17.24 0.017
0.9841326107361965 17.29 0.012
0.9841953495679263 17.249 0.018
0.9842343587724827 17.288 0.023
0.9846093123971968 17.285 0.014
0.9848738364844394 17.279 0.019
0.9866935300242403 17.216 0.018
0.9891094224767585 17.259 0.012
0.9903067749928596 17.289 0.019
0.9905448781279347 17.275 0.018
0.9938055483006565 17.205 0.015
0.9981278547518286 17.3 0.022
0.9993086585777746 17.265 0.014
0.9995724672562574 17.304 0.015
