8.976918161351932e-05 15.995 0.007
0.0010755566358966462 15.982 0.007
0.001770338124515547 15.994 0.009
0.002044156060264868 15.99 0.007
0.002098511248277646 15.99 0.007
0.003306166618131101 15.995 0.008
0.003936933565228173 15.98 0.009
0.005759400686201843 15.98 0.009
0.006109876696427818 16.015 0.008
0.0069497577316042225 15.994 0.007
0.010468774915807444 15.989 0.007
0.012183980539020922 15.998 0.007
0.012355805794868502 16.011 0.007
0.013983079771151097 16.008 0.009
0.014852819202587852 15.997 0.008
0.015195736976465923 16.0 0.009
0.016811894304510133 16.021 0.007
0.017063131900158623 15.993 0.008
0.01834214218638408 16.005 0.008
0.019004293506441172 16.006 0.007
0.020513744007530477 16.009 0.007
0.02065696962426955 15.996 0.007
0.020773077912508597 16.011 0.007
0.02173810687236255 16.003 0.009
0.025986513574252967 16.01 0.007
0.026041535781132552 16.002 0.009
0.026889890638358338 16.017 0.007
0.029144294233447 16.008 0.008
0.029472467357209098 16.016 0.008
0.029492873354229232 15.998 0.009
0.02960018397288877 16.017 0.007
0.029883694693808138 15.993 0.007
0.030067572653479147 16.012 0.008
0.03085077837698691 16.014 0.007
0.03148708317849014 16.01 0.008
0.03151788786550469 16.011 0.012
0.03256864433296869 16.019 0.008
0.033266690181335434 16.011 0.008
0.03352660764448956 16.021 0.008
0.03405918798080165 16.013 0.008
0.03566823781147832 16.017 0.008
0.03583899352088338 16.017 0.01
0.036206104708526254 16.016 0.008
0.037560249147190916 16.01 0.008
0.038125492174913234 16.026 0.007
0.03864373335147775 16.02 0.008
0.03934626888622006 16.022 0.008
0.039433755247728186 16.041 0.008
0.04001310661135449 16.019 0.007
0.04002000442778808 16.015 0.008
0.04035060046135186 16.025 0.008
0.041899517773799744 16.021 0.009
0.04352952645467667 16.023 0.008
0.043763820950516674 16.031 0.008
0.04385972177851727 16.042 0.009
0.0447616804340214 16.043 0.009
0.04563445134772337 16.024 0.007
0.04689733678731045 16.002 0.008
0.047047106813920436 16.03 0.008
0.047501649552486924 16.025 0.007
0.04830085686626262 16.02 0.009
0.049103575288540924 16.037 0.008
0.05122548967506191 16.024 0.007
0.05145761164567375 16.024 0.008
0.054894686921670655 16.032 0.009
0.05568167551723491 16.029 0.007
0.05578220430379588 16.032 0.009
0.05649578326028859 16.042 0.008
0.0584693478472218 16.034 0.008
0.059274526247463655 16.04 0.007
0.05975497213330527 16.037 0.008
0.059867905212513506 16.031 0.007
0.06118918660456529 16.031 0.007
0.06148259592009708 16.051 0.007
0.06308068579119208 16.033 0.009
0.06521753972867828 16.038 0.007
0.06666030306723769 16.043 0.009
0.06745507072400869 16.056 0.008
0.06758330403317814 16.051 0.012
0.0682851773301536 16.037 0.007
0.0700914536498658 16.04 0.008
0.07049059485120779 16.025 0.008
0.0712903224944057 16.053 0.008
0.07132468922918633 16.039 0.009
0.07272905166701094 16.057 0.007
0.07377743161850958 16.04 0.008
0.07419661426501989 16.052 0.008
0.07485822660282793 16.054 0.009
0.07653562033738126 16.052 0.006
0.07748991288872276 16.062 0.008
0.07904729947858868 16.068 0.009
0.07906921279936796 16.06 0.008
0.07918202898554227 16.048 0.008
0.07956403878506535 16.072 0.008
0.08030244474275605 16.058 0.012
0.08089457791197674 16.053 0.008
0.08148373417316179 16.063 0.008
0.08156214928385452 16.047 0.009
0.08216764121721098 16.061 0.008
0.08241244106181966 16.045 0.008
0.08372447677209038 16.068 0.008
0.08446208494660823 16.065 0.009
0.08519449934783552 16.057 0.009
0.0855808310016073 16.072 0.008
0.08620598117789768 16.055 0.007
0.08655320488151119 16.055 0.009
0.08660911856759412 16.061 0.007
0.08695488134026164 16.059 0.01
0.08700662713408747 16.054 0.009
0.08806777592872095 16.058 0.007
0.08918049608655565 16.063 0.007
0.08959779844099103 16.064 0.006
0.08963218746333723 16.06 0.007
0.08966447536886335 16.066 0.007
0.09044264400699831 16.062 0.007
0.09093748204531948 16.078 0.009
0.09113294331746147 16.052 0.008
0.09182837135540467 16.063 0.007
0.09284949025095557 16.065 0.008
0.09311566079861677 16.06 0.007
0.09407277151603921 16.058 0.01
0.09418340675938452 16.069 0.008
0.0958240274471791 16.07 0.007
0.09595441099418167 16.063 0.009
0.09618953943254382 16.061 0.008
0.09639587992978704 16.075 0.009
0.09656187600717203 16.068 0.009
0.09690350340952136 16.08 0.012
0.096950128656772 16.057 0.009
0.09981376817211185 16.066 0.008
0.10009281967586503 16.067 0.009
0.1029573672690276 16.063 0.009
0.10309814950596774 16.056 0.007
0.10341404546579724 16.078 0.01
0.10463606797293323 16.08 0.008
0.10655607606440753 16.074 0.008
0.1066182669421778 16.072 0.008
0.10939361389569058 16.095 0.009
0.11190759450892074 16.075 0.008
0.11205359189830233 16.07 0.007
0.11375749529838686 16.087 0.01
0.11557144220307691 16.068 0.008
0.11746818064739273 16.069 0.007
0.11856640950190922 16.073 0.008
0.11896818511149831 16.075 0.007
0.11926875673498216 16.094 0.012
0.11951100835904072 16.078 0.008
0.11974221019897868 16.079 0.008
0.12083994828333289 16.094 0.009
0.12231359977022294 16.08 0.009
0.12244899993243052 16.084 0.012
0.12332274760592554 16.077 0.007
0.12356001604666744 16.083 0.008
0.12399585046887296 16.092 0.008
0.12597651140913513 16.08 0.008
0.1262430242195478 16.075 0.008
0.12919149794470286 16.083 0.009
0.12965417975101445 16.093 0.007
0.129920382821183 16.083 0.009
0.12995608063147301 16.092 0.009
0.13334415959752732 16.076 0.007
0.13404634081689437 16.098 0.008
0.13853126638787217 16.076 0.008
0.1390059053828736 16.093 0.008
0.13946248988281695 16.094 0.008
0.14053874037062997 16.114 0.01
0.14150200229573784 16.088 0.009
0.14278497170289484 16.09 0.008
0.14398650566135984 16.094 0.009
0.14455454456674488 16.102 0.008
0.14728575877416006 16.089 0.007
0.14990266334189073 16.104 0.009
0.15014469983134404 16.096 0.008
0.1609303661175545 16.095 0.008
0.16247948196689777 16.086 0.008
0.16338523827425888 16.086 0.007
0.16347418102168376 16.091 0.01
0.16392735561703375 16.088 0.008
0.1643259560178194 16.096 0.012
0.16480831653689165 16.091 0.008
0.16509463973397942 16.104 0.007
0.16537840834757844 16.093 0.008
0.16930758786656952 16.097 0.007
0.17168363965811295 16.097 0.009
0.17332142739985557 16.09 0.009
0.17375491486563988 16.11 0.009
0.17473320798444547 16.078 0.008
0.17564181225316133 16.099 0.007
0.17721345363224827 16.112 0.009
0.17768241081103042 16.092 0.007
0.17840517427566738 16.096 0.008
0.178410813334267 16.098 0.01
0.1794177747732988 16.1 0.009
0.18050635063764275 16.087 0.008
0.18081101123709686 16.096 0.008
0.1818255652535754 16.107 0.008
0.18263712204930016 16.106 0.008
0.1829579195482438 16.103 0.007
0.18311998902709092 16.11 0.007
0.18356372963853573 16.088 0.01
0.18409817821429897 16.129 0.008
0.185064546666581 16.098 0.008
0.18525662214005933 16.112 0.009
0.18584456694634355 16.106 0.007
0.18656077576679309 16.098 0.009
0.1876166768870462 16.125 0.008
0.18766199334595512 16.096 0.01
0.1887054151288794 16.1 0.01
0.18911419908522475 16.112 0.009
0.1910596704924501 16.1 0.009
0.19162284674439434 16.093 0.008
0.19173234763093205 16.109 0.007
0.19185912637249203 16.096 0.008
0.19298305596566934 16.097 0.01
0.19388852391170985 16.122 0.009
0.19564600427702317 16.12 0.008
0.19947291208029583 16.124 0.008
0.19970514161832398 16.134 0.008
0.20124581047821266 16.101 0.008
0.20480064896446493 16.106 0.007
0.20704406213098991 16.119 0.009
0.20729718183656587 16.114 0.009
0.20734384984189091 16.105 0.007
0.2084214473298971 16.115 0.012
0.2103134854983182 16.097 0.01
0.21045825096280169 16.111 0.007
0.21098489637097373 16.106 0.008
0.2121804369548954 16.104 0.009
0.21227048177115648 16.129 0.01
0.21291075411090787 16.101 0.008
0.21460493311178652 16.122 0.009
0.21536179609256578 16.109 0.007
0.21701482470916744 16.106 0.009
0.21814156041455135 16.118 0.009
0.21979304918386333 16.111 0.008
0.21981476215023577 16.119 0.007
0.22142034453918313 16.12 0.008
0.2214776218240786 16.122 0.008
0.22211694605539378 16.098 0.008
0.22237593951558665 16.113 0.008
0.22325689679917105 16.114 0.008
0.22344102514352926 16.121 0.007
0.22444192452621792 16.107 0.01
0.22538446229714282 16.122 0.007
0.2255395698234679 16.118 0.008
0.2288031148909795 16.12 0.009
0.22892963392223464 16.126 0.008
0.23109340665234868 16.116 0.009
0.23129816636310352 16.119 0.007
0.2321800187627332 16.111 0.008
0.23403302607903242 16.12 0.009
0.23488269541394402 16.119 0.007
0.23588168198148196 16.13 0.007
0.23647582711646464 16.127 0.008
0.23665567454600023 16.097 0.009
0.2380021010967539 16.125 0.01
0.23917435179919266 16.121 0.008
0.24103123295742535 16.127 0.007
0.24121753382701172 16.117 0.008
0.24312578144815689 16.126 0.008
0.243837966101637 16.113 0.008
0.2449794344051952 16.119 0.007
0.2459219721761201 16.107 0.009
0.24656838161627093 16.109 0.009
0.2479446972686219 16.114 0.008
0.24854872439937026 16.104 0.007
0.24967669384795954 16.127 0.009
0.2502151340679575 16.123 0.008
0.25170529269485087 16.113 0.012
0.25216327604266553 16.127 0.007
0.2523528997194262 16.122 0.008
0.25463695317534984 16.137 0.008
0.2563684191900393 16.14 0.008
0.25768646214601176 16.123 0.012
0.2586000616513502 16.13 0.009
0.2594265736869943 16.125 0.008
0.25967843736225404 16.132 0.009
0.25995446761862695 16.104 0.007
0.2607473160973086 16.109 0.008
0.26286999483545515 16.12 0.009
0.26332477045161795 16.124 0.008
0.26383108514414744 16.116 0.008
0.26437702606244784 16.104 0.008
0.2673842093523717 16.117 0.008
0.2684878805466724 16.134 0.008
0.2698316754156167 16.13 0.008
0.27115971817011086 16.129 0.009
0.2719359537595665 16.124 0.01
0.27312453808008286 16.121 0.008
0.27554548878742935 16.113 0.009
0.27629195307827104 16.119 0.007
0.2770481472221036 16.133 0.01
0.27850287980254507 16.131 0.008
0.2785036070863498 16.137 0.007
0.2802495848736726 16.124 0.01
0.2802884412944877 16.126 0.009
0.2825216422546646 16.104 0.009
0.28435347740469297 16.126 0.008
0.28465757673484404 16.131 0.008
0.28499618107139213 16.122 0.008
0.28506359915400026 16.127 0.009
0.28690281925480576 16.138 0.009
0.28691950537108823 16.137 0.012
0.28780064072168443 16.136 0.008
0.28930063676943973 16.122 0.01
0.2922472524901423 16.123 0.007
0.2926585168941074 16.138 0.008
0.2927935422706014 16.138 0.009
0.2942321907084988 16.133 0.008
0.2960588034345619 16.134 0.008
0.2983166458213873 16.143 0.01
0.30072892598764156 16.129 0.009
0.3044191730531338 16.13 0.009
0.30498358395698233 16.137 0.009
0.3056655085952116 16.12 0.007
0.3060129531227176 16.13 0.008
0.30678113879662305 16.142 0.009
0.30911857431692624 16.144 0.008
0.310397560497222 16.137 0.009
0.3104663042010998 16.137 0.008
0.3111493011138009 16.131 0.009
0.3133745003697186 16.131 0.007
0.31375328014951265 16.127 0.009
0.31381166404935357 16.135 0.012
0.313915244788177 16.134 0.008
0.3143656271417967 16.142 0.009
0.315237431531159 16.131 0.008
0.31668000656736695 16.14 0.009
0.32210180492722884 16.13 0.007
0.3229814263548292 16.128 0.007
0.3235969485554051 16.141 0.007
0.3245896774934067 16.135 0.007
0.3248369354978422 16.145 0.009
0.325131354095447 16.138 0.009
0.3252656476431639 16.141 0.008
0.3258729873457469 16.132 0.008
0.327060153257662 16.145 0.008
0.3279182482028773 16.137 0.007
0.3282406626475449 16.147 0.009
0.3285930514729216 16.142 0.008
0.32862643303133154 16.142 0.008
0.330557536392007 16.135 0.009
0.33143625246884767 16.154 0.008
0.33220493618455293 16.135 0.007
0.33409055707215884 16.138 0.007
0.33470452464598566 16.145 0.008
0.3356049759763664 16.14 0.008
0.3371175730355276 16.136 0.012
0.33753739654184756 16.131 0.009
0.33932604796291344 16.137 0.008
0.3413250137828072 16.138 0.009
0.34221933164883467 16.142 0.008
0.3433439680557058 16.142 0.007
0.34495509671614855 16.147 0.007
0.3459119088370244 16.129 0.007
0.34601884285166307 16.151 0.008
0.3472381975185499 16.151 0.009
0.3479263872950469 16.119 0.008
0.3507204750881101 16.145 0.007
0.3521175778851102 16.207 0.014
0.3527265586398016 16.132 0.008
0.3538397388624617 16.139 0.009
0.35438990702959927 16.14 0.01
0.35806355325871664 16.139 0.008
0.3603192454077089 16.151 0.007
0.36061417046448696 16.166 0.01
0.36095716897284547 16.15 0.009
0.3613053510194959 16.137 0.008
0.36150494015373624 16.133 0.008
0.3617000386930158 16.154 0.008
0.3622212908824167 16.147 0.008
0.36328734303515375 16.128 0.008
0.3636595645343732 16.153 0.007
0.3638208594268235 16.142 0.008
0.364029825916532 16.155 0.008
0.3650705400634706 16.148 0.007
0.3654077380442686 16.149 0.009
0.3660266294455141 16.143 0.009
0.3663058915399233 16.147 0.008
0.3692460231154655 16.145 0.008
0.36962955707281253 16.137 0.009
0.37081786121302684 16.118 0.007
0.37207219391393664 16.129 0.008
0.37252900378371123 16.136 0.008
0.3726954803960325 16.138 0.009
0.37333609499864906 16.145 0.008
0.37504201787237434 16.136 0.01
0.37572383767019346 16.125 0.008
0.3769285543451133 16.126 0.008
0.3793276037845317 16.138 0.008
0.38022271192630797 16.132 0.008
0.38027184378086076 16.122 0.009
0.38169784026877096 16.131 0.008
0.38318539973647603 16.125 0.007
0.3839740719058682 16.137 0.008
0.3841078617210769 16.138 0.008
0.38553888505839495 16.135 0.007
0.38592075113183455 16.121 0.008
0.38740166225898065 16.133 0.009
0.3878310552941002 16.109 0.008
0.3882217615582704 16.147 0.008
0.3883866983239841 16.133 0.007
0.38845749015217734 16.12 0.008
0.3893151657357521 16.153 0.008
0.3907456705619552 16.128 0.01
0.3910391021649957 16.124 0.007
0.39223208907412754 16.142 0.009
0.3930397108545094 16.123 0.008
0.39495859640646813 16.145 0.008
0.3968902610367877 16.121 0.008
0.39742161513822793 16.127 0.008
0.39913917135379506 16.12 0.009
0.3996237423750699 16.116 0.008
0.4000489813884087 16.12 0.009
0.4009886500546145 16.127 0.008
0.4020243048287284 16.138 0.01
0.40232698211400475 16.129 0.007
0.4051133743068931 16.111 0.007
0.40523511141873314 16.116 0.008
0.406868597776338 16.132 0.008
0.4078692290318031 16.121 0.008
0.4087212980793993 16.13 0.007
0.41015671286209 16.118 0.009
0.4120347207017403 16.121 0.008
0.4121251569022206 16.121 0.01
0.41358841993405804 16.115 0.008
0.41415830297273715 16.132 0.008
0.41557580153266827 16.108 0.009
0.420457832233069 16.128 0.007
0.42114082550915555 16.115 0.008
0.4212229909692269 16.1 0.007
0.4212958634448114 16.127 0.009
0.4225720148608616 16.129 0.013
0.4259349848275633 16.111 0.008
0.4261922055629839 16.11 0.009
0.42626897507693684 16.111 0.008
0.4276182002327005 16.1 0.008
0.428407924441899 16.093 0.013
0.42853516893853794 16.123 0.008
0.42938479460644885 16.111 0.008
0.430179949102353 16.099 0.008
0.4317596849726897 16.099 0.008
0.43352725041631857 16.091 0.008
0.43595063814063906 16.11 0.009
0.439773250923281 16.122 0.008
0.4420041476842016 16.113 0.009
0.44209198836142605 16.098 0.008
0.44237106033529017 16.117 0.012
0.4433258222779841 16.106 0.009
0.4447978950322522 16.079 0.008
0.44605707264418015 16.099 0.009
0.4479507759697299 16.096 0.008
0.4482911650842425 16.079 0.007
0.4512050633029503 16.097 0.009
0.4529561875606305 16.095 0.008
0.4536891307093356 16.094 0.008
0.45374048330086225 16.109 0.009
0.4548318652778107 16.097 0.007
0.456092733062178 16.077 0.009
0.45638651716353706 16.097 0.012
0.4566404699025952 16.089 0.009
0.45743375797701447 16.087 0.008
0.45760245350879813 16.073 0.009
0.458191019849437 16.069 0.008
0.4581923713944889 16.086 0.009
0.45830381556561406 16.069 0.007
0.4594573968372515 16.066 0.006
0.4595255792714852 16.058 0.007
0.46026896750390733 16.058 0.006
0.4603385237710427 16.07 0.007
0.4611204225251413 16.094 0.009
0.46303660498642785 16.074 0.008
0.46356140262560075 16.059 0.008
0.46596014414274123 16.092 0.009
0.466099140693359 16.061 0.008
0.4672512451093098 16.068 0.008
0.4678380489604024 16.07 0.012
0.46935657731125957 16.062 0.007
0.4716500340464336 16.07 0.008
0.47166376941413546 16.066 0.008
0.473632317386091 16.044 0.007
0.4738221989550766 16.053 0.009
0.4744796165673506 16.042 0.009
0.47540911373152994 16.057 0.008
0.475705306871987 16.04 0.012
0.4757507995805099 16.038 0.01
0.4777147985103056 16.048 0.008
0.47933350951279863 16.045 0.009
0.47939076450938956 16.03 0.007
0.4796273159017801 16.021 0.008
0.4799958816574872 16.058 0.007
0.48175106987673644 16.033 0.012
0.4826073215975839 16.035 0.007
0.482633181987012 16.026 0.008
0.4838996581252104 16.038 0.008
0.4849500436787366 16.04 0.008
0.4871271101274033 16.023 0.009
0.48777286938252473 16.036 0.01
0.49023676185152 16.008 0.007
0.4923469955931523 16.009 0.009
0.49331440675928206 16.023 0.008
0.4934871949035369 16.029 0.008
0.4954793584216759 16.004 0.006
0.49658723821266904 16.013 0.008
0.49917881113810836 16.003 0.009
0.5010743845209618 16.018 0.008
0.5061117538073177 16.001 0.008
0.5061534877495433 15.978 0.007
0.5067100463652423 16.0 0.009
0.5067621789978602 16.007 0.007
0.5078537742915614 15.986 0.009
0.5087647068653496 15.995 0.008
0.5089748691207205 15.985 0.008
0.5100208391236265 16.002 0.008
0.5128661171304429 16.015 0.012
0.5130733286381428 15.972 0.008
0.5133414647577865 15.978 0.007
0.5135482996613518 15.993 0.007
0.514074925508794 15.983 0.007
0.5150770215668672 15.961 0.007
0.5152089329080809 15.99 0.007
0.5153494897756445 15.98 0.008
0.5160569370855228 15.983 0.008
0.5180479578298218 15.977 0.008
0.5184766476870095 15.983 0.008
0.5204198760692407 15.978 0.008
0.5205770503712301 15.976 0.008
0.5207147788382827 15.979 0.007
0.5208152446327858 15.951 0.008
0.5218354154199005 15.971 0.01
0.5236265575240395 15.965 0.008
0.524597095686886 15.963 0.009
0.5256044244038094 15.949 0.007
0.5256357717089486 15.961 0.007
0.5264743605540616 15.964 0.007
0.5266836304208482 15.956 0.01
0.5269768246014337 15.94 0.007
0.5283474445661795 15.948 0.008
0.5288813421066152 15.948 0.009
0.5292831845804358 15.934 0.008
0.5347179910245359 15.933 0.007
0.535360684456009 15.925 0.008
0.5354626928251491 15.95 0.009
0.536102322251736 15.945 0.007
0.5368309863033573 15.936 0.009
0.5371051465019718 15.949 0.01
0.5372604016260993 15.936 0.007
0.5374485707350232 15.924 0.007
0.5386507021219131 15.934 0.008
0.5400252691551941 15.933 0.008
0.5412097663170243 15.93 0.009
0.5418955777590213 15.92 0.008
0.5422423757377146 15.914 0.007
0.5430188710377024 15.938 0.008
0.543162274721908 15.933 0.007
0.5444678976964497 15.919 0.009
0.5450214127763502 15.902 0.007
0.5453313617545064 15.936 0.009
0.5496499248793043 15.917 0.007
0.5500339912198342 15.924 0.007
0.5502895868283986 15.91 0.007
0.5508034874992518 15.911 0.009
0.5520780276598316 15.912 0.008
0.553647413960789 15.918 0.01
0.554375265449039 15.911 0.007
0.5544871799202156 15.927 0.007
0.5551657353580595 15.919 0.008
0.555644031006068 15.908 0.007
0.5571067430023504 15.907 0.008
0.5577075967426026 15.908 0.007
0.5578127980634235 15.903 0.007
0.5581517853674995 15.917 0.008
0.5604246534935555 15.918 0.007
0.5607355997009336 15.91 0.007
0.5661518924930533 15.907 0.009
0.5662971746519361 15.899 0.007
0.567756042602241 15.904 0.008
0.5683180315049867 15.899 0.007
0.5697190916059753 15.901 0.008
0.5697498655881645 15.903 0.007
0.5699221695613232 15.895 0.007
0.5705376649289065 15.913 0.008
0.5705959876549969 15.892 0.008
0.5732197677511977 15.897 0.007
0.5757026942019365 15.895 0.007
0.5760950396997941 15.904 0.009
0.5766544433140552 15.908 0.008
0.5772128942746804 15.884 0.008
0.5799490341278215 15.901 0.007
0.580074459505795 15.902 0.008
0.5805950503663553 15.885 0.009
0.5821125025715901 15.896 0.008
0.5823738086471622 15.88 0.008
0.5834503763835528 15.899 0.007
0.5850830640485469 15.89 0.008
0.5863730017720172 15.878 0.007
0.5874430214626045 15.88 0.007
0.5874857201115447 15.927 0.013
0.5893231656691569 15.872 0.007
0.5905250271104592 15.901 0.008
0.5909038439581309 15.893 0.007
0.5916685296670039 15.865 0.007
0.5958698815251182 15.886 0.007
0.5965704319278302 15.883 0.007
0.5976602638224904 15.893 0.009
0.597717364858454 15.885 0.007
0.5997937503775574 15.881 0.007
0.600543752610065 15.878 0.007
0.6012644613515477 15.906 0.007
0.6022877081968545 15.907 0.007
0.6034304222957871 15.879 0.008
0.6038532727393431 15.885 0.007
0.6054161137221854 15.88 0.007
0.607137416651085 15.885 0.009
0.6077428778794456 15.885 0.008
0.60776683568929 15.866 0.008
0.6087310846084506 15.876 0.009
0.6104337922424747 15.876 0.007
0.6118070300180989 15.872 0.008
0.6122168296196833 15.867 0.007
0.6127582196786534 15.871 0.008
0.6139167247779369 15.861 0.007
0.6145276813389273 15.859 0.007
0.6149576884004091 15.877 0.007
0.6163384371102438 15.866 0.007
0.6177723156815773 15.864 0.007
0.6178891253293841 15.867 0.008
0.6179797359609438 15.857 0.008
0.6182138457911606 15.856 0.007
0.6183132911595521 15.851 0.008
0.6193313014741761 15.866 0.007
0.6196171507347117 15.849 0.009
0.6201591409492266 15.843 0.008
0.620622165018176 15.831 0.008
0.6231055804208836 15.828 0.008
0.6240588163873326 15.846 0.007
0.6246650949603918 15.85 0.008
0.6247942827412771 15.851 0.009
0.626804941258797 15.859 0.007
0.6275216444855687 15.846 0.007
0.6278849950890617 15.859 0.007
0.6279322038938062 15.843 0.007
0.6292221416169923 15.847 0.007
0.6293096279787278 15.841 0.008
0.6295259432597504 15.841 0.007
0.630394038003601 15.844 0.009
0.6321677480559629 15.849 0.006
0.6323296635733868 15.857 0.008
0.632648122532828 15.863 0.009
0.6334110587138184 15.849 0.008
0.6343788733170186 15.852 0.007
0.634597624469734 15.86 0.007
0.6346777556764209 15.86 0.008
0.6358819315516939 15.828 0.007
0.6370951804956348 15.846 0.008
0.6379716610550759 15.85 0.007
0.6396311904145477 15.835 0.007
0.6405188924622962 15.862 0.008
0.6405575708160995 15.85 0.008
0.6412637843829998 15.84 0.007
0.6418966078711037 15.851 0.008
0.6430439767616463 15.838 0.008
0.6435077485841703 15.858 0.008
0.6439327992952713 15.847 0.007
0.6451811506743752 15.845 0.008
0.6456151900838449 15.846 0.007
0.6456720193564252 15.857 0.008
0.6468539312304529 15.846 0.008
0.6469489610483379 15.837 0.007
0.647534575732152 15.846 0.007
0.6484073586989325 15.836 0.008
0.6494572321030319 15.835 0.007
0.649791773387733 15.837 0.007
0.65029484964316 15.827 0.009
0.6508550130640742 15.83 0.008
0.653178370953583 15.831 0.009
0.6532022944220444 15.847 0.009
0.6536664289774308 15.847 0.008
0.6544476754925199 15.83 0.007
0.655575716349631 15.837 0.007
0.6559548793322847 15.838 0.007
0.6559892255968407 15.84 0.007
0.6560120629208086 15.84 0.007
0.6568366500885077 15.822 0.01
0.6589151858454443 15.846 0.007
0.659838431742287 15.828 0.007
0.6606668629558499 15.818 0.007
0.6609874805699292 15.843 0.007
0.6612827312918625 15.813 0.007
0.6619297140548497 15.844 0.008
0.6621470226932615 15.827 0.009
0.6627642564453708 15.826 0.007
0.6648864482854151 15.812 0.008
0.667356450113175 15.837 0.007
0.6674771909042647 15.829 0.008
0.6681783730764437 15.812 0.007
0.6687304540585046 15.826 0.007
0.6723255478136707 15.819 0.007
0.6723933777498132 15.824 0.007
0.6744142791787908 15.842 0.009
0.6760032486781711 15.816 0.009
0.6774465835212595 15.822 0.006
0.6774738204710502 15.834 0.007
0.6782428669196179 15.817 0.008
0.6815952414772255 15.817 0.007
0.6822903151987703 15.822 0.008
0.6825028169027973 15.821 0.007
0.684299622171693 15.824 0.007
0.68587233127937 15.839 0.008
0.6875311872563543 15.83 0.009
0.6875716754025234 15.812 0.008
0.6877682999179342 15.819 0.009
0.6879175903181931 15.819 0.008
0.6887435067433216 15.822 0.007
0.6894074187352999 15.833 0.008
0.6922543887324082 15.83 0.007
0.6932345027878455 15.82 0.007
0.6941103784106417 15.83 0.008
0.6951394155489652 15.82 0.008
0.6976880708189128 15.806 0.007
0.6981250295984864 15.822 0.007
0.698485832890583 15.818 0.007
0.6986232190943156 15.827 0.007
0.6999720546841672 15.825 0.007
0.7003591850302655 15.815 0.008
0.7013440587170408 15.809 0.007
0.7022327134187663 15.835 0.008
0.7039596117397195 15.83 0.007
0.7039662155048063 15.833 0.008
0.7042053985785515 15.815 0.007
0.7063060118525755 15.823 0.008
0.706696786799057 15.816 0.006
0.7071339320622201 15.826 0.007
0.7072335452628522 15.826 0.008
0.7072728255902803 15.812 0.007
0.7081006530124796 15.823 0.009
0.7088692318880021 15.828 0.008
0.7112542714688743 15.821 0.007
0.7113349314224706 15.817 0.007
0.7124720676365541 15.826 0.008
0.7144870971292221 15.817 0.008
0.7147766726334339 15.824 0.007
0.7148511304408203 15.844 0.008
0.7151263945274877 15.827 0.008
0.7154853500503577 15.825 0.007
0.7162409811062389 15.834 0.008
0.7166065783712838 15.827 0.008
0.7175099554347071 15.814 0.007
0.7175737427885451 15.83 0.008
0.7176933649120656 15.831 0.007
0.7179646457716444 15.821 0.007
0.7206225672327946 15.828 0.007
0.7207732109968674 15.837 0.006
0.7209503673884683 15.819 0.007
0.7222514738437553 15.839 0.008
0.7226281181660852 15.826 0.007
0.7229522607599392 15.826 0.007
0.7233220629855168 15.825 0.007
0.7234187338548281 15.821 0.007
0.7285926358417782 15.829 0.007
0.7290663017136012 15.823 0.009
0.7291016108665644 15.84 0.008
0.7301463471267198 15.835 0.007
0.7313986965132244 15.832 0.007
0.7315124059969094 15.81 0.007
0.731775031095367 15.832 0.009
0.7320077486758692 15.84 0.007
0.7323576142962338 15.833 0.008
0.7333371773161161 15.823 0.008
0.7358380543307703 15.833 0.008
0.7366284287249982 15.835 0.009
0.7396411703387002 15.832 0.008
0.7409630862274525 15.818 0.007
0.7413110595023227 15.842 0.009
0.7414944587449099 15.833 0.008
0.7416468688700206 15.828 0.007
0.741904053446433 15.826 0.008
0.7425909000945694 15.839 0.007
0.7438176014993587 15.84 0.007
0.7468145789457594 15.833 0.007
0.7480830449972018 15.829 0.006
0.749054938341942 15.829 0.007
0.7504500068857851 15.851 0.007
0.7516726741247339 15.852 0.008
0.7536772380640286 15.83 0.007
0.7540256204647449 15.834 0.007
0.7549469499108454 15.857 0.008
0.7549709791292116 15.849 0.008
0.7552921839364899 15.811 0.008
0.7569750302456555 15.828 0.006
0.7576479448066493 15.846 0.007
0.75817201697987 15.839 0.008
0.7593018769559308 15.829 0.006
0.7618544190295324 15.832 0.007
0.7656233324991035 15.836 0.007
0.7656988960120543 15.844 0.007
0.7664235786546669 15.849 0.007
0.767181896203283 15.848 0.008
0.768987748616496 15.833 0.007
0.7731557225524739 15.86 0.007
0.7743265771337065 15.846 0.007
0.7761122564279503 15.834 0.008
0.7762142889027928 15.837 0.008
0.7766578412126819 15.833 0.007
0.7774076671962575 15.833 0.008
0.777810447543061 15.84 0.007
0.7818079941621363 15.859 0.007
0.7824129266437012 15.834 0.007
0.7828368345815306 15.83 0.007
0.78290215996401 15.853 0.008
0.7829210056437432 15.84 0.006
0.7838750644091306 15.86 0.008
0.7840601965810947 15.85 0.008
0.7841984983705856 15.844 0.007
0.7853800966322524 15.847 0.006
0.7860384400651128 15.847 0.008
0.7864689008290497 15.829 0.008
0.787586390853221 15.857 0.008
0.7881189368486048 15.849 0.007
0.7881221993908412 15.852 0.008
0.7888129021378063 15.854 0.009
0.7895836544478243 15.853 0.007
0.790294552601722 15.843 0.008
0.7910863397146386 15.852 0.007
0.791096853480667 15.848 0.009
0.7915015530056735 15.856 0.007
0.7915043814061846 15.853 0.007
0.7917031356892039 15.857 0.008
0.792016598503551 15.841 0.007
0.7921497435875153 15.834 0.008
0.794268049532775 15.851 0.009
0.7955386007770358 15.847 0.007
0.7969981737232956 15.85 0.008
0.7975446759114675 15.873 0.009
0.800420195517745 15.855 0.007
0.8007326388146794 15.841 0.008
0.8016423581154868 15.844 0.007
0.8022041382464522 15.852 0.009
0.8024164498301616 15.856 0.007
0.8027731400402445 15.857 0.007
0.8033822265438175 15.871 0.007
0.808002813805615 15.843 0.008
0.8081154416895515 15.872 0.007
0.8104264268999941 15.867 0.008
0.8124804028738026 15.872 0.007
0.8127022114335887 15.849 0.008
0.8129583376071423 15.864 0.007
0.8139941668121082 15.866 0.007
0.8148979696011338 15.858 0.007
0.8154566070456895 15.858 0.008
0.8164647094399697 15.86 0.007
0.8178136989909035 15.873 0.006
0.818092770964995 15.855 0.008
0.8182076455100287 15.87 0.008
0.8182112298450193 15.861 0.007
0.8207157014301174 15.871 0.009
0.8230845640807729 15.86 0.006
0.8235411856485371 15.867 0.008
0.8249467354357876 15.876 0.009
0.8253345948833157 15.88 0.007
0.8270055415409843 15.861 0.008
0.8278436173281989 15.871 0.008
0.8280750324845485 15.873 0.008
0.8295356972660102 15.864 0.008
0.8348108414521676 15.869 0.008
0.8352527991041825 15.868 0.007
0.8370909617110556 15.867 0.008
0.8376163492705473 15.87 0.01
0.8385883483642829 15.863 0.009
0.8388618843018776 15.86 0.007
0.8396224855791843 15.854 0.007
0.8409974394512574 15.881 0.008
0.84135521967778 15.887 0.007
0.842456978057271 15.878 0.007
0.8437851201978219 15.869 0.007
0.8450126907946469 15.87 0.008
0.845975182678103 15.892 0.008
0.84603720754194 15.866 0.007
0.8462857763876173 15.874 0.008
0.8464515172995561 15.881 0.007
0.8479529986193484 15.892 0.007
0.8494517247654585 15.88 0.007
0.8495639185080108 15.891 0.007
0.8496634687168125 15.876 0.007
0.8502322942619003 15.871 0.007
0.8510013814143349 15.887 0.006
0.8544771675669836 15.891 0.009
0.856617986989022 15.902 0.007
0.8567923104354804 15.88 0.007
0.8579842341609947 15.893 0.007
0.8580282334161211 15.886 0.007
0.8581304319047831 15.895 0.007
0.8583029018921025 15.899 0.006
0.858545104395489 15.893 0.007
0.8591473931423934 15.893 0.007
0.8602045725810967 15.889 0.007
0.8650684746507977 15.888 0.007
0.8679857300171534 15.883 0.007
0.8697376427326162 15.89 0.007
0.8699950620043637 15.9 0.007
0.8701812052770492 15.883 0.007
0.871196226866914 15.902 0.009
0.8713568454140841 15.915 0.008
0.8721189726679768 15.897 0.007
0.8732562082682307 15.917 0.008
0.8746258551100254 15.896 0.007
0.8747701586905805 15.907 0.008
0.8761098181892066 15.908 0.008
0.8768261948416693 15.931 0.008
0.8771549458328991 15.907 0.006
0.8774391513152295 15.891 0.009
0.8774957013165476 15.894 0.008
0.87806094252619 15.905 0.009
0.8782853688967407 15.905 0.008
0.8796927989760661 15.896 0.007
0.8798494770539946 15.91 0.006
0.8811593625266596 15.913 0.007
0.8823155920781574 15.901 0.008
0.8831432673568997 15.911 0.008
0.8854259487980016 15.906 0.009
0.886474808375624 15.901 0.007
0.887686140868027 15.918 0.007
0.8880561193427638 15.916 0.007
0.8884464203523521 15.908 0.007
0.8899726515751354 15.904 0.007
0.8907428492145755 15.929 0.008
0.8925141706970408 15.911 0.008
0.8930664984279701 15.906 0.008
0.8935005034963979 15.935 0.008
0.8979938640040928 15.922 0.009
0.8980022386760993 15.911 0.007
0.8995345162661579 15.909 0.007
0.9010152390912936 15.914 0.007
0.9033902026844771 15.919 0.008
0.9035230055053489 15.923 0.007
0.9055474689816947 15.925 0.008
0.9084132726054577 15.919 0.009
0.911675176621884 15.928 0.008
0.9127862150239707 15.918 0.007
0.9139621232880017 15.918 0.007
0.9140066169497914 15.911 0.008
0.91443080870431 15.914 0.009
0.9156717603527795 15.921 0.007
0.9158418297174649 15.924 0.007
0.9160735907730668 15.922 0.007
0.9193313084804231 15.917 0.006
0.9195228226841436 15.902 0.008
0.9204910714286143 15.93 0.008
0.9207824362561041 15.947 0.009
0.9230254236975952 15.929 0.007
0.9240786114919501 15.93 0.009
0.9242878313291385 15.932 0.007
0.9244325383469914 15.93 0.008
0.9246686333094658 15.938 0.007
0.9258157406711689 15.908 0.007
0.9265320932177019 15.933 0.009
0.9272360230556842 15.943 0.006
0.9280096287812967 15.931 0.008
0.9282082086333503 15.936 0.009
0.9295079310209076 15.939 0.007
0.9298249781704726 15.933 0.007
0.9302409799183806 15.942 0.007
0.9306830164869098 15.947 0.007
0.931304009005089 15.936 0.008
0.9313105738843888 15.931 0.008
0.9341046978361192 15.942 0.008
0.9342711298727409 15.937 0.012
0.9351192397994055 15.943 0.008
0.9358214312535438 15.942 0.008
0.9367735449166048 15.97 0.01
0.937352783023016 15.944 0.007
0.9394898418604498 15.959 0.008
0.940005631240183 15.947 0.009
0.9401248155868416 15.952 0.008
0.9404487939841601 15.951 0.008
0.9410834049772347 15.961 0.007
0.9416915536075976 15.957 0.007
0.9417444153418728 15.96 0.007
0.9465038192690827 15.961 0.008
0.9492469738320324 15.972 0.008
0.9515033914465221 15.961 0.009
0.952082171305392 15.97 0.01
0.9522985459423126 15.965 0.008
0.9525339359092868 15.95 0.008
0.9543118388692164 15.956 0.009
0.9544934126297449 15.96 0.008
0.9576545299673853 15.958 0.008
0.9578302643144525 15.95 0.009
0.9598242858369304 15.959 0.01
0.9602349259796483 15.961 0.007
0.9607329735674739 15.966 0.007
0.9616651171932062 15.959 0.009
0.9641939825469308 15.976 0.009
0.965488959173399 15.959 0.008
0.9657400771485527 15.995 0.01
0.9676188613930208 15.955 0.009
0.9700313382782042 15.994 0.008
0.9701018713049052 15.96 0.009
0.972816058951139 15.966 0.007
0.9732324113789446 15.983 0.008
0.9741559549634076 15.972 0.008
0.9746050897028908 15.967 0.009
0.9768346979108173 15.965 0.008
0.9774684861058631 15.997 0.009
0.9775512351234283 15.981 0.008
0.978311680621573 15.962 0.008
0.9784150200662225 15.97 0.007
0.9796852727133682 15.976 0.007
0.9800383192321078 15.973 0.007
0.9810766798241275 15.982 0.007
0.981284642720766 15.964 0.008
0.9831661264197464 15.99 0.007
0.986130215805133 15.965 0.007
0.9928981976031537 15.985 0.007
0.9931578339763973 15.972 0.008
0.9933924827882947 15.988 0.008
0.9952234460192813 15.993 0.007
0.9969127560034394 15.972 0.007
0.9977352643418271 15.982 0.007
0.9984199393734343 15.998 0.009
0.9986536578198866 15.981 0.008
0.9988774988146361 15.991 0.007
0.9993324609149568 15.986 0.008
0.9994924144971264 15.98 0.007
