0.005027160139343234 17.008 0.013
0.005309120667698064 16.988 0.012
0.005457869657584435 17.012 0.013
0.005612402022870722 16.996 0.01
0.0062497526399964975 17.03 0.014
0.006355143956306986 16.977 0.013
0.006521785672157332 17.02 0.017
0.011022908879476656 17.02 0.013
0.013839660057351377 16.983 0.01
0.01443690038913692 17.004 0.013
0.014538393583643394 17.043 0.012
0.014801499552868247 17.016 0.012
0.015056056968569376 17.019 0.014
0.015639953614845492 16.976 0.012
0.015770291657099644 17.04 0.014
0.016932542679478413 16.976 0.012
0.021152614187849306 16.983 0.017
0.02327350081113755 17.019 0.011
0.024714918372319428 17.024 0.012
0.0254255633604088 16.976 0.01
0.025579367701789035 16.954 0.01
0.026333951379137854 16.997 0.015
0.028746241507997095 17.021 0.01
0.02904051629402593 17.031 0.014
0.031445378807484214 16.999 0.016
0.03242507723134613 17.05 0.011
0.03263862744446433 16.96 0.01
0.03264996767924222 16.997 0.011
0.03366231506847717 17.021 0.014
0.03366593127057049 17.012 0.014
0.034298918361764574 17.023 0.013
0.03534906887298339 17.006 0.014
0.036309158120184204 17.021 0.012
0.03720488227431806 16.968 0.011
0.03746775203321695 17.012 0.013
0.03896634088132478 17.03 0.015
0.039082187704616356 16.987 0.01
0.03940501073534497 17.02 0.017
0.03952733054338742 17.028 0.011
0.03976326471617986 16.97 0.01
0.04016507158140703 16.999 0.011
0.040293131455564346 17.03 0.018
0.04119177749375913 17.016 0.015
0.041443695130874314 17.035 0.016
0.042840884788029054 17.006 0.014
0.044032065058581704 17.013 0.011
0.044721442316495 17.0 0.014
0.0465480445499451 17.022 0.011
0.046977825940211826 17.018 0.015
0.04812642725632932 17.013 0.014
0.0482600704007381 17.03 0.011
0.049108391751269576 17.006 0.013
0.049869797834526164 17.007 0.013
0.05016385081526087 17.063 0.014
0.05069231201823632 17.038 0.014
0.0513044724961218 17.017 0.017
0.052990406581352456 16.987 0.01
0.05370589250323965 17.04 0.011
0.05379805362317702 17.041 0.013
0.055786943650582455 17.031 0.011
0.056644090765098465 16.981 0.012
0.06110744455522754 17.041 0.01
0.061357575837882816 17.021 0.012
0.06175085825034321 17.05 0.012
0.06231064008024978 17.037 0.011
0.06299650972996451 17.054 0.012
0.06495117174599718 17.063 0.015
0.06566435290496875 17.058 0.014
0.06573663964163634 17.028 0.016
0.06576905719784909 17.045 0.012
0.06616599431927161 17.033 0.012
0.06680194180014487 17.002 0.01
0.06685264499687937 17.025 0.01
0.06795090722098385 17.036 0.013
0.06864817731243411 17.038 0.012
0.0718963251250897 17.004 0.011
0.07299250199152985 17.045 0.01
0.07452441722525682 17.001 0.01
0.07527247731470643 17.037 0.011
0.07665765661217838 17.047 0.015
0.07681659100901461 17.015 0.012
0.07691469470128132 17.056 0.013
0.08042259757976344 17.039 0.012
0.08126486794881194 17.04 0.012
0.08139129318592486 17.022 0.013
0.08178250954036903 17.016 0.01
0.08189481025001433 17.069 0.014
0.08270268380547341 17.066 0.011
0.08310678333637034 17.059 0.015
0.08388643646085248 17.032 0.013
0.08402967439260456 17.013 0.014
0.08442279289843091 17.021 0.014
0.08454200761652819 17.04 0.013
0.08586539179068486 17.09 0.015
0.08607622031777273 17.059 0.014
0.08680554875527369 17.032 0.017
0.08690257241632926 17.052 0.012
0.08693041433789395 17.039 0.011
0.08777941070766238 17.046 0.011
0.08792330916130586 17.026 0.012
0.08831969666371142 17.044 0.012
0.08994313170242085 17.034 0.013
0.09083785311613601 17.097 0.017
0.09361892023471219 17.066 0.011
0.09442193854501957 17.04 0.012
0.09524748302092112 17.078 0.015
0.09541735744246571 17.033 0.01
0.09543812375627558 17.031 0.01
0.09551161832521293 17.079 0.013
0.09706957702908303 17.027 0.014
0.09734841085960388 17.031 0.017
0.09750258401461442 17.043 0.014
0.09755677801322227 17.027 0.012
0.0997862189409715 17.039 0.011
0.10030590008900608 17.058 0.01
0.10075994829039692 17.07 0.013
0.10162953256999563 17.059 0.016
0.10196007723222911 17.051 0.012
0.10219319091370371 17.047 0.013
0.10354939516153072 17.011 0.012
0.10467638643594901 17.028 0.012
0.10556287741374026 17.033 0.011
0.1059755302998382 17.009 0.01
0.10621029782523683 17.058 0.016
0.10729096863533405 17.054 0.01
0.10773086792974018 17.075 0.016
0.10808492967989869 17.048 0.011
0.10847199471086233 17.048 0.012
0.10963050911768724 17.051 0.011
0.10967275536349907 17.068 0.016
0.11076459760752178 17.044 0.011
0.11119693446826195 17.095 0.02
0.11141309805034316 17.103 0.014
0.11433185833711823 17.063 0.013
0.11548844409039694 17.041 0.012
0.11852305849608902 17.049 0.011
0.11929172339343941 17.024 0.01
0.11969286013336378 17.09 0.016
0.12000685970829172 17.019 0.013
0.12062524246257444 17.071 0.012
0.12096283373707584 17.048 0.011
0.12173975317173236 17.086 0.011
0.12220059958550555 17.064 0.01
0.12220860821607848 17.08 0.012
0.12233392692032785 17.076 0.014
0.12288257342188436 17.044 0.01
0.1253298172781796 17.067 0.012
0.12591608129414444 17.052 0.01
0.12639033889549856 17.076 0.013
0.12645036207006788 17.055 0.01
0.12740467514495313 17.083 0.013
0.12770830850777193 17.09 0.014
0.12791051617787152 17.058 0.015
0.12939456080325717 17.085 0.01
0.12978941265955646 17.087 0.011
0.13093119387806373 17.049 0.01
0.13142003420866777 17.068 0.017
0.1315987634819975 17.086 0.015
0.1323154619457454 17.062 0.014
0.13251869174828235 17.08 0.01
0.13326157108635917 17.056 0.014
0.13471686015938067 17.069 0.011
0.13559306452398223 17.086 0.014
0.13814581780197832 17.07 0.011
0.13825831362944419 17.041 0.011
0.13877917610775503 17.053 0.01
0.13918269222212976 17.076 0.012
0.13936904672268602 17.065 0.011
0.14005341443125863 17.054 0.012
0.1413691491840381 17.042 0.01
0.1414439310916804 17.051 0.012
0.14257605242178206 17.057 0.011
0.14475988410267737 17.086 0.011
0.14494914838987816 17.076 0.016
0.14549378337337648 17.053 0.011
0.14556271200390247 17.088 0.015
0.1456953811249604 17.042 0.014
0.14709879545980575 17.089 0.012
0.14943359630753994 17.073 0.01
0.14948198042920913 17.081 0.013
0.1528057249749053 17.065 0.013
0.15284368009215532 17.094 0.011
0.15564339446145814 17.093 0.011
0.15634957951945117 17.05 0.012
0.15645332918156774 17.061 0.014
0.1579381429231943 17.058 0.012
0.15832133393350878 17.064 0.012
0.15880745239282978 17.045 0.011
0.16222978764189966 17.069 0.013
0.16422578938297638 17.066 0.011
0.16464601689247038 17.08 0.012
0.16516324156091278 17.094 0.015
0.16612610078836942 17.101 0.012
0.1667240642495016 17.064 0.015
0.16822305810946991 17.072 0.013
0.17040342309010148 17.069 0.014
0.17082139413232644 17.095 0.013
0.17148258475585854 17.078 0.014
0.17285764125463166 17.1 0.016
0.17330473666285107 17.073 0.01
0.17335114152765518 17.102 0.014
0.1742103185951236 17.077 0.012
0.17648820135800625 17.109 0.015
0.17667412425228113 17.099 0.013
0.17702516531326173 17.078 0.01
0.1790814964348555 17.064 0.012
0.18013892755279803 17.117 0.016
0.18238373223803128 17.096 0.01
0.18429429165737465 17.059 0.009
0.18501441591379253 17.098 0.014
0.18697691286492946 17.08 0.011
0.18741696406166275 17.066 0.01
0.18744640432967108 17.086 0.011
0.1889371533484563 17.074 0.017
0.189602835298865 17.117 0.015
0.18997868789656414 17.086 0.013
0.19118264274870844 17.078 0.013
0.19130276869705076 17.089 0.011
0.19385396952284273 17.116 0.013
0.19582007778185462 17.072 0.014
0.19687694469043882 17.069 0.01
0.19846947861187791 17.082 0.014
0.19914937678654487 17.071 0.017
0.20141272751598072 17.073 0.016
0.20150331919253395 17.074 0.018
0.20178429858779046 17.097 0.014
0.2022132217520265 17.1 0.015
0.20257179154204996 17.086 0.014
0.20360415792210906 17.127 0.014
0.20428301217057188 17.082 0.012
0.2045335700726354 17.071 0.01
0.20468810733214005 17.075 0.013
0.20626222541104644 17.091 0.013
0.20644402597727085 17.097 0.012
0.2064440885850103 17.068 0.013
0.2073352420919945 17.133 0.015
0.20806149683576214 17.116 0.012
0.2088677937457759 17.107 0.011
0.2108197242870573 17.066 0.011
0.21098515576968557 17.09 0.013
0.21115500858345504 17.083 0.017
0.21129181942515052 17.091 0.012
0.2123005362067487 17.093 0.012
0.2161780743007511 17.12 0.016
0.2176384838257035 17.087 0.01
0.2192099018267526 17.074 0.012
0.21946322490773573 17.069 0.011
0.2197767857661801 17.085 0.011
0.22001109038128552 17.104 0.012
0.22157573898098226 17.108 0.017
0.22643321411001116 17.1 0.012
0.2281452568594431 17.129 0.015
0.22985969818935237 17.091 0.011
0.2304030314291139 17.129 0.017
0.2330503010998881 17.074 0.011
0.23348384810096823 17.086 0.01
0.23400850998805245 17.097 0.014
0.23727540145707726 17.104 0.01
0.23846969891419567 17.14 0.013
0.23980952687625168 17.134 0.013
0.24010778418405598 17.129 0.013
0.24127125753684586 17.166 0.017
0.24298837244318738 17.13 0.014
0.24360295818942168 17.12 0.021
0.24472907433973878 17.088 0.017
0.2450666102089598 17.103 0.013
0.24507798183994955 17.109 0.016
0.24581053587362467 17.099 0.015
0.2467955861583504 17.111 0.015
0.247877602205699 17.112 0.012
0.24816321504194994 17.112 0.011
0.24837416416803526 17.143 0.014
0.24879271133149805 17.108 0.015
0.2488237643510387 17.121 0.014
0.24901819978631456 17.091 0.013
0.24987478278389963 17.12 0.022
0.25023638535994897 17.082 0.01
0.2508106390163447 17.093 0.011
0.25302030445927803 17.097 0.011
0.2532645630721162 17.122 0.014
0.25469543112230886 17.112 0.015
0.25490198541947384 17.108 0.016
0.2551927645089562 17.124 0.016
0.2557181929261332 17.093 0.011
0.25574622054764395 17.123 0.017
0.2564741193471831 17.11 0.01
0.25720923854751154 17.124 0.011
0.2577125964129663 17.088 0.013
0.2579227813174838 17.098 0.012
0.2580997313468969 17.085 0.011
0.2587639812587894 17.107 0.01
0.25885629668200627 17.107 0.013
0.25895397837123246 17.1 0.011
0.25897069225984515 17.109 0.011
0.2616033840958152 17.127 0.012
0.2624539933102823 17.117 0.012
0.2650680450973595 17.126 0.013
0.2651456089903603 17.134 0.015
0.26555731684916273 17.114 0.016
0.2664994723703784 17.107 0.01
0.26656977024654216 17.095 0.012
0.26725427065039176 17.128 0.01
0.2686602378695624 17.124 0.014
0.26876397303399235 17.092 0.01
0.2697038937883689 17.094 0.011
0.27252187699277775 17.101 0.014
0.2733979727626319 17.114 0.011
0.27339953731179767 17.112 0.017
0.27532580298511666 17.146 0.013
0.2766311521339957 17.103 0.01
0.2766807536921987 17.144 0.015
0.2771208313908118 17.145 0.013
0.28341438671795904 17.139 0.015
0.28441628090890836 17.059 0.01
0.28498275263395945 17.122 0.014
0.28549571267549245 17.142 0.013
0.28666511881194756 17.096 0.01
0.28687302074708887 17.136 0.015
0.2868884593011898 17.147 0.011
0.2871739781332052 17.127 0.016
0.28811282615142764 17.123 0.013
0.28841991891968055 17.131 0.015
0.28888113183884334 17.096 0.013
0.2891254964601102 17.098 0.012
0.2901468288108844 17.114 0.015
0.29291615068304955 17.115 0.013
0.29685281752747406 17.124 0.012
0.3006039134853835 17.121 0.012
0.3007500419039615 17.099 0.012
0.3010419830245268 17.112 0.012
0.3022347013421949 17.099 0.01
0.3031370479829092 17.099 0.017
0.3059502120467186 17.136 0.013
0.3069950202999734 17.093 0.016
0.30798713409571965 17.141 0.013
0.3086093764653923 17.113 0.013
0.3094557475546025 17.124 0.017
0.3094657160503629 17.12 0.015
0.31307200213941533 17.1 0.013
0.31381615681189023 17.122 0.012
0.3150106470788159 17.153 0.017
0.3151152308654672 17.121 0.013
0.31541806861050636 17.14 0.017
0.3156846460818996 17.13 0.016
0.3170738585049775 17.118 0.011
0.3176762650904492 17.114 0.014
0.31776000785876013 17.135 0.016
0.31796570143628733 17.128 0.017
0.31915394541820197 17.12 0.012
0.31937054051413716 17.14 0.021
0.3203472663591582 17.088 0.013
0.32071785140359443 17.108 0.01
0.32334049523788044 17.138 0.011
0.32388639105820394 17.157 0.016
0.324181215462795 17.132 0.013
0.32448532364772964 17.137 0.016
0.32488374581205326 17.098 0.01
0.3249234438827897 17.13 0.012
0.32569064793133284 17.132 0.014
0.32583951253334353 17.152 0.014
0.32594952297781665 17.14 0.016
0.32611723983077345 17.115 0.013
0.32652593669663466 17.149 0.014
0.3300079166109753 17.111 0.012
0.3309286621027012 17.132 0.012
0.33178734255525333 17.096 0.014
0.3324262649236629 17.104 0.011
0.33245488796560485 17.137 0.016
0.3332405439622561 17.14 0.015
0.33374369211960575 17.162 0.018
0.33503610277957696 17.131 0.013
0.335730978999345 17.113 0.014
0.3364068367526669 17.114 0.016
0.3379236461400068 17.127 0.016
0.33885448792889283 17.123 0.011
0.3404818235830134 17.124 0.012
0.3409142664517275 17.125 0.011
0.34144652706336265 17.126 0.011
0.34373501234156256 17.124 0.011
0.3457539574495967 17.141 0.017
0.34588327806877706 17.139 0.016
0.34732945687155725 17.143 0.016
0.34797128902678187 17.152 0.016
0.3488560466541002 17.145 0.011
0.34951491330868967 17.11 0.012
0.3516548931946999 17.12 0.011
0.3522937239598831 17.132 0.013
0.35402275540709516 17.14 0.015
0.35494686879419524 17.163 0.014
0.3554008373040687 17.14 0.014
0.3574815003384173 17.158 0.015
0.359186894191589 17.158 0.015
0.3598826455357993 17.153 0.012
0.3603172749689292 17.165 0.017
0.3607577383800389 17.124 0.01
0.3623916964275167 17.108 0.016
0.36337413592937073 17.147 0.016
0.36482388744175287 17.144 0.012
0.3655354389508374 17.137 0.015
0.36678487284765415 17.135 0.011
0.3687776562881253 17.141 0.013
0.37027397906549586 17.162 0.013
0.3714630763792228 17.119 0.016
0.3720297120113627 17.154 0.016
0.3733437978145502 17.132 0.013
0.37351946539947667 17.131 0.016
0.37443942016730025 17.133 0.019
0.37610976398073026 17.157 0.018
0.37631179324616815 17.18 0.014
0.379311391316969 17.138 0.016
0.38012744211939653 17.129 0.01
0.3804771138419709 17.119 0.014
0.3818431540747952 17.125 0.014
0.38190840860456776 17.127 0.011
0.38294082798861384 17.164 0.015
0.3865201063735185 17.184 0.013
0.38701587271705196 17.156 0.014
0.38815021440873354 17.143 0.017
0.38912278893021723 17.138 0.011
0.3895911353551128 17.167 0.019
0.3919272598326643 17.185 0.015
0.39417704756479 17.172 0.012
0.39495018199604603 17.146 0.016
0.3950040697885925 17.141 0.014
0.39530994272026876 17.118 0.012
0.39578730541134066 17.181 0.014
0.39607662595980175 17.117 0.012
0.39735803869657504 17.127 0.011
0.3982183656979942 17.142 0.01
0.4 17.216 0.017
0.4013470095777848 17.132 0.013
0.4016599750160822 17.163 0.014
0.40321250466072345 17.125 0.015
0.40336331481503296 17.147 0.011
0.4036465602809699 17.131 0.01
0.40487588607734326 17.143 0.014
0.4050539210324132 17.166 0.017
0.4051203399939368 17.154 0.015
0.40587571679579926 17.168 0.016
0.40684975465946993 17.185 0.02
0.40721916806969605 17.14 0.012
0.40759112485366134 17.117 0.01
0.4084061247130194 17.209 0.019
0.40913053520434917 17.18 0.014
0.4100036367878147 17.137 0.011
0.4104820312146785 17.149 0.012
0.4117498737514552 17.14 0.01
0.4118359693919956 17.151 0.012
0.4118795897783457 17.137 0.016
0.4129071876210674 17.199 0.015
0.41339706458202274 17.17 0.012
0.4137232698199341 17.143 0.012
0.4147780948641412 17.185 0.016
0.4170131456557101 17.154 0.017
0.41812250211605717 17.161 0.017
0.41866502293160013 17.165 0.018
0.41870527062146723 17.153 0.015
0.41886773922046816 17.201 0.022
0.41903471835362327 17.16 0.015
0.42028232498878426 17.19 0.012
0.42052303739492347 17.137 0.012
0.4219022741198387 17.159 0.014
0.4221236906646141 17.147 0.012
0.42243871726648197 17.119 0.011
0.4233487277328095 17.184 0.015
0.4236267924474305 17.148 0.01
0.4236447960755868 17.169 0.013
0.4249929604819954 17.192 0.019
0.4254803976765743 17.161 0.017
0.42582699321214934 17.126 0.013
0.426114204487385 17.118 0.012
0.42631298636379145 17.176 0.012
0.42635319794808313 17.162 0.013
0.4266678967363987 17.106 0.015
0.42684218528679596 17.166 0.013
0.42693602906089156 17.138 0.01
0.4276610447613166 17.129 0.012
0.42866662505721254 17.165 0.016
0.4287496349078538 17.199 0.017
0.4298974720019487 17.169 0.017
0.43071984878079095 17.134 0.014
0.43099110309381106 17.145 0.017
0.4350129447456311 17.115 0.012
0.43521863832293095 17.196 0.013
0.4361425347987279 17.066 0.015
0.4364085312548923 17.15 0.012
0.43823983683219014 17.148 0.014
0.43839668356272343 17.177 0.017
0.43884523280294163 17.067 0.011
0.4416085856004429 17.161 0.013
0.4425790724552826 17.133 0.019
0.442842812444178 17.174 0.014
0.44285330895118025 17.026 0.013
0.44402090223106827 17.163 0.016
0.4445775259670427 17.169 0.014
0.4451514276155649 17.161 0.012
0.44571071283027097 17.147 0.01
0.44698587928226063 17.184 0.013
0.4474867276643636 16.997 0.013
0.4480552870558313 17.158 0.017
0.4506245613198644 17.16 0.015
0.45232523243785183 17.163 0.017
0.4526641690421457 17.033 0.014
0.45284732435643493 17.16 0.017
0.45441740921725116 17.177 0.015
0.45482725601700624 17.178 0.012
0.4569491816713708 17.155 0.017
0.45699972096135755 17.08 0.011
0.45777018430990213 16.965 0.014
0.4595926617220357 16.833 0.01
0.46349286098657105 16.917 0.012
0.46415018710026745 17.172 0.013
0.46449886079144564 16.953 0.013
0.464504661064575 17.105 0.017
0.46536336801946165 17.07 0.01
0.46948745489796695 17.178 0.013
0.4727831262056498 16.952 0.012
0.4741791997265864 16.684 0.01
0.4744345598702694 17.083 0.013
0.47486108916236847 16.849 0.009
0.475564726044604 17.179 0.011
0.4755817605443099 17.069 0.013
0.4786760149057955 16.603 0.01
0.48169911787467756 17.052 0.012
0.4819039605216858 16.924 0.012
0.48269864958970177 17.089 0.017
0.4828615690948027 16.565 0.009
0.48356417424101894 16.568 0.011
0.48451950455446424 17.065 0.013
0.4858011390967022 16.974 0.012
0.4870700785631016 16.693 0.009
0.4892665209189545 16.733 0.01
0.49079153894981575 16.812 0.008
0.49214824461435003 17.146 0.012
0.49240006344543874 16.839 0.012
0.49604267500117205 16.571 0.008
0.4969795003620675 16.464 0.009
0.4973906706062735 16.825 0.01
0.4979553775847535 17.153 0.017
0.4986232846062194 17.136 0.011
0.4990914622302626 17.117 0.015
0.4995975684691075 16.595 0.01
0.5014571884816178 16.914 0.015
0.5030635264130524 16.916 0.013
0.504779886793267 16.967 0.01
0.5053947522436829 16.461 0.011
0.5084869236483428 16.441 0.01
0.510168002487626 16.478 0.009
0.5103559191365094 16.512 0.009
0.5110601370343147 16.998 0.014
0.5114985417752905 16.478 0.009
0.5118750693917719 16.434 0.01
0.5120184519310215 16.994 0.016
0.5125133047362397 16.45 0.01
0.5141434296705484 16.435 0.01
0.5157080998779066 17.036 0.012
0.5157742705316878 17.049 0.011
0.5175806536698474 17.033 0.01
0.5185473364071186 16.433 0.01
0.5209229467535806 16.431 0.008
0.522298494972938 16.566 0.01
0.5231507338372922 16.561 0.01
0.5236349334317311 16.447 0.008
0.5239963937089215 16.756 0.01
0.5244075374508498 16.984 0.009
0.5252123470094375 16.43 0.01
0.5259637339940127 16.436 0.01
0.5278738257947225 16.463 0.01
0.5307938204158745 16.437 0.008
0.5311818665795954 16.902 0.014
0.5319599045518771 16.663 0.01
0.5335652613502134 16.449 0.009
0.5345277709710899 16.442 0.01
0.5348453288499059 16.487 0.009
0.5367368409007668 16.467 0.011
0.536976012766354 16.823 0.01
0.5375022898059797 16.815 0.011
0.5375097246238966 16.596 0.009
0.537890589171434 16.788 0.01
0.5393216839214802 16.436 0.009
0.5405941767975492 16.434 0.01
0.5407559221752308 16.464 0.009
0.5413451538761592 16.743 0.012
0.5458031245015263 16.488 0.01
0.5464989698497448 16.442 0.008
0.5467288940407343 16.43 0.01
0.5468425615948945 16.437 0.008
0.5476792847072375 16.68 0.01
0.5485312801587497 16.466 0.01
0.5503214894237317 16.528 0.009
0.553336198235138 16.481 0.009
0.5535997309160848 16.484 0.009
0.5536305042317281 16.605 0.01
0.5547842308946201 16.421 0.01
0.5547959303397875 16.455 0.008
0.5550481926885823 16.43 0.009
0.5560181901318174 16.423 0.009
0.5565345396757039 16.456 0.009
0.5567801965302351 16.45 0.01
0.5608855976510313 16.476 0.008
0.560912938063234 16.463 0.008
0.5613655012220079 16.471 0.009
0.5615718361140353 16.476 0.01
0.5633952657562077 16.474 0.013
0.5635200999426161 16.459 0.01
0.5657543816185125 16.44 0.009
0.5668048890310274 16.499 0.012
0.5677577579705485 16.431 0.01
0.5678195795966531 16.423 0.01
0.5681889979013249 16.52 0.01
0.5708590926490956 16.463 0.007
0.5713276029811368 16.423 0.008
0.5723994576307178 16.436 0.008
0.5734009155984495 16.478 0.009
0.5743862960978504 16.434 0.007
0.5758438730344096 16.432 0.01
0.5759742495830779 16.449 0.01
0.5769964087634435 16.499 0.009
0.579293481194236 16.435 0.008
0.5800372405509734 16.531 0.01
0.5805811692111092 16.546 0.011
0.5809525449796183 16.475 0.01
0.5824422669714068 16.45 0.008
0.5835987130116337 16.535 0.01
0.5847902355934821 16.546 0.01
0.585542637415665 16.454 0.009
0.5874337637543704 16.467 0.01
0.5879669524951169 16.549 0.01
0.5886830000398732 16.495 0.01
0.5886981419913809 16.422 0.008
0.5892178184302793 16.534 0.009
0.5894836244773615 16.583 0.011
0.5907729733562178 16.433 0.008
0.5907957647285912 16.424 0.007
0.5917781149355165 16.432 0.007
0.5919720778569172 16.526 0.008
0.5929499777369301 16.449 0.009
0.5931427063241245 16.508 0.009
0.5931510788738251 16.457 0.008
0.5936122507928531 16.434 0.009
0.5952232584553713 16.557 0.01
0.5992083479283338 16.504 0.01
0.6003678579658299 16.516 0.011
0.6026488193159821 16.528 0.01
0.6038474126115944 16.437 0.008
0.6054570171385422 16.46 0.008
0.606987498025228 16.573 0.01
0.6070589265358649 16.524 0.012
0.6102866552409069 16.582 0.009
0.6105401615278879 16.536 0.009
0.6117913022730136 16.506 0.008
0.6124666803106266 16.586 0.011
0.6145240649610969 16.573 0.012
0.6153756674051692 16.615 0.009
0.6175832232962876 16.443 0.007
0.618123082632701 16.553 0.01
0.6182257257618403 16.602 0.009
0.6199621726344958 16.628 0.011
0.6205870980908458 16.528 0.01
0.6208676917739467 16.551 0.01
0.6214281799269884 16.497 0.01
0.6216354719435003 16.586 0.009
0.6218401578857083 16.604 0.01
0.6236184242933632 16.611 0.01
0.6238733698218312 16.603 0.015
0.6261038063802516 16.622 0.01
0.6271960922348626 16.605 0.01
0.6280078567096666 16.472 0.008
0.6284584262065437 16.636 0.01
0.6288377213105832 16.55 0.01
0.6310043135851174 16.531 0.008
0.6329471701473267 16.647 0.01
0.6335761240201464 16.616 0.009
0.6364397525770983 16.609 0.009
0.6375098834795608 16.537 0.009
0.6377225996606285 16.523 0.007
0.6379317889342474 16.615 0.011
0.638798277820024 16.571 0.01
0.6389615082404362 16.585 0.012
0.6391456592779378 16.573 0.01
0.6399577878575201 16.592 0.01
0.6425076241465831 16.612 0.009
0.6426675710726159 16.536 0.011
0.6432945409796048 16.656 0.01
0.6442731206808731 16.552 0.009
0.6444502179037045 16.631 0.01
0.6446876757185237 16.605 0.01
0.6448688229656 16.658 0.012
0.6448755393634201 16.668 0.01
0.6449258664510126 16.574 0.009
0.6454760534006937 16.546 0.008
0.651538541805985 16.664 0.017
0.6517397489507403 16.57 0.008
0.6520084020841296 16.562 0.009
0.6521978471768307 16.599 0.011
0.6523003360020084 16.598 0.01
0.6532476963758654 16.599 0.01
0.6534760584189826 16.585 0.01
0.6541396767119295 16.658 0.011
0.654384330640562 16.539 0.008
0.6546069527097643 16.655 0.011
0.6576298580665935 16.696 0.012
0.6586060029889268 16.715 0.012
0.6586737622930287 16.62 0.012
0.6604774718552108 16.572 0.008
0.6607076371510857 16.58 0.008
0.6624109023386154 16.676 0.01
0.6625284391115202 16.667 0.012
0.6626759706658959 16.697 0.013
0.6628243290500905 16.605 0.01
0.6629209428048398 16.583 0.008
0.6639005978282967 16.658 0.008
0.6667036655948323 16.658 0.01
0.668544086336533 16.693 0.01
0.6720431368557002 16.693 0.01
0.6727687117790083 16.698 0.017
0.6743173649100754 16.648 0.012
0.6766086274641566 16.638 0.008
0.6767744156629988 16.605 0.008
0.6768127227877813 16.701 0.01
0.6774181138643144 16.724 0.011
0.677449304287984 16.639 0.012
0.6785100935125229 16.648 0.009
0.679389694582278 16.692 0.01
0.6797467359289385 16.607 0.008
0.67975430094898 16.667 0.01
0.680530885182202 16.641 0.009
0.6807429529379988 16.701 0.01
0.68127889947001 16.597 0.009
0.6817832168610721 16.613 0.009
0.682283824138176 16.676 0.01
0.6832269752902903 16.631 0.009
0.6842162106958313 16.698 0.01
0.6867254930893069 16.705 0.01
0.6869660945925716 16.695 0.012
0.6876471523049986 16.647 0.011
0.6879403566630572 16.656 0.01
0.6891692484520263 16.637 0.01
0.6900061572642017 16.625 0.009
0.6905450763751105 16.671 0.01
0.6913257758264081 16.664 0.012
0.6931946653061459 16.732 0.011
0.6933149551613497 16.659 0.01
0.6947823221886665 16.701 0.014
0.6948762672622252 16.683 0.01
0.6950856565482809 16.615 0.008
0.6951018063204174 16.733 0.011
0.6955165613700501 16.657 0.013
0.695928425933198 16.639 0.008
0.6973987413458872 16.673 0.01
0.69771222269801 16.728 0.011
0.6984484965413685 16.708 0.01
0.6994653736710689 16.629 0.008
0.699739962174499 16.711 0.011
0.7000501407327647 16.716 0.009
0.7005946528091954 16.71 0.01
0.7038435720463895 16.704 0.01
0.7057363280353229 16.648 0.01
0.7071377462142664 16.691 0.011
0.707215891122496 16.684 0.008
0.708025334121794 16.686 0.012
0.7081554309666217 16.635 0.01
0.70858803294052 16.665 0.01
0.708660551178491 16.697 0.011
0.7097959029983031 16.738 0.011
0.7105901388526036 16.718 0.009
0.7112318649991721 16.75 0.009
0.7114890524971088 16.713 0.01
0.712226657079691 16.662 0.009
0.7133978834605387 16.69 0.01
0.7137833188413879 16.696 0.011
0.7156550144076391 16.705 0.011
0.717024598446551 16.725 0.011
0.7174711081301212 16.731 0.009
0.7182409639616708 16.756 0.01
0.7200411466164042 16.762 0.009
0.7228190291388273 16.762 0.011
0.7243013284095469 16.772 0.013
0.7245849643894872 16.686 0.009
0.724833224917029 16.723 0.01
0.7255620857348731 16.755 0.011
0.7257223749728837 16.705 0.009
0.7263319415668775 16.771 0.01
0.7283379865997631 16.742 0.01
0.7283789502165746 16.684 0.008
0.7290209825690909 16.773 0.01
0.7310157933761957 16.664 0.007
0.7310549322245606 16.792 0.012
0.7311608466578946 16.703 0.011
0.7325609244943735 16.764 0.009
0.7343539327352119 16.77 0.012
0.734565761695103 16.715 0.012
0.734569500804264 16.723 0.012
0.7361059169683358 16.772 0.012
0.7361945462866061 16.764 0.011
0.7364739176392959 16.696 0.01
0.7369030722121807 16.711 0.01
0.7376717950077364 16.721 0.01
0.7410629710439253 16.69 0.009
0.7422786302357963 16.75 0.011
0.7430658748825408 16.747 0.011
0.7430710556337999 16.765 0.011
0.7432942899293608 16.707 0.011
0.7434041990748256 16.699 0.01
0.7439874738910476 16.767 0.012
0.7440862670076968 16.787 0.011
0.7448871444621773 16.709 0.01
0.7456519618412131 16.746 0.01
0.7478354078101802 16.777 0.012
0.7482036784887441 16.756 0.014
0.748879921954449 16.785 0.01
0.750150105359262 16.776 0.01
0.7501943548708369 16.712 0.009
0.7504705802267836 16.742 0.01
0.7507132935901609 16.761 0.01
0.7510090341192154 16.773 0.01
0.7517707078094645 16.79 0.011
0.751891077170933 16.701 0.009
0.7558770370591447 16.806 0.01
0.7563567188248271 16.784 0.011
0.7598210374221935 16.726 0.008
0.7613868673519392 16.785 0.01
0.7620432292318583 16.802 0.011
0.7629158149008163 16.769 0.012
0.7629446042507425 16.765 0.013
0.7641150085113623 16.779 0.013
0.7646457334766638 16.807 0.011
0.7657700004796425 16.727 0.01
0.766578189937627 16.828 0.012
0.767910949493762 16.781 0.01
0.7687498857652827 16.794 0.011
0.7691665863675553 16.782 0.01
0.7695863823631953 16.804 0.008
0.7705774257313124 16.735 0.013
0.7718069878309507 16.826 0.01
0.7733068422249062 16.714 0.01
0.7735983976332591 16.742 0.009
0.7740712738917864 16.803 0.01
0.7753912781658073 16.813 0.01
0.7759042429162492 16.783 0.013
0.7764860952971958 16.781 0.012
0.7768418059967189 16.823 0.011
0.7769395527872348 16.793 0.012
0.7771134026214895 16.783 0.011
0.7792800937944776 16.82 0.01
0.7794182618773903 16.764 0.012
0.7796716621563974 16.794 0.011
0.7802645220641807 16.799 0.01
0.7803053435667607 16.813 0.012
0.7813009914723011 16.743 0.009
0.7826149591701551 16.748 0.011
0.7826362004911062 16.812 0.014
0.7832836111139386 16.746 0.01
0.7843368981108597 16.802 0.012
0.7847458962884503 16.775 0.011
0.7857859143970473 16.779 0.013
0.7861119750278022 16.757 0.009
0.787560880411229 16.765 0.008
0.7900649700487975 16.788 0.01
0.7907206979092735 16.816 0.014
0.791287941058863 16.784 0.01
0.7914134165597716 16.852 0.015
0.7915638386006322 16.819 0.012
0.7916353659171819 16.797 0.01
0.7916734343383723 16.813 0.01
0.7930675189055819 16.77 0.011
0.7942155007002839 16.826 0.012
0.7943372490962247 16.809 0.011
0.7965605232453982 16.827 0.012
0.7982408957613188 16.793 0.01
0.7990860590181456 16.795 0.01
0.7993581499494212 16.816 0.01
0.8001324922128333 16.835 0.011
0.8013823625177793 16.861 0.012
0.8026846379733797 16.808 0.011
0.8065188811864573 16.86 0.011
0.8075279932835656 16.861 0.013
0.8079319770171424 16.791 0.01
0.8079651708925667 16.858 0.011
0.8085708728836153 16.776 0.012
0.8100751559967648 16.814 0.011
0.8117626257281018 16.774 0.009
0.8127662220580533 16.842 0.012
0.8141006523573197 16.864 0.01
0.8157115442226314 16.883 0.01
0.81642769777593 16.783 0.009
0.8164553251875987 16.852 0.01
0.8166467036426411 16.781 0.01
0.8183423243034668 16.844 0.01
0.820385172026954 16.86 0.014
0.8210592120298316 16.827 0.013
0.8211850322426472 16.855 0.01
0.8214414869156826 16.832 0.011
0.8217260197203814 16.832 0.01
0.8217407398543856 16.82 0.011
0.8224185213672627 16.816 0.013
0.8233707008818328 16.817 0.01
0.8243053107757078 16.873 0.012
0.8245562447858902 16.838 0.01
0.8268212251658952 16.846 0.011
0.827967439812619 16.837 0.017
0.8289090794196682 16.792 0.01
0.8294760984557797 16.875 0.012
0.8296850706330133 16.808 0.01
0.8331334348545397 16.805 0.009
0.8336303825287473 16.806 0.009
0.8339543265903103 16.832 0.011
0.8352234395674373 16.843 0.008
0.835345072351538 16.876 0.011
0.8353669307008659 16.821 0.013
0.8355017502812189 16.843 0.01
0.8360871488688645 16.835 0.011
0.8361255740982415 16.869 0.013
0.8372608005182883 16.887 0.011
0.8374192961990957 16.869 0.014
0.8387570846042763 16.828 0.012
0.8392666068481504 16.867 0.013
0.8400550689306329 16.839 0.011
0.8416097586379238 16.823 0.011
0.8422001186653688 16.875 0.01
0.8433713232533592 16.814 0.009
0.8441931094133907 16.912 0.012
0.8452889535714349 16.885 0.01
0.8453918450076344 16.897 0.012
0.8457130840971786 16.846 0.013
0.845790604589206 16.815 0.009
0.8462360921402251 16.857 0.015
0.8492195573376421 16.829 0.011
0.8498328027411844 16.857 0.011
0.8504408094951487 16.837 0.012
0.8506046571291336 16.904 0.017
0.8508316136350459 16.846 0.01
0.8510472396025307 16.856 0.011
0.8522461656060273 16.816 0.01
0.8532141525810403 16.889 0.012
0.8538079767227146 16.825 0.009
0.8540802629571772 16.875 0.013
0.8564026315346155 16.83 0.01
0.8569927697566527 16.895 0.012
0.8569945272082805 16.873 0.011
0.8580839586811863 16.82 0.01
0.8592263620079393 16.893 0.01
0.861025009016339 16.904 0.014
0.8613425668953824 16.879 0.011
0.8624986030294167 16.887 0.011
0.8625202878683013 16.901 0.015
0.8628933197890319 16.846 0.01
0.8634614887590942 16.93 0.017
0.8657673677470484 16.928 0.013
0.8678221632220812 16.866 0.01
0.8689288413974282 16.916 0.011
0.8692419972438984 16.911 0.014
0.8718966583320708 16.873 0.013
0.8719238372381369 16.841 0.015
0.8732847546183621 16.881 0.011
0.8740061323237228 16.831 0.008
0.8743007663198569 16.881 0.013
0.8752393057310656 16.905 0.013
0.8790759379218344 16.845 0.012
0.879109114898165 16.896 0.012
0.8793547452507028 16.898 0.012
0.8803778904583851 16.927 0.014
0.8824010591012211 16.9 0.016
0.8827545904390718 16.925 0.01
0.8840764147724031 16.86 0.012
0.8841328411371251 16.868 0.011
0.885689418497941 16.886 0.012
0.886144717840034 16.909 0.009
0.8864747224869461 16.886 0.013
0.8868728433398246 16.923 0.012
0.8884543383382152 16.904 0.011
0.8885356148379288 16.92 0.015
0.8892598180217647 16.916 0.01
0.8901444430464608 16.872 0.01
0.8911171140652187 16.877 0.01
0.8924734871142391 16.909 0.014
0.8932287120141155 16.916 0.014
0.8942317031342327 16.857 0.009
0.8946641146991624 16.892 0.012
0.8952822442517118 16.878 0.01
0.8970125654385811 16.926 0.012
0.8974566859593779 16.875 0.01
0.8982543427123574 16.874 0.01
0.9001731904662847 16.928 0.009
0.9003663842719561 16.892 0.01
0.9018947291973746 16.948 0.012
0.9029969305433042 16.938 0.01
0.9039975591880648 16.938 0.01
0.9040585490905869 16.934 0.01
0.9056083401509568 16.947 0.014
0.9062895448711515 16.863 0.01
0.9068625810913545 16.884 0.008
0.9070410596572401 16.944 0.01
0.9074175751769872 16.897 0.013
0.9086170435968143 16.873 0.01
0.9092998081570386 16.866 0.01
0.9099434605567694 16.935 0.012
0.9126370843961468 16.939 0.016
0.9142989036648942 16.89 0.015
0.9143994012291842 16.939 0.011
0.9148797749129699 16.958 0.013
0.9149511744278925 16.899 0.01
0.9149681510291657 16.894 0.01
0.9194726662325593 16.934 0.014
0.9214936893110007 16.902 0.011
0.9223611473252277 16.88 0.01
0.9226847851810135 16.889 0.01
0.9245704704566379 16.952 0.01
0.9265639144186025 16.949 0.01
0.9271417263784315 16.937 0.01
0.9272333739849273 16.937 0.01
0.927466456269849 16.922 0.013
0.9274974827873393 16.916 0.012
0.9279078358054221 16.921 0.011
0.9282351356649997 16.941 0.01
0.9282820683560203 16.899 0.009
0.9288907598253445 16.924 0.012
0.9294627256176909 16.884 0.01
0.9308244482193914 16.943 0.014
0.9309870012192732 16.949 0.01
0.9313066877640722 16.897 0.01
0.9314519628511789 16.919 0.011
0.9325822906243048 16.974 0.014
0.932681855165265 16.953 0.01
0.9335997849674641 16.992 0.012
0.9338332095639089 16.942 0.018
0.9359076817187543 16.923 0.011
0.9360417539754963 16.962 0.014
0.9370619001017758 16.903 0.01
0.938109181919026 16.959 0.01
0.938167481346818 16.926 0.01
0.9382130375894576 16.929 0.014
0.9390038670420836 16.947 0.01
0.9395327332569195 16.915 0.011
0.9409351566698888 16.905 0.01
0.9410611407900774 16.907 0.009
0.9420123535768653 16.876 0.01
0.9425561497263516 16.963 0.016
0.9443310362343255 16.978 0.013
0.9453432485271606 16.926 0.012
0.9470261162145107 16.974 0.013
0.9480054601375741 16.918 0.01
0.9500198561135221 16.974 0.012
0.95034673646378 16.991 0.015
0.9519793227717855 16.968 0.01
0.9523578778479532 16.969 0.013
0.9531746133660818 16.972 0.013
0.9560329816648846 16.969 0.014
0.9600516193280783 16.925 0.01
0.9616120033005245 16.973 0.009
0.9618179716875034 16.937 0.013
0.9636236581985941 16.959 0.012
0.9647232389724195 16.92 0.01
0.9688594617041645 16.946 0.01
0.969342870574701 16.974 0.011
0.9701531549013908 16.97 0.014
0.972720276398286 16.985 0.013
0.9734366059554077 16.934 0.012
0.9744081897405522 16.966 0.013
0.9766162110353435 16.996 0.012
0.977151444041192 17.009 0.012
0.9771582713418866 16.995 0.013
0.9788115564616874 16.97 0.012
0.9790872707048038 16.975 0.013
0.9795803322616848 17.005 0.014
0.9800636422338812 16.961 0.017
0.9826568409058836 16.952 0.012
0.9831320941374542 16.96 0.012
0.983619811036442 16.972 0.012
0.98364488537768 16.96 0.011
0.9840753296901084 16.973 0.01
0.9844571248599094 16.961 0.012
0.9846659380249547 16.987 0.01
0.9855068631567518 16.991 0.012
0.9856076548302553 17.03 0.012
0.9878457696192071 16.99 0.014
0.9894920370301405 16.978 0.012
0.990634604263414 16.993 0.014
0.9920750357977339 16.977 0.012
0.9922564867573782 16.976 0.013
0.9922978482753932 16.983 0.015
0.9933910767562337 16.992 0.012
0.9936161553051988 16.985 0.012
0.9940533160151062 16.98 0.011
0.9941950641949915 17.014 0.01
0.9989867832856816 16.996 0.014
0.9994405903820733 17.011 0.011
