0.00035618338392851 16.188 0.009
0.004044104704007623 16.206 0.008
0.00577801529232147 16.185 0.008
0.00877432654021959 16.215 0.008
0.009589555409093009 16.18 0.008
0.009656825874685637 16.215 0.008
0.010363074655742821 16.205 0.008
0.011431795951807544 16.234 0.008
0.013282107429404277 16.216 0.009
0.0152314114670844 16.198 0.009
0.015521420190339086 16.224 0.008
0.016266627640561637 16.204 0.009
0.018460552372744132 16.212 0.01
0.01962973969818904 16.205 0.01
0.022664267123616355 16.217 0.009
0.02292390237903419 16.199 0.008
0.02309236754865651 16.203 0.009
0.023189701922774475 16.211 0.008
0.023431287681432877 16.22 0.009
0.023666116833965134 16.216 0.008
0.02399955554119515 16.203 0.011
0.024788073473700933 16.204 0.009
0.02647171868534315 16.24 0.009
0.02810860602721732 16.195 0.009
0.02853122963210808 16.225 0.008
0.028696957420834224 16.213 0.009
0.0291635068542746 16.183 0.008
0.029955463208125366 16.193 0.008
0.030174696261838108 16.217 0.008
0.030314081812321092 16.187 0.008
0.031013813971298987 16.214 0.008
0.03122491112071657 16.216 0.008
0.03166029878320842 16.19 0.009
0.03441737428738634 16.221 0.009
0.03451204291332033 16.225 0.008
0.034884581007645465 16.225 0.009
0.03552959465264394 16.204 0.009
0.03757279258502422 16.228 0.008
0.039444013235311104 16.241 0.009
0.03979740166732881 16.186 0.008
0.04049396968730434 16.202 0.008
0.040500959369182965 16.213 0.007
0.04100623233762235 16.217 0.008
0.04237410812663711 16.213 0.008
0.04384037421118592 16.24 0.009
0.04588913441284603 16.225 0.008
0.04837522140815054 16.231 0.011
0.05111771783231234 16.228 0.008
0.052416840229852824 16.218 0.009
0.052597490710468264 16.189 0.008
0.05486885305731448 16.23 0.011
0.055858321470623196 16.196 0.009
0.056849021555990475 16.213 0.008
0.056874088368658704 16.187 0.009
0.05905607007707658 16.219 0.009
0.06127650515463756 16.208 0.008
0.061817150990009395 16.25 0.007
0.06210241592862076 16.214 0.008
0.06214031382523899 16.232 0.009
0.06258120158065594 16.225 0.008
0.0660894848326734 16.225 0.008
0.06653373246831507 16.209 0.009
0.06968874473250253 16.215 0.008
0.06973982883960161 16.25 0.008
0.0720445161985026 16.201 0.009
0.07370945923230465 16.253 0.008
0.07385366686304451 16.248 0.007
0.0739672589836573 16.235 0.008
0.07397137772068163 16.225 0.008
0.0746209204967272 16.243 0.008
0.07481039386061639 16.241 0.008
0.07636406205983803 16.235 0.009
0.07806496591638279 16.239 0.008
0.08029576692160845 16.222 0.008
0.0812861533315754 16.23 0.009
0.08162837807685719 16.232 0.008
0.08177580256733563 16.216 0.008
0.08221319663311988 16.204 0.008
0.08225716876268052 16.214 0.009
0.0823986942805277 16.231 0.01
0.08259112403948166 16.245 0.01
0.0828672155747654 16.211 0.009
0.0853768061028859 16.246 0.008
0.08666354490060257 16.227 0.009
0.08812098579892336 16.223 0.008
0.08832518562439873 16.246 0.01
0.09015754917527374 16.234 0.008
0.09041622983340858 16.254 0.008
0.09105238605280874 16.213 0.008
0.09123633168997003 16.241 0.009
0.09318234953775573 16.228 0.011
0.09362642191308623 16.247 0.008
0.0937147233566975 16.245 0.01
0.09383002687314956 16.252 0.008
0.09486564653207097 16.243 0.007
0.09555609911251395 16.224 0.009
0.09663386460846368 16.272 0.009
0.09673922180309091 16.242 0.008
0.09690142826826786 16.245 0.009
0.0973442252179666 16.256 0.008
0.09736270838175187 16.258 0.009
0.09815232162895882 16.272 0.008
0.09954210469595637 16.256 0.009
0.10004968392644287 16.24 0.009
0.10181544581269009 16.253 0.01
0.10263196162122767 16.244 0.009
0.10384424913627299 16.204 0.009
0.10428129498404815 16.247 0.01
0.10492035899403618 16.221 0.008
0.10567315584239623 16.258 0.008
0.1058693604813925 16.252 0.008
0.10738071728405885 16.242 0.008
0.10876602903590538 16.234 0.008
0.10895862944937562 16.274 0.008
0.10938630081273004 16.233 0.011
0.11074567635978383 16.238 0.008
0.11101433533440286 16.249 0.008
0.1139849524197416 16.256 0.008
0.11436586846048158 16.242 0.008
0.11460374151556607 16.255 0.009
0.11664584849359017 16.254 0.008
0.11888398048949966 16.256 0.01
0.11965883964126078 16.257 0.008
0.1205111824638152 16.261 0.008
0.12234528710268933 16.247 0.008
0.12274832762324195 16.26 0.008
0.12367443680795986 16.255 0.01
0.12509140617476078 16.256 0.008
0.12598422513519836 16.263 0.008
0.12625510952739205 16.296 0.009
0.12666652569146208 16.269 0.01
0.1277273646398953 16.26 0.008
0.12788274516879028 16.264 0.009
0.12868851459325015 16.273 0.011
0.12982324704893244 16.255 0.01
0.13014444517716584 16.258 0.008
0.13051806937528454 16.276 0.008
0.13055872537836422 16.254 0.008
0.1306727002588559 16.281 0.009
0.13157409315135737 16.268 0.008
0.13231180150387445 16.28 0.008
0.1324203573806244 16.258 0.008
0.132446074571817 16.262 0.008
0.13649009867663153 16.258 0.012
0.1375111348943392 16.269 0.009
0.14148133942717322 16.28 0.008
0.14213549448095364 16.244 0.008
0.1427744500128938 16.28 0.008
0.14289984698780245 16.271 0.008
0.14343098732160797 16.276 0.01
0.14366733830297562 16.272 0.008
0.1485635622098016 16.265 0.008
0.1488312274391319 16.265 0.008
0.14980376930498096 16.245 0.009
0.15065522686029453 16.248 0.009
0.1508530988963912 16.28 0.008
0.15126684640847543 16.284 0.009
0.15233600548754112 16.289 0.008
0.15258119801956127 16.254 0.009
0.15303124305842175 16.276 0.009
0.15328896451353557 16.263 0.008
0.15362327031061795 16.296 0.01
0.15392536483341246 16.276 0.01
0.15660529542810764 16.262 0.009
0.15845369055796255 16.287 0.009
0.15919590040721232 16.24 0.01
0.16363384434953332 16.29 0.008
0.16440485698808516 16.267 0.009
0.16450754613174468 16.275 0.009
0.16697260650971657 16.229 0.008
0.1682352655766408 16.265 0.009
0.1697841533909923 16.287 0.008
0.1702564452043589 16.291 0.011
0.1725569007426202 16.275 0.008
0.17302272865481427 16.291 0.01
0.1730428121887826 16.273 0.008
0.17337834710997413 16.276 0.009
0.17401161371674334 16.28 0.008
0.17403560133448082 16.262 0.008
0.17517670993902357 16.301 0.008
0.17524326530201506 16.271 0.01
0.17627400761193712 16.282 0.009
0.17669090059644077 16.294 0.01
0.1767098174275361 16.302 0.01
0.17675681733999227 16.28 0.009
0.17969829953813132 16.301 0.009
0.18192150884215152 16.294 0.009
0.1824799690398322 16.285 0.008
0.18373570981202647 16.265 0.01
0.18403494029826106 16.267 0.009
0.18442824454450601 16.263 0.009
0.18443953743508246 16.298 0.008
0.18515621201686372 16.279 0.008
0.18601039289160326 16.305 0.008
0.18680324166621176 16.306 0.01
0.18724327360087045 16.304 0.009
0.18816726839418152 16.28 0.009
0.18834441572926153 16.287 0.008
0.18871290671927454 16.299 0.009
0.19079493872277453 16.297 0.008
0.19315704718951565 16.276 0.008
0.1945309207280843 16.304 0.01
0.195369450480257 16.275 0.008
0.19741711281903918 16.287 0.01
0.19898055898806888 16.266 0.008
0.19973047567998492 16.321 0.01
0.20183408541242898 16.285 0.009
0.20295248618594997 16.292 0.009
0.20300638342223465 16.277 0.008
0.2036406117797469 16.28 0.009
0.20470452481214352 16.3 0.009
0.205448636947267 16.265 0.008
0.20666638540694748 16.283 0.01
0.2076233268130636 16.287 0.008
0.20765940968612995 16.279 0.012
0.2092470003103699 16.304 0.011
0.2101974202441852 16.292 0.009
0.21041332820465186 16.284 0.009
0.21134324245122116 16.33 0.011
0.2123362900038046 16.283 0.008
0.21316921118545906 16.272 0.009
0.21429209939424254 16.301 0.009
0.2151324600447424 16.297 0.008
0.21516575742271016 16.31 0.009
0.21731642488327907 16.296 0.012
0.21808503223894604 16.298 0.011
0.21896328823868316 16.276 0.009
0.21902200755539525 16.29 0.009
0.21958812853927157 16.307 0.01
0.22008377371184906 16.291 0.01
0.22042666265247135 16.282 0.009
0.2212696844455877 16.298 0.008
0.22134848038786004 16.3 0.008
0.22283080362740293 16.298 0.008
0.22327679695672487 16.29 0.008
0.22533957797350013 16.292 0.01
0.22594847395794204 16.31 0.008
0.2263590023069355 16.289 0.009
0.22661929024388883 16.28 0.008
0.22787412708112242 16.301 0.008
0.23164301449264713 16.293 0.009
0.2316962500812565 16.3 0.008
0.23345652799434902 16.3 0.009
0.23687065022329534 16.286 0.009
0.23739607581114797 16.31 0.01
0.2374565756085758 16.294 0.009
0.23807047123631264 16.31 0.008
0.23895865028475782 16.286 0.009
0.2390829243104804 16.282 0.008
0.2395662089114694 16.276 0.009
0.23966421899535817 16.301 0.008
0.23984808173031524 16.294 0.009
0.24003465857299489 16.293 0.008
0.24042004617416524 16.295 0.01
0.24055282480230744 16.282 0.009
0.24070309720991645 16.292 0.009
0.24433219994625688 16.277 0.008
0.2447528404213699 16.294 0.01
0.24650169187998472 16.3 0.008
0.24683000198524496 16.308 0.009
0.24797619543824112 16.297 0.011
0.25030380964221877 16.312 0.009
0.25048502044626275 16.297 0.009
0.25160254927959613 16.31 0.009
0.2520293860379752 16.302 0.008
0.25283593734684473 16.305 0.009
0.25535529663392253 16.294 0.008
0.25594903479213826 16.308 0.009
0.2562308454345157 16.313 0.008
0.2564406006209765 16.306 0.008
0.2576447361116152 16.308 0.008
0.2605718032200457 16.281 0.009
0.26187382444140894 16.309 0.008
0.26261692210596266 16.319 0.009
0.2642196012259319 16.3 0.009
0.26686562090935695 16.295 0.011
0.2670820221660506 16.297 0.009
0.269553242226948 16.287 0.008
0.2695663429872184 16.312 0.009
0.2696003135274623 16.312 0.009
0.2697700308494859 16.319 0.009
0.2706524055861337 16.294 0.01
0.2710921934203725 16.295 0.008
0.2717394023011366 16.311 0.008
0.2717554318223847 16.297 0.009
0.2726315570657789 16.317 0.008
0.27278170281715575 16.283 0.012
0.27386936833386244 16.315 0.011
0.27632268858201314 16.313 0.01
0.2767332353540155 16.293 0.01
0.2773738767058376 16.308 0.008
0.27810587285966903 16.297 0.008
0.2787267788949066 16.3 0.008
0.27918235856918727 16.292 0.008
0.2804236172250967 16.302 0.008
0.2818406740998398 16.315 0.008
0.2856049886266874 16.304 0.01
0.2864660783391173 16.301 0.008
0.28901342374365413 16.314 0.008
0.2893080606190779 16.296 0.009
0.28961982718180934 16.309 0.011
0.2900451579860146 16.313 0.009
0.29107204942295084 16.308 0.008
0.29144146507360347 16.303 0.009
0.2928632772466244 16.307 0.011
0.29609936868615705 16.285 0.008
0.29765806416253326 16.305 0.008
0.2978331915221588 16.31 0.01
0.29897104157089416 16.322 0.009
0.2992990978746093 16.3 0.009
0.29935106979678494 16.289 0.009
0.2996165487568305 16.295 0.009
0.3003637073425125 16.31 0.01
0.30136000169204635 16.314 0.009
0.3015745789587072 16.315 0.008
0.30203365692830175 16.298 0.008
0.30205326304121627 16.301 0.008
0.3031432875391147 16.299 0.01
0.30328434739487875 16.315 0.009
0.30364972975849014 16.298 0.008
0.3043662938042644 16.291 0.01
0.3058221548135407 16.315 0.011
0.30620794129436035 16.311 0.009
0.3062380102983866 16.314 0.008
0.30656153286577137 16.299 0.009
0.30702296521099015 16.303 0.008
0.3073672677473951 16.303 0.009
0.307673377379615 16.313 0.009
0.30871315516839104 16.297 0.008
0.30994227226688054 16.315 0.01
0.3100475465596446 16.302 0.009
0.31079880521429004 16.31 0.008
0.31109670064597594 16.296 0.009
0.3157843662511368 16.319 0.012
0.31615788451904336 16.317 0.009
0.31721373994378155 16.316 0.009
0.31786032196384895 16.309 0.01
0.31844352148254984 16.321 0.008
0.31845202172405607 16.316 0.008
0.3187835118439466 16.31 0.012
0.31888262184816085 16.317 0.008
0.31920164086068326 16.285 0.01
0.31951171445030013 16.304 0.008
0.3200958987476952 16.301 0.01
0.3206242277651654 16.291 0.008
0.32085998848674535 16.326 0.01
0.32154920939524345 16.328 0.011
0.3238570261064524 16.311 0.011
0.3248312261580395 16.314 0.01
0.32512158309850747 16.318 0.009
0.32654705015920626 16.308 0.009
0.3290059603109512 16.306 0.008
0.32975550115133956 16.297 0.009
0.3304176836315378 16.314 0.01
0.33132800788507666 16.299 0.009
0.33508279363741167 16.306 0.009
0.33759695014168756 16.313 0.008
0.33789254622070075 16.318 0.008
0.3384196115712257 16.305 0.008
0.33854596108540136 16.282 0.008
0.33872894497199013 16.301 0.008
0.33968241135562494 16.267 0.008
0.33968700496598103 16.302 0.009
0.3407310972324922 16.285 0.008
0.3411423565592031 16.306 0.008
0.34428520678557106 16.317 0.01
0.34488807483830897 16.298 0.009
0.3460165920982945 16.308 0.009
0.3466557139242923 16.303 0.008
0.34738115406338466 16.295 0.008
0.3476029305702468 16.303 0.01
0.3481268665686912 16.293 0.009
0.34825942618272165 16.293 0.008
0.3483990332948679 16.293 0.008
0.35032170214481084 16.292 0.008
0.3520807511786188 16.323 0.008
0.3524744036426455 16.288 0.008
0.35276588353190164 16.286 0.01
0.35804553493835556 16.297 0.008
0.3582656995608886 16.31 0.008
0.36089246134906716 16.296 0.008
0.3622594099297203 16.319 0.008
0.36238493610767364 16.322 0.008
0.36382287682408787 16.276 0.008
0.3640597489797983 16.316 0.01
0.36417863139104156 16.26 0.008
0.3641878833359442 16.305 0.008
0.36948021589722657 16.31 0.01
0.3706940298466179 16.32 0.01
0.3707219010670997 16.292 0.008
0.3708027034125507 16.294 0.01
0.37133020679129913 16.31 0.008
0.3713862949025497 16.277 0.008
0.3720676567368173 16.318 0.008
0.372697284575338 16.266 0.011
0.3730249026061756 16.303 0.009
0.3734487277017706 16.295 0.008
0.37367857333060783 16.267 0.012
0.3753825673918527 16.274 0.008
0.3759906725247788 16.272 0.009
0.37772914218095366 16.29 0.01
0.3777444289653431 16.293 0.009
0.3782953297018139 16.292 0.008
0.38020852323234067 16.295 0.008
0.3812084588976177 16.287 0.008
0.38127412644530523 16.324 0.008
0.3814966180548254 16.306 0.009
0.38261515239264554 16.282 0.008
0.3826388772422433 16.266 0.01
0.38372905857750084 16.292 0.008
0.38768919037784144 16.293 0.009
0.3887636535641832 16.272 0.008
0.3901845085924833 16.281 0.011
0.3920812875383035 16.287 0.009
0.3926570429821368 16.293 0.009
0.3930064605483494 16.301 0.008
0.3930661623414835 16.275 0.009
0.3933233787415702 16.271 0.008
0.39402439759567187 16.304 0.009
0.39452383837397065 16.285 0.009
0.39598417809656894 16.289 0.008
0.3963280032116927 16.308 0.008
0.3971788034803012 16.305 0.008
0.39963739304835144 16.295 0.008
0.39983452489570936 16.269 0.008
0.404274041573899 16.278 0.009
0.40441679161040156 16.296 0.009
0.4065880893557505 16.256 0.009
0.4065926898745147 16.287 0.011
0.40681045176143016 16.259 0.008
0.40736093289251585 16.282 0.008
0.40791105429207164 16.28 0.01
0.40899998347509836 16.268 0.009
0.40943582528529987 16.274 0.011
0.41131074942768464 16.244 0.008
0.41146893181712585 16.278 0.009
0.4118268539859855 16.291 0.008
0.41196029450702554 16.275 0.009
0.41207844594009657 16.272 0.009
0.41214997306769874 16.291 0.008
0.41375117666052574 16.26 0.008
0.4138157762827177 16.243 0.008
0.4138930020364455 16.276 0.012
0.41407322090799425 16.256 0.008
0.4144241121885557 16.278 0.01
0.41473390894816475 16.276 0.012
0.4155461678501524 16.267 0.011
0.4177708854103912 16.266 0.008
0.4197574763597913 16.254 0.008
0.42003972502993747 16.247 0.009
0.4202538732354242 16.251 0.009
0.4205729751497529 16.236 0.009
0.4216981233180377 16.252 0.009
0.4223129300343089 16.261 0.008
0.42453969775209544 16.264 0.012
0.42586271795653374 16.255 0.008
0.42814966924879627 16.254 0.009
0.43002050944232906 16.257 0.009
0.43115658386091127 16.235 0.008
0.4331925060700996 16.246 0.008
0.4365570616602099 16.244 0.009
0.4365813537415306 16.233 0.008
0.43702814943594603 16.238 0.008
0.4390290886921093 16.258 0.009
0.43904719345709964 16.278 0.008
0.4402111736387724 16.287 0.008
0.4415841593618097 16.236 0.008
0.4419116671017491 16.277 0.01
0.4424086703570538 16.253 0.009
0.4426142932344419 16.248 0.008
0.4430702462127556 16.254 0.009
0.4448279878258177 16.28 0.012
0.44607022180434797 16.268 0.008
0.4467207470568155 16.269 0.008
0.44702616025381303 16.28 0.009
0.4479091620955842 16.282 0.008
0.4482277384743725 16.251 0.009
0.44933980660812267 16.247 0.008
0.4498452663513035 16.2 0.009
0.4503989044685568 16.239 0.009
0.4513171617321632 16.215 0.008
0.45474814348182235 16.259 0.01
0.4557479154009343 16.254 0.008
0.4584796861659015 16.215 0.01
0.46005069846023616 16.26 0.008
0.4611162394967323 16.229 0.009
0.4616180374432588 16.261 0.008
0.4630873614923985 16.27 0.008
0.46452058860609213 16.25 0.009
0.4655576057402868 16.254 0.008
0.46564025765189854 16.23 0.009
0.46605598829410155 16.245 0.008
0.46622245627168013 16.203 0.009
0.4674604057099714 16.232 0.008
0.4694185144526273 16.243 0.008
0.46970372412351935 16.242 0.008
0.4706168571460694 16.228 0.008
0.4710829524312885 16.203 0.008
0.4719073342230331 16.192 0.008
0.4720069403160778 16.262 0.008
0.4722044040158835 16.239 0.007
0.47576609581392404 16.238 0.008
0.4786120517526342 16.218 0.01
0.4827595397323421 16.237 0.01
0.4832395381436072 16.183 0.008
0.4861568413439272 16.231 0.009
0.4879994505849936 16.216 0.01
0.4886575488703784 16.197 0.009
0.4891561320150686 16.218 0.01
0.4892698878820738 16.229 0.008
0.4914450344430179 16.222 0.009
0.4916975462069786 16.188 0.008
0.4921460507498523 16.221 0.01
0.4924180813636667 16.21 0.008
0.4927055440859931 16.206 0.008
0.49366243482950267 16.218 0.008
0.4946331918536089 16.214 0.008
0.4951677680612647 16.181 0.008
0.4980320662014037 16.191 0.008
0.4982488202811055 16.215 0.008
0.4986589448999439 16.242 0.009
0.4993865526407717 16.213 0.008
0.49957065305721926 16.207 0.008
0.5004209549342704 16.173 0.008
0.5005530604006481 16.213 0.008
0.5012265286177353 16.223 0.009
0.5012548033239455 16.188 0.009
0.5013128814737229 16.197 0.009
0.5022872659965287 16.215 0.011
0.5025786906180656 16.221 0.008
0.5029012701022566 16.21 0.008
0.5035185693641324 16.186 0.008
0.5061723260721465 16.209 0.008
0.5062813407023441 16.176 0.008
0.5071856554473015 16.229 0.01
0.5078627002558278 16.235 0.009
0.5080331879486266 16.229 0.008
0.509690866773326 16.22 0.008
0.5102298429085295 16.198 0.008
0.5103343583450624 16.219 0.008
0.5105489839716029 16.173 0.009
0.5109886978700615 16.208 0.009
0.5116228684119051 16.206 0.008
0.5116766435980935 16.192 0.009
0.5119788074505323 16.207 0.008
0.5150108904447279 16.218 0.009
0.5153699864697501 16.16 0.008
0.5157608071367576 16.211 0.008
0.5181110206935955 16.204 0.009
0.5181371508267603 16.152 0.008
0.5184470330359545 16.189 0.008
0.5192666735915736 16.197 0.008
0.5205128328692012 16.19 0.009
0.5224594849757409 16.218 0.008
0.5226350664831898 16.187 0.008
0.5244748047788335 16.174 0.008
0.5245497818420972 16.175 0.008
0.5254213249895656 16.184 0.008
0.525887415669331 16.17 0.008
0.5262790110675724 16.161 0.007
0.5272347440750309 16.199 0.008
0.5272436316827225 16.163 0.008
0.5278323934703621 16.204 0.009
0.5280355141007931 16.176 0.01
0.5289716988108921 16.198 0.008
0.5292881370351097 16.158 0.008
0.5296098865198928 16.21 0.008
0.5311652983541535 16.143 0.009
0.5314147270674994 16.173 0.009
0.531484916837826 16.155 0.008
0.5319925556968883 16.189 0.008
0.5325016222132035 16.161 0.011
0.5327197760716444 16.165 0.009
0.5328164441924059 16.162 0.008
0.5336084532664245 16.135 0.008
0.5356850660209602 16.154 0.009
0.5361279947222215 16.165 0.008
0.5379501653028456 16.156 0.012
0.5387900068362796 16.139 0.008
0.5440472502698412 16.135 0.008
0.544143922751573 16.129 0.008
0.5451289313637062 16.154 0.007
0.5454212368917979 16.183 0.008
0.5460061613785001 16.166 0.009
0.5460601095219317 16.161 0.007
0.5463840726649778 16.133 0.008
0.547723240080245 16.162 0.009
0.5478384786274546 16.164 0.008
0.5495388960971468 16.063 0.008
0.5507950956230161 16.148 0.008
0.5508898151563244 16.175 0.009
0.552367090393318 16.119 0.008
0.553150041450408 16.143 0.008
0.5555242014190753 16.142 0.008
0.5559702500160029 16.146 0.008
0.5582692850503008 16.145 0.008
0.5597466526455719 16.152 0.008
0.560442081596193 16.138 0.008
0.5607096452558835 16.167 0.008
0.561300334905809 16.128 0.009
0.5622032705973652 16.162 0.008
0.5625583218209158 16.123 0.008
0.562559345748241 16.179 0.008
0.5640417636491293 16.164 0.009
0.564148513713917 16.133 0.008
0.5653913451060362 16.123 0.008
0.5656621949556211 16.133 0.007
0.5658912425797098 16.126 0.008
0.5662083728784637 16.156 0.007
0.5680709113632929 16.144 0.008
0.5689739092313175 16.133 0.008
0.5693842229275106 16.159 0.008
0.5715955076302635 16.122 0.009
0.5727585147919854 16.159 0.008
0.5747821895133711 16.127 0.008
0.5754016819529397 16.142 0.008
0.5783288204493147 16.127 0.008
0.5791350002677973 16.158 0.007
0.5796913573431084 16.141 0.008
0.5800620829620584 16.153 0.008
0.5817877491681429 16.155 0.009
0.5826293896056995 16.138 0.008
0.5835791407380384 16.156 0.009
0.5846252394073872 16.114 0.008
0.5851942819990654 16.135 0.009
0.5860118795504832 16.128 0.01
0.5868417588876582 16.123 0.008
0.5907394699361248 16.15 0.008
0.591255065078542 16.145 0.009
0.5922582869334292 16.142 0.01
0.5924683440357512 16.124 0.008
0.5942685633392557 16.124 0.008
0.5957863840432083 16.127 0.008
0.5983291082033588 16.131 0.007
0.5993065435372955 16.119 0.009
0.6007534317341197 16.136 0.01
0.6008552192461138 16.123 0.008
0.6012971585620335 16.107 0.007
0.6020346755344121 16.13 0.008
0.6030749258936794 16.154 0.008
0.6030893732227014 16.16 0.008
0.6034624603707925 16.128 0.008
0.6035988155904306 16.129 0.008
0.604375484915181 16.129 0.008
0.6048654503737225 16.116 0.008
0.6052093563330345 16.124 0.008
0.6053135629447866 16.128 0.009
0.6084908127726294 16.125 0.008
0.6087720375157915 16.107 0.008
0.6090390221852431 16.117 0.008
0.609567718087419 16.132 0.008
0.609587038159134 16.128 0.008
0.6113389130393898 16.093 0.008
0.6118031311254981 16.113 0.008
0.6150677600389827 16.126 0.008
0.6169932125710602 16.113 0.008
0.6191589339850907 16.112 0.008
0.6197138544367817 16.117 0.008
0.6199319136342183 16.112 0.008
0.6199538398254845 16.117 0.007
0.6211272884183927 16.107 0.008
0.6220569560168769 16.113 0.009
0.622578708293986 16.126 0.008
0.6227643075111473 16.129 0.008
0.6250191352817183 16.138 0.008
0.625475146075587 16.121 0.008
0.6270236304039827 16.118 0.008
0.6274160238072 16.12 0.008
0.6276317447484416 16.117 0.008
0.628414195356072 16.097 0.008
0.6303934829479658 16.11 0.008
0.6310967824877025 16.135 0.008
0.6312921801555831 16.123 0.008
0.6319394560632645 16.115 0.008
0.6356882760607618 16.128 0.008
0.6362791778162773 16.127 0.008
0.6372773493653767 16.116 0.008
0.6377067160047432 16.114 0.008
0.6380738832099269 16.123 0.008
0.6385284156835951 16.118 0.008
0.6390347402134466 16.156 0.009
0.6390693821022069 16.131 0.008
0.6392109237399382 16.14 0.008
0.6392396205991417 16.111 0.008
0.6394897250221447 16.145 0.008
0.6404802380880028 16.106 0.008
0.641915953386615 16.111 0.008
0.6451720776981347 16.143 0.009
0.6456578458783042 16.11 0.008
0.6459170963159977 16.099 0.007
0.6463161588176263 16.112 0.008
0.6488979314576682 16.112 0.007
0.6503749393204998 16.123 0.009
0.6510573458072031 16.102 0.008
0.6538548073938273 16.111 0.008
0.6549411468222388 16.084 0.009
0.6556855680269109 16.111 0.008
0.6559371047130753 16.117 0.008
0.656674538538482 16.114 0.008
0.6569794121379005 16.107 0.008
0.6571094925334364 16.105 0.008
0.6578856452888431 16.118 0.008
0.6593171039253889 16.108 0.008
0.6595384769466364 16.115 0.008
0.6597467886003869 16.116 0.008
0.6599614994318017 16.1 0.008
0.660145957032455 16.12 0.007
0.6611701458755874 16.107 0.008
0.6637666774614104 16.115 0.008
0.666154666620514 16.122 0.008
0.6672259106439924 16.135 0.009
0.668533623338476 16.114 0.009
0.6702801895057746 16.106 0.008
0.6703366051087869 16.111 0.008
0.6707556889678017 16.113 0.008
0.6727662281414268 16.104 0.008
0.6739557965557879 16.11 0.008
0.6757562599591438 16.104 0.008
0.6759959480377802 16.119 0.008
0.676915934630415 16.108 0.008
0.6771181513254305 16.116 0.008
0.677131545035536 16.11 0.009
0.6776635706369234 16.103 0.008
0.6776798007492744 16.125 0.011
0.6782766129917945 16.105 0.008
0.6791310845129601 16.106 0.008
0.6792430555381088 16.123 0.008
0.6818314074660066 16.099 0.008
0.6822546998723737 16.116 0.009
0.6830266279603165 16.104 0.008
0.6831174477705986 16.099 0.008
0.6836435790048654 16.113 0.008
0.6839143710380995 16.113 0.009
0.6851812386526035 16.107 0.008
0.685334926453379 16.108 0.008
0.6853712239801553 16.089 0.007
0.6862698357376757 16.095 0.008
0.6867791419936111 16.117 0.008
0.6874793861165927 16.105 0.008
0.6902137374252106 16.098 0.008
0.6906128713144426 16.121 0.008
0.6908377728127562 16.11 0.008
0.6912578066633159 16.099 0.008
0.6914315733924923 16.127 0.008
0.6923109825229403 16.113 0.008
0.6924648962462925 16.113 0.008
0.6930269330355259 16.105 0.007
0.6942186483261139 16.121 0.008
0.6945369755091519 16.121 0.009
0.6950511082063713 16.121 0.008
0.6955257313677521 16.093 0.008
0.6960960261112632 16.125 0.008
0.696531789625169 16.095 0.008
0.6968187127497458 16.122 0.008
0.6975393377169894 16.117 0.008
0.6984852123996461 16.134 0.008
0.7017874557167261 16.125 0.009
0.7029926727054772 16.117 0.008
0.7052923952085166 16.099 0.009
0.7075539821330494 16.103 0.01
0.7103636011515846 16.118 0.008
0.7103706000448256 16.091 0.008
0.71041663384608 16.104 0.009
0.7128659484412765 16.12 0.008
0.7133525261403975 16.109 0.008
0.7137826168489028 16.104 0.008
0.7145486042682023 16.121 0.009
0.7164507078023234 16.107 0.008
0.7168410118997599 16.104 0.008
0.7174588970610785 16.118 0.008
0.7187890914187847 16.114 0.008
0.7189636515470283 16.109 0.008
0.7199833964641584 16.091 0.007
0.7210717351422318 16.095 0.008
0.7211599467752876 16.094 0.008
0.7215326394043586 16.115 0.008
0.7233350124922708 16.108 0.008
0.7237602880286431 16.114 0.008
0.7244111267109474 16.101 0.008
0.724986697928216 16.14 0.009
0.7252779311696145 16.094 0.009
0.7254856292904606 16.103 0.008
0.7272321401896988 16.107 0.009
0.7273782040499555 16.104 0.008
0.7280998736696347 16.129 0.01
0.7292798186485925 16.111 0.008
0.7320225179669251 16.121 0.008
0.732416191156517 16.114 0.008
0.7348004793707332 16.103 0.009
0.7348413060283292 16.107 0.008
0.7351415535331398 16.107 0.008
0.736662021562438 16.115 0.009
0.7371403758500037 16.115 0.008
0.7377165465383655 16.132 0.009
0.7388360124455176 16.108 0.009
0.7393047757818749 16.113 0.008
0.741589762366857 16.141 0.01
0.7424401614526914 16.121 0.008
0.7424488505262161 16.13 0.009
0.742621332863564 16.131 0.008
0.7427258876928136 16.117 0.008
0.7427748477070963 16.103 0.007
0.7428155543723278 16.114 0.008
0.7429235704066741 16.094 0.009
0.7448817505373881 16.088 0.009
0.7477287278552467 16.12 0.008
0.7479052987473551 16.115 0.008
0.7488938934077396 16.128 0.008
0.7492088489511843 16.14 0.008
0.7500391990456592 16.121 0.009
0.7506968567556669 16.131 0.008
0.7515500991525528 16.107 0.008
0.7525193548285642 16.118 0.008
0.7534362514616078 16.108 0.008
0.7569260310691561 16.091 0.009
0.7587018196313693 16.123 0.008
0.7624520048650538 16.101 0.008
0.763656324827025 16.111 0.008
0.7642611598903386 16.122 0.008
0.7654747274364126 16.118 0.007
0.765839969082208 16.131 0.01
0.7663497711819218 16.108 0.008
0.7665291669623002 16.105 0.008
0.7668753377321877 16.1 0.008
0.7686171741772796 16.12 0.009
0.77051886016352 16.137 0.01
0.7705951518009897 16.105 0.008
0.7720286994981507 16.113 0.008
0.7740341218285494 16.113 0.008
0.7758567491050599 16.111 0.008
0.7769007950696505 16.133 0.009
0.7770121643209222 16.121 0.009
0.7793776603020888 16.111 0.008
0.779553663962588 16.11 0.008
0.7803761685545396 16.125 0.008
0.7817905322921206 16.106 0.008
0.7826220882373036 16.11 0.008
0.7834873174122094 16.108 0.008
0.7837183368974365 16.112 0.008
0.7839101323972955 16.118 0.009
0.7869263772504382 16.108 0.007
0.7869356245894323 16.118 0.008
0.7886810125398824 16.125 0.009
0.7922619392047636 16.11 0.008
0.793486197622542 16.112 0.008
0.7943542079322015 16.112 0.009
0.7944155446377863 16.132 0.009
0.7944250155965165 16.092 0.008
0.7953109142043786 16.131 0.008
0.7956438202227218 16.131 0.01
0.7959556579280616 16.111 0.008
0.7970051602319472 16.153 0.008
0.7971930125004292 16.133 0.008
0.7977377906445327 16.143 0.008
0.7989003203855418 16.127 0.008
0.7989722973001108 16.111 0.007
0.7991538721967117 16.126 0.009
0.8000863787455046 16.124 0.008
0.802090214277996 16.12 0.01
0.8046019447738217 16.123 0.009
0.8053092430582183 16.138 0.01
0.8053279337218555 16.141 0.008
0.8069679575689861 16.122 0.008
0.8071315221168334 16.125 0.008
0.8083814654862636 16.101 0.008
0.8092834463354848 16.116 0.008
0.8097193966236773 16.142 0.008
0.8111960608753179 16.132 0.008
0.8131832351755293 16.115 0.007
0.8132106013408702 16.117 0.008
0.8143409842869005 16.11 0.008
0.816374469218033 16.109 0.008
0.8176633157434026 16.142 0.008
0.8186075046064616 16.151 0.007
0.8190306286614941 16.125 0.008
0.8196031764564395 16.139 0.007
0.8215133580788461 16.135 0.01
0.8218322987950728 16.136 0.008
0.822375723217192 16.124 0.009
0.8229844554552983 16.121 0.008
0.823699834375816 16.121 0.009
0.8274547444812015 16.116 0.008
0.8280688245802139 16.136 0.009
0.8283147757238112 16.129 0.008
0.8286502991313682 16.125 0.008
0.8305583131518688 16.133 0.011
0.8314389977078918 16.142 0.009
0.8370657189684607 16.125 0.007
0.8378801731059866 16.135 0.008
0.8380280704118377 16.135 0.008
0.8406960508291377 16.127 0.009
0.8420805645769178 16.144 0.008
0.8453353075317409 16.159 0.008
0.8459642870498101 16.143 0.008
0.8478982674575946 16.148 0.007
0.8493275050382181 16.148 0.01
0.8496253382930945 16.165 0.008
0.8497267589195872 16.149 0.008
0.8498469536015136 16.12 0.008
0.8513103556494457 16.11 0.008
0.8521735507870289 16.139 0.008
0.8525847522982986 16.129 0.008
0.8529592323165502 16.152 0.01
0.8537764952227462 16.125 0.008
0.855671224011644 16.156 0.008
0.8558284055020522 16.147 0.008
0.8589695422747354 16.12 0.009
0.8590233335805806 16.125 0.008
0.8598980014746758 16.134 0.009
0.8605502563003711 16.15 0.009
0.8615653336715923 16.155 0.008
0.8635079524910338 16.143 0.01
0.8644347811391526 16.137 0.009
0.8651292207055121 16.138 0.008
0.8661361854458391 16.118 0.009
0.866159077748307 16.156 0.008
0.8688634411419116 16.163 0.008
0.8690879435155239 16.149 0.008
0.8691928741961874 16.125 0.009
0.8710361798721351 16.159 0.008
0.8710979226107725 16.158 0.008
0.8713288497376652 16.142 0.008
0.8714145570655774 16.171 0.008
0.8741506379477642 16.13 0.008
0.8741912154096099 16.17 0.008
0.8742073439525484 16.125 0.008
0.8762367377810278 16.161 0.01
0.8762589175287303 16.17 0.008
0.8774353066414733 16.13 0.008
0.8775896238503265 16.179 0.009
0.8788005694021876 16.155 0.008
0.8794185535850829 16.125 0.008
0.8825075572374317 16.138 0.008
0.8826117451817481 16.154 0.007
0.8835102394948535 16.168 0.008
0.8847710812356127 16.153 0.008
0.8849121134574034 16.152 0.008
0.8861936289918049 16.136 0.008
0.8898028283051076 16.166 0.008
0.8898734998570035 16.134 0.009
0.8898791752102397 16.146 0.008
0.8904458355468705 16.176 0.009
0.8910768767364061 16.173 0.009
0.8919921568797236 16.134 0.008
0.8944776904604623 16.112 0.008
0.8954374639079106 16.177 0.009
0.8968124560344677 16.186 0.01
0.8970024666931522 16.17 0.008
0.8978286609603856 16.165 0.008
0.8981029400201805 16.148 0.008
0.9034284888707589 16.133 0.008
0.9074556071532243 16.164 0.008
0.9077583684190813 16.156 0.008
0.908585074650091 16.142 0.008
0.9108776229993509 16.152 0.008
0.9109943237467633 16.151 0.007
0.9127086051939273 16.164 0.009
0.9133975262445801 16.173 0.009
0.9139403834351469 16.174 0.008
0.9161938416086741 16.167 0.008
0.9181796069190113 16.171 0.008
0.9192883497148614 16.156 0.008
0.9230307311420347 16.203 0.01
0.9238890051769886 16.188 0.008
0.924742162124403 16.166 0.009
0.9249494199143555 16.181 0.008
0.9250012833583696 16.181 0.009
0.9251122028224472 16.165 0.008
0.9253576721841341 16.177 0.008
0.9274422775779385 16.17 0.009
0.9277178640581951 16.18 0.008
0.9289764251129782 16.17 0.008
0.929006244921311 16.167 0.008
0.9306037286573883 16.178 0.008
0.933644989660479 16.182 0.008
0.9368190755935757 16.161 0.007
0.9373465237044911 16.177 0.008
0.9406332264356934 16.167 0.008
0.9414762205947227 16.162 0.008
0.9419422534588193 16.178 0.008
0.942404038627501 16.162 0.009
0.9431499611803247 16.186 0.009
0.9440932184745634 16.152 0.008
0.9447512269498475 16.203 0.009
0.945149855784166 16.173 0.008
0.9469529598495683 16.175 0.009
0.947204957592021 16.184 0.009
0.9472435242900019 16.149 0.008
0.9473980999059677 16.172 0.008
0.9480583266449685 16.192 0.008
0.9491522045641432 16.182 0.008
0.9510225860038872 16.175 0.008
0.9518496289381346 16.154 0.009
0.9521079959213239 16.173 0.009
0.9531791268609595 16.172 0.01
0.9543524142554816 16.198 0.01
0.9547183940323976 16.172 0.009
0.9558895112777464 16.17 0.008
0.9559848694302673 16.181 0.008
0.9571549169365312 16.2 0.008
0.95723543324101 16.171 0.008
0.9574322606243868 16.18 0.008
0.9585375373642364 16.147 0.008
0.9591128939282498 16.192 0.008
0.9598971319253451 16.171 0.008
0.9599784160527634 16.181 0.008
0.9615078776196242 16.196 0.009
0.9617295392298502 16.203 0.009
0.9623526937108409 16.173 0.008
0.9631140644914922 16.169 0.009
0.9643899786087786 16.178 0.009
0.9657169814377085 16.167 0.008
0.9665348486655603 16.182 0.008
0.9680090961196584 16.188 0.008
0.968400666431819 16.195 0.009
0.9685735451007531 16.164 0.008
0.968595478200541 16.163 0.009
0.9695570272787108 16.188 0.008
0.9706029389292326 16.184 0.008
0.9724592118011515 16.206 0.008
0.9730170469516679 16.199 0.009
0.9732956612147063 16.207 0.009
0.9757940811473418 16.231 0.008
0.9758537115524746 16.181 0.007
0.9762479796074786 16.183 0.008
0.9777603301554336 16.188 0.008
0.9784582127490467 16.187 0.008
0.979515069072022 16.206 0.008
0.9805395854075982 16.185 0.011
0.9808662879895564 16.182 0.008
0.9828200083193224 16.179 0.008
0.9836936315605271 16.197 0.01
0.9852324857901067 16.231 0.009
0.9857053169562278 16.2 0.009
0.9859906949786819 16.191 0.008
0.9868671315948632 16.206 0.009
0.9871835884864595 16.18 0.008
0.9876813505979953 16.205 0.008
0.9886531985764577 16.188 0.008
0.9899241132947054 16.206 0.009
0.993802903151618 16.218 0.008
0.9938806314128215 16.181 0.008
0.9942004090368641 16.175 0.01
0.9942484234202311 16.149 0.008
0.9978949649129163 16.211 0.009
0.9983928122296675 16.224 0.008
0.9993230562713507 16.214 0.008
0.9996414758122683 16.18 0.01
