0.0004288894060664461 16.569 0.011
0.0009874583652162983 16.572 0.01
0.0017806899047627667 16.588 0.011
0.0036243073266177817 16.567 0.009
0.0037518629801525094 16.594 0.01
0.003825076593329868 16.609 0.01
0.005523073661379385 16.573 0.011
0.006249357357091867 16.59 0.01
0.007732485233646003 16.579 0.01
0.008232786972030226 16.599 0.009
0.009167853105964241 16.58 0.012
0.012929724177183743 16.553 0.012
0.016783003625505444 16.57 0.012
0.017045243962229506 16.605 0.012
0.01806143237718061 16.604 0.012
0.01878224397739814 16.564 0.009
0.02030398786337173 16.597 0.01
0.022005201143201703 16.605 0.011
0.022264643281232566 16.574 0.009
0.02287425144277222 16.585 0.012
0.024545615126498888 16.553 0.009
0.025497338465356734 16.596 0.009
0.026636835324097774 16.606 0.011
0.027092267646366963 16.586 0.011
0.027229070713474357 16.593 0.01
0.02728908065773794 16.577 0.009
0.027366042355652098 16.599 0.009
0.02743811578864097 16.606 0.011
0.0277121984936457 16.599 0.01
0.02908288376283963 16.577 0.008
0.030531454467336516 16.588 0.011
0.03311753070488521 16.623 0.012
0.03384990223867135 16.62 0.01
0.03666578854540603 16.61 0.009
0.03687121259440573 16.631 0.01
0.037559733347734436 16.62 0.011
0.03765123578705243 16.573 0.012
0.038465070344955166 16.567 0.013
0.04143089764374963 16.595 0.01
0.0429782439155133 16.568 0.007
0.04374224820071504 16.622 0.009
0.0445718775399655 16.599 0.011
0.04476736584115315 16.615 0.012
0.045734106243344286 16.594 0.012
0.046066750716818206 16.624 0.01
0.04766180695605726 16.622 0.012
0.048135679638505735 16.596 0.011
0.048435842135859275 16.615 0.009
0.050003747152459255 16.646 0.01
0.05096946783351086 16.58 0.01
0.051552486884702375 16.598 0.011
0.05423613827974805 16.625 0.012
0.05619005160656343 16.595 0.008
0.056641153933924215 16.623 0.012
0.057478556362866584 16.641 0.01
0.058991969725411764 16.621 0.012
0.059181331677791604 16.642 0.011
0.0598729292223652 16.617 0.011
0.060055089553316066 16.612 0.01
0.06139734592051127 16.607 0.013
0.06501461360176108 16.617 0.008
0.06519228472018312 16.621 0.01
0.0659366944305475 16.601 0.009
0.06595176704468031 16.639 0.008
0.06724816727069083 16.625 0.011
0.06861878763197637 16.626 0.009
0.06970588014610257 16.612 0.01
0.07293614895024803 16.636 0.009
0.0765696877344908 16.624 0.009
0.07696572309714611 16.628 0.011
0.07741143527755412 16.647 0.01
0.07790631579314322 16.652 0.01
0.07866861227194022 16.617 0.012
0.07971204597151882 16.625 0.01
0.0811880720523277 16.63 0.01
0.0844126589181542 16.611 0.011
0.08486453979980979 16.656 0.012
0.08554053753493918 16.639 0.01
0.08619874832675123 16.613 0.008
0.08697377106705062 16.632 0.01
0.08745907278307641 16.627 0.009
0.0876390704561345 16.64 0.011
0.08794719608806645 16.633 0.011
0.08960706775178551 16.603 0.009
0.09106218858141801 16.622 0.009
0.09129819650661375 16.657 0.01
0.09148190183287852 16.643 0.011
0.09195961031127808 16.64 0.012
0.09253354283964654 16.624 0.011
0.09372896716604373 16.646 0.009
0.09599683132569226 16.633 0.011
0.09673104156638601 16.656 0.01
0.09871884737071923 16.657 0.011
0.09919819682704656 16.647 0.012
0.10092451169452943 16.673 0.009
0.10372641661479065 16.612 0.014
0.10454946667493914 16.645 0.009
0.10515554043672637 16.642 0.009
0.10775955623694244 16.653 0.012
0.10835929823673496 16.634 0.014
0.10855041611148408 16.686 0.012
0.10976247316648369 16.644 0.011
0.11040735406731983 16.651 0.01
0.11218097408755057 16.666 0.01
0.1145387673739151 16.652 0.011
0.11486555941337429 16.648 0.012
0.11591594529568283 16.651 0.008
0.11647918223519582 16.641 0.01
0.11783158252023895 16.666 0.012
0.12052804980976362 16.671 0.012
0.12316073267311367 16.646 0.012
0.1232501175637708 16.651 0.011
0.12492170729501595 16.641 0.012
0.12500238516577156 16.665 0.012
0.12890089649226866 16.681 0.011
0.12901062092851134 16.667 0.013
0.12973263018102443 16.652 0.011
0.1321816330304273 16.65 0.012
0.13234200588954081 16.633 0.011
0.13271024129085163 16.656 0.008
0.1335800712299715 16.666 0.011
0.13607944775139913 16.649 0.012
0.1360865806223046 16.669 0.01
0.13622990081807984 16.644 0.012
0.13628194654302206 16.686 0.01
0.13706192629831548 16.657 0.01
0.1370691298402562 16.66 0.01
0.13795076998735567 16.664 0.01
0.13829052945550302 16.688 0.012
0.13957863131781778 16.655 0.012
0.1412257022070662 16.667 0.009
0.14172653030391302 16.659 0.012
0.14389955811134314 16.68 0.007
0.14440909707036553 16.672 0.012
0.14446087247449668 16.685 0.01
0.14614451909466197 16.683 0.012
0.14617093411584392 16.689 0.01
0.1469943928327666 16.631 0.011
0.1474950119229561 16.669 0.012
0.14839117109272593 16.669 0.01
0.15096072294682017 16.66 0.008
0.15107744275474033 16.659 0.009
0.15172945268477633 16.676 0.012
0.15413440151041868 16.666 0.013
0.15508462772163512 16.666 0.009
0.15546233574741564 16.669 0.011
0.1559191642870701 16.678 0.012
0.15712733383679733 16.668 0.01
0.15732271295632927 16.676 0.012
0.1574761083206795 16.668 0.01
0.15771061360374006 16.676 0.01
0.15880468361245903 16.65 0.009
0.1589214589716903 16.7 0.011
0.1591569011914089 16.674 0.009
0.16049832153169064 16.688 0.012
0.1608639377509462 16.69 0.01
0.16097196073138775 16.672 0.011
0.16305898843438626 16.676 0.01
0.16328705853686643 16.679 0.01
0.1652488466993418 16.669 0.012
0.16574434020026274 16.69 0.012
0.16581503529232577 16.674 0.01
0.16594997325591976 16.703 0.012
0.1686277034667114 16.636 0.007
0.17091359381561233 16.694 0.01
0.17247695791013484 16.645 0.01
0.17521486471935077 16.679 0.01
0.17531353110496184 16.692 0.011
0.17642922193226696 16.681 0.009
0.17693902352812074 16.664 0.01
0.1796993307948469 16.681 0.01
0.17978142935953656 16.672 0.011
0.18045197203946373 16.681 0.012
0.1804684917447048 16.69 0.012
0.18270806258101402 16.693 0.01
0.18287179382969043 16.667 0.012
0.18665297152665516 16.68 0.012
0.1875444720723749 16.67 0.011
0.18799231775665248 16.689 0.011
0.188276985784114 16.687 0.008
0.18875215870116335 16.708 0.012
0.1900625328780734 16.676 0.015
0.1908072343794629 16.685 0.013
0.19174148512070133 16.66 0.011
0.1921884645391856 16.695 0.01
0.19226998035765064 16.704 0.012
0.19268631374961842 16.681 0.01
0.19493659805129937 16.696 0.01
0.19532018190238887 16.672 0.01
0.1981301912990716 16.725 0.012
0.19985970917980467 16.702 0.012
0.20131382540807863 16.662 0.009
0.20174970166590356 16.685 0.01
0.20301519022206094 16.689 0.012
0.20350077161538138 16.678 0.012
0.2052281719477378 16.695 0.011
0.20534221510138195 16.683 0.01
0.20593689090492262 16.671 0.011
0.2059473953640918 16.685 0.011
0.20686660072431096 16.684 0.009
0.20691372794561858 16.699 0.012
0.20828319217139324 16.7 0.012
0.20855313684774046 16.685 0.013
0.21338955018109118 16.72 0.015
0.21405614596255873 16.715 0.012
0.21426903426925037 16.695 0.011
0.2163424232496709 16.679 0.011
0.21775901085447913 16.704 0.012
0.21816718229774779 16.714 0.012
0.21903876431701974 16.683 0.009
0.2199508029732442 16.686 0.009
0.22046599663781308 16.679 0.011
0.2215516401399782 16.708 0.012
0.22197124613069263 16.69 0.01
0.2265606432763434 16.703 0.01
0.22812095697690893 16.701 0.012
0.22844024432697552 16.694 0.01
0.22888524093968954 16.663 0.01
0.23097913779156443 16.709 0.01
0.23226596857375625 16.712 0.015
0.23301366023952141 16.672 0.01
0.23390243709968672 16.712 0.015
0.23421737741455217 16.716 0.01
0.23438284670874054 16.724 0.012
0.23470036109563353 16.713 0.012
0.2353593655611803 16.712 0.012
0.2362307828475423 16.684 0.01
0.23634393333838943 16.706 0.012
0.2384233837597094 16.714 0.012
0.24009560602490865 16.689 0.008
0.24404774766685478 16.697 0.009
0.244598852368199 16.701 0.01
0.24580286985451494 16.677 0.011
0.24782806294047077 16.723 0.01
0.24806659514956664 16.693 0.011
0.24863850995484427 16.709 0.012
0.24957737696763616 16.689 0.011
0.250348375788235 16.699 0.012
0.25144973212331934 16.705 0.011
0.25325163034767684 16.711 0.012
0.25331267020578707 16.701 0.009
0.2540600568817126 16.707 0.012
0.2541110556524018 16.702 0.012
0.25441462632738876 16.715 0.011
0.254850711591871 16.7 0.012
0.25653514252917375 16.731 0.013
0.2570524771329019 16.691 0.01
0.2577607074060779 16.711 0.013
0.2585135021063252 16.691 0.008
0.25877727616011725 16.715 0.012
0.25928162930040344 16.687 0.011
0.25966717808069006 16.702 0.012
0.2603150227490687 16.724 0.01
0.2621009606232292 16.718 0.014
0.26246576228618324 16.689 0.009
0.2637172573422504 16.705 0.012
0.2645143321130945 16.676 0.008
0.26454347081977403 16.723 0.011
0.2650283677207881 16.69 0.013
0.2655821180010207 16.71 0.009
0.2665963989593365 16.712 0.011
0.26671422870822425 16.697 0.007
0.2672354103856378 16.736 0.012
0.26907619109806546 16.699 0.012
0.26972043729517736 16.716 0.012
0.2699487070480018 16.713 0.014
0.27049418152000726 16.7 0.011
0.2716841903866225 16.723 0.011
0.27396287719375323 16.723 0.01
0.27462063973302975 16.704 0.016
0.2748722259971146 16.711 0.011
0.27617699717825417 16.715 0.012
0.2786338476303172 16.713 0.012
0.2789869237903986 16.732 0.01
0.2803967693043887 16.711 0.012
0.28056547352298367 16.714 0.013
0.2808784904254935 16.697 0.013
0.28165660507625034 16.701 0.01
0.28470514668191527 16.721 0.011
0.2868685937680766 16.719 0.014
0.28767047401902346 16.71 0.013
0.28799202853042516 16.689 0.008
0.2880448349328617 16.703 0.011
0.2893146149731365 16.714 0.012
0.290246004529763 16.736 0.012
0.29078128337414455 16.702 0.012
0.29117452053833404 16.74 0.014
0.29146866202654564 16.693 0.013
0.29222461546578415 16.737 0.01
0.2964386754140378 16.708 0.01
0.2984459685330876 16.753 0.011
0.29922628351710046 16.717 0.011
0.2994581047100837 16.698 0.008
0.2998225062365236 16.735 0.011
0.3020604069406545 16.706 0.01
0.30412531469960413 16.723 0.011
0.30540676853297555 16.731 0.013
0.3069536129221433 16.704 0.011
0.3103799717353013 16.768 0.014
0.3105610587153933 16.734 0.01
0.31086602285085974 16.749 0.011
0.31133978827256215 16.71 0.012
0.3136888038679899 16.729 0.011
0.3148277047821466 16.729 0.012
0.3150277076083512 16.746 0.011
0.3152596803358847 16.696 0.011
0.31600248373706563 16.72 0.011
0.31757741052206256 16.734 0.012
0.31819922351382957 16.759 0.011
0.3198285723669869 16.791 0.013
0.32060891842616 16.774 0.011
0.32066005361178895 16.772 0.013
0.32106188585748896 16.716 0.009
0.32126573575715156 16.721 0.01
0.3213262596982531 16.722 0.013
0.32252548490293975 16.775 0.01
0.32276487017952604 16.715 0.012
0.32327482330936164 16.754 0.01
0.32349822927380956 16.735 0.011
0.32374660868276806 16.718 0.01
0.3245301747956546 16.78 0.012
0.32584606617774625 16.721 0.01
0.3270038499420025 16.743 0.012
0.3290463253318876 16.747 0.012
0.32942537210306 16.761 0.012
0.3299993874159668 16.744 0.011
0.3306216626947389 16.763 0.012
0.3307045851724979 16.756 0.011
0.33114406925778894 16.763 0.013
0.33212862383641095 16.781 0.011
0.3332349542265547 16.787 0.009
0.3335762606102435 16.762 0.012
0.33377839501963535 16.743 0.012
0.33532603308242415 16.744 0.012
0.3359380063095614 16.765 0.013
0.33628193571775 16.773 0.012
0.33632256945020345 16.756 0.013
0.3363478649253011 16.785 0.011
0.3364325169281983 16.777 0.013
0.3373804063919579 16.778 0.015
0.3396181563978189 16.793 0.011
0.3410988193841149 16.775 0.012
0.3430900935953787 16.824 0.012
0.34339555577128067 16.758 0.01
0.34409040444461425 16.75 0.011
0.3443527446065673 16.791 0.013
0.3466586183897107 16.759 0.012
0.35068730371585843 16.797 0.012
0.35118501350552833 16.785 0.013
0.35221844847069406 16.737 0.011
0.3523356126891031 16.779 0.015
0.35303443908765075 16.775 0.012
0.3531496807296435 16.805 0.012
0.35402008213725367 16.751 0.011
0.3568803766581823 16.783 0.014
0.35743385302430397 16.813 0.012
0.35787402903707743 16.764 0.009
0.359188177695728 16.746 0.01
0.35974957400731 16.748 0.01
0.36039226777415934 16.8 0.011
0.36049430190564635 16.783 0.012
0.36094061003041134 16.789 0.011
0.3613696754468947 16.787 0.013
0.3617196756526937 16.768 0.011
0.36199434302488953 16.815 0.012
0.3622978581481675 16.817 0.012
0.36308221217171877 16.816 0.011
0.3634447100835132 16.793 0.013
0.3635768630470011 16.81 0.011
0.3682321451265125 16.797 0.012
0.36830593405011314 16.763 0.01
0.36957191129044986 16.781 0.012
0.3701502321218868 16.748 0.01
0.37145691460182206 16.812 0.012
0.3726236022789635 16.806 0.012
0.37373555905605826 16.819 0.013
0.3738493800042306 16.807 0.015
0.37443019488080154 16.81 0.01
0.37531103199762583 16.803 0.012
0.376913996904932 16.802 0.014
0.37700048677834275 16.796 0.012
0.3773552633097097 16.816 0.012
0.3777905417016427 16.814 0.012
0.37804207241470067 16.804 0.012
0.3780463204609532 16.818 0.011
0.38096120453997173 16.804 0.012
0.3810812920939384 16.803 0.012
0.3816677787160643 16.812 0.012
0.38308910305124755 16.842 0.01
0.38564524223011176 16.799 0.009
0.3864410365642925 16.811 0.013
0.3887072446268576 16.807 0.012
0.3888805829933517 16.845 0.012
0.3889838730856354 16.843 0.013
0.38911386531208336 16.815 0.016
0.3893129784814846 16.819 0.01
0.39060172991912623 16.821 0.012
0.39081552492280025 16.827 0.011
0.3925313334104885 16.831 0.016
0.39336949100243146 16.789 0.011
0.3946436057152596 16.843 0.013
0.3949008043318827 16.832 0.013
0.39515407392673296 16.825 0.012
0.3980396677648059 16.804 0.011
0.39819944275814123 16.834 0.012
0.402386896555754 16.814 0.015
0.4024754473412031 16.835 0.012
0.40391010156702123 16.811 0.009
0.40466543926385157 16.833 0.013
0.4048437431653156 16.823 0.012
0.40516069928219167 16.83 0.012
0.4054276895477642 16.826 0.012
0.4060327606291594 16.824 0.01
0.40730372595925246 16.831 0.013
0.40763484991435917 16.814 0.012
0.4076804406611245 16.81 0.01
0.40894130551089347 16.832 0.012
0.4094187653870449 16.84 0.01
0.4107330787786623 16.8 0.014
0.4115697582046778 16.803 0.01
0.4121303748771652 16.815 0.012
0.41238275481509845 16.837 0.01
0.4140241550430801 16.85 0.011
0.4158264693598426 16.815 0.013
0.4161083655860125 16.802 0.01
0.4161847173043043 16.783 0.011
0.41953071643479234 16.831 0.01
0.4225214079967827 16.81 0.013
0.42429961129187177 16.816 0.011
0.4245250358155772 16.848 0.011
0.4264184543559395 16.82 0.012
0.42698671898051543 16.829 0.013
0.42837674195106956 16.865 0.013
0.42885635788638865 16.805 0.014
0.42942790830852573 16.803 0.012
0.4298540333491019 16.845 0.012
0.4327706084429792 16.814 0.012
0.43321294627776297 16.801 0.013
0.4349517850000666 16.836 0.012
0.4363903550492978 16.845 0.01
0.43840456819077644 16.843 0.012
0.4387557520140035 16.825 0.012
0.44039493486877745 16.797 0.012
0.44047535670188154 16.833 0.01
0.4422550070878515 16.809 0.012
0.4423014610944733 16.829 0.011
0.44500242971059834 16.811 0.011
0.4452926141075295 16.756 0.011
0.4482015525263705 16.849 0.013
0.44839293495897437 16.812 0.012
0.4501296816940794 16.809 0.011
0.450207132075775 16.79 0.01
0.4517054596252592 16.808 0.011
0.45220470229560306 16.854 0.013
0.45262712244038994 16.743 0.011
0.45448079799007246 16.815 0.011
0.4566088471992771 16.751 0.012
0.457149003031077 16.8 0.012
0.4578611895594804 16.859 0.012
0.4587989832209587 16.795 0.011
0.46024440454289106 16.825 0.014
0.46205258641316505 16.821 0.011
0.4624047173656436 16.744 0.012
0.4630344643378521 16.82 0.011
0.46614502509055455 16.832 0.009
0.46799471715166874 16.838 0.016
0.4691585887535439 16.816 0.012
0.47011868580489136 16.798 0.012
0.4706663303704772 16.716 0.009
0.4722291843104358 16.793 0.011
0.47295332322482864 16.752 0.014
0.47306952327357976 16.812 0.012
0.47335034806951626 16.763 0.012
0.4738139027445527 16.781 0.012
0.4741058702970804 16.765 0.012
0.4754283494789888 16.622 0.012
0.4755060776171831 16.768 0.014
0.47585321939504865 16.822 0.015
0.47627813082749526 16.846 0.012
0.4762814336656902 16.762 0.012
0.4762979976446786 16.809 0.012
0.47708455200074695 16.61 0.012
0.47782031299902883 16.688 0.01
0.47818216492964893 16.611 0.012
0.47909032927918815 16.586 0.011
0.4796601408197603 16.688 0.011
0.4797656293236514 16.742 0.012
0.4798132433080582 16.548 0.009
0.48178886132291154 16.561 0.01
0.4822202370899049 16.574 0.01
0.4839856951616639 16.803 0.012
0.485889849722696 16.665 0.011
0.4904541895540433 16.706 0.012
0.49165766581108983 16.584 0.01
0.49179055413969763 16.768 0.012
0.493654818854111 16.484 0.009
0.49595108359790174 16.481 0.01
0.5007050188642097 16.619 0.012
0.50310932362936 16.65 0.013
0.5048346490148106 16.704 0.015
0.5048462408599335 16.764 0.012
0.5049241469296248 16.719 0.011
0.5064215875795526 16.734 0.012
0.5068529878226968 16.747 0.01
0.5069879560251138 16.53 0.011
0.5073476340196521 16.766 0.012
0.509632282442567 16.819 0.013
0.5111042835185344 16.539 0.01
0.5116864778206036 16.683 0.012
0.5150572837418963 16.59 0.011
0.5152007650772248 16.664 0.01
0.5159532471035391 16.45 0.008
0.5172471015753217 16.688 0.008
0.5242978175029975 16.643 0.01
0.5266262188021074 16.449 0.009
0.5274900315739615 16.713 0.009
0.5304887759029953 16.755 0.013
0.5308615907372314 16.495 0.011
0.5312658059253863 16.464 0.01
0.5322105770816279 16.498 0.01
0.5341271474003406 16.509 0.01
0.5356945233011174 16.487 0.009
0.5357157929354344 16.558 0.011
0.5360856712354689 16.512 0.011
0.5367673368743908 16.47 0.01
0.5385118454212261 16.31 0.009
0.5388257247470847 16.586 0.009
0.5391985104272408 16.522 0.008
0.5412813483926584 16.343 0.009
0.5421681028510648 16.176 0.009
0.542349912834311 16.593 0.01
0.5431358016599006 16.242 0.008
0.5438037221520062 16.535 0.008
0.5450341752935515 16.159 0.008
0.5453257671854317 16.483 0.01
0.5457218468220617 16.298 0.01
0.5459311583763338 16.339 0.009
0.546653274889195 16.549 0.01
0.548487685329178 16.377 0.009
0.548605171577492 16.106 0.008
0.5498640310665905 16.316 0.008
0.5510437161626669 16.137 0.008
0.5511456675096724 16.279 0.009
0.5529849549368464 16.4 0.008
0.5530301972564757 16.367 0.009
0.5532026082919401 16.12 0.009
0.5533754598955056 16.231 0.011
0.5543968170889002 16.409 0.008
0.5562095662785396 16.142 0.008
0.5585188314476 16.278 0.007
0.5587212821238836 16.124 0.008
0.5592559518253211 16.124 0.008
0.5619297249450028 16.137 0.008
0.56195336816495 16.173 0.01
0.5645450699530556 16.126 0.008
0.5648186356560245 16.165 0.01
0.5656258373045375 16.135 0.008
0.5664297955082702 16.105 0.008
0.5666177065278362 16.12 0.008
0.5667087373235518 16.137 0.008
0.5667867148999903 16.292 0.01
0.5690787758717306 16.139 0.008
0.5691182675029722 16.12 0.007
0.5702288308195875 16.151 0.007
0.5703561774671471 16.143 0.008
0.5705582967564169 16.246 0.008
0.5706664187259776 16.196 0.007
0.5708010385010311 16.123 0.009
0.5710173811801269 16.11 0.007
0.5744294206206177 16.24 0.007
0.5746879711809925 16.176 0.008
0.5757264478664297 16.12 0.009
0.5765167117964438 16.104 0.008
0.5766784913143965 16.171 0.011
0.5773406723958487 16.143 0.007
0.5776998787468983 16.115 0.01
0.5778424627415006 16.148 0.007
0.5800193225027215 16.107 0.008
0.5811031988050672 16.175 0.007
0.5828878524002903 16.173 0.007
0.5834120016870656 16.15 0.007
0.5836230210474014 16.11 0.008
0.5840187118251379 16.126 0.007
0.5847774059902804 16.155 0.007
0.5853346540807252 16.155 0.007
0.5855650554162821 16.168 0.007
0.5861200305821512 16.186 0.009
0.5863374749305876 16.148 0.008
0.5874937005012271 16.116 0.008
0.5879837078718992 16.154 0.008
0.5892760247845672 16.137 0.009
0.5940070060015614 16.187 0.009
0.5945233821985312 16.156 0.007
0.5946576799434524 16.154 0.009
0.5960074882796107 16.165 0.01
0.5963803022777938 16.131 0.007
0.5964508466718144 16.173 0.009
0.5968144234491888 16.144 0.009
0.5977818040696548 16.138 0.007
0.6008619418371381 16.143 0.007
0.6010855436093152 16.195 0.008
0.6012503556446518 16.126 0.007
0.6024429141075416 16.213 0.009
0.6049698287893079 16.153 0.009
0.6089669867035354 16.16 0.01
0.6104459520756791 16.16 0.008
0.6119176594395412 16.148 0.007
0.6132686239111536 16.213 0.009
0.6135537231502894 16.233 0.007
0.6136789522494155 16.165 0.008
0.6160419569155238 16.175 0.009
0.6162114792837201 16.164 0.007
0.6176451044321425 16.221 0.008
0.6180900342160953 16.188 0.008
0.6193230116417681 16.201 0.009
0.62485194709393 16.169 0.007
0.624916023311016 16.214 0.01
0.6262436836336747 16.194 0.007
0.6268370770799265 16.232 0.007
0.6271688412534786 16.194 0.007
0.6273001449917501 16.252 0.008
0.6284327595026298 16.267 0.01
0.6285819764068492 16.166 0.007
0.6304196586097532 16.266 0.009
0.630450806519093 16.252 0.007
0.6311793329005013 16.168 0.007
0.6316211575754096 16.184 0.009
0.6327534508922099 16.22 0.007
0.6335279192048802 16.252 0.007
0.6336338276430524 16.187 0.007
0.6343483245217953 16.211 0.008
0.6346597634332056 16.24 0.007
0.6348854855109494 16.269 0.008
0.6359039881185709 16.194 0.007
0.6361853571497704 16.261 0.007
0.6368579390232298 16.213 0.011
0.6372276902652629 16.22 0.009
0.6373908640797481 16.283 0.01
0.6383881809229024 16.26 0.008
0.6395575141789323 16.213 0.008
0.6402545706203 16.233 0.009
0.6417189501410121 16.267 0.008
0.6429823552304015 16.257 0.01
0.6477616434442552 16.208 0.007
0.6482351159902464 16.21 0.008
0.6496376883765151 16.266 0.008
0.6496618719893377 16.285 0.007
0.650666667124824 16.256 0.008
0.6507604526810837 16.214 0.008
0.6523638432859116 16.249 0.009
0.6532965649882954 16.232 0.007
0.6540474635089595 16.287 0.009
0.654289729768152 16.217 0.007
0.6546265395036244 16.227 0.009
0.654950555063806 16.288 0.008
0.655565445026923 16.241 0.01
0.6558382877265103 16.281 0.009
0.6562087922106912 16.242 0.007
0.6565964838514446 16.264 0.01
0.6566648477104877 16.263 0.009
0.6593314098527117 16.228 0.007
0.6611713242997439 16.283 0.008
0.6621932136149553 16.278 0.009
0.6626757801189456 16.235 0.007
0.6631769745199563 16.255 0.01
0.6639298511681773 16.28 0.009
0.6651068689664044 16.286 0.008
0.6679921182194448 16.297 0.007
0.6680334194034003 16.308 0.009
0.6686319807913605 16.271 0.01
0.6692739213162895 16.302 0.008
0.6704840134423193 16.305 0.011
0.6722074858377596 16.323 0.008
0.672704890637533 16.269 0.008
0.674881956648278 16.262 0.008
0.6751775631037162 16.253 0.008
0.6752947385996322 16.304 0.008
0.6760188079279033 16.311 0.007
0.6760949072020139 16.264 0.008
0.6761238407441397 16.302 0.007
0.6785123196524978 16.282 0.012
0.6800006597450192 16.302 0.008
0.6834747859977597 16.307 0.009
0.6839884459450332 16.287 0.009
0.6843510821922791 16.27 0.01
0.6849027272869534 16.278 0.009
0.686882907693871 16.307 0.009
0.6879967598142684 16.368 0.012
0.6886744757971428 16.291 0.012
0.6904279512439189 16.275 0.007
0.6905334972202581 16.303 0.011
0.692613406086366 16.326 0.007
0.692683094656104 16.319 0.007
0.6934551404308422 16.299 0.009
0.6938083983645811 16.329 0.009
0.6945501171369415 16.341 0.009
0.6947907526107429 16.305 0.008
0.6947920905197407 16.286 0.007
0.694796464788169 16.311 0.01
0.6951730532682632 16.314 0.008
0.6979164679264613 16.309 0.009
0.6979923139201105 16.277 0.007
0.6980014955897786 16.35 0.01
0.6989157326577242 16.302 0.008
0.7010410392199447 16.289 0.008
0.7028612262706702 16.303 0.009
0.703319041534769 16.309 0.009
0.7044693054899653 16.324 0.008
0.7057185540184037 16.321 0.007
0.7071201820323267 16.365 0.01
0.7072291127951758 16.332 0.009
0.7074904907085511 16.334 0.01
0.70981301509687 16.301 0.009
0.7119401848419784 16.347 0.008
0.7120327323144693 16.342 0.008
0.7121505273944422 16.377 0.01
0.7128586314456697 16.343 0.008
0.7142232863493518 16.351 0.009
0.7143229281819004 16.343 0.008
0.7151099467459971 16.308 0.009
0.7157380376208948 16.364 0.007
0.7166874052506955 16.364 0.007
0.7191896957510835 16.309 0.007
0.7200975936218583 16.309 0.01
0.7212072672818977 16.362 0.009
0.7225264265854321 16.334 0.009
0.7225818711315242 16.376 0.009
0.7232852827263514 16.345 0.009
0.7242598781663219 16.36 0.011
0.7252912239014222 16.335 0.007
0.7262712375580236 16.378 0.008
0.7263946835013257 16.354 0.009
0.7282866945465685 16.353 0.009
0.7300431235678388 16.329 0.01
0.7305684017574094 16.333 0.009
0.7307597426733992 16.354 0.011
0.7320321146622746 16.355 0.012
0.7332566523828064 16.361 0.009
0.7345045913205013 16.388 0.01
0.7361642124609489 16.339 0.009
0.7363843730595363 16.338 0.009
0.7378156133444804 16.377 0.01
0.738314202598076 16.355 0.01
0.7390328111082454 16.371 0.01
0.7402402538129991 16.388 0.01
0.7403635999313565 16.389 0.01
0.7456231489770744 16.383 0.012
0.746721271223862 16.363 0.01
0.7470586383931277 16.372 0.009
0.7486155541087101 16.397 0.011
0.7516077483127219 16.368 0.009
0.7520991782980673 16.338 0.009
0.7522815627557975 16.381 0.009
0.7539460713246626 16.356 0.008
0.755248114978258 16.397 0.008
0.755582635833548 16.336 0.007
0.7559701355085053 16.376 0.009
0.7559851525716113 16.388 0.009
0.7575935359441246 16.366 0.008
0.759173075158742 16.389 0.009
0.7598860977134336 16.391 0.009
0.7599554125438317 16.384 0.009
0.760708563106391 16.387 0.007
0.7609939156261589 16.374 0.01
0.7615872573628621 16.389 0.011
0.7625063535414256 16.373 0.009
0.762663972476048 16.372 0.012
0.7642397900026481 16.377 0.008
0.7659918909503176 16.39 0.01
0.7659970033414538 16.404 0.01
0.767711028673375 16.377 0.008
0.7678855448943978 16.4 0.008
0.7683594062996235 16.352 0.008
0.7687307872417932 16.4 0.009
0.7690431468852239 16.403 0.008
0.7691012229759053 16.418 0.009
0.7697678451545471 16.4 0.01
0.7697750872071083 16.403 0.008
0.7699647447930147 16.382 0.009
0.770242540664924 16.402 0.011
0.7762322026032962 16.407 0.009
0.7766693309797574 16.379 0.009
0.7767519776216432 16.4 0.01
0.7771226053216083 16.397 0.009
0.7772354197475124 16.385 0.008
0.7786567743219166 16.388 0.009
0.7800322961466009 16.412 0.009
0.7808301645911797 16.409 0.008
0.7830665626534028 16.388 0.008
0.7832655900324426 16.395 0.008
0.7832668017194351 16.4 0.008
0.7833907495455605 16.408 0.01
0.7849760254132434 16.437 0.01
0.7909122217689628 16.385 0.008
0.7910277430887618 16.416 0.008
0.7929334445652785 16.432 0.011
0.7934022246545283 16.394 0.009
0.7950465067018513 16.406 0.009
0.7977709565620899 16.407 0.01
0.7979109532861912 16.416 0.011
0.7983159046754622 16.417 0.009
0.7997224643918344 16.396 0.009
0.8010781345187752 16.442 0.011
0.8012662413464113 16.428 0.01
0.8021049816843515 16.426 0.008
0.8054080075776255 16.397 0.01
0.8058359581266359 16.426 0.01
0.8060890338342688 16.45 0.009
0.8062804698972741 16.423 0.011
0.8064889435036093 16.396 0.008
0.8079416379534905 16.436 0.009
0.8080276966149995 16.441 0.01
0.8084596298162978 16.41 0.012
0.8093893019608913 16.428 0.01
0.809736320522461 16.445 0.009
0.8105643757126018 16.412 0.009
0.8109883004203766 16.407 0.009
0.8123364356185903 16.419 0.009
0.8126989409659018 16.418 0.009
0.8149977987436614 16.434 0.01
0.8156201397663381 16.461 0.01
0.8164014189198951 16.454 0.01
0.8180363132967159 16.423 0.007
0.8195925887937392 16.416 0.007
0.8201136131734756 16.43 0.009
0.8210274935431698 16.454 0.01
0.8214193372468799 16.445 0.009
0.8224422545544599 16.416 0.008
0.823538459987958 16.43 0.009
0.8238089488995683 16.453 0.011
0.8242593667350775 16.441 0.01
0.8253053076781498 16.458 0.009
0.8254123450190036 16.435 0.01
0.8311620510486364 16.407 0.009
0.8320308915058376 16.429 0.008
0.8321614147689615 16.44 0.009
0.8330234545778694 16.429 0.01
0.8345759113192912 16.434 0.009
0.8353645191519945 16.439 0.009
0.8353896094624815 16.435 0.008
0.837422198056629 16.461 0.009
0.8379726870155082 16.454 0.01
0.8402121750673359 16.446 0.012
0.841306776948727 16.457 0.008
0.8445158599881779 16.471 0.01
0.8448134134960128 16.476 0.008
0.8461170285414141 16.475 0.01
0.847534944698964 16.441 0.008
0.849139062984932 16.477 0.009
0.8497849465661602 16.47 0.008
0.8501809574531762 16.48 0.01
0.8506485643658834 16.446 0.009
0.8513500533844081 16.458 0.012
0.8514974005063323 16.45 0.008
0.8529498587163289 16.469 0.011
0.8541887713606684 16.45 0.01
0.854960911197395 16.437 0.009
0.8549771127143231 16.467 0.008
0.8570830147466495 16.452 0.01
0.857083781187157 16.475 0.01
0.857844706760261 16.471 0.009
0.8593460019192207 16.496 0.012
0.8604478450174611 16.503 0.012
0.8610542369672203 16.491 0.008
0.8618284792328268 16.494 0.01
0.8626938125232755 16.46 0.01
0.8627668614035429 16.457 0.008
0.864300511480451 16.475 0.011
0.8645587994042216 16.49 0.009
0.8694761438891874 16.466 0.01
0.8709558050306896 16.465 0.013
0.8716953094353812 16.454 0.009
0.8732967829782865 16.497 0.01
0.8749333381307451 16.486 0.012
0.8755349369630494 16.494 0.01
0.8762251985190233 16.442 0.008
0.8767594482865206 16.468 0.009
0.8768523582207308 16.514 0.01
0.877754324714715 16.468 0.011
0.8782841691383965 16.468 0.008
0.8818696938014909 16.494 0.01
0.8845729012612082 16.481 0.009
0.8857202418803354 16.462 0.009
0.8859636623540155 16.495 0.008
0.8867273616497187 16.466 0.011
0.8881276921861172 16.463 0.009
0.8882210060990019 16.504 0.01
0.8884853131107775 16.519 0.008
0.8890540381014489 16.514 0.012
0.8905822424800363 16.478 0.012
0.8916873328651036 16.497 0.011
0.8922290196567246 16.467 0.009
0.8930118418840038 16.485 0.008
0.8931162072485677 16.519 0.009
0.8932138671116263 16.533 0.009
0.8948331889123438 16.489 0.011
0.8958481260449389 16.48 0.01
0.8970992528759325 16.509 0.009
0.8988983097133314 16.481 0.01
0.8995524823012602 16.493 0.012
0.8999014355526924 16.495 0.012
0.900385954872263 16.506 0.01
0.9029585186094664 16.474 0.011
0.9033087099447812 16.499 0.011
0.9034379640487487 16.518 0.009
0.9038556089524263 16.498 0.011
0.9051953308426164 16.536 0.011
0.9053299063439226 16.536 0.01
0.9053401462451802 16.521 0.011
0.9053503116335264 16.5 0.01
0.9062682978712928 16.516 0.01
0.9079548584704753 16.52 0.01
0.9080606538851725 16.501 0.009
0.9087507790268319 16.5 0.008
0.9098281071251222 16.509 0.01
0.9099177829709788 16.51 0.01
0.9102095725920663 16.51 0.012
0.9103075968382655 16.536 0.009
0.9104646132286689 16.512 0.012
0.9115511059560504 16.497 0.009
0.9117556365060864 16.53 0.01
0.9136685555594113 16.538 0.011
0.9140612363748915 16.539 0.011
0.9145699373862044 16.503 0.01
0.9189558470941392 16.509 0.012
0.919349948602985 16.504 0.011
0.919808419205765 16.532 0.009
0.9206950474421092 16.542 0.01
0.9211686019364151 16.541 0.012
0.922511822472984 16.513 0.01
0.9229348443254821 16.529 0.009
0.923160535327952 16.532 0.008
0.9254530792204605 16.525 0.009
0.9264102510151133 16.527 0.01
0.9267268851017434 16.519 0.008
0.9267459714435518 16.509 0.009
0.9293142164638084 16.52 0.009
0.9306148375026169 16.507 0.008
0.930744952109194 16.528 0.012
0.9313764343698949 16.569 0.013
0.9316031968023708 16.532 0.013
0.9324331038978926 16.544 0.011
0.9332055234121981 16.562 0.01
0.9334902046384741 16.535 0.012
0.9346297014972151 16.499 0.011
0.935342388823301 16.537 0.012
0.9357636951851873 16.54 0.009
0.93589487186523 16.533 0.01
0.9387612795363793 16.528 0.009
0.9393286855793122 16.543 0.01
0.9394326846399963 16.524 0.009
0.9394349988324393 16.56 0.009
0.9395935178652053 16.555 0.01
0.9399677544779479 16.533 0.009
0.9407759183754933 16.543 0.011
0.9408849036043421 16.534 0.011
0.9410569343012867 16.511 0.008
0.9430416641503143 16.538 0.011
0.9455950859946824 16.579 0.01
0.9466184072807664 16.551 0.008
0.9475958017553694 16.54 0.011
0.9486202527803016 16.569 0.009
0.9490533704351947 16.557 0.012
0.9510256724129249 16.573 0.011
0.9552641654131548 16.535 0.01
0.9554352517379812 16.559 0.012
0.9560393435299375 16.559 0.011
0.9570416597400708 16.581 0.009
0.9575237028914216 16.54 0.013
0.9595155034617164 16.541 0.009
0.960971538424019 16.578 0.009
0.9641468824414687 16.556 0.013
0.964607904561035 16.565 0.012
0.9652438796276783 16.567 0.01
0.9670543597349024 16.581 0.012
0.968398746848834 16.577 0.012
0.9689827553816031 16.593 0.01
0.9692147242669762 16.563 0.008
0.9700440486165007 16.571 0.012
0.9703419373531688 16.586 0.01
0.9713882577989352 16.579 0.01
0.9745965743977649 16.55 0.009
0.9770987650733787 16.541 0.01
0.9790179234992138 16.576 0.012
0.9801193485839121 16.561 0.009
0.9847154605874948 16.588 0.011
0.9848056561927478 16.56 0.011
0.9862596687539167 16.569 0.01
0.9867570914303769 16.583 0.011
0.9876298447049408 16.554 0.008
0.9907586942838407 16.609 0.012
0.9912922859559785 16.604 0.01
0.9913911885813036 16.555 0.01
0.9915667140822393 16.601 0.012
0.9932600470119723 16.595 0.011
0.9936896706985863 16.555 0.011
0.9944804618235139 16.553 0.008
0.9946422553761067 16.58 0.011
0.9964499920001799 16.569 0.01
0.9975967177131224 16.568 0.01
0.9990905326585562 16.597 0.011
