0.0021774758549781836 15.472 0.006
0.0024549543988996447 15.478 0.006
0.004932804751661024 15.462 0.006
0.0052690784455080575 15.478 0.006
0.007698327398429683 15.462 0.006
0.008621972693163116 15.485 0.006
0.010025782219827306 15.463 0.006
0.010465962438956922 15.47 0.006
0.010633612438823548 15.469 0.006
0.010727823310844542 15.448 0.006
0.014212476510465422 15.466 0.006
0.0170323749975978 15.471 0.006
0.02066819448168644 15.451 0.006
0.021475115520843246 15.475 0.006
0.022260026885760453 15.484 0.007
0.022300117144368414 15.495 0.006
0.022679317298525348 15.483 0.006
0.022742123611124043 15.462 0.006
0.023982890494608 15.479 0.006
0.028902577880671743 15.451 0.006
0.03160527678573999 15.483 0.006
0.03252045648071089 15.48 0.006
0.03561488993113926 15.468 0.006
0.04250082796033894 15.489 0.006
0.043295599984958244 15.463 0.006
0.04391330041516994 15.481 0.006
0.046164212592429976 15.49 0.006
0.04965410981412788 15.47 0.006
0.05005439176125037 15.458 0.006
0.05047081645648177 15.483 0.006
0.050869264007587844 15.47 0.006
0.05479490443940449 15.463 0.006
0.05508453199786345 15.482 0.006
0.056430205809647305 15.461 0.006
0.058255774002873295 15.498 0.006
0.05988292403139894 15.479 0.006
0.06079056627822865 15.459 0.006
0.06108406670205113 15.485 0.006
0.06349968950826224 15.479 0.006
0.06379989619279058 15.46 0.006
0.06501892605751891 15.487 0.006
0.06732195663948914 15.472 0.007
0.0673572877535662 15.482 0.006
0.06805068868686703 15.466 0.006
0.07082653409997874 15.472 0.006
0.07297849649557975 15.483 0.006
0.07329500839978209 15.491 0.006
0.07405885540060808 15.496 0.006
0.07417356929931884 15.497 0.006
0.07646267830818942 15.487 0.006
0.0778565237346811 15.486 0.006
0.07972573545202977 15.506 0.006
0.08173772037457638 15.502 0.006
0.08663144989350258 15.487 0.006
0.08737090891531807 15.486 0.006
0.08806364928068433 15.496 0.007
0.08896972163938699 15.467 0.006
0.09026110027957657 15.48 0.006
0.09105759117392154 15.492 0.006
0.09218743522205841 15.493 0.006
0.09315274994423817 15.49 0.006
0.09397147088270685 15.51 0.006
0.09495281816862189 15.51 0.006
0.09588525260232927 15.491 0.006
0.0962362281732112 15.483 0.006
0.09726258733326176 15.489 0.006
0.09777459125098176 15.507 0.006
0.09799842056895613 15.516 0.006
0.10119157021176761 15.505 0.006
0.1017151980674953 15.499 0.006
0.10201975715290246 15.514 0.006
0.10662181249563218 15.486 0.006
0.10757905794866929 15.496 0.006
0.10911093767049351 15.518 0.006
0.10912308668525839 15.513 0.006
0.10969017535853709 15.497 0.006
0.11100939714515334 15.512 0.006
0.11105138617290322 15.503 0.006
0.11404083623529004 15.505 0.006
0.11424598877431436 15.522 0.007
0.11596871408619336 15.518 0.006
0.1162810793364315 15.503 0.006
0.12067865085623453 15.51 0.006
0.120987830788863 15.525 0.007
0.1246284147591723 15.525 0.006
0.12766340711459634 15.514 0.006
0.1294804197581243 15.501 0.006
0.1333360171977347 15.53 0.006
0.13347885758230404 15.507 0.006
0.13377309390125447 15.514 0.006
0.13399930012019468 15.518 0.006
0.1352991899020708 15.507 0.006
0.13639665035566395 15.503 0.006
0.13800819620223592 15.519 0.006
0.1408596119692902 15.516 0.006
0.14218944380070297 15.512 0.006
0.14252744451187027 15.516 0.006
0.14724657462920732 15.509 0.006
0.1472674630323354 15.501 0.006
0.14780796953141362 15.513 0.006
0.14863680775943067 15.511 0.006
0.1492992648368272 15.524 0.007
0.1534310315012135 15.547 0.006
0.1542547640049179 15.514 0.006
0.1545664833097362 15.52 0.006
0.1576450573513739 15.525 0.006
0.15819160673754595 15.521 0.006
0.16067327486325667 15.529 0.006
0.16296419269133366 15.508 0.006
0.16348974095376434 15.518 0.006
0.16377403454043815 15.523 0.006
0.1688129372066669 15.524 0.006
0.16907879181258068 15.526 0.006
0.17049426968583248 15.52 0.006
0.1711006871457812 15.519 0.006
0.17114886690887943 15.524 0.006
0.17193358488384547 15.528 0.006
0.1731767475007473 15.522 0.006
0.18062681713263373 15.534 0.006
0.18189144832172133 15.51 0.007
0.1831774204690646 15.528 0.006
0.18345414568921115 15.533 0.006
0.18700827126326658 15.532 0.006
0.18718400148691217 15.514 0.006
0.18720657249900796 15.524 0.006
0.19299852267022288 15.527 0.006
0.19405579757358282 15.519 0.006
0.19483356614750846 15.525 0.006
0.19526878034218953 15.522 0.006
0.19628704071692482 15.54 0.006
0.19708002275456238 15.534 0.006
0.1974823552577618 15.528 0.006
0.19765271524943273 15.54 0.007
0.19815398291166275 15.525 0.006
0.19839771906140413 15.529 0.006
0.19902312755880303 15.527 0.006
0.20038605190029557 15.548 0.006
0.20160434980880382 15.523 0.006
0.2016685244719838 15.52 0.006
0.20455602467677636 15.531 0.006
0.20526214410983812 15.544 0.006
0.20590637302507275 15.53 0.007
0.20711534997303715 15.538 0.006
0.20918669953107383 15.525 0.006
0.21008413987965469 15.534 0.006
0.2117290374019376 15.536 0.006
0.211925638600178 15.536 0.006
0.2129023596969546 15.54 0.006
0.21328155985111152 15.543 0.006
0.2150923724786935 15.541 0.006
0.21830039855626637 15.53 0.006
0.2191755726004203 15.535 0.006
0.22483315726799447 15.55 0.006
0.2257939826955635 15.543 0.006
0.22663294215249152 15.535 0.006
0.2272525722703449 15.539 0.006
0.23378039193789846 15.529 0.006
0.23614505246860062 15.55 0.006
0.23982492108711995 15.538 0.006
0.24340581154160645 15.534 0.006
0.2452465487901918 15.552 0.006
0.24555452144022638 15.537 0.006
0.24633300848086037 15.543 0.006
0.24824735013453392 15.527 0.006
0.2514495171637918 15.54 0.006
0.2522651871429389 15.56 0.006
0.2548937203055175 15.539 0.007
0.256393225984084 15.52 0.006
0.25683139584612036 15.532 0.006
0.2600378882964378 15.533 0.006
0.2643283224322204 15.53 0.006
0.26448333881080544 15.721 0.007
0.2648762671485656 15.538 0.006
0.2657240022547285 15.549 0.006
0.26905390779279514 15.536 0.006
0.2703140564315163 15.543 0.006
0.274726854904884 15.534 0.006
0.2765809967979749 15.541 0.006
0.27877593119546873 15.547 0.006
0.27964769982258986 15.532 0.006
0.2811256523211796 15.538 0.006
0.28197589588103256 15.533 0.006
0.2832187751582751 15.541 0.006
0.2884311371228705 15.543 0.006
0.28865605285454876 15.544 0.006
0.28955421560851846 15.545 0.006
0.2909447093077233 15.523 0.006
0.2924443895440163 15.537 0.006
0.2935047690959891 15.529 0.006
0.2976423813188376 15.544 0.006
0.29773013694762085 15.543 0.006
0.298398368465314 15.543 0.006
0.3000261054078237 15.531 0.006
0.3000393810357309 15.541 0.006
0.3003227548883842 15.536 0.006
0.30075198382428425 15.543 0.006
0.3007829358282379 15.546 0.006
0.30239489937252984 15.543 0.006
0.3099028537014874 15.529 0.006
0.3106515409281201 15.538 0.006
0.3106796929905613 15.52 0.006
0.31242605295733483 15.526 0.006
0.313539673588366 15.535 0.006
0.3136951478645642 15.537 0.006
0.314901996393246 15.53 0.006
0.3162678589733332 15.544 0.006
0.3195125535964962 15.548 0.006
0.3209638123330478 15.52 0.007
0.32109111571480753 15.542 0.007
0.32112832142433945 15.527 0.006
0.32227408785138323 15.512 0.006
0.32269121218155306 15.519 0.006
0.3232371465410324 15.542 0.006
0.3253311758921882 15.535 0.006
0.32756915761865457 15.52 0.006
0.32871803684247425 15.52 0.006
0.32901847317725696 15.518 0.006
0.33336995061836205 15.528 0.007
0.3353663178691022 15.545 0.006
0.3370832513116966 15.518 0.006
0.3408022901851382 15.545 0.006
0.34099575975506013 15.533 0.006
0.341335358466722 15.522 0.006
0.34272173756357915 15.526 0.006
0.3443920785598493 15.522 0.006
0.3458408423325636 15.543 0.006
0.348171325342264 15.533 0.006
0.34827717898383526 15.519 0.006
0.35042678190689003 15.532 0.006
0.3505757995367276 15.504 0.006
0.3520986846433516 15.544 0.006
0.3535740305902664 15.489 0.006
0.3550631317002626 15.548 0.006
0.35566202914128553 15.531 0.006
0.35581299529076205 15.543 0.006
0.3563243116609556 15.51 0.006
0.3577131320321314 15.529 0.006
0.35823315433640346 15.522 0.006
0.36021260808615807 15.532 0.006
0.3638251420306915 15.542 0.006
0.3651921447140012 15.524 0.006
0.36649848159117937 15.52 0.006
0.3682917724361232 15.522 0.006
0.3692676058503821 15.499 0.006
0.3698505674226453 15.511 0.006
0.370166531479299 15.497 0.006
0.3704864785861446 15.518 0.006
0.3723872303542066 15.496 0.006
0.3749710833296831 15.498 0.006
0.3753977501223744 15.489 0.006
0.37582618413193813 15.517 0.006
0.37785310986225795 15.526 0.006
0.3806677671334455 15.496 0.006
0.3808803806605283 15.499 0.006
0.38146744334540017 15.522 0.006
0.3829197522348977 15.523 0.006
0.3849565602633902 15.535 0.007
0.38654628842186867 15.51 0.006
0.38726970813513617 15.515 0.006
0.38727665753640395 15.478 0.006
0.39028395038462804 15.491 0.006
0.3910057774392044 15.538 0.006
0.3915674421909898 15.529 0.006
0.39210997647569457 15.471 0.006
0.3948884377214199 15.521 0.006
0.3956384840178089 15.502 0.006
0.3965139495492167 15.473 0.007
0.3992178234154835 15.514 0.006
0.3995736722542915 15.491 0.006
0.40333164385424425 15.503 0.006
0.4039163108059256 15.486 0.006
0.4043082078219413 15.524 0.006
0.4047382344901962 15.463 0.006
0.4056774718799261 15.521 0.006
0.4102383721883598 15.465 0.006
0.4104452570866215 15.475 0.006
0.4105469061757958 15.485 0.006
0.4176549827659528 15.492 0.006
0.4184792847547669 15.451 0.006
0.42007830829697923 15.512 0.006
0.4204598597759741 15.504 0.006
0.42349664211860727 15.48 0.006
0.42630123719209223 15.496 0.006
0.42673112556326487 15.496 0.006
0.4269066542494784 15.476 0.006
0.42693083140989074 15.463 0.006
0.4319312578439849 15.481 0.006
0.4328070013737033 15.484 0.006
0.43930763312073395 15.507 0.006
0.44136774411708757 15.495 0.006
0.44303344683748946 15.49 0.006
0.4432552927780762 15.444 0.006
0.44424958681111093 15.491 0.006
0.44553234272234477 15.48 0.006
0.44662633058010215 15.456 0.006
0.44784518982601185 15.476 0.006
0.4507892330868799 15.466 0.006
0.45362818558112394 15.483 0.006
0.45418017237875574 15.483 0.006
0.4543293471379002 15.465 0.006
0.4543677829003627 15.479 0.006
0.45458184150811576 15.485 0.006
0.4579720985941549 15.429 0.006
0.45874733173457116 15.447 0.006
0.4588401568271365 15.468 0.006
0.4595383129662878 15.466 0.007
0.4596632931361455 15.414 0.006
0.4611716765004985 15.475 0.006
0.4619603519490738 15.473 0.006
0.4628884435330747 15.409 0.006
0.46393442618591507 15.453 0.006
0.4655030281430754 15.443 0.006
0.4657328601485915 15.456 0.006
0.4657450279948989 15.448 0.006
0.46823650309124787 15.423 0.006
0.47155195383152204 15.457 0.006
0.4715839922491796 15.403 0.006
0.473330139994232 15.435 0.006
0.4760627809496327 15.468 0.006
0.4805952337690087 15.438 0.006
0.48094328852994295 15.417 0.006
0.48333734072730294 15.419 0.006
0.4915491758849839 15.437 0.006
0.4939419724523759 15.411 0.006
0.49542505738509135 15.431 0.006
0.4965675257742532 15.456 0.006
0.4972267303546687 15.438 0.006
0.49884961820248463 15.459 0.006
0.4992754282318401 15.424 0.006
0.4995208644189688 15.44 0.006
0.5001968174935882 15.425 0.006
0.500437264886159 15.398 0.006
0.5010652973637661 15.415 0.006
0.5015428766816967 15.4 0.006
0.5017340539582165 15.415 0.006
0.5056103208346485 15.451 0.007
0.5070810594238537 15.443 0.006
0.5119231540124929 15.39 0.006
0.5122483906825437 15.451 0.006
0.5135509809047107 15.424 0.006
0.5138409589817456 15.388 0.006
0.515149287383565 15.372 0.006
0.5174989641009233 15.369 0.006
0.5180729847470502 15.37 0.006
0.5186559690896502 15.416 0.006
0.5199530226698243 15.391 0.006
0.5230031211099231 15.416 0.006
0.5244052305990863 15.412 0.006
0.5254254917795151 15.438 0.006
0.5263685067429833 15.428 0.006
0.5264775724115225 15.404 0.006
0.5269472005222724 15.387 0.006
0.5282792226105357 15.371 0.006
0.5291545672737357 15.434 0.006
0.5342320614286109 15.424 0.006
0.5346495899666479 15.391 0.006
0.5351980234991061 15.397 0.006
0.5363112278350854 15.392 0.006
0.5377883007990931 15.431 0.006
0.5422728330213431 15.418 0.006
0.5425405757127919 15.385 0.006
0.5440471435130121 15.391 0.006
0.5458833715022138 15.365 0.006
0.5465165364139466 15.412 0.006
0.5473197566100225 15.369 0.006
0.5476975440051319 15.404 0.006
0.5478721743254482 15.386 0.006
0.5517626368334732 15.428 0.006
0.5529794011144986 15.4 0.006
0.5541393080814032 15.405 0.006
0.5546334436364759 15.42 0.006
0.5559611658807171 15.407 0.006
0.5562676720824129 15.361 0.006
0.5568770640419416 15.418 0.006
0.5569768197037774 15.359 0.006
0.5576309643715831 15.369 0.006
0.5595486310435263 15.356 0.006
0.5633163384959516 15.354 0.006
0.5650235360860734 15.354 0.006
0.5656482623774082 15.379 0.006
0.5671678857063398 15.396 0.006
0.5712269705052222 15.395 0.006
0.5718876657078908 15.408 0.006
0.5727872909712914 15.36 0.006
0.5730292183020538 15.385 0.006
0.5744271594994643 15.376 0.006
0.575605878736269 15.403 0.006
0.5767849203791684 15.393 0.006
0.5818903302013041 15.365 0.006
0.5837682101891914 15.379 0.006
0.5863762940143715 15.377 0.006
0.5879769329862938 15.383 0.006
0.5890912667416615 15.358 0.006
0.5892596433563995 15.37 0.007
0.5916507303352319 15.336 0.006
0.5936363801624793 15.348 0.006
0.5946908376957936 15.341 0.006
0.5950913439510259 15.391 0.006
0.6002050622441857 15.372 0.006
0.6021420381503049 15.383 0.006
0.6051487615131919 15.388 0.006
0.6059604565900827 15.365 0.006
0.6081570910248502 15.323 0.006
0.6082255992569117 15.371 0.006
0.6084328830213508 15.367 0.006
0.6091076878446984 15.339 0.006
0.6092199160605105 15.342 0.006
0.6092408851325217 15.331 0.006
0.6101246737580368 15.337 0.006
0.6115585329830537 15.316 0.006
0.6118330195990893 15.341 0.006
0.6144570339513393 15.312 0.006
0.6147326688183057 15.356 0.006
0.6178427292213655 15.363 0.006
0.6215708124607318 15.314 0.006
0.6240046687710219 15.349 0.006
0.6261162938289999 15.354 0.006
0.627540117566241 15.319 0.006
0.6296678665407853 15.314 0.006
0.6314072045852299 15.346 0.006
0.6325237232551899 15.361 0.006
0.6328302831464043 15.317 0.006
0.6338284539835968 15.352 0.006
0.6363632234879333 15.366 0.006
0.6390060998605804 15.312 0.006
0.6398056768414335 15.367 0.006
0.6399310598164902 15.347 0.006
0.6406911789943024 15.364 0.006
0.6408403537534468 15.337 0.006
0.6421203367031012 15.324 0.006
0.6422286262773014 15.352 0.006
0.6428569783549847 15.345 0.006
0.643166870009054 15.56 0.006
0.644749044423861 15.332 0.006
0.6488141372519749 15.35 0.006
0.6510332850705254 15.336 0.006
0.6528385436270128 15.325 0.006
0.6576291280925943 15.325 0.006
0.6579807630982941 15.341 0.006
0.6591081079736796 15.314 0.006
0.6597389134128662 15.323 0.006
0.6635198253750332 15.316 0.006
0.6648382078267332 15.338 0.006
0.6654488554158888 15.34 0.006
0.6666380371198102 15.335 0.006
0.6689936454065446 15.334 0.006
0.6713124319574035 15.337 0.006
0.6741140390417968 15.307 0.006
0.678171325705307 15.321 0.006
0.6786321298195617 15.316 0.006
0.6799950769319594 15.302 0.006
0.680151762429432 15.333 0.006
0.680630499279232 15.31 0.006
0.6809975450771617 15.311 0.006
0.6821919665937912 15.325 0.006
0.6828809617072693 15.317 0.006
0.6833107466384263 15.313 0.006
0.6853389951779718 15.323 0.006
0.6857118609575537 15.317 0.006
0.6860075946431152 15.333 0.006
0.6877804830953664 15.314 0.006
0.6892975347300307 15.312 0.006
0.6899293501230659 15.317 0.006
0.6902595084086443 15.309 0.006
0.6910351645891524 15.322 0.006
0.6960473265487508 15.309 0.006
0.7011386885874344 15.328 0.006
0.7027008434492927 15.314 0.006
0.7032019230639435 15.325 0.006
0.7047814493244005 15.315 0.006
0.7060170475133418 15.311 0.006
0.7063264610351325 15.29 0.006
0.7063964773180942 15.309 0.006
0.7075562445843389 15.302 0.006
0.7077345678699203 15.31 0.006
0.7110437460728463 15.308 0.006
0.7114453977733319 15.295 0.006
0.7116803447843267 15.314 0.006
0.7125905303421405 15.307 0.006
0.7146485463736099 15.317 0.006
0.7150994991086463 15.323 0.006
0.7155117555123525 15.309 0.006
0.7155955980763338 15.313 0.006
0.7174540035528025 15.311 0.006
0.7176503576718005 15.303 0.006
0.7176558754824782 15.314 0.006
0.7182321212426359 15.312 0.006
0.7191284040593473 15.312 0.006
0.7220857808465553 15.31 0.006
0.7228808752774967 15.311 0.006
0.7233829069475632 15.322 0.006
0.7240754727549756 15.304 0.006
0.7268236951213112 15.313 0.006
0.7295866474769355 15.324 0.006
0.7312035582137923 15.328 0.006
0.7318032143207347 15.311 0.006
0.7335577121391452 15.317 0.006
0.7345938071518958 15.312 0.006
0.7347483158828254 15.322 0.006
0.7356634781488083 15.311 0.006
0.7390884740930233 15.313 0.006
0.7415063447840566 15.308 0.006
0.7415788776684167 15.325 0.006
0.7434304492703632 15.326 0.006
0.7440930325582258 15.32 0.006
0.7442108243960774 15.318 0.006
0.7443397069466755 15.318 0.006
0.7459590952184953 15.323 0.006
0.7462477774663512 15.31 0.006
0.748134939348347 15.328 0.006
0.749537085097927 15.313 0.006
0.7531013265588626 15.32 0.006
0.7570505035478163 15.315 0.006
0.7587730180412109 15.326 0.006
0.7634021123233197 15.315 0.006
0.7639453018339282 15.327 0.006
0.7660601122095159 15.328 0.006
0.7692519337015256 15.33 0.006
0.771675874259472 15.328 0.006
0.7729708879669488 15.303 0.006
0.7740510388596249 15.311 0.006
0.7760649708984602 15.327 0.006
0.7835150593625713 15.335 0.006
0.789546420262468 15.33 0.006
0.7899854522304395 15.333 0.006
0.7901101490606379 15.33 0.006
0.7907375665115524 15.329 0.006
0.7916798630085395 15.347 0.006
0.7925979635131171 15.332 0.006
0.7941388431929681 15.326 0.006
0.7942724809493029 15.313 0.006
0.7943776079765712 15.337 0.006
0.799073358665737 15.337 0.006
0.7995547959562828 15.313 0.006
0.8008234020471718 15.337 0.006
0.8008888995191228 15.327 0.006
0.8026539764643985 15.334 0.006
0.8028175402448596 15.327 0.006
0.8036188883816067 15.337 0.006
0.8046458263078193 15.345 0.006
0.8048793512787142 15.331 0.007
0.8061003375407836 15.327 0.006
0.806482054297021 15.333 0.006
0.8066380803591073 15.336 0.006
0.8098081648324751 15.343 0.006
0.8111284044507556 15.348 0.006
0.812015001165264 15.333 0.006
0.8152097125487217 15.369 0.007
0.817213939653584 15.342 0.006
0.8177995842372638 15.358 0.006
0.8253129315694423 15.337 0.006
0.829218526871955 15.34 0.006
0.8293655074355684 15.342 0.006
0.8324092526690947 15.335 0.006
0.8342365759924633 15.35 0.006
0.8345792512402568 15.352 0.006
0.8348748196490305 15.352 0.006
0.8361005074275454 15.324 0.006
0.8372833050061672 15.373 0.006
0.842624526751024 15.336 0.006
0.8431411568578824 15.339 0.006
0.8476202423878476 15.368 0.006
0.8493121902536132 15.361 0.006
0.851269440939177 15.375 0.006
0.8556293300206335 15.369 0.006
0.8558076049589545 15.374 0.006
0.8561717299469365 15.335 0.006
0.8572439900665358 15.357 0.006
0.8578974297577133 15.353 0.006
0.8580299864422614 15.359 0.006
0.8595559441457681 15.336 0.006
0.8607729192453917 15.381 0.006
0.8615796120375308 15.379 0.006
0.8632039663334581 15.364 0.006
0.8641739125871482 15.38 0.006
0.8643191124439227 15.373 0.006
0.8646281580182631 15.356 0.007
0.8647887284678291 15.383 0.006
0.8649272341506276 15.372 0.006
0.8656198280707486 15.368 0.006
0.8677824502617568 15.347 0.006
0.8690662911840263 15.36 0.006
0.8690912767608552 15.362 0.006
0.8697585253046327 15.371 0.006
0.870330518164792 15.36 0.006
0.8708649092557152 15.398 0.006
0.8715843043166842 15.343 0.006
0.8729501359780443 15.351 0.006
0.8738119941949662 15.361 0.006
0.8746799503912825 15.362 0.006
0.8754205118527807 15.397 0.006
0.8772949647859605 15.382 0.006
0.8795806776586232 15.385 0.006
0.8800433617102499 15.38 0.006
0.8812975520697819 15.378 0.006
0.8818921522026812 15.375 0.006
0.8826840975768846 15.358 0.006
0.8835133883603703 15.356 0.006
0.8848667567492612 15.357 0.006
0.8853856926393746 15.38 0.006
0.8861481887186073 15.404 0.006
0.8872919636207826 15.398 0.006
0.8883353841301869 15.382 0.006
0.8892001898666422 15.355 0.006
0.8914589337855432 15.394 0.006
0.8931363638837411 15.351 0.006
0.8933693730587038 15.383 0.006
0.8938490928826468 15.403 0.006
0.8958143779805141 15.416 0.006
0.8962214575415146 15.388 0.006
0.8973113496285805 15.388 0.007
0.8991699189791689 15.38 0.006
0.901757607156469 15.374 0.006
0.9018705591803382 15.392 0.006
0.9037864707224799 15.404 0.006
0.9051114481176228 15.373 0.006
0.9058732310722917 15.4 0.006
0.907313152016286 15.384 0.006
0.9074816722704782 15.401 0.006
0.9107517069280675 15.381 0.006
0.9118047235897393 15.413 0.006
0.9136276852318588 15.397 0.006
0.9144352575583525 15.411 0.006
0.9152405283105054 15.376 0.006
0.9156442063936083 15.387 0.006
0.9167172870165814 15.434 0.006
0.9167460541054879 15.384 0.006
0.9205579810418385 15.417 0.006
0.9224428022829443 15.409 0.006
0.9231847590747293 15.374 0.006
0.9242071877413309 15.384 0.006
0.9250365240663996 15.392 0.006
0.9319605970895282 15.394 0.006
0.9320849622324658 15.43 0.006
0.9327014781511025 15.415 0.006
0.9354866417190806 15.415 0.006
0.9357879120470898 15.412 0.006
0.9366512057936234 15.417 0.006
0.9389315807554794 15.422 0.006
0.9455702105378805 15.408 0.006
0.9457951302084666 15.424 0.006
0.9482498709828633 15.404 0.006
0.9497889244146336 15.426 0.006
0.9498369389004893 15.435 0.006
0.9526048384486785 15.431 0.006
0.9546619937773357 15.428 0.006
0.9554570210293605 15.443 0.006
0.9558745133069806 15.437 0.006
0.9589355144123601 15.426 0.006
0.9596412658977442 15.452 0.006
0.9597346562663915 15.449 0.006
0.9617012560254352 15.427 0.006
0.9624336085169034 15.467 0.006
0.9627548702849253 15.421 0.006
0.9640382237942049 15.448 0.006
0.9641533593296572 15.442 0.006
0.964202522066671 15.43 0.006
0.9647473525837995 15.435 0.006
0.96561585128552 15.418 0.006
0.9659228409616389 15.435 0.007
0.9662423945439969 15.461 0.006
0.9671322704652994 15.425 0.006
0.9682304614721033 15.45 0.006
0.9682949329646817 15.425 0.006
0.9684277811365973 15.458 0.006
0.9685012390966676 15.414 0.006
0.9699507373613869 15.435 0.006
0.972080937161536 15.434 0.006
0.9727122851058994 15.433 0.006
0.9758045297028275 15.447 0.006
0.9774892046286823 15.465 0.006
0.9786445672079935 15.47 0.006
0.980238548266243 15.467 0.006
0.9808962771178358 15.452 0.006
0.9824037688608769 15.446 0.006
0.9842289691071073 15.434 0.006
0.985543533785858 15.432 0.006
0.9862345471337903 15.455 0.006
0.9903272857798129 15.465 0.006
0.9936342253786279 15.458 0.006
0.996033688007401 15.443 0.006
0.9960479466096785 15.452 0.006
