0.00651992084376618 16.815 0.01
0.012102842630520194 16.799 0.009
0.014923640008214556 16.825 0.013
0.017856498755600136 16.809 0.009
0.01791708768157607 16.825 0.013
0.01898420372153853 16.791 0.01
0.02021493845168154 16.829 0.011
0.02067062411369991 16.821 0.01
0.02122509351036117 16.82 0.01
0.02128506424312493 16.842 0.013
0.02287188611560398 16.808 0.013
0.023806009159920927 16.814 0.013
0.02480715469371264 16.828 0.009
0.026149999981976202 16.818 0.01
0.026502706271253396 16.835 0.015
0.028164186151821036 16.835 0.008
0.029369787441532957 16.831 0.01
0.02997209160801051 16.837 0.013
0.03140073293669732 16.846 0.01
0.032005047666666564 16.824 0.008
0.03231434344299944 16.821 0.016
0.03376479758755979 16.824 0.013
0.034167268102714865 16.839 0.01
0.03625047508355694 16.867 0.013
0.03776545691825961 16.819 0.01
0.0378911978491715 16.83 0.01
0.04029578617839891 16.799 0.01
0.04129336896928637 16.846 0.012
0.04273776557138265 16.831 0.01
0.04279940648145841 16.828 0.013
0.04412994249835267 16.836 0.013
0.0443450914013056 16.835 0.009
0.04446532783529167 16.832 0.011
0.04493889115658478 16.843 0.015
0.04595955747341807 16.81 0.012
0.046165757135236185 16.832 0.012
0.047412324528772865 16.826 0.015
0.04864269056192827 16.834 0.01
0.049367164280761267 16.831 0.012
0.04939642580736747 16.82 0.013
0.04957343275239057 16.857 0.009
0.0498440445650431 16.819 0.01
0.05018179812307155 16.842 0.011
0.05041432820692082 16.842 0.011
0.05065599313732039 16.767 0.013
0.05072838988351125 16.821 0.013
0.05237743271097772 16.835 0.012
0.053318240072053436 16.84 0.012
0.0537285968043989 16.794 0.014
0.055493241663975845 16.856 0.013
0.05685759370478538 16.858 0.013
0.056907050720178654 16.835 0.013
0.057391006098521324 16.82 0.009
0.05802050220065669 16.84 0.013
0.059289388726506353 16.801 0.015
0.060043744570032254 16.829 0.01
0.06044458917770046 16.825 0.01
0.06077204282521509 16.805 0.015
0.060787925879958515 16.837 0.01
0.06246060036036172 16.832 0.008
0.06272619191238393 16.846 0.011
0.063126667822894 16.831 0.013
0.06326134941442663 16.831 0.008
0.06336520505808496 16.85 0.016
0.06342534292334678 16.824 0.011
0.06368408056621322 16.84 0.013
0.06579855592073047 16.851 0.009
0.06613643359835353 16.833 0.013
0.06685591405587277 16.838 0.013
0.06766591349585271 16.847 0.013
0.06836825735015284 16.843 0.01
0.06888409071486878 16.851 0.013
0.06890979070092274 16.854 0.011
0.06975162997835016 16.864 0.008
0.07050780225383735 16.844 0.01
0.07054082683046092 16.855 0.015
0.07364187598207084 16.834 0.012
0.0749553356245315 16.836 0.013
0.07554949915836462 16.86 0.013
0.07562160093541481 16.838 0.009
0.07618206764598201 16.857 0.011
0.07656735608568399 16.838 0.012
0.07865850459372725 16.845 0.012
0.07884871790448644 16.859 0.008
0.07885432444052187 16.85 0.013
0.07911575101550172 16.85 0.008
0.07983984253771725 16.846 0.013
0.0802716568882943 16.812 0.014
0.08079985975407455 16.853 0.013
0.0814060965624549 16.86 0.012
0.08295546714227842 16.88 0.019
0.08318781779623807 16.834 0.013
0.08327628686404298 16.839 0.01
0.08498846747104383 16.858 0.012
0.08591698397881375 16.851 0.01
0.08621377509452943 16.837 0.012
0.08635696109697621 16.852 0.01
0.08672623744384966 16.859 0.013
0.08698347204190215 16.824 0.012
0.08777984110909076 16.848 0.013
0.08946940269620429 16.836 0.013
0.09061791024989818 16.852 0.013
0.0920454197451136 16.876 0.013
0.09314437442005785 16.832 0.019
0.09404358890290043 16.866 0.012
0.09524240017437935 16.852 0.008
0.09640960142908173 16.84 0.011
0.09686417241882739 16.85 0.012
0.0974091284336055 16.856 0.013
0.09896893042175636 16.846 0.013
0.09924054508453539 16.851 0.011
0.0994848867042265 16.865 0.012
0.10022931133451041 16.848 0.012
0.1005902123090664 16.875 0.012
0.10088146695513844 16.833 0.01
0.10460343898832891 16.853 0.012
0.10503469171262625 16.84 0.01
0.1088016165997715 16.844 0.011
0.11015515629267159 16.871 0.011
0.11060227365285302 16.861 0.01
0.11166947079927925 16.862 0.008
0.11181570584963085 16.848 0.012
0.11183076674128645 16.839 0.01
0.11208831844330691 16.863 0.012
0.11309139223137665 16.879 0.013
0.1156794960548041 16.865 0.012
0.11621232960603722 16.862 0.011
0.120365108276269 16.837 0.013
0.12066161180157453 16.854 0.017
0.12137395813786045 16.881 0.01
0.12227901755866244 16.868 0.018
0.12270269127676559 16.845 0.011
0.12632086669261755 16.866 0.014
0.1314132077561908 16.867 0.013
0.1342444180688972 16.883 0.011
0.1355438737225768 16.861 0.009
0.1355533084570425 16.868 0.012
0.13840228460693427 16.861 0.009
0.13907434692375775 16.857 0.009
0.13987684726159844 16.891 0.013
0.1398964847862999 16.865 0.009
0.14201569166314132 16.871 0.015
0.14283520814685746 16.867 0.012
0.14292870731324003 16.87 0.009
0.14363423417298693 16.865 0.01
0.1436540609646727 16.854 0.012
0.14367437565445018 16.866 0.013
0.14380086256047664 16.861 0.008
0.1446776989394266 16.867 0.014
0.14562021943580705 16.876 0.011
0.1458502436794561 16.86 0.013
0.14612478572987586 16.862 0.011
0.14622583072698492 16.863 0.012
0.1471286890594229 16.875 0.012
0.1477034129173035 16.879 0.011
0.14818386332242428 16.883 0.013
0.1483272975638329 16.873 0.012
0.14833130027303698 16.875 0.009
0.14933762713351373 16.862 0.013
0.1493556522498466 16.878 0.011
0.15054599725910978 16.864 0.013
0.1517296579516142 16.88 0.013
0.15262801583937746 16.888 0.013
0.15371501644019647 16.875 0.012
0.15723673699110352 16.876 0.013
0.1577616314746365 16.88 0.013
0.1582189381251965 16.874 0.011
0.15901757829262808 16.861 0.013
0.15966414585002442 16.873 0.013
0.16003429229137967 16.858 0.012
0.16352631380956384 16.865 0.009
0.1635914560313495 16.871 0.012
0.16401243098041507 16.847 0.014
0.1643199422967655 16.856 0.011
0.16437502300939288 16.887 0.015
0.16537755725195213 16.856 0.008
0.1657399514336021 16.861 0.013
0.16607789792080896 16.864 0.01
0.16624952448889874 16.869 0.01
0.16628986381837196 16.863 0.011
0.16640433767840934 16.858 0.014
0.1678083986128286 16.884 0.013
0.16784691910540916 16.872 0.013
0.16827771464741093 16.87 0.009
0.16953340830743857 16.873 0.01
0.17035260156606002 16.852 0.01
0.1712660928713149 16.883 0.011
0.17141821953443925 16.858 0.011
0.17253754912800334 16.874 0.008
0.1741554980931369 16.864 0.013
0.17438496929119085 16.871 0.011
0.17662467434095108 16.892 0.01
0.17674366706435196 16.883 0.013
0.17718821343682978 16.837 0.01
0.17740154842206268 16.864 0.01
0.17748864474085624 16.874 0.012
0.17945336531445266 16.847 0.011
0.17948488444133093 16.88 0.014
0.17950857506596096 16.871 0.014
0.18062547746691282 16.875 0.01
0.18085261733565405 16.889 0.009
0.1814222188931126 16.885 0.01
0.18158784814729645 16.883 0.011
0.18203846681924463 16.899 0.013
0.18249270966506403 16.872 0.009
0.18375884211175164 16.872 0.01
0.18477450166690235 16.865 0.013
0.18480182264149791 16.886 0.012
0.18499359430736606 16.866 0.014
0.18606519975176072 16.839 0.014
0.18612953943127197 16.867 0.013
0.18701515545918712 16.895 0.012
0.18839700421951877 16.884 0.012
0.18957084798059898 16.872 0.013
0.18988736510598303 16.868 0.013
0.1899417502352435 16.884 0.012
0.1903788110054393 16.886 0.01
0.19099129462417752 16.892 0.01
0.19106388555635478 16.883 0.011
0.19126433980547974 16.879 0.012
0.1916721403067868 16.859 0.013
0.19236227692842933 16.883 0.015
0.19242249344144968 16.882 0.013
0.19280308358818277 16.882 0.013
0.19484478491883694 16.881 0.013
0.19627021624344254 16.869 0.012
0.19635725233276846 16.881 0.011
0.19781854096040663 16.884 0.011
0.2003525964339815 16.848 0.011
0.20210531913763818 16.892 0.008
0.2025182788306893 16.876 0.013
0.20392804336702286 16.881 0.012
0.20413868816356173 16.87 0.012
0.20445605204624828 16.896 0.012
0.20453564434435523 16.87 0.012
0.20528581804890111 16.88 0.013
0.20546282991315368 16.887 0.015
0.20581265674561566 16.878 0.012
0.2061003547705923 16.873 0.011
0.20622313759806732 16.899 0.011
0.20742974911606782 16.869 0.013
0.20882205382420127 16.865 0.011
0.20906001959522202 16.884 0.012
0.21025719637852947 16.906 0.014
0.21034142674047873 16.881 0.01
0.21154601047853705 16.88 0.012
0.21391408395950295 16.868 0.016
0.2155142449529649 16.873 0.011
0.2155311185602159 16.868 0.012
0.21714664399441974 16.877 0.01
0.2183190326971044 16.874 0.01
0.21970654691082248 16.879 0.009
0.2213206725966984 16.87 0.01
0.22413273820236557 16.895 0.015
0.2288416158383143 16.881 0.014
0.22956996076825364 16.891 0.014
0.23374851561200105 16.882 0.013
0.23678355736617507 16.888 0.01
0.2386361612606379 16.887 0.009
0.2391284785119524 16.896 0.013
0.24334641656494116 16.877 0.013
0.2446546285304635 16.888 0.009
0.24677955988746592 16.879 0.014
0.24684569386411115 16.88 0.014
0.2506945448376655 16.876 0.013
0.2526358181077285 16.883 0.01
0.2530906889849348 16.895 0.013
0.25758586785755144 16.876 0.011
0.25801253165192295 16.9 0.013
0.2605234163170508 16.891 0.009
0.2617339568153284 16.883 0.013
0.2629571322150014 16.899 0.012
0.2633142787199404 16.876 0.015
0.2643202454636594 16.899 0.01
0.2652321698333481 16.91 0.011
0.26608144432204883 16.876 0.013
0.2665644607960985 16.899 0.009
0.26720820420759994 16.899 0.012
0.2673528366878145 16.883 0.011
0.2674627449555601 16.92 0.013
0.2676318841017974 16.875 0.012
0.2686349074990858 16.87 0.012
0.26891352106789557 16.897 0.009
0.26928680012363204 16.9 0.01
0.26934243388202506 16.89 0.011
0.2698444525256264 16.894 0.012
0.2699415537859068 16.901 0.015
0.2709454571154538 16.887 0.015
0.27192134262977563 16.896 0.011
0.2729844547580115 16.924 0.01
0.2739368339964813 16.906 0.012
0.2745749020619087 16.902 0.013
0.27465080869981195 16.883 0.01
0.27591238047264144 16.892 0.013
0.27636661965677833 16.896 0.009
0.27732881948807064 16.896 0.012
0.278049607547041 16.915 0.01
0.2785931957314688 16.905 0.011
0.27941052960002255 16.892 0.01
0.28153112764473465 16.9 0.014
0.28165336234521876 16.879 0.013
0.2832187364376978 16.906 0.014
0.28363359853372005 16.883 0.012
0.28366691807902955 16.895 0.012
0.28379660149013264 16.897 0.012
0.283827792473312 16.877 0.01
0.28400692798074945 16.888 0.014
0.28407320329304186 16.906 0.011
0.2841201064817028 16.919 0.01
0.2849530469091178 16.919 0.015
0.2864001422806496 16.893 0.011
0.2864028238884885 16.89 0.012
0.2872429684491863 16.897 0.012
0.2874232370470736 16.888 0.013
0.28750544580523185 16.919 0.011
0.28808399294191533 16.891 0.009
0.290218977172367 16.886 0.016
0.2909594629844833 16.891 0.011
0.29184125081436607 16.903 0.008
0.2922417783732044 16.893 0.013
0.2940558187620127 16.888 0.014
0.29413179912838816 16.893 0.01
0.2949177244900284 16.887 0.017
0.295769445846895 16.926 0.013
0.2959540907698056 16.904 0.017
0.2965526257096599 16.905 0.018
0.29670257833813596 16.885 0.01
0.29713299294032824 16.922 0.013
0.29784909128718484 16.888 0.01
0.2987925384457185 16.905 0.013
0.29879333973078703 16.899 0.013
0.2993638163016158 16.925 0.017
0.3003035643003159 16.909 0.013
0.3017515310237059 16.905 0.013
0.302763615539584 16.909 0.011
0.3030329701416804 16.904 0.012
0.3049040489564959 16.905 0.011
0.3056650903738728 16.899 0.012
0.3061614840628636 16.904 0.011
0.3066899388294587 16.913 0.009
0.30833992181865144 16.884 0.01
0.31036170175141253 16.906 0.016
0.3103792230106365 16.917 0.013
0.3137854017586733 16.907 0.01
0.31511843011574003 16.91 0.012
0.31512149883953955 16.908 0.016
0.31541854803233493 16.911 0.013
0.3155310493678144 16.885 0.01
0.31622092791283196 16.913 0.014
0.31851372890857876 16.933 0.013
0.3202512309663007 16.912 0.013
0.32280214649292704 16.888 0.009
0.32442577200631606 16.915 0.009
0.32452794397320306 16.925 0.014
0.3286053862123254 16.917 0.013
0.32862095221823895 16.937 0.013
0.3294280402292543 16.933 0.01
0.33126609446727573 16.928 0.01
0.33545918912957406 16.941 0.012
0.3371533716192744 16.924 0.017
0.3372336460018005 16.915 0.015
0.33943798651037016 16.927 0.013
0.3395282523345259 16.922 0.013
0.3403811571731922 16.923 0.014
0.34143070648135565 16.916 0.012
0.34303777669358626 16.917 0.012
0.34366934112883885 16.914 0.014
0.3469891695335946 16.974 0.012
0.34700811639302176 16.965 0.015
0.348619033221803 16.934 0.01
0.35062375519853506 16.933 0.013
0.35198561123686434 16.909 0.011
0.3582679151125149 16.924 0.014
0.35891594756653833 16.929 0.01
0.36041589927961015 16.943 0.013
0.3609468193331168 16.935 0.013
0.36252409464887025 16.937 0.009
0.36258035026255586 16.93 0.015
0.3645309955786843 16.932 0.013
0.36482837165848425 16.906 0.01
0.36630439308853513 16.935 0.013
0.36678514704342435 16.933 0.012
0.36747267578587073 16.924 0.014
0.3682386649927821 16.943 0.014
0.3698710689530117 16.942 0.014
0.37015369015002764 16.943 0.011
0.37017125076024515 16.943 0.013
0.3717176226835136 16.98 0.014
0.37420161404295416 16.949 0.011
0.3748275535235962 16.952 0.013
0.37584509214505035 16.918 0.014
0.37802820611366317 16.963 0.015
0.3780412834403478 16.953 0.009
0.37814951049019785 16.949 0.013
0.37816364351763243 16.961 0.017
0.3782232849041748 16.954 0.012
0.3786905461053266 16.925 0.01
0.3790247344611771 16.957 0.015
0.3792571993970114 16.936 0.012
0.3793011002672074 16.954 0.019
0.37999893875783075 16.913 0.014
0.3812683230192079 16.955 0.013
0.3818299817923162 16.946 0.01
0.38241283644472335 16.94 0.013
0.38380402281884474 16.929 0.013
0.3846885008374784 16.942 0.019
0.38516012486390994 16.948 0.009
0.3862786999018454 16.95 0.013
0.38630052129817616 16.946 0.012
0.387397518260309 16.938 0.011
0.3879314185519661 16.944 0.011
0.3882051543980879 16.945 0.012
0.38915746848899746 16.933 0.013
0.389755584340287 16.955 0.014
0.39053351778354684 16.943 0.013
0.3908632179369761 16.924 0.01
0.39121230371349613 16.907 0.018
0.3913896240460645 16.944 0.017
0.3928511474133757 16.947 0.012
0.3933487762322102 16.96 0.012
0.3937730079151379 16.947 0.012
0.3947130041533683 16.937 0.012
0.3958807350616894 16.945 0.012
0.3964167504157331 16.939 0.013
0.39683041919240625 16.936 0.011
0.3985208521314917 16.935 0.011
0.3990434853519901 16.958 0.014
0.4 16.984 0.008
0.4005219560554224 16.941 0.015
0.40073054109941497 16.929 0.013
0.40302139296286443 16.938 0.011
0.4031207432429028 16.961 0.01
0.4045641308737459 16.936 0.013
0.40567359314527496 16.937 0.012
0.4063314745029857 16.922 0.011
0.4064910314578697 16.942 0.01
0.4078622066918115 16.963 0.009
0.4083856006443739 16.95 0.014
0.40859811466887097 16.936 0.013
0.40861951697709176 16.928 0.014
0.41067146782685315 16.959 0.01
0.41164427237461043 16.939 0.012
0.4116484139604154 16.958 0.011
0.41170831708572 16.951 0.009
0.4124977437588996 16.944 0.01
0.4134516886759002 16.938 0.012
0.41356849752698965 16.937 0.016
0.4178327636425593 16.947 0.013
0.41808054142600215 16.933 0.013
0.4192039290387811 16.922 0.011
0.42077211743926457 16.943 0.011
0.42198554105541464 16.932 0.014
0.42218724393435425 16.93 0.013
0.42331800778608797 16.917 0.013
0.42462873542958735 16.928 0.012
0.4249015864244484 16.957 0.008
0.42542073183337836 16.94 0.012
0.42605172972346284 16.923 0.013
0.42845525377131255 16.951 0.016
0.42886017115486086 16.913 0.013
0.42998350345751535 16.915 0.01
0.4300679698165141 16.933 0.013
0.4332374215853406 16.946 0.013
0.4338422770636271 16.92 0.013
0.4342201991023785 16.945 0.01
0.43474851624980604 16.919 0.013
0.43555935015026537 16.896 0.012
0.4399399679344015 16.92 0.011
0.44080932729164035 16.916 0.009
0.4408637222584503 16.862 0.018
0.4423254803653208 16.879 0.013
0.44898109029647915 16.892 0.014
0.44905881210925147 16.904 0.01
0.4495470061936203 16.876 0.013
0.4500011741086155 16.878 0.013
0.4513739777096589 16.882 0.011
0.4518285364021267 16.9 0.011
0.4523318749444002 16.922 0.01
0.45445084341988606 16.858 0.018
0.4547380756814846 16.894 0.011
0.455052322908864 16.929 0.009
0.4560478373666911 16.924 0.013
0.45684653776313555 16.822 0.015
0.4571908711391416 16.867 0.013
0.458182702396266 16.896 0.01
0.4633801083816934 16.896 0.012
0.4634290504451656 16.876 0.012
0.4642189195440324 16.858 0.013
0.4642906477048655 16.893 0.009
0.46609448530400643 16.856 0.011
0.4661023629403417 16.859 0.011
0.46634104025454237 16.899 0.01
0.46650971609735736 16.859 0.012
0.4678548988361172 16.875 0.012
0.4719231988500724 16.858 0.009
0.47404353023673595 16.8 0.017
0.4744289427967715 16.848 0.012
0.4763176879230514 16.806 0.014
0.4789654466325374 16.852 0.012
0.48282999265054516 16.827 0.011
0.48349632677084164 16.856 0.009
0.4842037978439975 16.832 0.01
0.4844644563634346 16.806 0.012
0.4846523481828853 16.823 0.012
0.48531343096433366 16.836 0.012
0.48598826457659916 16.86 0.009
0.48867114450674753 16.81 0.013
0.49102132928853726 16.79 0.01
0.492450344233498 16.827 0.015
0.4924792825347821 16.814 0.015
0.49268368544041996 16.786 0.014
0.49627624072015797 16.782 0.01
0.4965519797517799 16.807 0.012
0.49808997264065047 16.785 0.013
0.49819113317723795 16.788 0.011
0.4984036557821354 16.83 0.011
0.4990017728908014 16.759 0.013
0.49950678527218306 16.782 0.013
0.5004965002645121 16.786 0.015
0.5005609001730362 16.765 0.011
0.5011633923498038 16.754 0.016
0.5012610466553951 16.766 0.014
0.5017319247069962 16.764 0.008
0.5052510238788499 16.765 0.012
0.5052732176344192 16.802 0.012
0.5058543959881034 16.757 0.011
0.5061799643939593 16.817 0.008
0.5085383352805137 16.765 0.013
0.5097442081468215 16.812 0.008
0.5103403761229628 16.75 0.016
0.510592599041297 16.759 0.009
0.5116453965026948 16.733 0.012
0.5119083113652549 16.73 0.013
0.5130840292734091 16.738 0.013
0.5139039193732287 16.75 0.009
0.516318889921672 16.8 0.01
0.5163402738113745 16.744 0.012
0.5163548996556755 16.762 0.013
0.5167373049778461 16.741 0.012
0.5171669809284025 16.781 0.008
0.5179970517376886 16.727 0.012
0.5182192855728771 16.763 0.008
0.5189076672488908 16.722 0.009
0.5197413216785889 16.742 0.01
0.5201728546151343 16.723 0.014
0.5212476713209298 16.745 0.01
0.5226855544549607 16.709 0.009
0.5229718563930645 16.74 0.012
0.5235837918849255 16.754 0.013
0.523851267421628 16.726 0.009
0.5245722631662715 16.771 0.009
0.526012836489167 16.733 0.013
0.5278022313353516 16.74 0.011
0.5285213394336323 16.712 0.013
0.5288167578001093 16.732 0.014
0.5295280472339186 16.75 0.008
0.5299487837812875 16.696 0.012
0.5318567338438469 16.703 0.013
0.5322972123597309 16.737 0.009
0.5331103493329237 16.718 0.01
0.5337142621904376 16.698 0.012
0.5346066940335503 16.668 0.013
0.53525291131225 16.734 0.008
0.5356024849868617 16.716 0.009
0.5359003403837277 16.703 0.01
0.5366645868870932 16.729 0.01
0.5369767879161258 16.744 0.009
0.5383790201757619 16.693 0.008
0.5407137040995393 16.691 0.013
0.5412291736862698 16.697 0.009
0.5414597644753711 16.693 0.012
0.5425633302151822 16.705 0.012
0.5436211049789335 16.662 0.009
0.5450591982587638 16.638 0.01
0.5458949615752089 16.66 0.012
0.546080476593056 16.675 0.011
0.5462238604435128 16.69 0.008
0.5465711679364857 16.644 0.014
0.551691111388743 16.679 0.008
0.553997194992712 16.629 0.013
0.5577470766809483 16.638 0.011
0.5580474010261809 16.665 0.013
0.5587534809317503 16.644 0.013
0.5589385424834972 16.657 0.008
0.5594357497550617 16.627 0.01
0.5616413892844547 16.649 0.013
0.5706633116288002 16.617 0.013
0.5727420132459655 16.627 0.012
0.5731015414710554 16.649 0.009
0.5733835801636586 16.64 0.011
0.574231926787911 16.656 0.009
0.5747070410859805 16.618 0.011
0.5771395169347442 16.612 0.01
0.5781120350949549 16.633 0.008
0.58082243018614 16.638 0.013
0.5829580965007835 16.611 0.011
0.5844398792478613 16.613 0.009
0.589921713024546 16.593 0.008
0.5906943644133889 16.592 0.009
0.5911371607583304 16.596 0.011
0.5922137926397908 16.609 0.009
0.5945923675956464 16.603 0.008
0.594746875979149 16.599 0.015
0.5948908079565398 16.609 0.013
0.596453993257819 16.61 0.008
0.5966685166436263 16.588 0.012
0.5998377201733773 16.61 0.011
0.6002645130062318 16.616 0.008
0.6010602737174167 16.609 0.011
0.6012030172942331 16.596 0.012
0.6017893720009169 16.608 0.008
0.6017970099788044 16.612 0.008
0.6038163147871045 16.605 0.011
0.6055580690501983 16.607 0.008
0.6057972281407955 16.598 0.011
0.6065377188719139 16.617 0.008
0.6079475337994267 16.582 0.008
0.6084462268993547 16.603 0.01
0.6084932456269825 16.601 0.009
0.6086341101379502 16.59 0.011
0.6096889107848482 16.594 0.012
0.6104521446548232 16.606 0.009
0.6106325976018296 16.612 0.012
0.6109342209679425 16.598 0.01
0.6112431603442245 16.59 0.011
0.6122666913604689 16.588 0.008
0.6139706268907275 16.624 0.009
0.6142054600475375 16.611 0.01
0.6145353494685195 16.601 0.011
0.6149572780782591 16.598 0.008
0.6155159246948414 16.605 0.009
0.6159114073438103 16.592 0.008
0.6163994687279 16.587 0.011
0.6169663198677653 16.615 0.011
0.6172144798477119 16.604 0.01
0.6195981254559455 16.606 0.008
0.6196949748148426 16.623 0.012
0.6198440290925418 16.621 0.012
0.621155304862691 16.646 0.013
0.6218408857301028 16.617 0.011
0.6226519715311496 16.616 0.009
0.6226964205279955 16.586 0.012
0.6227154915068467 16.614 0.01
0.6236214824537227 16.588 0.01
0.6244139311211483 16.622 0.011
0.6249471407475311 16.615 0.01
0.6262866039255868 16.633 0.012
0.6267299852346127 16.604 0.008
0.6268632719968763 16.609 0.009
0.627127504298437 16.623 0.013
0.6271812122625078 16.614 0.01
0.6275434909050772 16.628 0.013
0.6280643261121326 16.602 0.008
0.6281778094196624 16.62 0.01
0.6282946084328613 16.6 0.01
0.629470377989287 16.594 0.011
0.6309952369840857 16.616 0.015
0.6317089683670019 16.593 0.008
0.632332019810542 16.623 0.009
0.6329982937021668 16.608 0.008
0.6341695726512397 16.608 0.008
0.6344644428911805 16.611 0.01
0.6345605400990961 16.628 0.013
0.6346509029893013 16.616 0.013
0.6357889717562784 16.593 0.008
0.6360285093817537 16.609 0.012
0.6361044664106656 16.619 0.009
0.6362321502984059 16.621 0.008
0.6369442422740348 16.614 0.01
0.637272824093793 16.622 0.011
0.6381507886442477 16.621 0.009
0.6395057710981518 16.598 0.012
0.6399553807991878 16.641 0.012
0.6400368570814634 16.616 0.01
0.6413595068809399 16.627 0.009
0.6418807206232713 16.617 0.011
0.642430186920842 16.62 0.012
0.6427857025987804 16.609 0.01
0.6433376145073679 16.61 0.009
0.6435150737159119 16.624 0.013
0.6450956401979737 16.644 0.013
0.6471341351857745 16.622 0.013
0.6479818439954896 16.617 0.01
0.6480328801890436 16.613 0.013
0.6485425085541237 16.63 0.009
0.6494494298247218 16.628 0.01
0.6501142019282269 16.618 0.008
0.653082076195028 16.615 0.009
0.6543488181994461 16.641 0.013
0.6548105822821753 16.621 0.011
0.6553531246039142 16.594 0.009
0.655520988121475 16.631 0.01
0.6557571387177403 16.623 0.01
0.6562073837733577 16.582 0.008
0.6573564074810974 16.617 0.01
0.6577495735575893 16.646 0.013
0.6602041141234394 16.628 0.008
0.6615413442948692 16.633 0.011
0.6615491014735198 16.625 0.008
0.6623475290362193 16.628 0.008
0.6712360220804157 16.651 0.013
0.6745726626611712 16.627 0.01
0.6790690852444867 16.684 0.009
0.680079865820312 16.629 0.011
0.6832332501860718 16.652 0.009
0.6871692626262074 16.653 0.013
0.6920397053213718 16.667 0.013
0.6921361896450207 16.652 0.008
0.6927896442863584 16.635 0.008
0.6935070084789685 16.639 0.008
0.694017311550192 16.648 0.011
0.6958981937966882 16.666 0.013
0.7004386966798619 16.647 0.011
0.7022914972201533 16.671 0.011
0.70291080769382 16.651 0.008
0.704081969847175 16.639 0.009
0.7045817272280828 16.656 0.01
0.7057730713711634 16.674 0.013
0.7066398646591323 16.655 0.011
0.7066676243978463 16.665 0.012
0.7067443458202205 16.655 0.009
0.7068949670333722 16.652 0.01
0.7078876118730704 16.642 0.01
0.709250540773064 16.648 0.008
0.709303806310936 16.662 0.008
0.7095275800827721 16.666 0.01
0.7101428177807292 16.676 0.014
0.7122855002178539 16.667 0.013
0.7127885782238308 16.663 0.011
0.7129889034345296 16.658 0.011
0.714571345319905 16.681 0.013
0.7153225918866837 16.659 0.008
0.7153928047602789 16.674 0.008
0.7156937423803469 16.641 0.008
0.7161511694887621 16.669 0.014
0.7165055520763643 16.658 0.013
0.7171027425233887 16.687 0.013
0.7175205344665527 16.663 0.009
0.7193753984213571 16.66 0.012
0.7206587817529679 16.7 0.012
0.7210536327085264 16.679 0.01
0.7220826055879797 16.686 0.01
0.7229287573002465 16.681 0.01
0.7231058232170766 16.678 0.008
0.7244939372058297 16.673 0.013
0.7254574593954657 16.662 0.01
0.7255743137187891 16.651 0.009
0.7256354065021013 16.676 0.013
0.7276007452699331 16.702 0.011
0.7280940665734987 16.677 0.011
0.7285466245396264 16.664 0.009
0.7287312596249875 16.675 0.009
0.7292412800245756 16.696 0.012
0.7295552163243655 16.669 0.011
0.7297452281252617 16.676 0.012
0.7298184445744709 16.668 0.011
0.7301340080387262 16.676 0.011
0.7314969885872187 16.684 0.012
0.7315275662956764 16.67 0.013
0.7316026028386431 16.69 0.012
0.7319884983774272 16.669 0.009
0.732234789129302 16.662 0.01
0.7322802458404793 16.677 0.007
0.7338959519613808 16.655 0.009
0.7343113671033961 16.686 0.012
0.7346582640889436 16.69 0.013
0.7352698677753096 16.68 0.013
0.7362520922464681 16.67 0.008
0.7369828127755453 16.683 0.014
0.7377649467759624 16.66 0.008
0.7385486895225539 16.683 0.01
0.7387542660719872 16.677 0.011
0.739107971493945 16.679 0.011
0.7392484808073276 16.704 0.009
0.7396970213082112 16.679 0.008
0.739972811988332 16.679 0.01
0.7405465452932503 16.68 0.01
0.7409373247303619 16.698 0.01
0.741121347798321 16.669 0.013
0.7415500848444707 16.676 0.013
0.7418273170835845 16.697 0.01
0.7420281486105522 16.678 0.008
0.7420756011831826 16.681 0.011
0.742270564435239 16.686 0.01
0.7442295236922063 16.7 0.012
0.7443690830064269 16.685 0.008
0.7443743994927217 16.677 0.012
0.7453955451267347 16.698 0.011
0.7458859365831585 16.679 0.012
0.7463003513347188 16.693 0.008
0.7464699243260156 16.693 0.013
0.7469439202353896 16.707 0.008
0.7470081272142806 16.704 0.012
0.747080915994752 16.701 0.013
0.7471842087545837 16.723 0.012
0.7472225301424031 16.683 0.01
0.7486307879720697 16.669 0.009
0.7491526284884684 16.672 0.009
0.7498253200390308 16.691 0.012
0.7504755314460794 16.666 0.008
0.7508567938396253 16.697 0.008
0.7536981258906734 16.698 0.011
0.7543133635884032 16.696 0.009
0.7544174121612968 16.677 0.012
0.7550437842297923 16.713 0.01
0.757532525530928 16.692 0.012
0.7588496290227567 16.703 0.011
0.7621640131594858 16.715 0.012
0.7653593627622626 16.695 0.008
0.7657421355243286 16.684 0.009
0.7658270443087303 16.682 0.011
0.7669944384929521 16.697 0.013
0.7689617214739655 16.699 0.013
0.7695193922943644 16.695 0.012
0.7710302976913908 16.686 0.01
0.7718083638351572 16.707 0.012
0.7742513521992236 16.685 0.009
0.7745986731920538 16.684 0.008
0.7749133014138123 16.699 0.011
0.7777915686031291 16.713 0.012
0.7796071845084724 16.698 0.008
0.7872931695808574 16.697 0.011
0.7879778311646759 16.703 0.01
0.7892290329604292 16.703 0.009
0.7896954535801455 16.699 0.008
0.796702309822217 16.738 0.011
0.7985511764634565 16.719 0.012
0.7991383078605963 16.693 0.009
0.7997272126772486 16.72 0.014
0.8024703693488617 16.723 0.008
0.8029425046109053 16.711 0.009
0.804469170200059 16.717 0.012
0.8061216406106495 16.729 0.012
0.8090616346811657 16.728 0.01
0.8091222248098346 16.725 0.008
0.8105947449287441 16.742 0.01
0.8112872116226071 16.715 0.008
0.811613780418861 16.708 0.013
0.8123064277999901 16.729 0.009
0.8134276917692431 16.727 0.01
0.8139980442204204 16.713 0.011
0.8145437609671489 16.739 0.016
0.8154046626425724 16.707 0.013
0.8164320820863167 16.729 0.012
0.8168608142139191 16.734 0.008
0.8169903649245724 16.713 0.011
0.8193576948901522 16.698 0.009
0.8198258139434755 16.711 0.012
0.8200301467819826 16.712 0.008
0.8206446483427725 16.713 0.01
0.821894887896883 16.73 0.011
0.8228452676119331 16.717 0.01
0.8238201625732358 16.729 0.008
0.8239460325427443 16.72 0.011
0.8242097585287183 16.736 0.013
0.8244058966816055 16.723 0.012
0.8245653897459078 16.755 0.013
0.8254223624410542 16.734 0.012
0.8257564991488606 16.729 0.012
0.8260931281968396 16.715 0.012
0.8279370605478333 16.731 0.012
0.8283475377382046 16.723 0.014
0.8301561326020077 16.724 0.008
0.8303817301296248 16.722 0.008
0.8306914707909754 16.728 0.011
0.8313022178820346 16.708 0.011
0.8317132517799108 16.737 0.009
0.8319901755505952 16.744 0.011
0.8327156533216793 16.73 0.009
0.8328458393873688 16.737 0.009
0.8329842570301706 16.731 0.013
0.8344654191789913 16.72 0.011
0.8346465542101895 16.73 0.013
0.8363411090586168 16.745 0.009
0.8363668004638156 16.728 0.009
0.8389317101413325 16.713 0.008
0.8392397695852423 16.719 0.013
0.8408530927288438 16.737 0.009
0.8412387547846492 16.76 0.01
0.841529193389158 16.748 0.01
0.8416696707843356 16.726 0.012
0.8435356641907901 16.734 0.008
0.8436231980160982 16.739 0.009
0.8465483733130212 16.725 0.013
0.8480346577619229 16.745 0.01
0.8494282160188731 16.736 0.01
0.8496983866628169 16.721 0.013
0.8497315992499579 16.716 0.012
0.8508328988084712 16.717 0.01
0.8508747866553903 16.73 0.011
0.851253818447185 16.748 0.009
0.8512712647755278 16.747 0.011
0.8516562250718152 16.738 0.014
0.8526044909811161 16.737 0.013
0.8526573829028847 16.741 0.012
0.8550121971677753 16.741 0.011
0.8550480360526875 16.744 0.008
0.8564084406943038 16.75 0.01
0.8567104475144105 16.72 0.012
0.8578950520299826 16.74 0.008
0.8579378148904424 16.754 0.009
0.8581328199529934 16.74 0.011
0.8589797176400906 16.742 0.012
0.8590029805955282 16.725 0.011
0.8607570576298484 16.737 0.012
0.8618146001133709 16.738 0.013
0.8640479342336902 16.757 0.012
0.8640840730058925 16.744 0.011
0.8644808681753147 16.756 0.009
0.8650521558693298 16.739 0.013
0.8656867779333424 16.728 0.008
0.8660418106325323 16.746 0.009
0.8700923460667354 16.741 0.01
0.8701434424890748 16.739 0.011
0.870274793617932 16.758 0.009
0.870985212957089 16.747 0.012
0.8710456740473318 16.741 0.013
0.8721713241794986 16.741 0.011
0.8726292490234981 16.743 0.01
0.8728757818392636 16.749 0.009
0.8737450687251793 16.745 0.014
0.8743211788317011 16.756 0.012
0.8748479388812256 16.759 0.009
0.8748812670071628 16.729 0.014
0.8754145503624158 16.759 0.011
0.8772659732344663 16.735 0.014
0.8784426227232642 16.77 0.013
0.8820029276578452 16.755 0.012
0.8861413287229652 16.771 0.012
0.8870854063174193 16.749 0.009
0.8876059158954149 16.756 0.011
0.8902424075338559 16.759 0.012
0.8902894864902692 16.775 0.013
0.8907632390790013 16.757 0.011
0.8941374022217815 16.768 0.01
0.8944807425855515 16.735 0.01
0.8999990506565837 16.77 0.013
0.9021945647868052 16.758 0.01
0.9025192102473852 16.757 0.008
0.903363546784442 16.765 0.01
0.9046799842058363 16.755 0.014
0.9050215684212845 16.799 0.013
0.9050583376299756 16.75 0.012
0.9052460365199068 16.765 0.013
0.9052599090107606 16.773 0.008
0.9061493987093968 16.767 0.008
0.907984256442569 16.773 0.012
0.9083826713981807 16.768 0.009
0.9105283869246478 16.769 0.01
0.9109303117720856 16.769 0.012
0.9124779851756785 16.783 0.013
0.9140825655070103 16.768 0.018
0.9146053965758029 16.792 0.013
0.9177037002284806 16.772 0.01
0.9179936275977753 16.783 0.012
0.918098611413393 16.762 0.017
0.9186123764450486 16.781 0.013
0.9189960291396574 16.773 0.014
0.9195758937156825 16.767 0.008
0.9213195921925262 16.78 0.01
0.9229109747389203 16.751 0.012
0.9234527477483653 16.769 0.009
0.9235806676327002 16.765 0.013
0.9237791321959549 16.775 0.012
0.9249844852463639 16.802 0.013
0.9276531166101677 16.767 0.009
0.929018542769677 16.771 0.015
0.9292313751002667 16.772 0.016
0.929318221922324 16.782 0.008
0.9299596635180706 16.762 0.013
0.9308490794881209 16.782 0.01
0.9312566907217615 16.787 0.009
0.9313237070901096 16.764 0.016
0.9333100057401907 16.794 0.015
0.9334159198795305 16.788 0.011
0.9335104649083178 16.771 0.01
0.934934965908974 16.792 0.01
0.9353108011958057 16.768 0.013
0.9357158463608016 16.783 0.01
0.9363586557872395 16.78 0.01
0.9363731022010825 16.79 0.012
0.9367635166031164 16.78 0.009
0.9368462968255017 16.77 0.013
0.9372045629213744 16.769 0.012
0.9401059689464774 16.798 0.012
0.940206635408822 16.748 0.011
0.941699364515921 16.791 0.012
0.9429930661761091 16.801 0.012
0.9431566909880985 16.788 0.008
0.9432159685962006 16.782 0.011
0.9434586191607878 16.784 0.009
0.9436027489863591 16.782 0.011
0.9449511590005614 16.786 0.012
0.9454389843877152 16.784 0.015
0.9467114963445283 16.774 0.012
0.9472812908313358 16.776 0.009
0.9480631581737043 16.782 0.011
0.9489149335836032 16.8 0.011
0.9544675910490469 16.77 0.013
0.956022655393349 16.786 0.014
0.9563753567631693 16.795 0.013
0.9566101346099686 16.806 0.012
0.9569868498292863 16.79 0.011
0.9574956080998845 16.801 0.011
0.9575894612067032 16.781 0.009
0.9583378209938701 16.799 0.013
0.9584480561477676 16.808 0.013
0.9585260311189586 16.791 0.013
0.9602397135138517 16.796 0.011
0.9608993498175323 16.802 0.012
0.9623433678846368 16.79 0.008
0.9633846586166556 16.801 0.011
0.9647826534271872 16.798 0.012
0.9658265089710995 16.799 0.011
0.96623710536212 16.817 0.014
0.9664361229713677 16.78 0.009
0.9671490432313249 16.781 0.01
0.9672685975811192 16.814 0.01
0.9673518153101895 16.813 0.013
0.9686727052446941 16.827 0.01
0.968736423068799 16.8 0.011
0.9687726306508694 16.81 0.011
0.9694148771934806 16.786 0.013
0.9694907248597474 16.807 0.012
0.9704869987918073 16.801 0.01
0.9724679772935133 16.805 0.01
0.9727063252612652 16.799 0.011
0.9728063108964534 16.796 0.013
0.9745257423653811 16.81 0.012
0.9748432352869486 16.791 0.01
0.9766887247358454 16.806 0.013
0.978548541398618 16.821 0.013
0.9785714774673352 16.818 0.011
0.9821792226773823 16.802 0.01
0.9821955506172572 16.802 0.013
0.9830040666879768 16.804 0.013
0.9843660013734962 16.817 0.011
0.98455768455417 16.793 0.012
0.9846774785626394 16.796 0.012
0.9849409698088266 16.813 0.013
0.9864825819526232 16.788 0.01
0.986508342167349 16.798 0.011
0.9866914299926407 16.814 0.008
0.9875043678605607 16.806 0.01
0.9875326302533495 16.822 0.011
0.987798976361114 16.802 0.01
0.9878362961560697 16.831 0.013
0.9885851831372975 16.817 0.012
0.9885911165604512 16.809 0.012
0.9912400636705684 16.809 0.012
0.9922873418783184 16.792 0.011
0.9935534792437238 16.826 0.011
0.993808074044432 16.79 0.012
0.9941861620129885 16.816 0.014
0.994441080038564 16.81 0.012
0.9950590730732302 16.816 0.01
0.9969342615554752 16.826 0.013
0.9989767002805593 16.807 0.012
