0.0011275597828444006 16.749 0.013
0.002382171228077823 16.73 0.012
0.002623206028488312 16.727 0.013
0.0053155268908540165 16.739 0.013
0.005428064325087689 16.739 0.011
0.007064047573976495 16.724 0.013
0.007537431848504639 16.739 0.012
0.008396338336297049 16.728 0.011
0.00927829707006822 16.738 0.011
0.009505318962055753 16.748 0.011
0.010078172983412514 16.746 0.012
0.011336714294202466 16.748 0.011
0.015944033085133924 16.736 0.01
0.016471200508021866 16.735 0.011
0.017468545800056745 16.729 0.01
0.01801660603905475 16.741 0.011
0.01844602449023114 16.747 0.012
0.02168127049094437 16.732 0.009
0.022704583088057007 16.757 0.011
0.022858045956809292 16.77 0.012
0.02322079221266904 16.757 0.012
0.023837628332330496 16.751 0.015
0.024669631648293944 16.747 0.012
0.025533410789194022 16.772 0.013
0.02642119637084761 16.756 0.013
0.027620881261100294 16.745 0.011
0.028468637805644903 16.755 0.01
0.029711406342812552 16.732 0.009
0.03335515356718588 16.753 0.01
0.034352530191654296 16.776 0.014
0.041224701686815024 16.753 0.012
0.041563612005575123 16.751 0.011
0.04764060973707274 16.747 0.011
0.05360510463663104 16.745 0.012
0.05426361041236305 16.743 0.011
0.054842488630811204 16.751 0.013
0.05570941394603324 16.744 0.011
0.056290174088871936 16.772 0.011
0.056290378358426096 16.778 0.013
0.05901350662929872 16.752 0.012
0.05911506013683265 16.737 0.009
0.06151238197617204 16.762 0.013
0.06189417167274769 16.739 0.009
0.06309678097613869 16.773 0.01
0.06606492152013743 16.752 0.013
0.06653429006883016 16.763 0.014
0.06799194137738596 16.776 0.014
0.06846814914706556 16.776 0.013
0.06861775295215011 16.754 0.008
0.06948359509215152 16.78 0.012
0.07247480293995068 16.774 0.013
0.07335584329780431 16.748 0.011
0.07443870444330969 16.766 0.012
0.07663383277588309 16.776 0.013
0.07702141920481154 16.767 0.013
0.08050600569231392 16.771 0.011
0.0806354096459927 16.746 0.011
0.08096217392335348 16.78 0.01
0.0816208200865276 16.773 0.016
0.08344535178594015 16.776 0.012
0.08390570662595564 16.767 0.01
0.08476740527657967 16.783 0.013
0.08573398468320192 16.754 0.01
0.087072036358677 16.783 0.011
0.09058141419495769 16.771 0.013
0.09191175223054415 16.763 0.012
0.09241176460523093 16.773 0.009
0.0925074505782959 16.78 0.012
0.09493366656909075 16.759 0.01
0.09650210807126314 16.772 0.012
0.09746055267464726 16.779 0.013
0.0993885824714198 16.791 0.01
0.09972149178815926 16.771 0.012
0.10289685964130513 16.768 0.012
0.10419626493830947 16.776 0.012
0.1062877047454549 16.771 0.008
0.10721933325407917 16.789 0.01
0.1080962012240434 16.802 0.011
0.1122291522665364 16.807 0.013
0.11224607453027602 16.777 0.011
0.11263970956815683 16.79 0.012
0.11369687604678802 16.801 0.013
0.11600059689021691 16.786 0.011
0.11719726215324044 16.785 0.012
0.11778414984451047 16.792 0.011
0.11807498096641211 16.792 0.012
0.11853937716091423 16.809 0.013
0.11867290954614873 16.783 0.01
0.1191701216207548 16.798 0.013
0.11961544304222116 16.793 0.012
0.12102145435710554 16.78 0.013
0.12148371310036055 16.825 0.013
0.12547834618112574 16.798 0.012
0.12665105588052938 16.776 0.013
0.12749520767169997 16.78 0.012
0.13001493514798312 16.813 0.01
0.13005380207027883 16.806 0.011
0.13129148433120008 16.798 0.01
0.13233258425657368 16.799 0.012
0.1335412446026112 16.762 0.013
0.13401347611647907 16.8 0.011
0.13681538193736742 16.797 0.013
0.13757954523975968 16.806 0.01
0.1377709009109367 16.784 0.015
0.1395565262182572 16.793 0.009
0.14046717483415705 16.81 0.011
0.1410649850045047 16.801 0.012
0.14148839309973482 16.807 0.011
0.14256354303870467 16.796 0.013
0.14369552708626543 16.8 0.011
0.14613560502721157 16.817 0.009
0.14620847800642878 16.817 0.011
0.14691685660977782 16.807 0.01
0.14731146211715895 16.774 0.013
0.14930428340107937 16.79 0.016
0.14931123411065528 16.8 0.012
0.14979945688855878 16.778 0.013
0.1520562061223245 16.786 0.013
0.15513515313500648 16.812 0.013
0.15546689912025613 16.818 0.01
0.15727541636078968 16.811 0.013
0.15743088648378034 16.79 0.011
0.15787118672710676 16.8 0.013
0.1589314297943929 16.807 0.01
0.15924244084305883 16.8 0.01
0.16188797687345868 16.816 0.013
0.1628524387537027 16.802 0.013
0.16403306636220805 16.823 0.012
0.16757814053539732 16.831 0.011
0.16792790945078195 16.805 0.009
0.16876487006345542 16.825 0.009
0.16907179580061893 16.834 0.011
0.16965354268813826 16.811 0.012
0.1715419312247377 16.815 0.015
0.17205214505156619 16.827 0.011
0.17409971181598394 16.814 0.01
0.17486483174684508 16.815 0.013
0.17616617227940878 16.792 0.01
0.18054128076710185 16.833 0.016
0.181558717691928 16.82 0.011
0.18171922526789785 16.805 0.013
0.1847280381530254 16.824 0.013
0.18550651955115427 16.884 0.013
0.18881353337769724 16.832 0.014
0.18944918996021443 16.834 0.012
0.1904796298540532 16.837 0.009
0.191063259882867 16.839 0.014
0.19140615581159182 16.814 0.01
0.1915219057352715 16.828 0.01
0.19391619045563857 16.835 0.013
0.19582418071343 16.827 0.011
0.1967808548811263 16.839 0.011
0.19750007580682905 16.841 0.016
0.19753402368587558 16.841 0.011
0.19760269743164827 16.857 0.011
0.19841678808938923 16.836 0.013
0.20092871157862646 16.835 0.012
0.2028716958542418 16.835 0.011
0.20448302935847096 16.84 0.014
0.20453863176680898 16.857 0.012
0.20479771839632122 16.842 0.01
0.20528098266095185 16.826 0.015
0.20685147088715894 16.822 0.013
0.2089666270055659 16.838 0.011
0.21009349709447633 16.833 0.011
0.21069046661182256 16.855 0.013
0.2118133730689351 16.832 0.012
0.21340758574365282 16.864 0.013
0.21351920723623152 16.831 0.011
0.2144956666327289 16.815 0.01
0.21450864967687266 16.834 0.013
0.2162414879339849 16.82 0.012
0.21978140746159625 16.824 0.01
0.2203514831614939 16.874 0.013
0.22073409480253758 16.842 0.014
0.2210870343044462 16.861 0.014
0.2211248180515213 16.868 0.012
0.22174947443249948 16.856 0.012
0.22321631482009252 16.853 0.011
0.22424657812666737 16.849 0.01
0.22447681250810092 16.865 0.012
0.22595638284633424 16.853 0.014
0.23150223081484 16.861 0.013
0.23392371940758494 16.856 0.013
0.23646838797458258 16.854 0.013
0.23650722356455844 16.858 0.012
0.23839846814553312 16.827 0.009
0.23916061240606723 16.854 0.008
0.23960203529418322 16.873 0.01
0.23977944315583954 16.847 0.011
0.23994772338596704 16.858 0.012
0.2415579029127457 16.853 0.012
0.24786904374923324 16.828 0.012
0.25066004701670863 16.861 0.011
0.25097091524401094 16.864 0.013
0.25421725217370295 16.875 0.011
0.2547591348234164 16.872 0.013
0.2550333431652234 16.875 0.013
0.2562717708647142 16.866 0.013
0.25874782956748277 16.87 0.013
0.25948213151900745 16.907 0.01
0.2597262429078455 16.856 0.012
0.2608073543790397 16.892 0.012
0.2619811647448387 16.87 0.013
0.26393591663895677 16.871 0.018
0.26739460297335427 16.863 0.013
0.2685730792895811 16.882 0.01
0.27007490882760976 16.88 0.013
0.2737078255170218 16.869 0.014
0.27459750929801885 16.875 0.012
0.2753091781130479 16.848 0.012
0.27650278306214204 16.876 0.013
0.2766801258248961 16.859 0.012
0.2772021443063295 16.914 0.019
0.2778398663210737 16.877 0.013
0.27866190743725383 16.893 0.013
0.28667784687308995 16.877 0.011
0.2867854827557039 16.88 0.012
0.28806689523776186 16.866 0.009
0.29094846686916753 16.905 0.014
0.29191308662825577 16.87 0.014
0.2936377331211588 16.889 0.013
0.2967556190749292 16.881 0.014
0.29683321945276475 16.874 0.009
0.29909597904270413 16.904 0.013
0.2992455734936357 16.896 0.012
0.30019423575504334 16.908 0.011
0.30089161537352993 16.885 0.012
0.3013011277529358 16.921 0.012
0.30418474040470755 16.911 0.011
0.3044098978634793 16.89 0.012
0.3049199037704966 16.888 0.01
0.30539929391375154 16.899 0.013
0.3055499308538856 16.896 0.012
0.3069704368515431 16.905 0.013
0.3077955940261745 16.855 0.012
0.30786552388417476 16.9 0.015
0.30884395228235917 16.9 0.013
0.31046794493499874 16.905 0.014
0.3125733976506808 16.893 0.01
0.31338644011611905 16.898 0.011
0.31601203060517946 16.898 0.009
0.31626906358997076 16.901 0.013
0.3180733978713306 16.876 0.012
0.3182159244202012 16.898 0.011
0.31948647138483466 16.907 0.011
0.32226541447084855 16.876 0.012
0.32231715416537554 16.883 0.013
0.3256909655167419 16.888 0.017
0.33048345790302847 16.911 0.013
0.3333552622495972 16.888 0.013
0.33436261042811566 16.921 0.015
0.33821067803955884 16.89 0.013
0.3394912128328542 16.904 0.013
0.34175193832265904 16.9 0.013
0.3419602813560232 16.879 0.012
0.34564786336989073 16.906 0.012
0.3478728148004393 16.902 0.012
0.3511839013140161 16.903 0.012
0.35148572450020765 16.923 0.011
0.35199699016948216 16.897 0.013
0.352373572746842 16.902 0.012
0.35273734643362786 16.869 0.011
0.35751500396668234 16.932 0.012
0.3576833643533064 16.896 0.013
0.3578138689736079 16.908 0.013
0.3623874730537864 16.917 0.013
0.3629414972581344 16.905 0.01
0.3631886608238801 16.878 0.013
0.3645954232811164 16.904 0.016
0.36826208236311686 16.901 0.013
0.36960224342783476 16.888 0.009
0.370595686536376 16.908 0.014
0.3717335637470569 16.903 0.014
0.3717665781925916 16.927 0.013
0.37220891823972124 16.902 0.015
0.37804181964020245 16.89 0.014
0.3786376852210651 16.902 0.013
0.3803195882367163 16.916 0.01
0.3817105730536241 16.904 0.012
0.38425731519032524 16.901 0.011
0.3846877924047476 16.912 0.015
0.38499369519843185 16.892 0.015
0.3852257940129675 16.925 0.013
0.38577078009689103 16.885 0.012
0.3861435756296032 16.918 0.014
0.3865619938792406 16.886 0.015
0.3890630274390787 16.894 0.009
0.3896827822679825 16.919 0.013
0.39213993343116726 16.851 0.013
0.39281860407527347 16.906 0.013
0.3983823577818839 16.895 0.012
0.39947155196159656 16.903 0.013
0.4015647634214474 16.876 0.014
0.40157694079562134 16.908 0.014
0.4026439616357038 16.906 0.011
0.40274759685007666 16.905 0.013
0.4052763311144645 16.892 0.011
0.40549477346530693 16.893 0.013
0.40617817721158644 16.892 0.012
0.4066562705563683 16.873 0.01
0.40987075964198993 16.89 0.012
0.4099385927347612 16.899 0.013
0.41135554972379396 16.878 0.011
0.41186857647505803 16.908 0.013
0.4135046862706986 16.888 0.01
0.41565887654473954 16.866 0.015
0.4162946202038711 16.892 0.012
0.4172919874743002 16.867 0.012
0.4186580556122408 16.871 0.013
0.4198835987521079 16.864 0.013
0.42008989506121 16.843 0.012
0.42201084068074124 16.865 0.012
0.4220746731059535 16.832 0.013
0.4233191319231082 16.818 0.011
0.4235593297205469 16.857 0.013
0.4249841126750198 16.834 0.013
0.432453194673144 16.835 0.011
0.43333103189593203 16.819 0.011
0.43497408304722285 16.8 0.011
0.4373146253055893 16.802 0.011
0.43903546847968755 16.807 0.011
0.4428028509876185 16.783 0.008
0.4438091693016304 16.793 0.012
0.44399456344081045 16.807 0.012
0.44401548758924037 16.8 0.009
0.4441180058624923 16.819 0.01
0.4460421778123873 16.78 0.014
0.4470395764153636 16.78 0.012
0.4473832873680976 16.8 0.013
0.4532639941103298 16.791 0.014
0.4533627542382419 16.776 0.013
0.45486143311563865 16.753 0.012
0.4555856971976482 16.749 0.012
0.4557630562351278 16.758 0.012
0.46054884286718334 16.756 0.012
0.46112162365307086 16.755 0.012
0.46419953509735024 16.759 0.013
0.46519488575950163 16.78 0.012
0.4662083846812948 16.784 0.011
0.4679679124867562 16.747 0.009
0.46829374333037777 16.746 0.012
0.4696917276810382 16.734 0.011
0.4701579976629091 16.745 0.009
0.4703812719803864 16.754 0.011
0.4713716791868592 16.72 0.012
0.47181798043197887 16.719 0.01
0.47253444988132287 16.703 0.011
0.4726399808616861 16.721 0.01
0.4727466182122271 16.709 0.009
0.4728691678870973 16.709 0.01
0.47401998175155313 16.719 0.01
0.47635379384428234 16.715 0.012
0.47696834398732335 16.726 0.011
0.4792810496405764 16.683 0.01
0.48076760445474065 16.709 0.01
0.48525144705763523 16.711 0.012
0.4930842213695996 16.715 0.013
0.49552339964293424 16.695 0.014
0.4993854651049787 16.705 0.011
0.5041123277842416 16.693 0.011
0.5043524291511403 16.685 0.009
0.5056916962523701 16.691 0.01
0.5092198143954647 16.651 0.013
0.5096224318094755 16.686 0.009
0.5109925018321064 16.674 0.01
0.5121273952348702 16.667 0.01
0.5126982802551083 16.697 0.012
0.513134703943706 16.669 0.009
0.5143024412886916 16.657 0.014
0.5167776316566233 16.656 0.011
0.5168771823966836 16.688 0.013
0.5208201290940906 16.659 0.01
0.5237653370186308 16.658 0.012
0.5239236875981987 16.674 0.012
0.5245821828029875 16.648 0.011
0.5276203333614831 16.655 0.011
0.5278515207207874 16.644 0.013
0.529560549885673 16.605 0.009
0.5307720951752799 16.64 0.008
0.5311864338173109 16.66 0.011
0.5360190655126189 16.648 0.013
0.5365251879442212 16.646 0.01
0.5378505943122036 16.646 0.013
0.5379729848910983 16.62 0.01
0.5382649398748072 16.622 0.011
0.5394963749611179 16.633 0.01
0.5440220833522744 16.62 0.009
0.5463307627092036 16.62 0.012
0.5469207037940578 16.622 0.011
0.5481581423159696 16.6 0.011
0.5488276527798917 16.612 0.011
0.5489830765127408 16.605 0.011
0.5510647095657077 16.615 0.011
0.5518089761503688 16.602 0.01
0.5537082916528107 16.612 0.011
0.558423926666137 16.603 0.011
0.5618099699192953 16.598 0.011
0.5621834482255963 16.587 0.009
0.5674813037637705 16.614 0.013
0.5696066694717956 16.574 0.01
0.5730074779924053 16.59 0.011
0.5736510524843652 16.588 0.008
0.5739330660296673 16.593 0.011
0.5764160522471684 16.558 0.011
0.5765814939243228 16.595 0.011
0.5779803897298734 16.561 0.01
0.5789280314807002 16.574 0.009
0.5799912152357365 16.595 0.011
0.5805222266643568 16.602 0.012
0.5818555879775431 16.591 0.009
0.5832145788590424 16.591 0.011
0.5835515039016173 16.562 0.01
0.5858460368827991 16.574 0.01
0.58624047880744 16.582 0.01
0.5863592088887799 16.574 0.008
0.586367029150324 16.581 0.01
0.5863920585347842 16.586 0.013
0.5889528681075262 16.586 0.011
0.5891839150792748 16.572 0.011
0.5903527413032634 16.556 0.011
0.5939118446594875 16.576 0.008
0.5955170807310424 16.586 0.011
0.5962175125259819 16.552 0.009
0.5970746567154492 16.592 0.011
0.5972460135342317 16.598 0.012
0.5989606164541783 16.59 0.011
0.5992049239753214 16.589 0.01
0.6000546657960513 16.587 0.011
0.6040681531057999 16.584 0.01
0.6042564635210965 16.588 0.012
0.6056355020789397 16.59 0.008
0.605654401481388 16.593 0.011
0.6061676512099439 16.603 0.011
0.6064934600753986 16.599 0.014
0.609763667544712 16.566 0.008
0.6117284398169431 16.604 0.012
0.6124240140165966 16.591 0.012
0.6127946851024717 16.573 0.009
0.6130118282209196 16.592 0.01
0.6150056374657424 16.593 0.011
0.6165879803875214 16.589 0.009
0.6181044730585654 16.58 0.009
0.6189722378096576 16.566 0.012
0.6201310391686548 16.588 0.012
0.6209870025352302 16.58 0.01
0.6233235754582438 16.609 0.011
0.6250184639516192 16.567 0.008
0.6270522232941858 16.595 0.008
0.6296417565151842 16.577 0.011
0.6323191587177917 16.583 0.013
0.6328821189081282 16.573 0.008
0.6340947811384012 16.611 0.009
0.6351508737961922 16.601 0.01
0.6367769782714277 16.582 0.008
0.6411202645440426 16.579 0.01
0.6411213558562849 16.586 0.012
0.6427850711422707 16.594 0.009
0.6434786380875721 16.578 0.01
0.6435425970594224 16.588 0.01
0.6456977626701246 16.597 0.011
0.646508002401788 16.602 0.009
0.6468665644822522 16.589 0.01
0.6480622010976731 16.597 0.011
0.6481451013751212 16.607 0.012
0.6498297558673585 16.575 0.008
0.6499035378681128 16.607 0.009
0.6511769164651469 16.603 0.008
0.6529336834403239 16.605 0.011
0.6549881952109899 16.592 0.009
0.6575838165106234 16.57 0.008
0.6577782406329789 16.598 0.011
0.6582723134540629 16.56 0.013
0.6593922548115643 16.612 0.01
0.66104732545773 16.563 0.008
0.663136767364449 16.618 0.012
0.666079981875555 16.613 0.011
0.6694390592920172 16.6 0.011
0.6733956937856647 16.626 0.013
0.673835078086995 16.61 0.01
0.6752948607629605 16.624 0.01
0.6763001215306303 16.615 0.01
0.6808060284183739 16.596 0.011
0.6808447211869861 16.6 0.009
0.6825785950121599 16.596 0.011
0.6826712601409781 16.618 0.008
0.6884921339089942 16.639 0.013
0.6893661202058183 16.599 0.009
0.6904472967753463 16.631 0.01
0.6949408659764913 16.604 0.011
0.7032877074746011 16.614 0.009
0.7034232739599702 16.633 0.011
0.7069464661390157 16.616 0.011
0.7081929635428423 16.635 0.012
0.7089691532609095 16.618 0.011
0.7104109573433561 16.604 0.009
0.7113715206901361 16.622 0.012
0.7157138816664883 16.617 0.01
0.7159479808146898 16.628 0.011
0.7159489769130687 16.631 0.01
0.7165786813175146 16.614 0.009
0.7183771712595899 16.636 0.013
0.7188924469510312 16.626 0.01
0.7212776190983732 16.622 0.012
0.7223856907023674 16.601 0.01
0.723642202780411 16.608 0.01
0.724068787165379 16.613 0.011
0.7274564222138906 16.627 0.009
0.7274863531501978 16.652 0.012
0.7284388431426123 16.601 0.01
0.7305103235670458 16.637 0.01
0.7318933151855163 16.623 0.01
0.7344212055270418 16.627 0.01
0.7353289423540446 16.638 0.01
0.735533292856644 16.62 0.013
0.7365056087642188 16.625 0.009
0.7373206804622896 16.621 0.01
0.742633545007152 16.603 0.012
0.7426375236966578 16.641 0.009
0.7441352203165934 16.607 0.008
0.7453227428907212 16.651 0.012
0.7464617159007503 16.639 0.01
0.7526264121106578 16.614 0.01
0.7531426025270775 16.64 0.011
0.7553785240436355 16.634 0.013
0.7569838378381064 16.643 0.011
0.757551581170901 16.653 0.009
0.7580618820745713 16.657 0.013
0.7583138125081632 16.629 0.013
0.7596230721665052 16.631 0.01
0.7604532167531488 16.636 0.009
0.7608018316916514 16.641 0.01
0.7638460691116506 16.625 0.01
0.7640591663889609 16.629 0.009
0.7653066448331174 16.627 0.01
0.7672725710824579 16.632 0.009
0.7682531019490852 16.661 0.013
0.7682539332479337 16.641 0.01
0.7734980162083502 16.658 0.009
0.773802765024584 16.63 0.009
0.7741426087766285 16.624 0.009
0.7765679320207255 16.648 0.011
0.7815339394387593 16.633 0.009
0.7817224948096282 16.654 0.011
0.7830753569257922 16.643 0.009
0.7860208248640674 16.649 0.012
0.7867073145531549 16.653 0.012
0.7870848899585781 16.638 0.01
0.7873938042421287 16.617 0.009
0.7929626442250992 16.666 0.012
0.7939300248144718 16.65 0.011
0.7963535206617962 16.651 0.012
0.7967152464077571 16.672 0.01
0.7967389997551209 16.66 0.013
0.8018854358783756 16.652 0.01
0.8019123239926103 16.676 0.012
0.8023049454407101 16.64 0.013
0.8052892803011673 16.657 0.017
0.8066014725100104 16.671 0.012
0.8076347346825514 16.651 0.012
0.8077323501872797 16.648 0.012
0.810409666529722 16.639 0.013
0.8124213721582692 16.651 0.011
0.8140813956140391 16.667 0.01
0.8162783977338677 16.683 0.011
0.8183280311473027 16.663 0.012
0.8200339499580878 16.682 0.013
0.822111371153369 16.649 0.011
0.8229354183069972 16.641 0.011
0.8232015764892822 16.66 0.009
0.8247388993113418 16.675 0.011
0.8257483255466695 16.643 0.009
0.8290542631186781 16.678 0.012
0.8291978634886163 16.662 0.011
0.8310001905153968 16.62 0.014
0.8311606748961822 16.67 0.012
0.8313031526213308 16.655 0.008
0.8348154862035244 16.66 0.01
0.8386007882902504 16.683 0.01
0.8386208184749648 16.693 0.012
0.8431822394773008 16.664 0.01
0.8471419261475148 16.689 0.013
0.848180210714645 16.681 0.011
0.8504679565692186 16.673 0.01
0.8505615237986603 16.719 0.01
0.8579429048851352 16.671 0.012
0.8592601345467301 16.676 0.01
0.859790314676502 16.672 0.012
0.8607697009199455 16.677 0.012
0.8609251303564633 16.712 0.011
0.8616337563491925 16.684 0.011
0.8631391141350377 16.693 0.013
0.8632090370724654 16.698 0.01
0.8672054650012342 16.677 0.011
0.8679048368164786 16.675 0.01
0.8684549751119448 16.694 0.015
0.8717889698331192 16.675 0.01
0.8719034949772322 16.683 0.011
0.8777384500224343 16.668 0.008
0.8778130783796314 16.69 0.011
0.8779247775948988 16.667 0.01
0.8793238231421583 16.681 0.013
0.8793645544978972 16.669 0.01
0.8803560310386729 16.691 0.013
0.8831221314680988 16.691 0.012
0.8840655577109828 16.693 0.011
0.8860434188120507 16.661 0.008
0.8893255367211168 16.707 0.011
0.8927730242884309 16.676 0.01
0.8935403895093259 16.662 0.012
0.8939826494000727 16.683 0.013
0.8962525025208379 16.687 0.011
0.8977083878803569 16.699 0.012
0.8992736099726244 16.73 0.008
0.9000478388265947 16.685 0.009
0.9002213632124949 16.673 0.011
0.9006306713226877 16.703 0.012
0.9028217770089668 16.65 0.009
0.9029094848413024 16.684 0.012
0.9030050837375256 16.691 0.012
0.9033698128357628 16.676 0.012
0.9050667517039983 16.674 0.011
0.9055200105792665 16.69 0.011
0.907065431168121 16.677 0.009
0.9153544864166179 16.696 0.01
0.9171001860381693 16.683 0.01
0.9176161941636565 16.705 0.01
0.9183346488891857 16.684 0.01
0.9195762146252946 16.678 0.011
0.9196758211098768 16.692 0.01
0.9198342900988337 16.695 0.012
0.9221290680359289 16.701 0.01
0.9229331501035176 16.697 0.01
0.9231702920744738 16.694 0.012
0.9256155897587632 16.689 0.012
0.9261683741258366 16.7 0.009
0.9262980405269445 16.683 0.011
0.9269416439176439 16.675 0.011
0.9281551744828676 16.694 0.01
0.9311664218694204 16.707 0.01
0.9317482651877071 16.696 0.01
0.9336213533713362 16.732 0.013
0.9338257885174244 16.715 0.009
0.9396048209093806 16.701 0.013
0.9398102232548808 16.721 0.013
0.9398649455404211 16.7 0.012
0.9405314758469103 16.704 0.01
0.9409360948118319 16.704 0.01
0.9417113185470498 16.677 0.01
0.9448160542237929 16.71 0.011
0.9471784841796307 16.697 0.011
0.9487118620781985 16.71 0.013
0.9506382142195662 16.705 0.012
0.9521047388489023 16.704 0.01
0.9531579823824359 16.714 0.011
0.9556369227586856 16.703 0.009
0.9556468861751455 16.723 0.012
0.955836234591743 16.735 0.01
0.9583044718165183 16.734 0.013
0.9591731944128696 16.726 0.011
0.9615485378271842 16.689 0.013
0.9629136180044497 16.728 0.009
0.9630253009447642 16.707 0.011
0.9632116447919543 16.717 0.012
0.9633091732198409 16.688 0.011
0.9633381393905438 16.7 0.013
0.9652123583562116 16.734 0.012
0.965268353028705 16.725 0.011
0.9661179300496769 16.719 0.011
0.9683231727574366 16.72 0.014
0.9702782090772644 16.704 0.01
0.9702929198172114 16.725 0.01
0.9750538011778644 16.723 0.011
0.9763362341705033 16.708 0.009
0.9765434301468758 16.729 0.011
0.9778048832467903 16.712 0.01
0.9798096544400323 16.736 0.012
0.9807651953919958 16.728 0.013
0.9807930889583076 16.699 0.012
0.9808369143941036 16.728 0.011
0.9817146889520245 16.712 0.011
0.9851483157860912 16.737 0.011
0.9853296221806431 16.714 0.011
0.9870753808168047 16.701 0.012
0.9888040686641943 16.74 0.011
0.9896420916902571 16.732 0.012
0.9912633084547906 16.752 0.01
0.9915919953432422 16.731 0.01
0.9917794374232471 16.719 0.011
0.9922775979889593 16.719 0.011
0.9927758016747248 16.741 0.01
0.9928404873771797 16.727 0.013
0.997488806891397 16.727 0.011
0.9979570552288806 16.732 0.012
0.9982609633923403 16.722 0.01
