0.0002948286460195959 17.457 0.014
0.001445676007278962 17.486 0.017
0.0032128292814377346 17.456 0.014
0.004523834426436224 17.472 0.018
0.0064721282246864575 17.501 0.016
0.0065261840163657325 17.509 0.021
0.007281138246980845 17.5 0.021
0.00831980873408611 17.442 0.021
0.009563986550347181 17.497 0.022
0.010216469998795219 17.484 0.021
0.01287332960009735 17.471 0.016
0.013056419508757244 17.577 0.032
0.013374399652093416 17.49 0.02
0.013575158061030379 17.477 0.014
0.013690871094695467 17.546 0.025
0.015417425395753526 17.443 0.022
0.015864806317949842 17.459 0.015
0.01833029333374725 17.498 0.017
0.0201714217882909 17.53 0.019
0.024627170486382965 17.505 0.023
0.02490402493140209 17.417 0.015
0.0249609258989949 17.509 0.017
0.025142515968582302 17.459 0.017
0.029029633208665473 17.483 0.018
0.02978515244922164 17.522 0.021
0.029802059242683754 17.516 0.018
0.03149528523817935 17.495 0.014
0.0318300535554954 17.491 0.012
0.032745746043474355 17.495 0.019
0.03441137552727014 17.521 0.022
0.03503887190618116 17.49 0.017
0.03832742245231202 17.477 0.017
0.03995551360094396 17.508 0.018
0.04056806308290106 17.455 0.019
0.04102511346218307 17.451 0.017
0.04236548567405407 17.44 0.021
0.04296934031935962 17.485 0.027
0.043410730894265726 17.524 0.024
0.04591916942081298 17.512 0.016
0.04731056606578932 17.53 0.018
0.04857531446396024 17.502 0.017
0.05119677039965609 17.479 0.018
0.05141840419400978 17.489 0.02
0.05184006967465393 17.533 0.017
0.052725177383763366 17.505 0.022
0.05611910650122809 17.536 0.021
0.056783239719152334 17.489 0.018
0.05992256439367338 17.496 0.018
0.06048090447893628 17.52 0.021
0.06187051840424829 17.495 0.015
0.0633304291523018 17.528 0.015
0.06627105861571181 17.505 0.017
0.06630541363938391 17.534 0.017
0.06791351137781021 17.544 0.02
0.069335155416411 17.534 0.016
0.07026500952179049 17.474 0.02
0.07032920548590482 17.508 0.019
0.07072708614123258 17.462 0.021
0.07199689486697025 17.517 0.015
0.07246286935878743 17.481 0.021
0.0725049494058112 17.507 0.025
0.07434752649805887 17.467 0.018
0.07508084769051493 17.504 0.02
0.07533303698437521 17.508 0.022
0.07691146285105788 17.495 0.02
0.07750533257876668 17.474 0.018
0.07948736113485211 17.514 0.02
0.08106277275783214 17.501 0.018
0.08123122222423262 17.515 0.021
0.08201300315113258 17.512 0.02
0.08232909171420033 17.514 0.016
0.08316219541984537 17.464 0.019
0.08444479444642639 17.482 0.016
0.08474358027433482 17.495 0.016
0.0848714478815964 17.551 0.02
0.08666273222752352 17.558 0.019
0.08822219951252919 17.453 0.02
0.08919852582494059 17.541 0.02
0.09079885379742336 17.534 0.021
0.09294382194821083 17.564 0.019
0.09488055786550831 17.51 0.019
0.10220333066899912 17.5 0.021
0.1042858839246037 17.505 0.014
0.10562322477699126 17.508 0.022
0.10721278585242544 17.534 0.019
0.10775135279982351 17.492 0.022
0.10814920252641969 17.55 0.022
0.1096197851238685 17.542 0.016
0.11352305480704672 17.488 0.019
0.11412528363871388 17.494 0.021
0.11420555967470136 17.546 0.021
0.11471987843788156 17.479 0.019
0.11526905867685855 17.469 0.017
0.11919402400963008 17.503 0.015
0.12119763440205134 17.53 0.023
0.12174985651336101 17.559 0.021
0.12334088649822661 17.506 0.019
0.12455629153464542 17.478 0.018
0.12507503008691856 17.494 0.02
0.12715335138727824 17.493 0.017
0.13937805472323817 17.47 0.021
0.14000779553134635 17.541 0.023
0.14031534286186798 17.497 0.02
0.1405277827216196 17.53 0.015
0.14323489694106684 17.49 0.02
0.1433363898022435 17.56 0.026
0.14421798417151876 17.464 0.017
0.1447208588660942 17.506 0.018
0.146840895202331 17.468 0.02
0.14700489890219615 17.526 0.025
0.14767018316615577 17.505 0.018
0.1499573357959889 17.487 0.02
0.15041347657097504 17.474 0.022
0.1505674546647242 17.527 0.017
0.15135228076451313 17.526 0.016
0.15319282393693356 17.5 0.015
0.153535851358356 17.502 0.016
0.1540570010047304 17.599 0.026
0.15971194133544486 17.528 0.018
0.16045366067010036 17.528 0.017
0.16140980739010047 17.529 0.02
0.16190671620825015 17.557 0.015
0.16254692721668107 17.524 0.018
0.16342281171409923 17.503 0.018
0.16475171463480365 17.466 0.014
0.1648354975541224 17.482 0.017
0.1657626869609885 17.532 0.019
0.1663981871906799 17.556 0.02
0.16880185194804653 17.559 0.021
0.16931990116518136 17.485 0.013
0.1695104494338011 17.477 0.022
0.1714788642680105 17.5 0.014
0.1727129604687434 17.497 0.019
0.17333142627740017 17.492 0.02
0.174461923326362 17.507 0.015
0.17613021915803984 17.546 0.016
0.17632438406872097 17.504 0.018
0.1764472466047664 17.542 0.021
0.17686282338854653 17.525 0.021
0.17713955185627128 17.479 0.019
0.17722717739252403 17.559 0.023
0.17745715647561155 17.478 0.016
0.1781170877711702 17.52 0.017
0.1792264956229701 17.57 0.021
0.18145932504376105 17.531 0.018
0.18165712281279411 17.524 0.023
0.18170604590704897 17.503 0.021
0.18421824086453853 17.509 0.021
0.18624582707434456 17.492 0.018
0.18664202500804095 17.523 0.02
0.18785901276714867 17.51 0.019
0.18858423176152428 17.521 0.017
0.18955006670421426 17.556 0.013
0.19096994348728913 17.561 0.017
0.19160974969327071 17.523 0.02
0.19208327848946283 17.523 0.02
0.1924700548661349 17.549 0.019
0.19312245377932413 17.518 0.014
0.19572245550534717 17.473 0.021
0.19591022691520266 17.52 0.022
0.20155630904628197 17.543 0.022
0.2043714372530303 17.548 0.02
0.204858176619382 17.491 0.018
0.20617168309854605 17.483 0.019
0.20744590996127954 17.514 0.019
0.20993836105890296 17.463 0.021
0.21292969468595402 17.552 0.018
0.21367231146132326 17.528 0.021
0.215391662654838 17.56 0.016
0.2155594406549426 17.475 0.016
0.21566313079983956 17.529 0.03
0.21590054391526792 17.521 0.02
0.21659507978347392 17.47 0.017
0.2178810702298506 17.544 0.019
0.221126920464485 17.516 0.017
0.22136395640609408 17.524 0.017
0.22204795946163358 17.594 0.027
0.22274664274937095 17.528 0.022
0.22444232293128152 17.516 0.022
0.22578141722624423 17.517 0.022
0.2259377511581988 17.47 0.018
0.2267403164787538 17.51 0.017
0.22733924653221038 17.477 0.018
0.22755279029206577 17.463 0.021
0.2279756856455606 17.526 0.015
0.22880166507366084 17.486 0.016
0.23200451184129633 17.485 0.018
0.23288932691048103 17.509 0.02
0.23347331171862606 17.497 0.02
0.23385537566446146 17.554 0.024
0.23447943587962072 17.503 0.015
0.23487594027028535 17.505 0.016
0.23592978197848424 17.518 0.02
0.23612268608485465 17.476 0.024
0.23691390403610058 17.528 0.022
0.23869639519580232 17.535 0.018
0.23880600737084023 17.525 0.022
0.23930713432946504 17.519 0.022
0.23946914720363566 17.501 0.02
0.2401467705722098 17.491 0.019
0.24155583571609895 17.512 0.027
0.24294100957922637 17.479 0.017
0.2456160286692466 17.516 0.018
0.24623232076828572 17.52 0.019
0.24642122535351518 17.476 0.015
0.2467399964825745 17.517 0.016
0.2513311532793523 17.468 0.018
0.25412836343821255 17.463 0.019
0.25418688046011084 17.519 0.021
0.2548347474239563 17.51 0.021
0.2556032210823105 17.525 0.025
0.2576208516520637 17.468 0.022
0.25835870239279757 17.493 0.018
0.2592340820883692 17.518 0.031
0.2605426225327392 17.49 0.019
0.26243751413676364 17.521 0.019
0.26509227480437403 17.534 0.025
0.26583842609124986 17.544 0.02
0.26648814649433916 17.546 0.02
0.26675728567443 17.487 0.016
0.26858864707719476 17.519 0.021
0.2691290105567532 17.478 0.022
0.2712428029435614 17.503 0.021
0.27322982275654795 17.483 0.023
0.2791517342629959 17.5 0.021
0.28152849995422 17.526 0.021
0.28171411146831815 17.501 0.019
0.2834459968134979 17.464 0.016
0.2834625183231765 17.577 0.021
0.2839426365644613 17.556 0.022
0.2864343869168806 17.511 0.016
0.2866527569185564 17.524 0.016
0.28780190609359124 17.492 0.017
0.28877935176933534 17.53 0.021
0.2902578008306591 17.469 0.022
0.29042694939289504 17.508 0.014
0.29130617410828563 17.467 0.022
0.2916740349955944 17.512 0.018
0.29283558018323674 17.448 0.022
0.29555308577346295 17.489 0.017
0.2986471885296851 17.544 0.024
0.301492188606062 17.519 0.021
0.3018145161686334 17.531 0.017
0.30886900008545126 17.484 0.016
0.3092596174274149 17.523 0.019
0.3102830190991881 17.548 0.021
0.31175295215325605 17.545 0.021
0.3126237210681211 17.575 0.025
0.31279288344285305 17.502 0.023
0.31381199295356055 17.528 0.019
0.3157577439760644 17.461 0.019
0.31616994150317623 17.489 0.015
0.3161961203068131 17.465 0.02
0.316285035924011 17.473 0.019
0.3166202228576367 17.462 0.021
0.3173349073895224 17.506 0.018
0.3178072201262694 17.49 0.017
0.3186129354271543 17.547 0.019
0.31897879167445353 17.421 0.026
0.32145580323685863 17.51 0.017
0.3225502105869964 17.472 0.017
0.3237345260422444 17.481 0.022
0.3259873098349999 17.523 0.025
0.326035072124796 17.464 0.028
0.3267952590522327 17.534 0.022
0.32698511798571417 17.531 0.017
0.32773830661244574 17.498 0.02
0.3283564935927643 17.527 0.014
0.3312761305569438 17.443 0.026
0.33184153395905014 17.518 0.018
0.3325971084550474 17.487 0.022
0.3353701013593309 17.501 0.021
0.3367982250838395 17.482 0.021
0.33932395328520215 17.468 0.015
0.339651036369105 17.524 0.019
0.339952738093416 17.481 0.02
0.3431891115133112 17.511 0.017
0.34376474938198953 17.496 0.024
0.34408707859438437 17.495 0.022
0.3460298999079896 17.494 0.016
0.34980675707902265 17.517 0.019
0.3501339125341474 17.509 0.017
0.35066250837826374 17.49 0.023
0.354609374165193 17.488 0.016
0.3549367067980711 17.513 0.022
0.3568499147959301 17.477 0.018
0.35949199657034114 17.478 0.019
0.35990490865651736 17.474 0.018
0.3603445336261757 17.481 0.02
0.36145628590657 17.442 0.017
0.3628016770035174 17.494 0.022
0.3642499770194263 17.481 0.019
0.3642693420542855 17.532 0.017
0.36448166645186575 17.456 0.013
0.3646845969183232 17.478 0.018
0.36670632130153535 17.474 0.02
0.37169524734645165 17.48 0.015
0.3723071074928157 17.516 0.02
0.3764520946197081 17.539 0.021
0.3779252402646307 17.45 0.018
0.37922340480236016 17.486 0.021
0.37962951693498326 17.518 0.018
0.3799441487508375 17.49 0.019
0.3817240873768242 17.5 0.026
0.38364049250185417 17.465 0.015
0.38569874396762316 17.496 0.023
0.38819040978705743 17.484 0.017
0.3902775909382399 17.446 0.017
0.39115989821493713 17.439 0.022
0.39195988172241414 17.517 0.019
0.39277179382679606 17.475 0.022
0.3978749754060118 17.486 0.021
0.4009682497899121 17.425 0.018
0.40100009537127335 17.573 0.031
0.4028307105318163 17.447 0.022
0.4028492057532276 17.445 0.023
0.40546722717681405 17.429 0.017
0.4064431730139404 17.421 0.017
0.4078299312495801 17.434 0.024
0.41072933336499773 17.437 0.014
0.4120155790651552 17.438 0.021
0.4128617657133873 17.414 0.024
0.4140274502124157 17.392 0.014
0.4156061272788065 17.492 0.018
0.4161659898786638 17.441 0.022
0.41659926444117445 17.453 0.022
0.41787214596661215 17.384 0.017
0.4181496442502066 17.381 0.021
0.4194724463109196 17.456 0.016
0.42151438031942234 17.465 0.021
0.421765236439569 17.348 0.016
0.42717212273419136 17.434 0.012
0.4277139705891386 17.447 0.023
0.4291161788723912 17.448 0.018
0.4293376907453421 17.465 0.016
0.42961722129621194 17.417 0.017
0.4336913539455054 17.351 0.015
0.4346032192806888 17.427 0.016
0.4350492377516275 17.458 0.022
0.4366297511423909 17.409 0.02
0.436647070095205 17.38 0.014
0.4387528740953712 17.463 0.017
0.441019314701407 17.416 0.019
0.44172909010649164 17.482 0.016
0.44224531921645394 17.487 0.018
0.4427441033967625 17.438 0.021
0.445317419867024 17.379 0.02
0.44688423665229493 17.416 0.021
0.45003553707010724 17.383 0.017
0.45181979548578965 17.44 0.021
0.4525007297947923 17.438 0.018
0.4530462633601928 17.455 0.02
0.4536107164703935 17.364 0.016
0.4562157468408259 17.429 0.016
0.4569262018203517 17.348 0.015
0.4570248332875053 17.377 0.021
0.45915799070917274 17.415 0.023
0.4596846071353866 17.441 0.018
0.4621369576025245 17.428 0.02
0.4640704695189015 17.384 0.02
0.4653069946816686 17.456 0.019
0.4662401849500384 17.308 0.016
0.4671073038907707 17.36 0.018
0.46720188628569304 17.391 0.018
0.4674335033478201 17.447 0.019
0.4701108099588964 17.368 0.02
0.47066485953291703 17.434 0.02
0.4707545002220286 17.265 0.016
0.47398665385026106 17.312 0.016
0.47807000971079106 17.413 0.02
0.4785672526113558 17.358 0.016
0.48186812844960514 17.356 0.015
0.48254795315551746 17.316 0.016
0.4830361793005977 17.408 0.017
0.4838963999391126 17.306 0.014
0.4846807764934056 17.288 0.021
0.48478685415739164 17.269 0.019
0.4853678661638696 17.38 0.018
0.4853727907548091 17.32 0.015
0.4857873700984783 17.403 0.018
0.48618283965970477 17.334 0.026
0.4878495901575661 17.381 0.014
0.49213530096130853 17.346 0.018
0.493694687766947 17.29 0.014
0.49375422415323555 17.273 0.014
0.49584816622154904 17.357 0.015
0.4962174529255208 17.375 0.018
0.49680655496740656 17.197 0.016
0.4976295615924755 17.321 0.013
0.5000150944906636 17.372 0.014
0.5031663501663388 17.275 0.012
0.5048166986707656 17.259 0.013
0.5049519693834554 17.307 0.019
0.5052571227352018 17.222 0.013
0.506156044164527 17.286 0.017
0.5083076846422045 17.34 0.019
0.5159785866353559 17.275 0.024
0.5173903474060353 17.261 0.022
0.5188108566180745 17.351 0.016
0.519324672228322 17.214 0.014
0.5207180580491695 17.339 0.017
0.5213034727294144 17.249 0.017
0.5227509045826082 17.245 0.015
0.524570749546001 17.332 0.017
0.5248271919645049 17.325 0.017
0.5281970688401998 17.258 0.015
0.5289179404153401 17.322 0.015
0.5294140151572719 17.27 0.016
0.5294728800763551 17.321 0.021
0.5351205432789357 17.21 0.016
0.5353637158173115 17.185 0.012
0.5381711482796163 17.281 0.017
0.5400471422635746 17.277 0.016
0.5411918594872986 17.278 0.02
0.5414071428731404 17.239 0.014
0.5454484755923659 17.263 0.016
0.5469439038188284 17.37 0.014
0.5507645449288248 17.268 0.011
0.55264192328832 17.275 0.018
0.55505371952313 17.247 0.016
0.5550734617336275 17.25 0.013
0.5566784314150937 17.218 0.017
0.5573058847012362 17.296 0.014
0.564224634546008 17.309 0.019
0.5648851925657254 17.271 0.017
0.5669528851094583 17.313 0.015
0.567267020233885 17.221 0.015
0.5676750427128354 17.228 0.013
0.5693679036962749 17.202 0.015
0.5696299795599771 17.271 0.021
0.5702029136937199 17.263 0.012
0.5722462182638992 17.273 0.02
0.5739041641659242 17.272 0.013
0.5742203079848878 17.235 0.015
0.574448578369811 17.295 0.013
0.5766149145447343 17.247 0.021
0.5791230587801692 17.209 0.013
0.5828963245348859 17.22 0.018
0.586140972523026 17.235 0.013
0.5902111780214909 17.227 0.017
0.59072629587763 17.334 0.018
0.5912748339287646 17.279 0.016
0.5915953544435979 17.205 0.018
0.5946309263626972 17.265 0.013
0.5966974523980753 17.192 0.013
0.5992065607415498 17.204 0.011
0.5993323432276156 17.301 0.022
0.6002441223799906 17.358 0.021
0.6007142735707021 17.211 0.014
0.6011130671331557 17.206 0.014
0.6028037422447596 17.302 0.017
0.6041118193288639 17.207 0.017
0.6042506676449193 17.25 0.011
0.6043085644023449 17.194 0.016
0.6046009291021619 17.277 0.012
0.6075951924385663 17.274 0.017
0.6079688306163007 17.213 0.017
0.6096765539614353 17.231 0.018
0.6102249212931383 17.32 0.016
0.610408274564179 17.213 0.014
0.6115751646102581 17.208 0.015
0.612101879385591 17.277 0.021
0.6123971892593545 17.231 0.018
0.6128879524749209 17.332 0.016
0.6157865587965716 17.24 0.015
0.617404305720811 17.317 0.017
0.6189152270872 17.339 0.019
0.6193791514424447 17.211 0.014
0.6194870670824457 17.306 0.022
0.6197036405501422 17.296 0.018
0.6227362982244813 17.277 0.019
0.6229794707614928 17.291 0.022
0.6261991421938546 17.325 0.024
0.6277345198504918 17.173 0.017
0.6277552318733797 17.218 0.011
0.6285554113237595 17.218 0.019
0.6291584806895116 17.269 0.013
0.631083562781896 17.319 0.018
0.6320324600023923 17.267 0.017
0.6320828438965691 17.238 0.014
0.6343507965057142 17.349 0.022
0.6345026594481169 17.224 0.018
0.6345541472401237 17.229 0.016
0.635565653647518 17.308 0.019
0.6362404765841347 17.279 0.014
0.6393069811783789 17.265 0.015
0.6395517007013041 17.245 0.018
0.6395519502493698 17.192 0.017
0.6403139458748228 17.303 0.018
0.6419460503575465 17.263 0.017
0.643081471998812 17.208 0.012
0.6437330872831808 17.212 0.019
0.6475448042801872 17.303 0.016
0.6479826758086347 17.19 0.012
0.6480638354728399 17.292 0.012
0.6491101447995788 17.217 0.013
0.649148177425559 17.219 0.016
0.6498986858896387 17.294 0.017
0.6503474674059362 17.279 0.015
0.6505149113236257 17.265 0.014
0.653475717078436 17.297 0.022
0.6539204040254845 17.207 0.016
0.6542822054952921 17.274 0.022
0.6552467975034233 17.289 0.016
0.65611294663222 17.258 0.016
0.6583630673785592 17.243 0.016
0.6614334991218129 17.268 0.019
0.6640639580000425 17.263 0.013
0.6670828450460249 17.223 0.012
0.6677158789252644 17.231 0.012
0.6679730049731916 17.265 0.02
0.6699278020296333 17.258 0.02
0.6730334724261411 17.312 0.014
0.6754734382921015 17.294 0.014
0.6773515628919995 17.286 0.018
0.6782999553106492 17.299 0.018
0.6804942961016422 17.292 0.014
0.6821495342137496 17.201 0.017
0.6823454940072224 17.231 0.016
0.6825238852998154 17.194 0.011
0.6842032870617913 17.318 0.015
0.6855286814488863 17.312 0.019
0.6857922733688611 17.208 0.013
0.6874699590771343 17.241 0.017
0.6879033734294353 17.277 0.015
0.6895904587745463 17.281 0.022
0.6905820132142253 17.222 0.018
0.6913238463612288 17.334 0.016
0.6917125395425501 17.248 0.016
0.6917356764733995 17.224 0.017
0.6928742261707157 17.336 0.017
0.6944336089218268 17.303 0.012
0.6951422373358582 17.234 0.018
0.6953005059422139 17.36 0.019
0.6970593139285484 17.308 0.023
0.6972717952303356 17.345 0.019
0.6980392161940472 17.222 0.016
0.6993100101954042 17.283 0.012
0.6998544641910485 17.316 0.016
0.7019627345398476 17.291 0.028
0.707815417384154 17.291 0.013
0.7088538878742838 17.303 0.021
0.7093160750059724 17.29 0.018
0.7093993100315856 17.317 0.017
0.7097285253830705 17.374 0.016
0.7097976954892147 17.322 0.012
0.7118736447328047 17.24 0.012
0.7129228585463352 17.267 0.02
0.7138944724297289 17.301 0.021
0.71458306434306 17.293 0.019
0.7174328987712215 17.331 0.016
0.7186255473534402 17.271 0.015
0.718865845437449 17.321 0.014
0.7189201938699625 17.335 0.017
0.7192261584777953 17.287 0.019
0.7220689124756063 17.27 0.017
0.722450135885083 17.256 0.02
0.7230195078809629 17.302 0.017
0.7238002930180301 17.219 0.016
0.724696400200628 17.328 0.015
0.729222732659764 17.324 0.016
0.7303242073812726 17.266 0.021
0.7307792409565081 17.34 0.019
0.7313000979620483 17.317 0.017
0.7319723512478049 17.283 0.02
0.7327135519662988 17.242 0.021
0.733533571974931 17.314 0.015
0.7335412986494703 17.267 0.02
0.7346078151967959 17.308 0.016
0.7385219534253338 17.283 0.019
0.738982190419847 17.343 0.016
0.7410019223266318 17.264 0.016
0.7444338352715931 17.271 0.02
0.7464385666771705 17.246 0.017
0.7479018428675772 17.316 0.02
0.7483186511758504 17.333 0.014
0.7486727414352572 17.297 0.014
0.7487021206661666 17.345 0.018
0.7487063111802854 17.347 0.014
0.7526880522573265 17.33 0.016
0.7529073416235406 17.298 0.02
0.7545915525133751 17.337 0.017
0.755943506179392 17.334 0.018
0.7601279362834248 17.338 0.018
0.7636217560211662 17.36 0.014
0.765230024479024 17.249 0.014
0.766549219657918 17.312 0.015
0.7667166147775788 17.389 0.018
0.768925609823782 17.289 0.016
0.7696711994021825 17.302 0.018
0.7719668192430618 17.273 0.02
0.7727107830064597 17.347 0.022
0.7742415344182518 17.281 0.015
0.7809306823546649 17.375 0.018
0.7825551861401436 17.377 0.021
0.784931338921524 17.291 0.015
0.7858965040477415 17.257 0.017
0.7871911324245957 17.372 0.017
0.7875887756954398 17.35 0.012
0.7878022625473022 17.333 0.016
0.7900322606064947 17.349 0.016
0.7902865374253452 17.333 0.014
0.7943552049446225 17.358 0.016
0.7945713703065849 17.313 0.018
0.794759057182091 17.313 0.02
0.7950732784911452 17.341 0.019
0.7954791256097451 17.307 0.013
0.7983941501429399 17.312 0.016
0.7984911696094059 17.296 0.021
0.8017647749111347 17.372 0.033
0.8020567429166476 17.353 0.019
0.802234712290101 17.342 0.018
0.8031509974152868 17.343 0.013
0.8034458146521501 17.326 0.018
0.8047993493892136 17.382 0.017
0.8053721437327113 17.329 0.022
0.8107955636996849 17.34 0.017
0.8143960830166179 17.406 0.015
0.814489593950384 17.326 0.022
0.8145659070996771 17.296 0.012
0.8148904457584649 17.34 0.015
0.8149761097465671 17.371 0.02
0.8169678679669232 17.335 0.021
0.8214959400538646 17.327 0.018
0.8267311130875896 17.361 0.014
0.8279507810084397 17.413 0.017
0.8296582824323195 17.381 0.017
0.8305392443726305 17.374 0.014
0.8311265344163985 17.339 0.02
0.8326516897700458 17.378 0.017
0.8336886206307099 17.345 0.017
0.8349477746205594 17.407 0.019
0.8370659591673757 17.289 0.016
0.8374765032531286 17.385 0.018
0.8376057438254065 17.347 0.022
0.838277871135233 17.415 0.018
0.8420868291414081 17.415 0.018
0.8425864107653069 17.344 0.019
0.8426466381370119 17.38 0.016
0.8432286735610433 17.414 0.019
0.8444980872423002 17.409 0.018
0.8484390814464859 17.362 0.014
0.8502401523610388 17.373 0.02
0.8522882660590767 17.381 0.017
0.8547016450170304 17.357 0.016
0.8569478800536672 17.377 0.015
0.8571822065550805 17.377 0.022
0.85843792603373 17.32 0.018
0.85975100818996 17.434 0.024
0.8603296091014272 17.36 0.014
0.8603673124521265 17.357 0.018
0.8634218307897754 17.422 0.022
0.8641759323218139 17.364 0.02
0.8666036867080038 17.463 0.012
0.8679664934543325 17.413 0.022
0.8683515163893389 17.373 0.016
0.8686324768127633 17.412 0.021
0.873608083425097 17.35 0.017
0.8768092865102517 17.403 0.018
0.878366556513356 17.35 0.018
0.8783910095025931 17.381 0.019
0.878916213926459 17.394 0.018
0.8819668189262302 17.419 0.017
0.8833265390585439 17.411 0.022
0.8846033477352648 17.373 0.019
0.8866222700362414 17.383 0.018
0.8879935578079312 17.437 0.016
0.8899067243637546 17.408 0.019
0.8905651655804832 17.408 0.021
0.8906618062219422 17.444 0.016
0.8925190359177577 17.349 0.02
0.8926538058822189 17.418 0.018
0.8927663063250293 17.388 0.022
0.8936054792075083 17.39 0.026
0.8939326191994041 17.435 0.014
0.8956557804285694 17.426 0.022
0.8976687709391626 17.43 0.012
0.8981864998868332 17.427 0.014
0.8984649956100839 17.436 0.022
0.9001320858951658 17.433 0.015
0.9013231443996119 17.389 0.018
0.9021951895820166 17.362 0.021
0.9048337937520046 17.45 0.021
0.90558505010722 17.463 0.017
0.911267459323426 17.416 0.017
0.9122072138115982 17.431 0.016
0.9126186569874335 17.363 0.017
0.9179889714573619 17.411 0.014
0.9194270508205591 17.468 0.016
0.9206438280689326 17.461 0.02
0.9215661262182948 17.411 0.017
0.9222459525744853 17.378 0.017
0.9267122576593465 17.43 0.017
0.9293642674442708 17.508 0.026
0.93113405613758 17.376 0.016
0.9312758219994066 17.434 0.016
0.9352270587787643 17.365 0.017
0.9362964245556213 17.355 0.019
0.9367740081297597 17.378 0.016
0.9368231807725351 17.396 0.013
0.9371179858453615 17.445 0.014
0.9371381621367618 17.416 0.014
0.9380870471932212 17.417 0.02
0.9398120342357288 17.517 0.021
0.9423049194156192 17.347 0.014
0.9437392716263275 17.423 0.018
0.944001019865027 17.478 0.015
0.9442372136218182 17.424 0.016
0.9448444165936962 17.431 0.012
0.94615766781817 17.432 0.024
0.9465392407755644 17.442 0.018
0.9468194330347615 17.426 0.014
0.9469937988278616 17.415 0.026
0.9474881551113867 17.391 0.017
0.9487475586502114 17.444 0.018
0.9509825243931118 17.484 0.017
0.9520376504779051 17.486 0.017
0.9541091384908214 17.453 0.019
0.9541420782106798 17.452 0.022
0.9587187945635378 17.432 0.021
0.9592663489875122 17.464 0.016
0.9595151590256137 17.505 0.025
0.9600376540092839 17.424 0.019
0.9614201493614019 17.481 0.021
0.9616938326566924 17.489 0.022
0.9623471306622378 17.435 0.018
0.9655970235107816 17.486 0.02
0.9674783135569669 17.402 0.016
0.9677988893281508 17.478 0.018
0.9680166252501294 17.502 0.022
0.9694863932886619 17.479 0.018
0.9734619196938183 17.462 0.019
0.9737202391261235 17.415 0.022
0.9749500984203223 17.452 0.016
0.9754318758086811 17.448 0.017
0.9758190000811737 17.387 0.016
0.9773864354801844 17.427 0.017
0.9786907504285409 17.515 0.016
0.9797988308114327 17.48 0.018
0.9809724362785346 17.457 0.028
0.9811512340238551 17.466 0.017
0.9821436599286244 17.49 0.014
0.9828652444130057 17.446 0.019
0.9836184313890044 17.442 0.016
0.984546032954313 17.52 0.019
0.9870591903700188 17.551 0.019
0.9872373183006857 17.494 0.018
0.9899477312947056 17.497 0.022
0.9901340988099037 17.477 0.023
0.9925445618719095 17.483 0.023
0.9948471662000884 17.454 0.016
0.9948821219695674 17.501 0.02
0.9954277148463007 17.442 0.018
