0.0006080826618926061 17.48 0.018
0.0011965994771343524 17.484 0.015
0.002923471009489642 17.506 0.016
0.0029537104463996933 17.51 0.021
0.003637084694582793 17.51 0.022
0.005319710035928349 17.508 0.021
0.005442010292790567 17.542 0.02
0.006184775914243712 17.537 0.016
0.008562773366429521 17.515 0.017
0.009307892751985403 17.526 0.018
0.010788734967172697 17.572 0.019
0.0108961677498427 17.542 0.017
0.012256605046695679 17.523 0.014
0.013409478794892404 17.539 0.016
0.015364647098431217 17.518 0.016
0.01649938600612577 17.477 0.018
0.019291624857851186 17.519 0.019
0.0201345692643371 17.515 0.016
0.02067743477109607 17.519 0.015
0.021228536012040333 17.52 0.016
0.021508757984884053 17.534 0.022
0.021935074785142117 17.542 0.022
0.024178510352748983 17.526 0.016
0.024307414769532354 17.523 0.016
0.02754446667895527 17.499 0.021
0.027567623093000204 17.538 0.013
0.02761025814779705 17.536 0.032
0.028134355521524324 17.523 0.014
0.02865576075273557 17.544 0.015
0.029764668618463386 17.523 0.019
0.031703552003727875 17.551 0.014
0.031764984388610085 17.539 0.016
0.03363836861844893 17.527 0.022
0.03375701997574643 17.532 0.021
0.03573995975491462 17.524 0.013
0.03665384600790267 17.566 0.02
0.037977221038454356 17.561 0.013
0.038480941743182395 17.536 0.019
0.03955600993722319 17.516 0.016
0.040178138996816326 17.538 0.02
0.04104793316528221 17.533 0.019
0.043835691269487054 17.583 0.012
0.04468149717686165 17.558 0.016
0.04532284890083238 17.568 0.022
0.046171398862634216 17.555 0.016
0.04685688387226028 17.521 0.016
0.047584115313747954 17.518 0.017
0.0490018364693241 17.528 0.024
0.04956180252147524 17.517 0.018
0.05051744364018296 17.584 0.017
0.05097636175232756 17.582 0.016
0.05376729832723859 17.59 0.014
0.056555904500692034 17.578 0.017
0.056843988785112654 17.587 0.017
0.05844482194142975 17.569 0.016
0.06006423311046083 17.551 0.023
0.06055606528743729 17.564 0.016
0.06069647280482959 17.575 0.02
0.06176847608085145 17.568 0.014
0.06346184956637435 17.571 0.021
0.0646496306948392 17.548 0.013
0.06490449302546031 17.563 0.023
0.06590086153337316 17.563 0.02
0.06597783199154028 17.601 0.022
0.0669672517896287 17.545 0.016
0.0670418110618356 17.596 0.015
0.06874339108653649 17.591 0.023
0.069075523653646 17.592 0.023
0.0691023208563819 17.557 0.015
0.06956233490373043 17.561 0.019
0.07080305735180437 17.554 0.024
0.07162176563147105 17.595 0.027
0.07185674702534461 17.56 0.016
0.07221876118310311 17.567 0.014
0.07261141707353991 17.631 0.016
0.07299090519827578 17.601 0.021
0.07472692185037877 17.55 0.016
0.07557468441282245 17.582 0.014
0.07665486275348021 17.595 0.015
0.07703195980811861 17.584 0.021
0.07711930077166462 17.586 0.017
0.07717897148486363 17.63 0.023
0.0776799487815878 17.585 0.014
0.07773733386457016 17.579 0.021
0.07816025709589658 17.595 0.018
0.07906743861158239 17.569 0.021
0.07951546226049677 17.603 0.017
0.08068261625330697 17.548 0.016
0.08095636026964703 17.608 0.021
0.08293801302297643 17.566 0.024
0.08365300295317857 17.563 0.025
0.08420747278469198 17.568 0.016
0.08522832528469726 17.596 0.016
0.08649442034984522 17.63 0.024
0.0868975726251846 17.585 0.014
0.08887302708526468 17.605 0.022
0.09130504167696918 17.573 0.021
0.09192942717063479 17.576 0.015
0.09297999514947142 17.592 0.024
0.09374939121644266 17.604 0.017
0.094805512192488 17.594 0.021
0.09525745272221675 17.594 0.025
0.09709311738290571 17.619 0.023
0.09950225522325118 17.612 0.016
0.10006773307068206 17.571 0.017
0.10030431813574969 17.591 0.016
0.10040573528069663 17.6 0.012
0.10141810839777454 17.616 0.02
0.10258093542668112 17.627 0.018
0.10271830657566161 17.594 0.022
0.1028149993243459 17.63 0.018
0.10332671179130548 17.633 0.029
0.10349900297185277 17.634 0.018
0.10520242220550236 17.595 0.016
0.10621477910117383 17.632 0.023
0.10666814843434613 17.582 0.017
0.10772463472121663 17.602 0.016
0.10801464743476563 17.61 0.017
0.10873305461964256 17.613 0.036
0.11062478911289864 17.66 0.024
0.11181878475636031 17.588 0.017
0.1145273928599635 17.605 0.016
0.11653362693723457 17.614 0.017
0.11760838659588435 17.556 0.023
0.1184547401470808 17.636 0.026
0.11954644624452149 17.609 0.01
0.12373383446620201 17.62 0.019
0.12584683137324637 17.63 0.018
0.12623021204685747 17.638 0.02
0.12699035755294963 17.611 0.027
0.127077389981332 17.675 0.014
0.12769448124563487 17.625 0.017
0.12839563799698217 17.652 0.02
0.12946416334775668 17.652 0.022
0.13089440632520555 17.624 0.039
0.1328786282660075 17.678 0.019
0.13299511630239058 17.633 0.019
0.1360429724403729 17.63 0.015
0.13798268831933447 17.635 0.02
0.13865235169830603 17.61 0.016
0.1389836598827059 17.664 0.021
0.14020942920844837 17.653 0.017
0.14032331139846965 17.646 0.018
0.14043140505455076 17.612 0.016
0.1408061733235626 17.649 0.031
0.1426938202843302 17.667 0.018
0.14280649720435568 17.66 0.024
0.14312294180867857 17.638 0.02
0.14403246508381917 17.605 0.026
0.1441455559807081 17.676 0.02
0.14449919684275292 17.655 0.02
0.1453734191994953 17.638 0.024
0.14555815044595866 17.654 0.023
0.14677191704540737 17.635 0.025
0.14727148175952598 17.659 0.018
0.14801585429986508 17.638 0.022
0.14995244069748415 17.645 0.017
0.15003253999147992 17.635 0.021
0.1509295128957091 17.642 0.017
0.15209179585135635 17.639 0.016
0.15268821942609057 17.633 0.019
0.15350598165960028 17.674 0.023
0.15387451497454085 17.645 0.017
0.15493290471194987 17.637 0.016
0.15501026059805545 17.692 0.017
0.15536578868832285 17.642 0.019
0.15572549774688005 17.64 0.025
0.15633682188595222 17.658 0.015
0.15894252726516234 17.68 0.019
0.15982318313026544 17.657 0.02
0.16085810434710757 17.681 0.023
0.16093894237556006 17.64 0.018
0.16123372815027315 17.652 0.014
0.1613228713398711 17.642 0.018
0.16182110458194066 17.663 0.015
0.16193595650374837 17.67 0.026
0.1624047584699837 17.656 0.018
0.16280979797343198 17.703 0.026
0.16370064201137202 17.635 0.019
0.16399548456174662 17.65 0.033
0.16516461467963373 17.678 0.02
0.16850059208527446 17.671 0.021
0.16974637212106236 17.648 0.018
0.17196764501604767 17.683 0.017
0.17421972997217372 17.656 0.021
0.17422385416457464 17.697 0.026
0.1770390589867019 17.718 0.022
0.17733923911091543 17.677 0.022
0.17739289029204874 17.669 0.014
0.1783497129951228 17.664 0.018
0.1787917946500328 17.668 0.016
0.17969410123421303 17.705 0.018
0.18242308114295147 17.676 0.026
0.18446086926214766 17.636 0.026
0.18668121719692854 17.631 0.018
0.187253055554629 17.701 0.025
0.18817419580582273 17.666 0.016
0.1909014221531833 17.659 0.017
0.1915821707624672 17.635 0.033
0.1917318690715546 17.644 0.023
0.19246916669944758 17.67 0.019
0.19385170113573613 17.665 0.019
0.19669001338334047 17.668 0.027
0.19670288818761028 17.662 0.02
0.19694566700686655 17.674 0.017
0.19933944228821465 17.678 0.016
0.20105454273871137 17.637 0.041
0.20126987873336466 17.676 0.016
0.20170461749412416 17.704 0.021
0.20249513675175868 17.674 0.025
0.20355831187762297 17.67 0.02
0.20413267886751774 17.692 0.022
0.20421060673052116 17.639 0.016
0.2047226202688761 17.657 0.016
0.20514564082977804 17.731 0.024
0.2058270671799618 17.692 0.012
0.20752791658051128 17.711 0.021
0.21045443051243629 17.713 0.019
0.21047020347796197 17.722 0.024
0.21084640801464039 17.666 0.019
0.21117149811370828 17.678 0.022
0.21189685043773343 17.687 0.02
0.2124025644582388 17.711 0.016
0.21400833678617337 17.692 0.017
0.21446890334120772 17.729 0.023
0.21502054800967008 17.681 0.023
0.2167451670014997 17.694 0.018
0.21759202017883572 17.704 0.016
0.2178969172347478 17.681 0.016
0.21898537965162168 17.745 0.02
0.2223687126146614 17.704 0.026
0.22308287069736243 17.711 0.023
0.22433632974243656 17.676 0.021
0.22801371785808433 17.704 0.019
0.22836191992191734 17.693 0.017
0.22837221353565829 17.734 0.028
0.22870603867104355 17.699 0.024
0.23000684937996985 17.709 0.018
0.2307373407230897 17.726 0.019
0.2323255381828857 17.721 0.016
0.23501446455034047 17.688 0.016
0.23591662513936162 17.719 0.015
0.23637942314908278 17.678 0.023
0.23698398512797203 17.682 0.02
0.23839948618788176 17.686 0.016
0.24082182780730355 17.681 0.027
0.24084301199095526 17.686 0.016
0.24175472681272359 17.717 0.021
0.24534251006562036 17.782 0.021
0.248756123020621 17.645 0.022
0.24886698506397797 17.71 0.026
0.2493151430263878 17.722 0.016
0.24953200904874384 17.699 0.032
0.24970543185499983 17.712 0.024
0.2512162049714788 17.681 0.029
0.251620229648688 17.74 0.03
0.2518909784970673 17.699 0.022
0.25405908361462926 17.714 0.024
0.25525848171891985 17.723 0.025
0.25566434495922286 17.747 0.018
0.2570475937972332 17.744 0.017
0.2575137247062229 17.685 0.016
0.25785729938174873 17.762 0.025
0.2592167137414889 17.726 0.021
0.2595800554783181 17.725 0.02
0.2597997830015628 17.718 0.022
0.25980408952673306 17.693 0.021
0.2600720414387978 17.702 0.026
0.26082116692432455 17.736 0.023
0.26131295043651326 17.7 0.023
0.2621404424179672 17.701 0.018
0.26299018564454846 17.705 0.017
0.26317721452553533 17.719 0.018
0.2636268862937867 17.703 0.017
0.26415119779667284 17.683 0.021
0.26466739230365866 17.693 0.021
0.26774977753611884 17.709 0.016
0.26807835853414863 17.704 0.021
0.2683061556807842 17.697 0.019
0.26882920903144614 17.694 0.021
0.27179886121430163 17.678 0.026
0.2725402424809089 17.742 0.012
0.27264543408218733 17.735 0.021
0.2744833756152274 17.714 0.027
0.2751779564327079 17.709 0.028
0.27612894258336373 17.699 0.016
0.27731951221439877 17.716 0.019
0.2779824659923178 17.707 0.023
0.280100252181819 17.703 0.02
0.28023982785205126 17.696 0.016
0.28155760511517647 17.714 0.016
0.28162711101688265 17.711 0.017
0.28240354468962314 17.735 0.025
0.28324840941425 17.723 0.016
0.28419090320712703 17.727 0.026
0.28456798468587285 17.715 0.017
0.2859255728104926 17.724 0.018
0.28594275835748695 17.714 0.02
0.2877005593958528 17.719 0.022
0.2912073742008032 17.72 0.021
0.29149674940381365 17.743 0.022
0.29239954750269126 17.717 0.021
0.2948802614526129 17.778 0.026
0.2955068508207659 17.74 0.032
0.2961859389819437 17.699 0.023
0.2972674445785741 17.744 0.02
0.2981536573332959 17.727 0.018
0.2996163397291638 17.725 0.018
0.29966162961945875 17.691 0.035
0.29986608315575713 17.737 0.02
0.3002847323054083 17.756 0.022
0.3012453138889213 17.73 0.016
0.30179412950010365 17.721 0.021
0.3030554021919669 17.721 0.016
0.3038115334869871 17.728 0.023
0.3041841296789243 17.736 0.02
0.30549370040321255 17.72 0.026
0.30718332311871555 17.726 0.016
0.30795202489971407 17.703 0.02
0.3085699772076622 17.757 0.026
0.3094833563708561 17.729 0.016
0.3105801320600903 17.67 0.022
0.3115361787216897 17.74 0.026
0.3118447652313079 17.732 0.021
0.3119309901450378 17.706 0.018
0.3150123199965491 17.738 0.02
0.3196616062465636 17.762 0.026
0.3202568482373862 17.741 0.019
0.32121301720862894 17.683 0.026
0.3215535230719069 17.72 0.022
0.3218216865119756 17.714 0.016
0.322992059206308 17.748 0.016
0.3248635068965995 17.761 0.03
0.32640762817018176 17.711 0.018
0.32729484764095096 17.732 0.029
0.33167556004391374 17.723 0.02
0.33230559586390884 17.789 0.019
0.33337049243041295 17.746 0.02
0.3339629378077916 17.73 0.019
0.33397443669164206 17.768 0.02
0.3342379526269724 17.754 0.023
0.338038497825346 17.748 0.027
0.3388925271387052 17.733 0.025
0.33955496993339696 17.738 0.022
0.3435102262568762 17.761 0.029
0.3446371677390744 17.724 0.016
0.3460168568966765 17.76 0.018
0.34690951516531643 17.721 0.024
0.347181303172556 17.69 0.022
0.3480315654936931 17.762 0.024
0.34884692529876704 17.742 0.024
0.3492720118500984 17.689 0.024
0.35107702309678646 17.72 0.02
0.352112795953326 17.765 0.022
0.35278194413162967 17.762 0.016
0.3539274717378703 17.737 0.022
0.35503954899368184 17.719 0.019
0.3554305648753143 17.72 0.033
0.3565174485996977 17.735 0.026
0.3569860718036125 17.742 0.015
0.3582159847905132 17.706 0.02
0.3594877827405526 17.729 0.018
0.3602717422862952 17.735 0.017
0.36255508507647394 17.744 0.021
0.36382379799274533 17.769 0.025
0.3639047622240469 17.709 0.019
0.364686058823645 17.743 0.025
0.3648488434663705 17.724 0.016
0.3660126120008954 17.74 0.019
0.3670177522050381 17.738 0.022
0.3674097459296718 17.712 0.015
0.3689252638809194 17.694 0.023
0.36932104471261484 17.755 0.02
0.36940338518857063 17.737 0.017
0.3694524982000985 17.723 0.016
0.3697949607189003 17.747 0.026
0.37266324442216503 17.76 0.025
0.3740697833412924 17.718 0.022
0.37580510992429483 17.756 0.021
0.37769741704041737 17.764 0.022
0.3788400828228987 17.759 0.025
0.37946187901470696 17.748 0.025
0.3796471504408828 17.745 0.015
0.37981711933118734 17.736 0.021
0.37991846704871934 17.695 0.022
0.38006935115915896 17.764 0.022
0.3812897011556743 17.73 0.015
0.3837393882689867 17.726 0.024
0.3845222398753322 17.711 0.016
0.38510724956895503 17.754 0.02
0.38799400973780396 17.761 0.016
0.38804729560743 17.758 0.025
0.3883401617107666 17.751 0.02
0.39270747989112353 17.779 0.015
0.3930077333362988 17.763 0.016
0.3933128776110607 17.732 0.017
0.39362941954632336 17.761 0.018
0.3936416003879458 17.764 0.027
0.39475603627115563 17.713 0.026
0.3962105883732875 17.745 0.021
0.3962287400812784 17.757 0.021
0.3974238115451044 17.772 0.02
0.39934729928099844 17.781 0.02
0.39970067216145255 17.78 0.018
0.3999169580967191 17.706 0.021
0.4 17.837 0.029
0.4000834970801407 17.76 0.026
0.4004229232299622 17.753 0.016
0.4010442730012983 17.753 0.019
0.4021266591102176 17.789 0.024
0.40258783397976006 17.793 0.026
0.40577171811210067 17.768 0.022
0.4058900122680825 17.748 0.021
0.4076165434677478 17.738 0.02
0.4098364813193257 17.731 0.016
0.4110180686938293 17.735 0.021
0.4112518279502183 17.753 0.019
0.4133927624419812 17.773 0.023
0.4134803100718273 17.742 0.016
0.4136500765137271 17.741 0.016
0.4138219449602275 17.767 0.022
0.41462934869323365 17.776 0.016
0.4157581618285576 17.688 0.024
0.4194504952787611 17.714 0.022
0.4204306606219689 17.731 0.024
0.4212912652227715 17.749 0.02
0.42232170115212286 17.748 0.021
0.4226828386903435 17.762 0.022
0.4227544148001471 17.789 0.024
0.4273333587601883 17.739 0.023
0.428509064810919 17.74 0.017
0.43003094262658126 17.763 0.017
0.4311624222781575 17.743 0.021
0.43227886348190625 17.749 0.02
0.4337370888159967 17.762 0.03
0.43395672322631074 17.735 0.023
0.43435785395959103 17.77 0.022
0.43707385362213247 17.72 0.021
0.44228315394220774 17.729 0.021
0.44272455785576315 17.785 0.022
0.4434148402587198 17.747 0.021
0.44368948165574695 17.798 0.031
0.44547013057253937 17.778 0.025
0.4462140972472298 17.741 0.019
0.44917928490442594 17.777 0.029
0.4492698114794621 17.793 0.018
0.4505680293160822 17.752 0.019
0.4524715712285797 17.743 0.019
0.45341843318569774 17.777 0.016
0.45405710217155504 17.76 0.02
0.4540903085502578 17.757 0.024
0.4546854937651915 17.789 0.017
0.4569062027943801 17.768 0.026
0.4571232112420148 17.747 0.026
0.4579180243735209 17.739 0.024
0.4593302175129793 17.728 0.019
0.45954902754001525 17.773 0.023
0.460518806156324 17.716 0.026
0.4638087224942865 17.729 0.025
0.46503518188878845 17.803 0.024
0.46605339155794356 17.756 0.025
0.46723126125280035 17.764 0.016
0.4682400828004575 17.728 0.025
0.46915708717735927 17.739 0.02
0.469530190459318 17.688 0.021
0.47011522059133315 17.758 0.02
0.47152783581841506 17.765 0.022
0.47228172203758734 17.775 0.016
0.4724360152926238 17.761 0.021
0.47269259874044567 17.777 0.036
0.47485617801671653 17.724 0.018
0.4750620035805696 17.74 0.021
0.4760935432326733 17.768 0.03
0.47630557552442954 17.74 0.016
0.4765404183871397 17.737 0.021
0.4768192001985426 17.721 0.016
0.4770663624344934 17.757 0.021
0.47824272157085945 17.722 0.029
0.479306059236842 17.711 0.021
0.48013921354927336 17.741 0.016
0.4834677948555509 17.82 0.024
0.4834802560075332 17.769 0.026
0.4837735318700652 17.778 0.02
0.48555210311510566 17.783 0.021
0.48798498621467845 17.761 0.035
0.4884683351146123 17.776 0.02
0.48926632639304446 17.745 0.022
0.49180850095344797 17.789 0.03
0.492438256463538 17.733 0.018
0.4927899614325725 17.719 0.023
0.4960364264433338 17.721 0.027
0.49701912463560805 17.776 0.015
0.49749436011065884 17.725 0.012
0.4977720128971669 17.713 0.019
0.4983032452063526 17.761 0.024
0.49835957166137634 17.722 0.018
0.4986734834164054 17.749 0.024
0.49869651784447344 17.723 0.039
0.4993846213523284 17.717 0.026
0.49971256062362956 17.647 0.033
0.4999667202336241 17.771 0.029
0.5006503099047223 17.746 0.014
0.5007139380531044 17.715 0.023
0.5016051149590567 17.748 0.018
0.5023326185991209 17.743 0.023
0.5023687594756666 17.744 0.016
0.5032865836953079 17.702 0.016
0.5053548623658571 17.749 0.025
0.5060383550291135 17.761 0.019
0.508000292957513 17.735 0.022
0.5093923498299319 17.707 0.014
0.5109450559276866 17.739 0.021
0.5117687484738781 17.724 0.024
0.5122529616650354 17.749 0.024
0.5132308462415495 17.677 0.021
0.513435470429522 17.741 0.021
0.5135887894115513 17.751 0.026
0.5136750912169191 17.717 0.02
0.5145179992863632 17.742 0.02
0.5153759292594714 17.718 0.017
0.5154417693933283 17.738 0.022
0.5166577560888982 17.701 0.024
0.5188768056404115 17.693 0.019
0.519300471499173 17.742 0.02
0.5202218589696713 17.764 0.031
0.5217594860650024 17.728 0.019
0.5226508783934151 17.688 0.016
0.5228716976343094 17.647 0.019
0.523014215913372 17.689 0.023
0.5234043142985684 17.717 0.026
0.5244818624600157 17.745 0.026
0.5246773175184899 17.705 0.026
0.5252022061850085 17.722 0.02
0.5253791075628215 17.687 0.021
0.5261792621617133 17.689 0.023
0.5263461421244756 17.711 0.017
0.5265744220281704 17.709 0.025
0.527298455530763 17.723 0.016
0.5293879381764782 17.693 0.019
0.5326090954571555 17.708 0.025
0.5366713504721702 17.67 0.022
0.5401511202075199 17.715 0.029
0.541712232691134 17.702 0.018
0.5422364351822125 17.679 0.022
0.5424151430029497 17.703 0.015
0.5450978263051184 17.709 0.017
0.5455552711663586 17.68 0.019
0.5466311793187743 17.743 0.029
0.5472133518441297 17.72 0.019
0.5485175600155344 17.752 0.023
0.5486649006678818 17.72 0.024
0.5498047211721314 17.702 0.019
0.5499443857383085 17.696 0.022
0.5500827717136417 17.718 0.022
0.5504820677773751 17.699 0.018
0.5512617937960386 17.691 0.023
0.5523780932207046 17.684 0.014
0.553760140359168 17.709 0.016
0.5539844991650625 17.692 0.016
0.5543197242308452 17.654 0.018
0.558297252562079 17.712 0.021
0.5588816451840103 17.722 0.021
0.5606964465252077 17.715 0.017
0.5617376426042938 17.776 0.022
0.5628281710113697 17.717 0.027
0.5638266058321278 17.74 0.021
0.5649331226271898 17.777 0.032
0.5651794449048794 17.692 0.019
0.565366842667936 17.747 0.022
0.5656054119684996 17.719 0.027
0.5662004959598562 17.736 0.028
0.5679421668313808 17.705 0.021
0.5688278157203058 17.7 0.024
0.5729979619425422 17.782 0.022
0.5730568939215118 17.738 0.02
0.5736971983755211 17.765 0.026
0.5737499284899968 17.758 0.031
0.5740832014411353 17.757 0.023
0.574109365350887 17.784 0.025
0.5774666155129126 17.725 0.016
0.5786549731582454 17.746 0.022
0.5799326933099792 17.707 0.017
0.5807585082988226 17.774 0.018
0.581036182170601 17.723 0.02
0.5835406572777174 17.721 0.02
0.5854751484879671 17.75 0.017
0.5865419851656043 17.73 0.022
0.5877883167398977 17.783 0.019
0.5889114393172804 17.757 0.021
0.5898734042868 17.73 0.016
0.5904021160744378 17.737 0.021
0.590717684060246 17.715 0.026
0.5950869867996517 17.701 0.027
0.5951080973390163 17.736 0.017
0.5959594400202605 17.708 0.015
0.5960811595427004 17.731 0.018
0.5963417328699961 17.724 0.017
0.5969197812027233 17.73 0.019
0.5975058624989288 17.729 0.025
0.5979766003582881 17.703 0.03
0.5983697756663787 17.734 0.016
0.600878792513322 17.686 0.03
0.6022665016602332 17.699 0.021
0.6037218742514142 17.706 0.018
0.6043532084544495 17.702 0.021
0.6052840090254904 17.724 0.021
0.6055006278288829 17.692 0.019
0.6055808244535911 17.701 0.02
0.6056795218768457 17.749 0.019
0.6066294565393037 17.697 0.031
0.6070666713734681 17.707 0.024
0.6073668433868079 17.745 0.016
0.6079077853281888 17.701 0.016
0.6082245134888581 17.685 0.023
0.6084836661233567 17.689 0.021
0.6112511130926578 17.675 0.017
0.6125586009588005 17.728 0.016
0.6126590321502136 17.693 0.018
0.6128749968983357 17.715 0.018
0.6130690150429473 17.679 0.02
0.6140862348651354 17.661 0.019
0.614446361795126 17.694 0.016
0.6159273912058097 17.683 0.023
0.6166679964311698 17.687 0.018
0.6175078564506521 17.658 0.014
0.617888265642614 17.72 0.017
0.6187063776127616 17.697 0.016
0.620053436262333 17.687 0.016
0.6208947776441619 17.672 0.016
0.6211878260800404 17.633 0.021
0.6212496114484566 17.677 0.018
0.622423292063013 17.671 0.022
0.6231319578190778 17.711 0.028
0.6247620279138119 17.655 0.017
0.6250067546308401 17.688 0.02
0.6259288847290009 17.664 0.026
0.6264594600592318 17.653 0.017
0.6268299779325389 17.658 0.022
0.631861954787064 17.613 0.017
0.6324006474359521 17.662 0.026
0.6337870131045747 17.642 0.02
0.6364344285783773 17.612 0.015
0.637836465988039 17.611 0.022
0.6380199514104788 17.561 0.016
0.6402183284093553 17.53 0.015
0.6406344933738183 17.558 0.019
0.6419238989587029 17.529 0.016
0.6448882012399736 17.485 0.014
0.6461733408537157 17.453 0.017
0.6467125892571858 17.571 0.017
0.6467343940829778 17.544 0.024
0.6468725367325533 17.557 0.022
0.647770094588077 17.456 0.016
0.6481772974124397 17.488 0.014
0.6483917684699009 17.546 0.022
0.6495966627944881 17.438 0.011
0.6502986595040966 17.476 0.022
0.6533152084952235 17.462 0.019
0.6533458336833974 17.442 0.019
0.6568293217461815 17.348 0.014
0.6572820415643946 17.409 0.014
0.6575007867044406 17.469 0.018
0.6608064234491394 17.359 0.016
0.6619598941528239 17.395 0.016
0.6634064788253454 17.342 0.018
0.6639995863689819 17.276 0.016
0.6645758892522281 17.333 0.018
0.665876704501352 17.354 0.023
0.6673609600774398 17.314 0.019
0.6683343308181066 17.339 0.016
0.6699084154360208 17.312 0.015
0.6729479307217844 17.2 0.016
0.6740912421256781 17.198 0.011
0.6763510427512301 17.219 0.015
0.6771557436308285 17.19 0.011
0.6805240787001822 17.203 0.019
0.6818631293657745 17.141 0.014
0.6819358134147478 17.17 0.013
0.6829730926125649 17.133 0.011
0.683183350258696 17.152 0.018
0.684544108418686 17.143 0.017
0.6853783586666623 17.126 0.013
0.6855143130163924 17.18 0.016
0.6860432564484654 17.122 0.013
0.6870071985123559 17.093 0.012
0.687714841331308 17.115 0.016
0.688862049500608 17.068 0.013
0.6897309300669804 17.13 0.014
0.6911014741048348 17.112 0.012
0.6914697881033135 17.131 0.017
0.6927783683337566 17.101 0.015
0.6934378798777289 17.114 0.016
0.6952551206312819 17.091 0.016
0.6952894634995573 17.102 0.014
0.6959019361319406 17.067 0.016
0.6971054658928552 17.1 0.014
0.6973230995228278 17.067 0.011
0.6974546908949378 17.065 0.014
0.698170938653584 17.104 0.016
0.69944948675859 17.078 0.01
0.7005026239243307 17.06 0.015
0.7022435966167905 17.084 0.011
0.7024496051593815 17.059 0.015
0.7036084092200326 17.068 0.014
0.7036700044676764 17.054 0.015
0.7044215125905794 17.078 0.011
0.7046750184694247 17.041 0.018
0.7052053864876143 17.073 0.01
0.7056237595437779 17.052 0.015
0.7060147754254104 17.065 0.013
0.7076946486012275 17.088 0.016
0.7084725360558878 17.039 0.012
0.7092322675852302 17.015 0.013
0.7102060198589243 17.065 0.013
0.7130901378438012 17.085 0.011
0.713377913592376 17.056 0.012
0.7133846676410031 17.051 0.015
0.7144530748995749 17.055 0.012
0.7151031091019832 17.068 0.013
0.716149208662182 17.043 0.013
0.7169650350027951 17.043 0.012
0.7172275442227601 17.041 0.01
0.7189658909524269 17.036 0.01
0.7189919088666784 17.061 0.016
0.7195578775817012 17.074 0.023
0.7204497325523335 17.041 0.011
0.7206745215566116 17.031 0.013
0.720703007433167 17.015 0.012
0.7217689872835763 17.074 0.013
0.7227569906057397 17.043 0.014
0.7258808711570964 17.028 0.016
0.7261265640353486 17.036 0.015
0.7263870961618523 17.069 0.012
0.7271667371764124 17.05 0.022
0.7284879122261373 17.059 0.012
0.7297882359602227 17.073 0.015
0.7316438052443118 17.068 0.015
0.7317990202122019 17.037 0.012
0.7320612977877318 17.015 0.017
0.7349302186779824 17.079 0.014
0.7349444778382349 17.061 0.015
0.7353325060161297 17.076 0.014
0.7359462575627959 17.072 0.011
0.7369550427732975 17.064 0.01
0.7370389859505849 17.085 0.018
0.7374799265766342 17.067 0.016
0.7388775195762719 17.057 0.01
0.7396739363795405 17.072 0.011
0.7413802051089761 17.099 0.01
0.7423165781455282 17.113 0.012
0.7424153248801076 17.071 0.01
0.7432777638272455 17.064 0.013
0.7443814882252809 17.052 0.01
0.7447704257887381 17.106 0.014
0.7450884370813583 17.064 0.015
0.7452122355688516 17.074 0.017
0.7453316457753317 17.056 0.014
0.7494000377668272 17.076 0.011
0.7515064305142914 17.067 0.014
0.7530960733223765 17.066 0.016
0.7544825895266968 17.097 0.01
0.7550191026333778 17.058 0.01
0.7551474710870935 17.082 0.011
0.7567672151245916 17.109 0.012
0.7578093361647916 17.095 0.014
0.7596129147140346 17.097 0.011
0.7600801091148469 17.105 0.012
0.7601713702073539 17.123 0.013
0.763737819387552 17.104 0.015
0.7650930488847735 17.119 0.014
0.7652544777219191 17.112 0.011
0.765753441587458 17.123 0.015
0.767569976050163 17.129 0.013
0.767769388544275 17.132 0.016
0.7688061194516195 17.156 0.016
0.7692549674829025 17.127 0.013
0.7705973017367796 17.148 0.016
0.7732882820897885 17.113 0.018
0.7746039041429867 17.125 0.014
0.7755045872635492 17.149 0.018
0.7755821984796057 17.118 0.011
0.776124511802118 17.149 0.015
0.7764062482264308 17.158 0.013
0.7766270596802315 17.142 0.011
0.7766315248519732 17.15 0.014
0.7783888999089413 17.162 0.012
0.7792944696424456 17.147 0.015
0.7793799470645354 17.144 0.013
0.780572562569796 17.149 0.013
0.7818599222800003 17.143 0.016
0.7823412055126028 17.153 0.018
0.7831502940261089 17.2 0.021
0.7844194085909294 17.172 0.018
0.7874367294072272 17.182 0.013
0.7877696776007724 17.167 0.013
0.7885202601163656 17.187 0.022
0.789282207848737 17.188 0.015
0.7899648514734509 17.174 0.014
0.7909156465333581 17.178 0.011
0.791616669617406 17.198 0.016
0.7921850008537149 17.174 0.013
0.7924826967941044 17.179 0.013
0.7927464119302613 17.2 0.012
0.7929652582946801 17.179 0.015
0.7937570639300248 17.172 0.014
0.7940677732061886 17.197 0.022
0.7953771651686111 17.205 0.015
0.7954889813680893 17.212 0.015
0.7965031930483747 17.172 0.015
0.7968521864062496 17.197 0.014
0.796915997533597 17.18 0.012
0.7978148420910657 17.205 0.015
0.7994594104542557 17.182 0.012
0.801791205059908 17.227 0.019
0.8043222541599789 17.217 0.016
0.8050408806610904 17.183 0.015
0.8061324079964379 17.233 0.011
0.8072929941667099 17.201 0.015
0.8077077465499315 17.22 0.016
0.8077127025902883 17.208 0.014
0.8078105843873346 17.196 0.014
0.8098623474637862 17.226 0.02
0.8118882146119631 17.21 0.016
0.8141116028092711 17.234 0.016
0.8146811516434355 17.221 0.014
0.8148536452717053 17.24 0.018
0.8173270695330302 17.253 0.015
0.8176839816550455 17.265 0.014
0.8181104444505763 17.228 0.016
0.8220233541394691 17.249 0.012
0.822229686792889 17.241 0.013
0.8223046720471757 17.237 0.012
0.8234894456794791 17.271 0.011
0.8237787683237002 17.211 0.016
0.8247132460213834 17.266 0.016
0.8280805182459062 17.27 0.011
0.8290108840791618 17.27 0.016
0.8292433287298536 17.248 0.016
0.8299263295556557 17.264 0.01
0.8300622644366286 17.284 0.016
0.8332484092195728 17.296 0.021
0.8333561294524771 17.264 0.016
0.8353027615979954 17.288 0.014
0.8358883276930783 17.275 0.011
0.8364081097837698 17.293 0.014
0.8366792683913445 17.266 0.013
0.8371422451631588 17.283 0.019
0.8382762051053533 17.292 0.014
0.8392447985671879 17.274 0.013
0.8395864003654424 17.258 0.018
0.8408598620102566 17.317 0.012
0.8412249287584018 17.277 0.016
0.8460803289922524 17.284 0.012
0.8474334195016354 17.287 0.013
0.8483494246269402 17.318 0.013
0.8488359678953202 17.296 0.016
0.8489493796559145 17.275 0.017
0.8490845102695858 17.321 0.014
0.849313999983815 17.305 0.012
0.8500018024200472 17.319 0.014
0.852467230702041 17.308 0.013
0.8528200066260979 17.313 0.014
0.8535206562882195 17.288 0.016
0.8535883392022697 17.317 0.015
0.8543438741875434 17.33 0.015
0.855647128525925 17.329 0.017
0.8562788205760171 17.309 0.012
0.8566915877539941 17.323 0.018
0.8583295240549887 17.316 0.016
0.8584444090664874 17.342 0.016
0.8603316258285304 17.32 0.014
0.8652241243429671 17.331 0.015
0.8670311282593502 17.335 0.015
0.8672148696583918 17.344 0.013
0.8677556811793693 17.356 0.013
0.8702468749701439 17.332 0.017
0.8707576949194845 17.307 0.015
0.8709096344101909 17.369 0.012
0.8714495728831025 17.353 0.016
0.8716490953583161 17.329 0.015
0.8722235515682769 17.354 0.013
0.8741684707064451 17.328 0.022
0.8756128472872661 17.351 0.019
0.8758003306992578 17.361 0.016
0.8764364467200721 17.327 0.015
0.8789040418932018 17.365 0.017
0.8799712114381691 17.349 0.014
0.880380752451083 17.385 0.019
0.8806595011723403 17.311 0.016
0.8815492979405463 17.365 0.016
0.882426816859288 17.359 0.011
0.8827744826375238 17.355 0.016
0.8832819865559941 17.342 0.016
0.8836670721251721 17.401 0.013
0.8890589118217577 17.37 0.012
0.8896623129786804 17.377 0.016
0.8897651589270709 17.375 0.015
0.8899886489015444 17.356 0.013
0.8906207588223879 17.357 0.022
0.8909677874134104 17.387 0.023
0.8911320089709079 17.367 0.017
0.893896221016712 17.385 0.021
0.8950555775847079 17.375 0.015
0.8950854186208744 17.385 0.018
0.8963956099868483 17.367 0.016
0.8968620656536587 17.366 0.011
0.8975993227271829 17.381 0.014
0.8976680817842407 17.344 0.016
0.8999134003633117 17.369 0.019
0.9005782981452285 17.378 0.013
0.9010796975298035 17.41 0.026
0.9028151016504126 17.363 0.014
0.9030543934635716 17.415 0.014
0.9066012128208968 17.405 0.015
0.907391938742785 17.38 0.016
0.9075572562350317 17.425 0.022
0.9076270619147181 17.395 0.014
0.9082342011914989 17.405 0.015
0.9116444088957906 17.441 0.019
0.9122469243542582 17.349 0.016
0.912818795154999 17.423 0.016
0.9137908756223624 17.464 0.025
0.9160881080432773 17.414 0.014
0.9187645288119711 17.432 0.012
0.9194661770779021 17.421 0.012
0.9202811871458835 17.401 0.013
0.9226080993561482 17.421 0.02
0.9227720042664714 17.397 0.018
0.9240034028329319 17.44 0.021
0.9241090940594404 17.42 0.013
0.92491368949768 17.381 0.018
0.9251034335601617 17.413 0.02
0.9254405546118051 17.441 0.012
0.9265310872359805 17.4 0.016
0.9266912575975766 17.429 0.019
0.928744904332143 17.442 0.017
0.9298222818419162 17.435 0.015
0.930599016585711 17.466 0.02
0.9308572598347609 17.436 0.013
0.9316625083582948 17.406 0.016
0.9320560976433625 17.444 0.019
0.9323708006917513 17.416 0.016
0.9343449081040034 17.481 0.016
0.9348886054580361 17.433 0.021
0.9351008320872096 17.463 0.015
0.936104856240854 17.425 0.024
0.938144024498706 17.431 0.013
0.9388522642733732 17.437 0.014
0.9390314425230826 17.448 0.016
0.9392816654607485 17.439 0.016
0.9393981291654199 17.436 0.017
0.9436304179563648 17.426 0.016
0.9436945207516145 17.452 0.016
0.9445810420424094 17.451 0.016
0.9449998660592427 17.456 0.017
0.946781363044829 17.406 0.017
0.9470955875530307 17.469 0.019
0.9483047877560238 17.447 0.02
0.9487579504238055 17.428 0.011
0.9500299225955131 17.452 0.023
0.9516882388119483 17.44 0.016
0.9518663010116142 17.442 0.016
0.9552130346736702 17.459 0.017
0.9566191638330337 17.445 0.012
0.9570490396667082 17.46 0.016
0.9580483313142394 17.436 0.023
0.9605287688485986 17.432 0.022
0.9633584274901295 17.457 0.023
0.9639336555240106 17.471 0.014
0.964199151800949 17.455 0.016
0.9644400304172449 17.495 0.021
0.9660140138120368 17.455 0.016
0.9670057390320834 17.416 0.024
0.96714665006848 17.464 0.023
0.9682321617655361 17.47 0.021
0.9688024214310871 17.471 0.016
0.9707300612625658 17.444 0.015
0.970995797294472 17.455 0.014
0.9710235162107437 17.489 0.013
0.9715796747163039 17.493 0.018
0.9730842858761206 17.481 0.014
0.9753826473223852 17.47 0.015
0.976915078622278 17.459 0.023
0.9770004548203359 17.491 0.018
0.9774601603316113 17.49 0.017
0.978407748695099 17.483 0.017
0.9788478655840662 17.445 0.015
0.9790441774691998 17.453 0.014
0.9794981233194675 17.48 0.012
0.9815098974189822 17.469 0.021
0.9822010246437229 17.504 0.016
0.9823655297572258 17.478 0.015
0.9840273855383201 17.469 0.018
0.9851943078871499 17.49 0.018
0.9853482802781399 17.474 0.018
0.9876315338491621 17.483 0.016
0.9906416704177672 17.478 0.013
0.991262244470954 17.458 0.021
0.9927237254904866 17.505 0.016
0.9936350347697043 17.493 0.018
0.9938495139380392 17.501 0.022
0.9939443113483093 17.481 0.019
0.9941913026099427 17.525 0.026
0.9972198867716542 17.482 0.015
0.997933407344044 17.488 0.017
