0.0009603261231859728 17.418 0.018
0.001296761287358117 17.447 0.017
0.002731886421224794 17.416 0.015
0.0029764887753117586 17.409 0.016
0.004362493430699055 17.427 0.019
0.004995000425788043 17.417 0.021
0.0060084317646215135 17.383 0.016
0.006424184262778021 17.485 0.017
0.007094122907255973 17.45 0.019
0.007190651260225445 17.427 0.024
0.007283841448861517 17.405 0.018
0.007522721188615855 17.415 0.014
0.00833368753856123 17.439 0.017
0.008788587801882408 17.453 0.02
0.00907456757331604 17.42 0.017
0.009143580131330986 17.418 0.023
0.011122092452660604 17.417 0.016
0.012918935381458163 17.448 0.024
0.014343929490587493 17.446 0.02
0.019226798552517743 17.434 0.021
0.019482837357281846 17.452 0.017
0.02001560596218044 17.45 0.018
0.02341790981281522 17.452 0.017
0.025754971309561392 17.486 0.018
0.02603149786764336 17.454 0.018
0.027241186473384027 17.42 0.017
0.028232189994378154 17.483 0.024
0.029700781695191858 17.445 0.018
0.030040073428517666 17.453 0.018
0.030410473254869452 17.468 0.024
0.031445038914534984 17.435 0.016
0.03150002381871675 17.426 0.017
0.032464421025815704 17.45 0.017
0.03357476191777098 17.497 0.02
0.034616779295811306 17.449 0.022
0.036480539918466115 17.432 0.021
0.036704984827702014 17.459 0.023
0.038396923459822596 17.49 0.029
0.038702931854822986 17.485 0.019
0.04018542589747087 17.454 0.015
0.04057580590633736 17.463 0.017
0.043912642812210856 17.461 0.014
0.0439413517105095 17.475 0.017
0.04461138196929826 17.461 0.019
0.04539946312697796 17.454 0.027
0.045707896692783856 17.467 0.028
0.04750847021923621 17.447 0.013
0.05049762821536208 17.477 0.027
0.05292273751811083 17.467 0.025
0.05400526776102199 17.453 0.023
0.05692516854142016 17.471 0.018
0.05733496851180464 17.444 0.017
0.05890740374015879 17.456 0.017
0.05919436565445724 17.456 0.018
0.0592321879811607 17.501 0.017
0.059356478542576974 17.47 0.018
0.060827342370794235 17.459 0.015
0.06287683504697272 17.486 0.017
0.06477546033729598 17.504 0.028
0.06567312307870454 17.501 0.022
0.06664589798529053 17.428 0.022
0.06777763611207777 17.5 0.018
0.0678836608502934 17.456 0.019
0.06952249076121009 17.505 0.027
0.07068045645328314 17.449 0.016
0.07103288531188812 17.463 0.018
0.07172583621618289 17.496 0.018
0.07178394481220496 17.489 0.022
0.07350038962649708 17.502 0.03
0.07448674604474947 17.476 0.016
0.075388239777476 17.484 0.022
0.07547455145540882 17.479 0.015
0.07607158266946501 17.494 0.023
0.07655369264093681 17.476 0.017
0.0770792861248083 17.488 0.015
0.07737164210257108 17.485 0.018
0.07753944039714045 17.49 0.02
0.07837026161805627 17.466 0.021
0.07872346165859201 17.499 0.015
0.07909634878242289 17.533 0.028
0.07923899502375209 17.465 0.016
0.07995646685449176 17.463 0.018
0.08008400817416261 17.474 0.021
0.08055645572803771 17.482 0.029
0.08073260574601593 17.478 0.02
0.08078873706826928 17.48 0.019
0.08165152742267312 17.479 0.016
0.08222866831229114 17.462 0.018
0.08285632777951835 17.487 0.018
0.0834049352796683 17.473 0.021
0.08418223182152362 17.464 0.02
0.08621336881710706 17.475 0.019
0.08665420070601615 17.496 0.018
0.0870106922260675 17.465 0.015
0.08789097370881793 17.493 0.018
0.08820159375286496 17.49 0.022
0.08821618934771325 17.509 0.027
0.08967779372769658 17.471 0.019
0.09306889876224889 17.511 0.019
0.09386805166868728 17.504 0.022
0.09404369411540758 17.477 0.021
0.09487661020002636 17.491 0.015
0.09721340633009279 17.515 0.024
0.09730437458747476 17.504 0.017
0.09761379977262552 17.478 0.022
0.09806784496040566 17.477 0.025
0.09864507570855496 17.488 0.021
0.0989153566401001 17.468 0.019
0.10150819157561275 17.499 0.016
0.10203171617185947 17.475 0.024
0.1021020618885814 17.48 0.015
0.10357950340758182 17.486 0.017
0.10432650972361446 17.512 0.018
0.10600098320346663 17.519 0.018
0.10627275981314599 17.479 0.019
0.10846413526987819 17.543 0.018
0.11194264399537135 17.469 0.016
0.11498177158127876 17.499 0.017
0.11558232067582142 17.497 0.015
0.11636085700583865 17.518 0.014
0.11751167531056128 17.516 0.023
0.11777092170168546 17.51 0.025
0.11906514795227852 17.478 0.02
0.11947032679599945 17.519 0.02
0.11965619714910647 17.497 0.021
0.12007942909840497 17.501 0.018
0.12203163347285229 17.494 0.018
0.12220765466818195 17.501 0.017
0.12222514579652854 17.491 0.02
0.12242500835045578 17.489 0.017
0.12319459552727496 17.449 0.021
0.12474999700170886 17.536 0.019
0.12512079101807105 17.482 0.02
0.12554436275095215 17.515 0.019
0.129210664697348 17.485 0.022
0.13006835408568806 17.52 0.024
0.13024407270622762 17.532 0.021
0.13028467894118878 17.529 0.016
0.13185590807815972 17.535 0.023
0.13244293533480234 17.529 0.018
0.1334125510969898 17.507 0.019
0.13373198023909938 17.528 0.022
0.13423918259004497 17.553 0.017
0.1356372937865672 17.492 0.019
0.13598728799743187 17.47 0.015
0.13616408213001707 17.518 0.014
0.13640624808103896 17.522 0.022
0.13795271163453438 17.545 0.019
0.1385714763545366 17.51 0.017
0.13883461165428346 17.506 0.021
0.13892036135612218 17.539 0.022
0.1410687703477379 17.505 0.02
0.14230430004990924 17.496 0.027
0.1423088839668708 17.489 0.016
0.14293283354563757 17.511 0.02
0.14309276767598933 17.516 0.02
0.14532811947256052 17.51 0.017
0.14543585611854726 17.518 0.019
0.14570224989702185 17.509 0.015
0.1459251506866167 17.494 0.028
0.14698064497351881 17.513 0.022
0.1469854416076487 17.522 0.021
0.14735189987541164 17.531 0.021
0.14841518566518064 17.589 0.022
0.14897841473648443 17.516 0.023
0.14908884191972904 17.561 0.03
0.1504845409330301 17.547 0.028
0.15094092739891496 17.515 0.019
0.1509497849378022 17.548 0.024
0.15125772216460975 17.524 0.027
0.15190716357974454 17.522 0.023
0.15226031693500774 17.521 0.021
0.15633731709967835 17.481 0.021
0.15657409074347017 17.536 0.016
0.15695780320347696 17.546 0.022
0.15753909661216314 17.498 0.023
0.1584943803899478 17.551 0.019
0.1604230926658602 17.503 0.018
0.16167791526222575 17.542 0.019
0.16218783763897593 17.518 0.025
0.16425612511411603 17.538 0.021
0.166241812556018 17.528 0.021
0.1674906566471691 17.502 0.019
0.1688634065864335 17.529 0.029
0.17007856612590333 17.513 0.018
0.1702188710900373 17.56 0.018
0.17085411109919735 17.527 0.018
0.1714128590996552 17.608 0.018
0.17193651251945996 17.54 0.021
0.17447094751596526 17.552 0.019
0.17473583262826653 17.53 0.021
0.17567186247642896 17.526 0.028
0.17590581675940486 17.474 0.025
0.17595647363637001 17.522 0.021
0.17649622184117109 17.528 0.02
0.1770900567015815 17.546 0.017
0.17793879693808778 17.519 0.023
0.17806445610940502 17.532 0.019
0.17919097743688328 17.591 0.019
0.18071620978744252 17.527 0.02
0.18204673319896758 17.541 0.017
0.18262075039720005 17.546 0.016
0.18281422726831809 17.537 0.019
0.18355912924416773 17.525 0.021
0.1843780159191738 17.555 0.019
0.18648124072333305 17.557 0.022
0.18681711742228801 17.535 0.017
0.1872183736603802 17.538 0.022
0.18860408346054103 17.539 0.022
0.19023196096886752 17.55 0.018
0.19045534159740785 17.503 0.025
0.1923325047117942 17.535 0.018
0.19236150846418243 17.527 0.027
0.19364962563158772 17.574 0.019
0.19578071724654367 17.56 0.031
0.19670502175440563 17.522 0.017
0.1988465487242138 17.58 0.018
0.19952303732716248 17.561 0.019
0.19972729109340437 17.522 0.024
0.20006684819318254 17.523 0.016
0.20105379080896457 17.553 0.016
0.20195957535988784 17.585 0.02
0.20241494247457015 17.525 0.019
0.20277666026995578 17.557 0.018
0.202989264003827 17.559 0.016
0.206671052072943 17.553 0.02
0.2069423972851837 17.53 0.019
0.20751102217527662 17.534 0.016
0.20758183474290492 17.558 0.017
0.20773500971008618 17.588 0.019
0.20774021703336987 17.523 0.024
0.20837602674000666 17.571 0.019
0.2091960693100191 17.538 0.022
0.2094094365046658 17.541 0.024
0.21269985294693472 17.551 0.022
0.21271868495468882 17.564 0.022
0.2160291317753945 17.565 0.024
0.21607122245623034 17.584 0.03
0.21750858250916283 17.539 0.018
0.21784210669820825 17.569 0.027
0.21833597570721397 17.573 0.023
0.21913962863700365 17.516 0.025
0.21965237985104968 17.591 0.023
0.21991216750975573 17.512 0.023
0.21998251147069814 17.562 0.027
0.22005156895775135 17.566 0.019
0.22210791592342494 17.581 0.018
0.2226999844710007 17.578 0.019
0.22332132389410608 17.554 0.015
0.22339499478666758 17.562 0.02
0.22653536942962083 17.572 0.02
0.22767900313638156 17.554 0.02
0.22785219549487 17.571 0.017
0.22843669648946152 17.578 0.024
0.22859877216878877 17.61 0.023
0.23153479371094354 17.514 0.022
0.23264389305850264 17.566 0.024
0.23355453742888121 17.545 0.027
0.23425401055956163 17.562 0.018
0.23459481271529503 17.534 0.027
0.23459600406285963 17.569 0.021
0.23475897974676618 17.567 0.023
0.23497427752990907 17.554 0.029
0.23565419064370863 17.568 0.017
0.2359102684134995 17.563 0.017
0.23627163519304295 17.542 0.016
0.23730312560192024 17.566 0.02
0.23968862204437746 17.554 0.024
0.24026874657047292 17.549 0.028
0.24085359506934756 17.557 0.017
0.2412052078169835 17.573 0.02
0.24219869863500199 17.581 0.016
0.24301454200067374 17.539 0.02
0.24429495331505668 17.578 0.025
0.2447980835285306 17.578 0.017
0.24533145728300942 17.604 0.024
0.24603424786882888 17.551 0.021
0.24749343655357725 17.555 0.017
0.24788291655786443 17.519 0.023
0.24813419593820063 17.55 0.02
0.24817707078855156 17.553 0.021
0.2486804509279863 17.572 0.018
0.24918450887835197 17.545 0.018
0.2502728568623751 17.6 0.032
0.25066909778515756 17.567 0.018
0.25102931814662943 17.562 0.018
0.25171102354934183 17.555 0.021
0.25320858354998554 17.577 0.019
0.25433594872029053 17.557 0.017
0.2546893130364878 17.568 0.028
0.255114649326424 17.564 0.017
0.25616196915407263 17.586 0.021
0.2566674890862486 17.54 0.017
0.2568203579661712 17.575 0.022
0.2586970015803671 17.55 0.024
0.259139067293654 17.552 0.02
0.25963221952624727 17.568 0.021
0.26130459814194174 17.591 0.021
0.2623664142301094 17.567 0.028
0.2624995216091519 17.57 0.021
0.26294223319328003 17.525 0.025
0.2649226761031058 17.589 0.02
0.2656609926674718 17.585 0.017
0.2666996209876742 17.589 0.02
0.2667610530037563 17.577 0.024
0.2678203150971057 17.581 0.023
0.26914425134227704 17.574 0.02
0.2693047007641325 17.576 0.018
0.26996628944143586 17.57 0.019
0.27145114371514856 17.599 0.022
0.2716165540467954 17.554 0.018
0.27290587379402487 17.557 0.022
0.27291947180483467 17.568 0.021
0.2736167117722288 17.519 0.016
0.27490426871818263 17.574 0.022
0.27566757481590676 17.584 0.021
0.2761076727323597 17.535 0.025
0.27694280899177093 17.558 0.021
0.2786372738859426 17.549 0.022
0.27947023489959966 17.576 0.016
0.27954643029843274 17.544 0.021
0.2804384802947424 17.578 0.024
0.2824157917924821 17.557 0.019
0.2839955853700302 17.588 0.018
0.28418962070636544 17.612 0.031
0.28608089712352003 17.573 0.021
0.2870470866195318 17.612 0.021
0.2872931586761296 17.599 0.021
0.2875378431689568 17.572 0.017
0.2876697946539024 17.556 0.019
0.2885533286511417 17.565 0.019
0.2888691749712051 17.597 0.019
0.2889713792541442 17.558 0.023
0.28995622700531376 17.576 0.02
0.28999829346585093 17.61 0.03
0.29046265641854907 17.586 0.016
0.2915479256402249 17.598 0.023
0.2916285778886958 17.577 0.02
0.29185611103630427 17.562 0.022
0.2921066287116445 17.551 0.028
0.29224935709080446 17.582 0.018
0.29280381602839034 17.57 0.024
0.29368897452686715 17.55 0.022
0.2946538048880938 17.567 0.017
0.2978928304800319 17.585 0.025
0.2987715773191666 17.585 0.023
0.299306870429882 17.586 0.024
0.299642186908295 17.614 0.024
0.30073515250651317 17.608 0.024
0.3018588060316687 17.606 0.02
0.30605170958133376 17.597 0.018
0.30625673452905167 17.6 0.025
0.30630984325116506 17.615 0.023
0.30656642508020004 17.59 0.025
0.30700430282186053 17.573 0.02
0.30708272962683614 17.617 0.02
0.30717103507950005 17.549 0.017
0.30736973050616134 17.571 0.023
0.3081112156909511 17.582 0.021
0.30820162548379804 17.572 0.017
0.3083802550785548 17.603 0.024
0.3101811589125645 17.566 0.023
0.310966374023701 17.614 0.019
0.31147432684738297 17.623 0.022
0.3138475394847773 17.575 0.021
0.31401192098874153 17.592 0.018
0.315022318494266 17.637 0.016
0.31590649660611225 17.624 0.029
0.31633529637101665 17.549 0.027
0.3177118070924734 17.622 0.022
0.3184677902940165 17.566 0.017
0.3187028218461818 17.574 0.015
0.3188615983257477 17.578 0.018
0.31918865293882837 17.591 0.018
0.3197012753297712 17.635 0.023
0.3205491173165682 17.581 0.019
0.3221544044860365 17.577 0.029
0.32436328054827746 17.571 0.025
0.32497225227180015 17.592 0.035
0.32514109062585694 17.642 0.033
0.3258933077767323 17.598 0.023
0.32631042888660877 17.595 0.017
0.32665840265090074 17.627 0.032
0.3266797626769402 17.63 0.028
0.32698512695687887 17.59 0.019
0.32700424609893153 17.597 0.021
0.3275922614619957 17.633 0.03
0.3279287355911946 17.571 0.02
0.32919404198346447 17.612 0.032
0.3296704647927071 17.624 0.028
0.33001185314597015 17.621 0.027
0.33105446619802015 17.596 0.021
0.33118359832214983 17.603 0.019
0.3319027880237626 17.597 0.021
0.33298937917188587 17.55 0.018
0.3332948722744731 17.544 0.02
0.33404503949068376 17.616 0.022
0.3353134790508192 17.592 0.015
0.33614579770610353 17.623 0.029
0.33667813315687445 17.538 0.023
0.33679713074470774 17.622 0.019
0.3397456003680417 17.593 0.021
0.34026727827076675 17.581 0.018
0.34077388319192314 17.577 0.02
0.34087668490419665 17.602 0.021
0.3414720526515338 17.593 0.025
0.34165462556065895 17.61 0.021
0.34191411660904114 17.6 0.022
0.3429971172144177 17.609 0.016
0.3438055236055333 17.576 0.025
0.3438839876202109 17.608 0.025
0.34447709622818357 17.598 0.027
0.3452353929746095 17.607 0.027
0.34599591516362116 17.602 0.018
0.3475158917502994 17.629 0.019
0.3486460857574456 17.614 0.018
0.34959092294811844 17.582 0.023
0.3517343805064228 17.635 0.019
0.352441624430321 17.585 0.024
0.3528022761896863 17.6 0.024
0.35303892276615434 17.584 0.02
0.3534811173025445 17.56 0.027
0.35394932844374116 17.577 0.023
0.35404410171613554 17.603 0.017
0.35430419195008644 17.647 0.024
0.3550007091761471 17.562 0.025
0.35638773914697586 17.56 0.022
0.357065523699839 17.616 0.025
0.35719853350078656 17.544 0.03
0.3596189939447867 17.585 0.016
0.36046461400055696 17.582 0.019
0.3607361778939775 17.569 0.017
0.3626873906495347 17.583 0.019
0.3636945788133743 17.597 0.022
0.36513454726618866 17.593 0.019
0.36551072411284613 17.612 0.023
0.365665084462671 17.606 0.022
0.3661474615563747 17.582 0.021
0.36619439731239245 17.627 0.025
0.3668088434814307 17.626 0.021
0.36837669479327806 17.607 0.029
0.3695675591115104 17.588 0.023
0.37079350853346105 17.622 0.017
0.3710296138418925 17.572 0.027
0.37165633609620263 17.627 0.019
0.3717688191785782 17.599 0.022
0.3733379941721977 17.582 0.018
0.3776005526387052 17.624 0.028
0.37835188698172706 17.675 0.022
0.381111454175334 17.583 0.02
0.3828361141694585 17.597 0.023
0.3837810819385594 17.642 0.023
0.38500990688307857 17.595 0.019
0.3860347634394201 17.616 0.024
0.3861326509276295 17.597 0.017
0.38808485354584255 17.61 0.025
0.3895579393055413 17.612 0.024
0.38988438701235273 17.614 0.028
0.39034348648046935 17.588 0.015
0.3928268314461092 17.632 0.019
0.39302134662093513 17.587 0.025
0.39352318264072883 17.601 0.021
0.39376607484418846 17.581 0.028
0.39438791832653797 17.587 0.029
0.39549587301225975 17.596 0.019
0.39726965524087055 17.611 0.023
0.39850167829436023 17.624 0.02
0.39879881967308384 17.608 0.022
0.3999999999999999 17.689 0.022
0.4007402826054203 17.62 0.019
0.40171691693276435 17.614 0.022
0.40214974039408835 17.592 0.024
0.40419992211436684 17.6 0.017
0.40565871485423477 17.626 0.02
0.4061284139533199 17.596 0.024
0.40628732873201434 17.602 0.017
0.40748880391302 17.612 0.022
0.407500086624077 17.591 0.027
0.40750719680308967 17.646 0.025
0.4080449357933502 17.594 0.023
0.4085546436976073 17.648 0.025
0.40890753940711866 17.583 0.019
0.40925240071228464 17.605 0.024
0.4102808495671524 17.6 0.016
0.4116719516754528 17.574 0.021
0.4120079347329919 17.634 0.031
0.41265496045289174 17.633 0.022
0.41475643193271017 17.605 0.03
0.4150102860156948 17.6 0.021
0.4160753640943766 17.605 0.019
0.4175804017903828 17.616 0.016
0.41793463241438067 17.613 0.019
0.4182631377770121 17.616 0.022
0.4208216587898277 17.663 0.023
0.4211065630483062 17.612 0.022
0.4220398633946387 17.62 0.021
0.4261138704468066 17.641 0.016
0.4262801730625596 17.588 0.022
0.4268171019069995 17.595 0.018
0.4274868745200364 17.577 0.017
0.4276328182053475 17.58 0.015
0.4277148762743308 17.618 0.022
0.42834173507199 17.595 0.022
0.43125653488768867 17.63 0.022
0.43184921209776794 17.574 0.021
0.43249836041368317 17.616 0.023
0.43308876725168366 17.6 0.019
0.4331191006516746 17.569 0.022
0.43498495613803234 17.565 0.018
0.43524641498324845 17.608 0.027
0.43573092414990233 17.585 0.025
0.4358506048169146 17.602 0.023
0.43626413538449915 17.583 0.02
0.43636185684081275 17.581 0.017
0.43652606459263543 17.612 0.024
0.4376425335211933 17.584 0.021
0.4378695850740768 17.615 0.02
0.4385036414563728 17.606 0.02
0.4397224417351935 17.581 0.019
0.44037891119105543 17.604 0.022
0.44109176365182057 17.599 0.023
0.44121494921128024 17.581 0.024
0.4422579410119396 17.61 0.022
0.44250730279227346 17.571 0.03
0.4435169645684254 17.576 0.018
0.44377808187427936 17.6 0.023
0.4445661665435181 17.593 0.017
0.4451729163360141 17.64 0.019
0.44619969224859224 17.558 0.017
0.4466927640991343 17.594 0.018
0.4479627814761442 17.599 0.025
0.4482563789978484 17.586 0.018
0.44827473467867085 17.583 0.016
0.44967760354475095 17.618 0.025
0.44997282732392696 17.587 0.016
0.4515339142048105 17.585 0.022
0.45188485510507226 17.575 0.02
0.4525189002555634 17.582 0.024
0.4529230148190435 17.558 0.02
0.452978761428676 17.576 0.02
0.45387636976456625 17.607 0.028
0.45511368999941615 17.601 0.022
0.4568697624180458 17.561 0.023
0.45701420866898834 17.585 0.017
0.4587973170431723 17.552 0.021
0.45881747448893284 17.586 0.02
0.4604546391778057 17.594 0.019
0.46161221068077785 17.587 0.022
0.4621573529488159 17.598 0.017
0.4629122701138839 17.566 0.022
0.4646790804621559 17.567 0.032
0.4667550134207885 17.545 0.021
0.467406992330234 17.584 0.022
0.4675357249974694 17.51 0.031
0.46775316432913305 17.539 0.019
0.46796585967686033 17.612 0.017
0.46814650199794405 17.57 0.017
0.4701179975103513 17.594 0.019
0.4705733646245789 17.557 0.022
0.4715898806902259 17.572 0.017
0.47221571241598204 17.544 0.014
0.47321806077288775 17.562 0.017
0.4751406899412358 17.542 0.016
0.47560278427808944 17.541 0.022
0.4767643777212469 17.557 0.021
0.47829154838009336 17.546 0.022
0.4789353138657133 17.527 0.017
0.47930446267118887 17.542 0.02
0.47964349675876283 17.567 0.025
0.4799652973632873 17.579 0.02
0.4804037690227232 17.537 0.021
0.4807593587815062 17.516 0.018
0.48126251848352686 17.536 0.018
0.4821075411097353 17.547 0.024
0.48529741497932255 17.545 0.022
0.4854392977594215 17.514 0.014
0.4855773678044897 17.606 0.023
0.4858613348500511 17.555 0.016
0.4869048047334217 17.553 0.02
0.48705823559057526 17.544 0.017
0.4872058522181759 17.577 0.028
0.4891709153629562 17.542 0.021
0.48954183820196695 17.564 0.019
0.4916676645761071 17.515 0.015
0.49185489406354455 17.545 0.023
0.49202218829841504 17.528 0.017
0.4936578573091537 17.515 0.021
0.493805296672599 17.542 0.016
0.49461745788212275 17.538 0.022
0.494688830670293 17.555 0.019
0.49479956042832773 17.609 0.028
0.49569208078755755 17.538 0.02
0.49672369826330387 17.563 0.028
0.4973673142170809 17.563 0.019
0.49757466394194116 17.541 0.019
0.4977647127901945 17.535 0.017
0.499051765677359 17.551 0.017
0.4992382222275409 17.53 0.019
0.5008206708897887 17.55 0.024
0.5008658438452129 17.524 0.027
0.5013792002090667 17.522 0.02
0.5021520044478165 17.578 0.024
0.50234487441312 17.546 0.025
0.5025854625477222 17.521 0.023
0.5043280173366838 17.553 0.016
0.5044721610123815 17.541 0.018
0.5047962674419977 17.567 0.017
0.5048773770653496 17.543 0.023
0.5049111384872957 17.616 0.036
0.5070807432288347 17.536 0.016
0.5071589945263439 17.58 0.021
0.5074191332018017 17.571 0.018
0.5086361447032686 17.564 0.02
0.5091659166831959 17.57 0.019
0.509170666632508 17.547 0.014
0.5123162970388875 17.559 0.018
0.5123856493809398 17.57 0.021
0.512788440262193 17.591 0.022
0.5144216746247365 17.548 0.014
0.5147494909432679 17.533 0.018
0.5149324952502865 17.548 0.017
0.5150424166180527 17.549 0.015
0.5161409889964488 17.563 0.023
0.5196733958813637 17.558 0.018
0.5207776294459108 17.586 0.016
0.5211972690971378 17.532 0.023
0.5212487887701172 17.55 0.021
0.5213737234461404 17.552 0.02
0.5223522866057464 17.574 0.018
0.5224799118190275 17.568 0.019
0.5239758732945119 17.532 0.029
0.5263241430838206 17.571 0.022
0.5267662182740422 17.569 0.027
0.5292351845700067 17.605 0.017
0.5293140834941368 17.56 0.019
0.5295073943338138 17.574 0.016
0.5295756806389362 17.571 0.018
0.5296945866129135 17.597 0.024
0.5300171489228886 17.603 0.018
0.5307448900770395 17.587 0.023
0.5311355744160209 17.567 0.017
0.5323817167371998 17.574 0.024
0.5325249586529934 17.58 0.021
0.5339362164512749 17.602 0.017
0.5341102716050954 17.53 0.019
0.5349724568090095 17.611 0.015
0.535570948248187 17.609 0.028
0.5369665426591381 17.587 0.019
0.5379611012694112 17.559 0.017
0.5386787935366555 17.599 0.022
0.5392617581323065 17.638 0.025
0.5395363541032565 17.591 0.023
0.5414506073269876 17.609 0.021
0.5417713306632321 17.574 0.021
0.5430901599783282 17.588 0.021
0.543955045196435 17.598 0.019
0.544041218575694 17.606 0.019
0.5444544465680337 17.591 0.017
0.5444881068996437 17.608 0.027
0.5445038973533882 17.607 0.019
0.5447667005895709 17.567 0.023
0.5454103649844 17.605 0.024
0.5461314835187294 17.565 0.02
0.5461925834714747 17.588 0.022
0.5478386895928451 17.581 0.03
0.5487349275612359 17.633 0.017
0.549166595128463 17.595 0.027
0.5499397019424577 17.622 0.017
0.549953307673968 17.619 0.017
0.5521620471926325 17.584 0.023
0.5544341198277833 17.665 0.019
0.555143303816203 17.586 0.02
0.5560336282204843 17.591 0.019
0.5570750853779827 17.606 0.023
0.5574907090534906 17.601 0.022
0.5580466671814519 17.599 0.022
0.5583128854522328 17.584 0.028
0.5583783039554873 17.539 0.03
0.5596697203231087 17.615 0.018
0.5598612311527176 17.59 0.014
0.5598957542801144 17.617 0.024
0.5601770774732358 17.557 0.027
0.5605677523361918 17.588 0.028
0.5612525891509903 17.602 0.019
0.5643552158843703 17.547 0.019
0.5655356448468409 17.567 0.022
0.5655979414149441 17.603 0.018
0.5678119072098524 17.59 0.019
0.5686700592406395 17.615 0.033
0.5720169190566593 17.595 0.016
0.5723937305423532 17.602 0.029
0.5729823450909861 17.553 0.018
0.5732462031313843 17.605 0.019
0.5734807548441494 17.581 0.019
0.5765267444393429 17.573 0.018
0.5774939610068031 17.587 0.018
0.5778163572848825 17.57 0.028
0.578169043789694 17.569 0.024
0.5787974389862938 17.577 0.021
0.5793391904407144 17.59 0.03
0.5796345784955519 17.539 0.031
0.5797101504880628 17.544 0.017
0.581301445457393 17.586 0.027
0.5820561888700921 17.587 0.02
0.5824425156942197 17.493 0.016
0.5833152201470511 17.581 0.019
0.583728704029363 17.514 0.018
0.5839072514862891 17.525 0.024
0.5839177240499338 17.551 0.025
0.5839405832661213 17.554 0.017
0.5872108068091619 17.515 0.023
0.5876353701613879 17.493 0.018
0.588338382940401 17.484 0.029
0.5918828254615618 17.487 0.021
0.5926087760830341 17.508 0.016
0.5933181261028948 17.496 0.019
0.5936271665751973 17.571 0.024
0.5944290998776522 17.499 0.021
0.5964241791029052 17.461 0.016
0.5970834791522974 17.415 0.017
0.5971396943686158 17.513 0.021
0.5975728126849389 17.524 0.018
0.5981421248633523 17.461 0.017
0.5989335424286764 17.498 0.027
0.5997714980489035 17.484 0.028
0.6009278859254663 17.449 0.018
0.60151961293368 17.421 0.023
0.6045795048707077 17.4 0.015
0.6057759257722863 17.419 0.018
0.6074536872196403 17.452 0.023
0.6080403729364661 17.388 0.019
0.6086375069961831 17.376 0.018
0.6094638696107721 17.389 0.015
0.6095900872482161 17.318 0.025
0.6110207685195745 17.387 0.016
0.6125943968517276 17.343 0.017
0.6128740471021046 17.345 0.014
0.6132962597006553 17.361 0.016
0.6141777732510945 17.438 0.021
0.6153825104237511 17.364 0.017
0.6154425833045933 17.313 0.02
0.6159786493525643 17.312 0.016
0.6160091133309833 17.316 0.013
0.616558609603453 17.306 0.021
0.6172408769824869 17.316 0.017
0.6174146390379973 17.257 0.015
0.6176175691215575 17.327 0.017
0.6177512756866235 17.271 0.017
0.6191635061512897 17.322 0.017
0.6191684782928859 17.299 0.016
0.6192747157482699 17.281 0.018
0.6194574157238094 17.224 0.015
0.6203287498095961 17.266 0.018
0.6205610406267624 17.24 0.02
0.6217780426517493 17.299 0.021
0.6228920130510233 17.335 0.016
0.6231355104049726 17.25 0.016
0.6236551418841373 17.336 0.023
0.6241147099589398 17.342 0.02
0.6243631699784601 17.28 0.019
0.6244654753517352 17.299 0.019
0.6246708832562945 17.219 0.018
0.6255008511574488 17.306 0.024
0.6256306628489711 17.327 0.019
0.6257924341970466 17.262 0.017
0.6274417987978268 17.199 0.013
0.6275485964737527 17.144 0.014
0.6295615455764164 17.273 0.017
0.6300541003792205 17.183 0.016
0.6308352935510811 17.194 0.014
0.6310132713105304 17.241 0.018
0.6314342535964897 17.173 0.017
0.6331987037150612 17.181 0.015
0.6354797142706957 17.127 0.014
0.6376002771597996 17.098 0.012
0.6382074583506437 17.079 0.015
0.6387317204324973 17.085 0.014
0.6390172315967902 17.096 0.016
0.6390796569884515 17.082 0.014
0.6391343747699466 17.107 0.014
0.6394662165406771 17.169 0.02
0.6396508453489332 17.103 0.013
0.6398650753398215 17.12 0.012
0.6402731219854104 17.138 0.021
0.6408856505544464 17.085 0.014
0.642357182718024 17.097 0.015
0.6425774491316588 17.111 0.014
0.6431451757731793 17.151 0.017
0.6443860977828081 17.093 0.013
0.6448544861877054 17.107 0.015
0.6456338663614588 17.101 0.018
0.646775744988554 17.069 0.014
0.6472027542207798 17.11 0.014
0.6492757839249862 17.048 0.012
0.6504214208820486 17.064 0.011
0.65303816808173 17.06 0.014
0.6536837241000285 17.056 0.014
0.655027331987094 17.08 0.015
0.6562567059198955 17.066 0.013
0.6571714750774845 17.037 0.014
0.6574204054594702 17.064 0.012
0.6581537965670577 17.056 0.019
0.6591827157848457 17.061 0.014
0.6595666823785905 17.069 0.014
0.6599646783814933 17.051 0.013
0.6617207041148504 17.064 0.012
0.6630100610708723 17.095 0.015
0.6642722981768202 17.059 0.013
0.6648813088653697 17.078 0.014
0.6650375590833392 17.078 0.012
0.665527157982433 17.063 0.016
0.6656825566361931 17.074 0.013
0.6667051895059558 17.061 0.014
0.6676136645950465 17.056 0.013
0.6677789478598243 17.056 0.015
0.6680838435326223 17.057 0.013
0.670127953377596 17.06 0.014
0.6703321681788111 17.084 0.013
0.6707324233219879 17.055 0.015
0.6716661922745516 17.085 0.018
0.672195241514055 17.03 0.015
0.672895136565694 17.054 0.011
0.6741037591349596 17.077 0.013
0.6749522469925978 17.06 0.017
0.6757766530426125 17.045 0.013
0.6774965164035166 17.041 0.014
0.6795552608072285 17.099 0.015
0.6807654180196551 17.09 0.014
0.6817320389135603 17.079 0.014
0.6836791535551129 17.09 0.014
0.6853512278402377 17.076 0.012
0.6861264667267278 17.053 0.014
0.6863899010894784 17.098 0.017
0.686872141639833 17.08 0.012
0.6868813017539651 17.099 0.016
0.687693847675655 17.052 0.016
0.6881038231535058 17.094 0.013
0.6881765663091756 17.08 0.013
0.6892763223144357 17.093 0.021
0.6911901051761561 17.104 0.013
0.6922841964837062 17.091 0.012
0.6934984146011175 17.092 0.014
0.6937768699921435 17.068 0.014
0.6954964869391006 17.111 0.017
0.6960005448894663 17.105 0.015
0.6961269397906108 17.099 0.014
0.6968581461761915 17.105 0.017
0.7002427367046039 17.113 0.017
0.7018970622151756 17.137 0.016
0.7026757663333228 17.079 0.017
0.705740063167832 17.136 0.02
0.7059148912593628 17.14 0.017
0.7060422216185543 17.135 0.02
0.7066737405065396 17.101 0.015
0.7094987297151875 17.108 0.018
0.7100459668480653 17.136 0.02
0.7102207931833618 17.181 0.017
0.7102222906177303 17.134 0.016
0.7118333902607447 17.165 0.017
0.7122657935568896 17.146 0.015
0.7128440920968387 17.133 0.012
0.7143447213838044 17.164 0.023
0.714413429610795 17.117 0.016
0.7150093575795836 17.122 0.016
0.7151722044399321 17.14 0.013
0.7153441570098039 17.121 0.017
0.7156981299875952 17.129 0.019
0.7162414704911498 17.118 0.014
0.7163484359547511 17.1 0.016
0.7179340065530596 17.139 0.013
0.7180248831959034 17.166 0.019
0.7181352264855377 17.136 0.012
0.7193186408407201 17.132 0.017
0.7211008958951425 17.127 0.016
0.7215749324976969 17.124 0.012
0.7227623315847268 17.199 0.014
0.7242265987696556 17.143 0.015
0.7257274839461388 17.137 0.018
0.7259789293579161 17.179 0.018
0.726192610360522 17.18 0.016
0.7267078376388781 17.206 0.019
0.7273308500042731 17.158 0.017
0.727372266385737 17.14 0.016
0.7276386506877316 17.158 0.013
0.7286635072445279 17.143 0.013
0.7292838550482884 17.149 0.015
0.7304467426855809 17.172 0.016
0.7306454847970599 17.161 0.017
0.7315674013424541 17.165 0.019
0.7329634194315077 17.125 0.013
0.7359100518364358 17.168 0.016
0.7370230850223379 17.167 0.017
0.7378472801118733 17.185 0.022
0.7409316799870794 17.174 0.013
0.7410346199989363 17.151 0.015
0.7410669211953064 17.177 0.016
0.742399117549121 17.167 0.014
0.7425647837702855 17.19 0.017
0.7429154126197318 17.142 0.017
0.7441076827580219 17.215 0.02
0.7457008226655489 17.187 0.016
0.7484441774830884 17.185 0.018
0.7486153648354957 17.204 0.028
0.7490127279565059 17.207 0.019
0.7494478123138834 17.195 0.018
0.7496649083504053 17.19 0.017
0.7506593476136004 17.207 0.017
0.7513238549862763 17.25 0.017
0.7530423981765125 17.21 0.016
0.7532239405017208 17.204 0.015
0.7551610676863675 17.195 0.017
0.7561049399309013 17.248 0.017
0.756902595403426 17.216 0.014
0.7570352748965888 17.203 0.017
0.7574345106881083 17.187 0.017
0.7577612349940864 17.226 0.016
0.7586002566507887 17.204 0.018
0.7593575358017915 17.209 0.014
0.7602246801592628 17.223 0.018
0.7612186413397467 17.213 0.018
0.7617726411471267 17.223 0.017
0.7618378858986944 17.241 0.014
0.7620803933899879 17.202 0.017
0.7628363393822838 17.24 0.019
0.7630272527825582 17.212 0.013
0.7630683743094778 17.232 0.015
0.7646995008193699 17.219 0.017
0.7647600440631322 17.235 0.016
0.7648061714284268 17.229 0.016
0.7657471155015628 17.196 0.014
0.7671280381445286 17.234 0.017
0.7673027823419943 17.231 0.021
0.7673038483784694 17.207 0.014
0.7675391712727105 17.225 0.014
0.7680592341502234 17.236 0.015
0.7686557950013594 17.27 0.028
0.7687741035450927 17.233 0.021
0.7713600971796041 17.208 0.021
0.7725427463173219 17.219 0.019
0.7740572389824593 17.211 0.014
0.774152994396809 17.324 0.02
0.7743694480749582 17.225 0.016
0.7744898869358622 17.256 0.019
0.7756440044394367 17.259 0.018
0.7759439858881706 17.218 0.019
0.7781050988509378 17.249 0.015
0.7794146953905511 17.234 0.019
0.7798886403792494 17.255 0.015
0.7802833371823908 17.268 0.018
0.7803427771813404 17.247 0.017
0.7821776084687372 17.257 0.016
0.7838947812914739 17.23 0.013
0.7841551758564492 17.252 0.014
0.785217890192962 17.268 0.019
0.7853861328734638 17.237 0.015
0.785415695091524 17.244 0.015
0.7855496965106795 17.25 0.017
0.7859710168248967 17.281 0.019
0.7877594820537525 17.229 0.015
0.7877704137485125 17.246 0.02
0.7904222667606519 17.242 0.014
0.7910554101503294 17.25 0.018
0.7912691715345318 17.242 0.016
0.7922772165292372 17.243 0.017
0.7959646001471811 17.264 0.016
0.7968874461852465 17.244 0.016
0.797361167224517 17.259 0.018
0.7982521529405858 17.217 0.021
0.7996750876385704 17.258 0.015
0.8015999517259843 17.249 0.016
0.802062374614161 17.271 0.018
0.8025552355042237 17.267 0.015
0.8027550850692023 17.277 0.015
0.8039893058329654 17.264 0.017
0.8052492069295113 17.282 0.018
0.8061862266412391 17.268 0.019
0.8070492219912012 17.255 0.018
0.8077383773569636 17.301 0.016
0.8079269322828623 17.301 0.016
0.8079965127825744 17.264 0.019
0.8081711653657294 17.266 0.015
0.8089074242747302 17.3 0.021
0.8092547988534534 17.274 0.016
0.8107999310044761 17.271 0.019
0.8112091353003962 17.263 0.015
0.8118714207422727 17.264 0.014
0.8124936229609375 17.285 0.022
0.8125153115378453 17.263 0.017
0.8139909625246219 17.279 0.017
0.8144334129509844 17.292 0.018
0.815452539171838 17.272 0.022
0.8160052879583418 17.313 0.014
0.8168618214530398 17.262 0.016
0.8176581048018307 17.312 0.021
0.8187684941352927 17.268 0.015
0.819938136727069 17.333 0.02
0.8202258698228434 17.27 0.017
0.8203336064683754 17.291 0.016
0.8224970814175322 17.251 0.016
0.8228096285378342 17.267 0.023
0.822905522252222 17.272 0.018
0.823437262029438 17.275 0.017
0.8243152843723692 17.297 0.017
0.8244670422867785 17.267 0.016
0.8249113766163646 17.31 0.013
0.8262985466425562 17.323 0.02
0.8286370062382048 17.257 0.018
0.8287909955605756 17.303 0.015
0.8287945896148813 17.279 0.022
0.8288866221527315 17.302 0.017
0.8303900371030523 17.291 0.016
0.8329577631592656 17.315 0.021
0.8354016577844959 17.327 0.023
0.8358580554826404 17.348 0.018
0.8365490982627307 17.291 0.017
0.8372993476167722 17.306 0.018
0.8389970987226661 17.313 0.022
0.8399573823750416 17.298 0.021
0.8404712877271777 17.309 0.025
0.8416460218071734 17.287 0.017
0.8427052821447433 17.294 0.013
0.8429855298249095 17.322 0.017
0.8433408247296029 17.313 0.021
0.8451526047928383 17.3 0.018
0.8462753505931687 17.278 0.024
0.8486065848723229 17.317 0.017
0.8493007029032015 17.329 0.017
0.8508184947676455 17.315 0.019
0.8510839418562682 17.302 0.018
0.8530974588997197 17.331 0.013
0.8536894902389577 17.322 0.019
0.8568605321010182 17.306 0.017
0.8570363423345043 17.33 0.012
0.8582328022011098 17.293 0.015
0.8595652916536892 17.323 0.018
0.8601386759691195 17.348 0.014
0.860703099899547 17.324 0.028
0.8620234828103094 17.384 0.017
0.8621037485903799 17.329 0.018
0.8623118600211456 17.303 0.014
0.862831618567634 17.324 0.017
0.8632934198057228 17.334 0.017
0.8638278129109495 17.293 0.02
0.864048639545581 17.259 0.024
0.8641621904202111 17.308 0.016
0.8641800757385681 17.304 0.014
0.8644782926302469 17.33 0.016
0.8656968387748748 17.295 0.014
0.8663386252304918 17.301 0.019
0.8666556664101336 17.34 0.02
0.8668645507781548 17.344 0.018
0.8672638799402194 17.317 0.014
0.8678820956710297 17.353 0.022
0.8687178293611396 17.349 0.019
0.8692491472160327 17.311 0.017
0.8732612406569388 17.334 0.017
0.8750336111010256 17.441 0.027
0.8770404830605912 17.356 0.019
0.8785094180565466 17.352 0.016
0.8806004559375197 17.315 0.015
0.8814732130398625 17.326 0.013
0.8821975374034082 17.336 0.019
0.8823289735959406 17.341 0.015
0.882390241336816 17.307 0.016
0.883625479696002 17.342 0.016
0.8837149877280354 17.348 0.02
0.8842783473777672 17.372 0.023
0.8854910775370627 17.327 0.02
0.8855354031369643 17.345 0.019
0.8861697993032976 17.344 0.02
0.8867939675627895 17.347 0.022
0.887017897180067 17.359 0.015
0.8871882217366874 17.355 0.019
0.8871949489588588 17.32 0.016
0.8881032969806256 17.377 0.017
0.889337541965142 17.345 0.024
0.8896415376338155 17.348 0.029
0.8903115661368247 17.324 0.016
0.890318199988451 17.333 0.021
0.8905225436132241 17.368 0.018
0.8912382249103757 17.381 0.025
0.8938142837368105 17.321 0.017
0.8941157980729258 17.321 0.028
0.8946810977871792 17.327 0.017
0.8950274063298821 17.329 0.021
0.8952194229749694 17.35 0.016
0.895762600958642 17.313 0.015
0.8963889012910841 17.347 0.021
0.8996939522925459 17.32 0.012
0.9006933057802599 17.384 0.017
0.9036686003991236 17.367 0.015
0.9038081306697677 17.358 0.02
0.9039301992997025 17.366 0.016
0.9040001118622968 17.386 0.019
0.9041434376717007 17.337 0.021
0.9048504801111449 17.349 0.015
0.9055873459264149 17.377 0.014
0.9062856519298294 17.34 0.017
0.908803953176539 17.313 0.016
0.909094214290144 17.325 0.018
0.9093459735094257 17.36 0.013
0.9099051823958689 17.337 0.017
0.9108502867087737 17.336 0.015
0.9116857255434297 17.32 0.018
0.9129023056470033 17.33 0.017
0.9133121056164782 17.373 0.017
0.9140550899918708 17.372 0.019
0.9156848963315497 17.384 0.018
0.9157773620235276 17.37 0.02
0.9171293104017423 17.366 0.018
0.9175655524099057 17.351 0.018
0.9184329544135835 17.336 0.018
0.9191889081256704 17.399 0.021
0.9219700385855504 17.404 0.019
0.9245235537599911 17.369 0.019
0.9246556340675852 17.37 0.014
0.9247255838385172 17.35 0.019
0.9257280238097337 17.369 0.013
0.9259842640994066 17.411 0.024
0.9268594109206788 17.362 0.016
0.927393850711178 17.36 0.015
0.9277240384930338 17.387 0.019
0.9277640767860703 17.373 0.023
0.9281166793965895 17.388 0.02
0.9284863978999965 17.381 0.019
0.9300542102472719 17.377 0.018
0.930565499479053 17.343 0.02
0.9308635408628106 17.368 0.016
0.9309513404995414 17.363 0.015
0.9310029068573386 17.386 0.016
0.9314919083270979 17.376 0.022
0.9345417383900895 17.374 0.015
0.934709243585894 17.404 0.015
0.9386791062906014 17.412 0.018
0.9393766877969029 17.436 0.019
0.9398466540182199 17.38 0.022
0.9417013366654828 17.358 0.015
0.9417641035955967 17.383 0.017
0.9428005177054729 17.411 0.017
0.9439904707868664 17.41 0.02
0.9445557705011197 17.401 0.016
0.9450404456992146 17.372 0.023
0.9460266248533117 17.392 0.016
0.9467785471496427 17.399 0.021
0.9472367803099587 17.417 0.021
0.9480749226703665 17.4 0.013
0.9481085103406258 17.4 0.013
0.9498326101137536 17.374 0.015
0.9501854721260315 17.368 0.02
0.9509904954237755 17.413 0.018
0.9512920901414873 17.385 0.022
0.9523290922046727 17.384 0.018
0.9525825054132838 17.342 0.027
0.9531079346214938 17.427 0.023
0.9532624202828629 17.361 0.024
0.9534766597502312 17.388 0.019
0.9536978616210036 17.396 0.019
0.9577163347797978 17.424 0.021
0.9603535697327971 17.397 0.015
0.9608822851527293 17.396 0.018
0.9617162283092512 17.406 0.019
0.9618686303387222 17.369 0.017
0.9620649378024609 17.395 0.013
0.9625678381024955 17.376 0.02
0.9628512077182677 17.402 0.015
0.9650813539477895 17.4 0.016
0.9659971891413989 17.423 0.022
0.966660492178471 17.422 0.02
0.966875026499929 17.405 0.018
0.9671744010423936 17.386 0.019
0.967516090215122 17.406 0.014
0.9677872806272717 17.415 0.029
0.9682378788405913 17.402 0.021
0.9693631680992439 17.391 0.017
0.9706681417568689 17.425 0.02
0.9710607809055546 17.427 0.022
0.9714323478596271 17.43 0.018
0.9716647934755201 17.432 0.02
0.9718679924375465 17.435 0.018
0.9719365813179138 17.421 0.024
0.9733530481952585 17.39 0.017
0.9737307224767392 17.421 0.016
0.9758300990923999 17.423 0.022
0.9767022605209604 17.407 0.016
0.9782580035352112 17.445 0.021
0.9786343464137645 17.379 0.022
0.9792833286986934 17.399 0.018
0.9800381170406581 17.387 0.022
0.9822069842974998 17.423 0.017
0.9831103973864629 17.421 0.019
0.9832338068953504 17.444 0.017
0.9832901137259796 17.39 0.014
0.9836237070648167 17.404 0.021
0.9854470387171205 17.418 0.018
0.9865095403369196 17.412 0.018
0.9869534095713789 17.404 0.019
0.9874504584335227 17.425 0.018
0.9876944166734575 17.435 0.037
0.9890921154250464 17.409 0.018
0.9891869708352715 17.432 0.019
0.989364020857829 17.426 0.021
0.9894743996000216 17.409 0.022
0.9902311185300278 17.397 0.017
0.9904637042017385 17.376 0.015
0.9906168774131402 17.42 0.018
0.9914055949647264 17.405 0.023
0.9915132459604138 17.392 0.014
0.992170488353986 17.445 0.016
0.9929921831580032 17.414 0.02
0.9934043935549198 17.447 0.017
0.9939604320651597 17.402 0.017
0.9947290016465559 17.416 0.019
0.9956722687415095 17.412 0.017
0.995801811554793 17.409 0.021
0.9975248210716018 17.405 0.015
0.9984224276512578 17.435 0.018
0.9992021978054254 17.403 0.023
0.999287900822219 17.471 0.017
