0.001893446814847266 15.373 0.006
0.00269728825992388 15.396 0.005
0.003581340561140678 15.414 0.006
0.004646879827532757 15.395 0.005
0.010222033344689407 15.395 0.006
0.012981412027556871 15.401 0.005
0.016431283926067408 15.405 0.006
0.020837523667069036 15.391 0.006
0.02181168942433942 15.435 0.006
0.022589539126329328 15.404 0.006
0.023748495221980193 15.431 0.006
0.02508938900632529 15.402 0.006
0.026505555629455557 15.387 0.006
0.028268005055338108 15.407 0.006
0.030152482294397487 15.406 0.006
0.03140109360401766 15.383 0.006
0.034294778561843486 15.402 0.006
0.03455964904446773 15.398 0.006
0.039291309168902444 15.388 0.006
0.04162373294343524 15.423 0.005
0.043153168155185995 15.397 0.006
0.04665582184225059 15.415 0.006
0.048417407860370076 15.423 0.006
0.05075576126591841 15.408 0.006
0.05109808212648659 15.429 0.006
0.051795835644952604 15.416 0.006
0.052054832078965774 15.388 0.005
0.05219779443370953 15.421 0.006
0.055094243879466376 15.42 0.005
0.05678887658632448 15.424 0.006
0.05779840632226296 15.432 0.006
0.05926820761601448 15.396 0.006
0.06187057010129138 15.406 0.006
0.06224751973832099 15.401 0.006
0.06394940222207879 15.446 0.006
0.06552707083324094 15.424 0.007
0.06651575168257295 15.429 0.007
0.06700596890573252 15.448 0.006
0.0678772274172843 15.422 0.006
0.06838928413822032 15.417 0.006
0.07238592217686346 15.454 0.006
0.0727974339811226 15.39 0.006
0.07448388288435126 15.417 0.006
0.07486439781837362 15.415 0.006
0.07735158111154306 15.451 0.006
0.07790413464272206 15.43 0.006
0.0779168718481742 15.451 0.006
0.07898386648344058 15.444 0.006
0.07923691975338443 15.424 0.006
0.08458361847283413 15.435 0.006
0.08643123231013305 15.428 0.006
0.08778360775772853 15.422 0.006
0.08820006610039854 15.443 0.005
0.08972904808274507 15.438 0.007
0.09011549164506505 15.466 0.006
0.09030667637193801 15.458 0.006
0.0920445804015344 15.434 0.006
0.0967653543320921 15.465 0.005
0.09780550283858247 15.459 0.006
0.09807676720902236 15.433 0.006
0.10611257790242234 15.475 0.006
0.10615638359945478 15.453 0.005
0.10629795919919616 15.423 0.006
0.10705904264364108 15.45 0.006
0.11036913136513249 15.452 0.006
0.11221449804702388 15.45 0.006
0.11405121817233521 15.45 0.006
0.11645099190354813 15.447 0.006
0.11780693365017214 15.454 0.007
0.11893039856408905 15.456 0.005
0.12031186629360491 15.468 0.006
0.12491891339345784 15.462 0.006
0.12537674248028452 15.451 0.005
0.12815794612515674 15.473 0.005
0.12816850077888375 15.453 0.006
0.1284665602070163 15.462 0.006
0.13113126501502848 15.46 0.006
0.13121273742808626 15.463 0.007
0.13198516981969988 15.482 0.006
0.13306806479818079 15.466 0.006
0.1336753773300643 15.463 0.005
0.13641324805553268 15.482 0.006
0.13764179875693117 15.483 0.006
0.1390029414478704 15.477 0.006
0.14002521440397686 15.452 0.006
0.14033157080461933 15.472 0.006
0.14082680518504276 15.485 0.006
0.1412569958547465 15.474 0.006
0.14194928049028022 15.471 0.006
0.145690939619044 15.482 0.006
0.14780116926544906 15.47 0.006
0.14846125907502028 15.461 0.006
0.15103625158326395 15.462 0.006
0.15179318629134286 15.48 0.006
0.1573565266053265 15.469 0.005
0.1608255346088754 15.487 0.006
0.16263818412016917 15.457 0.006
0.16349928161639582 15.476 0.006
0.16705207429345137 15.477 0.006
0.16978182030561584 15.482 0.006
0.1726777534215671 15.491 0.006
0.17332775383647459 15.482 0.006
0.17355673749489142 15.463 0.006
0.1757052323341668 15.478 0.006
0.17831848351943336 15.475 0.006
0.1794009127378331 15.485 0.006
0.18233780792297694 15.482 0.006
0.18268645355647095 15.465 0.006
0.18381578349726624 15.486 0.006
0.18675360719566925 15.483 0.006
0.18748284038633756 15.482 0.006
0.1885789242962801 15.495 0.006
0.1904688173424347 15.504 0.007
0.19082029908440745 15.495 0.006
0.19812556546321503 15.475 0.006
0.19966642174404114 15.476 0.006
0.20009654079308348 15.491 0.006
0.201808512671505 15.482 0.006
0.20188774193866266 15.482 0.006
0.20267885720545564 15.488 0.006
0.2034485155859329 15.489 0.006
0.2036288782212523 15.494 0.006
0.2042323705495619 15.475 0.006
0.20713562205628477 15.481 0.006
0.2080997009247767 15.483 0.006
0.20836958254994897 15.495 0.006
0.2088321653661751 15.476 0.006
0.21114446392857644 15.494 0.006
0.2176167985853681 15.489 0.006
0.2202232487115907 15.485 0.006
0.2216311083382152 15.482 0.006
0.2257955701300034 15.506 0.006
0.22677521379227983 15.486 0.006
0.22690220368122027 15.49 0.006
0.22767279408276409 15.496 0.006
0.23094923812300294 15.487 0.006
0.23392895390770718 15.478 0.006
0.23434812065511323 15.489 0.006
0.2362909211888109 15.496 0.007
0.23667691001787716 15.489 0.006
0.23844304993872356 15.488 0.006
0.23899560998620473 15.505 0.006
0.24292753084216656 15.496 0.005
0.24337090593257926 15.508 0.006
0.24411240605718376 15.499 0.007
0.2446191140809333 15.489 0.006
0.2447141800901136 15.5 0.007
0.2447310645284233 15.494 0.006
0.24622996562243316 15.491 0.006
0.2479528847900383 15.493 0.007
0.249366683069411 15.491 0.006
0.25012915377033096 15.503 0.006
0.2520245307357527 15.494 0.007
0.25233128678905814 15.466 0.006
0.2537137466331387 15.484 0.006
0.2544406600447928 15.488 0.006
0.2545394871674489 15.49 0.006
0.25560964494070504 15.488 0.006
0.2558677128615727 15.473 0.006
0.25593553359021826 15.481 0.006
0.2583552897926893 15.497 0.006
0.25862523953037453 15.498 0.006
0.2593129712654445 15.488 0.006
0.26014465245771135 15.473 0.006
0.26287723858877143 15.486 0.006
0.26462015726929167 15.488 0.006
0.26606805596520644 15.509 0.006
0.26737583443014046 15.481 0.006
0.26983201834696047 15.49 0.006
0.2699057722152247 15.481 0.005
0.2703076588816202 15.482 0.006
0.2714352079283344 15.468 0.007
0.27184032784998635 15.496 0.006
0.27372487320121763 15.487 0.006
0.27404020669609963 15.479 0.006
0.27544589379499484 15.485 0.006
0.27673770079672977 15.485 0.006
0.2778961275309939 15.479 0.006
0.2788288048641334 15.493 0.005
0.27929132407871293 15.495 0.006
0.27981657023224216 15.487 0.006
0.28151673191450755 15.477 0.006
0.282550879169321 15.478 0.005
0.28598748901208637 15.481 0.006
0.28712738112471925 15.473 0.006
0.2877091686764288 15.493 0.006
0.28966780194241437 15.483 0.006
0.29152860220506227 15.485 0.006
0.29182486820855047 15.466 0.006
0.2919323979708679 15.461 0.006
0.2922427849275664 15.477 0.006
0.29332660440923064 15.484 0.006
0.29550333664337813 15.476 0.006
0.298830378917728 15.483 0.006
0.30028599214870155 15.474 0.006
0.3052643882887196 15.493 0.006
0.3069117050827117 15.469 0.005
0.3074338572127999 15.483 0.005
0.30823367411653635 15.479 0.006
0.30926285879377247 15.473 0.006
0.30948082855411485 15.485 0.006
0.3108386122903539 15.468 0.006
0.3116169848383379 15.485 0.006
0.3118778948826275 15.472 0.006
0.3163696946780874 15.448 0.006
0.317533992453491 15.478 0.006
0.3197941072028243 15.489 0.006
0.3198195044788008 15.47 0.006
0.3212224165642965 15.446 0.006
0.32208179676763393 15.444 0.006
0.32338693644351224 15.449 0.006
0.32367047476554944 15.446 0.006
0.3250683025835315 15.455 0.005
0.32565457592590974 15.449 0.006
0.32579120348350443 15.446 0.006
0.3269851133791235 15.457 0.006
0.33048322118338547 15.47 0.006
0.3335816724345477 15.455 0.006
0.33406562447703436 15.452 0.006
0.33501374491470415 15.456 0.006
0.33629875937890574 15.468 0.006
0.336569568013374 15.444 0.006
0.3367112006985735 15.468 0.006
0.3381313322711321 15.454 0.006
0.33967580943044595 15.443 0.006
0.33974764718254846 15.45 0.006
0.3406677295499776 15.461 0.006
0.3410891384410206 15.458 0.006
0.34233820548638505 15.451 0.006
0.3449432813886233 15.451 0.006
0.34570885312996325 15.434 0.006
0.34580444549328604 15.465 0.006
0.34668434605055154 15.443 0.006
0.34689057122136546 15.433 0.006
0.34754650527702324 15.456 0.006
0.347983878614059 15.446 0.006
0.34865485461727985 15.421 0.007
0.34950467929866136 15.423 0.006
0.3496822689257897 15.438 0.006
0.35023483097791086 15.413 0.007
0.35106466065712993 15.408 0.005
0.35149616846604204 15.425 0.006
0.35797859151512057 15.402 0.006
0.35973463352047474 15.397 0.006
0.3599035154957164 15.427 0.006
0.36410538659060876 15.423 0.006
0.36478183548661036 15.436 0.006
0.36947609984076735 15.411 0.006
0.37012932398806697 15.424 0.006
0.3705349021515758 15.38 0.006
0.3718822699654538 15.385 0.006
0.3743971572821465 15.414 0.006
0.3744163599958483 15.411 0.006
0.3745774553140109 15.411 0.006
0.38039385290744576 15.401 0.006
0.3845634640715616 15.406 0.006
0.3853927673966382 15.402 0.006
0.3858151679007733 15.399 0.006
0.38607778671712367 15.414 0.005
0.3869691068393877 15.375 0.006
0.38705050763110194 15.417 0.006
0.3944751174767589 15.399 0.006
0.394527560206825 15.391 0.005
0.3967224364314461 15.406 0.007
0.3973059347601975 15.413 0.006
0.39733107612664753 15.409 0.006
0.3980680193412809 15.38 0.005
0.3992883241412528 15.372 0.006
0.4003543932708453 15.379 0.005
0.40082640390460256 15.392 0.006
0.4024577632696946 15.383 0.005
0.40311732572240544 15.377 0.005
0.4034369476876236 15.384 0.006
0.4035520697939319 15.364 0.006
0.4090438978817019 15.375 0.006
0.4092542041780689 15.358 0.006
0.4116739714074811 15.359 0.005
0.414992828875711 15.368 0.005
0.4154940054174858 15.371 0.006
0.41595776563895015 15.374 0.006
0.416550897626621 15.371 0.006
0.4187895735328766 15.374 0.006
0.4189474441166112 15.353 0.006
0.41929430935692835 15.353 0.005
0.4205078882280304 15.344 0.006
0.42103682587890034 15.362 0.005
0.42128395503118554 15.361 0.006
0.42565146231572726 15.372 0.006
0.4262232250764555 15.357 0.006
0.4265605237683303 15.349 0.006
0.4265878376620549 15.331 0.006
0.42774718238342757 15.344 0.006
0.4310691459043028 15.323 0.005
0.4321402306870823 15.326 0.006
0.4331884818527669 15.313 0.006
0.43574177108848744 15.353 0.006
0.43577534765722703 15.325 0.006
0.4409067169081027 15.331 0.005
0.44290599072792247 15.342 0.006
0.4439004830273916 15.325 0.006
0.44573628917521546 15.318 0.006
0.4474509684559962 15.326 0.005
0.44792581419642374 15.346 0.006
0.4505107623804179 15.345 0.006
0.4528112512482494 15.333 0.006
0.4532896622854423 15.316 0.006
0.4574925184779204 15.343 0.005
0.4578934791370557 15.33 0.007
0.4591961808534961 15.323 0.005
0.45952167235691377 15.317 0.006
0.45962003121303496 15.309 0.006
0.45991907122743214 15.312 0.005
0.46178033574688016 15.32 0.006
0.4640316807465297 15.315 0.005
0.4679986916278267 15.286 0.006
0.469747088213353 15.294 0.006
0.47092055288521806 15.3 0.005
0.47235663787660087 15.32 0.006
0.4737722806514739 15.297 0.006
0.47446146675292766 15.293 0.005
0.4761516096596097 15.307 0.005
0.47620622541830926 15.299 0.006
0.4767979110588385 15.294 0.005
0.47712393442975554 15.287 0.006
0.47990012793479764 15.315 0.006
0.4805559998926583 15.29 0.006
0.4827932189270996 15.3 0.006
0.48324847783896985 15.289 0.006
0.4841019259051791 15.302 0.006
0.484530268570893 15.3 0.006
0.48478965463277746 15.295 0.006
0.48714258773452457 15.3 0.005
0.48721582026064425 15.299 0.006
0.4882996277133316 15.318 0.006
0.48977497602686526 15.305 0.006
0.4922640088279877 15.279 0.006
0.4931301159626855 15.287 0.006
0.49317754654794044 15.326 0.006
0.49345284047171845 15.268 0.006
0.4984093976154327 15.282 0.006
0.5009680225166449 15.27 0.006
0.5027369369495318 15.297 0.006
0.5070521287068459 15.284 0.006
0.5070575374970758 15.269 0.005
0.5079479366243049 15.284 0.006
0.5111105090877572 15.294 0.006
0.5122749405823015 15.297 0.006
0.5152969405874046 15.283 0.006
0.5161249192551622 15.292 0.006
0.5166784719183397 15.241 0.006
0.5170639944858522 15.273 0.006
0.5189025055299226 15.289 0.006
0.5200828348615687 15.259 0.005
0.523394306327873 15.261 0.006
0.523830823274011 15.26 0.006
0.5255828407382523 15.281 0.006
0.52643728292378 15.273 0.006
0.5267931888602106 15.252 0.005
0.5305467232899446 15.277 0.005
0.5315431867863936 15.265 0.006
0.5318407769461828 15.27 0.006
0.5330511856618614 15.273 0.006
0.5335605414963993 15.261 0.006
0.5341745834659832 15.254 0.005
0.5354841438274889 15.242 0.006
0.5359038454500933 15.251 0.006
0.53898362986547 15.248 0.005
0.5405562738010303 15.259 0.006
0.5482162601897471 15.266 0.006
0.5518441303902364 15.274 0.006
0.5551664835390966 15.249 0.005
0.5558170113110918 15.263 0.006
0.5566868805613012 15.235 0.005
0.5574847848572517 15.252 0.005
0.5604258443172512 15.236 0.006
0.5610648844112802 15.229 0.005
0.5616311021572074 15.249 0.006
0.561873735494828 15.25 0.006
0.5631410176506506 15.228 0.005
0.5649208057470787 15.26 0.006
0.565224924013819 15.245 0.005
0.5652249300287622 15.249 0.005
0.5678226760121561 15.243 0.006
0.5681849808479456 15.241 0.005
0.5692419446779695 15.246 0.006
0.5699351538166866 15.22 0.006
0.5727923569818358 15.208 0.005
0.5732344209479834 15.223 0.006
0.5738916781572243 15.234 0.005
0.5766537567239993 15.242 0.005
0.5797268152105062 15.238 0.006
0.5800444539488581 15.228 0.005
0.5812916764989495 15.235 0.006
0.5818256338125138 15.234 0.006
0.5826381087822483 15.221 0.006
0.5839549985616941 15.232 0.006
0.583987718238177 15.226 0.006
0.5845189746655706 15.242 0.005
0.5853410171866926 15.224 0.006
0.5864613104413365 15.246 0.006
0.5881722967212681 15.227 0.005
0.5899466790351653 15.238 0.006
0.5905219970684357 15.235 0.006
0.5916868201961734 15.223 0.005
0.5924774697023167 15.228 0.005
0.5943578608034841 15.228 0.006
0.6015680681903177 15.241 0.005
0.603351955456219 15.222 0.005
0.6044799632459217 15.246 0.005
0.6049847015760861 15.222 0.006
0.6058168359977572 15.225 0.006
0.6065432951775165 15.244 0.005
0.6073194240782414 15.239 0.005
0.608443222537403 15.211 0.006
0.6092302321185343 15.234 0.006
0.6103846318051183 15.225 0.006
0.6118963306985279 15.228 0.006
0.6131785746601963 15.223 0.006
0.6140189004038348 15.226 0.006
0.6186467943855405 15.211 0.006
0.6187710137719478 15.223 0.006
0.6212964617570833 15.223 0.006
0.6259944140999778 15.221 0.006
0.6260262798916756 15.214 0.006
0.6272316714507724 15.216 0.005
0.628482054131382 15.226 0.006
0.6328987148071974 15.23 0.006
0.6331569239650889 15.221 0.006
0.6349233944237085 15.191 0.006
0.6421541827583042 15.21 0.006
0.6422306355082128 15.228 0.006
0.6427386045877483 15.213 0.006
0.6464073652366551 15.209 0.006
0.650186825802848 15.219 0.006
0.6566205081446697 15.21 0.005
0.6570834820927303 15.208 0.006
0.6600299418219038 15.217 0.006
0.6601131275178886 15.205 0.005
0.6632439814413829 15.206 0.006
0.6634993509817377 15.203 0.005
0.6646286138125106 15.215 0.006
0.6652235928015671 15.208 0.005
0.6694769165171692 15.193 0.006
0.6720117948259485 15.212 0.005
0.672759750935711 15.213 0.006
0.6742418286869452 15.201 0.006
0.674579986275603 15.197 0.005
0.6779043191427263 15.219 0.005
0.6780949725032315 15.216 0.005
0.6787959698026498 15.207 0.006
0.6872484456825987 15.215 0.005
0.6884700711300411 15.207 0.005
0.6964445967205393 15.212 0.005
0.6974837516088428 15.217 0.006
0.6995994581577634 15.218 0.006
0.7010724271008257 15.219 0.006
0.7037794857455992 15.204 0.006
0.7041094680512288 15.203 0.006
0.7060049081169382 15.211 0.006
0.7067395450856111 15.215 0.005
0.7083236686794407 15.214 0.006
0.7092926980960783 15.225 0.006
0.7132874831183926 15.192 0.006
0.7149161330760307 15.214 0.005
0.7150049339045381 15.223 0.006
0.7159607608573424 15.224 0.005
0.7182062999199843 15.216 0.006
0.720056152893676 15.237 0.005
0.7231942601026731 15.255 0.006
0.7236489235452837 15.204 0.006
0.72365347444088 15.233 0.005
0.725838382960319 15.216 0.006
0.7271852184051113 15.206 0.005
0.7274730391820867 15.225 0.005
0.727503919375522 15.205 0.006
0.7280187395817848 15.241 0.005
0.7287630051969245 15.197 0.005
0.7328341858833483 15.21 0.006
0.7334682874588907 15.228 0.006
0.7432029477085962 15.232 0.005
0.7433577132419487 15.223 0.006
0.744121510103696 15.225 0.006
0.744146574837032 15.212 0.005
0.7449190157492467 15.252 0.005
0.7477962755131102 15.225 0.005
0.7484181066456586 15.232 0.006
0.7509708004120057 15.225 0.005
0.7516358367599878 15.236 0.006
0.7529180857336542 15.232 0.006
0.7539299958428956 15.225 0.005
0.7549154454416112 15.229 0.006
0.7549577987770135 15.224 0.006
0.7558772846732609 15.222 0.006
0.7561330428393376 15.24 0.005
0.7576416371839514 15.239 0.005
0.7585865804489913 15.222 0.006
0.7600272874560687 15.217 0.006
0.7602275769811513 15.243 0.006
0.7625093268904948 15.19 0.006
0.7656128694261497 15.199 0.005
0.7671035847118901 15.205 0.005
0.7694478071541653 15.205 0.005
0.7700655456330878 15.236 0.005
0.770719637197999 15.217 0.006
0.7741244508649743 15.221 0.005
0.7764217816067003 15.206 0.006
0.7771682888640044 15.256 0.006
0.7774919393799564 15.261 0.006
0.7775551956801792 15.224 0.006
0.7783185353025601 15.234 0.005
0.7862070410933484 15.233 0.006
0.7876699782284504 15.214 0.006
0.7890451156717972 15.247 0.006
0.7892781203629511 15.244 0.006
0.789496604949818 15.248 0.005
0.7912163074021237 15.227 0.005
0.7924116731678623 15.241 0.006
0.7938278417957463 15.214 0.006
0.7940189498897325 15.247 0.006
0.7945292302272264 15.258 0.006
0.7946043633321551 15.218 0.006
0.79502947224114 15.266 0.006
0.7953221158625183 15.238 0.005
0.7962493849070142 15.249 0.005
0.7965215762867501 15.249 0.006
0.796974061187484 15.257 0.005
0.7980696798385907 15.253 0.005
0.7998166876641335 15.221 0.006
0.8007438845863817 15.232 0.005
0.8038564592970943 15.232 0.006
0.810154972456985 15.286 0.005
0.8117094093020114 15.266 0.005
0.8123061696865079 15.236 0.006
0.8130850079946867 15.237 0.006
0.8154565408226517 15.24 0.006
0.8163823600116302 15.267 0.006
0.8181717226766523 15.266 0.005
0.8214281742207277 15.267 0.006
0.8225119841793003 15.243 0.006
0.8267366117568145 15.244 0.005
0.8283761469056117 15.272 0.005
0.828694784775962 15.25 0.006
0.8326485992076869 15.268 0.005
0.8376552918332436 15.284 0.006
0.8380084317777801 15.288 0.006
0.8426522220929655 15.257 0.006
0.8438995723470271 15.285 0.005
0.8492142740619784 15.262 0.006
0.8503031727982489 15.289 0.006
0.8508084274585599 15.277 0.005
0.8512927175568166 15.252 0.005
0.8540347400264636 15.301 0.006
0.8546820280269003 15.273 0.006
0.8547043938785919 15.289 0.006
0.8549565296625588 15.268 0.006
0.8557107594742774 15.285 0.006
0.8585361028622174 15.298 0.005
0.8621147500550705 15.25 0.006
0.862396579103347 15.283 0.006
0.863596425647529 15.263 0.006
0.8637830524617129 15.275 0.006
0.8663936022592225 15.276 0.006
0.8686640768476082 15.294 0.005
0.8696996629303158 15.274 0.006
0.8721225922952272 15.264 0.005
0.8727061637484894 15.258 0.005
0.8747886252690478 15.285 0.006
0.8762543293983072 15.306 0.005
0.8800479119199736 15.28 0.006
0.8810697792087012 15.279 0.006
0.8819656502262205 15.306 0.006
0.882016574988711 15.284 0.006
0.8840089891607477 15.283 0.005
0.8851838345726719 15.258 0.006
0.9002596535387966 15.29 0.005
0.9006311342930076 15.292 0.006
0.902239275926263 15.298 0.006
0.9053059345105794 15.309 0.006
0.9054743557378515 15.314 0.006
0.9073092313678899 15.324 0.006
0.9082268662523347 15.294 0.006
0.9096356473744436 15.318 0.006
0.9110795881381364 15.336 0.006
0.9112743962500645 15.279 0.006
0.9151206819219624 15.312 0.006
0.917317000483763 15.29 0.006
0.9174963069021942 15.324 0.006
0.9176925017688973 15.319 0.005
0.9201336362193615 15.321 0.006
0.9222890012323433 15.284 0.006
0.9245090007793806 15.332 0.006
0.926792208563711 15.342 0.006
0.9268404349456887 15.297 0.006
0.9270812227853185 15.332 0.006
0.9273239252377152 15.318 0.006
0.9277112266945551 15.298 0.006
0.9282947981478173 15.306 0.006
0.9294691888264879 15.296 0.006
0.9301665482057615 15.32 0.005
0.9312244400473446 15.294 0.005
0.9319390214200212 15.332 0.005
0.9391542424550607 15.35 0.006
0.9423146423914659 15.343 0.006
0.9425791182338799 15.307 0.006
0.9516811287685414 15.287 0.006
0.9517751996559127 15.299 0.006
0.9520301765605836 15.348 0.005
0.9522127082154839 15.318 0.006
0.9539797716370231 15.343 0.005
0.9557199854214105 15.349 0.005
0.9560017413450623 15.33 0.006
0.9576490666597692 15.327 0.006
0.9595981378878378 15.357 0.005
0.9596464253652357 15.357 0.006
0.9597657578046892 15.338 0.005
0.9597688623539398 15.326 0.006
0.9632578603470847 15.364 0.006
0.9638364106335757 15.362 0.005
0.9652480313732212 15.337 0.006
0.9687570794490057 15.347 0.006
0.9709396852310874 15.374 0.006
0.9720320726312366 15.347 0.006
0.9734159142180943 15.359 0.005
0.9744437887734421 15.377 0.006
0.9744495871914296 15.364 0.006
0.976648615661361 15.35 0.006
0.9774961987004644 15.373 0.006
0.9779873429333747 15.368 0.005
0.9780533076384472 15.389 0.006
0.979847281793127 15.366 0.005
0.9805654960737229 15.394 0.006
0.9827759380939369 15.376 0.005
0.9845352163623602 15.391 0.006
0.9863615130468588 15.372 0.005
0.9869236411466318 15.367 0.006
0.9874298213123893 15.363 0.006
0.9877876423627185 15.374 0.006
0.988834905424028 15.345 0.006
0.9893825905537597 15.369 0.006
0.9912784863552133 15.397 0.006
0.9913243964670073 15.365 0.006
0.9921655816085604 15.403 0.006
0.9922311551820258 15.401 0.005
0.992827910554297 15.384 0.006
0.9934492133277217 15.375 0.006
0.9936112381615203 15.357 0.006
0.9944365094270324 15.369 0.006
0.9955681591469556 15.399 0.006
0.9975728342383263 15.371 0.007
0.9979806640683364 15.407 0.005
