0.0011094661300831143 16.005 0.009
0.00181364968457276 16.012 0.006
0.002310093622918452 16.014 0.01
0.0024337705380276242 16.019 0.006
0.002897337388867549 16.008 0.008
0.003863633470155059 16.022 0.01
0.005263063364873255 16.046 0.008
0.006411755953786291 16.022 0.008
0.010918616435810713 16.025 0.008
0.014762988761185647 16.005 0.008
0.016528924168051184 16.015 0.007
0.016941638448906837 16.012 0.008
0.018516287583702273 16.018 0.008
0.021361427316060166 16.032 0.009
0.02508124865644279 16.013 0.007
0.027942663292628844 16.021 0.008
0.028825538922683358 16.019 0.007
0.029002452978056703 16.024 0.009
0.02912580871250159 16.025 0.009
0.030598288785904537 16.034 0.007
0.03113104678018308 16.012 0.007
0.03220708758876745 16.031 0.009
0.03322506286067428 16.024 0.007
0.04035934548542164 16.037 0.007
0.040770585077461785 16.026 0.007
0.045023069120497805 16.043 0.01
0.04625214370289532 16.041 0.008
0.04670355638577339 16.058 0.009
0.04725495007360214 16.041 0.007
0.047815661467802695 16.048 0.009
0.05048751435938348 16.043 0.01
0.052253277369709306 16.06 0.01
0.053387437263518134 16.06 0.006
0.05374055776987907 16.025 0.007
0.055143567261461524 16.05 0.008
0.05571024881023723 16.048 0.009
0.05584826823032918 16.027 0.008
0.056008241239533074 16.045 0.008
0.056975958517023084 16.052 0.006
0.05808671973240953 16.059 0.008
0.06056667392649606 16.068 0.007
0.06115158085199246 16.044 0.008
0.06118992847327709 16.063 0.007
0.06186218040854774 16.053 0.008
0.06410436627893423 16.043 0.007
0.06433931017172645 16.042 0.007
0.06483418429834265 16.048 0.007
0.06537393502073874 16.064 0.008
0.0664735470164941 16.055 0.008
0.06770912086190028 16.066 0.009
0.06976207187531136 16.055 0.006
0.07073766199428055 16.064 0.008
0.0725342802768636 16.064 0.007
0.07273295185668749 16.075 0.008
0.0733979553498556 16.047 0.008
0.07382121823106891 16.058 0.009
0.07401193359626168 16.06 0.008
0.0772294122981747 16.05 0.007
0.07747383454388901 16.069 0.008
0.07748849806105218 16.077 0.009
0.08225240486594876 16.054 0.008
0.08456067773036002 16.059 0.006
0.08820884020783515 16.078 0.008
0.08874146732377985 16.077 0.009
0.09036545293329246 16.057 0.009
0.09067676506915623 16.073 0.008
0.0911151613767287 16.064 0.009
0.0930937361944415 16.061 0.008
0.09335727573661634 16.074 0.007
0.09395358765098072 16.092 0.009
0.09397042758691887 16.065 0.008
0.09754426741724265 16.058 0.006
0.10590069725153617 16.081 0.007
0.10680298147840395 16.067 0.008
0.10959999190540648 16.09 0.008
0.11000390566973683 16.088 0.01
0.11007616498332018 16.079 0.008
0.11045531835284228 16.072 0.008
0.11228976102361221 16.075 0.008
0.11240510123175218 16.077 0.008
0.11318973213442396 16.079 0.006
0.1138859120250344 16.089 0.009
0.1141203861210669 16.076 0.008
0.11453754819367523 16.081 0.007
0.11504529007984265 16.102 0.008
0.11652217631458361 16.074 0.008
0.11728250475666746 16.081 0.011
0.1177684178884646 16.08 0.009
0.11868028750986914 16.087 0.008
0.11933946358944914 16.095 0.009
0.12032480562461378 16.09 0.009
0.12053005379666493 16.096 0.007
0.12679881215435662 16.098 0.008
0.12905588748767505 16.11 0.007
0.12970284991947656 16.104 0.007
0.13265364928647605 16.1 0.007
0.13373354918578562 16.109 0.008
0.13514496678308197 16.103 0.009
0.13589444323749822 16.114 0.009
0.1373292892814333 16.099 0.007
0.13816364901404077 16.114 0.008
0.1407796959919323 16.093 0.007
0.14256228103217827 16.11 0.008
0.14559611442646192 16.094 0.007
0.15144390516925332 16.102 0.009
0.15262508825380783 16.12 0.008
0.15366456533606643 16.105 0.01
0.1545509670703722 16.11 0.007
0.15460545289809025 16.136 0.009
0.1563118481912169 16.102 0.007
0.1576118085082725 16.121 0.008
0.15902885129812594 16.111 0.008
0.1595259909228388 16.144 0.008
0.16019960457426796 16.121 0.009
0.16168948346003154 16.13 0.01
0.16259626913952152 16.107 0.01
0.1630719248031709 16.138 0.009
0.16782132856851595 16.12 0.008
0.16924946714143507 16.105 0.008
0.16990122814549968 16.136 0.008
0.17437137024230642 16.14 0.009
0.17526098893054032 16.141 0.007
0.1757642948870397 16.142 0.01
0.17680283243205386 16.142 0.01
0.17936606444882264 16.139 0.007
0.17996096714150545 16.132 0.009
0.18020166106239222 16.126 0.008
0.18080683297343958 16.14 0.008
0.18425827434421072 16.135 0.006
0.18475802442858358 16.128 0.007
0.18851946971190037 16.144 0.007
0.1892113028649418 16.141 0.007
0.19538015161620015 16.151 0.008
0.1967006028643481 16.161 0.009
0.20032513484252368 16.162 0.009
0.20087808043685973 16.137 0.009
0.20107311875860878 16.148 0.008
0.2016575024505527 16.137 0.008
0.20188826607161436 16.152 0.008
0.2024231350173067 16.129 0.008
0.20258183550222375 16.152 0.008
0.20318222070332004 16.149 0.009
0.2051642859816183 16.139 0.008
0.2073133111789729 16.148 0.009
0.20922540054825722 16.142 0.008
0.21335857825047233 16.165 0.007
0.21443327524834777 16.146 0.008
0.2147411979214211 16.15 0.008
0.2154990646321493 16.155 0.009
0.21580626783829748 16.153 0.008
0.21747181802325022 16.15 0.008
0.2186480657818719 16.162 0.007
0.22335328265003218 16.156 0.007
0.22633229113014286 16.171 0.009
0.22845360672285997 16.169 0.008
0.22918716492918056 16.157 0.009
0.2295723953826836 16.178 0.008
0.23062921778446244 16.161 0.007
0.23117451648263332 16.152 0.008
0.23154511318684845 16.148 0.008
0.23165173009581386 16.16 0.01
0.2336492438820641 16.146 0.008
0.23507161452109804 16.169 0.009
0.2363297843172858 16.156 0.007
0.23640338749728462 16.191 0.01
0.24027433382516383 16.158 0.008
0.24236237980667275 16.159 0.008
0.2428738797854293 16.151 0.008
0.2430654157277785 16.166 0.008
0.2432354974770532 16.158 0.009
0.24462468193464693 16.158 0.008
0.2474516497270769 16.167 0.01
0.2481204113131752 16.157 0.009
0.2482905167873013 16.185 0.008
0.24971531955852688 16.153 0.009
0.25096886306678234 16.156 0.007
0.25522831029425097 16.176 0.008
0.2593549648409179 16.164 0.01
0.2607709611083009 16.185 0.009
0.26081514800571304 16.176 0.007
0.26115368221226154 16.182 0.009
0.2623754607351656 16.166 0.007
0.2625693097933435 16.167 0.01
0.26338907740696405 16.168 0.008
0.26581110281804277 16.184 0.008
0.26710832784024197 16.183 0.01
0.26735021701178985 16.181 0.008
0.2693276204155608 16.174 0.01
0.2697297977903417 16.17 0.007
0.27036157929037463 16.189 0.009
0.2781957998987763 16.188 0.007
0.2788518899029895 16.17 0.008
0.279489248978416 16.189 0.008
0.2796017469060188 16.168 0.008
0.28179455472754844 16.187 0.01
0.2842724098328744 16.172 0.008
0.28539076445147193 16.187 0.01
0.29030866829193647 16.182 0.009
0.2906142956988105 16.189 0.009
0.293284459874394 16.184 0.008
0.294329139970523 16.208 0.008
0.29521265768178173 16.207 0.009
0.2961833124749318 16.191 0.008
0.2984603315567482 16.199 0.009
0.2995117309862052 16.191 0.009
0.29961431042024733 16.185 0.01
0.29974089513952995 16.183 0.009
0.30243731812370234 16.169 0.008
0.30282777531547245 16.208 0.01
0.3028979653080568 16.198 0.008
0.3068183788206169 16.197 0.008
0.30983204833992195 16.198 0.009
0.31184246552893446 16.184 0.006
0.3121383886372313 16.207 0.007
0.31258081648857106 16.208 0.008
0.3187065606206487 16.205 0.007
0.3190488529200137 16.216 0.008
0.31956789868481783 16.211 0.01
0.3206242751827175 16.209 0.008
0.32308461850302583 16.201 0.01
0.32455064676300927 16.219 0.01
0.3253876050929647 16.206 0.009
0.3256990361889165 16.187 0.009
0.3268525154877806 16.223 0.01
0.32733967137564823 16.223 0.008
0.32918782616402487 16.22 0.009
0.33242914351685604 16.204 0.008
0.33457777630328556 16.21 0.008
0.3349487772806241 16.222 0.008
0.3358012494171816 16.233 0.011
0.33661873362702854 16.211 0.007
0.3372505567573625 16.229 0.009
0.3374848941563413 16.241 0.009
0.33832094266088 16.222 0.009
0.3384382510794466 16.226 0.009
0.34130783601326575 16.219 0.008
0.3419012282618268 16.238 0.009
0.34337519488658463 16.256 0.011
0.3443956320021697 16.234 0.008
0.345342144756978 16.217 0.01
0.3478707514899724 16.241 0.008
0.35081677600910544 16.239 0.009
0.35102575838154726 16.226 0.007
0.35129296094933116 16.229 0.007
0.3534874812677571 16.22 0.009
0.35426822924264334 16.231 0.008
0.3578295165072176 16.229 0.008
0.3583515948543208 16.245 0.012
0.36333197632407055 16.237 0.009
0.3656267154548458 16.241 0.007
0.3673316716462067 16.245 0.008
0.3687373808458232 16.251 0.008
0.3708893019283095 16.267 0.008
0.37479721631134444 16.247 0.007
0.37575893372231794 16.26 0.008
0.3762355884593034 16.244 0.009
0.37647192965541754 16.255 0.008
0.3769826091132926 16.253 0.009
0.3779170746296585 16.261 0.008
0.37862157337749514 16.259 0.007
0.3790729860603732 16.252 0.009
0.3801299928333264 16.251 0.008
0.3833355728563901 16.274 0.009
0.38372008384308165 16.264 0.007
0.3847931634669748 16.247 0.008
0.38726739130188426 16.258 0.01
0.38991358001649123 16.282 0.01
0.39003048416170705 16.267 0.009
0.3920653167839645 16.274 0.009
0.3951697445003446 16.256 0.01
0.3954673147506127 16.271 0.01
0.3963474847975248 16.271 0.01
0.3974354538846909 16.267 0.008
0.39822817171207125 16.287 0.01
0.3999999999999999 16.294 0.008
0.40023347519118024 16.259 0.01
0.4055699859130981 16.266 0.01
0.40828345687284573 16.275 0.009
0.4083676088215724 16.269 0.01
0.40881975288984895 16.285 0.009
0.4109063777872506 16.267 0.007
0.41101430291998886 16.273 0.008
0.4149658988166265 16.274 0.009
0.41522528791110735 16.27 0.009
0.4169502533742615 16.283 0.012
0.41704657739674067 16.272 0.009
0.4207323977967916 16.264 0.008
0.42226174815632467 16.266 0.008
0.42388958692563383 16.272 0.01
0.42415163997261507 16.288 0.008
0.429525386438081 16.276 0.01
0.43000831443637244 16.291 0.009
0.4315622051202809 16.273 0.009
0.43310173561817467 16.285 0.009
0.43524901855041664 16.276 0.009
0.43592586113040854 16.28 0.01
0.43718535694338245 16.276 0.009
0.43843573111566914 16.27 0.01
0.44004874577753983 16.276 0.008
0.4403341142421141 16.28 0.01
0.4403933035752289 16.271 0.009
0.4414059272170562 16.275 0.01
0.44207115066856206 16.258 0.009
0.4426837257366515 16.292 0.009
0.4431860683752348 16.272 0.01
0.443489216256603 16.268 0.009
0.4440329451425896 16.278 0.009
0.44471865946925393 16.274 0.009
0.44934892330322784 16.251 0.01
0.452601051013653 16.284 0.009
0.4526729356533906 16.259 0.008
0.4535056721369074 16.262 0.007
0.4539745312498781 16.282 0.008
0.45526705864167527 16.262 0.009
0.4558984774988858 16.274 0.007
0.4565433229921837 16.27 0.01
0.46012069497023733 16.264 0.009
0.4617137598403588 16.261 0.01
0.46393703046705925 16.269 0.007
0.4641840513103489 16.264 0.009
0.4643090779672093 16.245 0.008
0.4643477526446077 16.237 0.008
0.464515414292373 16.278 0.014
0.4659782851346336 16.245 0.009
0.46803106369511627 16.224 0.008
0.468971725311485 16.213 0.013
0.4691303723598367 16.223 0.008
0.46931411872142237 16.246 0.009
0.47431112005644993 16.23 0.01
0.47528787565820496 16.235 0.01
0.4782140157407412 16.216 0.009
0.4789002772496588 16.256 0.01
0.478922795870767 16.257 0.009
0.48027753930355177 16.235 0.007
0.48052385254245567 16.266 0.007
0.48104267834869463 16.258 0.009
0.48207110127887065 16.259 0.01
0.48473603261609244 16.186 0.008
0.48597274821931935 16.245 0.006
0.48668598800363727 16.259 0.009
0.4883100686802436 16.188 0.009
0.49010577131857647 16.239 0.008
0.49094645198615583 16.226 0.008
0.4920657817850952 16.17 0.009
0.49236322720039427 16.232 0.008
0.492590030563656 16.145 0.008
0.4930455997377067 16.179 0.009
0.4975093793251745 16.167 0.007
0.49974880600759664 16.093 0.008
0.5016864882112714 16.118 0.009
0.5033127809495227 16.087 0.009
0.5050353144489691 16.11 0.008
0.5077843740104072 16.129 0.008
0.5083187731594535 16.159 0.009
0.5090239734684247 16.042 0.009
0.5102513950338562 16.147 0.009
0.5152514408699972 16.092 0.008
0.5167766823557486 16.088 0.007
0.5176427001444154 16.005 0.006
0.5199378139490364 16.12 0.007
0.5206740955879013 16.106 0.008
0.5221356284385138 15.922 0.009
0.5238826666194655 16.005 0.007
0.5263008091023039 15.949 0.007
0.5285210233654652 15.952 0.007
0.5288872376330801 16.056 0.009
0.5334871337289769 15.898 0.007
0.5351794957797665 16.027 0.008
0.5372945260241068 15.828 0.007
0.5374103181233295 15.722 0.008
0.5377032027739915 15.998 0.008
0.538417560423477 15.934 0.007
0.5402395990879768 15.748 0.006
0.5452917582680584 15.825 0.008
0.5453843539093214 15.815 0.006
0.5474552270242384 15.662 0.006
0.5478761709147421 15.66 0.006
0.5488992719830549 15.888 0.007
0.5565318597711212 15.754 0.007
0.5577553328851309 15.566 0.007
0.5586285695718743 15.767 0.008
0.5587114548713089 15.603 0.006
0.560578970807137 15.56 0.006
0.562673010780054 15.734 0.006
0.5636277650627562 15.607 0.006
0.5641435700926195 15.515 0.006
0.5652557525601424 15.717 0.006
0.5660157955209343 15.542 0.008
0.5723130010241221 15.606 0.006
0.5723142199996346 15.584 0.005
0.5746649612775855 15.537 0.006
0.5757110149524124 15.521 0.005
0.576177436114358 15.608 0.007
0.5788026164836083 15.498 0.006
0.5789668233700468 15.535 0.005
0.58086201931078 15.541 0.007
0.586666741020872 15.497 0.005
0.5894719573324437 15.512 0.006
0.5914023672015901 15.509 0.006
0.5922772449865988 15.511 0.006
0.5928639476695935 15.506 0.007
0.5937735042872646 15.496 0.007
0.5941059316418432 15.512 0.007
0.5941766211994036 15.516 0.006
0.5980640565136582 15.491 0.005
0.5982217105321525 15.509 0.005
0.6001551411215132 15.501 0.006
0.6047387087086463 15.519 0.006
0.6048861588638147 15.508 0.006
0.6054124710880388 15.508 0.007
0.6054505867768057 15.505 0.006
0.6054804193071505 15.493 0.006
0.6057164871087025 15.501 0.006
0.6089114827758749 15.515 0.006
0.6098492842621909 15.505 0.006
0.6124567209139059 15.511 0.006
0.6141304116282754 15.504 0.006
0.6152143490591243 15.53 0.007
0.616580218042509 15.523 0.007
0.6198835195595166 15.512 0.006
0.620601938464597 15.537 0.006
0.6206605094411316 15.531 0.006
0.6240959731961994 15.503 0.005
0.6246013008559658 15.528 0.007
0.6251872305794223 15.52 0.006
0.6252361804619341 15.523 0.006
0.6263937449097284 15.523 0.005
0.6273501165660719 15.548 0.006
0.6307588754965764 15.535 0.006
0.6310224210821161 15.535 0.005
0.6318691491216214 15.54 0.006
0.6342407678104337 15.568 0.007
0.6350004064977611 15.552 0.005
0.6355398540576062 15.536 0.005
0.6370041995886823 15.538 0.006
0.6386701421844464 15.561 0.006
0.6399027310084421 15.56 0.007
0.6413320350640334 15.544 0.006
0.6422155290505543 15.534 0.005
0.6425843061041633 15.559 0.005
0.6439791989590958 15.564 0.005
0.6445539971445214 15.566 0.006
0.6453721473284532 15.577 0.007
0.6524233008587089 15.59 0.007
0.6559566702543634 15.58 0.006
0.6575128206178761 15.562 0.006
0.6576450898411622 15.589 0.006
0.6621350747442648 15.627 0.008
0.6639158403023885 15.593 0.007
0.6655520990397236 15.584 0.008
0.6679226770807191 15.616 0.007
0.6680140300217318 15.578 0.005
0.6685945010180149 15.587 0.006
0.669365752733961 15.624 0.007
0.6695223720920694 15.613 0.006
0.6698003910047646 15.586 0.006
0.6707859589852433 15.603 0.006
0.6740358686467062 15.626 0.006
0.6756247652189359 15.593 0.006
0.6767290330464221 15.615 0.006
0.677147889766411 15.631 0.007
0.6782812588509387 15.596 0.005
0.6792654056356696 15.627 0.006
0.6792728444356954 15.621 0.01
0.6824528911603466 15.633 0.006
0.684082275961282 15.645 0.006
0.6856687286516717 15.614 0.006
0.6877429316929465 15.625 0.005
0.6880486364858825 15.618 0.007
0.6881432003373448 15.627 0.005
0.6904006680814746 15.632 0.005
0.691033412899651 15.658 0.007
0.6915740318171629 15.659 0.007
0.6920585772453706 15.653 0.007
0.6935254797434937 15.623 0.006
0.6938972715303408 15.654 0.006
0.6978487663167471 15.637 0.006
0.7003387697149265 15.655 0.006
0.700394177230146 15.676 0.006
0.7013090140791519 15.666 0.007
0.7044154041310776 15.667 0.005
0.7047201872359438 15.65 0.006
0.7059955477483527 15.657 0.007
0.7064065672701872 15.66 0.007
0.7069250362523235 15.682 0.006
0.7094662253195111 15.687 0.006
0.7107294375394076 15.675 0.007
0.713047373128029 15.715 0.009
0.7131447675098116 15.66 0.006
0.7143534283785812 15.699 0.007
0.7156811638236832 15.7 0.007
0.7175238123790223 15.691 0.007
0.7198459044590436 15.694 0.006
0.7209463429072912 15.709 0.007
0.7214217786685367 15.678 0.007
0.7229161529077374 15.725 0.008
0.7240135349922184 15.691 0.005
0.7254166396070559 15.71 0.007
0.7254424048943747 15.722 0.007
0.7303884762738108 15.722 0.008
0.7323807156474459 15.726 0.007
0.736880850921034 15.718 0.007
0.740940603771287 15.737 0.008
0.7414996205742682 15.738 0.006
0.7429610999320403 15.742 0.006
0.7449442296391681 15.744 0.007
0.745458262692091 15.75 0.008
0.7469730862877896 15.746 0.008
0.7477030946094146 15.739 0.008
0.7494068794427676 15.736 0.007
0.7572815824045392 15.745 0.006
0.7583337310692514 15.72 0.007
0.7598703061454671 15.752 0.006
0.7611364082632918 15.763 0.006
0.7628273074314166 15.763 0.006
0.7668210625353368 15.747 0.007
0.767730732069731 15.759 0.008
0.7706753472552009 15.743 0.006
0.7725464369126712 15.781 0.007
0.7728482587771396 15.764 0.006
0.7733753439610155 15.783 0.007
0.7735150401223564 15.779 0.008
0.7742997781228041 15.763 0.007
0.7746337634273687 15.772 0.007
0.7765084982051121 15.767 0.005
0.7825623040920618 15.797 0.008
0.7828045381696939 15.797 0.007
0.7833892429304342 15.773 0.006
0.7836093270726906 15.781 0.007
0.7845261439942078 15.805 0.007
0.7865355087850731 15.797 0.008
0.7879896385908524 15.787 0.007
0.788469230675014 15.8 0.007
0.7888506793109628 15.795 0.01
0.7906974308649751 15.772 0.007
0.7922700702148632 15.788 0.006
0.7926132842018433 15.781 0.007
0.7927334587376663 15.789 0.009
0.7942748324426475 15.822 0.007
0.7955009457845336 15.81 0.008
0.7956399998648976 15.786 0.006
0.8039240632317842 15.832 0.007
0.8045505526385114 15.799 0.008
0.8046369938098451 15.833 0.008
0.8072337509827548 15.812 0.006
0.8076323487606715 15.818 0.006
0.8106083187828063 15.813 0.006
0.8119939234753929 15.839 0.007
0.8145292555288052 15.821 0.007
0.8148168835046136 15.836 0.008
0.8149188148140866 15.837 0.007
0.8173574423527953 15.815 0.007
0.8194434666314919 15.821 0.007
0.8199038225715413 15.819 0.006
0.8214680895715901 15.836 0.007
0.8223778660912103 15.836 0.007
0.8231032065507634 15.852 0.007
0.8247011771467442 15.855 0.007
0.8281320978745953 15.847 0.006
0.8289109192693559 15.846 0.008
0.8298430955627737 15.844 0.007
0.8305254681003135 15.851 0.008
0.8322452544427051 15.855 0.006
0.8348408461326017 15.882 0.008
0.835071657371509 15.867 0.007
0.8351635751761478 15.828 0.007
0.8369310269023572 15.864 0.006
0.8375611077680333 15.858 0.007
0.837975861601899 15.842 0.006
0.839168045345923 15.863 0.007
0.8403456190655106 15.878 0.007
0.8437611686719265 15.892 0.006
0.8446466784863788 15.863 0.007
0.8449033322857759 15.858 0.008
0.8457918210780463 15.88 0.007
0.8461265497425302 15.831 0.007
0.8468936985722394 15.877 0.006
0.8472847801640683 15.885 0.01
0.8510955797159113 15.881 0.007
0.8517388733027019 15.859 0.007
0.8577099960552005 15.852 0.007
0.8587427538040174 15.884 0.006
0.8626122431799331 15.898 0.007
0.8649452050971377 15.891 0.007
0.8663835356147956 15.873 0.007
0.8666582304757867 15.889 0.008
0.8671024956589918 15.895 0.007
0.8672041296805674 15.895 0.007
0.8694360105775104 15.907 0.007
0.8704549551543096 15.894 0.008
0.87180529242587 15.891 0.008
0.872668848482499 15.883 0.008
0.8726725054651979 15.885 0.007
0.8732681632679032 15.905 0.008
0.8782997125009843 15.918 0.008
0.8797695999641292 15.912 0.007
0.8825629178214968 15.899 0.008
0.883145987246644 15.924 0.007
0.8848563368104806 15.926 0.007
0.8870720438018452 15.91 0.006
0.8881901546252721 15.915 0.008
0.8893370098261585 15.926 0.007
0.8893544562560237 15.926 0.008
0.8905827874783881 15.944 0.008
0.8938029300765266 15.933 0.007
0.893916997816541 15.911 0.007
0.8945139994297279 15.928 0.008
0.894632526823807 15.936 0.008
0.8961910259460183 15.935 0.007
0.8966231964415329 15.931 0.007
0.8972186342859004 15.913 0.007
0.8994554267839249 15.921 0.008
0.900186011887763 15.918 0.008
0.9009790924705158 15.92 0.008
0.9022636043361217 15.925 0.006
0.9024656414293531 15.938 0.008
0.9032385879612775 15.929 0.008
0.9042745328958063 15.945 0.007
0.9047630088697588 15.916 0.007
0.9062148255592547 15.918 0.007
0.9071417095907691 15.913 0.006
0.9123661862505742 15.956 0.008
0.9128247880636536 15.928 0.008
0.9131920785656803 15.931 0.008
0.9136934876543364 15.934 0.006
0.914064286410985 15.945 0.009
0.9149775000111277 15.93 0.006
0.9163739091294701 15.941 0.006
0.9164730040338555 15.962 0.008
0.9169829163507984 15.948 0.007
0.917320195938737 15.965 0.007
0.919476267525306 15.949 0.008
0.9225296166704539 15.967 0.01
0.9253529275364599 15.943 0.006
0.9267475051978181 15.946 0.008
0.9287827006311545 15.95 0.006
0.9292509472626534 15.958 0.006
0.9304773460300112 15.952 0.007
0.9307475870558847 15.96 0.008
0.9310112991068081 15.97 0.008
0.9346843528577665 15.96 0.006
0.9360340657291545 15.973 0.009
0.9379871071922935 15.971 0.007
0.9394047029838021 15.973 0.007
0.9398056910948981 15.973 0.007
0.9402437365095239 15.986 0.01
0.942499289648049 15.959 0.008
0.943224005763932 15.959 0.007
0.9439550129908639 15.975 0.009
0.9443956807275754 15.972 0.008
0.9447227148779348 15.968 0.007
0.9466449425869087 15.974 0.007
0.9467020864921324 15.955 0.006
0.9516579216500759 15.99 0.008
0.951919326572488 15.966 0.006
0.9531176766487534 15.979 0.008
0.9551576172176738 15.971 0.008
0.955371867958911 15.985 0.008
0.9563802102744831 15.996 0.009
0.9579912032330867 15.994 0.007
0.9583439788340457 15.981 0.009
0.9605473889165751 15.985 0.008
0.9628678337989186 15.999 0.01
0.9633821701831039 15.975 0.006
0.9647348027205226 15.972 0.006
0.9649684741451893 15.987 0.008
0.9689191779541716 15.994 0.008
0.9700225003693049 15.991 0.009
0.9712997933929955 16.011 0.007
0.9720247711534512 16.011 0.01
0.9760201316564917 15.995 0.008
0.9792076766615537 16.005 0.008
0.9799631469951692 16.005 0.007
0.9807183973706742 15.99 0.007
0.9810998697313608 16.01 0.008
0.9823558275219512 15.995 0.01
0.9863407760662085 16.017 0.007
0.9907048184997166 15.994 0.007
0.9931265703476356 16.024 0.007
0.9934436444861149 16.01 0.007
0.9952238689051228 16.009 0.009
0.9978771277336819 16.01 0.009
0.9981615803858631 16.013 0.009
