0.00041002375226062426 14.999 0.005
0.0010494612903584333 15.003 0.005
0.01035037982742315 15.036 0.005
0.01666101714172319 15.017 0.006
0.035429635880882326 15.06 0.006
0.036967476835252366 15.05 0.005
0.037783551257029924 15.03 0.005
0.03860756575229507 15.033 0.005
0.03878294883193112 15.039 0.006
0.039291335037341835 15.042 0.006
0.03963083322005323 15.053 0.005
0.04150824501984962 15.049 0.005
0.04245610667035171 15.036 0.005
0.04782055867954105 15.06 0.006
0.05806944587347962 15.052 0.006
0.06401063105354288 15.055 0.006
0.06552148642915645 15.047 0.005
0.06567932257180464 15.063 0.006
0.06581182847721712 15.07 0.005
0.06619294226995853 15.063 0.006
0.07103378359183798 15.061 0.005
0.07332439248684741 15.066 0.005
0.07498936629999653 15.092 0.006
0.07671511201922376 15.06 0.005
0.07869061062765459 15.068 0.006
0.08029796256530508 15.064 0.006
0.08072313098582518 15.059 0.005
0.08400060990268221 15.064 0.006
0.09036398737057416 15.07 0.006
0.0919552546077056 15.083 0.006
0.10122447217318031 15.089 0.006
0.11938713968575021 15.084 0.006
0.12177118679087462 15.103 0.007
0.12204890383568445 15.091 0.006
0.12595441862767975 15.089 0.006
0.12606164396700015 15.088 0.006
0.1266857212530339 15.099 0.006
0.13176650594007233 15.098 0.006
0.1368974178662028 15.111 0.006
0.1439754570320928 15.125 0.005
0.14553597897829595 15.128 0.006
0.14903808888382164 15.101 0.006
0.1494467004875104 15.122 0.006
0.15020764172154477 15.108 0.005
0.15128090065845745 15.114 0.006
0.15666624075165592 15.127 0.005
0.15796937940162925 15.106 0.006
0.16207244026113576 15.122 0.006
0.16261041918792207 15.134 0.006
0.17352632006943614 15.133 0.006
0.17916756589411298 15.121 0.006
0.1809241334473426 15.145 0.006
0.18491395936703148 15.136 0.006
0.18693362916521883 15.127 0.006
0.19029350784821863 15.124 0.006
0.19872135131404312 15.13 0.007
0.2023225477044206 15.14 0.006
0.20500783962827418 15.127 0.006
0.21341446623139293 15.14 0.006
0.21927448643386926 15.158 0.006
0.21941492664111595 15.141 0.006
0.22210404148008822 15.146 0.006
0.222961393177593 15.141 0.006
0.23013761092638563 15.154 0.006
0.23551746141097285 15.156 0.006
0.23583081890492397 15.155 0.006
0.24600682340965252 15.163 0.005
0.2485252247708104 15.146 0.006
0.25391707136841435 15.168 0.006
0.25444724021954246 15.166 0.005
0.25546886956524306 15.155 0.006
0.2647011143463033 15.163 0.006
0.2662849002864732 15.16 0.006
0.26925212017604283 15.166 0.005
0.26953121534702407 15.175 0.005
0.2755714430162698 15.181 0.005
0.27770156463056994 15.181 0.006
0.28026487307774917 15.167 0.006
0.2820125486604411 15.182 0.006
0.2831055946745892 15.178 0.006
0.28878793810567915 15.181 0.006
0.29209536151452087 15.181 0.006
0.2932966038767063 15.181 0.006
0.29626860803809907 15.189 0.006
0.2995968028729067 15.174 0.005
0.2996046282763928 15.191 0.006
0.30498813913075085 15.187 0.006
0.30862260394010266 15.172 0.006
0.31087309200861457 15.191 0.006
0.31955841811295616 15.198 0.006
0.32172850576776 15.202 0.005
0.3289187495417082 15.19 0.006
0.3317179855258928 15.209 0.006
0.33231596801092567 15.203 0.006
0.3345738532661017 15.225 0.005
0.3346350972882647 15.188 0.006
0.33892583357205697 15.194 0.005
0.34356612213437077 15.207 0.006
0.34964878731309457 15.203 0.006
0.3536463430778213 15.217 0.007
0.36014797406769505 15.207 0.007
0.3604317140526746 15.207 0.006
0.3630706289898399 15.186 0.006
0.3632157445705616 15.194 0.007
0.36419425784574744 15.199 0.006
0.3813910103110857 15.214 0.006
0.38291075198130786 15.218 0.006
0.3861348065077209 15.206 0.005
0.39478580528978 15.211 0.006
0.3974795419511793 15.218 0.006
0.3986223939937418 15.225 0.006
0.4 15.236 0.006
0.40251677090295745 15.212 0.006
0.40905794936784334 15.214 0.006
0.41825754695619255 15.227 0.005
0.42932445636076866 15.223 0.006
0.43484318159325996 15.213 0.006
0.4363873493832898 15.219 0.006
0.4460251666243039 15.231 0.005
0.4491839688681921 15.23 0.006
0.4554052890104231 15.219 0.007
0.4658698751071825 15.224 0.006
0.4681798085186074 15.224 0.007
0.4729682671333194 15.226 0.006
0.48526071511778357 15.221 0.006
0.48706498990841285 15.215 0.006
0.48904286253505236 15.224 0.005
0.4929136352237947 15.226 0.006
0.49349177897206575 15.215 0.006
0.49578197885730335 15.219 0.006
0.4981028685905585 15.22 0.005
0.4998936334683549 15.211 0.006
0.5002503535927417 15.223 0.007
0.5002553787488978 15.218 0.007
0.5031596075000607 15.218 0.006
0.5190258343906408 15.199 0.006
0.5212925733927932 15.218 0.006
0.5346361803373384 15.209 0.006
0.5355455419679856 15.205 0.006
0.5486536228170508 15.197 0.006
0.5504126809504669 15.193 0.006
0.5507542931555008 15.192 0.005
0.5561176212626379 15.183 0.007
0.5583827948057888 15.189 0.006
0.5677502998524006 15.179 0.006
0.5688300634016287 15.188 0.006
0.5694219980628304 15.189 0.006
0.570110371950841 15.178 0.007
0.5718222063150279 15.186 0.006
0.5783914311542958 15.193 0.006
0.5795697287450366 15.187 0.006
0.5835897189412208 15.183 0.006
0.586009832821128 15.175 0.007
0.5876915354564517 15.158 0.006
0.597978691341973 15.166 0.006
0.5995038767338429 15.179 0.006
0.6035660979945533 15.163 0.007
0.6090971748947368 15.153 0.006
0.6126334687849294 15.143 0.006
0.6156864219236923 15.151 0.005
0.6238381271436083 15.155 0.006
0.6247548229495351 15.136 0.006
0.6323392184089244 15.146 0.005
0.6326755551137012 15.138 0.005
0.634812542570694 15.141 0.006
0.6372320046649748 15.149 0.006
0.6442160436212362 15.131 0.006
0.6475843153825963 15.129 0.006
0.6479649246074587 15.135 0.006
0.6624527407168671 15.136 0.005
0.6633393047938171 15.112 0.006
0.6653928756851656 15.115 0.006
0.6677600047431952 15.101 0.006
0.6729034231224432 15.115 0.005
0.6751578104571309 15.111 0.006
0.6777598119332652 15.102 0.006
0.679867610002384 15.111 0.006
0.6828280442799951 15.114 0.005
0.6860445773937954 15.103 0.006
0.6899485535024269 15.097 0.006
0.6902937362905505 15.101 0.006
0.6942284041391759 15.118 0.007
0.6989660952730447 15.125 0.005
0.7021672509155451 15.106 0.005
0.7022544655128741 15.095 0.006
0.7032602663699891 15.097 0.006
0.7047426778100544 15.115 0.006
0.7049024750814624 15.087 0.005
0.7122477279748637 15.102 0.006
0.7180600293958378 15.105 0.006
0.7181150919085667 15.086 0.007
0.7200721070109012 15.073 0.006
0.7219241541340807 15.1 0.007
0.7233389087135947 15.085 0.005
0.7256757894807834 15.086 0.006
0.7280055252973853 15.09 0.006
0.7287507392775524 15.059 0.005
0.7313934904698499 15.087 0.005
0.7316053722292054 15.079 0.006
0.7316404622232767 15.075 0.006
0.7369179251913011 15.068 0.006
0.7379401662073178 15.071 0.006
0.739691429496952 15.073 0.006
0.7404483930303286 15.079 0.006
0.7472895030909058 15.073 0.005
0.7481633083827092 15.075 0.006
0.7497504297938576 15.066 0.005
0.7504066228333613 15.072 0.006
0.751442320307342 15.059 0.006
0.7530947226685157 15.056 0.006
0.7536045386592832 15.052 0.005
0.7571163337669532 15.063 0.005
0.763465813219591 15.032 0.005
0.7695897002311313 15.025 0.005
0.7706905926525224 15.05 0.006
0.7810375150919754 15.044 0.005
0.7958025131184968 15.007 0.005
0.8026403890384245 15.027 0.005
0.8060014891699666 14.994 0.005
0.8082600472142986 15.015 0.006
0.811337906252811 15.001 0.005
0.8113418762897253 14.992 0.005
0.8130476380427125 15.016 0.005
0.8287399116390133 15.006 0.006
0.8327953530594185 14.979 0.005
0.8335618699049063 14.986 0.006
0.8348640700939085 14.972 0.006
0.8381144258660469 14.964 0.005
0.8388231583864125 14.977 0.005
0.8409532800007127 14.964 0.005
0.8416736263041229 14.976 0.006
0.8422409150611201 14.988 0.006
0.8429835237908718 14.967 0.006
0.85005138841816 14.985 0.005
0.8619159327337456 14.975 0.006
0.8677616172439229 14.973 0.005
0.8709110018494584 14.967 0.005
0.8741864202952683 14.961 0.006
0.8754310750552121 14.954 0.005
0.8792642996205813 14.975 0.006
0.8797693064558643 14.967 0.006
0.8845019972209456 14.954 0.005
0.8908724679800115 14.963 0.006
0.8909237783483603 14.974 0.005
0.8918153809210252 14.977 0.006
0.9036792524472275 14.968 0.006
0.9045345952366914 14.96 0.005
0.9048938499370478 14.95 0.005
0.905660844670956 14.971 0.005
0.9057498120604577 14.973 0.006
0.9101236437950546 14.953 0.006
0.9105201751747471 14.961 0.005
0.9107106699581435 14.962 0.005
0.9131390105872241 14.955 0.005
0.9244615467117909 14.959 0.006
0.9295415419514028 14.96 0.005
0.9333791647708494 14.973 0.005
0.9389325805438147 14.964 0.006
0.9542296970065762 14.977 0.005
0.9543854974655459 14.98 0.006
0.9613611758906244 15.023 0.005
0.9669911156110174 14.996 0.006
0.9702716929947655 14.989 0.006
0.9713707810609775 14.985 0.005
0.9726830831251845 14.989 0.005
0.9738981393915309 14.991 0.005
0.977865576767408 14.994 0.006
0.9779402906835002 15.006 0.005
0.9792398530743411 14.995 0.005
0.9810949278936731 15.022 0.005
0.9888689713538041 14.996 0.006
0.9908701844214192 15.009 0.005
0.9947708728383531 15.014 0.005
0.999188655978196 15.019 0.006
0.9996842566228223 15.026 0.006
