0.001550004462387733 17.189 0.014
0.0020807489750040986 17.171 0.018
0.004152972212068562 17.218 0.018
0.004997324266241776 17.192 0.013
0.005270332338113803 17.199 0.024
0.005331937570190348 17.19 0.017
0.005467427672556369 17.212 0.018
0.005615630007582695 17.232 0.014
0.005664210182203533 17.233 0.018
0.00586459750911672 17.214 0.017
0.0066744318603468855 17.196 0.017
0.0075368874613559456 17.216 0.018
0.008513347172538488 17.2 0.024
0.009248705814570712 17.185 0.023
0.011609899207542185 17.191 0.018
0.012734200115573913 17.208 0.016
0.013280685496738442 17.25 0.033
0.015217358168683859 17.175 0.019
0.01566673749130132 17.18 0.012
0.017499413467589875 17.175 0.014
0.018247406714067438 17.196 0.022
0.018746015679880657 17.228 0.016
0.02017911449274834 17.183 0.017
0.020436434829662176 17.209 0.016
0.02080299178032874 17.187 0.017
0.021398317026978475 17.221 0.017
0.02303474569021091 17.203 0.017
0.0235959833198649 17.214 0.019
0.02360482005042286 17.231 0.019
0.025055957607946766 17.227 0.018
0.026799254034358455 17.243 0.018
0.027994503462764442 17.2 0.013
0.028620397623058125 17.176 0.014
0.028862044882316695 17.218 0.012
0.029059803186441968 17.233 0.018
0.030510042577589047 17.196 0.017
0.031068163624695444 17.206 0.018
0.0315046376583723 17.249 0.017
0.03194641506070184 17.241 0.016
0.03326728709998861 17.216 0.013
0.034084288945336993 17.203 0.017
0.03580793418962003 17.222 0.014
0.036600866149456124 17.208 0.018
0.037129990894300136 17.246 0.026
0.037320796747735585 17.225 0.013
0.03820226871994237 17.212 0.013
0.03883710771060578 17.22 0.014
0.04006612942293941 17.201 0.014
0.04105788342747019 17.227 0.017
0.04322425004602337 17.243 0.016
0.04446159460303534 17.219 0.012
0.04609973830747549 17.214 0.014
0.04639944895188819 17.179 0.016
0.04866454872490067 17.241 0.017
0.05086175677342908 17.218 0.016
0.05206534187135503 17.221 0.016
0.05578226348256976 17.273 0.016
0.056761098696824774 17.223 0.013
0.05828084774725539 17.228 0.017
0.06040606253372971 17.209 0.016
0.06059397899707619 17.24 0.017
0.060960168156498185 17.228 0.014
0.061687786787842924 17.216 0.018
0.0617890518585682 17.232 0.011
0.06445937362786935 17.234 0.022
0.06474749691835768 17.273 0.018
0.06557048641320762 17.237 0.013
0.06629404747945955 17.252 0.018
0.06668057576621322 17.228 0.017
0.06693782647926128 17.263 0.012
0.06722090908078826 17.235 0.017
0.06857195109500935 17.235 0.02
0.06878537379679983 17.24 0.02
0.06897845621472243 17.229 0.016
0.06908568993685549 17.253 0.014
0.07050417391656083 17.264 0.022
0.07084392135129747 17.22 0.023
0.07244013116087444 17.26 0.017
0.07277438949881798 17.235 0.022
0.07313416873239476 17.243 0.013
0.07354467828338329 17.258 0.016
0.07424314487570882 17.236 0.019
0.07530439985976045 17.259 0.021
0.07710529593043702 17.24 0.016
0.07728127489599501 17.21 0.014
0.07876720334888887 17.237 0.017
0.07913849115152516 17.21 0.014
0.07917078976379344 17.239 0.014
0.07917945725648678 17.247 0.018
0.08257589283800826 17.254 0.017
0.08398173671668019 17.245 0.016
0.08484235750802327 17.244 0.017
0.08943971001315276 17.266 0.012
0.0897457504470367 17.203 0.016
0.09106355354140305 17.234 0.016
0.09144061944743953 17.209 0.013
0.09182453452604022 17.254 0.014
0.09266735176970542 17.229 0.014
0.09288323927171405 17.227 0.016
0.09355717291316523 17.233 0.019
0.09529000252473452 17.216 0.014
0.09696518851933433 17.251 0.019
0.09752900271359977 17.223 0.018
0.09805966959811485 17.239 0.016
0.1005016996368795 17.249 0.023
0.100737203509766 17.218 0.017
0.10118102710066523 17.262 0.02
0.10125911862019166 17.266 0.023
0.10165036676630734 17.231 0.019
0.10204595232289648 17.26 0.017
0.10260169535922614 17.236 0.016
0.10690389150636292 17.239 0.018
0.10696789056328271 17.219 0.019
0.10754816172993742 17.27 0.016
0.1076936065942391 17.256 0.014
0.1077604547322153 17.227 0.017
0.10807360402986887 17.251 0.017
0.1081510992148651 17.222 0.016
0.10831841319486557 17.248 0.016
0.11013797433588479 17.241 0.014
0.11037472150474059 17.238 0.016
0.11303982669392099 17.229 0.014
0.11572498383657148 17.289 0.027
0.11758367376432943 17.216 0.013
0.11776035234333904 17.261 0.017
0.11829499800842314 17.214 0.017
0.11983674259693089 17.225 0.013
0.12016268107936412 17.241 0.014
0.12365601066539966 17.275 0.019
0.12407381480784352 17.268 0.019
0.1244061643724308 17.246 0.013
0.12478819517173179 17.274 0.014
0.12702896787550344 17.26 0.017
0.1295028309536974 17.253 0.019
0.1302506256470224 17.23 0.013
0.13064203020576315 17.278 0.014
0.132371151721145 17.235 0.021
0.13326275936196907 17.287 0.014
0.1343407065151041 17.24 0.012
0.13450127826627067 17.254 0.014
0.1350752830944657 17.248 0.014
0.13663605871215623 17.3 0.02
0.13730675899159905 17.266 0.012
0.13736056375046246 17.261 0.019
0.1373979671784582 17.287 0.017
0.13765527652140008 17.237 0.016
0.137863983704392 17.267 0.014
0.1394549854194338 17.257 0.017
0.14146881113538257 17.286 0.019
0.14258023124921237 17.216 0.017
0.143890125095254 17.311 0.022
0.14536625751225074 17.24 0.02
0.14562563937079176 17.237 0.013
0.14585443148644117 17.268 0.018
0.14640683855759562 17.258 0.016
0.14682506362532877 17.298 0.024
0.14770640300321247 17.23 0.013
0.14912051109604363 17.225 0.013
0.14964373314865043 17.223 0.024
0.15030301531237455 17.275 0.013
0.15051034708585576 17.269 0.014
0.15072019862554953 17.297 0.016
0.15292957204064805 17.248 0.017
0.1530358936142875 17.245 0.017
0.15735913766366139 17.291 0.018
0.15815355679615095 17.272 0.013
0.16124627363797117 17.271 0.013
0.16161187379100284 17.282 0.017
0.16181489264806714 17.276 0.02
0.16292030977911054 17.301 0.024
0.16597923533890935 17.256 0.024
0.16733422431025247 17.261 0.014
0.1681416311812427 17.293 0.013
0.17176473390509273 17.263 0.016
0.17328884717289839 17.237 0.014
0.1744238599299024 17.304 0.02
0.17621220567798446 17.32 0.021
0.17661356384132887 17.257 0.016
0.17772054210877286 17.241 0.016
0.17784237417527038 17.262 0.016
0.17820871357434953 17.3 0.018
0.1801716788872909 17.272 0.011
0.18020105214191062 17.31 0.018
0.1802451000171459 17.239 0.026
0.18114354034014468 17.29 0.017
0.18153741085507136 17.274 0.013
0.18164627167334402 17.261 0.017
0.1823503917794369 17.251 0.014
0.1824043950914529 17.269 0.016
0.1825023491715001 17.269 0.014
0.18287168123970332 17.249 0.02
0.18440941040375947 17.29 0.019
0.1847155577806916 17.295 0.017
0.18510294141833583 17.249 0.017
0.1853912064634642 17.257 0.019
0.18629635237175535 17.27 0.017
0.189372012917147 17.296 0.017
0.1906228536014396 17.294 0.017
0.1917917419218611 17.28 0.019
0.19285000124864382 17.264 0.013
0.193161428176154 17.3 0.017
0.19344588367857796 17.278 0.012
0.19497582336316555 17.285 0.021
0.19741066025744658 17.293 0.017
0.1988436557917339 17.278 0.018
0.2004139176085573 17.3 0.016
0.2007982462828295 17.261 0.017
0.20202253714296603 17.283 0.017
0.20221638812199672 17.27 0.014
0.2023066505053066 17.277 0.014
0.20309276877992488 17.288 0.017
0.20460554638111716 17.271 0.014
0.20547995230617744 17.289 0.016
0.20551565168580055 17.257 0.016
0.20622524439886547 17.277 0.014
0.20643895610737673 17.324 0.013
0.20726564820142812 17.281 0.013
0.2073282603756752 17.345 0.019
0.20934077914989757 17.269 0.019
0.21003128953248051 17.275 0.014
0.21084153747960954 17.246 0.016
0.21442134440030713 17.279 0.016
0.21541646918149127 17.294 0.022
0.21579747654823223 17.254 0.018
0.21778335022418105 17.313 0.021
0.21835040510904946 17.258 0.017
0.21860256749596374 17.308 0.017
0.219040594661692 17.279 0.017
0.22124249325452183 17.303 0.016
0.22253588798776036 17.299 0.014
0.22396470618787134 17.298 0.017
0.22396652450834154 17.255 0.013
0.22441564963583005 17.315 0.02
0.2244448053402266 17.327 0.018
0.2252492220500244 17.302 0.017
0.22553097639911357 17.298 0.022
0.22672923430945957 17.3 0.013
0.22724086833250112 17.296 0.018
0.22922382147135067 17.306 0.018
0.22938639177436926 17.282 0.02
0.2304975705187644 17.307 0.016
0.230957838256586 17.268 0.016
0.2329983244047753 17.293 0.018
0.23371046552347252 17.317 0.018
0.2338734860659315 17.3 0.017
0.23451058879572884 17.272 0.014
0.23529783860249154 17.255 0.016
0.23603700611192835 17.296 0.022
0.23723481860270113 17.309 0.014
0.23885020486068242 17.316 0.019
0.24020681842011982 17.334 0.014
0.24024181336540096 17.274 0.016
0.24060606443583765 17.294 0.016
0.24101103657744716 17.275 0.016
0.24158697148959618 17.31 0.018
0.24162340529528592 17.298 0.014
0.24251907050074806 17.309 0.012
0.24356399011276153 17.304 0.016
0.24382417235574394 17.273 0.016
0.244955100064999 17.328 0.018
0.2451516968468468 17.295 0.018
0.2471794029713692 17.282 0.018
0.2476343911589538 17.343 0.017
0.24778492068480773 17.302 0.017
0.24830044486725455 17.269 0.014
0.2484222054777092 17.323 0.02
0.24909192514132883 17.289 0.017
0.2517067032918021 17.301 0.016
0.2530490100218685 17.294 0.018
0.2541503952384119 17.307 0.023
0.25429955437061835 17.307 0.018
0.25440825877626594 17.301 0.018
0.25508549723554097 17.297 0.016
0.255622056494758 17.284 0.016
0.25783064235065467 17.303 0.017
0.2581020917937167 17.288 0.014
0.25867477936185423 17.273 0.013
0.2589206522676477 17.286 0.017
0.2612074194212255 17.307 0.014
0.26175851588595833 17.314 0.017
0.2628203855265383 17.309 0.012
0.26399025697082834 17.296 0.017
0.26568457727353234 17.32 0.019
0.26569327041681845 17.331 0.017
0.26575443572619406 17.282 0.016
0.26610976028837285 17.349 0.017
0.2662108682707185 17.298 0.013
0.26631598618132557 17.298 0.013
0.26760098960266987 17.315 0.012
0.2686947259376211 17.313 0.021
0.26903273933339733 17.314 0.014
0.2691201606398863 17.277 0.02
0.27066272210254283 17.267 0.024
0.27236283333377287 17.333 0.02
0.2727278902857506 17.284 0.016
0.2743550496243188 17.351 0.018
0.27448283520402583 17.264 0.016
0.27478660707811287 17.333 0.013
0.2757676767166686 17.315 0.014
0.27598074628485847 17.287 0.016
0.2761129022549085 17.316 0.016
0.27695396231672476 17.325 0.013
0.27747802689452783 17.306 0.014
0.2783062641169636 17.333 0.014
0.2793496990634594 17.315 0.019
0.2794778396089441 17.316 0.016
0.2805788643631786 17.349 0.017
0.28142452818065067 17.327 0.022
0.28165655732209416 17.305 0.019
0.2820892114950766 17.295 0.026
0.2826441175029686 17.31 0.017
0.28327282892109906 17.314 0.019
0.2833091722732206 17.302 0.012
0.283682951683204 17.277 0.027
0.28398450813074305 17.307 0.018
0.28417106818278626 17.307 0.017
0.28460453556681387 17.341 0.026
0.28602982657821485 17.3 0.012
0.28637889830292806 17.317 0.022
0.2888774953929669 17.309 0.02
0.29023143711413013 17.3 0.018
0.2903504519222224 17.318 0.021
0.29077709028751997 17.319 0.014
0.2907863241243831 17.306 0.014
0.29164809544499803 17.298 0.016
0.2922669785234575 17.323 0.016
0.2936258979630111 17.31 0.019
0.29367916019634777 17.302 0.018
0.29428609478327417 17.321 0.016
0.29448260111166746 17.313 0.017
0.29919712079026795 17.305 0.013
0.3005607032905573 17.301 0.013
0.30076023160222576 17.303 0.02
0.30114549026654913 17.315 0.016
0.30768375873685727 17.347 0.019
0.30874380456089057 17.322 0.017
0.30968954261106774 17.317 0.016
0.3100699433250611 17.304 0.023
0.31055542463036545 17.315 0.014
0.31083296500173674 17.322 0.016
0.3112656356647676 17.291 0.017
0.3125640447601654 17.335 0.019
0.31290785525607134 17.317 0.016
0.3144826413681585 17.319 0.018
0.314953961262745 17.275 0.018
0.31505128969365614 17.326 0.018
0.3157481262010151 17.335 0.019
0.3157702470048207 17.307 0.021
0.3176339996077786 17.298 0.017
0.3182667814166962 17.331 0.019
0.3206429127858428 17.343 0.016
0.3228211802588703 17.309 0.016
0.32351352660771227 17.32 0.013
0.32400103645500167 17.34 0.016
0.32410773681294813 17.322 0.018
0.3275124494339252 17.311 0.019
0.3282319957512527 17.328 0.021
0.3288013833230252 17.332 0.017
0.3290238016758167 17.326 0.012
0.32969965440861415 17.353 0.02
0.3309751423153102 17.286 0.016
0.33670894827037046 17.314 0.018
0.33775574116862117 17.316 0.017
0.3388616483671285 17.318 0.014
0.33938502432420137 17.339 0.017
0.33975190692490287 17.323 0.011
0.34066332948941636 17.336 0.016
0.34120535402644236 17.302 0.017
0.3427156590182676 17.316 0.014
0.3430139179768048 17.303 0.019
0.3452989389411414 17.345 0.02
0.3464921158542893 17.303 0.018
0.3478963058298632 17.334 0.016
0.35107448207031666 17.308 0.017
0.35135386458034645 17.354 0.017
0.3513956120723378 17.315 0.013
0.3540792955427605 17.306 0.013
0.35492977034834894 17.289 0.018
0.3554325273325958 17.307 0.018
0.35568626850272267 17.287 0.017
0.355784914868309 17.332 0.021
0.35590458647402556 17.325 0.012
0.3567786667483688 17.298 0.018
0.3571023275095513 17.311 0.018
0.3580470219731069 17.278 0.018
0.3584487669251075 17.32 0.014
0.3593099858833284 17.296 0.014
0.3599416581469086 17.328 0.013
0.3602136849267481 17.328 0.018
0.3607761873581694 17.334 0.013
0.3610625271403478 17.322 0.018
0.3621256499136507 17.317 0.016
0.3641917774016292 17.375 0.024
0.36458886044874816 17.332 0.016
0.3647992845050112 17.329 0.017
0.36539420464123396 17.343 0.018
0.36598246750509134 17.294 0.021
0.3668335966003724 17.362 0.032
0.36796134842143147 17.329 0.02
0.3683501379396148 17.311 0.017
0.36866855396192477 17.324 0.017
0.37122572398311604 17.317 0.014
0.37265032820641864 17.32 0.018
0.3728452923955956 17.301 0.018
0.37324037939970367 17.299 0.014
0.3738036284057671 17.348 0.03
0.37407816579116115 17.309 0.017
0.3762426188154677 17.301 0.016
0.3764237025966395 17.298 0.014
0.3765496515338782 17.295 0.016
0.3783760263595468 17.315 0.021
0.3792757418018482 17.323 0.021
0.37928920610556816 17.33 0.019
0.3795859785668654 17.338 0.017
0.38042730863753604 17.302 0.017
0.3807783844106325 17.327 0.021
0.38145556790357205 17.345 0.013
0.38213298659366046 17.313 0.012
0.38487090375247135 17.336 0.016
0.3852483967552871 17.301 0.02
0.3875503512587102 17.3 0.016
0.38762400025689203 17.331 0.024
0.3881662661634664 17.31 0.016
0.3885115869757101 17.339 0.017
0.3890647321372853 17.298 0.019
0.38910854298308095 17.302 0.026
0.3892010207923704 17.345 0.024
0.39147895372303765 17.308 0.016
0.39185989513089226 17.321 0.017
0.39198300231601024 17.332 0.022
0.39280205767840926 17.303 0.011
0.39622545918837204 17.319 0.014
0.39849443928414985 17.339 0.014
0.3986263245697046 17.286 0.011
0.39876789277514035 17.293 0.017
0.3990566233936761 17.335 0.017
0.3991140861039639 17.29 0.013
0.39936259786850314 17.31 0.017
0.4008864019756402 17.317 0.013
0.4016955557108304 17.304 0.017
0.40171119330102556 17.29 0.018
0.40204179118018146 17.351 0.02
0.4035298610956488 17.34 0.018
0.40402100141136543 17.345 0.02
0.40613021814488093 17.324 0.039
0.4064926270766591 17.302 0.012
0.4066046552974285 17.298 0.016
0.40697531744990556 17.289 0.02
0.40778261554532946 17.328 0.013
0.40813410491364266 17.296 0.016
0.40877175267712573 17.342 0.02
0.40884295037585616 17.328 0.02
0.40931941722715237 17.298 0.013
0.410323249809494 17.299 0.018
0.4113486691551316 17.303 0.016
0.4142954180861125 17.283 0.014
0.41451870827904713 17.321 0.016
0.41583359266894604 17.27 0.014
0.41654605943790557 17.346 0.017
0.4167748020838644 17.321 0.017
0.41838125566118833 17.317 0.018
0.42141112146737214 17.306 0.017
0.4215968115108808 17.312 0.019
0.421599700900515 17.319 0.018
0.4216137377211453 17.323 0.021
0.42195296760564815 17.33 0.016
0.42422527151666145 17.347 0.014
0.4257345219284616 17.31 0.018
0.4286051485760254 17.299 0.013
0.43044982550145505 17.319 0.016
0.43046396560112044 17.288 0.017
0.43054312269339334 17.302 0.014
0.43067304973578757 17.33 0.018
0.4315714289209609 17.288 0.02
0.4320873435563044 17.312 0.016
0.43375961701872257 17.226 0.018
0.43599496774186264 17.319 0.016
0.4362297848260823 17.313 0.017
0.43705866852815234 17.25 0.016
0.4372132874420913 17.301 0.018
0.43736597376346253 17.295 0.017
0.4377074912054013 17.314 0.018
0.4377206060412391 17.262 0.018
0.4392953390192815 17.343 0.018
0.4395561066037317 17.334 0.022
0.43959955631135017 17.335 0.019
0.4401964958289568 17.294 0.021
0.4412807489534316 17.271 0.017
0.44287083119070303 17.255 0.014
0.4460062969701539 17.304 0.023
0.4481883201764276 17.344 0.021
0.44866219763798654 17.308 0.02
0.44962149044545185 17.284 0.019
0.45186552148607007 17.289 0.013
0.45202056932953383 17.298 0.018
0.4547743098059982 17.279 0.014
0.454813404456786 17.297 0.016
0.456807365104396 17.309 0.017
0.458056146774652 17.314 0.011
0.4587800206659267 17.32 0.017
0.46142152954780613 17.23 0.02
0.46278644946232816 17.328 0.016
0.46456766320306997 17.313 0.016
0.46739913772535147 17.335 0.023
0.4686667958444559 17.268 0.016
0.46893226863107884 17.14 0.017
0.47146360975250445 17.328 0.014
0.4726438868733567 17.291 0.019
0.47467346445182557 17.323 0.018
0.4748143721952829 17.311 0.014
0.475062600450201 17.235 0.016
0.47550576724347593 17.294 0.018
0.4764485554414932 17.288 0.013
0.47719722197552983 17.259 0.016
0.47966129403357627 17.28 0.017
0.4798612597601277 17.308 0.016
0.48151298936954845 17.319 0.018
0.48565400460483943 17.304 0.014
0.48606924317618905 17.31 0.017
0.48702735131814734 17.28 0.018
0.48883545702346964 17.154 0.024
0.48889004384511736 17.313 0.022
0.49006016147950504 17.225 0.012
0.4928109117954591 17.09 0.016
0.4932088563659818 17.023 0.014
0.4939233216859975 17.183 0.013
0.49413533368624485 17.17 0.013
0.4948784261664514 17.282 0.016
0.4966721474145288 17.301 0.014
0.4968601946400213 17.301 0.016
0.4970324123755745 17.104 0.018
0.49725424721873424 17.29 0.013
0.4976532170531982 17.288 0.017
0.4977538136572548 17.089 0.014
0.4983301903243955 17.16 0.019
0.4983628500743862 17.285 0.016
0.4992579189447497 16.991 0.013
0.4993124636259836 17.057 0.014
0.4993786487948455 17.254 0.016
0.5016388661238125 16.998 0.016
0.5036709671326207 17.282 0.017
0.5064504570486861 17.06 0.011
0.5065379443140046 16.955 0.013
0.5069013418660688 17.254 0.014
0.5070343696763757 16.943 0.013
0.5073112177624353 17.126 0.016
0.5080447642568515 17.288 0.018
0.5103742015630814 17.281 0.014
0.5109353065990945 17.046 0.011
0.5111571945758442 17.303 0.016
0.5120564352832844 17.259 0.018
0.513391023989243 17.302 0.016
0.5134587201496288 17.146 0.013
0.5143874795314787 16.978 0.013
0.5153071608133359 17.314 0.018
0.5180311071103461 16.907 0.019
0.5180528411256091 16.984 0.017
0.5186575126485877 17.297 0.017
0.5186853236101001 17.013 0.012
0.5186995223399435 16.916 0.012
0.5199442567627557 17.278 0.012
0.5205194652539831 17.275 0.016
0.5207404703969587 17.157 0.019
0.5210947587017927 17.254 0.017
0.521137205807463 17.27 0.012
0.5217959472777238 17.182 0.016
0.5228214197572925 17.262 0.014
0.5238786856427851 17.18 0.016
0.5252612636845697 17.11 0.018
0.5271758602020782 17.006 0.011
0.5278290459405071 17.278 0.018
0.5287705938317231 17.091 0.016
0.5292152368044754 16.917 0.019
0.5295199233351013 17.248 0.014
0.5296854801337076 16.965 0.016
0.5307122870381136 17.194 0.012
0.5308998320464866 17.069 0.017
0.5314654327376047 17.153 0.017
0.5332968255902415 16.932 0.01
0.5362479210925812 17.135 0.019
0.5371147067758102 16.941 0.012
0.5379255144140416 16.861 0.014
0.5382149897754971 17.142 0.016
0.5383082679700237 16.874 0.016
0.5386623888689428 16.86 0.011
0.5387201247710891 17.076 0.013
0.5402983849385237 16.867 0.014
0.5430151699137582 16.863 0.013
0.5431005425234616 16.942 0.012
0.5469700844973886 16.868 0.013
0.5469746724384095 17.101 0.016
0.5473853358939778 17.004 0.019
0.5474349340038316 16.959 0.014
0.5477664911883267 16.879 0.012
0.5480645600787284 16.881 0.017
0.5485219830759434 16.869 0.011
0.5488100672146174 16.949 0.017
0.5505055252211832 16.839 0.011
0.5507128405047297 16.849 0.01
0.5510201640622654 17.015 0.013
0.5537264210843205 16.939 0.018
0.5539261937537958 16.89 0.016
0.5542259318813194 16.866 0.012
0.555105715138609 17.11 0.017
0.5557878390304722 16.844 0.012
0.5562500331884621 16.928 0.017
0.557118221087876 16.922 0.014
0.5579427160773776 17.091 0.018
0.5583258014559078 16.862 0.019
0.5604728480393533 16.858 0.012
0.5618122708765441 16.869 0.014
0.5618129869800441 16.85 0.011
0.5627685845170163 17.045 0.014
0.5631402462830124 17.103 0.011
0.5654020515562479 16.989 0.012
0.5658560108145139 17.104 0.013
0.5677272693878876 16.861 0.012
0.5684991204657308 16.85 0.014
0.5694802267485102 16.847 0.016
0.5696507905809085 17.08 0.011
0.5696793810966483 17.06 0.013
0.57237912375831 16.851 0.014
0.5729688566298137 16.884 0.021
0.5769043210921154 16.887 0.014
0.5780708082579622 16.879 0.011
0.5782997146452544 16.864 0.012
0.5787239939968458 16.908 0.01
0.5797155139607639 17.027 0.013
0.5801174867808641 16.857 0.013
0.5825993214025402 16.94 0.013
0.5831841541835274 17.008 0.01
0.583255343396786 16.947 0.016
0.5840201833932497 16.886 0.011
0.5866933682259514 16.851 0.01
0.5887096269188987 16.973 0.012
0.5890568803238239 16.871 0.012
0.5897144419495817 16.886 0.014
0.5899634815823447 16.945 0.012
0.5902511283063632 16.855 0.012
0.591942848225699 16.894 0.012
0.5920703283090916 16.849 0.012
0.5924036273418096 16.899 0.013
0.5935646748803265 16.881 0.011
0.5942163686256663 16.827 0.016
0.5970210911063987 16.927 0.012
0.5977433697248671 16.867 0.013
0.597905722476753 16.863 0.01
0.5998469702647071 16.876 0.017
0.5999486984005671 16.87 0.02
0.6001518553484857 16.86 0.011
0.6018713104331255 16.866 0.013
0.6028541262608087 16.855 0.013
0.6030078012029207 16.851 0.013
0.6030502647981848 16.87 0.011
0.6042496890522671 16.896 0.012
0.6049290165160528 16.871 0.011
0.6063616699100294 16.859 0.017
0.6066595530728591 16.883 0.012
0.607051962741707 16.928 0.012
0.6085355743216496 16.9 0.014
0.6087438628928794 16.871 0.011
0.6099821539289678 16.862 0.011
0.6104197411723362 16.874 0.017
0.6111696853329249 16.862 0.014
0.6124649808350568 16.884 0.011
0.6130282591566356 16.856 0.011
0.6134581015685399 16.896 0.014
0.6146128149775905 16.852 0.01
0.6150466171725384 16.909 0.012
0.6168084240885037 16.928 0.014
0.6175936936660946 16.895 0.013
0.6201711881567462 16.86 0.012
0.6213404999098202 16.853 0.013
0.6233685481747671 16.858 0.01
0.6236712068384804 16.942 0.013
0.6265990555025382 16.866 0.01
0.6271475284414691 16.93 0.011
0.6293091770329511 16.862 0.018
0.6297147968111858 16.953 0.011
0.6299475970222375 16.906 0.012
0.6300608465526238 16.931 0.012
0.6319886428613017 16.849 0.011
0.6329480627662178 16.87 0.012
0.6362591635383978 16.888 0.016
0.6364228891916355 16.846 0.011
0.6383124077237881 16.807 0.012
0.6397340829248606 16.878 0.014
0.6411900161374433 16.915 0.01
0.6426590000584156 16.835 0.011
0.6427050648067052 16.917 0.011
0.6432474926227769 16.881 0.012
0.6439447745494817 16.855 0.011
0.6444949013919086 16.865 0.012
0.6448492153476764 16.875 0.01
0.6457636115824243 16.828 0.011
0.6472495986658942 16.91 0.014
0.6473597181129662 16.944 0.014
0.6474198844848615 16.946 0.018
0.6474556021867102 16.956 0.011
0.6487307827651421 16.935 0.013
0.6489210161021219 16.945 0.021
0.6491669384768102 16.978 0.013
0.6496116052690013 16.92 0.014
0.6501060558985046 16.963 0.014
0.6511451314481747 16.878 0.013
0.6515954858896293 16.936 0.017
0.6523278470428977 16.954 0.01
0.654327799679777 16.871 0.011
0.6546907518128364 16.928 0.013
0.6566554907972204 16.898 0.012
0.6593111867396146 16.905 0.012
0.6594630598510776 16.945 0.009
0.6608849500953511 16.896 0.016
0.660970680178707 16.986 0.014
0.6615112438694268 16.943 0.014
0.6625317313018968 16.871 0.01
0.6645472427444474 16.901 0.013
0.6651666133820981 16.988 0.013
0.6660329115061359 16.946 0.016
0.6666417621954679 16.946 0.012
0.6667281527406885 16.986 0.016
0.6669118680524662 16.99 0.009
0.6673392481718565 16.881 0.01
0.6680123631064134 16.932 0.01
0.6684386886465745 16.967 0.011
0.6690351692441254 16.925 0.017
0.6703541936481088 16.945 0.012
0.6705342766590547 16.974 0.012
0.6712125037381611 16.89 0.011
0.6719566507981654 16.918 0.012
0.6748127695545918 16.905 0.011
0.6748606507908335 16.978 0.013
0.6760585775543859 17.004 0.014
0.6764457974504694 16.98 0.016
0.677110377486315 16.953 0.014
0.6772039556803975 16.926 0.012
0.6772307358808121 16.999 0.013
0.6779636377268616 16.992 0.016
0.6789241287010555 17.006 0.016
0.6790703398135065 17.007 0.016
0.679621139943265 16.967 0.012
0.6802399087496269 16.943 0.016
0.6866491941500499 17.006 0.016
0.6888949317468587 16.906 0.013
0.6895789882308918 17.028 0.014
0.6899551926139793 17.012 0.013
0.6908760006065222 16.92 0.01
0.6919289430638855 16.937 0.012
0.6922628830798203 16.973 0.012
0.6924464529715806 17.026 0.014
0.6928982469495395 16.976 0.014
0.6937266479130813 17.0 0.016
0.694668816632884 16.963 0.013
0.6957948618978662 16.995 0.012
0.6966955952752869 16.909 0.011
0.6995152637368847 16.974 0.017
0.6998211795812495 16.923 0.012
0.7000760987637022 17.031 0.018
0.7002040767242761 17.022 0.013
0.7016049172334533 17.017 0.012
0.701613886558107 16.955 0.012
0.7029949432910598 16.972 0.013
0.7034942097299108 16.985 0.016
0.7041688697927384 16.977 0.016
0.7044127221602139 17.017 0.014
0.7045305523029128 16.965 0.013
0.7056920745762909 17.042 0.013
0.7058985528310586 16.999 0.014
0.7063255908103656 16.957 0.012
0.7071280071372712 16.995 0.013
0.7085049953118414 16.94 0.016
0.7087829034740025 17.004 0.016
0.7108511760889087 16.93 0.012
0.7118771789446328 16.984 0.014
0.712199645203782 17.001 0.013
0.7122343584708233 17.052 0.026
0.712479551917113 16.952 0.013
0.7131190583086209 17.044 0.013
0.7143286072373485 16.985 0.016
0.7155128313161185 16.973 0.01
0.7155616217123679 16.997 0.018
0.7193289974597974 17.037 0.014
0.7195507161991372 17.007 0.013
0.7196023641618012 17.042 0.014
0.7203068099183838 17.057 0.016
0.7214307302101588 17.012 0.017
0.7215599967903472 16.995 0.016
0.7240191699147545 17.038 0.013
0.7250655657067 17.045 0.013
0.7257074286044372 17.02 0.013
0.726009719476906 17.053 0.011
0.7281694544740276 17.052 0.012
0.7285351334116967 16.971 0.017
0.7287501648870602 17.068 0.018
0.7295075355577865 17.057 0.021
0.731126664723206 17.004 0.014
0.7314231346767883 17.003 0.017
0.7315053020834057 17.052 0.012
0.732251241812719 17.065 0.013
0.7340761649528531 17.008 0.012
0.7349177125745427 17.065 0.018
0.7351500062281957 17.029 0.013
0.7370115195864173 17.048 0.017
0.7372097043121357 17.043 0.016
0.7373761439444024 16.989 0.013
0.7380992174512357 17.002 0.013
0.7408443625672589 17.066 0.018
0.7409064633627622 17.029 0.013
0.7415229024713881 17.044 0.016
0.7418122697331455 17.049 0.011
0.7418258666311885 17.016 0.014
0.7419333380585158 17.006 0.013
0.7424199570677956 17.037 0.013
0.7428330113602897 17.01 0.014
0.7470396655735385 17.039 0.014
0.747992024927612 17.056 0.017
0.7483283422794784 16.995 0.012
0.7483567507322277 16.998 0.011
0.7500816179617686 17.068 0.012
0.7505308830120612 16.992 0.01
0.7514318570833893 17.081 0.016
0.7543886090884371 17.0 0.017
0.7572203769573207 17.031 0.016
0.7574808035583374 17.029 0.013
0.7582740483430825 17.046 0.012
0.7597248181095893 16.98 0.01
0.7597333585049455 16.997 0.012
0.7598810249673988 17.017 0.014
0.7609230045643471 17.071 0.016
0.7620380588105036 17.026 0.014
0.7632076760597784 17.031 0.016
0.7633836678505759 17.072 0.016
0.7634872864380213 17.043 0.018
0.764233708230222 17.015 0.013
0.7642532817849315 17.052 0.014
0.7651606119720782 17.073 0.013
0.7680617305802571 17.048 0.016
0.7689946109785524 17.05 0.017
0.7704994671817076 17.02 0.013
0.7713871168712103 17.039 0.011
0.7714316211581718 17.0 0.014
0.7720945344660777 17.062 0.018
0.7725580275614448 17.103 0.019
0.773341431181052 17.037 0.012
0.7751513790253739 17.101 0.011
0.7757474123714019 17.094 0.016
0.7759188908603392 17.086 0.017
0.7763187771839739 17.06 0.013
0.7765182187066557 17.01 0.013
0.7772332320491842 17.053 0.016
0.7778312847763118 17.009 0.017
0.7791811854219759 17.046 0.014
0.779520145297397 17.053 0.014
0.7798938214291411 17.035 0.011
0.7799262892790466 17.034 0.013
0.7800640247990032 17.106 0.012
0.7807374390572477 17.045 0.017
0.7807421039506153 17.107 0.011
0.7809783917186905 17.022 0.016
0.7810857580348056 17.121 0.013
0.781527373528661 17.09 0.013
0.7829942453015519 17.103 0.014
0.784049109357511 17.097 0.017
0.784110112757844 17.027 0.013
0.7847242833061046 17.043 0.012
0.7851764560678021 17.051 0.013
0.7862628586594838 17.088 0.014
0.7866267547645975 17.051 0.013
0.7870468696078206 17.04 0.011
0.787861607713694 17.091 0.011
0.7894605186770605 17.057 0.017
0.7900258383660912 17.07 0.016
0.7901726323125331 17.054 0.013
0.7913036131558329 17.074 0.013
0.7914915779319927 17.062 0.014
0.7915965925635646 17.04 0.011
0.7940701819684364 17.039 0.014
0.7978485157550494 17.02 0.011
0.7996148549711961 17.097 0.02
0.801707614732095 17.054 0.011
0.8025799927906974 17.084 0.017
0.8031387259875373 17.085 0.013
0.803617621475496 17.076 0.012
0.8037867116361213 17.07 0.013
0.8044123589302217 17.046 0.011
0.8047732055688357 17.067 0.013
0.8049254819588896 17.078 0.013
0.8053025771801003 17.056 0.013
0.8053173905664153 17.102 0.012
0.8057675171398841 17.113 0.013
0.8091036409305161 17.044 0.011
0.8122893421389108 17.079 0.018
0.8124431123551403 17.053 0.016
0.815104664028695 17.062 0.016
0.815302572573728 17.066 0.017
0.8155615548175774 17.073 0.014
0.8157277794070978 17.079 0.012
0.8160257365334473 17.083 0.011
0.8166137946718663 17.079 0.014
0.8168344130267542 17.1 0.016
0.8189715158416675 17.083 0.013
0.8209569734135584 17.109 0.019
0.8218177048124744 17.101 0.011
0.8220244958924923 17.149 0.014
0.8234188795147475 17.055 0.013
0.8235220336855491 17.109 0.016
0.8252786826524243 17.059 0.017
0.8256697487352085 17.118 0.014
0.8271981279581269 17.126 0.013
0.8275465257202086 17.123 0.013
0.82965628314696 17.112 0.011
0.8302245838358431 17.056 0.014
0.8318046659874199 17.093 0.018
0.8319781192089977 17.133 0.013
0.8335478323280086 17.085 0.011
0.8345612427197011 17.09 0.012
0.834584760242933 17.126 0.019
0.8348040588302865 17.087 0.013
0.836572804696516 17.102 0.012
0.8387445303260392 17.142 0.02
0.8404482946871212 17.122 0.011
0.8421165765436172 17.106 0.013
0.8435463570385764 17.121 0.017
0.8438728808623637 17.115 0.012
0.8442612696098877 17.134 0.014
0.8452993272244385 17.149 0.018
0.8459244045097876 17.112 0.017
0.848678706509645 17.14 0.017
0.8497430439394975 17.137 0.016
0.8509860211802334 17.103 0.018
0.8511147598924254 17.131 0.022
0.8520830623328948 17.092 0.014
0.8523110412380674 17.119 0.013
0.8535146000094755 17.13 0.013
0.853788077318768 17.115 0.017
0.8558088206746106 17.091 0.013
0.8559529830909014 17.211 0.023
0.8559956532437809 17.119 0.014
0.8562357608717548 17.146 0.014
0.8570539712009122 17.093 0.018
0.8576782774173353 17.11 0.014
0.8583584712246193 17.133 0.012
0.8587875957009601 17.163 0.014
0.8596537392438677 17.133 0.013
0.8608896504370023 17.095 0.014
0.8617007470817271 17.132 0.018
0.8617207239149138 17.128 0.011
0.8629262519225449 17.149 0.012
0.8650323568949716 17.146 0.014
0.8650697841417241 17.124 0.022
0.8652492671535583 17.109 0.013
0.866834424805802 17.121 0.018
0.8670391880195893 17.113 0.014
0.8692461731061485 17.107 0.013
0.8731520584319696 17.122 0.016
0.8732091979992447 17.169 0.018
0.8764073584015932 17.137 0.014
0.8764527242119584 17.165 0.012
0.8768389030294657 17.13 0.016
0.8774385668434661 17.138 0.022
0.8791539240551174 17.15 0.017
0.8812037198363214 17.147 0.017
0.8812312582805362 17.164 0.013
0.8822972148016106 17.146 0.012
0.8824411090412241 17.137 0.014
0.8854191129980791 17.161 0.013
0.8854447671632215 17.16 0.012
0.8860686939192419 17.096 0.011
0.8861052859696201 17.16 0.013
0.887121252095767 17.106 0.017
0.8873559365861183 17.148 0.014
0.8880493301853676 17.16 0.011
0.8885299615450322 17.118 0.018
0.8887087101315956 17.139 0.021
0.8914487877505053 17.153 0.013
0.8932110504038064 17.124 0.023
0.8932821974764238 17.108 0.016
0.8937853387415089 17.139 0.017
0.8940695425571903 17.147 0.022
0.896216263489805 17.163 0.016
0.8977716214667453 17.141 0.013
0.8980392118974123 17.156 0.014
0.8984903692314674 17.13 0.013
0.8986857953295839 17.11 0.017
0.8989051916992139 17.126 0.014
0.8995037484755812 17.173 0.016
0.9003658264487058 17.147 0.013
0.9006308593134236 17.14 0.013
0.9011089489204096 17.193 0.014
0.9042088907298194 17.196 0.013
0.9054075988801742 17.131 0.012
0.9060565413265067 17.19 0.018
0.9066773141807971 17.184 0.023
0.9087447406061528 17.203 0.018
0.9105064204254631 17.182 0.018
0.9118456520385507 17.108 0.01
0.9121973106450696 17.179 0.013
0.9123065191001842 17.171 0.012
0.9136457745321422 17.162 0.012
0.9194751627287587 17.117 0.016
0.9195498296621736 17.176 0.017
0.9201924508033699 17.155 0.01
0.9207905878115525 17.13 0.017
0.9212145121973663 17.179 0.016
0.922108515495438 17.131 0.013
0.92397504321616 17.151 0.02
0.9246519505281867 17.152 0.019
0.9253315351747915 17.177 0.016
0.9269524789965544 17.227 0.022
0.9272893113911778 17.173 0.012
0.9277112683732867 17.134 0.014
0.9278423825887785 17.158 0.018
0.9287323283215301 17.174 0.024
0.9293700457083105 17.175 0.016
0.929642637676352 17.176 0.018
0.9307225778843531 17.188 0.019
0.9317614677064512 17.177 0.017
0.9323162667710676 17.183 0.018
0.9339703107457353 17.175 0.017
0.9363441149243954 17.205 0.011
0.9370260365990362 17.193 0.012
0.9375915951491152 17.182 0.014
0.9377283255594193 17.183 0.019
0.937815873963018 17.18 0.019
0.9387566746027005 17.124 0.012
0.9387876871028311 17.175 0.019
0.9401504820443733 17.161 0.012
0.9403955967054571 17.143 0.014
0.9405231885530156 17.187 0.016
0.941297594209118 17.198 0.019
0.9413001096352218 17.196 0.016
0.941306502395264 17.19 0.016
0.9423951204134937 17.217 0.021
0.943379043954792 17.187 0.016
0.9449139906723758 17.162 0.016
0.9472892208855228 17.212 0.019
0.9478675173193096 17.128 0.013
0.9488070611623698 17.127 0.011
0.9507058135309308 17.161 0.017
0.9517010947251947 17.189 0.016
0.9517583185734111 17.175 0.017
0.9526215104324365 17.171 0.014
0.9526804200072547 17.192 0.016
0.9537891364593634 17.189 0.022
0.9541877513281634 17.151 0.011
0.9560689756558531 17.143 0.014
0.9564303984752769 17.156 0.014
0.9569158749590088 17.152 0.013
0.9580558617702764 17.213 0.019
0.9608676374732568 17.194 0.013
0.9614612879877313 17.197 0.014
0.9617260025297583 17.18 0.02
0.9658516153717756 17.173 0.012
0.9663308848234919 17.167 0.014
0.966768442751345 17.188 0.017
0.9675205766878889 17.146 0.01
0.9699727607171553 17.147 0.013
0.9700123081157699 17.216 0.019
0.9706778907543594 17.189 0.017
0.9743924533513564 17.245 0.017
0.9750111800181003 17.19 0.013
0.9750368048678411 17.185 0.014
0.9756395199801773 17.147 0.014
0.9759309700752965 17.203 0.018
0.9759571484437402 17.179 0.023
0.976048558848106 17.185 0.016
0.978085859947214 17.188 0.016
0.9796311775303366 17.201 0.019
0.9813154764369756 17.187 0.018
0.9825801608850497 17.182 0.018
0.985591992767695 17.154 0.017
0.9858225372440756 17.237 0.02
0.9859607413259255 17.223 0.017
0.985990620461962 17.206 0.016
0.9860269931291441 17.156 0.016
0.9880991137631554 17.226 0.016
0.9882159791040976 17.17 0.018
0.9888048419672941 17.164 0.018
0.9928188463568404 17.191 0.016
0.9937418807689937 17.18 0.011
0.9951352171409553 17.219 0.019
0.9968630928526636 17.224 0.018
0.9970056856468545 17.199 0.016
0.9971155277564776 17.188 0.013
0.9981612734036389 17.206 0.013
0.9994685778606254 17.194 0.011
