7.262610452019036e-05 16.097 0.009
0.0006905214640028356 16.123 0.009
0.0015101772836715321 16.124 0.009
0.0021982739457598877 16.129 0.01
0.0026501635330987705 16.104 0.009
0.0044376463680692035 16.103 0.006
0.005922148919262349 16.12 0.009
0.0062766356744760055 16.092 0.007
0.006911726112912242 16.109 0.01
0.00722072278963426 16.119 0.009
0.009980960486154822 16.105 0.007
0.010545947615946738 16.124 0.009
0.013011946173628552 16.128 0.009
0.016891720013086364 16.148 0.009
0.017290780134908368 16.118 0.01
0.017881044145633518 16.122 0.007
0.017891151051935617 16.114 0.009
0.018397915669220333 16.143 0.01
0.02172045235570297 16.123 0.009
0.021944530496875836 16.093 0.009
0.02270950481297407 16.138 0.009
0.022774837188899277 16.105 0.009
0.027653906229852532 16.132 0.007
0.03127780560876092 16.148 0.007
0.031690478879363604 16.113 0.007
0.03451600556936685 16.117 0.009
0.03543639616659677 16.109 0.009
0.039733475294406184 16.168 0.01
0.043585893767976835 16.116 0.007
0.04480836532038668 16.159 0.01
0.045294917970886694 16.145 0.009
0.04730974581948433 16.146 0.009
0.047462650719717225 16.092 0.009
0.049609875057649355 16.138 0.009
0.04972817458328793 16.114 0.009
0.050314113633498914 16.162 0.009
0.05066591347999749 16.154 0.009
0.0529348052868045 16.161 0.007
0.05453497814291952 16.158 0.009
0.05511184668389435 16.12 0.007
0.05706116724436472 16.166 0.01
0.058584830269774124 16.139 0.009
0.06247950179308648 16.163 0.009
0.06341726361201838 16.142 0.009
0.07006198469903213 16.17 0.009
0.0722854478084628 16.14 0.007
0.0765884099529558 16.142 0.007
0.07964844920845737 16.177 0.009
0.08148891842247397 16.183 0.009
0.0829854736043899 16.184 0.009
0.08315837463819664 16.174 0.009
0.08649411388355477 16.187 0.009
0.0902631471100449 16.176 0.006
0.09143999520792934 16.182 0.009
0.09347850403732993 16.184 0.007
0.09629011113647723 16.137 0.007
0.10128019308117475 16.202 0.009
0.10533481675579426 16.192 0.009
0.10794986353121205 16.141 0.009
0.11438384672012492 16.211 0.009
0.11749946619252116 16.166 0.009
0.11869929193053397 16.186 0.009
0.11900480528665869 16.155 0.009
0.12169133297666124 16.198 0.009
0.12249872156339736 16.176 0.007
0.12251172875007799 16.194 0.01
0.12560399783628784 16.188 0.009
0.1286360193058954 16.159 0.01
0.129463424486994 16.193 0.007
0.13005472058707712 16.191 0.009
0.13172692201558223 16.224 0.009
0.13224468979105952 16.188 0.01
0.1325275145660726 16.191 0.009
0.13753358766475687 16.188 0.009
0.1416579809762425 16.215 0.009
0.1484158814474995 16.217 0.01
0.15062762190532342 16.22 0.009
0.15115191096483616 16.215 0.009
0.15820492636557903 16.197 0.009
0.15924721457067792 16.217 0.009
0.1603263286264337 16.212 0.009
0.1619112539748585 16.215 0.009
0.16441407653737772 16.189 0.009
0.17261278198466246 16.191 0.01
0.17328245610647175 16.21 0.007
0.17471375706147685 16.228 0.01
0.17950366075538116 16.226 0.009
0.1797216040496551 16.214 0.009
0.18085718718921273 16.251 0.01
0.1814182617947836 16.25 0.01
0.1871182364235665 16.211 0.009
0.19067331764463236 16.226 0.009
0.19074030360936833 16.236 0.01
0.19210670385373307 16.242 0.007
0.19398060682274265 16.233 0.007
0.19414723655668242 16.227 0.01
0.19990962220563235 16.203 0.007
0.20308881508653942 16.259 0.011
0.20363583118651152 16.228 0.009
0.2040677023332137 16.251 0.009
0.20469936652457366 16.246 0.009
0.20580928696167577 16.232 0.009
0.2076108481470783 16.246 0.011
0.2101301053743555 16.271 0.01
0.21024489927267498 16.248 0.009
0.21136889867548236 16.226 0.007
0.21202942229288058 16.232 0.007
0.21295842004419685 16.222 0.01
0.21505692404471122 16.207 0.011
0.216130760430724 16.255 0.007
0.2177136588285521 16.235 0.009
0.21774830081587881 16.285 0.01
0.21930561527542525 16.222 0.009
0.21950593244096128 16.261 0.009
0.22032856976684345 16.236 0.009
0.22074367442351106 16.218 0.007
0.22119425839982798 16.243 0.01
0.22361246948448754 16.268 0.01
0.2257092225176166 16.25 0.009
0.2274897524026983 16.229 0.011
0.23074185703230798 16.226 0.009
0.23075525188678514 16.287 0.009
0.23193453752505777 16.243 0.009
0.2335892895831876 16.29 0.01
0.23591280582049878 16.255 0.009
0.24165205445447102 16.253 0.009
0.24604120290168796 16.273 0.01
0.24743404795426616 16.245 0.009
0.25184403171388114 16.271 0.009
0.25225172006539653 16.206 0.009
0.25473275091385406 16.268 0.007
0.25638290879796843 16.284 0.009
0.2573375903276883 16.297 0.01
0.2611040514069828 16.33 0.009
0.2640297112199278 16.267 0.009
0.26994178150825976 16.307 0.009
0.2719571756291771 16.31 0.01
0.27289680502317426 16.323 0.01
0.2773033625354856 16.321 0.007
0.27935046052029977 16.264 0.007
0.27990849716197774 16.27 0.009
0.2843018521154136 16.283 0.01
0.28508133398568136 16.34 0.01
0.2869782158258204 16.335 0.009
0.2893079810566178 16.345 0.01
0.29237787661909354 16.307 0.009
0.29523179568732305 16.336 0.01
0.29829051441029153 16.278 0.01
0.2985087089192803 16.279 0.011
0.3009507740506706 16.307 0.01
0.3028667185446011 16.352 0.01
0.3040127025726861 16.351 0.01
0.30433611127150473 16.322 0.009
0.30506159451865644 16.358 0.011
0.30605740578416774 16.297 0.01
0.30690753554417827 16.342 0.01
0.3071069769181577 16.36 0.009
0.3099087283257177 16.369 0.01
0.31161041375698917 16.33 0.011
0.3130614031730602 16.342 0.009
0.3131975577354297 16.366 0.009
0.31587968908515907 16.3 0.009
0.3165885249121857 16.29 0.007
0.316790400749278 16.318 0.01
0.3179762852052136 16.298 0.009
0.3215835340871763 16.343 0.011
0.323527929878901 16.371 0.01
0.32461541971897534 16.297 0.009
0.3250904804723632 16.352 0.01
0.32567665704677895 16.317 0.01
0.3284910062817744 16.349 0.009
0.3291170026732516 16.365 0.009
0.3301371344179188 16.365 0.009
0.33258648309370076 16.359 0.009
0.33931581812103107 16.306 0.009
0.34387011516323585 16.371 0.01
0.3440470087167796 16.344 0.01
0.34836134122715523 16.36 0.01
0.3493613193089914 16.34 0.01
0.3550535191929157 16.366 0.009
0.3561166464025064 16.358 0.01
0.35613504909783844 16.355 0.009
0.3562080533016797 16.348 0.007
0.3606975842408474 16.309 0.007
0.3655379250884835 16.347 0.009
0.3759641407763411 16.363 0.01
0.3769767731435195 16.265 0.009
0.37839286935732164 16.35 0.009
0.3807749963906645 16.353 0.011
0.38132518752299804 16.373 0.009
0.381566085535178 16.309 0.011
0.38271010337839473 16.34 0.01
0.38359435162046795 16.351 0.009
0.3849333717309037 16.346 0.01
0.38529588013821015 16.337 0.009
0.3853653228728945 16.366 0.009
0.3908913619169653 16.36 0.01
0.3910399207806222 16.369 0.007
0.3997776182140115 16.373 0.011
0.4 16.384 0.009
0.40049011411965696 16.337 0.01
0.40077428173381124 16.223 0.009
0.40155006506622615 16.132 0.009
0.4041095533161979 16.112 0.009
0.4044604190672999 16.346 0.01
0.4050935631657012 16.338 0.007
0.40633901358889946 16.075 0.007
0.4087178514434072 16.133 0.009
0.40957290966471194 16.152 0.009
0.4168394627887664 16.081 0.009
0.42231569048626616 16.047 0.011
0.4227324716536258 16.286 0.009
0.42476835126299184 16.275 0.007
0.42967403940829163 16.044 0.007
0.4302152512558677 15.956 0.009
0.43265988853399895 16.065 0.009
0.43479019193082413 15.874 0.007
0.43557495454811024 16.274 0.009
0.43740159785729693 16.337 0.01
0.43936324333938037 15.709 0.007
0.44215083886288076 15.926 0.007
0.4421894746009456 16.249 0.009
0.4459631392296841 15.653 0.006
0.44663593131044754 15.901 0.007
0.4532802442693309 15.631 0.006
0.4533647205252236 16.239 0.009
0.45640972625928944 15.686 0.007
0.4578173908465941 16.252 0.009
0.45851529920255407 15.613 0.006
0.4640779482648667 15.64 0.007
0.4642038613141266 15.828 0.007
0.4644893934581886 15.846 0.007
0.4659298095356461 15.932 0.007
0.4673611104905375 15.62 0.007
0.47005885778676193 15.766 0.006
0.47342836261295806 15.632 0.007
0.4745152266456443 15.603 0.006
0.47763364717357026 15.572 0.006
0.4778751145351179 16.017 0.009
0.47816204782238847 15.775 0.007
0.47924614618218575 15.596 0.007
0.4807913081705464 15.854 0.006
0.48314730483834856 16.06 0.007
0.4839863160629192 15.755 0.006
0.48764916131417513 15.599 0.006
0.4896920515619967 15.622 0.007
0.49201266628815565 15.896 0.007
0.49395289341773596 15.585 0.006
0.49516761683926225 15.614 0.007
0.5020629570232358 15.594 0.006
0.5021312504449269 15.899 0.007
0.5024055046789271 15.626 0.007
0.5052106258757703 15.606 0.006
0.5053928361739053 15.725 0.007
0.5073952014173755 15.591 0.006
0.5075122337908851 15.612 0.007
0.510353555647407 15.641 0.006
0.5119100867708766 15.633 0.007
0.5119686621846085 15.588 0.006
0.5129836725572203 15.648 0.007
0.5140275194338755 15.621 0.007
0.5141931579988976 15.617 0.006
0.5151733111664725 15.741 0.007
0.5224447698295989 15.604 0.006
0.5242707507190061 15.596 0.006
0.5263738885834299 15.634 0.006
0.5267049871088374 15.671 0.007
0.5272271741462418 15.676 0.006
0.5336042993521004 15.672 0.006
0.5354536672404264 15.68 0.007
0.5371442130603099 15.667 0.007
0.5400880585050571 15.698 0.007
0.5408722765413585 15.611 0.007
0.5415650058365826 15.67 0.007
0.5434640504644448 15.606 0.006
0.5452139314974374 15.606 0.006
0.5513100213544475 15.633 0.006
0.5541406315727726 15.632 0.007
0.5544907939830863 15.683 0.007
0.5552741126902219 15.697 0.006
0.5553248804389113 15.634 0.006
0.5555303965097891 15.721 0.007
0.5579794939707425 15.671 0.006
0.5600416633207259 15.614 0.007
0.564267353989544 15.721 0.007
0.5667433223855141 15.732 0.007
0.5675062926730106 15.742 0.009
0.5678703026791481 15.679 0.006
0.5696644655580712 15.618 0.006
0.5707232101184672 15.634 0.006
0.5726408485064893 15.714 0.006
0.5731579917052385 15.73 0.007
0.5771141978418881 15.767 0.007
0.5780492709056033 15.732 0.007
0.5788032854456104 15.663 0.006
0.5791502145194953 15.716 0.007
0.5843475888858847 15.757 0.007
0.5860312028318275 15.733 0.006
0.5873298548512138 15.732 0.007
0.5918877375160263 15.738 0.007
0.5938873010885799 15.706 0.006
0.5943876597988491 15.657 0.007
0.5946826947332737 15.651 0.007
0.5963999948800391 15.739 0.007
0.599239836829065 15.701 0.006
0.5995441010324156 15.739 0.006
0.6016470447554183 15.744 0.007
0.6019426248866693 15.773 0.007
0.6036496258317583 15.761 0.009
0.6043814591434056 15.76 0.007
0.6050615347686743 15.701 0.007
0.6056911726249381 15.741 0.006
0.608417485365544 15.759 0.007
0.615795521517748 15.761 0.007
0.6237275825627875 15.776 0.007
0.6278714515794035 15.746 0.007
0.6288546402494375 15.791 0.007
0.6316272022519569 15.776 0.006
0.6362563356916779 15.804 0.007
0.6366410817853647 15.838 0.007
0.6394820147428617 15.762 0.007
0.6399190667963466 15.757 0.007
0.6403766211061792 15.82 0.007
0.6424471427026446 15.835 0.007
0.6457876156524889 15.783 0.006
0.647013729900118 15.818 0.007
0.6471896682825444 15.812 0.007
0.6503761682453386 15.779 0.006
0.6559475001492046 15.822 0.007
0.6574638802454955 15.833 0.007
0.6598852092889955 15.797 0.006
0.6599370246639409 15.851 0.007
0.6601986252279857 15.826 0.007
0.6622520305103534 15.824 0.007
0.6626306429876876 15.834 0.009
0.6691309937185905 15.829 0.007
0.6708705538580033 15.821 0.006
0.67180122381219 15.862 0.007
0.6752613595866932 15.79 0.007
0.6798895955438637 15.843 0.007
0.6803010611976332 15.795 0.007
0.6811577717767476 15.873 0.007
0.6826617692630861 15.809 0.007
0.6889233984603833 15.868 0.007
0.6899628285365451 15.821 0.007
0.6927516087554522 15.864 0.007
0.693583359972672 15.83 0.007
0.6957557235081366 15.885 0.007
0.697140331690798 15.82 0.009
0.6991820509348599 15.891 0.009
0.6998323901119874 15.884 0.007
0.7012204443871268 15.846 0.006
0.7016830425351599 15.869 0.007
0.7024853680540217 15.872 0.007
0.7039259205843336 15.862 0.007
0.7049597988538152 15.856 0.007
0.7062043951765644 15.846 0.006
0.7069995146845485 15.887 0.007
0.707801450073839 15.884 0.007
0.7086786889082304 15.856 0.007
0.7114880333791915 15.889 0.007
0.7118976668397408 15.879 0.009
0.7128878307661579 15.83 0.009
0.7166083744090428 15.858 0.006
0.719404438787842 15.877 0.01
0.7199770822081972 15.85 0.007
0.720213598802411 15.892 0.009
0.7210042810494541 15.848 0.007
0.7235978071706994 15.876 0.007
0.7279175562656746 15.851 0.007
0.7302268943125454 15.874 0.009
0.7307896826570413 15.88 0.007
0.7311546261429611 15.847 0.007
0.7317568051006673 15.916 0.007
0.7321955715089188 15.886 0.007
0.7361944419004884 15.92 0.009
0.738175468786403 15.865 0.007
0.7435642027243374 15.921 0.009
0.746415766093969 15.91 0.007
0.7468032784762726 15.901 0.007
0.7468841684946255 15.918 0.009
0.7543294058292758 15.926 0.007
0.7545852232161905 15.912 0.006
0.7552084551654388 15.901 0.007
0.7567530118073136 15.935 0.009
0.7582820480349937 15.947 0.007
0.7611939390166298 15.949 0.007
0.7626248535344984 15.9 0.006
0.7626307136294144 15.932 0.007
0.7653580603054251 15.895 0.006
0.7655570917051135 15.947 0.007
0.7680782177383434 15.973 0.009
0.7690983116393908 15.906 0.007
0.76978373877605 15.935 0.007
0.7725351541006602 15.917 0.007
0.7726327529204808 15.913 0.007
0.7761985445485151 15.969 0.009
0.7813702549814479 15.934 0.007
0.7828513697444577 15.91 0.007
0.7830912555124541 15.957 0.009
0.7867213678877305 15.967 0.009
0.7896680949983419 15.973 0.007
0.7901886855203428 15.976 0.009
0.7914111812255213 15.917 0.009
0.7916884746538471 15.973 0.009
0.7930897885609283 15.971 0.01
0.7931729567447063 15.994 0.009
0.7956832563783336 15.979 0.007
0.7977136281787351 15.927 0.009
0.7979783820834654 15.931 0.009
0.8046765584430431 15.927 0.007
0.8135659885419045 15.947 0.007
0.8142611541467432 15.935 0.007
0.8168260155988719 15.975 0.007
0.817377196669122 15.995 0.007
0.8181130820352337 15.965 0.007
0.8188478757771464 15.955 0.009
0.8189253172418148 16.001 0.009
0.8219582138873648 15.987 0.009
0.8247133085202677 15.993 0.006
0.828211239007851 15.96 0.007
0.8294474018579422 15.977 0.009
0.8295377165178707 16.003 0.007
0.8306257298635501 15.993 0.009
0.8320825439924647 15.928 0.009
0.8327617004441891 15.989 0.009
0.8328825708857949 15.973 0.006
0.8354537017919711 16.025 0.007
0.8387302044340231 16.03 0.007
0.8390197874020032 16.006 0.009
0.8390945450347772 15.991 0.007
0.8412642811962542 16.014 0.007
0.8422029169602411 16.015 0.007
0.8432572230289225 15.998 0.01
0.8458202162904854 16.009 0.007
0.8489412089651523 15.985 0.007
0.8529760288014586 15.985 0.006
0.8573658564368088 16.033 0.009
0.8613013835592028 16.023 0.007
0.8635247306759993 15.996 0.007
0.864887875893055 16.033 0.009
0.8691842367581103 16.011 0.007
0.8701011608028694 16.014 0.007
0.8719150096814247 16.022 0.007
0.8730060423769374 15.991 0.007
0.8731126750930344 16.011 0.009
0.8795018740055639 16.04 0.007
0.8804963784295069 16.02 0.006
0.8824077678235881 15.987 0.007
0.8826043070713695 16.032 0.007
0.8860566693316742 16.049 0.009
0.8867653680900048 16.055 0.007
0.8907901393237353 16.043 0.007
0.8935803628368376 16.051 0.007
0.8951437333788818 16.001 0.007
0.8967386254884332 16.052 0.007
0.8974794957736322 16.033 0.009
0.8982670005267664 16.052 0.009
0.8983739079950738 16.027 0.007
0.9044336830469547 16.024 0.007
0.9044454261587817 16.016 0.007
0.906476242700046 16.017 0.007
0.9117199023254671 16.044 0.011
0.9131215468275059 16.057 0.009
0.9148673987278017 16.022 0.007
0.9152014558370866 16.064 0.009
0.9197632510262338 16.075 0.009
0.9198252749942185 16.022 0.007
0.9228957728261321 16.035 0.009
0.9235535096946933 16.056 0.009
0.9237550561680564 16.035 0.007
0.9301458708254359 16.046 0.009
0.9305059460006305 16.033 0.007
0.9339016798018293 16.083 0.009
0.934421919268425 16.072 0.009
0.9382808782558186 16.067 0.007
0.9405782009003133 16.119 0.009
0.9419566171628958 16.065 0.009
0.9442082555869092 16.082 0.01
0.9443516930786245 16.064 0.009
0.9456876163055995 16.094 0.009
0.9481015842713078 16.057 0.007
0.9488057074696826 16.067 0.007
0.9505462798535064 16.05 0.007
0.9534763564669447 16.1 0.009
0.953701972819681 15.961 0.011
0.9544164925986479 16.084 0.01
0.9548481131459085 16.038 0.007
0.9598849715502183 16.067 0.006
0.9636565527707944 16.102 0.007
0.9658640488788933 16.09 0.007
0.9681976497160122 16.103 0.01
0.9686849627802531 16.079 0.007
0.9695710798283926 16.08 0.009
0.9722794575367516 16.102 0.009
0.9736473358424519 16.093 0.009
0.9806481823519789 16.085 0.01
0.9836854957975675 16.133 0.009
0.987343456585586 16.067 0.009
0.9874434098732309 16.099 0.009
0.9906456231609809 16.107 0.009
0.9937498871894604 16.123 0.009
0.9965752420443096 16.075 0.007
0.9972216668510555 16.061 0.009
0.9986388100757267 16.109 0.007
