0.0008372790577141354 16.978 0.012
0.0014248271396809509 16.96 0.011
0.0028343935040539003 16.968 0.012
0.002947011503374619 16.996 0.017
0.0033463831065546623 16.98 0.013
0.004733247651665828 17.012 0.017
0.0050318568197781355 16.983 0.011
0.005182349607503078 16.971 0.013
0.005262118552445849 16.995 0.017
0.0056382869137451275 16.982 0.013
0.00788694744246643 16.991 0.012
0.008089968589638397 16.99 0.014
0.008750569021594878 16.985 0.01
0.010007933760471155 16.986 0.013
0.010299692616308698 17.02 0.012
0.010340967611819019 16.996 0.019
0.01228661392385677 16.992 0.01
0.012449384382898665 16.99 0.009
0.015504574416036143 16.973 0.009
0.016888826060630913 17.009 0.012
0.01717371815200297 16.99 0.011
0.018968571811592505 17.007 0.013
0.019806794851001563 16.96 0.017
0.02141281844196785 17.001 0.012
0.02560561302666431 16.997 0.01
0.02612854715712276 16.989 0.012
0.02733845866171125 16.993 0.012
0.031071555510061466 16.991 0.012
0.031105895866085143 17.039 0.014
0.03142862980771499 17.038 0.014
0.03153990917976446 17.039 0.012
0.03208561997794279 16.991 0.011
0.03604047130536403 16.991 0.011
0.03755721483744312 16.979 0.014
0.037749686108008995 17.032 0.015
0.038043512535887225 17.004 0.014
0.041915297487457814 17.021 0.013
0.04308621111467803 16.997 0.011
0.0451195329136681 16.989 0.011
0.04555437395347328 16.984 0.01
0.04653047233309737 17.023 0.012
0.04744618719919347 16.967 0.013
0.04963231333240403 16.987 0.009
0.0497449143719223 16.996 0.016
0.049880159850681616 17.027 0.011
0.0507780304862081 16.997 0.015
0.05305042113675429 17.008 0.011
0.05365549462762831 17.037 0.012
0.053728982048505736 17.018 0.012
0.05422296127212578 17.016 0.012
0.05523410200626133 17.021 0.016
0.05590344418774296 16.996 0.013
0.05617722560341465 16.984 0.013
0.05689083086726898 16.983 0.012
0.05771841970376956 17.013 0.016
0.05796654113796651 17.025 0.011
0.059247538706949876 17.025 0.012
0.06135006061699644 16.998 0.012
0.06177597629098275 16.987 0.017
0.06182503758477653 17.039 0.012
0.06310151135053277 16.993 0.014
0.06366075462747178 16.993 0.015
0.06740307968552772 17.019 0.012
0.06858420192261294 17.012 0.012
0.0691743259723353 17.03 0.012
0.06918625090033859 17.033 0.018
0.06943888865728243 17.015 0.01
0.07077975633287681 17.02 0.012
0.07218319334074297 17.023 0.011
0.07259873276702822 17.061 0.015
0.07295986935846488 17.018 0.01
0.07371507541406574 17.041 0.012
0.07418787705776142 17.013 0.014
0.0758873008536739 17.019 0.018
0.07643170494716289 17.033 0.013
0.07903796865152801 17.019 0.016
0.0795875561290359 17.012 0.012
0.08031697099081614 17.043 0.014
0.08210547477849561 17.003 0.012
0.08228142497468982 17.009 0.011
0.08617804766563497 17.047 0.014
0.08632651479106246 17.06 0.012
0.08644191383623367 16.997 0.011
0.08725517489815504 17.037 0.016
0.09088842336236669 17.043 0.015
0.09108492249802114 17.055 0.01
0.09147807093872873 17.028 0.014
0.09555189115283158 17.039 0.013
0.09585622703630181 17.07 0.014
0.09696247782985667 17.062 0.011
0.09711959540450155 17.069 0.017
0.09727109354289498 16.999 0.013
0.09837184361836082 17.069 0.014
0.10395095941671573 17.033 0.018
0.10586040585794765 17.062 0.014
0.10671068703563835 17.008 0.015
0.1069909999411266 17.04 0.018
0.1088026416010962 17.06 0.023
0.10905935661335209 17.075 0.013
0.10994550238765444 17.048 0.011
0.11011514011911461 17.028 0.018
0.11114920968716435 17.076 0.016
0.11294669919802802 17.064 0.014
0.11297285112405009 17.057 0.011
0.11314927630373861 17.014 0.01
0.11767888064073306 17.037 0.013
0.11897026793021725 17.062 0.012
0.11959697902161681 17.066 0.013
0.11972595245529194 17.067 0.019
0.1198691603673524 17.068 0.012
0.12113737633731037 17.055 0.016
0.1221954294798252 17.07 0.015
0.1225175756746012 17.075 0.012
0.12449084974300606 17.054 0.013
0.1248046069305474 17.039 0.014
0.13453498886533455 17.071 0.018
0.13464678712821299 17.064 0.013
0.13540729332478352 17.08 0.01
0.13551119601302164 17.058 0.014
0.13567466847021026 17.051 0.013
0.13586951763786603 17.093 0.015
0.1362891193581618 17.056 0.012
0.13629525819410448 17.064 0.013
0.1366883153347317 17.063 0.011
0.13871160415023953 17.045 0.012
0.13930788250595472 17.062 0.016
0.1394315982162425 17.056 0.01
0.1396538710775076 17.04 0.014
0.140495017342937 17.083 0.018
0.14075606905580573 17.06 0.012
0.14539111528497417 17.057 0.013
0.14548779047722749 17.1 0.017
0.14647747123503907 17.034 0.012
0.14654678211106786 17.048 0.012
0.14705996714396863 17.084 0.013
0.14766217678666183 17.058 0.016
0.14825269599591595 17.056 0.011
0.14901441658062142 17.074 0.013
0.15079680197882228 17.056 0.016
0.15117532928038602 17.053 0.011
0.15188155586306495 17.111 0.014
0.15351099423983217 17.061 0.015
0.15520319253769232 17.109 0.018
0.15577073352201298 17.081 0.012
0.15589191815265624 17.075 0.013
0.15601807861789896 17.088 0.016
0.15885405073563563 17.106 0.012
0.16122266654442685 17.048 0.012
0.16301684914665204 17.114 0.014
0.16499538842085715 17.107 0.014
0.1665200619546795 17.073 0.012
0.16758035778743763 17.058 0.014
0.16898619016014893 17.074 0.014
0.16996300749783588 17.076 0.01
0.1700158716393162 17.067 0.01
0.1704516681308178 17.063 0.01
0.17283729096529898 17.08 0.01
0.17380598622266918 17.045 0.012
0.17466055471063557 17.062 0.01
0.17755528732063797 17.115 0.013
0.1788951257130066 17.103 0.009
0.18173735291579762 17.106 0.013
0.1823662747746312 17.078 0.012
0.18286520837059472 17.074 0.015
0.18295269726254448 17.102 0.017
0.18557493072025866 17.124 0.013
0.1908980584542178 17.082 0.01
0.19214117923697815 17.086 0.017
0.19217319308349945 17.105 0.017
0.19391794469052004 17.081 0.016
0.19831618073683333 17.084 0.011
0.19877085873135913 17.111 0.014
0.1997238187306266 17.097 0.013
0.1997648856687647 17.072 0.013
0.20188062922456995 17.122 0.016
0.20335157697174966 17.107 0.012
0.20353981032271806 17.087 0.014
0.20403872895590214 17.112 0.011
0.20670870004337305 17.106 0.015
0.20705103695129312 17.114 0.011
0.20940298848918248 17.075 0.012
0.2095326309828579 17.115 0.016
0.2120230266492854 17.104 0.018
0.21234409366265938 17.103 0.011
0.21250124417670124 17.1 0.011
0.21277168374595024 17.093 0.015
0.2136395921271742 17.107 0.014
0.21454183389178072 17.118 0.013
0.21672909807525687 17.142 0.018
0.21737344435919115 17.11 0.012
0.21843679713551867 17.137 0.01
0.21895151588810224 17.127 0.014
0.2196448072161502 17.098 0.015
0.21969862481173552 17.101 0.01
0.22264074430599978 17.112 0.012
0.22452207253641066 17.12 0.015
0.22460443742229474 17.119 0.011
0.22532258893320434 17.113 0.016
0.22609304429456645 17.104 0.012
0.2263461146171949 17.12 0.014
0.22796608978037514 17.144 0.014
0.22946197404794477 17.13 0.014
0.23136240382350481 17.099 0.012
0.23191755985831153 17.08 0.014
0.23279221726547805 17.142 0.018
0.23306081529644873 17.088 0.011
0.2336568436855032 17.124 0.012
0.2375287448868676 17.114 0.011
0.23900954799241847 17.123 0.013
0.23906318248023128 17.127 0.017
0.23918602455992188 17.141 0.014
0.24010371519048024 17.14 0.013
0.2417950857617598 17.135 0.013
0.24269167464231034 17.104 0.012
0.24519409452695984 17.097 0.01
0.24724929590333888 17.133 0.013
0.24819588456798558 17.154 0.013
0.2494885950137814 17.088 0.011
0.25136370258783247 17.125 0.011
0.2547240986487168 17.153 0.012
0.25551013808230894 17.128 0.012
0.25745730064547845 17.124 0.013
0.25802465801475594 17.155 0.016
0.25911828188068287 17.103 0.013
0.26072628272472687 17.12 0.011
0.262968327945282 17.102 0.014
0.26800941697606506 17.124 0.015
0.2680982310218042 17.133 0.011
0.26845939256227214 17.125 0.01
0.26933239251925445 17.124 0.014
0.2697602250883847 17.148 0.012
0.2719080817816121 17.132 0.014
0.27435925455406507 17.125 0.013
0.27497970158960927 17.144 0.013
0.2755333493629678 17.149 0.013
0.2790793873370149 17.144 0.01
0.27928580120956215 17.115 0.012
0.2793380606448409 17.144 0.012
0.279568615742528 17.137 0.017
0.2801105007403294 17.122 0.013
0.2813858608957617 17.17 0.019
0.2814757870625272 17.124 0.011
0.28288841785083607 17.136 0.012
0.28375621746467916 17.135 0.021
0.2855307307487692 17.125 0.013
0.28574613833520746 17.146 0.011
0.2858252706507983 17.143 0.012
0.2894906073019229 17.14 0.011
0.2925747617211073 17.174 0.014
0.29500787272640994 17.121 0.012
0.29708271948734366 17.134 0.011
0.29793122496917024 17.158 0.016
0.30333362770638816 17.128 0.011
0.3047508147293684 17.127 0.012
0.304936302478518 17.158 0.012
0.3060571075531243 17.135 0.015
0.3061413294477916 17.122 0.019
0.30795371701256047 17.141 0.015
0.30818882086273336 17.134 0.012
0.3085261649765926 17.151 0.011
0.30869840761911294 17.169 0.015
0.3104276335135637 17.153 0.019
0.31309481658140614 17.151 0.012
0.31658561800045393 17.171 0.015
0.3173132422035906 17.155 0.017
0.3185825648102082 17.118 0.012
0.3201400624494909 17.137 0.013
0.32047181305656525 17.181 0.012
0.3209616137379726 17.109 0.014
0.3216622318510872 17.161 0.013
0.32298235651173857 17.166 0.016
0.3235728682392619 17.144 0.012
0.32577618450673074 17.147 0.014
0.32686176811344014 17.135 0.012
0.32719683859490944 17.161 0.014
0.3307717476574453 17.145 0.021
0.33331589406056994 17.137 0.013
0.3349610312690402 17.154 0.013
0.3368455596402328 17.124 0.016
0.34113586513253724 17.145 0.012
0.3436110114932035 17.167 0.015
0.34454877408202267 17.141 0.014
0.34458399406028095 17.149 0.01
0.3480641368352281 17.161 0.015
0.34829393905479267 17.178 0.016
0.3494918243440225 17.133 0.01
0.3522130096036108 17.161 0.012
0.3525827622162524 17.138 0.017
0.35446201390495846 17.13 0.012
0.355188129338012 17.141 0.014
0.3568514964591941 17.16 0.012
0.36025212225390535 17.175 0.013
0.36202032855740074 17.145 0.019
0.36234652956468383 17.133 0.019
0.36430260151350924 17.15 0.016
0.36436982586124034 17.135 0.012
0.36485664593615186 17.151 0.02
0.3663748278928779 17.155 0.015
0.36771139129828045 17.151 0.013
0.36837940233376687 17.164 0.014
0.37022741052114727 17.129 0.012
0.37028241806378903 17.164 0.012
0.3709023881182475 17.167 0.013
0.37177104189609056 17.135 0.015
0.3719634867283276 17.128 0.012
0.37522530965920853 17.137 0.015
0.37637413365487193 17.178 0.015
0.376487003617649 17.159 0.012
0.37820717093759415 17.154 0.016
0.3787851280814266 17.139 0.017
0.38116543432320216 17.18 0.013
0.3815419933413523 17.152 0.014
0.3825012368607986 17.166 0.016
0.3883271509374936 17.166 0.012
0.38892632807792327 17.169 0.012
0.3895340374212083 17.125 0.011
0.3897190900990154 17.166 0.014
0.3926057749678421 17.17 0.014
0.3927425027779009 17.126 0.012
0.3927474516663324 17.14 0.011
0.39279982934831426 17.173 0.011
0.3942079308495977 17.169 0.019
0.3970301359928726 17.17 0.017
0.39841175977303467 17.163 0.016
0.3984691457209465 17.17 0.01
0.39974092205388845 17.15 0.016
0.4 17.191 0.016
0.4001210663838265 17.162 0.017
0.4049346073612924 17.177 0.015
0.41198529605949263 17.173 0.014
0.41243660079376243 17.178 0.013
0.41745464623013506 17.122 0.012
0.4187826779410898 17.149 0.009
0.4219716720505403 17.173 0.011
0.4224320293680194 17.134 0.017
0.4227178769107468 17.152 0.012
0.4258712159700281 17.127 0.019
0.42602761309776727 17.149 0.015
0.4283461108745087 17.149 0.014
0.42877530901719185 17.172 0.012
0.4322823815447464 17.139 0.014
0.4323732287345138 17.143 0.014
0.43286851266534543 17.165 0.012
0.43638982914867486 17.159 0.014
0.4386040919418065 17.133 0.02
0.4405542505811809 17.169 0.011
0.4406121813500704 17.098 0.028
0.44425824932673097 17.169 0.012
0.44453098548049186 17.14 0.015
0.44513939831144855 17.162 0.012
0.4484063457568027 17.145 0.019
0.448958552128056 17.15 0.012
0.4490974916872347 17.172 0.019
0.449298361443789 17.124 0.013
0.45430755487373065 17.143 0.01
0.45553625607331016 17.107 0.013
0.45643687481619966 17.177 0.015
0.45763088291701026 17.144 0.013
0.45805179083404257 17.148 0.014
0.45923935126406834 17.153 0.012
0.46393447217010364 17.101 0.012
0.4675593201508491 17.14 0.012
0.467672735442784 17.132 0.012
0.4687860954851658 17.181 0.022
0.469221189978407 17.093 0.016
0.46957212743850507 17.107 0.015
0.469760519455258 17.144 0.012
0.470731711364374 17.127 0.012
0.47083723507707875 17.122 0.013
0.47268337975460784 17.104 0.016
0.47278190498277584 17.186 0.013
0.4729881262691379 17.146 0.012
0.47350635399620844 17.173 0.012
0.4737760062600046 17.178 0.011
0.4739885913988019 17.123 0.013
0.47423273635572516 17.131 0.018
0.4779301786622 17.113 0.015
0.4788657978498577 17.141 0.012
0.48016892496289076 17.124 0.011
0.48165819541068233 17.135 0.014
0.4836170039917761 17.105 0.018
0.48447955535916665 17.119 0.016
0.4845895115755866 17.138 0.014
0.4855632225794807 17.138 0.011
0.4870799147235175 17.142 0.012
0.48800463078455325 17.087 0.019
0.4893080687299062 17.13 0.015
0.4901992985989182 17.071 0.015
0.49176082461215176 17.18 0.015
0.4922980276482122 17.128 0.01
0.49457232869294787 17.071 0.012
0.4963974270032395 17.113 0.013
0.49647316859138757 17.121 0.012
0.4968577997916782 17.041 0.012
0.49796608721512714 17.141 0.014
0.498353615710721 17.119 0.011
0.49945586707465284 17.113 0.011
0.5021013701245011 17.087 0.017
0.5022187030246187 17.149 0.012
0.5065431732470188 17.151 0.013
0.5086933165368009 17.077 0.018
0.5095423928049968 17.109 0.011
0.5098358604983787 17.098 0.015
0.5147158629582919 17.133 0.012
0.5148803592147942 17.117 0.014
0.5153134934145328 17.147 0.015
0.5182540627380604 17.095 0.014
0.5198358777371596 17.105 0.012
0.5199074407825265 17.099 0.013
0.5217400335151524 17.078 0.013
0.5218619051812766 17.108 0.014
0.5223121970845114 17.086 0.014
0.522315830298021 17.098 0.013
0.522674880359682 17.135 0.012
0.5238007545664459 17.114 0.012
0.5259470037084611 17.129 0.012
0.5268879968698684 17.087 0.012
0.5268931303545742 17.019 0.013
0.527672829396488 17.068 0.012
0.5278154610383808 17.126 0.013
0.5282730208570229 17.056 0.015
0.5311823486769299 17.099 0.012
0.5319470922849178 17.088 0.01
0.5334897093393011 17.066 0.012
0.5345646357910937 17.053 0.015
0.5348351576905316 17.008 0.014
0.5361465081702136 17.137 0.016
0.5371568730744457 17.075 0.012
0.5374572060428818 17.053 0.012
0.5420501655286444 17.084 0.012
0.5448862389333954 17.096 0.011
0.5457487463937923 17.078 0.012
0.5461307422493974 16.949 0.014
0.5461907485795564 17.046 0.012
0.5467647711549489 16.98 0.014
0.5468698603036956 16.973 0.015
0.5489075208007762 16.939 0.013
0.550113780134916 17.096 0.014
0.5507092726740211 16.966 0.015
0.5526492511395645 17.033 0.012
0.5541520351099735 16.976 0.013
0.5563641450227351 17.006 0.012
0.556704362971368 17.055 0.014
0.559970101512954 17.062 0.017
0.5603559650779971 17.053 0.011
0.5607459937115437 17.051 0.012
0.5639967194398651 16.992 0.012
0.5642095031575082 17.03 0.012
0.5649104814944167 16.995 0.012
0.5664799634397696 16.972 0.011
0.5667036422945785 17.035 0.014
0.5680943935061805 17.013 0.01
0.5685553535319287 17.08 0.015
0.569047848935179 16.906 0.012
0.5712387313707495 17.011 0.014
0.5716208858928212 17.012 0.011
0.5762599924170445 17.021 0.013
0.5767803730242577 16.915 0.016
0.5777979544563095 17.014 0.012
0.5798176175395838 16.877 0.012
0.5814210037889552 17.013 0.01
0.5821649045839422 16.99 0.012
0.5823098133443182 16.869 0.012
0.5824496305273442 17.005 0.012
0.5828407193854673 17.006 0.012
0.5835175051099896 16.989 0.009
0.5844192254782229 16.853 0.015
0.5874134143265565 17.035 0.014
0.5903963627765961 16.983 0.011
0.5906330397494003 17.012 0.015
0.5917161800899976 16.879 0.016
0.5922583075735247 16.965 0.01
0.5926899484743672 16.949 0.011
0.595492964259074 16.919 0.012
0.5962479188580345 17.012 0.016
0.5975221479358424 16.992 0.014
0.5981815998212823 16.852 0.012
0.5983057999939319 16.976 0.013
0.6014717165891397 16.983 0.01
0.6055439272553484 16.969 0.009
0.6058966399029031 16.886 0.01
0.606323038550181 16.956 0.012
0.6063728128102865 16.826 0.012
0.609146309401376 16.897 0.011
0.6097667733967227 16.967 0.015
0.6111892106629511 16.983 0.014
0.6117328957981498 16.913 0.012
0.6127384929242452 16.959 0.012
0.6132842112036996 16.907 0.011
0.6133553217088319 16.837 0.012
0.6155626009805473 16.809 0.01
0.6164941084845394 16.955 0.013
0.6179528543890682 16.911 0.015
0.6211564526785422 16.834 0.011
0.6215317419257871 16.881 0.01
0.6216731911014448 16.916 0.013
0.6223212963265268 16.916 0.009
0.6229616052663913 16.878 0.011
0.6243359516521649 16.935 0.012
0.6256433331356219 16.83 0.013
0.6273258092834566 16.916 0.013
0.6299062069457704 16.833 0.013
0.6306295672991609 16.888 0.009
0.6339837915858424 16.795 0.012
0.634708351364361 16.926 0.013
0.6363049691221021 16.923 0.012
0.636500163550545 16.887 0.013
0.6368913192678973 16.901 0.017
0.637237490947109 16.934 0.012
0.6393224774615418 16.87 0.01
0.6403601493017503 16.853 0.01
0.6412354019359099 16.914 0.011
0.6436522837426764 16.878 0.01
0.6439786349184486 16.791 0.013
0.6446249988754515 16.838 0.01
0.6472939995484466 16.866 0.009
0.6473283972842636 16.943 0.015
0.6478944334945935 16.879 0.01
0.650321220559499 16.856 0.009
0.6506573931752881 16.834 0.01
0.652413333283357 16.785 0.013
0.6525530167492888 16.774 0.012
0.6546115425036532 16.826 0.013
0.6554918602761517 16.805 0.012
0.6563547873376137 16.79 0.013
0.6580795183732788 16.851 0.011
0.6582658927174179 16.859 0.012
0.659473893319523 16.84 0.011
0.6596414884280875 16.844 0.013
0.6599330796463163 16.794 0.011
0.6602702311739903 16.876 0.011
0.660458140726655 16.843 0.009
0.6612638419966514 16.797 0.012
0.662882727010492 16.842 0.013
0.6634701887684513 16.812 0.01
0.6641712000444158 16.836 0.011
0.6651866545272695 16.865 0.012
0.6653591376576968 16.794 0.01
0.6671299568621634 16.805 0.011
0.6687080378698282 16.858 0.013
0.6695966378785214 16.814 0.011
0.670811187437971 16.812 0.011
0.6746403587673284 16.844 0.01
0.6770760307778345 16.86 0.011
0.6776273500446677 16.822 0.011
0.6804205179511427 16.858 0.012
0.6809589184159903 16.757 0.012
0.6819593171952874 16.809 0.009
0.6819842292744851 16.827 0.009
0.6827980261865831 16.82 0.012
0.6828758173698133 16.789 0.011
0.6834210950938995 16.799 0.013
0.6836529548983434 16.808 0.012
0.6837310399543184 16.791 0.012
0.6883824570892556 16.847 0.012
0.6892158834072233 16.767 0.011
0.6909024881980712 16.785 0.012
0.6914459792579009 16.835 0.009
0.6929883633048575 16.791 0.012
0.6956780461274774 16.814 0.011
0.6962898002958808 16.812 0.012
0.6964353536733596 16.764 0.012
0.6966295168224632 16.819 0.01
0.6967261421160855 16.771 0.01
0.6982297957221362 16.776 0.012
0.698325307913501 16.786 0.01
0.7007445007585829 16.785 0.009
0.7029940903004444 16.79 0.009
0.7044304856387043 16.822 0.012
0.7044923529721472 16.808 0.009
0.7050378861463513 16.789 0.01
0.7051495776385308 16.805 0.009
0.7054760126331074 16.788 0.011
0.7054967711193512 16.751 0.011
0.70578476206324 16.803 0.015
0.7058062644570327 16.796 0.009
0.705890907950129 16.787 0.008
0.7064811332862972 16.805 0.009
0.7064983578481132 16.833 0.015
0.7087850952313146 16.804 0.012
0.708954973450227 16.791 0.01
0.7110093131806479 16.795 0.008
0.711550669809776 16.829 0.01
0.713084344538538 16.78 0.012
0.7135196720381827 16.782 0.007
0.7158426417228383 16.79 0.015
0.7161960069776341 16.807 0.01
0.7186156613326147 16.826 0.014
0.7207538208250752 16.773 0.013
0.7210644636899359 16.835 0.013
0.7234092979889737 16.794 0.012
0.7236194039434394 16.799 0.012
0.7242458715687916 16.806 0.008
0.7243390283079179 16.746 0.011
0.7250726651101558 16.786 0.011
0.7255592911100393 16.779 0.01
0.7258189198692206 16.785 0.012
0.7267407296643795 16.781 0.009
0.7269559616239802 16.811 0.012
0.7287986621878644 16.779 0.012
0.7291249200663059 16.818 0.013
0.7300812902594997 16.776 0.008
0.7324603391868094 16.799 0.012
0.7339364358898819 16.785 0.009
0.7350181862155067 16.799 0.01
0.7362712217351599 16.796 0.01
0.7371089258841947 16.761 0.011
0.738394283106254 16.801 0.01
0.7408861012185297 16.788 0.012
0.7412048512013825 16.788 0.007
0.7414467689387947 16.787 0.009
0.7418177284581815 16.764 0.011
0.7431515707031848 16.792 0.01
0.7452729002849536 16.768 0.012
0.7456938082015312 16.784 0.012
0.7457653956872945 16.786 0.012
0.7460497000339728 16.821 0.011
0.746559866545931 16.802 0.013
0.7482642397391372 16.813 0.014
0.7486740694104355 16.812 0.013
0.7488261622680965 16.771 0.012
0.7500329325026995 16.766 0.012
0.7516228546202455 16.784 0.011
0.7548081890775165 16.784 0.012
0.7562122457540226 16.768 0.011
0.7590105950468113 16.825 0.011
0.7598186213373537 16.821 0.012
0.7616814033391619 16.812 0.012
0.7638234001069804 16.785 0.01
0.7646347692235849 16.801 0.012
0.7663309764291397 16.78 0.01
0.7704391369990389 16.78 0.012
0.7716820158053905 16.81 0.012
0.7727125763982712 16.781 0.012
0.7733861390314813 16.774 0.011
0.7738074550733471 16.787 0.011
0.7757436002575786 16.793 0.01
0.7767765123092203 16.796 0.008
0.7777858888231548 16.826 0.014
0.7783057665186788 16.786 0.01
0.7784063947275626 16.82 0.011
0.7792853319637287 16.767 0.012
0.7817071127602957 16.798 0.011
0.7822748787622458 16.809 0.012
0.782350034600904 16.794 0.01
0.7826885357227638 16.819 0.011
0.7832864485759727 16.795 0.012
0.7837398892299006 16.816 0.011
0.7853156247713513 16.778 0.013
0.7901717978203577 16.85 0.011
0.7931804286955866 16.837 0.012
0.794187509642279 16.803 0.012
0.7945747976501933 16.824 0.012
0.7956594278026841 16.784 0.01
0.7957815434433768 16.79 0.008
0.7960054907136054 16.787 0.014
0.7964858780798294 16.856 0.01
0.7970927906393626 16.796 0.011
0.7982000652315491 16.8 0.014
0.8004401346882104 16.804 0.011
0.8005389627602653 16.802 0.012
0.8038518037921221 16.83 0.012
0.8047680470268914 16.798 0.012
0.8048059482540793 16.801 0.012
0.8053424802332301 16.801 0.011
0.8055495975933353 16.809 0.013
0.8064590074765419 16.845 0.013
0.8070857170779617 16.851 0.012
0.8086600376546129 16.811 0.008
0.8104492883286638 16.838 0.011
0.8105807065177486 16.86 0.012
0.8122837560460083 16.872 0.012
0.8141786761340426 16.827 0.017
0.8154660031274488 16.815 0.009
0.8197206366101226 16.833 0.01
0.8199194218347201 16.854 0.012
0.8202395927741235 16.798 0.011
0.8210838114536272 16.808 0.009
0.8213076674243438 16.807 0.01
0.8221090225153147 16.85 0.011
0.8240353846823836 16.808 0.01
0.8244459427902711 16.827 0.014
0.8253121767617357 16.82 0.012
0.8259098132101825 16.834 0.007
0.8269428280379088 16.836 0.011
0.8285131302281115 16.825 0.009
0.8313924349266926 16.829 0.011
0.8382423371778258 16.881 0.012
0.8385256157272578 16.865 0.012
0.8385861154894427 16.879 0.013
0.8391115118439756 16.859 0.011
0.8395760976019573 16.832 0.012
0.8399350808050712 16.912 0.014
0.8418513870368769 16.806 0.01
0.8432720560878351 16.863 0.012
0.8447968309088991 16.844 0.009
0.8455051440204442 16.84 0.012
0.8458459641698481 16.874 0.012
0.8460016747700592 16.848 0.011
0.8467488425627834 16.867 0.012
0.8477743684517463 16.92 0.012
0.8478501614273681 16.819 0.012
0.8480347451133183 16.82 0.012
0.8485507186741414 16.839 0.013
0.8501121623575272 16.874 0.01
0.8501661645506373 16.899 0.013
0.8503077230019698 16.828 0.009
0.8516389698140983 16.869 0.009
0.851969642728386 16.835 0.009
0.8539287546613195 16.84 0.009
0.8545665519869998 16.844 0.01
0.855113275108033 16.816 0.009
0.8551926089814059 16.89 0.014
0.8552229469297798 16.849 0.011
0.8573434562664715 16.855 0.014
0.8574565856748904 16.844 0.012
0.8587318121132284 16.858 0.009
0.8602100352570914 16.862 0.009
0.8603290670079331 16.835 0.012
0.8611662293148128 16.876 0.011
0.8625451054967015 16.85 0.01
0.8645855026252547 16.89 0.012
0.8650944522443296 16.876 0.012
0.8681486279572481 16.88 0.012
0.8696866333949855 16.896 0.012
0.8697474769294558 16.871 0.013
0.8697902162795343 16.865 0.01
0.8701803342156835 16.882 0.012
0.871268155029179 16.867 0.012
0.871686635150263 16.842 0.01
0.8717489255715463 16.909 0.015
0.871913790040844 16.889 0.012
0.8729220589376836 16.89 0.012
0.8738129116229856 16.895 0.013
0.8743589402276029 16.912 0.011
0.8755906420064092 16.896 0.01
0.8763234550775905 16.876 0.01
0.8798627155897747 16.893 0.015
0.881258114335219 16.856 0.013
0.8818454104535021 16.87 0.011
0.8819237469657764 16.875 0.012
0.8830502637930748 16.896 0.011
0.8832556134467722 16.922 0.017
0.8836358091649799 16.897 0.013
0.8846620904374958 16.888 0.016
0.8848147860036533 16.91 0.012
0.886413047737983 16.895 0.008
0.8869289713999478 16.879 0.011
0.8898849746266477 16.912 0.012
0.8914903880276142 16.858 0.01
0.8923407360640794 16.883 0.009
0.8933143058696031 16.874 0.011
0.895283139952562 16.858 0.012
0.8953339769424473 16.902 0.01
0.895421499754002 16.923 0.012
0.8955663666057716 16.905 0.012
0.8957933294178928 16.866 0.01
0.8962749641115351 16.91 0.012
0.9020203214290858 16.915 0.012
0.9023415810288724 16.859 0.013
0.903326850237272 16.924 0.013
0.9037870479070533 16.918 0.012
0.9059430117182727 16.872 0.012
0.9096692852011983 16.915 0.009
0.9109766572065836 16.864 0.012
0.9124484072218819 16.941 0.016
0.914551455503124 16.942 0.016
0.916041671924313 16.944 0.011
0.9170344001460307 16.925 0.01
0.9177747006662229 16.924 0.011
0.9194695363068148 16.937 0.014
0.9205334004915584 16.892 0.01
0.9232616191717624 16.886 0.013
0.923290894390584 16.937 0.012
0.9242753822856229 16.909 0.013
0.9253966738198414 16.877 0.012
0.9294395593682565 16.913 0.011
0.9345797778256837 16.914 0.01
0.9350366930267682 16.906 0.013
0.9372893908995592 16.978 0.013
0.9378670641568987 16.925 0.012
0.9381806631862672 16.916 0.01
0.9382830137061773 16.927 0.013
0.9383213345345438 16.929 0.01
0.9383882819685367 16.946 0.015
0.9400730696624122 16.946 0.01
0.9402030973289128 16.926 0.013
0.9425240992387898 16.933 0.012
0.9433278651651107 16.917 0.015
0.9435142489880035 16.923 0.011
0.9435554226967269 16.9 0.015
0.9436022737310394 16.92 0.015
0.9439448770582657 16.973 0.013
0.9464230314789801 16.931 0.009
0.9466358186827164 16.921 0.011
0.9468811441076013 16.947 0.012
0.9470310935645556 16.906 0.014
0.9476141178435227 16.897 0.015
0.9494651006440562 16.943 0.012
0.9509649783482472 16.948 0.012
0.9518784485268497 16.954 0.012
0.9521738675429332 16.927 0.012
0.9525626698042742 16.934 0.014
0.9529514396350804 16.953 0.011
0.9529777746677381 16.944 0.009
0.9538810626756002 16.984 0.016
0.9559768355590221 16.933 0.012
0.9564927422608434 16.95 0.015
0.95779155962 16.93 0.009
0.9593707771890876 16.939 0.01
0.9594378353878255 16.95 0.012
0.9594752157282982 16.96 0.012
0.9596358333070838 16.917 0.013
0.9605316343724097 16.961 0.014
0.9611923261042192 16.929 0.01
0.9621821325901236 16.971 0.012
0.9633907778102411 16.937 0.012
0.9639403672853404 16.922 0.01
0.9714151121426311 16.975 0.014
0.9717176728392132 16.986 0.012
0.9749024734429894 16.967 0.022
0.9757506017409923 16.992 0.014
0.9759452089316709 16.922 0.012
0.9765585462098669 16.966 0.009
0.976581506966022 16.958 0.012
0.976886554835255 16.942 0.012
0.9780642858360351 16.988 0.012
0.9795696313191455 16.947 0.015
0.9821642140688254 16.942 0.012
0.9822318654982154 16.926 0.01
0.9825648649213234 17.005 0.012
0.9846509156555157 16.956 0.009
0.9853562306936055 16.987 0.014
0.9867892866913279 16.96 0.009
0.9892279048791806 16.984 0.011
0.989973892203261 17.018 0.016
0.9902837821906814 16.965 0.009
0.9907609010705527 16.938 0.012
0.9921945687480274 16.961 0.011
0.9929392992663906 17.025 0.014
0.9940532889646875 16.978 0.01
0.9943229317500709 16.979 0.012
0.9951835223165745 17.016 0.013
0.9961431744692618 17.006 0.015
0.9986403515921666 16.961 0.01
