0.0001838520793171483 17.276 0.018
0.0024860435814844095 17.233 0.017
0.003997747361609072 17.312 0.015
0.00432677263597725 17.284 0.014
0.005266945852667959 17.285 0.013
0.007040321679596673 17.244 0.013
0.007954813032938546 17.263 0.018
0.00902601519885593 17.269 0.017
0.010096542306200718 17.223 0.014
0.010455102124751647 17.267 0.017
0.010485737208682622 17.246 0.012
0.012950773761531309 17.272 0.012
0.013524015614621021 17.31 0.014
0.015476207150186383 17.32 0.014
0.01765120390609809 17.288 0.014
0.017833950825661304 17.276 0.014
0.018128134456219414 17.286 0.014
0.018781459356091545 17.248 0.011
0.019729655221226494 17.213 0.014
0.019922698689697427 17.205 0.018
0.021333218423023936 17.293 0.016
0.021611821501892337 17.3 0.014
0.022562709818885196 17.27 0.013
0.022821394860329747 17.308 0.021
0.023914399220302585 17.235 0.015
0.024489887983691006 17.306 0.014
0.02478115390090352 17.269 0.014
0.02550834555131587 17.28 0.015
0.02708577636440168 17.289 0.015
0.02728624449855488 17.278 0.018
0.027429226580352406 17.259 0.012
0.027964511894424504 17.279 0.015
0.027978328031622368 17.267 0.014
0.02978653359036798 17.29 0.013
0.03022447598959843 17.32 0.014
0.030480386156796158 17.214 0.015
0.030655108118025964 17.309 0.014
0.031709587982049925 17.261 0.016
0.0318317975361424 17.283 0.014
0.03293356354834032 17.303 0.012
0.03312039728552918 17.285 0.012
0.034096967466211936 17.243 0.015
0.03556436444682731 17.285 0.014
0.0356029898430279 17.269 0.012
0.03743859584847087 17.293 0.016
0.03785567138447732 17.305 0.01
0.03812253735463855 17.265 0.011
0.038739711704693036 17.268 0.015
0.03885036054299462 17.27 0.011
0.0390997829575781 17.288 0.019
0.03931990301953192 17.304 0.012
0.03961943034141768 17.291 0.011
0.041654827111415216 17.285 0.01
0.04201353864482371 17.301 0.013
0.04206734682793467 17.258 0.018
0.04207559668475369 17.346 0.022
0.04471973389718187 17.293 0.013
0.04539831128749938 17.28 0.011
0.04596440151431125 17.266 0.016
0.04711742378822237 17.278 0.014
0.04750364359711057 17.326 0.015
0.04781623614007913 17.269 0.014
0.04817675560798307 17.314 0.02
0.049699615409736 17.327 0.016
0.05085353569484141 17.3 0.013
0.051253836168598355 17.287 0.016
0.05131489724271887 17.283 0.014
0.05161456473024373 17.303 0.015
0.05176033785460277 17.294 0.012
0.0518650164472092 17.296 0.014
0.05187521404081963 17.31 0.013
0.05197265129072548 17.282 0.017
0.054320759982601885 17.287 0.014
0.054722969291788104 17.299 0.014
0.05564281819488315 17.271 0.016
0.056433818077152864 17.259 0.016
0.05832252487033429 17.249 0.014
0.05967768110031102 17.317 0.016
0.059751439657702576 17.306 0.022
0.06033438542317526 17.277 0.011
0.060345442490415735 17.286 0.014
0.06176037556724623 17.292 0.013
0.06219052981941786 17.305 0.013
0.062354461186714616 17.271 0.014
0.0627963340698443 17.277 0.019
0.0628273207237271 17.253 0.018
0.06436361773967292 17.279 0.014
0.06550599615093233 17.261 0.017
0.06587437500411397 17.263 0.014
0.06603385874541345 17.289 0.015
0.06688257030532441 17.279 0.014
0.06724070767950252 17.278 0.013
0.0680136390340067 17.326 0.021
0.06852909371627902 17.301 0.016
0.0688260687525144 17.289 0.014
0.0696968740230659 17.28 0.016
0.07093192707998242 17.283 0.016
0.07118200449303913 17.281 0.011
0.07136869308203586 17.286 0.014
0.07200857420230022 17.292 0.016
0.07649326833052328 17.308 0.02
0.07816276960511459 17.332 0.016
0.07889166561653838 17.269 0.012
0.0808248421085409 17.275 0.015
0.08152614936670943 17.271 0.015
0.08155373811996469 17.275 0.015
0.08239462955998533 17.245 0.014
0.0827515146800124 17.296 0.024
0.08286618870147322 17.289 0.019
0.08291394348793801 17.307 0.018
0.08310294365924165 17.298 0.019
0.08339973038937387 17.314 0.014
0.08391307370766299 17.309 0.014
0.08417351428761322 17.325 0.015
0.08427805927954068 17.284 0.016
0.08588169140875834 17.287 0.019
0.08608545617880736 17.325 0.012
0.08609121805875475 17.273 0.017
0.0869283692669569 17.303 0.015
0.08719094394473359 17.281 0.014
0.08765120726252462 17.299 0.014
0.08831579637717368 17.295 0.012
0.08858584653489743 17.259 0.014
0.08922516468192043 17.311 0.017
0.0893761136150033 17.321 0.015
0.08967072698192169 17.32 0.014
0.09019603498109063 17.304 0.014
0.09037196993165253 17.329 0.017
0.09154533730622916 17.313 0.017
0.09185782201939219 17.303 0.014
0.09193616800530435 17.33 0.011
0.09388289416091311 17.299 0.02
0.0958332665763919 17.321 0.014
0.0959849598607434 17.341 0.012
0.09681828841485185 17.3 0.014
0.09844112620385204 17.311 0.014
0.09933541493137454 17.324 0.014
0.1010744223722213 17.33 0.011
0.10122319137690283 17.343 0.014
0.10150013361680976 17.312 0.015
0.1016767439900832 17.272 0.017
0.10208317371734665 17.343 0.015
0.10357667573316576 17.33 0.016
0.1039116716171975 17.32 0.014
0.1041058063865421 17.357 0.017
0.10416955991195209 17.331 0.012
0.10435352407648679 17.287 0.015
0.10458384173193735 17.324 0.018
0.10509007232519707 17.339 0.014
0.10560441528286901 17.317 0.015
0.10599326785427365 17.283 0.016
0.1064119607090106 17.292 0.015
0.10661370419438754 17.299 0.013
0.10662707710025643 17.31 0.012
0.10670169476679803 17.344 0.014
0.10670393207476536 17.319 0.012
0.10707677703248919 17.319 0.014
0.10847884936333685 17.333 0.018
0.10946983755582096 17.326 0.012
0.11110127908068534 17.281 0.014
0.11146747764223619 17.328 0.016
0.1140534599453531 17.327 0.011
0.11720639851455417 17.308 0.017
0.11874842507450012 17.308 0.015
0.11874931153693069 17.281 0.009
0.12163650777256407 17.278 0.016
0.1216547988893808 17.364 0.014
0.12195718192617733 17.355 0.011
0.1232833846995618 17.35 0.011
0.12429122648472912 17.281 0.015
0.12453992266296154 17.3 0.013
0.12485663435973038 17.293 0.013
0.1260785836584546 17.305 0.012
0.12610053221976614 17.296 0.013
0.12663115388431834 17.369 0.019
0.12758532035962844 17.32 0.014
0.1278675007711172 17.333 0.018
0.12789613924985588 17.357 0.014
0.12812510411413314 17.325 0.017
0.12860877965113104 17.312 0.014
0.12872594857935837 17.314 0.015
0.12877436723942992 17.315 0.012
0.1294713027286889 17.362 0.015
0.13133475703148179 17.339 0.018
0.13166143218495563 17.32 0.016
0.13217749798104705 17.341 0.016
0.13292432466437276 17.294 0.014
0.1330830825324938 17.309 0.014
0.13355419844288008 17.281 0.014
0.13382570763906187 17.383 0.016
0.136025072368966 17.316 0.015
0.1360254262485796 17.289 0.013
0.13615231756580215 17.298 0.015
0.13694632487727176 17.343 0.014
0.13725012999702813 17.337 0.011
0.1378762130943869 17.327 0.012
0.13872426770922175 17.342 0.014
0.1389137915889478 17.341 0.012
0.13957284141247328 17.335 0.019
0.13962371145839825 17.338 0.018
0.13997103283236356 17.305 0.014
0.1405677007637678 17.351 0.017
0.14057402525304497 17.317 0.014
0.14151703376046498 17.327 0.014
0.14194105182923522 17.338 0.014
0.14251980258347885 17.348 0.016
0.14335262821714423 17.345 0.015
0.14399161096207536 17.296 0.013
0.14458841674968426 17.319 0.012
0.14602940830354783 17.331 0.019
0.14678102956349903 17.356 0.016
0.14754431936808032 17.325 0.013
0.14759557526576828 17.364 0.017
0.14769132626906867 17.314 0.013
0.1480828712924449 17.343 0.013
0.14907445212077164 17.327 0.015
0.1493010665007546 17.35 0.01
0.1493225537167291 17.354 0.011
0.14939899779619736 17.308 0.013
0.15032398360654042 17.391 0.021
0.15101197995863913 17.313 0.016
0.1512111388219637 17.328 0.011
0.15132846408369005 17.358 0.011
0.15321476799590528 17.326 0.014
0.15472079268283778 17.329 0.015
0.1556608765472447 17.335 0.012
0.15794231594577468 17.348 0.01
0.15802526625566315 17.334 0.014
0.15827499173576598 17.34 0.015
0.15935200659578186 17.352 0.014
0.16010953646650705 17.344 0.012
0.16040637364676513 17.331 0.016
0.16042577952521242 17.333 0.016
0.16068934885902308 17.298 0.014
0.16124911459655777 17.344 0.014
0.16195991898268858 17.302 0.013
0.1637346961053936 17.318 0.014
0.1671720619960979 17.332 0.021
0.16729011544020977 17.291 0.011
0.16877640808593242 17.33 0.015
0.16933482297815772 17.341 0.014
0.17046591711391557 17.34 0.016
0.17084530720330804 17.346 0.02
0.1719235597321358 17.329 0.013
0.1729037804282143 17.346 0.015
0.1731775777459461 17.347 0.016
0.1737097223942783 17.352 0.014
0.17415162530357975 17.365 0.018
0.17516107285928229 17.331 0.014
0.17540225696552625 17.315 0.016
0.17591342035530033 17.332 0.012
0.17593524953849737 17.304 0.012
0.1773834342943701 17.309 0.011
0.17766136195064064 17.331 0.022
0.17770959230506378 17.369 0.024
0.17828759676240225 17.347 0.014
0.17854607769368158 17.268 0.017
0.17881245885700991 17.318 0.016
0.18082956414718865 17.348 0.015
0.18183408850882188 17.347 0.014
0.18211973769484757 17.326 0.014
0.1844961610122482 17.318 0.014
0.1853356623413447 17.36 0.019
0.18614376417599487 17.365 0.022
0.18796337837102328 17.346 0.016
0.18819069090716312 17.338 0.018
0.18859250779951253 17.343 0.015
0.18969884312582508 17.347 0.014
0.19057397433471124 17.351 0.017
0.1919910781011822 17.367 0.021
0.19220648600912682 17.413 0.019
0.19640282695127098 17.36 0.013
0.19902813049748147 17.325 0.015
0.19941575391203514 17.37 0.021
0.20031961331528692 17.355 0.014
0.20072825992701837 17.36 0.021
0.20130552003365665 17.346 0.02
0.20166647580390418 17.317 0.018
0.20288941550234085 17.364 0.018
0.203746978793788 17.346 0.018
0.20410697917304788 17.381 0.015
0.20418334046644304 17.348 0.014
0.20422511309379843 17.315 0.017
0.20482124576892602 17.344 0.013
0.20550736525729008 17.334 0.014
0.20632771137729833 17.33 0.017
0.20680129022139226 17.347 0.013
0.20715341504705975 17.315 0.011
0.20747596448109107 17.356 0.012
0.2080001488434391 17.357 0.015
0.2081897555094656 17.334 0.015
0.2093266685405979 17.358 0.012
0.21222231874389763 17.343 0.015
0.21258599006296208 17.337 0.016
0.21354293177614636 17.326 0.014
0.21380832521305138 17.323 0.016
0.2149991823378059 17.34 0.013
0.21508705584165 17.337 0.02
0.2151263470578897 17.336 0.014
0.215575312241981 17.362 0.012
0.21588200504902488 17.342 0.011
0.21678019690762085 17.344 0.013
0.21737050339379493 17.36 0.014
0.2177638359280536 17.356 0.013
0.2214836733833181 17.346 0.014
0.22158569149678442 17.34 0.014
0.22171950030360676 17.336 0.013
0.22249717578415584 17.336 0.016
0.2236773135527983 17.352 0.013
0.22390964130818247 17.362 0.014
0.22416354137567396 17.367 0.014
0.2243213019146424 17.379 0.011
0.22517395587055944 17.336 0.013
0.22648218639733386 17.363 0.015
0.22651308564491046 17.353 0.014
0.22660112897756335 17.355 0.016
0.22743959905892552 17.354 0.014
0.22761806818061814 17.355 0.014
0.2282887538497107 17.363 0.019
0.22902213675320127 17.358 0.014
0.22913318335599797 17.361 0.011
0.2291396457017072 17.394 0.016
0.22916780435753026 17.333 0.014
0.23002402835254543 17.344 0.012
0.2301090253536131 17.352 0.014
0.23123960234715923 17.322 0.016
0.23152242584501437 17.36 0.015
0.2315228001479568 17.351 0.014
0.23157633529217492 17.346 0.015
0.23457918403755684 17.347 0.014
0.23808229276619386 17.361 0.015
0.23857034700176882 17.335 0.016
0.23864174352593182 17.352 0.014
0.24168783743255062 17.349 0.014
0.24265738691337901 17.342 0.015
0.24302558207955371 17.333 0.013
0.24443804760358034 17.333 0.015
0.24468875193542772 17.361 0.014
0.24550215552267218 17.353 0.013
0.2457244235406506 17.348 0.016
0.2473875933965246 17.349 0.011
0.24794310212337223 17.344 0.014
0.2488404348723634 17.348 0.014
0.24981475583217616 17.355 0.021
0.251270597445 17.356 0.014
0.2527865466865933 17.371 0.014
0.25353991850158764 17.372 0.015
0.2539547313226649 17.369 0.01
0.2547743885252203 17.293 0.014
0.25483477186708114 17.359 0.017
0.2552845545856144 17.334 0.012
0.2555295108959399 17.334 0.014
0.25565194072873965 17.353 0.014
0.25655961622078394 17.351 0.013
0.25747478299581417 17.351 0.013
0.25866483571712706 17.372 0.018
0.25926035302200034 17.35 0.017
0.2593392804587893 17.33 0.015
0.2595926887911446 17.363 0.013
0.25997204654458983 17.3 0.014
0.2604812522308748 17.381 0.013
0.2615005873856262 17.322 0.018
0.2617660316363981 17.33 0.011
0.2622179923373551 17.346 0.016
0.2623901435354128 17.374 0.016
0.2626120576737776 17.33 0.016
0.26304538918293474 17.374 0.016
0.26312168847744033 17.354 0.013
0.2631694109278442 17.37 0.014
0.264996916844666 17.349 0.017
0.2652711550845197 17.373 0.016
0.26547214036054356 17.359 0.014
0.2658844259394755 17.348 0.015
0.2676380142918333 17.332 0.015
0.26791579752716643 17.321 0.014
0.269194952908947 17.357 0.018
0.2693269168255483 17.358 0.014
0.27021632126047734 17.348 0.017
0.2702917156143485 17.37 0.015
0.270814461725422 17.348 0.012
0.27235958506616953 17.339 0.014
0.27303302554923903 17.361 0.013
0.2741056293748443 17.344 0.017
0.2742280545880931 17.336 0.017
0.2747699743862313 17.353 0.014
0.2752767086271888 17.354 0.014
0.2763436148816254 17.36 0.013
0.27658479898809674 17.331 0.017
0.27689012709197414 17.313 0.017
0.2773031088809148 17.287 0.021
0.27807799757465546 17.405 0.016
0.27813227901538085 17.359 0.012
0.27837103057845525 17.348 0.013
0.2784901637751318 17.38 0.014
0.2789836260112679 17.334 0.013
0.2790850950091226 17.356 0.013
0.2797272754360165 17.336 0.021
0.28076135512947076 17.364 0.021
0.2811595900698194 17.35 0.017
0.2819148826329183 17.346 0.018
0.28346029749081936 17.341 0.013
0.2845368872335712 17.336 0.017
0.2845696013446286 17.342 0.011
0.2872561057676535 17.354 0.017
0.28764686559225083 17.349 0.015
0.28781286443950194 17.341 0.016
0.2905961102655965 17.335 0.011
0.2907962845729344 17.387 0.015
0.2914237782044893 17.343 0.014
0.292311085134088 17.373 0.012
0.2949490172354672 17.367 0.011
0.29598561225884623 17.366 0.02
0.29624142809097975 17.319 0.013
0.29708163061332016 17.345 0.014
0.2973327254162541 17.351 0.016
0.3011188182325668 17.363 0.014
0.30126380810452247 17.344 0.018
0.30170816239888154 17.351 0.02
0.3019176062622364 17.36 0.013
0.3038237935666075 17.37 0.011
0.3044143576512397 17.361 0.014
0.30540906528767664 17.35 0.012
0.3074222605173418 17.368 0.015
0.30791670817052363 17.379 0.017
0.3080120363667902 17.368 0.012
0.30879021744112833 17.369 0.015
0.3107388893881762 17.345 0.019
0.3114302285703161 17.347 0.017
0.3118443405619473 17.37 0.017
0.3128244599936352 17.316 0.014
0.31317730412706624 17.363 0.014
0.31341566947457977 17.34 0.013
0.3153321028771643 17.384 0.021
0.31770017543703943 17.311 0.014
0.3189206013882995 17.387 0.015
0.3195825643065291 17.358 0.013
0.3203622479409205 17.345 0.012
0.3219283344260475 17.357 0.013
0.32276016042055744 17.314 0.019
0.32290118285300196 17.388 0.01
0.3254441425838195 17.343 0.015
0.32553108574029466 17.365 0.013
0.3256000243136441 17.322 0.014
0.3271939406183719 17.319 0.016
0.3275859708119242 17.351 0.014
0.3281553210831589 17.387 0.017
0.32890860549218814 17.347 0.014
0.32999370001653006 17.392 0.017
0.3301892129834414 17.368 0.02
0.3303222770762204 17.338 0.015
0.33032530261954207 17.347 0.013
0.3304120574694025 17.364 0.011
0.3306879519291215 17.378 0.016
0.3307879784206307 17.36 0.014
0.3317524826558156 17.372 0.014
0.33226311540829556 17.352 0.014
0.33264106493743384 17.384 0.015
0.3349068987413375 17.387 0.016
0.3357200543327963 17.372 0.015
0.3361366242749 17.363 0.014
0.33659751256504933 17.349 0.017
0.336688354233047 17.363 0.014
0.3368827689700993 17.334 0.016
0.33712130645585603 17.34 0.015
0.3382052704137095 17.386 0.019
0.3383037943453928 17.383 0.017
0.3384041882109159 17.348 0.013
0.33861670843180036 17.353 0.011
0.3396429102615457 17.347 0.014
0.3410350260651285 17.359 0.011
0.34161147751274257 17.364 0.018
0.34215467922786047 17.346 0.017
0.34369709856900954 17.35 0.013
0.34426619622445287 17.376 0.013
0.3444157738890681 17.339 0.011
0.34443786723568337 17.36 0.017
0.34559427549754673 17.347 0.014
0.34996007749577984 17.36 0.013
0.35218878189789393 17.384 0.014
0.35360005254727866 17.359 0.015
0.356915797264719 17.347 0.021
0.35781975756844986 17.366 0.017
0.3584882267168723 17.358 0.013
0.3604818300718762 17.361 0.014
0.3611282378465148 17.346 0.012
0.3631781696976759 17.353 0.018
0.36345158079973316 17.373 0.014
0.36368671381978857 17.344 0.016
0.36392404986509064 17.328 0.012
0.3648590430166223 17.342 0.02
0.36494494495900653 17.359 0.027
0.3674903861012808 17.368 0.019
0.3695384549478149 17.361 0.017
0.3716687432481649 17.355 0.011
0.3722372964089118 17.333 0.017
0.37257346176102146 17.402 0.019
0.37326326410129695 17.344 0.016
0.37332900693911597 17.329 0.017
0.3736314473553648 17.356 0.013
0.3741840614660532 17.393 0.014
0.37466165358046055 17.317 0.015
0.37724944381881187 17.319 0.015
0.37760444551076944 17.39 0.012
0.3779439902859849 17.395 0.016
0.378375653662431 17.379 0.016
0.3796336941855998 17.377 0.021
0.3796963105794475 17.367 0.012
0.3800956322015736 17.363 0.011
0.38057664762345667 17.391 0.014
0.38129167668375885 17.341 0.012
0.3821375282727786 17.392 0.012
0.38230504122839193 17.378 0.014
0.38392957219321033 17.371 0.016
0.3840021497339876 17.308 0.019
0.38445486864384293 17.411 0.017
0.3847776083307508 17.377 0.014
0.38499589237687815 17.352 0.013
0.3849965288977728 17.362 0.017
0.38717391503973886 17.364 0.021
0.388182868550075 17.367 0.015
0.3887444102497284 17.352 0.014
0.38953867710552004 17.376 0.02
0.3897536737545124 17.373 0.021
0.390790496349382 17.331 0.02
0.390925832759649 17.337 0.014
0.39165340333283893 17.352 0.011
0.39197925134908473 17.346 0.013
0.39488743577248897 17.384 0.014
0.39896539212480775 17.335 0.017
0.40076555959421967 17.368 0.014
0.4009238003200153 17.337 0.021
0.40443187381742973 17.376 0.017
0.406316730240178 17.378 0.011
0.4081061344686532 17.35 0.014
0.4089935103265816 17.352 0.01
0.4092155276750873 17.362 0.011
0.409397242983232 17.394 0.015
0.41121615172960446 17.348 0.014
0.41386329406168443 17.367 0.014
0.4162014273845216 17.351 0.014
0.41650330519132694 17.351 0.014
0.4172342363452799 17.374 0.012
0.4192694105272494 17.374 0.012
0.420409785767788 17.337 0.018
0.4212505070149746 17.363 0.018
0.42199330887910946 17.347 0.014
0.42319266616595996 17.342 0.021
0.4232672333823757 17.324 0.016
0.42570869214250706 17.356 0.013
0.4258372238764423 17.386 0.018
0.4260706383129218 17.366 0.016
0.42739646872905723 17.378 0.012
0.4279211402074452 17.333 0.012
0.4291444542091085 17.329 0.021
0.4303846603418151 17.358 0.017
0.4308233355432094 17.423 0.018
0.43083706427432844 17.321 0.019
0.4330057896645485 17.345 0.014
0.4334854080466357 17.365 0.015
0.4342494903426086 17.362 0.014
0.43501897103647025 17.377 0.017
0.43566050837671355 17.354 0.017
0.4363250512974446 17.312 0.009
0.43675799695483875 17.365 0.015
0.4370880538408528 17.351 0.014
0.43882525991239163 17.293 0.022
0.43897977000960964 17.352 0.014
0.43929958541684755 17.37 0.014
0.43939065429276525 17.316 0.015
0.44134025658695464 17.385 0.016
0.44215671112465316 17.337 0.016
0.44265627526101525 17.315 0.018
0.4431450622992088 17.368 0.014
0.4432511237091603 17.349 0.018
0.4452290729655033 17.349 0.012
0.4453686502176879 17.362 0.018
0.44696370863721313 17.329 0.022
0.44820123617637364 17.339 0.015
0.4487857557401185 17.357 0.018
0.4495779551166379 17.376 0.014
0.4496210300853818 17.345 0.014
0.4501056336603142 17.286 0.013
0.450126142024601 17.328 0.017
0.45061228937083797 17.324 0.015
0.4506399470519682 17.306 0.013
0.4514404744518288 17.384 0.014
0.451633467106376 17.338 0.015
0.45190430549882876 17.391 0.016
0.4520116692500551 17.338 0.014
0.4522179662453709 17.304 0.012
0.45367606364379753 17.327 0.018
0.4540075102765968 17.315 0.018
0.45455902421144856 17.377 0.016
0.4570469258144385 17.354 0.019
0.457480507992841 17.293 0.015
0.45759025882080095 17.361 0.021
0.4590558940608389 17.298 0.012
0.45968245041558475 17.284 0.011
0.4602817464897271 17.343 0.013
0.46043487571523656 17.369 0.018
0.460849410514129 17.231 0.015
0.46095089106120213 17.392 0.016
0.4611188976981566 17.31 0.011
0.4612031183764884 17.375 0.016
0.4612956532205317 17.261 0.015
0.46175473552148105 17.328 0.017
0.4620583889268346 17.385 0.016
0.4621490284293941 17.342 0.014
0.4623812918762269 17.231 0.011
0.46367399230257433 17.383 0.013
0.4641306855814946 17.331 0.017
0.46462371115148926 17.3 0.02
0.46475962439308205 17.329 0.014
0.46603382655484893 17.284 0.014
0.466836880833398 17.289 0.014
0.4673315629879653 17.287 0.017
0.4687006890153498 17.287 0.014
0.4689068477912315 17.313 0.012
0.4692943175450637 17.347 0.014
0.47126163254188214 17.294 0.014
0.47139217668473066 17.244 0.021
0.47280538655968485 17.311 0.015
0.4735320976596995 17.148 0.012
0.4739310588365697 17.255 0.015
0.4742215415011515 17.204 0.012
0.4743753831048707 17.194 0.014
0.47548952043780446 17.26 0.02
0.4757060265756081 17.138 0.011
0.4759624627604353 17.232 0.015
0.47617811173512337 17.285 0.014
0.4764137480392492 17.127 0.011
0.4764433515113069 17.139 0.014
0.47752608400242025 17.223 0.013
0.4783828066620117 17.261 0.02
0.4785152758087179 17.195 0.02
0.48004701469517386 17.148 0.012
0.48054791812865005 17.276 0.014
0.4838509834771685 17.223 0.019
0.4856752154910282 17.225 0.016
0.48653511735483335 17.242 0.017
0.48761386392868644 17.132 0.012
0.48830787282940946 17.215 0.02
0.48842029763022765 17.23 0.023
0.48873527263049255 17.18 0.014
0.4896872287868632 17.21 0.012
0.4903201076849655 17.165 0.014
0.49056675717156395 17.219 0.013
0.49104551182426803 17.085 0.011
0.49116202380719187 17.134 0.012
0.4925305225531247 17.093 0.011
0.49256803817092987 17.153 0.012
0.49272318709836327 17.093 0.011
0.4929082583685158 17.167 0.014
0.4929236552322891 17.217 0.013
0.492960118814608 17.164 0.015
0.49297511134818706 17.233 0.012
0.4932582448409448 17.187 0.015
0.49339367096672504 17.203 0.014
0.49356429881731856 17.126 0.011
0.4938973307964716 17.054 0.011
0.49512813644560083 17.083 0.01
0.49578012204938204 17.228 0.014
0.49623921589909514 17.17 0.01
0.49681109304896154 17.045 0.009
0.4977052119475047 17.142 0.015
0.4982290863158596 17.226 0.016
0.5001540244998068 17.141 0.014
0.5010700892864861 17.249 0.012
0.5037429065528158 17.116 0.014
0.5041129281316898 17.111 0.014
0.5044726574183187 17.101 0.014
0.5054696785832675 17.114 0.013
0.5065617406835372 17.107 0.015
0.5076799968066439 17.146 0.021
0.5085412818516488 17.031 0.011
0.5096470730468354 17.066 0.013
0.5097251413740196 17.039 0.012
0.5123679758817161 17.158 0.012
0.5132752790163977 17.111 0.018
0.5152514087894815 17.111 0.014
0.5158417522311538 17.169 0.015
0.5158585939116165 17.212 0.016
0.5161087056071665 17.113 0.014
0.5168415001301128 17.091 0.016
0.5179128863469487 17.061 0.014
0.5179428964584076 17.17 0.013
0.5181245424748226 17.017 0.012
0.5183588830034296 17.136 0.016
0.518460655067031 17.065 0.013
0.5187161747630853 17.166 0.015
0.5187180312022974 17.048 0.012
0.5193440588658405 17.085 0.014
0.519546192822645 17.104 0.014
0.5198570117128156 17.146 0.014
0.5212017562716937 17.079 0.014
0.5215290952994565 17.063 0.011
0.5218581390513464 17.044 0.016
0.5235744786232317 17.067 0.016
0.5245964719474614 17.142 0.017
0.5251600214369319 17.025 0.011
0.5253141110365505 17.036 0.01
0.5262308905116697 17.097 0.011
0.5267284280168951 17.035 0.014
0.5270214976126226 17.146 0.014
0.5272943850068259 17.103 0.01
0.5286840428598225 17.009 0.013
0.5292192519530659 17.024 0.01
0.5296340717031853 17.038 0.014
0.5309537108669247 17.106 0.016
0.5318223242963995 17.002 0.011
0.5320143315334462 17.021 0.009
0.5332207576605015 17.004 0.013
0.5332769413710139 17.077 0.014
0.5338642958615765 17.01 0.011
0.5347857000845124 17.134 0.013
0.5351615201348068 17.013 0.012
0.535368354333059 17.046 0.012
0.5365424291030649 17.1 0.014
0.5378015312644493 17.046 0.012
0.5380230730456788 17.071 0.011
0.5382517364267869 17.098 0.015
0.5384485336209082 17.011 0.009
0.5388817230182212 17.01 0.01
0.5414462893436394 17.066 0.01
0.5421069291337517 17.04 0.009
0.5430673007199402 17.013 0.01
0.5447395864712234 17.083 0.014
0.5461249754018809 17.014 0.013
0.5463292757922318 17.05 0.009
0.5478586437704962 17.046 0.009
0.5479702510369862 17.025 0.011
0.5482100338481359 16.989 0.01
0.5486271918068155 16.998 0.016
0.5497294518644935 17.017 0.014
0.549764153342494 17.022 0.011
0.5505916006385405 17.003 0.01
0.5506249697491512 16.998 0.012
0.5514490376226604 17.053 0.014
0.5525131389758826 17.026 0.012
0.5527188934217975 17.001 0.014
0.5529952934757603 17.022 0.008
0.5534229620600399 17.038 0.011
0.5548182366437686 17.023 0.014
0.5552118287221219 17.039 0.014
0.5557758148779612 17.014 0.009
0.5561889664954833 17.032 0.013
0.5568021041140128 17.021 0.01
0.5573923670790464 17.03 0.011
0.558113291256177 17.044 0.013
0.5592006415658943 17.007 0.009
0.5600103168339956 17.012 0.013
0.5618994830265365 17.025 0.015
0.5625957430929702 17.03 0.013
0.5662475195626939 17.014 0.011
0.5671227724592427 17.04 0.016
0.5682833387764958 17.011 0.012
0.5694764909521837 17.015 0.014
0.5713436465848645 17.004 0.009
0.5714483063353555 16.995 0.011
0.5733961811715744 17.012 0.012
0.5761478708052437 17.009 0.013
0.5787073830097142 17.03 0.013
0.5791709545123922 17.053 0.012
0.5792200120035886 16.996 0.014
0.5804641235766894 17.049 0.014
0.5809316578994412 17.056 0.01
0.5815072617861006 17.044 0.011
0.5816638898127167 17.043 0.01
0.5819409148389241 16.995 0.017
0.5820123232751939 16.977 0.019
0.5820676729194929 17.021 0.015
0.58312057934927 17.031 0.015
0.5834892038888029 17.002 0.011
0.5837732792774659 17.029 0.015
0.584128560937188 17.013 0.012
0.5841325653323111 17.014 0.014
0.5842111573674629 17.017 0.012
0.5861512763926839 16.993 0.011
0.5865309510697898 17.036 0.009
0.5868879374543212 17.013 0.013
0.5873620812180889 17.023 0.012
0.5892675584535709 17.053 0.011
0.5894293052733701 17.051 0.013
0.5900815115192017 17.01 0.017
0.5921060853602285 17.065 0.014
0.5926054538974768 17.014 0.009
0.5940357099271978 17.037 0.01
0.5942186382242198 17.012 0.011
0.5945728216540829 17.033 0.014
0.5957047494925973 16.998 0.02
0.5957500832846563 17.017 0.013
0.5964397866700892 17.005 0.017
0.5969546918736341 17.013 0.011
0.5973895259428446 16.993 0.013
0.5979995991160649 17.064 0.011
0.5986424734437605 17.008 0.011
0.5993298771591071 17.047 0.01
0.5999034544140613 17.003 0.012
0.6007763133050048 17.021 0.012
0.6012457156152777 17.082 0.009
0.6016425881623491 17.037 0.016
0.6019777981241532 17.001 0.014
0.602689422718413 17.035 0.012
0.6033157515009862 17.021 0.019
0.6060923901964088 17.051 0.01
0.6088355565707388 17.076 0.013
0.609548982170736 17.045 0.013
0.6099468955683278 17.028 0.012
0.6124367664233432 17.027 0.015
0.6135245210630274 17.046 0.01
0.6135408205577733 17.073 0.018
0.6136752474076275 17.048 0.013
0.6148157304780852 17.072 0.01
0.6149945211432168 17.027 0.012
0.615084131344247 17.01 0.01
0.6170070524995026 17.012 0.013
0.6171412537236165 17.074 0.015
0.6177158672096539 17.043 0.011
0.6183236407123331 17.057 0.013
0.6183857996528559 17.041 0.014
0.6184881785748075 17.019 0.014
0.6189329371991334 17.04 0.014
0.6191650993813482 17.0 0.012
0.6199350879786607 17.063 0.013
0.6206667961837411 17.053 0.009
0.6223234393851271 17.084 0.01
0.6232871283959867 17.029 0.013
0.6235553636888653 17.066 0.009
0.6236588612641754 17.066 0.016
0.6239608214937107 17.091 0.012
0.6248089770094793 17.063 0.013
0.6250279988412331 17.041 0.011
0.6259050781509359 17.051 0.01
0.6273107386344918 17.019 0.012
0.6273701065325099 17.046 0.012
0.6277509302540238 17.053 0.019
0.6282711402473069 17.102 0.01
0.6285495989050105 17.021 0.01
0.6304056489661889 17.101 0.012
0.6304719020172342 17.05 0.014
0.6307493679646541 17.037 0.014
0.6311896100341983 17.017 0.011
0.6328492556822312 17.01 0.015
0.6338924647654949 17.106 0.01
0.6352382590504249 17.059 0.014
0.6355480971428733 17.051 0.013
0.6360021553496154 17.041 0.011
0.636474491177978 17.084 0.009
0.6383074621112428 17.089 0.009
0.6383494484525727 17.037 0.012
0.6391145023076206 17.075 0.016
0.6393580365347589 17.037 0.013
0.639446704839429 17.031 0.01
0.6405738311721052 17.037 0.011
0.6406959717983227 17.061 0.01
0.6419503937779609 17.042 0.013
0.6420715855783783 17.128 0.019
0.6421157772551851 17.051 0.009
0.6428205236256872 17.034 0.014
0.6430299975154412 17.061 0.011
0.6437740836063313 17.053 0.015
0.6441083331942536 17.086 0.009
0.6444234595446687 17.092 0.013
0.6497265790450228 17.054 0.014
0.6501010597989989 17.029 0.013
0.6506493664492154 17.054 0.013
0.6509985208015223 17.093 0.009
0.6516075257713965 17.067 0.015
0.6519647162665478 17.076 0.014
0.6527851936771185 17.081 0.012
0.6531128865835854 17.068 0.015
0.6534542254353255 17.067 0.011
0.6542286042797514 17.112 0.015
0.6551926263816767 17.103 0.011
0.657950298174228 17.033 0.012
0.6586791002141581 17.113 0.01
0.6588445341417355 17.046 0.011
0.660060262161096 17.056 0.011
0.6603364966417757 17.089 0.02
0.6604093568239477 17.055 0.011
0.6612478546217062 17.078 0.012
0.6626487967500907 17.056 0.014
0.6631198618464396 17.064 0.019
0.6635351733320931 17.108 0.011
0.6636813530958534 17.05 0.014
0.6637100400794225 17.069 0.018
0.6647373628727564 17.082 0.01
0.6654917250880317 17.055 0.014
0.6663206360426557 17.114 0.019
0.6675055452906236 17.053 0.012
0.669728558687325 17.074 0.013
0.6699615094689761 17.048 0.014
0.6717682424941813 17.12 0.017
0.6726155847309201 17.113 0.012
0.6742223113319596 17.082 0.013
0.6744170799479434 17.109 0.009
0.6749907261312273 17.106 0.011
0.6751085200312446 17.058 0.013
0.6762738674306092 17.078 0.014
0.6772608997325733 17.129 0.015
0.6778912467689224 17.092 0.014
0.6781776218276718 17.101 0.02
0.6789764121670032 17.16 0.017
0.6792251707079231 17.138 0.01
0.6803467558034981 17.082 0.016
0.6806086184665219 17.046 0.015
0.680940802521036 17.101 0.017
0.6836190046906268 17.092 0.012
0.6842868650351193 17.124 0.011
0.6860375106306265 17.11 0.014
0.6883460889855542 17.097 0.015
0.6906445979998352 17.111 0.014
0.6909418141027572 17.103 0.017
0.6910075249679721 17.092 0.013
0.691096406986162 17.09 0.013
0.6915182081706917 17.107 0.012
0.6929226375518738 17.081 0.013
0.6945009917833431 17.084 0.012
0.695214208652942 17.079 0.012
0.6956027970611558 17.106 0.013
0.6987436242175136 17.077 0.013
0.7003513500940244 17.1 0.011
0.7009031759691879 17.104 0.01
0.701089736304084 17.137 0.01
0.7023409675311996 17.091 0.011
0.7028661765762081 17.113 0.014
0.7028852813355115 17.11 0.016
0.7045418302018334 17.105 0.013
0.7050559317290208 17.086 0.02
0.7052319883677001 17.146 0.014
0.7055944332028048 17.115 0.01
0.7073339528031397 17.102 0.015
0.707769480773095 17.087 0.01
0.7082988594218023 17.126 0.014
0.7088225454831445 17.154 0.014
0.7094389431458694 17.104 0.014
0.7096731019332765 17.063 0.014
0.7120789542750572 17.115 0.014
0.7122203510102736 17.099 0.014
0.7123645896026574 17.108 0.014
0.713915141367579 17.139 0.012
0.7144584947974977 17.107 0.013
0.7149343409757876 17.188 0.02
0.721563943945057 17.14 0.016
0.721631991072627 17.144 0.019
0.7230262040184243 17.181 0.016
0.7233653883486113 17.122 0.013
0.7239133711459544 17.082 0.013
0.7243808180628548 17.132 0.015
0.7252479889853021 17.135 0.01
0.726093644975208 17.143 0.011
0.726463955761119 17.095 0.012
0.7282952519960872 17.152 0.009
0.7289495372701822 17.119 0.011
0.7294488622865174 17.144 0.013
0.7298591285266411 17.104 0.014
0.7306527611708589 17.108 0.015
0.7307808335049231 17.127 0.014
0.7310850818561221 17.17 0.015
0.731756487196435 17.12 0.01
0.7321329961641823 17.131 0.016
0.732550616196022 17.094 0.013
0.7328811440297613 17.084 0.014
0.733989487510371 17.133 0.014
0.7351696961534344 17.081 0.016
0.7355734265001956 17.152 0.013
0.7365039096630426 17.122 0.013
0.73663685243082 17.139 0.012
0.7370147395972708 17.134 0.013
0.7370707191971633 17.129 0.014
0.737224985554576 17.116 0.013
0.7375917586377909 17.11 0.011
0.7376626314535315 17.105 0.012
0.7377915813754043 17.123 0.013
0.7382281452123607 17.108 0.011
0.7400405711896383 17.144 0.019
0.7408629643646236 17.12 0.013
0.7409428267683325 17.171 0.011
0.741286837647749 17.177 0.014
0.7413933723155424 17.109 0.01
0.7419025714361851 17.107 0.013
0.7424770651805375 17.142 0.019
0.7437405526056864 17.147 0.013
0.7437513297045371 17.113 0.011
0.7437871267395622 17.147 0.011
0.7463423661288289 17.161 0.018
0.7463913408341796 17.131 0.013
0.7464885204858547 17.159 0.017
0.7473333219855931 17.179 0.01
0.7484168496414441 17.106 0.017
0.749527171248701 17.144 0.014
0.7500418169083787 17.173 0.012
0.7503536512422215 17.195 0.016
0.7520211239391301 17.158 0.021
0.7527707169851965 17.171 0.012
0.7531096183099066 17.134 0.01
0.7532131759385265 17.155 0.015
0.7547776770775272 17.169 0.014
0.7564912621987787 17.157 0.014
0.7585233530944606 17.122 0.014
0.7588890714682748 17.136 0.016
0.7620391292794011 17.143 0.013
0.7628651225199974 17.144 0.011
0.7631712981846022 17.137 0.013
0.7632659486480406 17.194 0.015
0.7642722489722473 17.172 0.009
0.7644581727859077 17.157 0.009
0.764666750610445 17.165 0.01
0.7654904260662079 17.17 0.012
0.7660223385232712 17.178 0.011
0.7669563828499122 17.158 0.014
0.7671643680382658 17.147 0.013
0.7683280611632881 17.174 0.014
0.770135609777185 17.171 0.011
0.7735439463540388 17.182 0.011
0.7737494735920336 17.158 0.015
0.7742242488932334 17.154 0.014
0.7753891230347563 17.134 0.011
0.7761699896316259 17.133 0.014
0.7761835785609037 17.144 0.014
0.776690788005908 17.141 0.012
0.7777990186734769 17.16 0.019
0.778296151848906 17.132 0.012
0.7796281280511721 17.128 0.012
0.7816895282280711 17.134 0.01
0.7821124965707895 17.165 0.016
0.7834288961136053 17.183 0.012
0.7835573084687439 17.135 0.014
0.7839033294476394 17.146 0.012
0.7840585677274703 17.148 0.01
0.7843421679122002 17.162 0.019
0.7844683514709914 17.164 0.011
0.7849435360849384 17.177 0.016
0.7850674707874532 17.196 0.014
0.7867315551861793 17.194 0.013
0.7879807532167433 17.144 0.012
0.7885878255261787 17.161 0.012
0.789195922881845 17.16 0.015
0.7896294865822711 17.135 0.015
0.7902165973330284 17.144 0.013
0.7913246881985287 17.161 0.013
0.7919241795084417 17.17 0.011
0.7922200058644648 17.146 0.011
0.7967515956697753 17.205 0.014
0.7967824510326409 17.165 0.011
0.799398960590679 17.163 0.014
0.7994032565020461 17.125 0.014
0.7995563029413688 17.144 0.017
0.8001055514876043 17.178 0.018
0.8007051186548324 17.166 0.013
0.8014671196133349 17.191 0.011
0.8016717253788102 17.153 0.013
0.8018880936606365 17.159 0.014
0.8023572133292873 17.209 0.011
0.803121047265904 17.156 0.012
0.8031324258763561 17.148 0.013
0.8032961989642899 17.211 0.013
0.8038421046796884 17.167 0.012
0.8057654370936689 17.155 0.011
0.8077814052521717 17.147 0.018
0.8088818708692997 17.179 0.013
0.8095948670961661 17.149 0.013
0.8111736325865877 17.142 0.014
0.8113200695850082 17.197 0.016
0.8114862640313731 17.169 0.013
0.8118952529739545 17.171 0.013
0.8119851204091901 17.217 0.012
0.8120060835535696 17.173 0.013
0.8120858127206247 17.156 0.014
0.813585625730866 17.194 0.011
0.8146913156615483 17.121 0.01
0.8158230551935048 17.184 0.015
0.8170869265245528 17.187 0.013
0.8184851276969312 17.21 0.01
0.8201088500027254 17.215 0.014
0.8206793489543998 17.214 0.009
0.8209689906231006 17.197 0.009
0.8219690169075875 17.18 0.014
0.8225272477492354 17.201 0.015
0.8233120062918715 17.185 0.011
0.823386959360505 17.19 0.015
0.8242688144049453 17.268 0.016
0.825778551969961 17.18 0.014
0.8266226345258474 17.177 0.014
0.8267741899539942 17.179 0.011
0.8272980966571595 17.238 0.02
0.8274277170186224 17.189 0.013
0.8276695765478053 17.176 0.014
0.8280604395831688 17.172 0.017
0.8284112093078875 17.176 0.015
0.828876912598389 17.166 0.017
0.8292121865047193 17.199 0.014
0.8297542630007229 17.21 0.015
0.8299203423243853 17.169 0.013
0.8300974074774103 17.169 0.014
0.8307445734608336 17.215 0.015
0.8314853790834604 17.164 0.017
0.8315536926847926 17.179 0.011
0.8325312093807042 17.196 0.012
0.8326338913680047 17.178 0.013
0.8330172350388239 17.156 0.012
0.8352226970500851 17.213 0.014
0.835318486954975 17.199 0.011
0.8354987617024108 17.195 0.012
0.8356645999592729 17.193 0.015
0.8364467253761632 17.18 0.017
0.8380021980254924 17.233 0.013
0.8384946998875193 17.21 0.011
0.8413462069183879 17.2 0.013
0.841824274236842 17.204 0.013
0.8423843434034097 17.181 0.014
0.8427067981384653 17.218 0.011
0.8428749499244077 17.165 0.012
0.8430168383961245 17.204 0.012
0.8430816393374698 17.217 0.016
0.8431401277020996 17.21 0.013
0.8431457193892129 17.188 0.012
0.8432967168273535 17.204 0.014
0.8437009820668209 17.168 0.014
0.8443246761412411 17.188 0.014
0.8447006933738521 17.149 0.012
0.8447935497608796 17.193 0.014
0.8450758310727906 17.18 0.013
0.845579824358083 17.204 0.013
0.8458660157302802 17.196 0.016
0.8459477915887987 17.217 0.012
0.8460883935234165 17.218 0.014
0.8475144525959877 17.203 0.016
0.8505735104590713 17.211 0.013
0.8549682724798231 17.191 0.013
0.8587298321126582 17.179 0.011
0.8587964829280281 17.198 0.012
0.8590082264618104 17.207 0.012
0.8593007862082231 17.181 0.016
0.860310959636081 17.216 0.02
0.8622840569364598 17.237 0.013
0.8632995555785783 17.215 0.012
0.8637212235266816 17.191 0.016
0.8644747975063183 17.189 0.02
0.8659322129165048 17.19 0.014
0.8659856537256019 17.216 0.012
0.8670120577203306 17.228 0.016
0.8671515775931766 17.19 0.013
0.8676267687726522 17.22 0.011
0.8681668555925626 17.189 0.014
0.8686256648552444 17.234 0.014
0.8687964767564154 17.201 0.009
0.8701430477281065 17.221 0.011
0.8707534832922192 17.195 0.012
0.8727421337905525 17.236 0.014
0.8732371374878767 17.183 0.013
0.8740472536776451 17.22 0.014
0.875950769318024 17.222 0.01
0.8760405678253846 17.209 0.012
0.8762653581025006 17.241 0.012
0.8764691344209723 17.214 0.01
0.8767659719651419 17.212 0.012
0.8773426825930528 17.223 0.011
0.8776579976138237 17.23 0.009
0.8776873438519033 17.181 0.014
0.8790169464716655 17.23 0.018
0.8792147845160798 17.23 0.013
0.8807531166758054 17.207 0.014
0.8809610125122163 17.213 0.013
0.8821135981197585 17.177 0.016
0.8831132609225278 17.2 0.017
0.8834206156579967 17.186 0.015
0.8847241940829917 17.21 0.012
0.8848808748698502 17.216 0.016
0.8850793378869639 17.187 0.015
0.8853493052579324 17.231 0.016
0.8854839985810941 17.222 0.02
0.8860826881609682 17.158 0.014
0.8870112944605353 17.203 0.012
0.8880407929270859 17.221 0.019
0.8887159724172307 17.239 0.01
0.8890665515255023 17.245 0.019
0.8893130997479375 17.27 0.016
0.8898805616075833 17.225 0.014
0.8901301611440431 17.241 0.016
0.8913589771173065 17.192 0.012
0.8915505110967388 17.052 0.019
0.8942272911831424 17.223 0.014
0.8945360171869652 17.193 0.016
0.8947517604965469 17.208 0.014
0.8970939555938457 17.221 0.01
0.8972569200223006 17.202 0.017
0.8987546929065502 17.185 0.012
0.900254089674263 17.183 0.014
0.900943671371806 17.24 0.014
0.9011726886328688 17.235 0.016
0.901387350244022 17.218 0.011
0.9015031155663564 17.21 0.017
0.902122577674163 17.267 0.014
0.9023248629816862 17.224 0.011
0.9028882495722428 17.23 0.014
0.90309015133721 17.257 0.014
0.9055429682839531 17.237 0.013
0.9075166720790548 17.237 0.022
0.90781911249519 17.225 0.017
0.9087265673442744 17.237 0.014
0.9091483750942189 17.265 0.013
0.9092958348292086 17.253 0.009
0.9097541589210323 17.241 0.015
0.9102973402125372 17.248 0.01
0.9110828955024317 17.24 0.014
0.9113371633079623 17.182 0.015
0.9118375241914691 17.188 0.013
0.9131569796682015 17.255 0.013
0.9132091200822288 17.267 0.014
0.9141047916273237 17.254 0.013
0.9157969907973893 17.217 0.013
0.9174785256809628 17.223 0.012
0.9195705724905565 17.242 0.012
0.9201258906018666 17.247 0.014
0.9210435291863632 17.26 0.02
0.9217193840986511 17.231 0.015
0.922195876036767 17.247 0.017
0.9223763529489588 17.246 0.013
0.9230602875259137 17.234 0.014
0.9235585258609262 17.2 0.015
0.9272332736281896 17.238 0.021
0.9280157710383037 17.225 0.014
0.9299321150888318 17.213 0.011
0.9314760574131924 17.245 0.015
0.9339395775477897 17.233 0.019
0.934079161729187 17.245 0.013
0.9358705806769194 17.308 0.022
0.9359525016848238 17.224 0.012
0.9361245635313935 17.24 0.011
0.9368343801907031 17.221 0.013
0.9368897802851279 17.218 0.017
0.9375682771990341 17.245 0.012
0.9379713760085906 17.266 0.018
0.9382625776162286 17.185 0.016
0.938643010502517 17.221 0.016
0.9386660507284432 17.227 0.015
0.9394670375281748 17.252 0.01
0.9398170833260338 17.208 0.014
0.939830451612579 17.242 0.012
0.940924206888667 17.23 0.018
0.9416283144281579 17.267 0.013
0.94304499344139 17.243 0.012
0.943571571809116 17.239 0.009
0.9444110045742491 17.259 0.014
0.9475950445557828 17.238 0.014
0.9476441135952882 17.223 0.014
0.9497583800596203 17.227 0.014
0.9502865322247089 17.233 0.013
0.9510474415186536 17.264 0.013
0.9512213802277074 17.218 0.014
0.9512694384434326 17.241 0.014
0.9529865866747969 17.255 0.014
0.9531445474326574 17.27 0.012
0.9532185470561672 17.249 0.014
0.9540050488612906 17.265 0.014
0.9557845585613904 17.249 0.016
0.9589391329272985 17.228 0.014
0.9596964286611183 17.256 0.011
0.9604246053650058 17.266 0.012
0.9612070823515069 17.261 0.012
0.962336439790306 17.257 0.022
0.9626196491399241 17.255 0.011
0.9628346527179019 17.276 0.016
0.9648966894160367 17.214 0.014
0.9649024512955293 17.255 0.013
0.9649234510320639 17.283 0.014
0.965440327797296 17.259 0.014
0.966026621013043 17.24 0.014
0.9673298983195764 17.244 0.018
0.967931544514613 17.264 0.012
0.9681244616754157 17.283 0.014
0.9694561228993734 17.312 0.021
0.9721034878202772 17.291 0.013
0.9738695164212459 17.249 0.014
0.9748058165334896 17.281 0.017
0.9777491410468429 17.237 0.014
0.9779452605087045 17.249 0.014
0.9781424735813289 17.237 0.021
0.9785889758313715 17.245 0.017
0.9791237051013013 17.266 0.016
0.9792482647762881 17.255 0.013
0.9794997962449088 17.259 0.017
0.9798429226075314 17.238 0.017
0.9804975637069901 17.279 0.014
0.9812804635012071 17.256 0.016
0.9821250997911193 17.3 0.022
0.9825894772800439 17.266 0.017
0.9826420451208833 17.297 0.02
0.9835685103939795 17.257 0.017
0.9869432572178312 17.227 0.017
0.9882340118528532 17.255 0.012
0.9887384783958169 17.286 0.012
0.9889866304420138 17.226 0.013
0.9890799689621872 17.275 0.013
0.9891981671917165 17.28 0.012
0.9895140448222719 17.263 0.014
0.9900212153656867 17.257 0.011
0.9922449160972064 17.274 0.015
0.9940520030022526 17.279 0.014
0.9946371979881405 17.283 0.012
0.9947070969351444 17.263 0.016
0.9953345193289351 17.246 0.014
0.9967813967605252 17.25 0.017
0.9973066242823734 17.288 0.01
0.9973324004813549 17.254 0.018
0.998742255976822 17.282 0.016
0.9994214078892583 17.244 0.014
0.999907465519982 17.277 0.015
