0.00031712929935567846 16.271 0.01
0.0010663178856248345 16.287 0.009
0.0014565098784032893 16.299 0.009
0.002908389475260287 16.269 0.009
0.0038813254883734993 16.299 0.007
0.005248247274857953 16.298 0.01
0.006763180602229135 16.296 0.007
0.008299112709346468 16.307 0.008
0.011454163399912454 16.33 0.009
0.01306161809488915 16.309 0.007
0.014149799932647533 16.302 0.007
0.01428500448448633 16.312 0.007
0.015739177072782717 16.322 0.007
0.01625484203773342 16.297 0.009
0.01649299507939761 16.299 0.009
0.017582846111872663 16.304 0.009
0.019446926006958187 16.31 0.01
0.021924799744874712 16.305 0.009
0.02455725862196234 16.313 0.008
0.02487707230366143 16.296 0.011
0.026117824532912004 16.295 0.009
0.027525461454979472 16.297 0.009
0.028299825068779705 16.312 0.009
0.028526709868538114 16.313 0.009
0.029251475451155806 16.316 0.009
0.02969373665623609 16.302 0.009
0.03050723530591315 16.327 0.009
0.031197961489988324 16.317 0.01
0.033169121509467936 16.346 0.007
0.03422262932613196 16.299 0.009
0.03448013034326325 16.337 0.007
0.0345648881788293 16.315 0.009
0.03533647301801468 16.332 0.009
0.03624448065070285 16.32 0.006
0.03668444129893944 16.314 0.007
0.0389587599667266 16.308 0.01
0.040551082068896016 16.309 0.009
0.041207417821988224 16.329 0.009
0.04274946709406324 16.34 0.01
0.04287537040922873 16.336 0.009
0.04418539032726587 16.325 0.008
0.04424451670197416 16.322 0.008
0.04461260477241924 16.364 0.009
0.04509402279850294 16.312 0.009
0.045734287003506346 16.332 0.007
0.045795107619733266 16.328 0.008
0.04811187258078464 16.323 0.009
0.04818637496148315 16.34 0.007
0.04892714686891397 16.356 0.008
0.049963652922679125 16.338 0.009
0.05000292270951834 16.331 0.009
0.050136859059330185 16.334 0.008
0.05137514115065189 16.332 0.007
0.05172586233893528 16.333 0.007
0.052601418238077735 16.329 0.007
0.053301257685598125 16.327 0.009
0.05513608192100039 16.326 0.009
0.055148217372470776 16.344 0.01
0.056580619589249204 16.318 0.009
0.05662699219592471 16.325 0.009
0.057786488038937045 16.323 0.007
0.059006269796691435 16.341 0.009
0.060697000063237305 16.354 0.008
0.062407025083439316 16.355 0.009
0.06241896160244098 16.346 0.008
0.06277280281406095 16.33 0.012
0.06656369361066938 16.345 0.009
0.06762866194653727 16.338 0.009
0.06993601152921658 16.351 0.009
0.07020801377793762 16.374 0.008
0.07043378691209912 16.338 0.008
0.07122358301480747 16.332 0.009
0.07168827204181982 16.353 0.009
0.07457304068193482 16.353 0.009
0.07513070424797663 16.352 0.008
0.07670828496716242 16.348 0.009
0.07682816673482196 16.34 0.008
0.07804105321306454 16.382 0.008
0.07829105915893708 16.344 0.009
0.07936523533194306 16.341 0.009
0.08012942175914761 16.334 0.007
0.08199690526830639 16.358 0.009
0.08230347939856986 16.357 0.01
0.08246949688204952 16.359 0.007
0.08282646672491867 16.34 0.009
0.08425091743733903 16.357 0.009
0.0846159246183561 16.363 0.008
0.08555383453508514 16.362 0.009
0.08749262983124029 16.362 0.01
0.08797073438076952 16.374 0.007
0.08835800750071032 16.355 0.008
0.08849409334939085 16.365 0.009
0.08911145712604596 16.361 0.009
0.08923091937654137 16.356 0.007
0.08923277550186415 16.386 0.009
0.09144129857954797 16.368 0.01
0.09198729291088059 16.382 0.008
0.09259665508911896 16.38 0.011
0.09366259499224727 16.374 0.009
0.09381325381823447 16.388 0.009
0.09392993846963693 16.359 0.008
0.09427243421341702 16.374 0.009
0.09638564410388428 16.358 0.009
0.09677159358184328 16.361 0.008
0.09788891693747248 16.372 0.008
0.09851595359273235 16.363 0.009
0.099318846930737 16.365 0.009
0.10141631673845952 16.367 0.009
0.10200388141324768 16.366 0.009
0.10259890320085108 16.369 0.009
0.10286648356932349 16.371 0.007
0.10613724734380414 16.384 0.011
0.10665726896527306 16.396 0.007
0.10669321992954794 16.364 0.008
0.10711085711354829 16.382 0.008
0.10756400083087103 16.376 0.01
0.11018249095891408 16.368 0.01
0.1110660625437504 16.364 0.009
0.11271468776535587 16.386 0.008
0.11305936131670935 16.372 0.011
0.11361922329947449 16.364 0.007
0.11411711164796545 16.399 0.008
0.11516599982737719 16.356 0.009
0.1152206380558255 16.39 0.009
0.11603403234735199 16.384 0.007
0.12017691905625727 16.388 0.01
0.12017903920482242 16.408 0.009
0.1208965107340646 16.382 0.009
0.1214400903674232 16.393 0.008
0.12160587526377642 16.381 0.009
0.122047633336274 16.381 0.008
0.12210055019024824 16.402 0.009
0.1224621364090922 16.389 0.006
0.12280685887778875 16.392 0.009
0.12347258065826738 16.396 0.008
0.12612737174063116 16.376 0.01
0.12756719297888142 16.385 0.009
0.1283857318253695 16.411 0.008
0.12868739946738972 16.391 0.009
0.12940362340409595 16.379 0.009
0.1298682070306768 16.382 0.008
0.13089493362863325 16.383 0.01
0.13168550236687226 16.411 0.008
0.1322384408951166 16.394 0.009
0.13231487767020556 16.401 0.008
0.13508369085539018 16.383 0.01
0.1356404219888191 16.376 0.01
0.13632846723398873 16.397 0.008
0.1385090756426962 16.391 0.009
0.1393784611551837 16.369 0.008
0.14150945522717395 16.402 0.007
0.1421895760996904 16.416 0.011
0.14229480127473837 16.392 0.008
0.14461638910838703 16.414 0.009
0.14571809734925412 16.401 0.01
0.14580491128585893 16.396 0.008
0.14761709037488802 16.401 0.007
0.1480905090212673 16.41 0.009
0.14846412307260837 16.399 0.012
0.15040530593400947 16.381 0.009
0.1514687235195652 16.402 0.01
0.15203487107330604 16.429 0.007
0.1521161296783703 16.42 0.009
0.1542657643148232 16.407 0.009
0.15662749462549075 16.403 0.009
0.1568020244041236 16.403 0.009
0.15726140477422634 16.398 0.009
0.15727911394824334 16.42 0.008
0.15750083358298073 16.41 0.009
0.15946843684619127 16.392 0.009
0.1614569420964017 16.398 0.01
0.16245763950214498 16.415 0.01
0.1640463471891508 16.416 0.011
0.1640556582093723 16.41 0.007
0.16408500844331686 16.413 0.01
0.1644224639905133 16.418 0.009
0.164791560544154 16.438 0.008
0.16528082467416427 16.405 0.009
0.1661653949587617 16.414 0.01
0.16655086947891962 16.45 0.008
0.16661362122808898 16.415 0.009
0.1684289768242252 16.416 0.009
0.169292103898124 16.408 0.008
0.17091822524721467 16.417 0.009
0.17121843879922383 16.414 0.007
0.17297427681128286 16.41 0.009
0.17408737826181098 16.411 0.009
0.17419944327607484 16.427 0.011
0.17428138646382652 16.417 0.009
0.17527012778386963 16.409 0.009
0.17616307887342375 16.413 0.007
0.17675862336081993 16.423 0.009
0.17693482559595852 16.418 0.008
0.17732050987492587 16.434 0.008
0.17749203272924208 16.418 0.01
0.17875484218134263 16.434 0.008
0.1789492481153957 16.417 0.009
0.17963289861213527 16.425 0.008
0.18018695858941103 16.399 0.009
0.18102208411860377 16.413 0.009
0.18105676140080507 16.416 0.009
0.181386797926416 16.431 0.009
0.18178844939566263 16.435 0.009
0.1819701504793102 16.438 0.009
0.18249791176108376 16.424 0.008
0.18396642578286448 16.412 0.009
0.18441171243662213 16.398 0.01
0.18501207875456205 16.436 0.009
0.18542690350946034 16.422 0.009
0.18560582686060345 16.435 0.009
0.18598326404289767 16.445 0.011
0.18695283231513715 16.421 0.01
0.18705079382939405 16.424 0.011
0.18748974273389651 16.439 0.009
0.19028039360014193 16.419 0.009
0.19079972085514785 16.439 0.008
0.1922296584135893 16.429 0.01
0.19262348334600576 16.443 0.01
0.19354228426313969 16.429 0.009
0.19426111308907823 16.439 0.009
0.19448664059168552 16.437 0.01
0.19456313384889656 16.423 0.008
0.19793522361728721 16.425 0.009
0.1992833038213121 16.422 0.01
0.20055087744563027 16.44 0.01
0.201699349502087 16.445 0.007
0.20283005590172254 16.431 0.009
0.2031523234158158 16.443 0.009
0.20353037891472925 16.42 0.01
0.20562512864867133 16.43 0.009
0.20600116939990587 16.453 0.009
0.20641739058523856 16.435 0.009
0.2078536995481045 16.438 0.009
0.2091312232515975 16.45 0.011
0.20964123831086 16.445 0.008
0.21001308428881205 16.422 0.009
0.210529899010362 16.451 0.007
0.2116883788050018 16.444 0.01
0.21263141905628802 16.454 0.011
0.213585105971697 16.432 0.01
0.2143195727413968 16.434 0.009
0.2144381308663924 16.455 0.01
0.2173613206083701 16.455 0.009
0.2189365692020374 16.452 0.008
0.22032044931270323 16.446 0.009
0.2207303957540262 16.426 0.008
0.22091822809013595 16.445 0.008
0.22152120033981648 16.451 0.008
0.22160735786806074 16.466 0.008
0.22167695702173662 16.418 0.011
0.2219647874054772 16.447 0.01
0.2221395736422892 16.435 0.008
0.22257780313329933 16.439 0.008
0.22268549192372122 16.433 0.01
0.22321494627183258 16.452 0.008
0.22369739887030848 16.433 0.009
0.22384771540523618 16.453 0.009
0.22389443252191088 16.449 0.009
0.22625101605867715 16.433 0.009
0.2294992987891874 16.47 0.01
0.23050805101470362 16.445 0.009
0.2316369023320931 16.467 0.009
0.23174451389686512 16.455 0.008
0.23188696476031512 16.458 0.009
0.2322338921682331 16.441 0.011
0.23252954582758323 16.459 0.007
0.2362458842832439 16.46 0.01
0.23897506686594172 16.439 0.009
0.23964508660153572 16.453 0.008
0.23985280057163438 16.441 0.01
0.2402762104108206 16.445 0.008
0.24129450298246413 16.448 0.01
0.24165449931742844 16.454 0.01
0.2440146332211498 16.459 0.01
0.2463740400140978 16.461 0.009
0.24646710586662268 16.414 0.011
0.24650672446747424 16.446 0.008
0.24672024696601513 16.462 0.011
0.24685778038169703 16.458 0.01
0.24851495481461827 16.451 0.01
0.25000063691973085 16.473 0.009
0.2517216182842731 16.459 0.008
0.25233810611066476 16.471 0.009
0.25449104000264244 16.467 0.009
0.25556972284734913 16.443 0.011
0.25663846865713824 16.454 0.009
0.25752755748171696 16.47 0.007
0.25762765662616405 16.457 0.009
0.26067878399876465 16.454 0.009
0.2611673906777924 16.47 0.011
0.2623665442557922 16.433 0.009
0.2625701764188989 16.467 0.008
0.26316723369714057 16.457 0.009
0.26324835859363704 16.478 0.009
0.26532241388135847 16.471 0.011
0.26602909747216474 16.45 0.009
0.2662837165322799 16.463 0.008
0.2665046091346085 16.449 0.01
0.26651351159684966 16.455 0.015
0.2666205417607671 16.465 0.008
0.2675817129216057 16.46 0.008
0.267685817690699 16.472 0.009
0.2686595416013461 16.465 0.01
0.2724683111538525 16.46 0.008
0.2733321022011751 16.447 0.01
0.27430267895638283 16.488 0.009
0.27475811344643264 16.454 0.01
0.27758948597115707 16.459 0.009
0.2777365205990009 16.453 0.009
0.2779061905886465 16.431 0.012
0.2782745644682564 16.48 0.011
0.2783424106786697 16.453 0.009
0.27846801840169066 16.477 0.009
0.28030604627601863 16.469 0.009
0.28144276548257496 16.482 0.008
0.28168499915576606 16.455 0.007
0.28571314213004373 16.455 0.009
0.28582279675040356 16.486 0.013
0.2867677344794629 16.449 0.009
0.2879106338563361 16.472 0.008
0.28830382090532114 16.462 0.009
0.28950094121105396 16.46 0.011
0.28993049652231095 16.434 0.01
0.29070353753709244 16.446 0.011
0.290746440263456 16.471 0.009
0.29338634647060646 16.456 0.01
0.294134253808943 16.471 0.01
0.29427075695653004 16.468 0.008
0.2951283254381224 16.47 0.008
0.2955987414634592 16.479 0.008
0.29762941698177203 16.457 0.009
0.2977428034199875 16.465 0.009
0.29810322683729285 16.483 0.008
0.29919652609728475 16.467 0.009
0.2993795583885458 16.473 0.009
0.29983684900403207 16.475 0.008
0.30081490022089385 16.464 0.008
0.30131488158567665 16.471 0.008
0.30140085766347513 16.472 0.009
0.3022571644652544 16.478 0.011
0.3029996457443872 16.452 0.007
0.30316555130488043 16.478 0.009
0.3046970246158708 16.471 0.01
0.3060928184173918 16.484 0.009
0.30652208896335653 16.474 0.008
0.3065955220742126 16.462 0.01
0.3085560290402555 16.456 0.01
0.308929920159153 16.47 0.009
0.3095264253876394 16.469 0.01
0.31008357708074075 16.468 0.01
0.31057192508333176 16.468 0.012
0.3108259258271119 16.477 0.009
0.3112039650201496 16.479 0.01
0.3114187404575205 16.46 0.009
0.31305379361915586 16.487 0.009
0.31476321114919303 16.475 0.014
0.31554529589939195 16.473 0.011
0.3158660028801933 16.472 0.009
0.31662608258616276 16.471 0.009
0.31698154081427676 16.491 0.011
0.31700267316900865 16.488 0.008
0.31756482488199256 16.477 0.008
0.3182008476146848 16.478 0.007
0.31875667788394824 16.483 0.009
0.31915751106148493 16.468 0.009
0.3223990093930752 16.473 0.01
0.32305964636244655 16.483 0.009
0.32312266213468777 16.454 0.009
0.3239639146123864 16.465 0.009
0.32432152990397756 16.476 0.007
0.32467372905298364 16.469 0.009
0.3262334114489477 16.471 0.009
0.32667954470266525 16.488 0.009
0.3272418213834044 16.485 0.008
0.3277938350439854 16.48 0.01
0.3279667945063466 16.484 0.01
0.32829977168980806 16.472 0.009
0.3291497537867599 16.474 0.009
0.32969686956712396 16.464 0.01
0.33268396185771965 16.478 0.01
0.333161678459328 16.481 0.01
0.3339688360980745 16.495 0.01
0.33511552703671443 16.471 0.009
0.3355581034005809 16.491 0.009
0.340898927664648 16.476 0.009
0.3432248124114722 16.48 0.009
0.34396214157109173 16.5 0.01
0.34568683948961054 16.494 0.007
0.346611036072909 16.496 0.01
0.34986747458710854 16.495 0.008
0.35104679988548926 16.476 0.01
0.35161445148937676 16.476 0.01
0.35254452169172057 16.478 0.008
0.3543442686947401 16.477 0.009
0.3543596958367289 16.478 0.013
0.35592855671998225 16.487 0.01
0.3563915221548314 16.497 0.009
0.3594933875314382 16.486 0.01
0.35967392907482465 16.496 0.009
0.3617071051245603 16.484 0.012
0.36234030238269954 16.488 0.011
0.36323568878005974 16.492 0.007
0.3639470627114406 16.476 0.013
0.36426800880112753 16.489 0.009
0.3647057916429276 16.486 0.01
0.3659092421331934 16.477 0.009
0.3665164862490201 16.489 0.007
0.36713711014717776 16.497 0.009
0.369227740115457 16.483 0.008
0.36923038518173146 16.494 0.009
0.3708757284960257 16.487 0.008
0.37208434636991117 16.489 0.011
0.3728499118793934 16.503 0.011
0.3730452512892498 16.5 0.01
0.3732309080366122 16.504 0.009
0.3737111838710462 16.493 0.009
0.3740694849215288 16.504 0.008
0.3757571126463063 16.502 0.009
0.37694542506428663 16.492 0.01
0.37840041698680127 16.489 0.009
0.379074784771683 16.495 0.009
0.3796875907404683 16.501 0.008
0.37976515992309035 16.496 0.009
0.37991648272250134 16.488 0.009
0.38015192769230455 16.493 0.011
0.3812078806000955 16.493 0.009
0.38195536516072937 16.485 0.009
0.38273895500375377 16.492 0.008
0.38304876329916626 16.464 0.009
0.3835015537655636 16.487 0.011
0.38355003791289166 16.482 0.009
0.3837647503452445 16.485 0.009
0.38422549883844115 16.484 0.008
0.3854671769785455 16.502 0.009
0.38587820690977426 16.509 0.009
0.38794856951440126 16.493 0.009
0.38869937511585706 16.491 0.01
0.3912198396821168 16.491 0.008
0.39242364224778614 16.492 0.009
0.39304090818873194 16.488 0.013
0.3932442176275345 16.477 0.009
0.394469013493017 16.491 0.009
0.3947962158032624 16.485 0.009
0.39604895242669047 16.495 0.009
0.3968358600501688 16.498 0.009
0.39695163183537263 16.475 0.012
0.39718450883165135 16.48 0.01
0.39874659836063986 16.518 0.009
0.4 16.525 0.009
0.4006552805707543 16.5 0.009
0.40205841956244515 16.491 0.009
0.4065428978907676 16.494 0.009
0.40939540498893623 16.483 0.01
0.41091211734933497 16.494 0.01
0.41104037013897143 16.483 0.011
0.4123243380353415 16.509 0.008
0.41445359012359406 16.516 0.009
0.4147619638962624 16.502 0.008
0.4152932266280459 16.493 0.009
0.4160862318489308 16.504 0.012
0.4167003310668861 16.499 0.011
0.4167334054207231 16.478 0.01
0.41700473613141187 16.484 0.009
0.41711879632625826 16.503 0.01
0.41739005855120015 16.497 0.009
0.4176736452442583 16.487 0.009
0.41855355675775174 16.494 0.011
0.4196747140706748 16.502 0.008
0.4208660802461509 16.508 0.011
0.4232812782845713 16.487 0.009
0.4237622420961543 16.496 0.015
0.42420294276748793 16.495 0.011
0.42509000601844493 16.516 0.012
0.4252479099805214 16.508 0.008
0.42689414881228915 16.52 0.01
0.4270773234195758 16.495 0.008
0.42840592741881667 16.501 0.01
0.42908135142865833 16.502 0.01
0.4292955966012869 16.513 0.009
0.42969326305651523 16.488 0.009
0.4300585843544923 16.493 0.01
0.43030487909177284 16.489 0.009
0.43039385231068084 16.505 0.009
0.43048170186229984 16.493 0.009
0.4307858700352881 16.497 0.009
0.4321347880983467 16.503 0.01
0.43388230504901915 16.509 0.01
0.43699742732555935 16.494 0.009
0.43798759546987187 16.512 0.009
0.43872473561364134 16.507 0.011
0.43965183802506547 16.517 0.01
0.440439039021976 16.498 0.009
0.44191322251631393 16.499 0.01
0.4431825077314443 16.485 0.011
0.44338960873155886 16.515 0.011
0.4441144232320312 16.517 0.009
0.44504335241813353 16.503 0.009
0.44691539255895807 16.497 0.009
0.4481840311488213 16.499 0.008
0.44893790785695276 16.505 0.009
0.44996090589861526 16.482 0.014
0.45288951726356574 16.492 0.008
0.4553673616504966 16.5 0.012
0.45753096829676 16.495 0.01
0.45855960646090355 16.503 0.009
0.46113973966807864 16.506 0.008
0.4617454417749741 16.493 0.009
0.4630822417349464 16.5 0.009
0.4644064792943482 16.477 0.01
0.46449442224413817 16.48 0.009
0.4651002221864019 16.502 0.009
0.46569842048088506 16.492 0.009
0.4657080238318031 16.497 0.009
0.46585298605318715 16.499 0.009
0.46601035870858143 16.498 0.009
0.46647263081890744 16.488 0.012
0.46711484350512367 16.491 0.007
0.46713586185173883 16.509 0.009
0.46761696471835423 16.495 0.01
0.46799324340295245 16.499 0.009
0.47001090647690946 16.487 0.009
0.4706658382339356 16.491 0.009
0.4723889886642155 16.485 0.009
0.47348278453468995 16.491 0.011
0.4761634156613127 16.488 0.01
0.4763000068602651 16.499 0.008
0.47707803054586295 16.473 0.01
0.4783436828207869 16.49 0.01
0.4786090582498673 16.497 0.009
0.4798326054803056 16.495 0.011
0.47988886294265287 16.5 0.009
0.4804234347135662 16.491 0.009
0.48074737468359674 16.498 0.009
0.48193736177668145 16.514 0.009
0.48234868508191087 16.499 0.009
0.4825298047645902 16.477 0.009
0.48276559959131193 16.495 0.008
0.4830443101891092 16.484 0.007
0.48375510271980604 16.516 0.01
0.4841093730990679 16.493 0.008
0.4856303008424675 16.489 0.009
0.48819183157652324 16.487 0.009
0.4883731490164336 16.478 0.011
0.4887103774559818 16.491 0.009
0.4888390834168148 16.482 0.011
0.4890540131729266 16.5 0.011
0.4908271430602098 16.479 0.009
0.490855400020473 16.483 0.009
0.490978543085157 16.493 0.008
0.49138278966020144 16.486 0.009
0.4921313609724165 16.466 0.009
0.4923926557700269 16.491 0.01
0.49333035370946154 16.494 0.009
0.49339610912252274 16.49 0.01
0.4944599755764556 16.497 0.009
0.49518834579034765 16.503 0.009
0.4970611553048001 16.487 0.009
0.4980462832524153 16.478 0.008
0.4983228704405973 16.489 0.01
0.49969626577071713 16.481 0.009
0.5031257073184405 16.473 0.009
0.5050238037839789 16.46 0.008
0.5077091045075348 16.486 0.01
0.5078632637402278 16.482 0.009
0.5096036463021618 16.471 0.009
0.5097644617050263 16.482 0.011
0.5111210454637329 16.485 0.01
0.511237111798573 16.489 0.01
0.5119348103550236 16.484 0.01
0.5131454723270052 16.481 0.009
0.5134589710879935 16.474 0.009
0.515637983090437 16.486 0.007
0.5163615499986007 16.449 0.008
0.5179623572643322 16.458 0.009
0.5182439357319253 16.484 0.008
0.5187703592843262 16.468 0.01
0.5198453710976536 16.451 0.007
0.5209189093876829 16.485 0.01
0.52139314632509 16.455 0.012
0.5216304745528304 16.484 0.009
0.5217000639232992 16.468 0.01
0.5223972571284548 16.478 0.008
0.5228925982463806 16.456 0.01
0.5236608653052826 16.46 0.008
0.5280845317576222 16.469 0.012
0.528454550960896 16.479 0.01
0.5284567493778467 16.456 0.009
0.5286091089680212 16.485 0.01
0.5293357871588795 16.482 0.009
0.5295104679954874 16.48 0.011
0.5309774117003143 16.456 0.01
0.5329639586854227 16.467 0.007
0.5341266657319692 16.466 0.012
0.5347363648558257 16.463 0.009
0.5349039428721425 16.45 0.01
0.5373207862343405 16.452 0.009
0.540947741737591 16.463 0.009
0.544119595258644 16.474 0.009
0.5445480670802225 16.424 0.008
0.5467031983463584 16.453 0.009
0.5475287280893553 16.454 0.008
0.5479465685094964 16.467 0.007
0.5492190106635007 16.472 0.01
0.5503769937152696 16.452 0.008
0.5512724932110813 16.457 0.01
0.5519449971725634 16.458 0.008
0.5520353005562355 16.445 0.007
0.5544967604543216 16.444 0.009
0.5565665720509059 16.436 0.008
0.5582242714016501 16.434 0.009
0.5582424066152725 16.413 0.009
0.5626197493785638 16.425 0.009
0.5628132597951434 16.403 0.006
0.5629028209370062 16.414 0.009
0.5640229448532863 16.431 0.009
0.5642350295680898 16.42 0.011
0.5656428860321738 16.421 0.008
0.5656784631356913 16.443 0.009
0.5663801587089892 16.431 0.011
0.567749893967084 16.421 0.009
0.5681270649080488 16.426 0.009
0.5688881237462282 16.436 0.008
0.5691169961613922 16.43 0.011
0.5720503054314121 16.426 0.009
0.5736419136002495 16.433 0.012
0.573787293120199 16.418 0.008
0.5738360804248486 16.398 0.006
0.5750297200244403 16.425 0.008
0.5750626455393557 16.437 0.012
0.576303322761214 16.415 0.009
0.5771584689802238 16.423 0.009
0.5772092373778377 16.425 0.009
0.5772501427051338 16.41 0.009
0.578385538269822 16.426 0.009
0.5792553779966965 16.422 0.008
0.5799541590005446 16.428 0.011
0.5800347524567768 16.396 0.008
0.5800664325978686 16.412 0.009
0.581345438566268 16.397 0.008
0.5819394518713579 16.43 0.009
0.5835819044874824 16.401 0.008
0.584671305609413 16.394 0.008
0.5864826392750273 16.406 0.012
0.5880124183442148 16.408 0.008
0.5894811692566235 16.389 0.008
0.5910060363577485 16.38 0.008
0.5922062267269665 16.419 0.01
0.5926335292243947 16.396 0.009
0.5926343279490083 16.417 0.009
0.5926503147062703 16.384 0.01
0.5944688576347743 16.368 0.008
0.5951317180680689 16.383 0.008
0.5958444417316513 16.379 0.009
0.5959902852492518 16.367 0.006
0.5966737673400302 16.384 0.007
0.5977133053653687 16.398 0.01
0.5983076609615181 16.381 0.008
0.5989892597950983 16.398 0.009
0.5993755297785355 16.389 0.009
0.6009647525999298 16.411 0.012
0.601185027928659 16.374 0.007
0.6024601630234883 16.385 0.009
0.6026329909961077 16.37 0.009
0.6028388270555296 16.399 0.009
0.6036014529496696 16.384 0.009
0.6038654482537367 16.427 0.01
0.6039868438548637 16.368 0.013
0.6045942944680518 16.376 0.009
0.606480885800829 16.37 0.009
0.6064867725969179 16.386 0.008
0.6068088032208379 16.377 0.009
0.6069384763120751 16.354 0.007
0.6095935738127536 16.384 0.007
0.6098944796459818 16.362 0.011
0.6099849634380461 16.382 0.009
0.6108296010044341 16.368 0.008
0.6114997848423172 16.346 0.012
0.6128457698116789 16.359 0.008
0.6136255670504851 16.372 0.008
0.6172348611209144 16.363 0.009
0.6172748894556661 16.377 0.009
0.61737006997688 16.343 0.006
0.6184054621468476 16.357 0.009
0.6185276271218298 16.364 0.009
0.6212432572121087 16.346 0.009
0.6220301648353597 16.34 0.009
0.6237349692509269 16.352 0.009
0.6249291119826466 16.36 0.009
0.6252975912626879 16.367 0.01
0.6263849754185684 16.34 0.008
0.6320326954946949 16.33 0.007
0.6320871946674287 16.355 0.007
0.6346833700723891 16.333 0.009
0.6349130042960041 16.348 0.009
0.6353460207471016 16.317 0.009
0.6353899417400952 16.333 0.007
0.6376189038488973 16.309 0.009
0.6380438568723092 16.344 0.008
0.6404138049284938 16.34 0.008
0.6410564838312438 16.347 0.009
0.6417965232805272 16.321 0.01
0.6426352632248835 16.348 0.01
0.6428456679183454 16.368 0.011
0.6437151360029474 16.312 0.008
0.6447034208896638 16.317 0.009
0.6448534516158815 16.334 0.008
0.6459766530274691 16.299 0.007
0.6474238814184559 16.313 0.007
0.6486635425923395 16.355 0.008
0.6486803563817829 16.347 0.009
0.6509605324946732 16.332 0.012
0.651393989073449 16.322 0.009
0.6520869126312845 16.309 0.008
0.6525056278261672 16.343 0.007
0.6533498546169993 16.328 0.009
0.6545582138141071 16.32 0.01
0.6598502312064283 16.31 0.008
0.6603849931685999 16.308 0.009
0.6606697687526775 16.316 0.009
0.6622908042483231 16.303 0.009
0.6625338855636982 16.305 0.008
0.6635164173627799 16.316 0.008
0.6638643728203077 16.308 0.008
0.6642947083322723 16.331 0.009
0.6648346419814515 16.303 0.009
0.6667345380893948 16.309 0.009
0.6676628304348013 16.268 0.007
0.6683331110654307 16.284 0.008
0.6693505070767514 16.314 0.01
0.6714328844688224 16.309 0.008
0.6714404437213033 16.295 0.01
0.6727852257123685 16.309 0.008
0.6749702005610287 16.302 0.009
0.6754676618276334 16.307 0.009
0.6776538842690569 16.269 0.009
0.6806053309711841 16.282 0.008
0.6808377221842874 16.283 0.009
0.6814492632124369 16.286 0.007
0.6820331765562968 16.283 0.007
0.6825469658287147 16.271 0.008
0.682933678157974 16.259 0.008
0.6839289832918438 16.282 0.01
0.6846133564630121 16.27 0.007
0.6848450630929164 16.293 0.01
0.6855714642162183 16.308 0.009
0.6861620619052018 16.249 0.007
0.6876080155716635 16.281 0.007
0.6878089657527879 16.258 0.008
0.6879159905703545 16.262 0.008
0.6882144599200273 16.3 0.008
0.6890341246522893 16.277 0.009
0.6891559451174998 16.277 0.009
0.690281135320356 16.289 0.009
0.6903695467055058 16.28 0.008
0.6906006805424112 16.284 0.008
0.6914449584693556 16.289 0.008
0.6932044011124616 16.276 0.008
0.6937068732250053 16.271 0.008
0.6970923546450876 16.27 0.007
0.7011376537006071 16.266 0.008
0.7017051238541625 16.286 0.009
0.7025109089323904 16.262 0.009
0.7046573660196827 16.284 0.009
0.7047858654838364 16.278 0.007
0.7076921631675304 16.277 0.009
0.7081068456056072 16.267 0.009
0.7103294449178974 16.256 0.007
0.7105833217364874 16.264 0.008
0.712115537288946 16.285 0.009
0.7140799151281043 16.27 0.008
0.7165138884822908 16.245 0.008
0.7166982694626767 16.265 0.009
0.7172749462780756 16.255 0.008
0.717516506194579 16.254 0.008
0.7175751294368182 16.269 0.009
0.7175805108828626 16.282 0.009
0.7192151944878105 16.228 0.007
0.7195590226148396 16.281 0.008
0.7197935351520299 16.255 0.008
0.720393245061723 16.257 0.009
0.7206100570321268 16.274 0.009
0.7206841551589149 16.261 0.009
0.7209754087233704 16.247 0.009
0.7215436286836847 16.257 0.009
0.7238776453429181 16.236 0.007
0.7239539495846201 16.264 0.008
0.724430354545484 16.248 0.007
0.7245892300753893 16.236 0.009
0.7261752176892968 16.257 0.008
0.7269539086090844 16.257 0.007
0.7270830438716529 16.287 0.009
0.7273776619155341 16.241 0.009
0.7276803172974495 16.248 0.008
0.729598910452887 16.251 0.009
0.7338969637023864 16.214 0.008
0.7345330245263084 16.229 0.009
0.7349983981363493 16.242 0.008
0.7359880403199326 16.253 0.007
0.7361437405189917 16.261 0.007
0.7365109450744511 16.241 0.009
0.7366204117216966 16.252 0.009
0.7399878708938217 16.255 0.01
0.7409411078987431 16.246 0.007
0.7418800556489713 16.233 0.009
0.744358279243579 16.265 0.008
0.7454727043363163 16.252 0.009
0.7454921621494122 16.249 0.007
0.745578165359484 16.234 0.009
0.7494212601192429 16.238 0.008
0.7507159866032906 16.259 0.009
0.7519529254851931 16.226 0.009
0.7522033302049862 16.222 0.009
0.7550190311318032 16.22 0.007
0.7561721631351701 16.234 0.01
0.7568485760609973 16.225 0.007
0.7585712712344956 16.225 0.007
0.7599544166688701 16.241 0.009
0.760316248518984 16.235 0.008
0.7605804817566422 16.219 0.007
0.7611608665189578 16.241 0.009
0.7617286300464001 16.2 0.009
0.7623708906072806 16.232 0.009
0.7639250643716422 16.246 0.006
0.7657686008778 16.218 0.009
0.7660860183861131 16.216 0.009
0.7663496724414016 16.223 0.007
0.7663813525824934 16.224 0.007
0.7664507321939253 16.236 0.009
0.766495755068854 16.228 0.009
0.7701239461622662 16.227 0.008
0.7704598998772325 16.223 0.007
0.7718114966608254 16.226 0.009
0.7718405252132015 16.238 0.008
0.7720616840571437 16.22 0.007
0.7727052389101572 16.231 0.008
0.7738993141995478 16.19 0.008
0.7739275701170754 16.218 0.009
0.7741735138223702 16.231 0.008
0.7742828685465155 16.237 0.008
0.7747302253884754 16.21 0.009
0.7758363772951724 16.224 0.009
0.7770110687357827 16.228 0.007
0.7770282182947539 16.213 0.006
0.7782326501361694 16.23 0.009
0.7789635893670037 16.242 0.009
0.7793878272808796 16.227 0.007
0.7796651577536067 16.209 0.009
0.7812440979879738 16.213 0.009
0.7813115856008834 16.214 0.007
0.7845693206250188 16.234 0.007
0.7868175014378038 16.225 0.006
0.7869291024541325 16.212 0.008
0.7874066212990782 16.234 0.01
0.7884453963398754 16.194 0.006
0.7895166905560926 16.239 0.008
0.7903360476942907 16.216 0.009
0.7924751259366984 16.213 0.011
0.793407983654697 16.213 0.008
0.7942555977530446 16.218 0.007
0.7949163358195164 16.2 0.008
0.7959261823613359 16.223 0.008
0.7971950861507593 16.227 0.009
0.7976852250549427 16.222 0.007
0.8014407550291707 16.226 0.009
0.8019006972328042 16.218 0.009
0.8022768705167436 16.223 0.007
0.8036064047306808 16.221 0.008
0.804723937844892 16.208 0.007
0.8056066856588813 16.203 0.007
0.8063148461675609 16.227 0.009
0.8083570941281777 16.207 0.009
0.8100901283716211 16.234 0.009
0.8104103322199534 16.219 0.009
0.811503497771946 16.229 0.009
0.812030034289728 16.207 0.009
0.8148349592808244 16.231 0.009
0.8169657154186551 16.21 0.009
0.817910147797329 16.217 0.011
0.8189793771724907 16.218 0.009
0.8205328294376613 16.198 0.008
0.8206419744034519 16.226 0.008
0.8213411085249844 16.202 0.011
0.8218618430377318 16.212 0.008
0.8220713609545327 16.208 0.009
0.8233924132661286 16.209 0.008
0.8238870023589242 16.204 0.009
0.824145281490837 16.226 0.008
0.825727977413885 16.224 0.007
0.826166600332408 16.2 0.009
0.8269002194598669 16.232 0.008
0.8278223652893302 16.218 0.008
0.8279911811147485 16.201 0.009
0.8284279065554983 16.217 0.008
0.8306885781556956 16.211 0.007
0.8315956598776437 16.209 0.007
0.8318170502654083 16.232 0.008
0.8328409905244825 16.218 0.009
0.834140443088836 16.224 0.007
0.8343844003544745 16.215 0.007
0.8364365038197774 16.2 0.007
0.836468344801824 16.198 0.006
0.8370694348365304 16.203 0.008
0.8378215597769212 16.224 0.011
0.8383750318313559 16.225 0.008
0.8389007771898149 16.228 0.007
0.8405241633351124 16.225 0.008
0.840814337713391 16.246 0.009
0.8409460691238109 16.217 0.007
0.8415427558030841 16.248 0.009
0.8417465216745312 16.212 0.009
0.8419702484917706 16.222 0.009
0.8426776971524759 16.242 0.01
0.8426938741014509 16.237 0.009
0.8428136309013552 16.202 0.009
0.8432820756171622 16.216 0.008
0.8443154887792388 16.203 0.007
0.8445824801819071 16.213 0.008
0.8458560557866348 16.237 0.009
0.8479121410053039 16.209 0.007
0.8491893408087434 16.223 0.008
0.850061853910256 16.241 0.007
0.8502360880970286 16.228 0.006
0.8515417144423281 16.225 0.009
0.8523804446027952 16.206 0.008
0.852931584531825 16.24 0.009
0.8530655502323952 16.229 0.008
0.8536387549491109 16.199 0.007
0.8563745753109742 16.2 0.009
0.8566658853580065 16.236 0.007
0.8577440443276827 16.218 0.007
0.8586702360913931 16.229 0.01
0.8605454048635237 16.214 0.008
0.8607197727593756 16.213 0.007
0.8611456766070886 16.21 0.007
0.8613253476798035 16.222 0.007
0.8614148729486941 16.219 0.008
0.8626461066175124 16.218 0.009
0.8632918109698493 16.224 0.008
0.8639169501471087 16.217 0.007
0.8640230990142981 16.209 0.007
0.8662044431423737 16.244 0.008
0.8667723697286873 16.235 0.007
0.8697466668990272 16.203 0.009
0.8705592353341216 16.213 0.008
0.8705691255363717 16.215 0.008
0.8715644100608642 16.233 0.009
0.8722148894106225 16.232 0.007
0.8733423334703274 16.219 0.009
0.8733647123746322 16.225 0.008
0.8735773295724356 16.205 0.009
0.8739238321160427 16.214 0.008
0.8747846835477957 16.224 0.008
0.8776433817753513 16.212 0.008
0.8779773750076401 16.225 0.009
0.878392836602552 16.21 0.009
0.8790389658185176 16.226 0.007
0.8829739244951269 16.241 0.009
0.884193230252913 16.223 0.006
0.8848533336969466 16.223 0.009
0.8855925744216164 16.226 0.009
0.8870957548994284 16.232 0.009
0.8871591987965758 16.242 0.008
0.8872294543581575 16.216 0.006
0.8883173242976682 16.229 0.009
0.8892405199632322 16.213 0.009
0.8893242334430852 16.22 0.009
0.8894800726972335 16.223 0.009
0.8901704554140452 16.237 0.008
0.8906547076550396 16.232 0.009
0.8909659242507587 16.22 0.008
0.891505108093179 16.221 0.009
0.8920016956278346 16.232 0.007
0.8921354136110949 16.216 0.009
0.893250266828909 16.222 0.006
0.894551068082501 16.222 0.008
0.8960277727180938 16.234 0.007
0.8961496410585369 16.217 0.009
0.8961858560456563 16.224 0.007
0.8981767694707742 16.231 0.008
0.8988145233608634 16.247 0.007
0.8994369045064105 16.251 0.01
0.9004473226656501 16.235 0.009
0.9005374923406407 16.242 0.007
0.9015646949393613 16.232 0.008
0.9018021275247975 16.266 0.01
0.9023745335172407 16.239 0.009
0.9035568537384734 16.237 0.007
0.9037183624651789 16.222 0.009
0.9067156959910335 16.227 0.007
0.9067781901063882 16.241 0.009
0.9068540356964491 16.227 0.007
0.9078338180711626 16.25 0.008
0.9079464351356364 16.228 0.009
0.9092761041012182 16.239 0.009
0.9112379889735621 16.238 0.009
0.9129167348455894 16.231 0.007
0.9142804160770993 16.249 0.009
0.9157298396236456 16.214 0.006
0.9173924172879652 16.239 0.008
0.9174613404662978 16.243 0.009
0.9174715523502869 16.243 0.006
0.9186428423958205 16.235 0.009
0.9188577156689007 16.247 0.009
0.9192850279497634 16.244 0.01
0.9199466897084904 16.239 0.007
0.9204875199178787 16.23 0.007
0.9226586368987683 16.252 0.007
0.9229850437458481 16.233 0.008
0.9238071503080164 16.247 0.007
0.9248093572438393 16.243 0.009
0.9259327977646535 16.25 0.009
0.9266153832956207 16.243 0.008
0.9280673562911034 16.26 0.006
0.9306512202739669 16.237 0.009
0.9322975622873401 16.243 0.009
0.9330484243720548 16.231 0.006
0.9336439417271777 16.233 0.009
0.9352063050625589 16.256 0.008
0.9352940025143198 16.244 0.008
0.936608054145745 16.249 0.01
0.9367002103932919 16.246 0.007
0.9369469550414579 16.254 0.009
0.937699129942439 16.252 0.009
0.9401305528046123 16.249 0.008
0.9404714608837367 16.246 0.009
0.9413019286841063 16.254 0.008
0.94219089475896 16.248 0.009
0.942335360370771 16.264 0.008
0.9424239130295519 16.256 0.008
0.945020318802699 16.257 0.009
0.945033538787493 16.245 0.009
0.9453234687090571 16.245 0.009
0.9465772419910877 16.266 0.008
0.9482921475429521 16.257 0.009
0.9483156381130812 16.24 0.009
0.9485515872580891 16.266 0.007
0.9495479563153367 16.275 0.01
0.9499223495239676 16.251 0.009
0.951532142866904 16.266 0.007
0.9518255742383644 16.23 0.009
0.9533786754715493 16.267 0.008
0.9552941116873171 16.257 0.008
0.955756517506552 16.269 0.009
0.9563666523205484 16.261 0.009
0.9573870639975667 16.28 0.008
0.957682776358206 16.266 0.009
0.9577059517688667 16.287 0.008
0.9582235772169497 16.288 0.011
0.9594757334824863 16.286 0.008
0.9601509499520603 16.27 0.006
0.9637354026787307 16.282 0.009
0.9656302671975482 16.279 0.008
0.9656548901754377 16.268 0.008
0.9663187101743006 16.265 0.008
0.9670344603292961 16.271 0.008
0.967715429886448 16.284 0.011
0.967948411241332 16.263 0.009
0.9693996050792976 16.271 0.009
0.969892397790909 16.275 0.009
0.9713986308498989 16.288 0.009
0.9722979816521274 16.271 0.008
0.9733558341231628 16.294 0.007
0.9746140532894515 16.272 0.009
0.9753210031214167 16.276 0.009
0.9760278703812674 16.27 0.009
0.976971721359314 16.261 0.009
0.9782504425615116 16.268 0.01
0.9813102887268542 16.262 0.009
0.9814071070069531 16.281 0.009
0.9822541984059626 16.278 0.009
0.9830134478183027 16.296 0.009
0.9862189778365519 16.282 0.008
0.98678620992373 16.274 0.007
0.9871093338207629 16.289 0.009
0.9885319000994969 16.29 0.007
0.9886541498655333 16.296 0.009
0.9896929369084774 16.268 0.009
0.9897701061408043 16.292 0.008
0.9914928013137342 16.279 0.009
0.9919720001804763 16.293 0.007
0.9923087721871525 16.278 0.007
0.992513257472092 16.28 0.007
0.9951439971938726 16.286 0.01
0.9962941526656778 16.288 0.009
0.9980787051137213 16.283 0.008
0.9984001814681506 16.28 0.01
0.9992932944416225 16.3 0.008
0.9996059086444348 16.286 0.008
