0.0021946323644442822 16.978 0.014
0.0022620936041676254 16.99 0.014
0.0044864534108001175 16.963 0.014
0.004725728189805545 16.959 0.011
0.007047440509632019 16.955 0.012
0.0076768767743488064 16.994 0.01
0.007703527222838624 16.967 0.016
0.007780783234375144 17.057 0.018
0.008339233280730718 17.002 0.011
0.008734885085596056 17.038 0.009
0.00963212024080351 17.015 0.016
0.010818436881345428 16.975 0.013
0.01143504940582718 16.969 0.01
0.013818003569576853 17.021 0.016
0.01548399474509099 16.933 0.014
0.021978432101968814 17.036 0.014
0.02293429609917441 17.011 0.014
0.02422176389191011 17.03 0.011
0.025368100072591937 16.986 0.011
0.02713261844828596 16.991 0.011
0.028059360384213528 17.014 0.013
0.02981302035996125 17.045 0.013
0.030373496408992673 17.016 0.012
0.03181230678219438 16.971 0.011
0.032287200006430816 16.973 0.014
0.03384330705503091 17.042 0.012
0.03554848849480552 16.984 0.013
0.03628482962894852 16.98 0.012
0.03659384455650072 17.036 0.012
0.03705926729835485 16.986 0.012
0.03733668946838409 16.954 0.012
0.03742344698039235 16.979 0.013
0.04071732115917259 17.045 0.015
0.04137546397614644 17.04 0.013
0.04284332525676293 17.031 0.015
0.045169241232906665 17.042 0.017
0.04551183547155235 17.023 0.012
0.04574711936529641 17.0 0.01
0.04728027403680246 17.023 0.011
0.04790265008332428 17.057 0.015
0.04965361587064765 17.017 0.014
0.053050546339272864 17.003 0.017
0.058541754960424464 17.028 0.016
0.06016748152242146 17.057 0.013
0.060371233091154886 17.028 0.012
0.06168397390811153 17.016 0.012
0.06175246798729861 17.032 0.011
0.06424725017805033 17.024 0.018
0.06479750545477148 17.065 0.014
0.06692653783456992 17.088 0.014
0.06985290074444495 16.989 0.013
0.07013660274233191 17.06 0.009
0.07054677977193935 17.022 0.014
0.07369933009217677 17.0 0.015
0.07578686228171139 17.062 0.015
0.07593677658032905 17.066 0.009
0.07621447218311916 16.997 0.017
0.0766044918208536 17.016 0.014
0.07697834472392062 17.057 0.013
0.0778557572670252 17.012 0.011
0.07965843306797071 17.018 0.015
0.08350355568554735 17.049 0.019
0.08715702116969626 17.065 0.013
0.08852019537098388 17.066 0.015
0.08890859471139267 17.038 0.014
0.08933081531940845 17.027 0.014
0.09006997219366897 17.093 0.016
0.09128683871849719 17.054 0.011
0.09257712270950835 17.021 0.011
0.09290806812364283 17.045 0.013
0.0932768256911004 17.062 0.012
0.09992340654425791 17.022 0.017
0.10132916440343254 17.033 0.013
0.10144354500030206 17.055 0.015
0.10147127868676764 17.082 0.013
0.10385220730668154 17.054 0.012
0.10433272220589063 17.081 0.013
0.10689176517612398 17.065 0.017
0.10970956095152362 17.089 0.011
0.11225066454917398 17.085 0.015
0.11289312752060143 17.091 0.015
0.11598626929517197 17.023 0.015
0.1186798901598195 17.05 0.014
0.121453279699972 17.027 0.014
0.12221572373109668 17.06 0.018
0.12533692370916472 17.081 0.015
0.12791152520176186 17.069 0.011
0.13168586433962448 17.052 0.017
0.13182174873545593 17.109 0.013
0.13221447305422773 17.095 0.01
0.1349847834557295 17.036 0.013
0.13588025623621436 17.082 0.014
0.13682034848070546 17.087 0.012
0.13854730761013345 17.079 0.014
0.14086150452490076 17.035 0.014
0.14424076928244178 17.076 0.017
0.14440650504493535 17.104 0.012
0.14592937828310826 17.104 0.015
0.14809047024336908 17.072 0.016
0.15036285317059994 17.07 0.011
0.15417139852606843 17.102 0.011
0.15606494473208832 17.053 0.013
0.1587569954685022 17.079 0.013
0.15892980194089423 17.091 0.018
0.16132164939281202 17.12 0.016
0.16234371875534626 17.129 0.013
0.16301786616295422 17.086 0.017
0.16331653968327364 17.071 0.014
0.16455500145675606 17.101 0.012
0.16651071128753747 17.098 0.018
0.1668118153692375 17.088 0.012
0.1684320516123079 17.097 0.014
0.16872270299827496 17.098 0.017
0.1696699975381306 17.073 0.017
0.17058633671913404 17.093 0.012
0.17132353874367245 17.121 0.013
0.1766524152589226 17.13 0.016
0.1775779929993404 17.075 0.014
0.1789474474866437 17.082 0.014
0.17960468881929037 17.096 0.016
0.18647351636800513 17.114 0.014
0.1875796187231571 17.093 0.014
0.18761704684256975 17.089 0.014
0.18768848870458887 17.122 0.015
0.1884237361090526 17.115 0.017
0.19053626788891043 17.085 0.015
0.1981819540923424 17.129 0.015
0.20128196361056316 17.136 0.011
0.2014415410957553 17.09 0.015
0.20190524136969534 17.138 0.021
0.2033664978474916 17.135 0.014
0.20344540540318112 17.103 0.014
0.20456798806198995 17.108 0.015
0.20664010403370403 17.08 0.018
0.20854429563942167 17.082 0.014
0.20876021210906393 17.111 0.016
0.21001221712313045 17.148 0.013
0.21138495417349068 17.082 0.015
0.211629850627014 17.128 0.012
0.21431404114437091 17.102 0.015
0.2164149238709796 17.141 0.015
0.2169336066869163 17.106 0.012
0.21709965670415832 17.081 0.016
0.21958541310677893 17.108 0.017
0.22012560017892602 17.104 0.013
0.22312393151914867 17.106 0.013
0.2248402849262674 17.13 0.013
0.22506725272833128 17.098 0.01
0.22571626941808054 17.101 0.015
0.2261528838954745 17.098 0.014
0.23167948437176156 17.111 0.014
0.23276032419553294 17.104 0.013
0.2339707786208236 17.129 0.014
0.23669999384892426 17.126 0.016
0.23731726521318697 17.12 0.016
0.24031363121175664 17.114 0.013
0.24055761637682727 17.132 0.01
0.2421100169221062 17.116 0.014
0.24848419932995958 17.107 0.015
0.2501151122186456 17.108 0.016
0.2530357718088907 17.118 0.016
0.25388753664233255 17.095 0.015
0.2556290105052539 17.156 0.018
0.2576183493582902 17.119 0.016
0.25831191481793203 17.131 0.016
0.25959386173271914 17.14 0.022
0.2609109277567767 17.117 0.013
0.261741816384665 17.111 0.012
0.2628979674049332 17.109 0.012
0.26519612916890756 17.095 0.013
0.26570359850816194 17.12 0.015
0.2671433910938048 17.109 0.013
0.2686539669301964 17.133 0.012
0.2701678255592923 17.127 0.017
0.27174442455034287 17.108 0.011
0.27406921623687586 17.146 0.014
0.2743287804500141 17.138 0.014
0.27437222522748916 17.11 0.012
0.27461314128790937 17.171 0.017
0.2755373201624933 17.13 0.015
0.275687163308612 17.122 0.012
0.27683396562511 17.112 0.016
0.27755995417319346 17.175 0.014
0.2804220059046201 17.142 0.014
0.28063831758699953 17.11 0.011
0.28196130881942727 17.125 0.018
0.2829612153144807 17.133 0.018
0.28464669432096334 17.147 0.016
0.2876670776978698 17.126 0.012
0.2878259961152252 17.13 0.017
0.29029631646121734 17.123 0.013
0.2916736820233381 17.129 0.011
0.2936738085817523 17.118 0.012
0.29663031589998345 17.12 0.019
0.29999722282391295 17.128 0.012
0.3004159693104156 17.155 0.02
0.3012831207173803 17.147 0.017
0.3045855036924876 17.136 0.016
0.30461350100576956 17.14 0.016
0.30544519009290516 17.126 0.014
0.30683236023141935 17.138 0.011
0.3076617496543803 17.153 0.011
0.3090847887334802 17.139 0.014
0.30950628984091955 17.126 0.015
0.31233116636021796 17.137 0.013
0.31284170480412277 17.121 0.015
0.3132516998504342 17.144 0.018
0.31347841428751044 17.161 0.015
0.31432867991625235 17.146 0.014
0.3147201987589141 17.13 0.013
0.31475416256162125 17.119 0.016
0.31565330193861874 17.161 0.014
0.31579372522846816 17.14 0.013
0.3164429845623089 17.112 0.015
0.3165115495657118 17.125 0.015
0.31696766351060424 17.173 0.022
0.31837650050865696 17.151 0.016
0.320093522560819 17.145 0.012
0.322371790561101 17.126 0.014
0.327928880489162 17.14 0.012
0.32817346360379807 17.131 0.014
0.32859417497356835 17.123 0.016
0.33343089802783643 17.14 0.015
0.33378480653973375 17.104 0.015
0.3342386912867368 17.143 0.012
0.3357379535376821 17.148 0.016
0.3358441386775666 17.142 0.014
0.3367527093172611 17.122 0.014
0.3384294669848713 17.155 0.017
0.3408950160554922 17.14 0.011
0.34194398923127656 17.146 0.016
0.3420673135141441 17.135 0.014
0.34228676545299086 17.131 0.013
0.34230718578501174 17.156 0.014
0.34299833048853534 17.15 0.016
0.3443181103110873 17.158 0.019
0.3444594448900715 17.149 0.013
0.34518212168986784 17.173 0.02
0.3455426952072229 17.136 0.012
0.34577118251072525 17.122 0.016
0.3466334214807829 17.139 0.016
0.3469061332652017 17.109 0.015
0.34700788236741564 17.126 0.012
0.34856328109335655 17.139 0.015
0.3500193512444638 17.175 0.012
0.3506031249420629 17.172 0.018
0.35237628369841323 17.127 0.014
0.3559999894943302 17.124 0.015
0.3597256261463371 17.167 0.013
0.3608931021598436 17.128 0.014
0.3634115667195146 17.158 0.012
0.3649250194152045 17.146 0.013
0.3665156784108148 17.167 0.015
0.3672655826252593 17.178 0.014
0.3688095959254496 17.141 0.017
0.369779134748478 17.136 0.014
0.3737108224030634 17.148 0.016
0.3740570939591179 17.156 0.013
0.3741664905086508 17.13 0.013
0.37430670056974114 17.142 0.019
0.3777324183187374 17.175 0.018
0.37787453283126515 17.131 0.014
0.37821915261329186 17.152 0.019
0.37827573492850197 17.157 0.012
0.38039719101370784 17.154 0.011
0.3811008246770142 17.154 0.012
0.38239954631094397 17.124 0.014
0.3834655261297484 17.153 0.012
0.38525948013320876 17.156 0.013
0.3868318355615883 17.139 0.015
0.388049228654745 17.159 0.02
0.3899298799675761 17.136 0.018
0.3935986608725215 17.184 0.016
0.3945606124506411 17.152 0.016
0.39519371577025586 17.17 0.012
0.39671077508810404 17.176 0.016
0.3983825085728312 17.134 0.015
0.3999999999999999 17.197 0.017
0.4000636733211649 17.121 0.022
0.40420028746157177 17.163 0.014
0.40482546921375606 17.16 0.017
0.40497785489596927 17.164 0.016
0.4055084291802813 17.155 0.012
0.40603781805648387 17.134 0.012
0.4068442338906606 17.177 0.015
0.4077454097613553 17.039 0.013
0.4092369534115732 17.162 0.019
0.4099399387268021 17.156 0.013
0.4105741460383796 17.153 0.016
0.4133471196113532 17.17 0.016
0.4133482439009639 17.188 0.017
0.4149899549858218 17.145 0.013
0.415113481777007 17.142 0.012
0.4162727126221397 17.151 0.014
0.4169569790900822 17.157 0.016
0.41858212822708074 17.174 0.015
0.41898922566033425 17.167 0.015
0.42079215459662 17.134 0.015
0.4209254971432528 17.148 0.017
0.42159857043079674 17.136 0.015
0.42524937228577064 17.153 0.022
0.4255044183586505 17.141 0.012
0.4257974088563059 17.149 0.013
0.4262804662920643 17.106 0.017
0.4266577436050283 17.152 0.018
0.4267185904658617 17.15 0.015
0.42708762192378336 17.126 0.014
0.4273910968214749 17.122 0.017
0.4278606821680113 17.15 0.013
0.4294432371556467 17.171 0.012
0.4326949130844695 17.126 0.02
0.43305772537532894 17.165 0.011
0.43694680930493623 17.14 0.016
0.43869301385020654 17.154 0.02
0.43885677515313537 17.173 0.016
0.4415615885112856 17.127 0.011
0.4425497145974986 17.11 0.017
0.4430155619656033 17.144 0.013
0.4458942358486637 17.14 0.012
0.4467119055233524 17.13 0.014
0.4474070306199791 17.148 0.017
0.44887469896812027 17.139 0.013
0.44896355340588334 17.134 0.015
0.44897206197301776 17.136 0.012
0.45117979939996067 17.15 0.011
0.4529430721642256 17.169 0.014
0.4535147201808285 17.129 0.015
0.4565126667997901 17.139 0.014
0.45831552481231475 17.103 0.015
0.45975536779624226 17.11 0.012
0.4613740343687822 17.164 0.016
0.4619694562037693 17.126 0.014
0.4647481330961454 17.125 0.016
0.46537549296081115 17.12 0.017
0.4663830370986033 17.158 0.018
0.4696892793735059 17.122 0.011
0.4706818519888656 17.126 0.015
0.471497445263958 17.162 0.012
0.4732836099728046 17.118 0.015
0.4737420231230316 17.164 0.017
0.4738047641721095 17.15 0.016
0.4743817809561732 17.114 0.011
0.4775439543281208 17.138 0.015
0.47797377221504567 17.134 0.013
0.4808007960581562 17.111 0.015
0.48602407443368056 17.162 0.02
0.4860623531807504 17.122 0.019
0.4865693055279734 17.144 0.014
0.48827349403463804 17.122 0.014
0.4945221133863469 17.133 0.018
0.49508599240416507 17.142 0.016
0.49839432180024223 17.109 0.013
0.5041975141156398 17.142 0.012
0.5051836037081556 17.15 0.012
0.5055530100816212 17.151 0.018
0.5065822915438729 17.134 0.018
0.5073145305049365 17.094 0.01
0.508410220071164 17.147 0.014
0.5100233251718236 17.119 0.015
0.5103583830222305 17.107 0.015
0.5103793406432486 17.11 0.013
0.5111696611237675 17.052 0.013
0.5137924273557473 17.098 0.015
0.5152712786215488 17.142 0.01
0.51736444297685 17.127 0.01
0.5220725844978005 17.111 0.014
0.5226600854529351 17.085 0.017
0.5243229258791415 17.14 0.013
0.5262044275908919 17.132 0.013
0.5278347429874883 17.091 0.014
0.5297716728518025 17.119 0.017
0.5315150513946718 17.108 0.013
0.5328538141501666 17.097 0.016
0.5340437262347222 17.098 0.013
0.53591861356781 17.12 0.015
0.537607628500973 17.074 0.013
0.5377780139882815 17.079 0.014
0.5398058140296143 17.104 0.014
0.5400057769928934 17.109 0.014
0.541749023950524 17.101 0.012
0.5420022976153631 17.118 0.017
0.5432628613665655 17.105 0.016
0.5441280583824208 17.119 0.015
0.5446030120387149 17.121 0.013
0.5450419763486933 17.147 0.015
0.5451766358882195 17.125 0.013
0.5452925049688928 17.144 0.016
0.5509795442798349 17.134 0.013
0.553799052488921 17.16 0.017
0.55474380472142 17.125 0.011
0.555650267944111 17.144 0.014
0.5560413514389438 17.109 0.013
0.5565356120881916 17.113 0.014
0.5578005619367105 17.155 0.011
0.5598228823800128 17.1 0.016
0.5616159855275328 17.12 0.01
0.5629014277764327 17.129 0.012
0.5674668670987103 17.092 0.013
0.569161503248688 17.105 0.017
0.56975867765359 17.119 0.015
0.5712571492507778 17.123 0.011
0.5718661143272584 17.124 0.01
0.5723534967413798 17.122 0.014
0.5743119516168008 17.138 0.018
0.5746506151735048 17.108 0.014
0.5747489001877512 17.161 0.016
0.5749442040793383 17.106 0.011
0.5779296300342139 17.074 0.011
0.5801217382435425 17.116 0.014
0.5811824099549995 17.047 0.018
0.5836293113310603 17.153 0.018
0.5848455292788458 17.132 0.017
0.5851180282919813 17.098 0.016
0.5862254875468352 17.051 0.013
0.5862842580076176 17.076 0.013
0.5864981489329694 17.088 0.014
0.5868841877198975 17.102 0.018
0.5891671052158017 17.111 0.015
0.5894124071445731 17.101 0.013
0.5916543608226675 17.008 0.015
0.5925160729965683 17.079 0.011
0.5945134650015916 17.105 0.021
0.5946371135727532 17.149 0.017
0.5991218321086308 17.083 0.019
0.6004454007651475 17.096 0.013
0.6005684826328889 17.143 0.015
0.6025304009098363 17.025 0.016
0.6039159409455351 17.06 0.013
0.6042867147101788 17.011 0.019
0.6058858314167083 16.983 0.015
0.6059496972128727 17.102 0.014
0.606272336110942 16.978 0.013
0.6095443518715001 17.061 0.012
0.6097156591394196 17.102 0.011
0.6122506037735548 16.941 0.011
0.6143728192659182 16.983 0.012
0.6198518629870705 16.911 0.014
0.6208371835959042 17.113 0.014
0.6222179525847423 17.094 0.017
0.6228905699994357 17.064 0.014
0.6238224884576994 17.107 0.018
0.6249306165858798 17.105 0.017
0.6282443747239995 16.936 0.01
0.6302508527200189 17.049 0.012
0.6316326039212982 16.893 0.012
0.6322409108451211 17.074 0.021
0.632375164680434 16.95 0.011
0.6355655276123798 16.879 0.015
0.635585219325003 17.073 0.016
0.6363361566076492 16.846 0.011
0.6366907239593275 17.093 0.015
0.6387358857201889 17.137 0.013
0.644901859309266 16.764 0.012
0.6449515234820865 16.825 0.016
0.6457858862317153 16.815 0.015
0.6462195636474007 17.063 0.013
0.6467458122664539 16.893 0.011
0.6499332985680667 16.883 0.012
0.6524034161770033 17.106 0.018
0.6526438656436767 16.801 0.013
0.6552531499818542 16.954 0.016
0.6554499729167219 16.923 0.013
0.6555102929809437 16.875 0.009
0.6566332708515802 17.006 0.013
0.6615668301136793 16.967 0.016
0.6616888376323914 16.807 0.014
0.6623616680475607 16.818 0.015
0.663131314831071 17.042 0.012
0.664812336815794 16.732 0.01
0.6689841510223232 17.03 0.017
0.6690759632762365 17.051 0.016
0.6719512127482631 16.795 0.011
0.6724686898598066 16.933 0.015
0.6741584842683551 16.876 0.014
0.6769816593033738 16.925 0.013
0.6773561806216094 16.709 0.015
0.6787200031712018 16.717 0.012
0.679795879931271 16.896 0.011
0.6810374110381417 16.79 0.011
0.6829648898009509 16.678 0.011
0.6831385573927037 16.75 0.011
0.6839290801525749 16.695 0.009
0.6883444941167 16.692 0.012
0.688748978776539 16.848 0.013
0.6897365878702658 16.726 0.012
0.690895220994571 16.857 0.01
0.6941994377254105 16.93 0.016
0.6956996110360706 16.743 0.011
0.6960884552999232 16.69 0.01
0.6986739256843976 16.765 0.013
0.7039617177464607 16.782 0.011
0.7040578349111911 16.766 0.012
0.7043474931348556 16.758 0.012
0.7048278659575772 16.7 0.011
0.7049288957877252 16.704 0.011
0.7050788604846275 16.735 0.013
0.7056273032177615 16.839 0.015
0.7070967236776596 16.69 0.01
0.7083471590218778 16.837 0.013
0.7140511543474531 16.73 0.012
0.714101730496077 16.696 0.01
0.7147839606986054 16.679 0.009
0.7154215817003206 16.711 0.011
0.7183955722886367 16.721 0.013
0.7189403372466586 16.701 0.009
0.7201125234172651 16.713 0.013
0.721525219943851 16.696 0.009
0.7258367274481771 16.715 0.016
0.726823991956644 16.737 0.009
0.733042982976167 16.746 0.013
0.733620465896729 16.767 0.011
0.7362628629515712 16.717 0.009
0.7364655508921715 16.64 0.009
0.7370417375745092 16.697 0.013
0.7384069377780179 16.702 0.014
0.738632872511198 16.74 0.012
0.7395496066750639 16.707 0.014
0.745877862888301 16.684 0.009
0.7462994253436591 16.713 0.011
0.7465174385100909 16.723 0.01
0.7479284333234318 16.71 0.011
0.7487361661500472 16.737 0.013
0.7492725039568541 16.715 0.011
0.749715854364149 16.715 0.009
0.7534848144709031 16.777 0.012
0.7551640745395162 16.769 0.012
0.7562196620944178 16.685 0.011
0.760642378691864 16.808 0.012
0.7617251227378802 16.778 0.012
0.7621357661324965 16.712 0.011
0.7652279247780825 16.804 0.011
0.7655085476375462 16.809 0.014
0.7659915546750199 16.75 0.01
0.7664717560063764 16.709 0.01
0.768950553902323 16.713 0.01
0.7703645669643265 16.803 0.011
0.7705030960661589 16.721 0.014
0.772712595867597 16.722 0.011
0.7728101515760045 16.717 0.011
0.7733875738353163 16.706 0.009
0.7747090658634989 16.729 0.013
0.7749283759545961 16.72 0.014
0.7751203363935929 16.787 0.011
0.7753416318936616 16.753 0.009
0.7759172817444778 16.762 0.015
0.7785726945570787 16.782 0.01
0.7826847861919305 16.707 0.01
0.7833845603262489 16.738 0.013
0.7859982706685514 16.833 0.014
0.786393547786156 16.735 0.01
0.7877894905772337 16.755 0.013
0.7894724776741896 16.821 0.011
0.7927112589381068 16.806 0.01
0.7955270398903395 16.732 0.013
0.7958855972114179 16.835 0.009
0.7961074097032906 16.74 0.012
0.7977180228948783 16.822 0.011
0.7987196815014613 16.847 0.018
0.7993813292286177 16.815 0.01
0.8023439847892405 16.856 0.013
0.8027608473502369 16.798 0.011
0.807829977669735 16.767 0.009
0.8120879614715705 16.818 0.011
0.8126242281254236 16.849 0.014
0.8143223288215268 16.817 0.009
0.8147335594450397 16.761 0.011
0.8150664699716345 16.779 0.012
0.8170557885281596 16.788 0.014
0.8180997977241532 16.816 0.01
0.8181708550950134 16.797 0.013
0.8187923093604695 16.812 0.011
0.819501888758532 16.87 0.013
0.8214564334779425 16.862 0.013
0.8237874954164909 16.863 0.011
0.8243296473728151 16.842 0.009
0.8257497386693103 16.81 0.016
0.8272972972435128 16.786 0.012
0.828094556162705 16.798 0.009
0.8303666857251756 16.768 0.014
0.8332934937872324 16.833 0.015
0.8355221582757167 16.794 0.012
0.8379765141661665 16.822 0.014
0.8388464001262946 16.893 0.013
0.8397849838196635 16.817 0.011
0.8405695606164955 16.895 0.016
0.8409197418704025 16.85 0.011
0.8414126957899498 16.819 0.017
0.8419636197112595 16.815 0.011
0.8425141990477641 16.85 0.013
0.8433636138196562 16.887 0.013
0.8450354291780059 16.794 0.011
0.847598178651333 16.901 0.015
0.8513011260960411 16.902 0.011
0.8529133805690435 16.889 0.01
0.8538505362099841 16.817 0.014
0.8569434248487596 16.821 0.013
0.8582806174753387 16.839 0.012
0.8587354135119313 16.893 0.012
0.8588412045836776 16.867 0.012
0.861112746229901 16.882 0.013
0.8664893222638966 16.842 0.014
0.8673683751730096 16.88 0.013
0.8686869196475527 16.926 0.014
0.8693476255256428 16.844 0.011
0.8700434192668581 16.789 0.012
0.8701506479668751 16.898 0.012
0.8705429773023298 16.847 0.012
0.8711504938011331 16.834 0.011
0.8726706215360537 16.919 0.013
0.8737731786176482 16.876 0.009
0.874354338854937 16.861 0.016
0.8752288134209266 16.837 0.017
0.8757237119265483 16.901 0.014
0.8767759564870176 16.93 0.013
0.8772011351401489 16.878 0.01
0.8785976656185085 16.865 0.013
0.8788405360700381 16.921 0.01
0.879702450980767 16.869 0.011
0.8798416886346786 16.871 0.013
0.8812155189561054 16.869 0.009
0.8818837609939237 16.858 0.012
0.8842883719832116 16.869 0.012
0.8847501171784643 16.873 0.012
0.8849867684633864 16.882 0.01
0.8858823833205861 16.869 0.009
0.888344569557512 16.886 0.014
0.8911288172684181 16.877 0.013
0.8913592591915404 16.912 0.011
0.891643944317957 16.849 0.012
0.893132874279354 16.861 0.013
0.8937263816295854 16.863 0.01
0.8951358063144653 16.972 0.015
0.8952922435427354 16.931 0.012
0.8957636120184361 16.88 0.009
0.8958594660133713 16.879 0.013
0.8967614215879621 16.918 0.012
0.9006276135727603 16.869 0.009
0.9021309266826393 16.923 0.011
0.903228976115679 16.917 0.011
0.9032503690840713 16.94 0.012
0.9082050079759029 16.875 0.013
0.9088860532287072 16.877 0.011
0.9106618858771981 16.937 0.01
0.9106630607933767 16.931 0.012
0.9108776709907943 16.943 0.012
0.9138640292175296 16.948 0.012
0.9149244585145425 16.923 0.01
0.9228872839497854 16.941 0.013
0.9237418043197977 16.908 0.013
0.9243472241220388 16.938 0.014
0.9261848860732244 16.953 0.012
0.9267623794848078 16.907 0.011
0.9281310234800003 16.945 0.016
0.9298960791442369 16.914 0.013
0.9303189583632957 16.894 0.012
0.9303270010231245 16.913 0.014
0.9339397058851319 16.977 0.013
0.9347888677497395 16.93 0.011
0.9363199966482171 16.928 0.016
0.9374518675785112 16.933 0.011
0.9392298078731983 16.908 0.013
0.9403201181798068 16.954 0.014
0.9422622847695493 16.923 0.015
0.9442493244177058 16.942 0.014
0.9446681418279695 16.921 0.013
0.9446715450257216 16.904 0.011
0.944981684929553 16.929 0.013
0.9452097058673644 16.977 0.013
0.9455964536636202 16.964 0.011
0.9457623216975662 16.913 0.012
0.9490972301599868 16.965 0.014
0.9493578377049744 16.921 0.012
0.9498788598615647 16.925 0.014
0.9508409936524004 16.939 0.011
0.9522496384041915 16.973 0.013
0.9522629889419477 16.947 0.011
0.9537765127901366 16.967 0.011
0.9545584768137815 16.92 0.012
0.955156370490522 16.932 0.016
0.9555951322917281 16.949 0.012
0.9566815429338021 16.937 0.013
0.9592912117640481 16.972 0.013
0.9595967835872671 16.938 0.014
0.960883582277711 16.989 0.012
0.9626276198895539 16.942 0.017
0.9627071144454021 16.963 0.01
0.9656769216743669 16.955 0.012
0.9656923689084579 16.943 0.012
0.965709436898942 16.947 0.012
0.9678915975395285 16.93 0.011
0.9694524357281807 16.947 0.011
0.9714481157569935 16.927 0.015
0.9719151485332077 16.941 0.012
0.971920952191249 16.992 0.016
0.9725356807897697 17.002 0.013
0.9727148993612446 16.92 0.014
0.9745115377494585 16.941 0.013
0.9752273470343426 16.936 0.02
0.9754719194287645 16.949 0.009
0.9785157108266503 17.017 0.016
0.9869215835934938 16.942 0.011
0.9893332541145355 16.998 0.013
0.9899784619018647 16.987 0.012
0.9919503277477816 16.994 0.01
0.9928532662214821 16.977 0.01
0.9937452042192035 16.948 0.013
0.9939817234620932 17.026 0.016
0.9944328633931946 17.037 0.016
0.9944873800283404 16.947 0.015
0.9957752325421098 16.97 0.014
