0.0005730718892436037 14.868 0.005
0.0012593274923573539 14.863 0.005
0.0019854402025543116 14.861 0.005
0.0019995721907206665 14.867 0.005
0.002313746068261846 14.873 0.005
0.002387825915798114 14.872 0.005
0.006566732850694645 14.852 0.005
0.007114133940626655 14.862 0.005
0.007506727318877804 14.862 0.005
0.009434333665376382 14.874 0.005
0.010870085979172384 14.865 0.005
0.0141770383369475 14.875 0.005
0.01807371416506376 14.875 0.006
0.019031328637561185 14.879 0.006
0.019580641223706063 14.875 0.005
0.021665602489542746 14.868 0.005
0.026566340383533227 14.873 0.005
0.027321103358894927 14.884 0.006
0.02809277528083376 14.876 0.006
0.028341930173746643 14.865 0.005
0.030679162628268752 14.876 0.005
0.03152032133228877 14.872 0.006
0.03171257293379304 14.872 0.005
0.03187794156863211 14.877 0.005
0.03221011376003835 14.877 0.005
0.033114150573078316 14.868 0.005
0.034286697198206095 14.88 0.005
0.036781623537842645 14.881 0.005
0.038707404683941515 14.884 0.005
0.03942627226703044 14.877 0.005
0.040122803368512816 14.877 0.005
0.04142522993950015 14.882 0.006
0.04142612852833727 14.89 0.005
0.04407216810303671 14.893 0.005
0.044580815649930994 14.888 0.005
0.04539466213614096 14.88 0.005
0.04597845523604738 14.871 0.005
0.04866267017271175 14.872 0.005
0.06466802259702709 14.891 0.005
0.0650897443000189 14.888 0.005
0.06541370578022443 14.892 0.006
0.06664228225471325 14.89 0.005
0.06821387912500532 14.881 0.005
0.0687619727146056 14.89 0.005
0.06919333383293624 14.882 0.005
0.0692897079424255 14.897 0.006
0.06957910734538464 14.88 0.005
0.06987589059817756 14.885 0.006
0.07096997513169745 14.893 0.005
0.07100265921044402 14.878 0.005
0.07350647456396464 14.878 0.005
0.07358006215488322 14.878 0.005
0.07469456731294022 14.883 0.006
0.07511497026930547 14.864 0.005
0.07589934436136891 14.882 0.005
0.07597647787033557 14.897 0.006
0.07601854284833953 14.894 0.006
0.07625258708608262 14.892 0.005
0.07738512405549036 14.875 0.005
0.07893215615885074 14.897 0.006
0.08010237112991936 14.89 0.005
0.08020153639508854 14.891 0.005
0.08178773310603438 14.879 0.005
0.08299589804917096 14.896 0.005
0.0837711537480117 14.9 0.006
0.08381855708935282 14.88 0.005
0.08454653870480788 14.897 0.005
0.08503625659411673 14.879 0.005
0.08516760857778527 14.893 0.005
0.0881120319583828 14.892 0.005
0.09058235567234751 14.894 0.005
0.09124028652163352 14.889 0.005
0.09300896105704615 14.894 0.005
0.09304402958800884 14.895 0.005
0.09368667171562484 14.894 0.006
0.09820311286696315 14.904 0.006
0.09991679996815028 14.894 0.006
0.10135062696010655 14.897 0.005
0.10301964397373231 14.884 0.005
0.10384095587326092 14.885 0.005
0.10410943255899374 14.912 0.006
0.10770998961120304 14.91 0.006
0.11063554559697186 14.897 0.006
0.11137364941966998 14.895 0.005
0.1161240914751942 14.888 0.005
0.11711060925400707 14.902 0.005
0.11853836167815635 14.909 0.005
0.12101058269129217 14.897 0.005
0.12285197100427458 14.886 0.005
0.12576544559206004 14.89 0.005
0.12581698722973433 14.905 0.005
0.131295659209536 14.908 0.005
0.1349305875607114 14.895 0.005
0.13542894105139558 14.902 0.006
0.1377667658839754 14.888 0.005
0.13779790109398382 14.921 0.006
0.13822423915288473 14.9 0.005
0.13827893568738991 14.896 0.005
0.13831485000891908 14.923 0.006
0.13913380510765583 14.913 0.005
0.14088746910939554 14.903 0.006
0.14173275228395132 14.907 0.005
0.1423147387415269 14.896 0.006
0.14263999567813235 14.902 0.005
0.14380207166552728 14.899 0.005
0.14425137792809428 14.911 0.005
0.14472308330661 14.916 0.005
0.14490076346160086 14.911 0.006
0.14601371102892235 14.903 0.005
0.1461208667191385 14.907 0.005
0.148787647325912 14.901 0.005
0.15070308597861404 14.89 0.005
0.15361727747031173 14.899 0.005
0.15560362362955393 14.905 0.005
0.15589623907819705 14.901 0.005
0.15598084273292434 14.904 0.006
0.15792334529450036 14.922 0.005
0.15902360924965242 14.909 0.006
0.1592388239512501 14.895 0.005
0.1596617067489432 14.905 0.005
0.1607732445412693 14.917 0.005
0.163842510982954 14.91 0.005
0.1648962701855452 14.911 0.005
0.168707592700025 14.908 0.005
0.17274141253064945 14.923 0.006
0.17368848463800068 14.922 0.005
0.1758254892629565 14.894 0.006
0.17662481747211123 14.906 0.005
0.17776830276758337 14.902 0.005
0.1791108019997636 14.923 0.005
0.17915112259836397 14.91 0.005
0.1792893090160077 14.905 0.005
0.17929514399716018 14.917 0.005
0.17966841085026308 14.925 0.005
0.1805902209585155 14.906 0.005
0.1819824220598547 14.911 0.005
0.18255189712569964 14.919 0.005
0.18276671969206282 14.934 0.005
0.1846514341991905 14.919 0.006
0.1849291254100307 14.916 0.006
0.18619508314011446 14.923 0.005
0.18830226694060448 14.911 0.005
0.18863551430220005 14.917 0.005
0.18916607381188433 14.916 0.006
0.190385923285612 14.906 0.005
0.19116650315074812 14.941 0.005
0.1919653485678281 14.905 0.005
0.19241679570611714 14.919 0.005
0.1927266204659417 14.919 0.005
0.19279368020479515 14.919 0.005
0.19440703148145522 14.915 0.005
0.19635669324579785 14.923 0.005
0.19833046064675264 14.914 0.006
0.20104999715547356 14.914 0.005
0.20120523922209932 14.926 0.005
0.201637426830382 14.929 0.006
0.20181661214930946 14.922 0.005
0.20791117802300496 14.918 0.006
0.2083094349046859 14.915 0.005
0.20937728239041453 14.933 0.005
0.21028248503048408 14.921 0.005
0.2112463553845827 14.933 0.005
0.21380459892045556 14.916 0.005
0.21524213894721234 14.922 0.005
0.21572222215351067 14.93 0.006
0.21627122379666153 14.92 0.005
0.21680726039246556 14.923 0.006
0.2176870910760953 14.922 0.005
0.2198049989266564 14.938 0.005
0.22319047999999375 14.919 0.006
0.22362990327084153 14.925 0.005
0.22528053605290088 14.905 0.005
0.22713357502746012 14.932 0.005
0.2279341549880427 14.925 0.005
0.22829324252975303 14.925 0.005
0.22953081760422256 14.916 0.005
0.22969468144642624 14.914 0.006
0.23174399600034112 14.921 0.005
0.2318859762736678 14.929 0.005
0.23242714041142554 14.931 0.005
0.2346544212877233 14.918 0.005
0.23516181708318973 14.928 0.005
0.2372819280722296 14.921 0.005
0.23971482209352635 14.92 0.005
0.24580549835118282 14.913 0.005
0.2464332489958223 14.941 0.005
0.2510460067262783 14.939 0.005
0.2531557999974665 14.932 0.005
0.2550674633525545 14.93 0.006
0.25558679235850823 14.936 0.005
0.2561838468804125 14.905 0.006
0.25664072341012334 14.922 0.005
0.25715711743421243 14.924 0.005
0.25887728543536914 14.926 0.006
0.2589692339674001 14.929 0.005
0.25987468018396376 14.914 0.006
0.26016728180698 14.928 0.005
0.2631587549949699 14.913 0.005
0.26326541879986953 14.928 0.005
0.2632828574905033 14.922 0.005
0.2636342407747292 14.921 0.005
0.2654777029681781 14.94 0.005
0.26631705540105477 14.929 0.005
0.2667647174057719 14.945 0.006
0.2708633749074578 14.935 0.006
0.2710171354717317 14.914 0.005
0.2732708161512618 14.919 0.005
0.2800408516864308 14.929 0.005
0.28223651456087273 14.931 0.005
0.28771059384635 14.934 0.006
0.2885999062931659 14.922 0.005
0.2896331152417928 14.934 0.005
0.29033212145216103 14.939 0.006
0.29261008908215436 14.939 0.005
0.293832409675042 14.928 0.005
0.2943838631367952 14.938 0.005
0.29460238964454666 14.929 0.005
0.2947049380722091 14.926 0.005
0.29633179035752155 14.928 0.005
0.29695137835701635 14.939 0.005
0.298424091768561 14.912 0.005
0.2986882867030203 14.931 0.005
0.2995217895866289 14.933 0.005
0.29971555071309686 14.902 0.005
0.29983251293529056 14.935 0.005
0.30397919529300443 14.929 0.005
0.3039948513743638 14.928 0.005
0.30544607808459423 14.913 0.006
0.30632057550840264 14.911 0.005
0.3063490349951734 14.931 0.006
0.3068027904969539 14.921 0.005
0.3080154906039865 14.925 0.006
0.3093788837880651 14.927 0.005
0.30948134193024535 14.926 0.006
0.315260600854367 14.922 0.005
0.3166633352273265 14.934 0.005
0.319615558254577 14.929 0.005
0.3210041606394838 14.917 0.005
0.32173393470022793 14.918 0.005
0.3224576673194064 14.928 0.006
0.3224778443674494 14.928 0.006
0.32260647219075045 14.917 0.005
0.32288778577949406 14.924 0.005
0.32313668289892794 14.933 0.006
0.3245050987711351 14.933 0.006
0.3250838644505847 14.931 0.005
0.3303116750167532 14.923 0.005
0.3338782248823917 14.935 0.006
0.33402208352551943 14.92 0.005
0.33441089177019867 14.927 0.005
0.33553899332613346 14.905 0.005
0.3355930541489669 14.924 0.006
0.3366861683660658 14.921 0.006
0.336859427675813 14.909 0.005
0.33878799997753495 14.931 0.006
0.33879951739120306 14.929 0.006
0.3388232931556785 14.927 0.005
0.3391440571481552 14.907 0.005
0.3401904994960545 14.91 0.005
0.3416561975313015 14.905 0.005
0.3422810430731942 14.918 0.005
0.345126244400626 14.925 0.005
0.35096083519968035 14.912 0.005
0.35190406464291757 14.92 0.005
0.3522712379988434 14.903 0.005
0.35282842669143977 14.927 0.005
0.3556367047797494 14.919 0.006
0.3562606564651333 14.935 0.006
0.35640749704227803 14.924 0.006
0.3572842980974201 14.915 0.005
0.3574888455368296 14.908 0.006
0.3583292447459826 14.923 0.005
0.3584866087589035 14.925 0.005
0.3587623546046871 14.933 0.005
0.35925229714111995 14.918 0.005
0.35944261247109355 14.914 0.005
0.3629859501852707 14.897 0.005
0.36509231185677893 14.902 0.005
0.3683142356699364 14.918 0.005
0.3686968026012437 14.914 0.005
0.3697491567612815 14.922 0.005
0.37090135448934236 14.923 0.005
0.37135108090975566 14.898 0.005
0.371434785975589 14.929 0.005
0.37168324836889044 14.916 0.005
0.37206853908937776 14.909 0.005
0.3738642826373507 14.913 0.005
0.37646036655925175 14.892 0.005
0.37674069090237483 14.919 0.005
0.3771672871059991 14.922 0.005
0.38086387893090434 14.904 0.006
0.3885394517107216 14.903 0.005
0.3892733782646133 14.908 0.005
0.3907769312541177 14.914 0.005
0.3935734246905668 14.914 0.005
0.39584977172418123 14.888 0.005
0.39800542930393024 14.907 0.006
0.3997575590051611 14.887 0.006
0.4 14.948 0.006
0.40019458798777807 14.905 0.006
0.4005444806763535 14.9 0.005
0.40172596911340863 14.896 0.005
0.4027891095865016 14.91 0.005
0.40405537825952254 14.904 0.005
0.40555704341456933 14.904 0.005
0.40594890569198017 14.922 0.005
0.4063651313794253 14.901 0.005
0.4067310526126221 14.909 0.005
0.40695508933279145 14.905 0.005
0.40799353179104403 14.911 0.005
0.40924738446144604 14.911 0.005
0.41130930579631697 14.908 0.005
0.41272134934094995 14.882 0.005
0.41525118655956705 14.876 0.005
0.41883589675219357 14.896 0.006
0.4193551729598767 14.913 0.005
0.4197933630372518 14.907 0.006
0.41997764750410627 14.908 0.005
0.4259827639877699 14.887 0.005
0.42862071774825383 14.902 0.006
0.43265881023685326 14.908 0.005
0.4333877046380167 14.898 0.005
0.43436462123147523 14.884 0.005
0.4346326012994496 14.894 0.005
0.4348066729021639 14.879 0.006
0.435636725256893 14.887 0.005
0.4358450530976029 14.897 0.006
0.43609550344680204 14.877 0.005
0.4375583819324561 14.902 0.005
0.44107621880348236 14.899 0.005
0.4425703089590002 14.89 0.005
0.4437561610821149 14.907 0.005
0.44387543602894086 14.893 0.005
0.44517758116492134 14.879 0.005
0.44656205907929236 14.868 0.005
0.44916364449150026 14.899 0.005
0.45036225631522486 14.892 0.005
0.4528807428653977 14.868 0.005
0.4530826382432679 14.873 0.005
0.4584881336966419 14.877 0.005
0.46816421737880776 14.883 0.005
0.47038518011080444 14.867 0.005
0.4706306030396036 14.887 0.006
0.47128525520886344 14.877 0.005
0.4737633974988512 14.887 0.005
0.4760868278376279 14.877 0.005
0.4765554511606297 14.881 0.005
0.47730083759781794 14.858 0.005
0.47772739121060115 14.881 0.005
0.47863871063813124 14.857 0.005
0.4790066107338703 14.86 0.005
0.48199297568057775 14.88 0.005
0.4820968526908246 14.898 0.005
0.4822304314747271 14.874 0.005
0.4832458434663863 14.853 0.005
0.48364765099844365 14.878 0.005
0.48371275590764073 14.866 0.005
0.48384133093272796 14.87 0.006
0.48509459122507226 14.871 0.005
0.4853796990407432 14.856 0.005
0.48679526048081245 14.879 0.005
0.4877270442377949 14.882 0.006
0.4886136419888999 14.872 0.005
0.48947654043544164 14.85 0.005
0.4899297224884208 14.862 0.006
0.49013102075584813 14.879 0.005
0.4937928069267855 14.879 0.005
0.4954123372538902 14.874 0.005
0.49750528894488755 14.873 0.005
0.5013660074890481 14.868 0.005
0.5016733378393156 14.844 0.005
0.5036377145051688 14.872 0.005
0.505705801064687 14.869 0.005
0.5069005654919124 14.849 0.005
0.5073778342522474 14.871 0.005
0.5082473322783244 14.844 0.005
0.5084766167051612 14.867 0.005
0.508492038303325 14.857 0.005
0.5085609185101362 14.856 0.005
0.5099465152994981 14.88 0.005
0.5103666262421257 14.864 0.006
0.5132777546076795 14.869 0.006
0.5155347656516028 14.845 0.005
0.5159196125526023 14.864 0.005
0.5160724555987258 14.856 0.005
0.5181140422334579 14.861 0.005
0.5198011485888628 14.863 0.005
0.5198619710042408 14.858 0.006
0.5199410502495084 14.88 0.005
0.5200498017605014 14.863 0.005
0.5204879918378197 14.85 0.005
0.520801071615972 14.867 0.005
0.5226178856972524 14.859 0.005
0.5230157457112 14.86 0.005
0.5231175630381358 14.867 0.005
0.5234894343133988 14.853 0.005
0.523794208362483 14.87 0.006
0.5269960406806377 14.872 0.005
0.5280365617516282 14.862 0.005
0.5281170504005331 14.856 0.005
0.5313563691992954 14.829 0.005
0.5318918418110116 14.86 0.005
0.5339616534493189 14.859 0.006
0.5352442423093408 14.856 0.005
0.5355529587727347 14.859 0.005
0.5407759137674703 14.839 0.005
0.541844487993069 14.853 0.005
0.5434578487343856 14.837 0.005
0.549359007015562 14.856 0.005
0.5508340579274545 14.847 0.005
0.5524467734923292 14.861 0.005
0.5527926181701105 14.847 0.005
0.5534791413826611 14.854 0.005
0.553621026266876 14.845 0.005
0.5544877863069019 14.845 0.005
0.5558640254874035 14.84 0.005
0.5575255115775463 14.855 0.005
0.5578977123538721 14.822 0.005
0.5590127054075765 14.845 0.005
0.5608827676473084 14.836 0.005
0.5608828677688052 14.84 0.005
0.5621852521202527 14.855 0.005
0.562731438946139 14.85 0.005
0.5628125822358016 14.846 0.005
0.5641819061615024 14.847 0.005
0.5677820332199645 14.852 0.005
0.5679528170493541 14.851 0.005
0.5687067389663639 14.846 0.005
0.5691960457911819 14.855 0.005
0.5782182994330697 14.842 0.005
0.580194723627892 14.84 0.005
0.5808223694189337 14.85 0.005
0.5833063612582464 14.849 0.005
0.5846992217327284 14.838 0.006
0.5849699976886541 14.86 0.006
0.5856342171745382 14.843 0.005
0.5857083876788579 14.849 0.005
0.5862576856966598 14.838 0.005
0.5878555531122857 14.835 0.006
0.5878590990303337 14.862 0.005
0.5882146548509809 14.852 0.005
0.5884405073068933 14.838 0.005
0.58934749765981 14.845 0.005
0.5901363399205707 14.828 0.005
0.5901623475886822 14.837 0.005
0.590674775536877 14.841 0.005
0.5913225357416195 14.826 0.005
0.592916613291402 14.827 0.005
0.5941686454938463 14.854 0.006
0.5944637080288203 14.85 0.005
0.5957434150764357 14.818 0.005
0.5983098645912378 14.812 0.005
0.5997083073770227 14.848 0.005
0.5997620525244202 14.83 0.005
0.6024682697093567 14.855 0.005
0.6025629904676407 14.836 0.005
0.6025793634527418 14.851 0.006
0.6031797971474134 14.832 0.005
0.6032632488006812 14.841 0.005
0.6040965699993649 14.812 0.005
0.6042389132714107 14.82 0.005
0.6059781015871067 14.836 0.005
0.6095475470908355 14.83 0.005
0.6154255463900654 14.837 0.005
0.617065182037743 14.834 0.006
0.6194598726743493 14.832 0.005
0.6197906587526291 14.827 0.005
0.6223897730455633 14.826 0.005
0.6228069020542307 14.844 0.005
0.623302383197165 14.835 0.005
0.6237288840116207 14.834 0.005
0.6246338379715098 14.827 0.006
0.6291491369576306 14.844 0.005
0.6313440541627188 14.829 0.005
0.6321438935579181 14.824 0.005
0.6347266348656376 14.827 0.005
0.6349303601760653 14.806 0.005
0.6401160103750044 14.824 0.005
0.6422945735242479 14.827 0.005
0.6428394226741375 14.828 0.005
0.6443714868347229 14.816 0.005
0.6454223405632092 14.816 0.005
0.6464592203269831 14.83 0.005
0.6476356285454813 14.836 0.005
0.654437774339408 14.829 0.005
0.6587810515701676 14.826 0.005
0.6588394848010012 14.823 0.005
0.6589705120160488 14.832 0.005
0.6601938218546138 14.835 0.005
0.6603877311684642 14.823 0.005
0.6605234653962612 14.823 0.005
0.6606075673295436 14.817 0.005
0.6612521209532588 14.834 0.005
0.6613779532598528 14.827 0.005
0.6637450546047831 14.828 0.005
0.6658254996362075 14.833 0.006
0.6673507202694623 14.822 0.005
0.6675393585864186 14.839 0.006
0.6704352845261156 14.821 0.005
0.6710733197624791 14.807 0.005
0.6722571122020554 14.828 0.005
0.6732647820776038 14.83 0.005
0.6738326802519851 14.827 0.005
0.6746512242862878 14.806 0.005
0.6755771300999186 14.829 0.005
0.6757345228781105 14.828 0.005
0.6813213445260772 14.832 0.005
0.6854793385797621 14.814 0.005
0.6895690397011208 14.813 0.005
0.6943797791602947 14.824 0.005
0.6949335406143519 14.828 0.005
0.6965427914534758 14.804 0.005
0.6967176851850582 14.836 0.005
0.6973335980083789 14.813 0.005
0.7001668806934959 14.831 0.005
0.7002698591149624 14.832 0.005
0.701609285385041 14.811 0.005
0.7016453336969676 14.816 0.005
0.7034822057754809 14.831 0.005
0.7046715364503143 14.833 0.005
0.70483400944712 14.834 0.005
0.7059998800327435 14.823 0.005
0.7063923780217692 14.821 0.005
0.706623176705898 14.831 0.006
0.7075343818150032 14.823 0.005
0.7092302861561507 14.828 0.005
0.710413930037214 14.811 0.005
0.7126096650103136 14.828 0.005
0.7175970611387129 14.82 0.005
0.7210046882867346 14.83 0.005
0.7292481639732614 14.84 0.005
0.7307821782311749 14.822 0.005
0.7311539777789676 14.84 0.005
0.7324345597537217 14.826 0.005
0.732857442551358 14.826 0.005
0.7332577638487919 14.84 0.005
0.7333929198953456 14.835 0.005
0.7338683867458485 14.826 0.005
0.7343801644139148 14.825 0.005
0.7372512346868462 14.827 0.005
0.7378780867427054 14.829 0.005
0.7380891103498698 14.835 0.005
0.7388436151803944 14.831 0.006
0.7390752170641349 14.848 0.006
0.7392389090573716 14.821 0.005
0.7407819219153225 14.833 0.006
0.7415242266682981 14.845 0.006
0.7439114908642296 14.822 0.005
0.747738277939186 14.835 0.005
0.7478948347626556 14.816 0.005
0.7487720417787159 14.827 0.005
0.7505053182819893 14.827 0.005
0.7550757576219894 14.826 0.005
0.7556257197454329 14.828 0.005
0.7604703276685086 14.829 0.005
0.7658905664174199 14.854 0.006
0.7661102350906163 14.841 0.005
0.7665364013004364 14.829 0.005
0.7686826918067254 14.831 0.005
0.7691314104235062 14.821 0.005
0.7693239339953607 14.834 0.005
0.769541299037337 14.831 0.005
0.7702976247071774 14.824 0.005
0.770764197811468 14.838 0.005
0.7726616865874348 14.831 0.005
0.7727354416662365 14.832 0.005
0.773447365971856 14.829 0.005
0.7743779977274926 14.826 0.005
0.7747210468886806 14.827 0.005
0.7747600534729827 14.834 0.005
0.7770070049437209 14.831 0.005
0.7786908945107825 14.834 0.006
0.7788569137969944 14.829 0.005
0.7794586283795525 14.827 0.005
0.7795437523135093 14.823 0.005
0.7806835198419094 14.828 0.005
0.7820299381981158 14.826 0.005
0.7837773077170255 14.834 0.005
0.7843189499144728 14.832 0.005
0.7851817482395745 14.829 0.005
0.7860501714667635 14.837 0.006
0.7882271387952869 14.83 0.005
0.7884437053698093 14.824 0.005
0.7891734266322828 14.834 0.005
0.7908143482715332 14.825 0.005
0.7921834282493819 14.834 0.005
0.7923705850640431 14.837 0.005
0.7934888709947018 14.827 0.005
0.7947055091549032 14.838 0.005
0.7960256995566738 14.828 0.005
0.7969109785610954 14.836 0.005
0.8001591583511299 14.827 0.005
0.8026543519290158 14.825 0.005
0.8033922977283737 14.825 0.005
0.8036911363035643 14.824 0.005
0.8042012842821805 14.846 0.006
0.805359236170284 14.83 0.005
0.8062057379700264 14.832 0.005
0.8081500519062047 14.839 0.005
0.8092988180346424 14.84 0.005
0.8115464773159374 14.831 0.005
0.8115884658340292 14.841 0.005
0.8117996467218745 14.837 0.005
0.8122330675236299 14.827 0.005
0.8133498045854367 14.834 0.005
0.8141479189016764 14.835 0.005
0.8142856123201568 14.834 0.005
0.8151413377384188 14.834 0.005
0.8153232421141411 14.837 0.005
0.8178480613770148 14.841 0.005
0.8191361273230996 14.844 0.005
0.8195172032875689 14.825 0.005
0.8233219495129106 14.846 0.006
0.8251874001290617 14.84 0.005
0.8255148885980589 14.839 0.005
0.8257479002566243 14.831 0.005
0.825872026042498 14.851 0.005
0.8266420009083731 14.826 0.005
0.8325091610964478 14.841 0.005
0.834342582645968 14.828 0.005
0.8347892696020495 14.836 0.005
0.8416323334762069 14.839 0.006
0.8424766754709708 14.832 0.005
0.8436543358123118 14.843 0.005
0.8437531854021586 14.841 0.005
0.8440339251707997 14.836 0.005
0.8453874306308308 14.84 0.005
0.8460062685999447 14.838 0.005
0.8466413502964315 14.848 0.005
0.8472359344416077 14.841 0.005
0.8483701822929334 14.855 0.005
0.8496549841273918 14.835 0.005
0.8498165632676887 14.853 0.005
0.8499224766710768 14.833 0.005
0.8505787865527964 14.828 0.005
0.8513338273447971 14.838 0.006
0.8513884947426732 14.831 0.005
0.8514150853242427 14.853 0.005
0.8523843988955605 14.838 0.005
0.8544041019613587 14.828 0.005
0.8600497682760079 14.836 0.005
0.8609393242993747 14.838 0.005
0.8612283126377861 14.853 0.006
0.8623051023069138 14.84 0.005
0.862444200767834 14.841 0.005
0.863008481296697 14.839 0.005
0.8631132758250374 14.843 0.005
0.8640539343988621 14.842 0.005
0.8649853882835942 14.838 0.005
0.865858012069873 14.84 0.005
0.8728846631788884 14.834 0.005
0.8728972699599012 14.84 0.005
0.8745727008783547 14.845 0.006
0.8759196875796761 14.847 0.006
0.8761613352108043 14.839 0.005
0.8782019467968439 14.85 0.005
0.8796242891300722 14.849 0.005
0.8809549174145787 14.858 0.005
0.8810194485036164 14.844 0.005
0.8823297326232705 14.84 0.005
0.8831235928396609 14.839 0.005
0.8833106542652104 14.853 0.005
0.8848182454293237 14.843 0.005
0.8855388384626167 14.851 0.005
0.8856341374020303 14.845 0.005
0.8857455173129779 14.845 0.005
0.8864093978331425 14.846 0.005
0.8865177768808735 14.836 0.005
0.8869748441888646 14.852 0.005
0.8883982096366708 14.851 0.005
0.8889732808394456 14.847 0.005
0.8900749593017508 14.834 0.005
0.8929335804456514 14.847 0.005
0.8938060178147907 14.851 0.006
0.8941639730271845 14.844 0.005
0.894933211688533 14.851 0.005
0.8964842539438905 14.842 0.005
0.8979671423610626 14.842 0.005
0.8983032995576196 14.837 0.005
0.8992015010183195 14.843 0.005
0.9004444388603133 14.834 0.005
0.9016172436302213 14.852 0.005
0.9023038433025704 14.839 0.005
0.9050148971296267 14.85 0.005
0.9059642055018685 14.863 0.005
0.907864820038094 14.861 0.005
0.9106420539444798 14.85 0.005
0.9134559955361056 14.85 0.005
0.9158304468618553 14.86 0.006
0.9170554632211406 14.849 0.005
0.9178267619374992 14.844 0.005
0.9180535035174217 14.851 0.005
0.9204691070353533 14.857 0.005
0.9205885494701193 14.847 0.005
0.9220991753665203 14.864 0.006
0.9239910490762441 14.87 0.005
0.9251468648211812 14.842 0.005
0.9266273775081345 14.855 0.006
0.9297521815425626 14.861 0.005
0.9311286690318298 14.856 0.006
0.9320178096296786 14.852 0.005
0.9353123550783607 14.865 0.006
0.9386437709678944 14.855 0.005
0.9389241670384308 14.859 0.005
0.9390754521224608 14.845 0.005
0.940305414710133 14.846 0.005
0.9412866567596666 14.86 0.006
0.9453855625701181 14.862 0.005
0.9462675628946272 14.857 0.005
0.9513620429857155 14.871 0.006
0.9538782885387831 14.853 0.005
0.9544507080511493 14.859 0.005
0.9549913125658462 14.863 0.005
0.955315417872407 14.854 0.005
0.9555646492251753 14.843 0.005
0.9556801110157038 14.856 0.005
0.9585213888581392 14.853 0.005
0.9587182611765797 14.866 0.006
0.9608965428907594 14.859 0.006
0.9610579691113457 14.867 0.005
0.9618058838269916 14.859 0.005
0.9619236539811253 14.859 0.005
0.9619481754147272 14.849 0.005
0.9625141904869223 14.857 0.005
0.9627486024555991 14.855 0.005
0.964607060985736 14.866 0.005
0.964687974524645 14.855 0.005
0.9652804225265412 14.86 0.005
0.9657306991054155 14.861 0.005
0.9662069017890871 14.872 0.005
0.9669516288528484 14.851 0.005
0.9676875917998813 14.858 0.005
0.9700333022037966 14.862 0.006
0.9702869016035378 14.866 0.006
0.9711664075184898 14.865 0.005
0.9759670626289902 14.854 0.005
0.9771866547004264 14.861 0.005
0.9808906587691921 14.866 0.005
0.9824362767366437 14.864 0.005
0.9880799831180069 14.858 0.005
0.9902182737345924 14.872 0.005
0.9905349762620062 14.859 0.005
0.9906590303203529 14.858 0.005
0.9909951638553252 14.857 0.005
0.9920076660119093 14.864 0.005
0.9930937025898401 14.868 0.005
0.9947746200589562 14.857 0.005
0.995309054987922 14.869 0.005
0.9964583661711344 14.865 0.005
0.9970978829097361 14.858 0.005
0.9978933542577351 14.862 0.005
0.998595003436344 14.869 0.005
0.999724887973025 14.861 0.005
0.9998660796149124 14.871 0.005
