0.0007360690252881108 15.873 0.007
0.00389715683834313 15.898 0.007
0.004706805070691211 15.882 0.006
0.004848809400436971 15.887 0.007
0.005404728094754341 15.888 0.007
0.0065404918481363206 15.878 0.006
0.010001692392415884 15.886 0.007
0.010120973836956204 15.885 0.006
0.010376741393110955 15.887 0.007
0.011155774499366111 15.877 0.006
0.011363329290611568 15.9 0.007
0.011984227925859181 15.89 0.007
0.01378139461180583 15.904 0.007
0.013873351133861456 15.879 0.006
0.01561931931464644 15.881 0.006
0.017080671946496317 15.897 0.009
0.02181926959624436 15.885 0.007
0.022516384793470956 15.916 0.009
0.023824176240987094 15.878 0.007
0.02502196230275333 15.891 0.007
0.025044412265310734 15.904 0.007
0.026141576068675954 15.911 0.01
0.026668361510382987 15.882 0.007
0.026935405489575737 15.906 0.007
0.030376296972826844 15.908 0.007
0.033109180151222994 15.893 0.006
0.033724301378151744 15.893 0.007
0.03592904544179876 15.893 0.006
0.03644619822207462 15.904 0.007
0.039510492960198484 15.89 0.007
0.04031864075866454 15.904 0.007
0.04071916386853902 15.909 0.009
0.04104974979318288 15.901 0.006
0.043858707600884395 15.901 0.006
0.04565264029806715 15.91 0.009
0.046709766798949226 15.892 0.007
0.04752968408447489 15.896 0.006
0.04896074869034239 15.9 0.007
0.048962209322462535 15.934 0.009
0.05003880004587702 15.915 0.009
0.05024771880939627 15.914 0.007
0.05184143828150811 15.912 0.007
0.05284718250495646 15.913 0.007
0.05361179091746637 15.91 0.007
0.05446679029923873 15.904 0.007
0.05538868694898158 15.898 0.006
0.05684975088765898 15.923 0.007
0.057836894930369476 15.899 0.006
0.05807937068188951 15.914 0.006
0.05888811646550496 15.913 0.007
0.06319684447785223 15.914 0.006
0.06368955175983049 15.92 0.007
0.06444312996009105 15.911 0.006
0.06476007294841113 15.908 0.006
0.06570592203242998 15.918 0.006
0.06656662200921348 15.918 0.006
0.06704399807258599 15.898 0.007
0.06744072010646962 15.923 0.007
0.06924141837853315 15.91 0.007
0.06969785038418197 15.921 0.007
0.07120945519491217 15.922 0.007
0.07476521876210429 15.917 0.009
0.07507039022575557 15.921 0.007
0.07790517734999869 15.927 0.007
0.0782713966880465 15.93 0.007
0.08057670132407113 15.917 0.007
0.08144172151028217 15.923 0.007
0.08324113058565674 15.932 0.007
0.08338665073099494 15.95 0.009
0.08453488548220778 15.919 0.007
0.08626050619513992 15.92 0.007
0.08649870357694456 15.927 0.007
0.08681134352118536 15.914 0.007
0.08846527289520056 15.94 0.007
0.08983232652317386 15.929 0.007
0.09015870949647253 15.916 0.007
0.09021842290135285 15.925 0.006
0.09050604199844658 15.92 0.007
0.09100788823482164 15.936 0.007
0.09183766175569874 15.921 0.006
0.09548225824826206 15.926 0.007
0.09563514538685924 15.926 0.007
0.09710425379741994 15.933 0.007
0.0971776732198123 15.945 0.009
0.09728403383714979 15.937 0.007
0.09802715781690952 15.924 0.007
0.09840539692836503 15.92 0.006
0.09934585331429846 15.931 0.009
0.10454711364027391 15.932 0.007
0.10558140203547739 15.954 0.009
0.10824112090622295 15.926 0.007
0.10983810934058058 15.941 0.007
0.1103416418209463 15.929 0.007
0.11349410638026713 15.939 0.006
0.11546389048398853 15.892 0.007
0.1193241294746713 15.927 0.007
0.11993719004672132 15.927 0.007
0.12028919249487446 15.946 0.006
0.1216994549756919 15.935 0.007
0.12500266780980385 15.942 0.007
0.12562119993142462 15.937 0.007
0.12752562968321401 15.935 0.007
0.12895327856633687 15.946 0.007
0.13209307054730746 15.949 0.007
0.13586829142118406 15.959 0.007
0.13637669542813458 15.961 0.009
0.13649124524035872 15.955 0.007
0.13678355552465293 15.942 0.007
0.13713424410152586 15.94 0.007
0.14096831090548678 15.944 0.007
0.14222552307401204 15.962 0.007
0.1446826217612852 15.944 0.007
0.1450882070363605 15.959 0.007
0.14819464157167206 15.964 0.007
0.14967941312911537 15.965 0.007
0.15131256097665757 15.946 0.007
0.1522946222557039 15.959 0.007
0.1527684859364854 15.943 0.007
0.15731194829700146 15.967 0.007
0.16005559702548455 15.956 0.007
0.16357516963912533 15.959 0.007
0.16397833218572944 15.954 0.007
0.16410148261516044 15.964 0.006
0.16412508187991082 15.963 0.007
0.16796040430190262 15.97 0.007
0.1720305063446631 15.964 0.007
0.17286842582543616 15.951 0.009
0.1761437767953794 15.959 0.007
0.17669208164354588 15.97 0.007
0.18179317640683623 15.973 0.007
0.18183110091526944 15.973 0.01
0.1820122524362887 15.966 0.009
0.1866863638520272 15.965 0.006
0.18690655560512826 15.97 0.006
0.18714637614984897 15.968 0.007
0.18846608105459384 15.983 0.009
0.1886361659946033 15.984 0.006
0.19281407008318185 15.977 0.007
0.19567887370558312 15.969 0.009
0.19783950303453823 15.981 0.007
0.20047532911908095 15.996 0.007
0.20056154524413616 15.982 0.007
0.20143247243415774 15.984 0.007
0.20273232293507137 15.985 0.007
0.20341338963285127 15.986 0.009
0.20407474042624474 15.975 0.007
0.20415910573833573 15.98 0.009
0.2049592090649185 15.981 0.009
0.20517079880542044 15.967 0.007
0.2055538305920891 15.981 0.007
0.20604094423790686 15.997 0.009
0.20629664667526415 15.98 0.009
0.20661311580263375 15.979 0.007
0.2068469490970074 15.98 0.007
0.20837507423007084 15.978 0.007
0.20888111515650964 15.985 0.009
0.20899198318888923 15.982 0.006
0.21026283689880076 15.979 0.006
0.2142648491361797 15.996 0.007
0.21506316129753034 15.987 0.006
0.2181887768332672 15.984 0.007
0.21915254582838772 15.997 0.009
0.22200181729490398 15.987 0.007
0.22245637241794614 15.983 0.007
0.22273643871189963 15.991 0.009
0.227595040558208 15.988 0.007
0.23129313555537012 15.996 0.007
0.23135838294833777 15.996 0.006
0.2319377013647227 15.995 0.007
0.23229614572042012 16.004 0.007
0.23290577136608592 15.994 0.007
0.23423172614482157 15.997 0.006
0.23424993614448797 15.998 0.007
0.2349085528793694 16.007 0.007
0.2353563863058753 16.014 0.009
0.23597905486476523 15.993 0.01
0.23605590781849062 15.993 0.007
0.23666983447028545 15.995 0.009
0.23690837815538546 15.998 0.007
0.237762804226486 15.998 0.007
0.24067908818110484 15.995 0.007
0.24134003302312979 16.015 0.009
0.2440708994243096 16.001 0.007
0.24695690082412514 16.007 0.009
0.2508729451850741 16.007 0.007
0.25114801239501505 16.001 0.006
0.25379939531003404 16.0 0.007
0.25386952109581673 16.014 0.007
0.25491738591326796 16.003 0.007
0.2553855249674598 16.007 0.009
0.2584597424553522 16.012 0.007
0.2599012372505968 16.018 0.007
0.26273714900278267 16.009 0.007
0.26572637851907077 16.019 0.009
0.2659908317674763 16.015 0.007
0.26610363289742056 16.014 0.007
0.2661099280442386 16.036 0.007
0.2668638772224995 16.011 0.007
0.26747206487279984 16.043 0.009
0.2689331253782484 16.028 0.009
0.2690443047403278 16.023 0.007
0.27280452010065803 16.03 0.007
0.27400105333449576 16.002 0.006
0.27862612978312884 16.033 0.007
0.2796845084693814 16.02 0.007
0.2830968756269613 16.03 0.007
0.28455534883496514 16.032 0.007
0.2885291721082922 16.016 0.007
0.28863565545466374 16.047 0.009
0.2892226281618605 16.026 0.007
0.2910098720981523 16.04 0.009
0.2912998172639846 16.035 0.009
0.29203133568298656 16.015 0.007
0.2926209828007359 16.038 0.009
0.2957604634520067 16.034 0.007
0.29713840053116203 16.054 0.007
0.2983673380178061 16.047 0.009
0.299363927516788 16.036 0.007
0.3013927639591657 16.039 0.007
0.307269250493755 16.047 0.007
0.3088876026696653 16.032 0.006
0.31104308615376797 16.039 0.007
0.3120159941032853 16.042 0.007
0.3129079668389295 16.052 0.009
0.3138996409333231 16.054 0.007
0.31501888436437187 16.054 0.007
0.3153146138048669 16.06 0.009
0.315446200282986 16.031 0.007
0.3159050392468089 16.05 0.009
0.31756927951428227 16.05 0.007
0.3193204950274776 16.04 0.006
0.3196174176481691 16.053 0.007
0.3242923471899758 16.064 0.01
0.3247058960479535 16.069 0.009
0.3268828413285064 16.068 0.01
0.32833288052599985 16.08 0.009
0.33012134167361185 16.063 0.009
0.33024772126364044 16.083 0.009
0.33114778513950116 16.059 0.006
0.33215815950691197 16.079 0.011
0.33252290244276994 16.07 0.006
0.3370750120883713 16.071 0.007
0.3373269298628202 16.077 0.009
0.34150032793140783 16.053 0.007
0.3431492163816984 16.066 0.007
0.3444438791982748 16.076 0.009
0.3472253687558805 16.093 0.009
0.3485821917373869 16.071 0.007
0.3490699630165409 16.094 0.009
0.34981298347033773 16.08 0.009
0.3508937092359702 16.084 0.007
0.35201793737601295 16.081 0.007
0.35231195654082514 16.1 0.009
0.3530679224961887 16.083 0.007
0.3566693259062049 16.086 0.007
0.3580865638035903 16.085 0.009
0.3591214255094656 16.081 0.009
0.36215837472686874 16.089 0.009
0.36517999272577983 16.106 0.007
0.36552154578148477 16.095 0.009
0.36620328931544466 16.099 0.006
0.3685744448008791 16.082 0.009
0.37656537905140797 16.101 0.007
0.3771264627938763 16.101 0.009
0.3773952609264143 16.095 0.007
0.3783392927758996 16.081 0.006
0.37938221815729767 16.093 0.007
0.3829076799662743 16.112 0.007
0.3843289671882757 16.067 0.007
0.3872009930805915 16.1 0.007
0.38827157735047413 16.107 0.009
0.3919786645413068 16.079 0.007
0.39729439443308356 16.096 0.007
0.398079289270322 16.089 0.007
0.3984230442707939 16.098 0.009
0.39941519083063204 16.119 0.009
0.3999999999999999 16.119 0.01
0.4019357025109911 16.113 0.007
0.4020864891923792 16.104 0.007
0.4058074661731097 16.116 0.007
0.4071768636782962 16.109 0.007
0.4079717601164474 16.104 0.01
0.40918857977512735 16.111 0.007
0.4093142839236861 16.09 0.007
0.4098309018000008 16.096 0.007
0.41163366212199426 16.097 0.007
0.4154961887750459 16.096 0.009
0.41556538400473064 16.093 0.007
0.4166102877562934 16.09 0.009
0.4205138645525266 16.108 0.009
0.4206396071080234 16.103 0.009
0.4218436094653497 16.103 0.007
0.4276593683590817 16.098 0.009
0.4284457286561518 16.102 0.007
0.42881553032420916 16.084 0.007
0.42886623029417015 16.104 0.007
0.4289280653971672 16.119 0.009
0.4322898999440894 16.098 0.007
0.43324288214753315 16.079 0.01
0.43391965127207177 16.084 0.009
0.4345027687264973 16.096 0.007
0.4347342793850202 16.076 0.009
0.43620390349647087 16.071 0.007
0.437263622122964 16.094 0.007
0.4418562470077858 16.06 0.009
0.44404543424107024 16.083 0.009
0.4441758926582451 16.049 0.009
0.44456078008615796 16.117 0.009
0.44638959050885196 16.026 0.007
0.44830667706869454 16.052 0.007
0.44875993612904486 16.065 0.007
0.44967152328094917 16.086 0.009
0.4498600472656107 16.091 0.007
0.4519924457908018 16.074 0.007
0.4549042662081546 16.023 0.007
0.45954553587912406 16.003 0.007
0.46155118244123505 15.984 0.007
0.46430261301852616 16.047 0.007
0.46532911613214756 15.976 0.007
0.46708658634784106 16.027 0.006
0.4693059025089723 15.957 0.009
0.47652050692331605 16.01 0.007
0.4784174455579886 15.961 0.007
0.4795831750654087 15.999 0.007
0.4798897879571995 15.889 0.007
0.48090839335955016 15.958 0.006
0.4834106984735853 15.862 0.007
0.4842215639172536 15.964 0.007
0.4845863280943603 15.886 0.007
0.48540895476380674 15.955 0.007
0.4854522507290766 15.975 0.007
0.48598940327897244 15.883 0.007
0.48822018103023757 15.97 0.007
0.48871570948326726 15.969 0.007
0.4937401528732379 15.851 0.009
0.4991200439370913 15.897 0.007
0.5000937898591018 15.847 0.007
0.5010787319572727 15.819 0.007
0.5020871313876341 15.821 0.007
0.5038067820156811 15.869 0.006
0.5049072833336594 15.865 0.007
0.5054694814044978 15.865 0.009
0.5064620757558713 15.88 0.007
0.5067109289385825 15.835 0.006
0.5069320478150074 15.858 0.007
0.5071977134465668 15.839 0.007
0.5085603419439848 15.849 0.006
0.5093061595372546 15.811 0.006
0.5098441987653586 15.786 0.007
0.5107349399144367 15.798 0.006
0.5117433811846239 15.842 0.007
0.5136623974088024 15.747 0.007
0.5150612833741888 15.769 0.007
0.5166422041058012 15.802 0.006
0.5171427124394312 15.759 0.007
0.5173438109477728 15.738 0.006
0.5179726121225712 15.758 0.009
0.5180481251356013 15.798 0.006
0.5182517965664828 15.822 0.006
0.520198202189158 15.733 0.007
0.520816573175034 15.797 0.007
0.5249008276314497 15.68 0.006
0.5249071646182073 15.737 0.007
0.5275228284023341 15.748 0.006
0.5278669543803516 15.789 0.007
0.5285706932194443 15.781 0.006
0.5309437783692146 15.687 0.007
0.5311160844572895 15.717 0.007
0.5341985507881417 15.757 0.007
0.5345902462732055 15.639 0.006
0.5359881824790818 15.672 0.007
0.5362295473352332 15.738 0.006
0.5372161160293216 15.729 0.007
0.543148774083329 15.696 0.007
0.543776443764409 15.634 0.006
0.5440545577577267 15.701 0.006
0.5461665457336493 15.685 0.006
0.5464336685642137 15.618 0.006
0.5480867949396724 15.657 0.007
0.5484928767119981 15.643 0.007
0.5502023844490167 15.613 0.007
0.5508421315136274 15.656 0.006
0.5522125576296957 15.624 0.007
0.5542426496903317 15.661 0.006
0.5554802947533743 15.61 0.006
0.5594868562458486 15.643 0.007
0.5598102377085978 15.627 0.007
0.5616720942470237 15.617 0.007
0.5677283347517004 15.594 0.006
0.5683941333119491 15.611 0.007
0.5715665379924757 15.622 0.006
0.572315551167685 15.598 0.006
0.5724818315988158 15.596 0.006
0.5808898579877222 15.601 0.006
0.5831848078529673 15.592 0.007
0.5844967171771258 15.592 0.006
0.5845796849383986 15.601 0.006
0.5872295441405639 15.582 0.006
0.5907824707664076 15.583 0.006
0.591616956716075 15.595 0.006
0.5927642067341821 15.589 0.006
0.5960326645721579 15.61 0.007
0.5969277259306636 15.605 0.006
0.5974966285332584 15.6 0.006
0.6016216931453982 15.601 0.006
0.6034971123736113 15.598 0.006
0.6038140533240948 15.591 0.006
0.6045100768291376 15.59 0.006
0.6051950111168707 15.609 0.006
0.6080228173538216 15.615 0.007
0.6113148340117731 15.618 0.006
0.6118239443580022 15.619 0.007
0.6121407193440063 15.614 0.006
0.6146696108579817 15.593 0.007
0.6146817272910083 15.619 0.006
0.6171000813054888 15.635 0.006
0.6171480492550017 15.605 0.006
0.6176539235745167 15.611 0.006
0.6178347918732014 15.614 0.006
0.6208253400889361 15.622 0.007
0.6272430511338825 15.619 0.007
0.6289612850079265 15.626 0.006
0.6305710139301026 15.619 0.006
0.6336906422153787 15.625 0.007
0.6370526186950882 15.628 0.006
0.6375505102284023 15.637 0.006
0.6376048309351972 15.629 0.007
0.6377914012238306 15.633 0.006
0.6399209381330819 15.63 0.006
0.6418135791947406 15.643 0.006
0.6421442247673439 15.642 0.006
0.6432149297285377 15.639 0.006
0.6441258592473331 15.632 0.006
0.6441431825684503 15.616 0.006
0.6450869922389528 15.639 0.006
0.6463245372093751 15.629 0.007
0.648624466955448 15.651 0.007
0.6547247049365068 15.637 0.006
0.6591098730847533 15.657 0.007
0.6594822511082383 15.645 0.006
0.6603353372385299 15.655 0.007
0.6606800419985119 15.648 0.006
0.6649647126554554 15.658 0.006
0.665624358001446 15.659 0.006
0.6662083641721437 15.649 0.006
0.6696276663017442 15.648 0.006
0.671213694471271 15.648 0.006
0.6715060081889077 15.676 0.007
0.6723742205239431 15.686 0.007
0.6738934933577183 15.661 0.006
0.6761575626832381 15.671 0.006
0.6763264770799196 15.668 0.006
0.6764414383145776 15.664 0.006
0.6776437105501372 15.665 0.006
0.6777437938286766 15.664 0.006
0.6788795082331034 15.665 0.006
0.6810576851005634 15.672 0.006
0.6824400452725512 15.673 0.006
0.6830125878149373 15.676 0.006
0.685685621126845 15.678 0.007
0.6864882534979642 15.657 0.006
0.6870315784650756 15.672 0.006
0.6911432661978778 15.685 0.007
0.691697085830492 15.679 0.006
0.6935182419623742 15.701 0.007
0.6943652373164695 15.68 0.009
0.6948747762504808 15.682 0.007
0.6949646357487835 15.683 0.006
0.6985742742694128 15.707 0.007
0.6991591636854309 15.705 0.007
0.7007613658739955 15.69 0.007
0.7016301782322443 15.677 0.006
0.7016714909990696 15.686 0.007
0.7024290835503506 15.677 0.006
0.7035117246051867 15.704 0.006
0.7054627391310304 15.707 0.006
0.7067297691284238 15.677 0.006
0.7075851778949072 15.693 0.006
0.7082693722649309 15.71 0.007
0.7089085666172195 15.692 0.006
0.711196973087135 15.71 0.009
0.7131302144624896 15.705 0.007
0.7162875800510391 15.697 0.007
0.7173438164405979 15.714 0.006
0.717383014375764 15.713 0.006
0.7203262961526433 15.722 0.007
0.7211374694928963 15.703 0.006
0.7222886728187858 15.714 0.006
0.7226995664696232 15.709 0.006
0.7245959085144249 15.749 0.009
0.7249776703078168 15.7 0.006
0.7262335637771229 15.698 0.006
0.7271518588935577 15.716 0.006
0.7272837971459238 15.715 0.007
0.7280885546480476 15.727 0.007
0.7286599410223515 15.721 0.006
0.7299664768514957 15.699 0.006
0.7325406358350164 15.709 0.006
0.7370268788613656 15.711 0.006
0.7400531880475909 15.714 0.007
0.7409753117048239 15.736 0.007
0.7411798841891595 15.713 0.007
0.7413042326267258 15.717 0.006
0.7415876501674119 15.723 0.007
0.7420133607312436 15.734 0.006
0.7420786712053995 15.742 0.006
0.7431268247159095 15.722 0.006
0.7442968133899739 15.713 0.006
0.7469750103547539 15.738 0.007
0.7482620346505882 15.724 0.006
0.7509115893889429 15.728 0.007
0.7526820016729743 15.737 0.007
0.753162344273187 15.747 0.007
0.7532228167990751 15.736 0.006
0.7541420582420186 15.732 0.006
0.7555338007887484 15.734 0.007
0.7577748441603034 15.716 0.006
0.760153176642484 15.737 0.006
0.7608084174563827 15.727 0.007
0.7636161018375787 15.742 0.006
0.7640796319890568 15.723 0.007
0.7651654631548808 15.726 0.007
0.7656409678069394 15.752 0.006
0.7665061944020635 15.747 0.007
0.7666974140381853 15.731 0.007
0.7678810668897085 15.744 0.007
0.7687749528767198 15.736 0.006
0.768961091144456 15.749 0.006
0.7724965490837348 15.753 0.006
0.7731309281245102 15.75 0.007
0.7769944799552149 15.749 0.007
0.7793302996245984 15.741 0.006
0.7839520824365082 15.746 0.006
0.7852770765136029 15.746 0.007
0.7863483814977826 15.747 0.009
0.7864861163617661 15.755 0.006
0.7890024964332497 15.755 0.006
0.7914191607705107 15.742 0.006
0.7918309410998973 15.746 0.007
0.7918671340913989 15.761 0.007
0.7922942909118774 15.765 0.007
0.795916246803381 15.755 0.007
0.7976768707611882 15.77 0.007
0.7993973017514918 15.754 0.007
0.799473049280914 15.777 0.009
0.7999362084543918 15.777 0.007
0.8019196498696829 15.768 0.006
0.8026956780326145 15.755 0.006
0.8036790792523562 15.777 0.009
0.8053643650653385 15.759 0.007
0.8060312148732237 15.77 0.007
0.8062330690693443 15.784 0.007
0.8067312719324718 15.764 0.007
0.8073125824518229 15.762 0.006
0.8081575664999946 15.749 0.006
0.8084840317575527 15.761 0.007
0.8096888769154248 15.763 0.007
0.810124774248061 15.768 0.007
0.811757035417395 15.761 0.007
0.8122112058305447 15.764 0.007
0.8125161290450024 15.771 0.007
0.8142407787571756 15.76 0.006
0.8150252642099304 15.772 0.006
0.8153462633889831 15.775 0.007
0.815617935474188 15.781 0.007
0.8162759137796002 15.774 0.007
0.818102540818154 15.769 0.007
0.8185513432075823 15.77 0.007
0.8206385304776177 15.751 0.006
0.8223972391459938 15.769 0.007
0.8234932138456316 15.785 0.007
0.8290254276411361 15.772 0.007
0.8298923247099538 15.785 0.007
0.8301825585692996 15.787 0.007
0.831941384495758 15.78 0.007
0.8335219397205492 15.773 0.006
0.8390885395727082 15.789 0.007
0.8399563617264448 15.786 0.007
0.8419812050593919 15.8 0.009
0.8426166511177599 15.779 0.007
0.8442738110475375 15.794 0.007
0.8448017890263145 15.785 0.006
0.8462585135519248 15.789 0.007
0.8466107224087637 15.782 0.007
0.8478798267934963 15.788 0.006
0.848400663391567 15.791 0.006
0.8485625413283288 15.788 0.007
0.8500410561456647 15.792 0.006
0.852166622581899 15.788 0.006
0.8540059695095806 15.8 0.007
0.8547052866514605 15.799 0.007
0.8554423637328 15.795 0.006
0.8567165302828471 15.803 0.007
0.8583215104074725 15.807 0.007
0.8586036997945939 15.787 0.007
0.8589079214986214 15.783 0.006
0.8594145165324335 15.779 0.007
0.864494256458238 15.791 0.007
0.8655092623652308 15.8 0.009
0.869374643767651 15.799 0.007
0.8705450836659111 15.81 0.007
0.8736809648218241 15.798 0.006
0.8741224592232811 15.8 0.006
0.8743285533825201 15.788 0.006
0.8745850012085384 15.804 0.006
0.8751909430365231 15.812 0.007
0.8786349375178816 15.785 0.006
0.8825739235102447 15.811 0.006
0.8843949185062684 15.814 0.007
0.8851298094133654 15.817 0.007
0.8856702343581674 15.819 0.006
0.8858811664656742 15.816 0.007
0.8882723004789114 15.82 0.007
0.8883882690830888 15.815 0.006
0.8886423065177042 15.816 0.007
0.8909998540399556 15.803 0.006
0.8916945430754822 15.817 0.007
0.8949576500548574 15.819 0.007
0.8950570544592665 15.82 0.007
0.8962036680851725 15.807 0.006
0.896527668774661 15.805 0.007
0.8968894451737924 15.816 0.006
0.9006730986627872 15.862 0.01
0.9035708681544975 15.829 0.007
0.9041948135731218 15.82 0.007
0.9052242009388692 15.818 0.007
0.9083310887365542 15.814 0.006
0.9085330704902163 15.827 0.007
0.9088935508265422 15.822 0.006
0.9100315446319428 15.822 0.007
0.9111353149122806 15.829 0.006
0.9143724320815864 15.829 0.007
0.915148152348047 15.837 0.007
0.9196795195165578 15.831 0.007
0.9202959752130028 15.832 0.007
0.9236891263967891 15.848 0.007
0.925273321561599 15.849 0.006
0.9258249392496737 15.831 0.007
0.9290264387762136 15.83 0.007
0.9311471967670514 15.848 0.007
0.931313575252625 15.852 0.009
0.9321725889850768 15.824 0.006
0.9331737051023993 15.826 0.007
0.9340095097515132 15.838 0.006
0.9348632727182121 15.865 0.007
0.9392217372086634 15.851 0.007
0.9412255521612224 15.829 0.006
0.9419248693031023 15.839 0.007
0.9420420955636019 15.831 0.007
0.9422133977149315 15.84 0.007
0.9425858737930867 15.852 0.007
0.9427014768905565 15.847 0.007
0.9446156545240229 15.85 0.007
0.9451408325728835 15.851 0.009
0.9452033040678544 15.851 0.007
0.9475171078333006 15.833 0.007
0.9500837558536205 15.847 0.007
0.9505987066892431 15.841 0.006
0.9507398627474913 15.856 0.007
0.952216712561858 15.831 0.006
0.9525434260680413 15.861 0.007
0.9528733509265749 15.842 0.007
0.9529047930826892 15.841 0.006
0.953529874071046 15.838 0.006
0.9541251758679664 15.852 0.007
0.9562297948131345 15.856 0.007
0.9569530225494646 15.846 0.007
0.9627482694063701 15.854 0.007
0.9740165974737011 15.883 0.007
0.9769144211423054 15.86 0.009
0.9781490242504788 15.863 0.007
0.9785885018749468 15.857 0.007
0.9801936218940682 15.861 0.006
0.9819205805096317 15.877 0.009
0.981930333862374 15.873 0.007
0.9833061472056898 15.875 0.009
0.9867982111245738 15.885 0.007
0.9872516800268386 15.848 0.006
0.9903776418658709 15.85 0.006
0.9909640968347958 15.882 0.007
0.993716326977301 15.867 0.007
0.9958013994156772 15.868 0.007
0.9990246267954263 15.876 0.007
