0.00021968882720102556 17.515 0.018
0.0014413508997677127 17.491 0.015
0.0014668521139356017 17.388 0.024
0.0018301703235010791 17.47 0.024
0.003404206295272161 17.444 0.016
0.004001940047601238 17.496 0.017
0.004164346447964817 17.436 0.017
0.004385178493066633 17.481 0.019
0.004411949587392883 17.485 0.017
0.006979016192417475 17.37 0.013
0.007325445547394338 17.474 0.024
0.00733161056859899 17.51 0.014
0.009151861578402531 17.458 0.016
0.009952522893399873 17.443 0.022
0.010236207064735936 17.445 0.019
0.011570549066391322 17.43 0.014
0.011753746853173652 17.516 0.02
0.013592969563433144 17.508 0.024
0.01422850316248514 17.408 0.02
0.0164157811577752 17.504 0.026
0.016446997993853074 17.481 0.02
0.017137574955086166 17.462 0.013
0.017657532815974264 17.447 0.018
0.019636316324977088 17.512 0.018
0.02241428253273625 17.461 0.021
0.022868768745411217 17.479 0.019
0.022912715799975558 17.485 0.017
0.025014008962898515 17.422 0.017
0.025363779766848893 17.437 0.015
0.025460763798037078 17.489 0.013
0.026612081121584197 17.427 0.018
0.02710060681692994 17.48 0.015
0.028117283812775895 17.434 0.019
0.028521209016389548 17.498 0.02
0.028666509845606925 17.453 0.015
0.030323593080993305 17.477 0.018
0.030702911182288517 17.47 0.019
0.030760677246689738 17.506 0.018
0.03089761713772532 17.467 0.023
0.031521608791081235 17.436 0.019
0.031618948870345776 17.479 0.014
0.03249974897289576 17.543 0.022
0.03258620431461168 17.47 0.016
0.032898953533276654 17.465 0.015
0.03406926742718497 17.457 0.02
0.03434834587824298 17.448 0.023
0.036136986930841886 17.494 0.015
0.037071657623528154 17.475 0.015
0.03766474673011544 17.487 0.029
0.03774519795570086 17.532 0.019
0.03825959733740092 17.49 0.014
0.04072521681791841 17.434 0.022
0.04160705788035557 17.499 0.015
0.04286260321532609 17.49 0.015
0.04461394494626347 17.464 0.017
0.045236924731398176 17.486 0.016
0.04660084404758891 17.447 0.019
0.0474872148306531 17.45 0.016
0.04907008271311497 17.441 0.019
0.04922887368843476 17.464 0.02
0.049958846409936086 17.502 0.022
0.051713126172671764 17.48 0.016
0.05597189109357714 17.583 0.02
0.057237848287741144 17.448 0.022
0.05834743182595048 17.525 0.017
0.05857500495403656 17.498 0.027
0.058683670262325904 17.512 0.022
0.060012707577698166 17.508 0.014
0.061711595449196466 17.545 0.022
0.06366749443225217 17.441 0.021
0.06492352623899933 17.509 0.016
0.06519823072494546 17.528 0.017
0.06781363055324618 17.497 0.019
0.07086873638218094 17.478 0.016
0.07131016542052748 17.486 0.017
0.07264439672144363 17.515 0.018
0.07278584100004082 17.52 0.014
0.07298517424897 17.49 0.016
0.07347929734623904 17.515 0.016
0.07423253551223752 17.463 0.019
0.0745445313386881 17.51 0.013
0.07475799320309306 17.485 0.022
0.0755803451615975 17.47 0.017
0.07615930565316376 17.501 0.019
0.07642468753624598 17.517 0.025
0.07804394935055825 17.501 0.017
0.0782097680513516 17.488 0.014
0.07828864447606065 17.479 0.014
0.07873852780312518 17.537 0.014
0.07887314701974901 17.464 0.02
0.07947381880330795 17.476 0.014
0.0800119527498282 17.447 0.019
0.08013459467701978 17.513 0.021
0.08074870033078696 17.496 0.021
0.08103688981623236 17.521 0.023
0.08107962563644833 17.509 0.026
0.08462495064304676 17.485 0.016
0.08468655353590293 17.467 0.016
0.0851459255188729 17.516 0.015
0.08656244554413206 17.481 0.019
0.08679663216457811 17.472 0.019
0.08912893608703598 17.528 0.019
0.09589255204809888 17.503 0.018
0.096747177765792 17.469 0.018
0.0975749957779044 17.532 0.023
0.09844324206551391 17.548 0.017
0.0984626753675002 17.534 0.02
0.0989966985105184 17.533 0.02
0.09944453276921195 17.518 0.019
0.10085253471061151 17.467 0.014
0.1011158328219608 17.463 0.019
0.10455842347164435 17.497 0.016
0.10596635363708629 17.512 0.024
0.10720863069082043 17.493 0.021
0.10728647367432131 17.477 0.017
0.10756892596373291 17.505 0.017
0.10787048552401757 17.465 0.021
0.10934384933716501 17.502 0.017
0.10984251152581237 17.458 0.017
0.11002152250921426 17.562 0.015
0.11009500465661404 17.452 0.025
0.11014183531824528 17.492 0.017
0.11061638532009965 17.501 0.02
0.11201259198719526 17.498 0.014
0.11231941401365475 17.466 0.019
0.11489236558918492 17.51 0.018
0.11562039103591815 17.525 0.017
0.11656181594003101 17.466 0.022
0.11706416533047559 17.478 0.017
0.11825901032796082 17.494 0.019
0.11983627236259053 17.486 0.018
0.12001121007870097 17.511 0.016
0.12053981407439096 17.506 0.016
0.12096976073985388 17.514 0.015
0.12115913621300933 17.535 0.018
0.12309696466218156 17.468 0.014
0.1233488953230335 17.504 0.012
0.12392218241348019 17.51 0.016
0.12454792336393439 17.484 0.013
0.12537049065167594 17.527 0.019
0.12600965702813482 17.521 0.019
0.12642630024583923 17.489 0.017
0.12663398737777243 17.524 0.018
0.12699623507273827 17.49 0.019
0.12728072376444288 17.576 0.015
0.12802750980404198 17.487 0.02
0.13188567315728505 17.491 0.024
0.13268087310325427 17.491 0.014
0.1333708960396507 17.55 0.017
0.13380442857533126 17.519 0.018
0.1340375353111085 17.528 0.019
0.13513872320800147 17.524 0.016
0.13553664568337354 17.477 0.018
0.13748990640669945 17.527 0.026
0.1380958068775726 17.475 0.018
0.14026759441549075 17.502 0.024
0.14032836699220752 17.517 0.019
0.14174498412648973 17.503 0.018
0.14382345748231273 17.481 0.018
0.14407975273798002 17.505 0.022
0.1441052999321073 17.552 0.022
0.14535680201743162 17.541 0.023
0.14708703714813964 17.539 0.019
0.14781025374963974 17.513 0.016
0.14929222853243118 17.529 0.023
0.15143171136696765 17.559 0.017
0.1519033059857975 17.501 0.017
0.15358429313528177 17.509 0.016
0.1543077761944005 17.528 0.019
0.15613237959587423 17.515 0.016
0.15678868861823503 17.46 0.018
0.1577227081751289 17.541 0.017
0.1609521714353832 17.462 0.021
0.16171362369050257 17.503 0.015
0.16171857747713148 17.519 0.016
0.1628417220126721 17.501 0.019
0.16360893587079772 17.504 0.02
0.16437250052695163 17.527 0.019
0.16569713808166853 17.501 0.018
0.16596650786414102 17.478 0.015
0.16641921192831433 17.557 0.018
0.16793517223050003 17.479 0.02
0.1683452615297938 17.51 0.02
0.16922204417710418 17.53 0.019
0.16988516044693824 17.54 0.018
0.17147156353348691 17.491 0.019
0.1728170787671388 17.486 0.023
0.1740609470475647 17.524 0.017
0.17477047928332468 17.531 0.02
0.17525362805281475 17.5 0.017
0.1762390933606639 17.489 0.02
0.17734845642189612 17.515 0.019
0.17776533793175986 17.539 0.02
0.17799622156553596 17.5 0.018
0.17804210369013163 17.533 0.018
0.17922728316557368 17.511 0.015
0.18163470360923384 17.523 0.02
0.1829345309351993 17.519 0.021
0.1833296162476472 17.559 0.018
0.18419331592554045 17.521 0.019
0.18461331701882955 17.516 0.017
0.18497473439811074 17.483 0.019
0.18815940386230068 17.517 0.029
0.18933649261532537 17.495 0.017
0.18973873231698235 17.515 0.017
0.19155824636072794 17.51 0.021
0.19169751444405847 17.465 0.014
0.1919580185394807 17.471 0.018
0.19240669577993685 17.492 0.021
0.19244419446749816 17.536 0.017
0.19326833748209538 17.502 0.018
0.19383342407536475 17.537 0.029
0.19451002956611774 17.506 0.018
0.19528730814226947 17.558 0.017
0.19640101092954865 17.518 0.014
0.1973580670096453 17.524 0.015
0.1977414710447647 17.548 0.019
0.200070036174111 17.495 0.018
0.20019552793110051 17.522 0.015
0.20046838554844726 17.542 0.017
0.2008237364048 17.541 0.024
0.20166506804525852 17.504 0.016
0.20362854126051388 17.535 0.017
0.20431033790373476 17.506 0.018
0.2046916464264541 17.508 0.022
0.20530847009831632 17.546 0.024
0.20585999569357227 17.545 0.017
0.2075290651262094 17.506 0.026
0.2084690240794771 17.521 0.016
0.2086269035926307 17.492 0.021
0.20940791251746305 17.528 0.019
0.21089601854396278 17.555 0.019
0.21192240704294818 17.506 0.015
0.21275998814985542 17.542 0.02
0.21294922382958248 17.501 0.018
0.21298082534281093 17.518 0.018
0.21311477092513087 17.523 0.018
0.2133960884420958 17.578 0.014
0.2154642226410033 17.514 0.015
0.2166028168014691 17.494 0.019
0.21803329609338107 17.548 0.016
0.2195194886221543 17.574 0.017
0.22001935221214808 17.521 0.019
0.22075183230708717 17.534 0.016
0.22088666731542617 17.496 0.022
0.22283644818435278 17.468 0.017
0.2230736999636065 17.503 0.022
0.2243668335768234 17.596 0.017
0.22586092636811372 17.514 0.019
0.2263730899821894 17.524 0.039
0.22684762778067125 17.51 0.014
0.23020748921499035 17.491 0.016
0.23097735353712778 17.559 0.025
0.2314587881751322 17.476 0.014
0.2318162974124789 17.52 0.02
0.2330198894142086 17.502 0.015
0.23383547119829018 17.527 0.013
0.23630826288172102 17.531 0.015
0.2396879347770664 17.492 0.019
0.24005412016822447 17.564 0.023
0.2414456695245235 17.519 0.019
0.24539070291484677 17.543 0.017
0.24681129152213543 17.485 0.021
0.24698270762587526 17.582 0.019
0.24793327219322236 17.54 0.021
0.24843102806744355 17.524 0.017
0.2485218057831844 17.509 0.021
0.24879820797514185 17.524 0.016
0.2488652037563952 17.535 0.021
0.2500506248190959 17.521 0.016
0.2518114031514642 17.482 0.012
0.2555031168540154 17.528 0.016
0.25560812075627837 17.522 0.016
0.25851562619254764 17.534 0.015
0.25999520945060794 17.475 0.019
0.2616623306830661 17.535 0.019
0.26300946669834957 17.464 0.016
0.2632977157561527 17.49 0.022
0.26403266805937164 17.411 0.021
0.2643651259440958 17.541 0.019
0.26444126699880144 17.531 0.018
0.26510176797160057 17.537 0.016
0.2652947246306212 17.539 0.022
0.2668965055654553 17.534 0.019
0.267033470325714 17.537 0.02
0.26723360433516063 17.483 0.017
0.26897589743884964 17.52 0.02
0.26908528236253915 17.506 0.018
0.2692911493461452 17.551 0.018
0.2699206572560797 17.472 0.014
0.27018233458557006 17.495 0.019
0.27081239790936706 17.544 0.015
0.27217490286602697 17.5 0.019
0.27224372394312013 17.594 0.029
0.2729312357450908 17.474 0.021
0.27341615023760824 17.506 0.017
0.2744305698915923 17.54 0.022
0.27664085063315724 17.545 0.015
0.27689522863283855 17.543 0.016
0.2770622285497666 17.508 0.015
0.2792498330381932 17.529 0.015
0.2800868882859504 17.53 0.021
0.281721815516903 17.556 0.028
0.28179216541388996 17.52 0.014
0.2833061995524986 17.534 0.019
0.2837323567587191 17.509 0.013
0.2855130590869521 17.474 0.015
0.28574299933234215 17.489 0.016
0.2861771585955921 17.474 0.019
0.28688147856883006 17.51 0.017
0.2878663002613848 17.479 0.022
0.2892302913539879 17.471 0.017
0.2892852713839602 17.503 0.019
0.2903322410875262 17.536 0.019
0.2917064273210599 17.569 0.019
0.2925048115714617 17.541 0.019
0.29380643325021083 17.541 0.019
0.29725219975989603 17.495 0.017
0.2982800448407943 17.495 0.013
0.3001005669930237 17.523 0.017
0.3003855383967675 17.562 0.017
0.3006288064962064 17.488 0.018
0.30268180021266744 17.53 0.016
0.30346202480177453 17.51 0.018
0.30388482928128724 17.498 0.013
0.30476052267476916 17.522 0.015
0.3051365429364523 17.53 0.023
0.3066847441459686 17.514 0.016
0.30738303605858164 17.507 0.017
0.31027345373695425 17.506 0.016
0.3105809916187354 17.548 0.02
0.31181076083794323 17.492 0.019
0.31209895830579626 17.543 0.014
0.31263121150368534 17.476 0.017
0.3133991501244964 17.555 0.022
0.3135629277380758 17.56 0.029
0.31368442222583326 17.501 0.019
0.3141194953232116 17.533 0.018
0.31448407635775766 17.49 0.019
0.3146950097370791 17.52 0.019
0.3156379118699988 17.498 0.019
0.3158425676194838 17.544 0.025
0.3160925036372646 17.468 0.022
0.31681743436911347 17.533 0.021
0.31903263512049307 17.522 0.02
0.32162682372018025 17.507 0.018
0.32205644811438106 17.559 0.019
0.3230425059105073 17.504 0.016
0.3245488640222902 17.516 0.019
0.32690986988814075 17.504 0.017
0.32708449846268195 17.482 0.016
0.3273255350159161 17.489 0.024
0.3281799369597138 17.483 0.017
0.32933544999286823 17.506 0.014
0.33267183065345307 17.5 0.017
0.3329271013753896 17.479 0.027
0.33398027317252854 17.514 0.014
0.3342630219376588 17.504 0.013
0.3342798432372547 17.537 0.015
0.335323078370493 17.515 0.018
0.3363927881214295 17.485 0.019
0.33693409278112085 17.527 0.02
0.33746029165922664 17.538 0.017
0.33947040461407596 17.453 0.015
0.3406609187936738 17.469 0.02
0.3426710655257921 17.489 0.02
0.34334392939013014 17.492 0.019
0.34571412651052924 17.463 0.027
0.3459947999472206 17.481 0.013
0.34734281272267253 17.505 0.021
0.3481021225593395 17.5 0.019
0.34820701153876144 17.505 0.018
0.35079388015992663 17.511 0.025
0.3514524789115967 17.499 0.018
0.35203677081176465 17.53 0.019
0.3521585312946627 17.521 0.023
0.35239442828697065 17.538 0.019
0.35267616518331124 17.512 0.023
0.35313847519864794 17.537 0.017
0.35380751114234954 17.527 0.02
0.35446097455587733 17.509 0.016
0.3578944161727122 17.517 0.019
0.35991527546082125 17.503 0.015
0.3614733030967727 17.495 0.021
0.3624422215434606 17.506 0.014
0.36296174406061255 17.495 0.017
0.3643259045013565 17.507 0.014
0.3643524415265347 17.536 0.015
0.36505399796487836 17.443 0.025
0.3651679599788622 17.5 0.028
0.36798145319244213 17.525 0.019
0.36829361836726093 17.493 0.017
0.36996280601943 17.482 0.026
0.37001044964540597 17.491 0.025
0.3703333597650271 17.514 0.02
0.37048710782664784 17.489 0.022
0.3710557807528403 17.497 0.017
0.3710882538775877 17.465 0.018
0.37364758066178183 17.431 0.013
0.37607316076628194 17.47 0.015
0.37609065101514716 17.507 0.02
0.3768775571147671 17.492 0.02
0.3775263467919103 17.516 0.015
0.37928845457838634 17.491 0.017
0.38008250286338807 17.509 0.029
0.38136273129930487 17.49 0.017
0.38464370410565607 17.52 0.015
0.3865593643467946 17.531 0.015
0.38725781670109427 17.488 0.019
0.38937074515911263 17.458 0.013
0.3901650645864265 17.47 0.018
0.3909598784666741 17.528 0.015
0.3916462737737447 17.515 0.02
0.39169382404975295 17.481 0.017
0.39175761910155416 17.479 0.018
0.39239570981453653 17.49 0.019
0.39276497256832954 17.485 0.014
0.3933270277793781 17.492 0.013
0.3934098123456806 17.488 0.016
0.3943209595799999 17.497 0.021
0.3948176787162083 17.51 0.013
0.39557961744276326 17.528 0.018
0.39574415267088625 17.454 0.017
0.39766414887753854 17.449 0.017
0.39799430344010034 17.472 0.018
0.3987439899747187 17.524 0.018
0.399737566652675 17.503 0.015
0.40048821814934854 17.514 0.014
0.4009756597370142 17.499 0.024
0.40267241878223103 17.488 0.021
0.40358342668605474 17.478 0.016
0.40541338121784065 17.457 0.022
0.406636762569633 17.496 0.016
0.4079824720220131 17.504 0.018
0.4082658892721156 17.439 0.016
0.40839407747353107 17.515 0.017
0.4088369579458231 17.488 0.019
0.40900698924451717 17.428 0.019
0.4091576594810249 17.496 0.019
0.40917519102640654 17.474 0.016
0.409666629883759 17.474 0.023
0.41039969026223844 17.513 0.014
0.41234325168579744 17.494 0.016
0.412864086305035 17.48 0.023
0.41478818440918985 17.503 0.019
0.4148267423333891 17.495 0.019
0.4148392614442855 17.529 0.014
0.4155480618628644 17.411 0.018
0.4167446087881217 17.502 0.022
0.4167691314478361 17.511 0.015
0.416833274102828 17.486 0.021
0.4175452452329864 17.534 0.027
0.4189291307666281 17.511 0.018
0.41913451411255664 17.454 0.018
0.41928523079195656 17.495 0.017
0.41980972774285874 17.541 0.019
0.4199494649456028 17.479 0.016
0.42087868786188665 17.522 0.02
0.42129221901541314 17.473 0.016
0.42307428081494436 17.54 0.019
0.4231014539377611 17.438 0.014
0.42359956071231863 17.439 0.019
0.4248426211761398 17.502 0.017
0.42536504748477455 17.5 0.018
0.426611807352856 17.434 0.019
0.42911606498000765 17.516 0.017
0.42997339651174116 17.42 0.015
0.4304001766864758 17.473 0.018
0.4314409987205181 17.521 0.019
0.43298578670419374 17.451 0.015
0.433424573724551 17.493 0.016
0.4339705530460378 17.469 0.017
0.4366081426560413 17.44 0.014
0.437349784449907 17.473 0.015
0.4392928716051756 17.452 0.017
0.440490769558437 17.495 0.015
0.44199401138303074 17.479 0.013
0.44541372265393875 17.496 0.023
0.44637433036496077 17.5 0.015
0.44644511230853823 17.456 0.019
0.44687942356904387 17.489 0.019
0.45156141188726906 17.441 0.019
0.45217487907279974 17.434 0.016
0.45326159543583344 17.493 0.02
0.4533496509111501 17.482 0.017
0.45451618003107797 17.369 0.015
0.4548765986714898 17.415 0.013
0.45526967713624344 17.386 0.016
0.45620168469849887 17.377 0.022
0.4580376133289974 17.483 0.013
0.45941017363293213 17.341 0.015
0.4601009039802193 17.445 0.016
0.460639173034906 17.492 0.019
0.4629768712356963 17.463 0.022
0.4637915345010697 17.502 0.021
0.46497632415093904 17.43 0.018
0.4667449642838619 17.444 0.019
0.46751630253811527 17.49 0.017
0.46789908406753966 17.468 0.014
0.4690865579586898 17.395 0.015
0.4702874272570625 17.456 0.017
0.47041458716478246 17.312 0.017
0.4709805922761916 17.469 0.02
0.4720704887215561 17.483 0.022
0.47208525580572314 17.34 0.021
0.4721104520986046 17.413 0.013
0.4737197561373705 17.452 0.014
0.4745825701488684 17.447 0.022
0.47586614801502947 17.506 0.016
0.4777753519078942 17.437 0.017
0.47927416956463276 17.486 0.022
0.4806239982654006 17.419 0.016
0.48070267578623316 17.445 0.023
0.48121531366768977 17.456 0.017
0.48216782643521583 17.356 0.016
0.48228312212540914 17.346 0.014
0.4836646283365553 17.414 0.015
0.4877482566398612 17.288 0.013
0.48835274789917094 17.318 0.015
0.4883539591335193 17.326 0.018
0.48997588407792136 17.398 0.017
0.4902377725147744 17.468 0.021
0.49130015713944886 17.312 0.012
0.4916011068607986 17.329 0.013
0.49180908624566655 17.441 0.011
0.49214413079971564 17.403 0.014
0.4923295943726771 17.459 0.016
0.49266802635611384 17.403 0.014
0.4968986409894569 17.319 0.017
0.49711784004921356 17.388 0.014
0.49718709317266985 17.452 0.019
0.49750662945461954 17.396 0.017
0.4994639850185649 17.326 0.015
0.5004356214835752 17.425 0.019
0.5005141676556377 17.371 0.014
0.501455909682818 17.451 0.019
0.5024051870177573 17.386 0.014
0.5038546295654669 17.422 0.018
0.5049255205331065 17.402 0.014
0.5052914390039405 17.313 0.019
0.50615968529155 17.395 0.018
0.5076486005232255 17.388 0.015
0.5087506135887452 17.362 0.017
0.5123392931618582 17.447 0.016
0.513297763139235 17.342 0.018
0.5137104269024348 17.376 0.019
0.513857570378832 17.296 0.019
0.5154892119744545 17.438 0.013
0.5157744029284004 17.34 0.017
0.5160073023171208 17.394 0.022
0.5162522427899603 17.401 0.027
0.5164368685273075 17.404 0.017
0.5190185666451725 17.365 0.014
0.5223846817643789 17.362 0.016
0.5228704387764083 17.216 0.015
0.5241362050478529 17.252 0.015
0.5255013008954847 17.3 0.018
0.5264620399557316 17.443 0.023
0.5272796586048116 17.258 0.014
0.5276074676230564 17.338 0.015
0.5286882272384901 17.413 0.019
0.5296111669138099 17.277 0.019
0.5300566007408634 17.245 0.018
0.5306402818760034 17.241 0.013
0.5325136130102237 17.217 0.013
0.5341579726200507 17.456 0.024
0.5356127334475786 17.37 0.013
0.5359802347002187 17.365 0.017
0.5372190145485547 17.301 0.013
0.5372334982857865 17.453 0.019
0.5387841210376791 17.282 0.013
0.5400231757885194 17.39 0.013
0.5407330518687559 17.258 0.016
0.5408713376389187 17.324 0.015
0.5423247723083477 17.467 0.015
0.5428861243308347 17.267 0.014
0.5440509177460626 17.394 0.015
0.5461599845061755 17.381 0.013
0.5465000672893439 17.333 0.013
0.5465429949567806 17.322 0.018
0.5471916317110299 17.342 0.012
0.5495066072141981 17.212 0.011
0.5501232104088558 17.304 0.017
0.5505347994353542 17.226 0.013
0.5508288523183182 17.27 0.021
0.5509153874172625 17.239 0.016
0.5515536690531917 17.368 0.016
0.5533125460915471 17.366 0.014
0.5535906924324081 17.31 0.019
0.5548777121539388 17.28 0.011
0.5562422750867881 17.324 0.013
0.5571034336135199 17.291 0.017
0.5577045970167092 17.367 0.015
0.5588448931048333 17.304 0.016
0.5610743702459331 17.35 0.015
0.5617551934827816 17.259 0.013
0.5630491987080859 17.29 0.013
0.5631598544382541 17.235 0.017
0.5631972433502597 17.28 0.017
0.5632867216299928 17.353 0.015
0.5633324217401423 17.388 0.02
0.5635913974779214 17.342 0.017
0.5637370965764603 17.348 0.015
0.5644013945257029 17.312 0.014
0.5648308669228754 17.319 0.016
0.5663372972742309 17.237 0.013
0.5673820856345628 17.278 0.016
0.5692829149957106 17.258 0.017
0.5698984650275634 17.336 0.015
0.57010425086537 17.424 0.02
0.5724885381387139 17.358 0.016
0.5735231407270476 17.248 0.019
0.5738923274820991 17.312 0.013
0.578109567817819 17.26 0.013
0.5785927034576162 17.228 0.014
0.5795576133573377 17.186 0.013
0.5796916987333134 17.322 0.021
0.5798503912119486 17.39 0.017
0.5799746675120332 17.328 0.019
0.5800492379885327 17.201 0.015
0.5801384709209287 17.197 0.013
0.5818010488401342 17.268 0.016
0.584164082663392 17.177 0.016
0.5844188753578692 17.238 0.02
0.5847947722522804 17.265 0.015
0.5848147262649945 17.282 0.013
0.5877627626964568 17.236 0.013
0.5899389486064592 17.21 0.014
0.5913428435037531 17.296 0.015
0.5914597988999049 17.227 0.02
0.5914667553115578 17.371 0.013
0.5919745154055818 17.215 0.015
0.5929152328978944 17.226 0.016
0.5937179521888538 17.357 0.014
0.59411223673942 17.273 0.019
0.5969417298443886 17.255 0.014
0.5993332775233284 17.28 0.014
0.5999618894139758 17.188 0.016
0.60244753890629 17.285 0.013
0.6024953518804068 17.386 0.014
0.6025187055274728 17.327 0.017
0.604186203455356 17.288 0.017
0.6058834316199864 17.285 0.018
0.605973739289766 17.317 0.014
0.6071748548620235 17.182 0.017
0.608021585001552 17.246 0.014
0.6086312200445718 17.303 0.022
0.6095625544348877 17.307 0.021
0.6110115320848308 17.226 0.015
0.6115450087206682 17.282 0.013
0.6121235545169839 17.296 0.018
0.617255180815846 17.168 0.017
0.6177507267175315 17.227 0.017
0.6185938578582864 17.249 0.019
0.6196748341914144 17.166 0.013
0.6206056563150923 17.223 0.012
0.6208732059492377 17.321 0.016
0.621331379364392 17.237 0.016
0.6213647968029363 17.287 0.019
0.6231612363235399 17.235 0.013
0.623804386377742 17.313 0.017
0.6253987324107584 17.288 0.012
0.6254173067670763 17.258 0.012
0.6259888745789794 17.252 0.013
0.6270228171247254 17.21 0.017
0.6280044629567101 17.195 0.013
0.628292922196124 17.187 0.016
0.6292837766341108 17.239 0.022
0.6303057667610119 17.354 0.013
0.630734303288591 17.322 0.015
0.6308033654904648 17.176 0.013
0.6315365318857857 17.211 0.016
0.6317965532684866 17.254 0.022
0.6320441437419504 17.23 0.017
0.6325096882637808 17.335 0.021
0.6330456286632398 17.324 0.015
0.6361359983366128 17.171 0.012
0.6367599777863688 17.263 0.015
0.6376957414927347 17.355 0.013
0.638639028302805 17.356 0.013
0.6392345647479942 17.238 0.017
0.6397722117606008 17.316 0.015
0.6433185950786537 17.218 0.02
0.645312835268669 17.289 0.025
0.6494862167528481 17.261 0.016
0.650629896511532 17.293 0.021
0.6506597909492484 17.21 0.014
0.6526021800632407 17.263 0.012
0.6532660417433362 17.275 0.013
0.6533275728603485 17.218 0.019
0.6539014397721985 17.198 0.013
0.6541780751076658 17.324 0.018
0.6550653606500418 17.245 0.013
0.6551880325946513 17.252 0.012
0.6557478520378481 17.316 0.019
0.6561898857680717 17.256 0.018
0.6576379064379125 17.339 0.02
0.6595948463809691 17.22 0.014
0.6599663026813687 17.335 0.019
0.6610456352718757 17.202 0.014
0.6629017942055953 17.191 0.013
0.6635064027595945 17.314 0.018
0.6639661978824734 17.219 0.014
0.6662133308615239 17.24 0.013
0.6672357056659166 17.281 0.018
0.6673988438851666 17.305 0.017
0.6678969722333932 17.294 0.017
0.668391001981945 17.342 0.025
0.6685141777491026 17.196 0.014
0.6704149264282933 17.273 0.013
0.6707332054947983 17.263 0.011
0.6709926592598094 17.181 0.017
0.6712182255405423 17.222 0.014
0.6719097388340742 17.314 0.017
0.673880625377933 17.229 0.016
0.6750224540455747 17.262 0.02
0.6754655934564653 17.248 0.012
0.676270933194246 17.37 0.016
0.6783696692418744 17.345 0.019
0.6791505088178837 17.247 0.012
0.6798107419444932 17.226 0.018
0.6801109678290231 17.254 0.016
0.6802941871883377 17.324 0.012
0.6810538615170572 17.274 0.011
0.6818369059187717 17.231 0.013
0.6852839423095247 17.314 0.018
0.6883593704033046 17.302 0.019
0.6906753530884089 17.229 0.013
0.694950410617821 17.267 0.018
0.6955669129442867 17.248 0.018
0.6959335674555405 17.215 0.014
0.6961110374149939 17.236 0.012
0.696331693056436 17.237 0.018
0.6974462848065741 17.297 0.013
0.6976168874816722 17.165 0.013
0.6988880306798819 17.255 0.016
0.6989320753064021 17.285 0.017
0.6995581549529106 17.224 0.012
0.7006406760692698 17.36 0.017
0.7014719265662279 17.21 0.018
0.7024453245321638 17.285 0.013
0.7034612354697174 17.21 0.013
0.7044598668026083 17.352 0.016
0.7065097235831672 17.278 0.016
0.7085143066888122 17.303 0.016
0.7113782168971738 17.213 0.014
0.7114888130554391 17.295 0.016
0.7117891276047885 17.232 0.013
0.7132296373742975 17.307 0.015
0.7137663949606576 17.302 0.014
0.7138902429733207 17.363 0.016
0.7166152702384352 17.316 0.016
0.7174072656953285 17.346 0.013
0.7183028033261962 17.214 0.021
0.718791286799842 17.345 0.018
0.7196447566338975 17.295 0.016
0.719861550576752 17.327 0.015
0.7199859624488454 17.288 0.013
0.7209146299501299 17.321 0.014
0.7220536561574136 17.257 0.014
0.7221525710378955 17.252 0.013
0.7223015642166501 17.234 0.017
0.7226766870710435 17.37 0.017
0.7239977547178569 17.244 0.014
0.7240681515214646 17.37 0.016
0.7272966662458202 17.272 0.015
0.7282015396094721 17.278 0.018
0.7289869553510471 17.234 0.018
0.7314968399346071 17.348 0.013
0.7319707289689177 17.225 0.015
0.7346512926901596 17.221 0.013
0.7347294579442405 17.234 0.013
0.7349757489812418 17.289 0.013
0.7360874031618323 17.355 0.019
0.7380494577955687 17.252 0.014
0.7383768098966357 17.224 0.016
0.7394571548175009 17.313 0.016
0.7402493144754771 17.29 0.014
0.7402832277557536 17.328 0.02
0.7403601733312826 17.26 0.012
0.7421464693020425 17.248 0.014
0.742198782442756 17.303 0.013
0.7441322214274351 17.27 0.016
0.7479866928938463 17.324 0.014
0.748366070567954 17.238 0.013
0.7491412653726002 17.298 0.02
0.7496404182547849 17.313 0.016
0.7496693017501457 17.328 0.016
0.7499648112138857 17.307 0.012
0.7503474951713542 17.212 0.016
0.7508422360897384 17.279 0.016
0.7515293510114134 17.352 0.018
0.7525795674255278 17.306 0.013
0.7529758761752419 17.316 0.023
0.7545007912917754 17.32 0.012
0.7554516147979484 17.301 0.018
0.7561852714243287 17.321 0.02
0.7567826031474851 17.276 0.016
0.7570928796949374 17.35 0.017
0.7571459049315763 17.276 0.015
0.7581423980673208 17.228 0.016
0.7599875826729203 17.305 0.016
0.7606165107617926 17.267 0.017
0.7606889603925993 17.278 0.015
0.7613558450111668 17.369 0.015
0.7618111104120544 17.378 0.02
0.7621113864997824 17.289 0.016
0.7656908710589505 17.351 0.017
0.7662749415567305 17.33 0.014
0.7669047637555195 17.369 0.014
0.7672387040167905 17.272 0.016
0.7672416458080988 17.257 0.015
0.7689340351103056 17.258 0.016
0.7692196163532117 17.305 0.026
0.7717722963298002 17.317 0.016
0.7725664628342201 17.307 0.016
0.7740094025912185 17.364 0.016
0.7755754153949965 17.266 0.014
0.7756758215596165 17.302 0.016
0.775962210619582 17.287 0.014
0.776089522060829 17.276 0.017
0.7772211734021539 17.332 0.017
0.7782485226407516 17.298 0.013
0.7793157686285213 17.288 0.012
0.7795054527805405 17.322 0.017
0.7802233684542443 17.286 0.015
0.7803080622957168 17.37 0.024
0.7818840966701828 17.312 0.021
0.782056337942322 17.353 0.021
0.782059958052514 17.273 0.013
0.7823807642162137 17.305 0.017
0.7824139578808627 17.295 0.016
0.784473399037779 17.302 0.014
0.7889902085125868 17.36 0.014
0.7907679352729247 17.275 0.017
0.7907799636905111 17.324 0.019
0.7933614718117497 17.341 0.018
0.7941515908441943 17.341 0.013
0.7955402106126712 17.325 0.013
0.7961596425270727 17.319 0.016
0.7982574262800881 17.343 0.015
0.8007782636188949 17.37 0.018
0.8011513069236571 17.388 0.016
0.8017059488070117 17.224 0.012
0.8021655614520569 17.33 0.015
0.804314282447649 17.351 0.014
0.8043978326095385 17.363 0.016
0.8055443781604481 17.366 0.019
0.805976577020374 17.354 0.019
0.808582903813658 17.371 0.021
0.8086257207805829 17.348 0.016
0.809976460017424 17.407 0.016
0.8105678767515201 17.32 0.014
0.8108843483369128 17.329 0.015
0.8111683158540473 17.37 0.014
0.8115341663078652 17.352 0.016
0.8120959128403911 17.357 0.016
0.8133538797183064 17.282 0.015
0.8160952577745775 17.329 0.02
0.8191049050797119 17.332 0.017
0.8192598756531879 17.335 0.015
0.8201172883316303 17.341 0.018
0.820641492566665 17.386 0.016
0.8207729748477277 17.273 0.012
0.8209270860124889 17.296 0.017
0.821508112925585 17.275 0.013
0.8215546222409102 17.387 0.015
0.8222503903543839 17.338 0.017
0.8244883771344576 17.378 0.016
0.825833095829239 17.236 0.013
0.8261938193886635 17.322 0.015
0.8275810112054387 17.321 0.014
0.8284329578300458 17.368 0.019
0.8311953317854659 17.316 0.015
0.8316699319912004 17.328 0.02
0.8325714272943969 17.374 0.015
0.8334793484655165 17.336 0.016
0.8341554890589578 17.355 0.013
0.8351746335783901 17.371 0.014
0.8385891250679833 17.37 0.018
0.8402089793698906 17.331 0.019
0.8410115044425766 17.371 0.013
0.8419001236611621 17.418 0.019
0.8420286205409866 17.266 0.013
0.8424592872841004 17.369 0.023
0.8424848129047859 17.383 0.019
0.8426318156607522 17.306 0.017
0.8464124113961589 17.387 0.015
0.8477265868887116 17.299 0.017
0.8477757208729599 17.389 0.019
0.8497860669704096 17.381 0.013
0.849812562700663 17.342 0.018
0.8502466750578606 17.43 0.015
0.8511086381058703 17.331 0.019
0.8524955385937574 17.368 0.02
0.8529620316521687 17.354 0.022
0.8539985988672925 17.343 0.016
0.8541740619793927 17.419 0.017
0.8542405675302689 17.369 0.017
0.8553085153189386 17.392 0.018
0.8553936238549795 17.337 0.017
0.8566321583562058 17.415 0.019
0.8566493859073034 17.399 0.016
0.857137501129273 17.389 0.016
0.8574671349801974 17.435 0.018
0.8589178647603148 17.397 0.019
0.8604729801604662 17.394 0.021
0.8608514979632673 17.393 0.017
0.8611276548087972 17.352 0.019
0.8611539216174151 17.473 0.031
0.8653065525486454 17.382 0.019
0.8672617145648474 17.315 0.015
0.8674801897882389 17.368 0.02
0.8696213271823581 17.399 0.013
0.8710388468716701 17.403 0.018
0.871426865533067 17.354 0.016
0.8717254237303678 17.392 0.017
0.8717659537996951 17.35 0.016
0.8720941873461925 17.312 0.012
0.8734840596439426 17.418 0.019
0.8747723788010262 17.355 0.018
0.8750025643939807 17.389 0.016
0.8751843407646902 17.413 0.016
0.8757651683104086 17.371 0.023
0.876317337522778 17.34 0.018
0.8763725675844398 17.331 0.014
0.8776350360167271 17.389 0.019
0.8788074838848843 17.349 0.013
0.8790506121908948 17.343 0.013
0.8796828681361148 17.379 0.019
0.8798894495866989 17.378 0.018
0.8812551477550414 17.418 0.019
0.8814009988500402 17.408 0.014
0.8814577155112602 17.402 0.016
0.8818284174940345 17.462 0.02
0.8853701570938028 17.336 0.019
0.8858924900523562 17.38 0.025
0.886798375746821 17.429 0.022
0.8876333523703579 17.392 0.018
0.887693375314484 17.411 0.015
0.8898578972989526 17.44 0.019
0.890649506689897 17.419 0.019
0.8908700173897159 17.414 0.017
0.8911367451519254 17.384 0.014
0.891873573879252 17.459 0.017
0.8921874531861249 17.411 0.022
0.8931097318927641 17.433 0.012
0.8949236701082555 17.404 0.019
0.8949518255440125 17.422 0.014
0.8949743962439243 17.345 0.017
0.895716719653592 17.394 0.014
0.8984492320232675 17.415 0.023
0.9017241627134354 17.395 0.013
0.9027881568426892 17.4 0.016
0.9033785954857194 17.451 0.019
0.9034981211252671 17.401 0.012
0.904485741056078 17.418 0.019
0.907680452738532 17.456 0.019
0.9088009139593396 17.415 0.013
0.9090105183477135 17.344 0.013
0.9093901587198161 17.394 0.017
0.9110593247987708 17.356 0.016
0.9122023473491936 17.43 0.024
0.9125338824933351 17.37 0.015
0.9131253630225729 17.341 0.013
0.9141892638019726 17.373 0.018
0.9142458233177422 17.367 0.015
0.9149333055656825 17.431 0.023
0.9156475635923016 17.401 0.021
0.915759302504739 17.393 0.013
0.9178405994316563 17.45 0.017
0.9178466373255105 17.42 0.013
0.918279555799927 17.465 0.019
0.918934399795944 17.446 0.013
0.9191902381357977 17.448 0.018
0.9198450605590551 17.439 0.019
0.9217954470441327 17.41 0.014
0.9237643445553658 17.378 0.017
0.9251145241551058 17.377 0.017
0.9258654045743242 17.43 0.019
0.9271227451863524 17.459 0.016
0.9275630474348873 17.427 0.021
0.9293568838611463 17.466 0.021
0.9305092205713663 17.399 0.014
0.9309411867498056 17.37 0.016
0.9328448359246977 17.389 0.013
0.9333949049396324 17.404 0.013
0.9346329520440122 17.471 0.019
0.9366739642478024 17.405 0.013
0.9372727178488276 17.431 0.019
0.9385498389037821 17.404 0.021
0.9415792155250529 17.413 0.017
0.9420180363213149 17.395 0.022
0.9420220500160212 17.416 0.016
0.9441197493260916 17.403 0.019
0.9447195147949969 17.439 0.02
0.9448243493493464 17.438 0.015
0.9449635025093812 17.365 0.016
0.9451111066609883 17.434 0.016
0.9452808668174839 17.395 0.02
0.9457828015129053 17.457 0.021
0.9466382997670735 17.457 0.014
0.9481380659599381 17.41 0.015
0.9502784335363685 17.419 0.015
0.9507824599847936 17.474 0.019
0.9510509656738577 17.467 0.018
0.9520313960488238 17.41 0.014
0.9539028043163853 17.467 0.017
0.9543004762972487 17.417 0.019
0.9552419256087887 17.483 0.027
0.9553143456851103 17.464 0.017
0.9559269999056141 17.399 0.015
0.9562771596097264 17.45 0.019
0.9575935370941124 17.434 0.014
0.9576435722447059 17.485 0.019
0.9585306799945101 17.437 0.018
0.9609673742215818 17.426 0.013
0.9610152167506385 17.396 0.017
0.9614888482346942 17.419 0.017
0.9637284782953657 17.456 0.016
0.966255331028151 17.483 0.019
0.9687380302852944 17.475 0.02
0.9707834197515695 17.45 0.018
0.9745390696866707 17.429 0.015
0.9746824743697289 17.442 0.025
0.9749889487920882 17.434 0.013
0.9769860725900799 17.475 0.018
0.9770640140702653 17.439 0.019
0.977904905219475 17.398 0.019
0.9783437982557643 17.401 0.019
0.9785282194798128 17.433 0.019
0.9793500549494638 17.449 0.018
0.9815630283760584 17.427 0.017
0.9820007312882808 17.409 0.016
0.9841020244502943 17.466 0.027
0.984401272244213 17.415 0.015
0.9876220607393407 17.446 0.016
0.9879469955212699 17.463 0.013
0.9880970807880658 17.453 0.019
0.9888741642198511 17.456 0.019
0.9900855255973511 17.412 0.014
0.9914106289761548 17.399 0.019
0.9927551314158336 17.441 0.019
0.9933337367851891 17.492 0.019
0.993623530626337 17.424 0.015
0.9939887623340837 17.449 0.015
0.9941336658189357 17.419 0.017
0.9950299826373339 17.444 0.015
0.9956338129295546 17.5 0.015
0.99591899168081 17.419 0.017
0.9962072867192546 17.431 0.013
0.9963934872583877 17.452 0.017
0.9966250482852956 17.466 0.02
0.9975050354228188 17.385 0.015
0.9980200610696102 17.443 0.015
0.9980711043289148 17.395 0.018
0.9993478735586905 17.464 0.027
