0.0010264066094350932 16.517 0.009
0.0013846812747942971 16.544 0.012
0.0015153809025832965 16.512 0.008
0.0016122596756759089 16.514 0.009
0.0020753338088980167 16.519 0.009
0.0025769517318622315 16.528 0.011
0.0030842106790714974 16.566 0.01
0.004372453590258396 16.534 0.01
0.00453719077315784 16.559 0.009
0.004783188697638274 16.521 0.009
0.006610451803817363 16.571 0.009
0.007437068969829874 16.536 0.009
0.007456615716046167 16.548 0.009
0.008450828935929189 16.554 0.011
0.013457881779140757 16.527 0.01
0.01364900976604988 16.553 0.008
0.014438865442480187 16.538 0.009
0.01465771379425862 16.544 0.011
0.014734430396765696 16.555 0.009
0.01498930507923435 16.516 0.01
0.015070120716154656 16.569 0.011
0.015220195089932553 16.495 0.011
0.015460372421239321 16.514 0.01
0.018359911727566236 16.557 0.008
0.018577718890719574 16.571 0.009
0.019631477761686278 16.577 0.011
0.019678647907846902 16.57 0.009
0.02029746777716357 16.526 0.009
0.020469951972609146 16.538 0.009
0.02096525018250761 16.524 0.01
0.021475008863740208 16.566 0.009
0.022067792862026203 16.553 0.009
0.02304824875036504 16.553 0.01
0.023546050057939305 16.543 0.011
0.023892154080067507 16.558 0.01
0.024369470303008733 16.552 0.011
0.025295107678994122 16.554 0.011
0.026787577467894175 16.532 0.017
0.028950080676986567 16.544 0.009
0.02914960066382266 16.563 0.01
0.029480005733057646 16.521 0.01
0.030190408193357166 16.537 0.009
0.03161930496869447 16.558 0.01
0.03373627866826612 16.576 0.011
0.034471550189573485 16.546 0.01
0.03724466342637245 16.577 0.012
0.03732515530909952 16.557 0.01
0.037753294884987576 16.553 0.007
0.039108967918673465 16.551 0.01
0.04011607685006313 16.558 0.01
0.04048397099986689 16.533 0.009
0.040558894370315124 16.569 0.012
0.04072184168617243 16.553 0.012
0.040834301358609104 16.558 0.01
0.04367095979378066 16.552 0.009
0.04389132568385323 16.555 0.011
0.04550872929612526 16.546 0.009
0.04673613328568538 16.557 0.01
0.04712119502337375 16.55 0.009
0.049701204950929445 16.578 0.009
0.05009163202057609 16.578 0.009
0.0515926514484818 16.591 0.011
0.05277966447001747 16.541 0.011
0.0533462347102841 16.589 0.01
0.05436265793641726 16.573 0.01
0.05523786077710613 16.577 0.01
0.05980292990434466 16.607 0.011
0.060788802550541754 16.566 0.009
0.060977602803996 16.565 0.01
0.061471224995011675 16.581 0.012
0.06193115867872623 16.595 0.01
0.06554122858849498 16.598 0.008
0.06585514391636027 16.54 0.008
0.06650648212043964 16.586 0.014
0.06653205516240634 16.588 0.011
0.06899210285237134 16.564 0.011
0.07102309203505686 16.582 0.011
0.07145361497341585 16.564 0.011
0.07239455083017676 16.595 0.012
0.07277096091766 16.618 0.01
0.0731860032846271 16.562 0.01
0.07354009883410983 16.613 0.009
0.07358047375955723 16.542 0.009
0.07466753838994011 16.616 0.013
0.07515502043715971 16.599 0.01
0.07559036663817553 16.598 0.009
0.07615562840558143 16.619 0.01
0.07623136953943688 16.564 0.009
0.0775483883652669 16.584 0.01
0.07880248330266115 16.568 0.012
0.07886379689252865 16.555 0.01
0.07985572707812028 16.575 0.01
0.08146748714298158 16.609 0.01
0.08196915396890747 16.605 0.012
0.08271183781735092 16.602 0.01
0.0829263670706496 16.572 0.011
0.0852297298469239 16.612 0.008
0.08573929712056272 16.582 0.012
0.08762092684073652 16.598 0.011
0.08772548774734334 16.634 0.014
0.09008663832619279 16.587 0.01
0.09264968132165452 16.568 0.01
0.09321899153965207 16.593 0.01
0.09375050916960392 16.585 0.01
0.09380064608367322 16.568 0.012
0.09430117139188499 16.619 0.009
0.09502595081166876 16.575 0.01
0.09556596413303853 16.607 0.012
0.09770127811625573 16.565 0.012
0.09994658916903065 16.601 0.009
0.10066814889833042 16.64 0.013
0.10140450714825422 16.619 0.011
0.10155412121516749 16.635 0.01
0.10163744751744164 16.593 0.008
0.10330963425976736 16.592 0.01
0.10346524848901029 16.613 0.01
0.10443419217417615 16.596 0.009
0.10763833083265129 16.612 0.01
0.10914296117405231 16.637 0.01
0.10945907861414528 16.584 0.01
0.10965156481793203 16.612 0.01
0.11008213497725594 16.614 0.01
0.11091375161086037 16.613 0.01
0.11105014032559668 16.627 0.01
0.112439937722138 16.608 0.01
0.11250785512575023 16.617 0.011
0.11485879945180388 16.628 0.012
0.11716116314837566 16.617 0.012
0.11944745277824043 16.615 0.009
0.11955736213249113 16.658 0.012
0.11996063180654348 16.625 0.011
0.12022812650766357 16.612 0.012
0.12029262356397796 16.646 0.008
0.1205652256288886 16.655 0.011
0.12068320911375852 16.596 0.01
0.12177177019466401 16.613 0.009
0.12279469017939848 16.601 0.011
0.12280807148945316 16.589 0.014
0.1232184550271086 16.574 0.012
0.12322269572612188 16.63 0.008
0.12344147240505665 16.672 0.01
0.12386445739584817 16.613 0.011
0.1244553647187786 16.62 0.01
0.12461108348034033 16.629 0.012
0.12684817873914656 16.614 0.008
0.12703541002965724 16.605 0.01
0.12775618317473347 16.625 0.01
0.12808094469701248 16.615 0.01
0.1283408753173717 16.599 0.01
0.13384177882371662 16.622 0.013
0.13388224650966551 16.659 0.009
0.1346520487531052 16.601 0.01
0.13611051475415936 16.644 0.01
0.1362471066479657 16.656 0.009
0.13770075022798667 16.651 0.011
0.13770575558148723 16.656 0.009
0.14023445751527108 16.628 0.01
0.1419925217186574 16.598 0.01
0.14439766745206273 16.665 0.01
0.14510615610552124 16.619 0.01
0.14666079521784925 16.644 0.011
0.14721550673120876 16.652 0.01
0.14796768023907136 16.616 0.011
0.14988173469273536 16.625 0.011
0.14989194773797865 16.666 0.01
0.1502525838372094 16.609 0.01
0.15045688995487583 16.621 0.009
0.15066984604063693 16.602 0.011
0.15260258814364536 16.648 0.009
0.15391695548194095 16.661 0.01
0.15414471008798503 16.652 0.01
0.15482559895226589 16.62 0.014
0.15618613315327823 16.623 0.011
0.15660030212850418 16.638 0.01
0.15663470891140607 16.634 0.01
0.1570549294737248 16.647 0.011
0.15957348330712195 16.618 0.011
0.1612826979820966 16.656 0.011
0.16145078636227483 16.626 0.01
0.16196785872343755 16.679 0.013
0.1622744528034673 16.663 0.009
0.16425094127580453 16.654 0.013
0.16696618488085735 16.651 0.01
0.16710765902998903 16.65 0.009
0.1675336201045866 16.67 0.009
0.1676859210419025 16.67 0.012
0.16829712035942068 16.652 0.011
0.16870257273913014 16.621 0.008
0.16931821929883883 16.656 0.011
0.16976568471718567 16.624 0.01
0.1701723991895051 16.659 0.014
0.1710317134178695 16.668 0.011
0.17331949949825687 16.634 0.013
0.1733205853855907 16.648 0.009
0.17413351100631191 16.655 0.012
0.17432402777367317 16.676 0.01
0.17519885038873328 16.648 0.008
0.17555962815131354 16.671 0.009
0.1800309445947278 16.638 0.012
0.1810192360520887 16.636 0.011
0.18122826930848535 16.676 0.01
0.18179201101511355 16.693 0.01
0.18475853106863271 16.686 0.008
0.1851132201130895 16.66 0.011
0.18573408277270576 16.619 0.012
0.1867644344901237 16.689 0.01
0.18735688968845354 16.666 0.01
0.18736134449718522 16.658 0.011
0.18936712145741696 16.681 0.012
0.1900173948621614 16.682 0.011
0.19072569806101003 16.672 0.01
0.1908951269332647 16.695 0.009
0.1917626400721929 16.647 0.009
0.1918954566860066 16.648 0.011
0.1921547844957786 16.66 0.012
0.19512122783125962 16.661 0.009
0.1954169470622219 16.711 0.012
0.19631542218521647 16.658 0.011
0.19817656093518965 16.639 0.01
0.19938464076394669 16.638 0.01
0.20293461111477884 16.664 0.01
0.20539480635479768 16.657 0.009
0.20710033087552793 16.67 0.011
0.20837081438539817 16.679 0.01
0.2085771447285878 16.678 0.014
0.21106925885569572 16.662 0.012
0.21286321704237698 16.679 0.011
0.21429978074970668 16.677 0.01
0.21459243961148777 16.696 0.011
0.21541505386644522 16.728 0.013
0.2166721763128634 16.684 0.01
0.21941160272367588 16.688 0.012
0.2204767178385736 16.68 0.011
0.2232135425055275 16.666 0.011
0.22408006588093476 16.653 0.012
0.22461912145890883 16.676 0.011
0.22537396585985325 16.685 0.012
0.22669936064280582 16.693 0.012
0.22705457746214952 16.683 0.011
0.2282700418026251 16.689 0.013
0.22854970462449264 16.658 0.01
0.2325257667152072 16.664 0.012
0.23365997788177983 16.678 0.01
0.23450950314795582 16.687 0.01
0.2366839460063601 16.697 0.012
0.23905755812293128 16.701 0.011
0.24043058840370568 16.682 0.011
0.2410138355216076 16.663 0.011
0.24177127998520964 16.707 0.011
0.2431338164832595 16.676 0.011
0.24411631263901645 16.677 0.013
0.2444799728833913 16.692 0.01
0.24465425451412548 16.706 0.009
0.24601329646966397 16.705 0.011
0.24657139462910882 16.725 0.011
0.24814683410513672 16.707 0.011
0.24947895495918138 16.709 0.01
0.24965797381846633 16.678 0.011
0.24986549289988025 16.679 0.01
0.251790346326652 16.707 0.013
0.2527269850135325 16.711 0.011
0.2531680042583502 16.694 0.011
0.2545120436733668 16.672 0.012
0.25565195149411 16.696 0.011
0.2557369892641872 16.684 0.012
0.25586052528412884 16.7 0.01
0.2562859130443029 16.709 0.01
0.2569750969431879 16.694 0.012
0.25745318629665226 16.706 0.012
0.2574762359939995 16.682 0.013
0.2593286202435592 16.709 0.014
0.2599261566722588 16.716 0.009
0.2614586211610912 16.704 0.009
0.2616155699960472 16.695 0.01
0.2622038814610277 16.681 0.009
0.2625653632036573 16.7 0.009
0.2633540874529898 16.697 0.011
0.26348015690828097 16.697 0.011
0.2639429722325075 16.693 0.011
0.2652793447158728 16.701 0.012
0.26660430784786504 16.735 0.011
0.26689897236919924 16.705 0.009
0.2676499251196218 16.716 0.008
0.2677275311565608 16.675 0.012
0.2684394022525338 16.691 0.012
0.2685189760440152 16.705 0.012
0.26899327996025013 16.671 0.01
0.2695547251127208 16.697 0.011
0.2711800629403114 16.712 0.011
0.2712767663487283 16.688 0.009
0.2713683843225225 16.699 0.011
0.2744471886843711 16.721 0.008
0.2751834187910389 16.68 0.011
0.27636154916845035 16.701 0.01
0.2774169242237803 16.7 0.012
0.27843860656676034 16.703 0.01
0.27893445279951257 16.737 0.011
0.27968778134421646 16.716 0.009
0.2819586730064656 16.723 0.016
0.2822835584674066 16.717 0.011
0.28333625506129456 16.731 0.016
0.2837724173422429 16.692 0.01
0.28427590773699185 16.711 0.01
0.2843888682104079 16.706 0.01
0.28452885263677663 16.72 0.011
0.2860485158561459 16.714 0.013
0.286441286701256 16.704 0.011
0.2866257956728986 16.703 0.014
0.28781251702425825 16.712 0.009
0.28957354379135714 16.711 0.011
0.29006545535539763 16.699 0.01
0.29347121746504845 16.703 0.012
0.2937602064204383 16.727 0.01
0.29977490605997437 16.71 0.011
0.3012726568951165 16.718 0.01
0.30277833178924984 16.724 0.01
0.30287617671492617 16.712 0.011
0.3058099584366345 16.72 0.009
0.30584702007026854 16.721 0.011
0.3068360155077925 16.736 0.01
0.30707753837659757 16.713 0.012
0.3076760350717449 16.712 0.013
0.30844709688508365 16.714 0.008
0.3099296453639453 16.736 0.01
0.3107793780135579 16.712 0.01
0.3113430404800055 16.693 0.01
0.31171136291677604 16.703 0.012
0.31196736650363155 16.725 0.01
0.3127949658650322 16.735 0.011
0.31466280455301776 16.707 0.011
0.31710595698441457 16.73 0.011
0.3191365440126446 16.733 0.009
0.3219675605820611 16.741 0.011
0.32241831820456346 16.72 0.009
0.3233962845158884 16.763 0.011
0.3249410140903364 16.713 0.012
0.32516950721756066 16.735 0.011
0.32552125478732696 16.711 0.009
0.32681513115530825 16.72 0.014
0.32698741637605044 16.722 0.01
0.32882679617730437 16.719 0.009
0.33069327917100955 16.712 0.009
0.33085946137898636 16.735 0.009
0.3311142610249589 16.722 0.012
0.3321524525162203 16.739 0.01
0.3323737828769935 16.722 0.009
0.3376969995410035 16.722 0.01
0.33771528671732076 16.727 0.011
0.3384482996561018 16.716 0.01
0.33923873873723087 16.737 0.011
0.339797881449067 16.718 0.012
0.3416497396050544 16.735 0.009
0.3436543219410395 16.738 0.012
0.34420326933186507 16.741 0.011
0.34431586135215175 16.735 0.012
0.3461321501207748 16.738 0.012
0.3466649846326617 16.707 0.011
0.34674984872017367 16.751 0.011
0.3469686456463932 16.722 0.01
0.34918053036417396 16.721 0.013
0.3505940241265306 16.735 0.012
0.35147852780792155 16.729 0.01
0.35193608569661583 16.736 0.01
0.3532084441998449 16.721 0.012
0.35327046176976173 16.733 0.01
0.35413706774934317 16.728 0.011
0.3568522557249252 16.722 0.011
0.35714091756167354 16.712 0.012
0.3604833274961492 16.718 0.011
0.36190761770901636 16.745 0.011
0.3639459559543865 16.742 0.011
0.36399466724960794 16.729 0.011
0.36410583785564077 16.748 0.011
0.36411069313705857 16.731 0.009
0.3651374162162937 16.712 0.013
0.3655305698097435 16.732 0.012
0.3658321610590973 16.725 0.009
0.3681980084383212 16.716 0.011
0.3683781334319973 16.737 0.012
0.3708402939036204 16.733 0.01
0.3708564404832031 16.73 0.011
0.3739047061037808 16.736 0.009
0.3751075032040716 16.747 0.011
0.37568558564717014 16.74 0.01
0.37698280312192756 16.754 0.009
0.377066201096818 16.736 0.011
0.3784993773170071 16.742 0.01
0.37963428482898953 16.747 0.011
0.3797584573607309 16.744 0.009
0.3820827882977027 16.747 0.01
0.38268187848816515 16.725 0.01
0.3831686742800229 16.757 0.01
0.3835122785684688 16.725 0.01
0.3848830258151792 16.737 0.012
0.3851805660914578 16.726 0.011
0.38741637060163603 16.73 0.01
0.3885704496800826 16.736 0.01
0.3888885601671972 16.726 0.011
0.3909744445794785 16.735 0.012
0.39548166936801854 16.723 0.01
0.3985273863517249 16.717 0.012
0.3985383859808507 16.726 0.01
0.39989176246026537 16.73 0.012
0.3999999999999999 16.789 0.011
0.40043848665063697 16.74 0.011
0.40059280760888205 16.718 0.009
0.40254321635247825 16.73 0.01
0.4027565248492464 16.762 0.014
0.4036409256792921 16.751 0.012
0.4036557064745465 16.741 0.017
0.40622137314383044 16.733 0.01
0.408125142038807 16.728 0.011
0.4081641925146413 16.722 0.014
0.40897678429055295 16.728 0.01
0.4099733277656923 16.762 0.011
0.411055162775392 16.727 0.011
0.41229645560260897 16.754 0.013
0.4123339337519609 16.737 0.011
0.41250932908487803 16.751 0.011
0.4127034145896231 16.736 0.011
0.41342702215481486 16.718 0.011
0.4138297404430431 16.736 0.009
0.4140987526826847 16.742 0.011
0.4144593618074395 16.699 0.016
0.41475887488368235 16.723 0.011
0.415117173159524 16.735 0.011
0.4153260858401153 16.732 0.009
0.41607261159642794 16.728 0.012
0.4180707148978171 16.706 0.01
0.41879792237878055 16.748 0.011
0.41904582990573536 16.756 0.011
0.42362583326475933 16.739 0.011
0.42472299288774584 16.731 0.011
0.4252408754432735 16.75 0.01
0.4255380944877287 16.743 0.012
0.4259977246632842 16.72 0.014
0.42599823135005854 16.742 0.016
0.42999890789851625 16.733 0.012
0.43152658625504037 16.752 0.011
0.43190205968758155 16.748 0.011
0.432216621684256 16.711 0.012
0.4323628549908789 16.778 0.011
0.4338714359772893 16.724 0.01
0.4339239478448689 16.707 0.01
0.434435074833027 16.747 0.009
0.43695714597870383 16.728 0.011
0.4407899373262807 16.727 0.013
0.44169387306455965 16.743 0.011
0.44381395687596514 16.726 0.01
0.4442374148537964 16.709 0.012
0.44450354124810465 16.723 0.013
0.4450761892088848 16.743 0.013
0.44517314469921976 16.732 0.017
0.44529202693561265 16.746 0.011
0.44580536192179343 16.718 0.013
0.4464645904836515 16.723 0.009
0.4480696506106141 16.752 0.011
0.449176192837649 16.745 0.011
0.4497325500326723 16.735 0.01
0.4499129296310911 16.735 0.012
0.4507266688100571 16.735 0.013
0.4513639655814585 16.735 0.011
0.4533734900059243 16.75 0.011
0.45507350080506503 16.744 0.009
0.4565037953847422 16.73 0.013
0.4574960037861273 16.734 0.012
0.45890765457388616 16.729 0.011
0.4600005187093301 16.748 0.011
0.46017313104848645 16.731 0.01
0.46091651635415465 16.74 0.012
0.46095501124036664 16.724 0.01
0.46213228420233454 16.752 0.011
0.4630390821747823 16.765 0.017
0.4631692987271889 16.734 0.013
0.46461139724422074 16.719 0.01
0.46465457961530765 16.741 0.011
0.4657669930199062 16.719 0.013
0.4664126396147821 16.715 0.01
0.4679557766147808 16.725 0.014
0.46868694826061974 16.727 0.01
0.46927434079398145 16.74 0.012
0.47409793510396403 16.706 0.011
0.4745705419139994 16.704 0.01
0.4749372119421422 16.738 0.012
0.4782867695081676 16.707 0.009
0.4793071627849712 16.723 0.012
0.47995179852844094 16.729 0.01
0.48242566254330077 16.712 0.011
0.48369739973704773 16.721 0.011
0.4837433119952492 16.714 0.01
0.4839439245958146 16.761 0.012
0.4840063282769278 16.733 0.012
0.48469952944801653 16.716 0.01
0.48557306467810113 16.745 0.009
0.48655184875169644 16.73 0.009
0.4866523173499444 16.707 0.012
0.4880073361472568 16.736 0.012
0.4885748919467914 16.706 0.009
0.49087133556249674 16.712 0.011
0.49128427278255904 16.721 0.009
0.4919063714013645 16.739 0.012
0.49359514989500886 16.704 0.009
0.4939008924456174 16.72 0.011
0.4947261792761082 16.693 0.01
0.49496949453478 16.749 0.009
0.49577910013717874 16.719 0.01
0.4960132570598943 16.729 0.011
0.4980825775363882 16.706 0.011
0.49852260533580184 16.738 0.01
0.4990159518341897 16.723 0.011
0.5005011635729715 16.739 0.012
0.5009143216965639 16.714 0.01
0.5025132071381448 16.7 0.013
0.5025562335512404 16.724 0.011
0.503930477862832 16.74 0.013
0.5041913350492222 16.696 0.009
0.5061377003879897 16.728 0.018
0.5086363154777245 16.717 0.01
0.508828680264878 16.684 0.01
0.5090469502571522 16.721 0.01
0.5097522495579141 16.709 0.013
0.511024418402394 16.706 0.009
0.5118247729073118 16.705 0.011
0.5132310103016606 16.687 0.01
0.5134848716101259 16.716 0.011
0.5139835800770469 16.713 0.01
0.5150778614228329 16.71 0.01
0.5157995931532695 16.704 0.012
0.5163407758065204 16.692 0.011
0.5179455846922791 16.72 0.012
0.520208245425033 16.686 0.011
0.520584960702331 16.667 0.01
0.5219121613289643 16.752 0.012
0.5219211400966741 16.735 0.011
0.5227777741819408 16.733 0.011
0.5235503181507055 16.645 0.009
0.5240040897619109 16.716 0.012
0.5250181827322193 16.722 0.011
0.5250404399593207 16.692 0.01
0.5256674705778095 16.7 0.01
0.5261069444694839 16.702 0.013
0.5266635840843263 16.718 0.009
0.5272284673073044 16.747 0.013
0.5276893865501733 16.709 0.014
0.5276982093600053 16.677 0.011
0.5293891941700166 16.698 0.012
0.530735558795095 16.678 0.01
0.5309835497668245 16.694 0.011
0.5322645759628357 16.678 0.01
0.532406154644741 16.712 0.011
0.5329454370122675 16.691 0.012
0.5357801951609189 16.665 0.01
0.5360255371673701 16.693 0.011
0.5361635673592899 16.697 0.01
0.5388561237677094 16.689 0.01
0.5390342970498749 16.671 0.01
0.5410600330009401 16.722 0.009
0.5413185978376531 16.738 0.013
0.5413630827953511 16.636 0.008
0.5415601544736091 16.65 0.009
0.5423548713173658 16.707 0.011
0.5425264491949746 16.691 0.011
0.5434767701766758 16.693 0.01
0.5435134178841508 16.662 0.011
0.5441699502597657 16.71 0.011
0.5443829510443492 16.622 0.008
0.5451904674759134 16.712 0.01
0.546032072046637 16.669 0.01
0.5471480297368543 16.689 0.012
0.5472814297555941 16.628 0.007
0.5482045716020365 16.711 0.01
0.5486390072800531 16.705 0.011
0.5486768749041402 16.702 0.012
0.5488292171760576 16.62 0.009
0.5490367952505948 16.712 0.01
0.5501257348750186 16.704 0.013
0.5538305784100657 16.622 0.01
0.5538518070615281 16.69 0.01
0.5567962983594952 16.682 0.011
0.5578579931274361 16.673 0.011
0.5596349793376247 16.716 0.013
0.5608402458343789 16.641 0.011
0.5609766134611163 16.666 0.009
0.5622534714720131 16.691 0.011
0.5630367199713873 16.649 0.011
0.5633121564564134 16.655 0.012
0.5644916256441319 16.647 0.017
0.5685975552400122 16.703 0.011
0.569370075597726 16.632 0.009
0.5699536009310804 16.633 0.012
0.5708086399194143 16.596 0.01
0.5715669535706183 16.635 0.01
0.5732998013476389 16.642 0.011
0.5741081162014097 16.556 0.008
0.5750843491158775 16.66 0.008
0.5755032275043503 16.607 0.01
0.5778565062900269 16.651 0.01
0.578327648668528 16.679 0.01
0.5788800577414803 16.644 0.013
0.5791780768900252 16.594 0.011
0.5804408428836267 16.581 0.011
0.5812815689506805 16.618 0.011
0.5813929166028173 16.62 0.011
0.582145440838667 16.683 0.01
0.5828507064387849 16.617 0.011
0.5858250148402475 16.568 0.008
0.5866249655092814 16.598 0.009
0.5876077238380275 16.669 0.012
0.5880256933854979 16.658 0.009
0.5884970347391572 16.645 0.01
0.5902346846900399 16.616 0.011
0.5902715153296412 16.63 0.01
0.5910187762437089 16.681 0.012
0.5910857022021445 16.61 0.011
0.5919585967159491 16.59 0.011
0.5922002165501907 16.632 0.009
0.5939881981854795 16.556 0.011
0.5940940582487655 16.577 0.01
0.5957217027213573 16.586 0.01
0.5960427715671357 16.603 0.011
0.5979558118063095 16.556 0.01
0.5984899193412274 16.669 0.013
0.5986758868574724 16.669 0.012
0.5990117424514891 16.541 0.009
0.5993955901586445 16.524 0.008
0.5999703980559388 16.657 0.011
0.600487068262646 16.641 0.009
0.6028653029844917 16.571 0.009
0.6038799557490164 16.595 0.012
0.6039505069151345 16.658 0.009
0.605607130482349 16.535 0.007
0.6063063343380236 16.62 0.011
0.6071190289648257 16.588 0.011
0.6071859313123241 16.56 0.01
0.607238419569876 16.574 0.01
0.6088734283065605 16.66 0.01
0.6096230608121914 16.593 0.011
0.6101379352652657 16.596 0.012
0.6122578437124503 16.658 0.011
0.6124810954478562 16.634 0.009
0.6144630184016023 16.652 0.011
0.6149084832062727 16.583 0.008
0.6149741217795054 16.592 0.01
0.6158119341866041 16.561 0.01
0.6167293490408611 16.531 0.01
0.6177260678804487 16.573 0.009
0.6180992961834818 16.632 0.009
0.6197780353139933 16.642 0.011
0.6208727129282124 16.565 0.01
0.6221300444398367 16.635 0.012
0.6226039900592696 16.565 0.008
0.6229890754076678 16.534 0.009
0.6245185512001626 16.548 0.011
0.6249610551230035 16.509 0.009
0.6253326116115204 16.541 0.009
0.6253501678337671 16.567 0.013
0.6256689856644698 16.568 0.008
0.6263038619416875 16.608 0.01
0.6278592581417343 16.52 0.01
0.6281186820755466 16.568 0.011
0.6282074926033602 16.553 0.012
0.6290959722213302 16.556 0.011
0.6294756247692931 16.619 0.012
0.6301503339031115 16.528 0.012
0.6318361776483471 16.523 0.009
0.6338614794261958 16.48 0.008
0.6345285873479952 16.591 0.01
0.63562510877764 16.536 0.013
0.6358315655822026 16.503 0.01
0.6359690916097179 16.475 0.009
0.6382272612428551 16.528 0.012
0.6385122582186341 16.526 0.01
0.640372714917612 16.537 0.01
0.6408138564192086 16.537 0.012
0.6411483757254018 16.484 0.011
0.6439271088986743 16.481 0.009
0.6446179882231263 16.515 0.011
0.6447158331488027 16.571 0.011
0.6447637662680791 16.562 0.01
0.6450221001104183 16.548 0.008
0.645474974718718 16.534 0.009
0.6467369347223212 16.529 0.009
0.6473230912960389 16.529 0.011
0.648212457826412 16.567 0.011
0.648363437677881 16.515 0.011
0.6484984091825027 16.497 0.009
0.649035795467762 16.496 0.009
0.6496098167807759 16.542 0.009
0.6525850146171251 16.554 0.008
0.6553631922010027 16.549 0.011
0.6556723686188889 16.522 0.009
0.6562044974679339 16.553 0.009
0.6582628773748184 16.505 0.009
0.6598863047601299 16.558 0.01
0.6619813913670441 16.485 0.01
0.6640677512885077 16.445 0.007
0.6640986643698398 16.473 0.01
0.6651579403263895 16.556 0.008
0.6677449873999649 16.512 0.01
0.6680224666753475 16.453 0.008
0.6695987138235978 16.483 0.011
0.6696960959196986 16.463 0.01
0.6698652668234445 16.469 0.009
0.6703425569134197 16.469 0.012
0.6718709392508458 16.419 0.007
0.6720719076256728 16.451 0.008
0.6725623741648633 16.476 0.009
0.6740449032376091 16.468 0.009
0.6747975219159571 16.458 0.008
0.6760511059624378 16.465 0.011
0.6763592732108009 16.454 0.009
0.6768910943482297 16.429 0.009
0.6769816500450588 16.445 0.009
0.6771756638771876 16.472 0.008
0.6777713025423054 16.448 0.009
0.6777724988482078 16.51 0.012
0.6789524190934572 16.466 0.01
0.6795939464060666 16.477 0.012
0.6807535653400919 16.516 0.011
0.6811701134730811 16.46 0.009
0.6821392561338598 16.447 0.007
0.6832163151024361 16.492 0.008
0.683733107566377 16.469 0.01
0.6839003579367727 16.443 0.008
0.6849391353548754 16.417 0.007
0.6851890046840708 16.509 0.009
0.6853038376288169 16.461 0.009
0.6854781968185307 16.453 0.01
0.6865102793434744 16.524 0.012
0.6867635749723832 16.427 0.008
0.687105610296976 16.457 0.01
0.6872516362201623 16.439 0.008
0.6877698248062188 16.444 0.008
0.6883906849432379 16.411 0.009
0.6889870098641723 16.426 0.009
0.6894046817896197 16.454 0.01
0.6901867213035985 16.478 0.011
0.6908727950903085 16.523 0.011
0.6910005574472052 16.513 0.01
0.6925351389217212 16.455 0.009
0.6930066084186365 16.46 0.007
0.6932379562134884 16.473 0.01
0.6936283242896707 16.431 0.009
0.6943961748210313 16.456 0.01
0.697752900199157 16.482 0.01
0.7000900324050235 16.453 0.01
0.7010563187172011 16.437 0.01
0.7017687512888188 16.495 0.011
0.7022279186352535 16.433 0.01
0.7025033610056198 16.49 0.009
0.7037375618981742 16.418 0.008
0.7039191867060254 16.485 0.01
0.7053199070141091 16.429 0.01
0.7053331576587653 16.41 0.008
0.7057856638138219 16.502 0.011
0.7062333045968444 16.461 0.009
0.7081770800299637 16.452 0.009
0.7084563053148486 16.424 0.009
0.709445132955716 16.449 0.009
0.7095269855775769 16.449 0.012
0.7111698518130197 16.396 0.007
0.7137580226798491 16.47 0.013
0.7150684157631076 16.421 0.01
0.7154863633812966 16.5 0.012
0.7168489361689808 16.422 0.008
0.716854938853794 16.463 0.01
0.7181225087032544 16.434 0.01
0.7182574760036232 16.436 0.009
0.7184499765020519 16.47 0.008
0.7186052105052113 16.463 0.009
0.720809068312883 16.445 0.009
0.7218132972851891 16.452 0.008
0.7222944731404596 16.41 0.008
0.7225074115016469 16.48 0.011
0.72295973220198 16.43 0.009
0.7231463286622329 16.414 0.009
0.726832863091795 16.379 0.009
0.7269461371633043 16.409 0.01
0.7284844188824536 16.452 0.009
0.729003438750533 16.431 0.01
0.7297914733811922 16.416 0.009
0.7306334859921663 16.425 0.009
0.7316561817096044 16.47 0.01
0.7338342911110886 16.444 0.009
0.7350210124634714 16.401 0.009
0.7365002004293842 16.417 0.007
0.7374790156813106 16.423 0.01
0.7384174442360291 16.406 0.009
0.7396498906436136 16.433 0.012
0.7403879417960525 16.443 0.01
0.7410742600967751 16.425 0.011
0.7414581314144698 16.413 0.008
0.7416612268651989 16.415 0.011
0.7418874158705876 16.434 0.01
0.7440020078896851 16.424 0.009
0.7441982137433115 16.408 0.008
0.7450755714743537 16.42 0.008
0.7452545785621624 16.41 0.009
0.7452727181893352 16.423 0.01
0.7460414969677004 16.422 0.009
0.7473297887817353 16.449 0.01
0.748705036377055 16.436 0.009
0.7499348195248331 16.415 0.009
0.7515523715275322 16.432 0.011
0.7520174420714284 16.449 0.011
0.7520837685823608 16.439 0.01
0.7539048612069564 16.414 0.009
0.7541177447791597 16.406 0.01
0.7547010129851742 16.405 0.008
0.7551076346961964 16.416 0.01
0.7556053592865283 16.405 0.01
0.7565252047246759 16.432 0.008
0.7571874186191053 16.409 0.009
0.7575108666236702 16.411 0.009
0.7582366982295753 16.402 0.01
0.7584571644480548 16.411 0.012
0.7616763359837023 16.449 0.009
0.7631315156676465 16.4 0.009
0.7642939648166248 16.415 0.008
0.7648325137069151 16.391 0.011
0.7649145948002115 16.419 0.01
0.7675741127333368 16.408 0.01
0.7712788382154031 16.431 0.011
0.7718963378396438 16.424 0.011
0.7723558356681451 16.428 0.008
0.7740111802587762 16.396 0.008
0.775563091165759 16.433 0.01
0.776276531224903 16.41 0.011
0.7772058882509555 16.418 0.009
0.7778509084245343 16.422 0.01
0.7792538325269561 16.415 0.01
0.7799644339615043 16.408 0.008
0.781476460587237 16.418 0.009
0.7816240537921658 16.385 0.008
0.783017613856282 16.424 0.01
0.7842357161634027 16.417 0.009
0.7844587158168906 16.387 0.009
0.7847975339740515 16.403 0.01
0.7870218591414414 16.422 0.011
0.7875510701267331 16.427 0.011
0.7878262292369073 16.425 0.008
0.7885517826278147 16.429 0.008
0.7885519402674618 16.405 0.008
0.7891326564735209 16.382 0.009
0.7904118902796654 16.422 0.009
0.7913643425426017 16.385 0.009
0.792031415081874 16.395 0.01
0.7922011651859521 16.421 0.01
0.7923519696729727 16.432 0.009
0.7937029475878262 16.396 0.009
0.793988719375102 16.436 0.01
0.7948951109891823 16.402 0.012
0.7968254325986891 16.404 0.012
0.7974173060742032 16.418 0.009
0.7984161950068028 16.43 0.01
0.7987129073639153 16.423 0.009
0.8000847371348755 16.443 0.013
0.8004823708290815 16.445 0.011
0.8008092080018742 16.43 0.01
0.8009986903072331 16.445 0.008
0.8016236747715993 16.423 0.008
0.8027918686374506 16.401 0.009
0.8031358278584776 16.41 0.009
0.8038981823923678 16.424 0.012
0.8047827172516918 16.409 0.012
0.8057469237093301 16.427 0.008
0.8058432274860025 16.399 0.012
0.8059312969692997 16.417 0.008
0.80610125782041 16.41 0.009
0.8084455991736604 16.429 0.01
0.8084676076822689 16.443 0.009
0.8103750178273913 16.419 0.009
0.8106289971894057 16.407 0.009
0.8125229198102716 16.423 0.01
0.8125841819743528 16.42 0.01
0.8149300686805191 16.428 0.008
0.8157283728274024 16.421 0.008
0.8158567447225323 16.439 0.009
0.8162894141431934 16.423 0.01
0.817104819251108 16.4 0.008
0.8180879713255763 16.446 0.009
0.8185010645037437 16.417 0.01
0.8186050462092794 16.437 0.008
0.8187232303511337 16.402 0.009
0.8188475748840119 16.423 0.009
0.8200093183712852 16.414 0.009
0.8201890606173038 16.429 0.009
0.8216225706827572 16.414 0.009
0.8217241251681117 16.435 0.01
0.8221896256813125 16.417 0.01
0.8224479325491757 16.436 0.01
0.822517239347485 16.448 0.008
0.8233377045975431 16.428 0.011
0.8236026186426898 16.432 0.011
0.8243642658327645 16.437 0.009
0.8244783264884973 16.42 0.009
0.8250294498579024 16.405 0.01
0.8256693803922645 16.406 0.009
0.8260883380216001 16.423 0.01
0.8301728914165324 16.407 0.009
0.83095803767892 16.421 0.011
0.831175896267348 16.433 0.008
0.8328036233441708 16.419 0.009
0.8341845423014093 16.424 0.011
0.8355169877507024 16.42 0.01
0.8356844927260682 16.437 0.011
0.8362838805382126 16.419 0.01
0.8384060400007002 16.405 0.01
0.8384792182031561 16.396 0.01
0.8387239945294823 16.417 0.009
0.8391761870861046 16.409 0.01
0.8393488272398827 16.423 0.009
0.8401697140506258 16.437 0.013
0.8404035927573205 16.413 0.008
0.8412688742881983 16.416 0.011
0.8437210215299388 16.421 0.008
0.8438665980774204 16.433 0.013
0.8439856868566494 16.444 0.008
0.8446143834035184 16.434 0.009
0.845337157163749 16.443 0.008
0.8458641550390894 16.411 0.008
0.8468903124384269 16.435 0.009
0.8495794206851542 16.464 0.008
0.8503702383101427 16.454 0.009
0.8525960835385377 16.422 0.008
0.8529400663705019 16.422 0.008
0.8546843631524098 16.475 0.008
0.8556409945316773 16.416 0.009
0.8556944093544644 16.483 0.01
0.8582963375523832 16.43 0.01
0.8593918253608536 16.454 0.01
0.8595086159038147 16.44 0.01
0.8599679661823757 16.441 0.009
0.8601812021651313 16.452 0.012
0.8613362415107076 16.428 0.01
0.8619613499135085 16.421 0.009
0.8631237206635888 16.443 0.008
0.8636425946637246 16.42 0.01
0.863811435927255 16.451 0.009
0.8645407114908267 16.418 0.011
0.8646708530062824 16.426 0.01
0.8667620462805644 16.465 0.011
0.8667899158768023 16.464 0.008
0.8668217158700827 16.435 0.01
0.8672483632007243 16.44 0.009
0.8677479366509943 16.448 0.009
0.8708562335208626 16.459 0.011
0.8715055213662254 16.466 0.008
0.8732194530229208 16.405 0.01
0.8757307429204048 16.443 0.009
0.8759231624957465 16.437 0.009
0.8783100724782799 16.491 0.01
0.8784605498468864 16.485 0.009
0.8789424178438822 16.449 0.008
0.8792982694930288 16.441 0.008
0.8796699777348295 16.426 0.009
0.8824320087387832 16.492 0.009
0.8828107465596077 16.494 0.009
0.8839676592168871 16.45 0.01
0.8848857283078587 16.492 0.009
0.8851768974463085 16.501 0.01
0.886926921219947 16.483 0.01
0.8883814424628099 16.483 0.012
0.8885480385969459 16.453 0.01
0.8885914924561803 16.49 0.011
0.8894221985666718 16.468 0.009
0.8904482868159903 16.447 0.009
0.8919244405464269 16.444 0.01
0.8962146346651935 16.454 0.009
0.8964605457818152 16.495 0.008
0.8969346254310949 16.457 0.009
0.8980809380908795 16.463 0.011
0.8991094173367401 16.486 0.01
0.9011621907603967 16.462 0.008
0.9020384069748616 16.45 0.008
0.9023824176219023 16.443 0.01
0.9024775444985608 16.503 0.01
0.9025207462761046 16.487 0.011
0.902991996550918 16.444 0.009
0.9042616606162938 16.492 0.009
0.9050320184491284 16.493 0.011
0.9054403507879215 16.45 0.01
0.907161816187363 16.442 0.009
0.9073613875993033 16.487 0.012
0.9073824291142728 16.518 0.009
0.9076870832544955 16.476 0.011
0.9084481487218682 16.512 0.009
0.91076209124858 16.509 0.009
0.9125768700468143 16.474 0.009
0.9127071380238704 16.475 0.008
0.9141409001712418 16.476 0.009
0.9143962242291309 16.453 0.007
0.9148701479201918 16.468 0.011
0.9160809795645491 16.486 0.01
0.9162896915890087 16.462 0.011
0.9167346218909188 16.488 0.009
0.9178264237497388 16.449 0.008
0.918258101725678 16.495 0.01
0.9188086180801293 16.489 0.01
0.9192892180984927 16.477 0.01
0.9197198160731205 16.462 0.01
0.9203056413247396 16.449 0.009
0.9209484340930431 16.457 0.01
0.9213677643798747 16.5 0.011
0.9214628988246659 16.467 0.009
0.9270609196654732 16.457 0.01
0.9270871469433587 16.478 0.009
0.9278847437466539 16.478 0.008
0.927978285617337 16.46 0.009
0.9292698831553935 16.486 0.01
0.9293930979432844 16.469 0.013
0.9297979391029912 16.449 0.009
0.9307640205542157 16.488 0.009
0.9310057407159548 16.506 0.008
0.9310314891221424 16.491 0.011
0.9316874794285696 16.522 0.008
0.9328493257666196 16.466 0.009
0.9333613632776633 16.508 0.01
0.9340510505002385 16.499 0.009
0.9351139356881731 16.525 0.01
0.9359324020053009 16.516 0.011
0.9361857094057996 16.475 0.01
0.9379656464072014 16.527 0.013
0.9391852620491591 16.495 0.011
0.9396139336044144 16.494 0.008
0.9406444632087642 16.517 0.009
0.9416704486074196 16.508 0.01
0.9418672167775185 16.483 0.01
0.94332072716943 16.505 0.009
0.9438669480367935 16.501 0.009
0.9439787770833391 16.492 0.008
0.9457119444107548 16.514 0.012
0.9463870396556558 16.532 0.01
0.9482052329148246 16.494 0.008
0.9491486271698705 16.468 0.009
0.9492896637822469 16.525 0.008
0.9509582927179508 16.477 0.01
0.9510836995279078 16.488 0.01
0.9519514883599186 16.504 0.01
0.952505669575794 16.501 0.009
0.9528622268871004 16.507 0.009
0.9536342506488836 16.507 0.009
0.9537386184660136 16.5 0.009
0.95409453506104 16.547 0.01
0.9566782275082005 16.507 0.011
0.9574216642394276 16.488 0.01
0.9583847392704229 16.518 0.01
0.9603926391022469 16.517 0.01
0.9604520549277368 16.497 0.011
0.9605118804755876 16.487 0.01
0.9606059973420088 16.504 0.011
0.9608380271883107 16.512 0.011
0.9625735500634619 16.527 0.01
0.9634613493120924 16.526 0.011
0.9641894125269573 16.471 0.01
0.9648240299956342 16.52 0.009
0.9648571924102726 16.502 0.009
0.9651343167522782 16.537 0.009
0.9656912320595211 16.512 0.01
0.9662343875127363 16.549 0.01
0.9664662967838012 16.5 0.012
0.9664870878981674 16.508 0.01
0.9671621519643395 16.527 0.011
0.9679353408536372 16.488 0.009
0.9696120827333289 16.496 0.014
0.9699144268658074 16.522 0.012
0.9703925457156629 16.556 0.009
0.9710436588115045 16.542 0.009
0.9715287161615379 16.53 0.01
0.9716011811340423 16.548 0.011
0.9730311249844817 16.53 0.013
0.9741855556325391 16.498 0.01
0.9745888016956542 16.525 0.011
0.9756476974265752 16.496 0.009
0.9757059498064337 16.499 0.008
0.976467601200875 16.485 0.009
0.9777100532700388 16.53 0.01
0.9779603702926579 16.505 0.009
0.979181927555851 16.529 0.008
0.9802023958688096 16.557 0.01
0.9872934581309437 16.566 0.009
0.9873583438210517 16.536 0.009
0.989976583873522 16.516 0.009
0.9900917439366822 16.561 0.01
0.990509798610583 16.504 0.011
0.9928529276147856 16.523 0.01
0.994677115149807 16.515 0.009
0.9979030557737133 16.536 0.013
0.9986916459942222 16.539 0.01
0.9990198236590914 16.539 0.009
0.9994745429236446 16.547 0.008
0.9996575301519443 16.529 0.008
0.9999694625902521 16.531 0.01
