0.0008165689718225844 17.087 0.015
0.004497427494152384 17.106 0.014
0.0071092321726610175 17.11 0.014
0.00796371769765758 17.029 0.015
0.011389235501974349 17.097 0.014
0.012279372883222117 17.036 0.015
0.01317244778001625 17.112 0.022
0.01366937110460642 17.043 0.016
0.017917490647414547 17.062 0.014
0.02014489251032503 17.06 0.014
0.02479012969242833 17.108 0.018
0.02481293136124807 17.076 0.014
0.025655880965496203 17.105 0.014
0.02743905463275953 17.112 0.015
0.032873290014686085 17.083 0.016
0.033432454415469715 17.076 0.018
0.03345914018691476 17.07 0.017
0.033849668323364335 17.044 0.013
0.03770289276976657 17.131 0.018
0.040620607656273955 17.062 0.014
0.04147312233581035 17.086 0.014
0.043102133227330364 17.102 0.014
0.04648177686649435 17.103 0.014
0.05038773495189164 17.123 0.025
0.057850939024683634 17.138 0.014
0.059591021349797324 17.181 0.02
0.059908622423699875 17.075 0.014
0.0613911996296338 17.105 0.014
0.06174505175149536 17.114 0.011
0.06588024464590492 17.08 0.016
0.06610339274370747 17.144 0.014
0.0680972893395847 17.142 0.016
0.07086592338318953 17.11 0.012
0.07398489292509114 17.139 0.016
0.07413430218402939 17.127 0.014
0.07729048874070943 17.061 0.011
0.08040829876099453 17.09 0.012
0.08087546388824196 17.098 0.015
0.08127779892392939 17.133 0.022
0.08185083746902821 17.079 0.014
0.08445257453186061 17.115 0.011
0.08559890341998655 17.161 0.014
0.08673168612667725 17.089 0.019
0.09714879824323364 17.108 0.015
0.09947330084414718 17.128 0.011
0.10149218268943516 17.111 0.014
0.1040737461115896 17.161 0.014
0.10412048964180942 17.151 0.015
0.10462226318568357 17.155 0.012
0.10604515002287374 17.127 0.013
0.10635337947601331 17.141 0.016
0.10653590936535695 17.152 0.014
0.10683428353595448 17.119 0.015
0.1104656158562648 17.091 0.015
0.11404492946112443 17.141 0.018
0.11479618882676734 17.108 0.013
0.12014853121163471 17.162 0.014
0.12215935514850573 17.17 0.017
0.12273699312086139 17.168 0.018
0.1285366165465348 17.103 0.019
0.12856948583103078 17.122 0.015
0.13138571384151876 17.162 0.014
0.13156080419403227 17.163 0.011
0.13429396055598775 17.18 0.018
0.13547735161446328 17.119 0.015
0.14386592000746534 17.132 0.014
0.14646823688135557 17.148 0.019
0.14651067114155014 17.157 0.019
0.14658580096411244 17.112 0.02
0.147518218565574 17.163 0.014
0.14950189290257188 17.125 0.011
0.1521433976367007 17.169 0.014
0.15567200613659227 17.116 0.017
0.15846852433505776 17.166 0.016
0.1605884487597905 17.222 0.022
0.16122643373037138 17.128 0.014
0.16147835457823023 17.158 0.016
0.1645517976006886 17.156 0.015
0.1654534135656377 17.197 0.015
0.16643674830211241 17.193 0.016
0.1687621590289382 17.141 0.02
0.16953853910754335 17.159 0.018
0.17123811930641752 17.183 0.014
0.17290948708605358 17.128 0.014
0.17319276985008403 17.156 0.01
0.17535851039829142 17.135 0.015
0.17634795172912165 17.169 0.014
0.17647875240518263 17.194 0.015
0.17892553414585566 17.194 0.013
0.18026233484956722 17.194 0.018
0.1811508877916822 17.171 0.013
0.1837712720477157 17.171 0.014
0.18404098965188498 17.191 0.017
0.18575881120650595 17.163 0.013
0.18669515111778312 17.156 0.014
0.19514294615137262 17.138 0.016
0.19754439492762688 17.127 0.014
0.198930799003756 17.143 0.018
0.20512914398832438 17.179 0.017
0.2071539969141668 17.145 0.013
0.2087871428001563 17.125 0.021
0.2104501244065432 17.179 0.015
0.21154779630696796 17.142 0.014
0.21525847106922813 17.177 0.013
0.21583046627520164 17.195 0.017
0.21600232965865873 17.189 0.013
0.21923610004287186 17.166 0.016
0.2204677229209665 17.162 0.014
0.22297349933742228 17.188 0.017
0.22728635247030982 17.194 0.02
0.227409945826048 17.159 0.017
0.22796491698900356 17.163 0.013
0.22867859236398547 17.182 0.014
0.23273620143063456 17.168 0.014
0.23771467224369192 17.18 0.013
0.23826069670249128 17.193 0.017
0.2398729732048196 17.17 0.015
0.23996533985600765 17.176 0.015
0.24070119837815585 17.182 0.019
0.2411673007362879 17.167 0.016
0.24209473265445924 17.193 0.018
0.24518925799648061 17.218 0.014
0.24800637490343436 17.268 0.028
0.24849162674299807 17.167 0.013
0.24856260224023574 17.205 0.019
0.2507612312027959 17.174 0.017
0.2529217545055872 17.186 0.015
0.2584715059539576 17.171 0.016
0.26518337323923336 17.2 0.017
0.26795685750212217 17.186 0.011
0.26885938149225697 17.191 0.018
0.26891781568738227 17.19 0.015
0.2733553443262281 17.182 0.018
0.27523971531618374 17.182 0.014
0.27669033136353394 17.159 0.014
0.2773932047188282 17.188 0.017
0.2793302322278578 17.193 0.014
0.282733450701835 17.173 0.014
0.2845563727104491 17.199 0.014
0.28512641645229453 17.206 0.023
0.28774861685988073 17.186 0.029
0.28996575820578985 17.178 0.016
0.2900778536476537 17.177 0.014
0.2918893170057345 17.177 0.014
0.29275037280367544 17.196 0.016
0.29972828617464986 17.218 0.015
0.30086072133635755 17.182 0.014
0.3031258232726032 17.205 0.018
0.3036725048645167 17.208 0.014
0.3074815554658926 17.197 0.019
0.30818775274397014 17.209 0.019
0.3098278358278549 17.211 0.015
0.3135739883213319 17.199 0.017
0.3137289244138174 17.186 0.02
0.31776044670018566 17.187 0.016
0.3189741176755888 17.199 0.016
0.3200377610204669 17.208 0.021
0.3226396528274563 17.181 0.022
0.32284332252484094 17.175 0.014
0.32313713653220477 17.18 0.012
0.3240189651122819 17.199 0.017
0.3259749101383932 17.213 0.016
0.32827705556805997 17.232 0.021
0.32927273805207735 17.211 0.013
0.32951689054461897 17.208 0.019
0.3348409239087232 17.194 0.014
0.3357802206163797 17.184 0.013
0.33623416853051824 17.222 0.014
0.3398851915843807 17.197 0.023
0.3451475636835767 17.21 0.015
0.3474286654540265 17.217 0.016
0.35215616270934336 17.234 0.025
0.35661838684281977 17.19 0.014
0.35733188819394857 17.202 0.013
0.35939596774132954 17.233 0.014
0.35941088542531363 17.204 0.017
0.3639170704667777 17.188 0.015
0.3640832915376905 17.227 0.014
0.3642454156200984 17.181 0.014
0.36455468851263506 17.15 0.014
0.36701524784657524 17.165 0.014
0.37192430882296323 17.237 0.014
0.3723516484386892 17.228 0.015
0.37469657572355575 17.22 0.018
0.3805263635864776 17.266 0.02
0.3809854707050363 17.206 0.018
0.3848271396983819 17.233 0.015
0.3857632672769796 17.194 0.014
0.3870444739458435 17.274 0.018
0.3894492463427014 17.214 0.013
0.39162745077160255 17.184 0.016
0.4 17.315 0.025
0.4062093398560137 17.205 0.017
0.4084350028382687 17.261 0.015
0.41493181869500406 17.234 0.014
0.41523407706781656 17.223 0.014
0.4155447991364781 17.213 0.014
0.41583700932451395 17.215 0.014
0.4204815700431027 17.242 0.012
0.423245025602364 17.111 0.014
0.4234152850659939 17.094 0.02
0.4243639920054193 17.188 0.018
0.4285137357582244 17.029 0.014
0.4292411112541231 17.293 0.014
0.43654371774155154 17.187 0.016
0.4367533584194462 17.235 0.019
0.4400343941037136 17.206 0.023
0.4401808663996235 17.252 0.013
0.4484906336032509 17.249 0.016
0.45609395248484363 17.269 0.017
0.45936563577779455 16.711 0.012
0.4606016834053662 17.246 0.014
0.46067136391720853 17.228 0.015
0.4607528706077574 17.132 0.012
0.46084123712480507 16.735 0.012
0.4615754918271705 17.213 0.014
0.4619655948967193 17.178 0.013
0.462010676565933 17.256 0.016
0.46489942590201283 16.53 0.01
0.4650451636934122 17.141 0.013
0.47326488318904014 17.201 0.02
0.47359079376806223 16.593 0.011
0.4804745436666963 16.853 0.012
0.4826514144487192 17.253 0.02
0.48330070387910384 16.978 0.014
0.48554891723542826 16.926 0.015
0.48912166056779827 17.234 0.014
0.49026793131351953 17.23 0.016
0.49340015677980775 16.902 0.011
0.4935503392545343 16.559 0.012
0.49418666236479114 16.933 0.01
0.5019871969551787 17.209 0.015
0.5023221121799907 16.698 0.01
0.5104824119320256 16.969 0.011
0.5107611728421034 17.243 0.014
0.5140556384739284 16.979 0.012
0.5162108090679794 17.104 0.014
0.5163013591144591 16.68 0.011
0.5166872304368099 16.547 0.011
0.5172033807658863 16.562 0.01
0.5227598951372784 16.968 0.014
0.5280929719573578 16.646 0.009
0.5285341276766303 16.968 0.014
0.530178384667488 16.816 0.01
0.5319057906789567 16.915 0.013
0.5323804921453302 16.58 0.009
0.5328806232095303 16.957 0.014
0.5329520236236022 16.78 0.013
0.5347102507024829 16.573 0.009
0.5348891672157606 16.622 0.014
0.5416003387071214 16.808 0.014
0.5455925571515309 16.619 0.01
0.547825678598565 17.043 0.014
0.5482228541790392 16.568 0.013
0.5487511202403766 16.983 0.015
0.5533004740472279 16.711 0.013
0.558672024106636 16.664 0.012
0.5592993038102577 16.579 0.009
0.5599606702611709 16.873 0.014
0.5600700029148357 16.673 0.014
0.5600926885012086 16.828 0.013
0.5618191092152302 16.625 0.011
0.5629338244893006 16.729 0.012
0.5720914301768062 16.575 0.01
0.572149439304576 16.547 0.009
0.5763958003843981 16.545 0.01
0.581734481158628 16.701 0.013
0.5845221874127673 16.596 0.009
0.586480548135023 16.574 0.009
0.5867610483780026 16.706 0.012
0.5897940666467547 16.544 0.011
0.5917386496747894 16.582 0.012
0.5930992374454944 16.543 0.012
0.5940475774586047 16.556 0.01
0.5969206552753348 16.598 0.011
0.5976363014960042 16.588 0.009
0.5991304919947651 16.551 0.011
0.5994248471023638 16.557 0.014
0.6051933213460869 16.698 0.012
0.6060711690210154 16.577 0.011
0.6085712063717437 16.566 0.009
0.6094774211100229 16.571 0.01
0.6124728940489148 16.633 0.01
0.6159855220456847 16.611 0.014
0.6174355970928445 16.672 0.012
0.6176943776157713 16.683 0.011
0.6198868233658685 16.742 0.011
0.6202031297065331 16.558 0.011
0.621102059500481 16.607 0.009
0.6234243785705984 16.666 0.01
0.6239723933062122 16.585 0.01
0.6250047906163672 16.594 0.01
0.6253272420612119 16.58 0.01
0.6263187121779992 16.677 0.009
0.6280987361477854 16.685 0.011
0.6292965813630871 16.691 0.012
0.6295795934514898 16.611 0.011
0.6312633477395138 16.682 0.01
0.6317928892048257 16.609 0.015
0.6332407806720766 16.686 0.01
0.637680937238565 16.626 0.012
0.6416533489672474 16.712 0.01
0.643098129347345 16.731 0.011
0.6432204470478609 16.616 0.009
0.6478262642543995 16.764 0.012
0.654062947165039 16.804 0.016
0.6541284732008079 16.798 0.011
0.6570829415749357 16.807 0.014
0.6592905560527469 16.733 0.011
0.6620700500069687 16.669 0.012
0.6622808310773052 16.808 0.014
0.6634396426233251 16.751 0.014
0.6667096638542716 16.676 0.011
0.6684540940094847 16.726 0.01
0.6692761934090412 16.659 0.012
0.6695508965953194 16.792 0.014
0.6704337299533107 16.806 0.014
0.6708124512923859 16.688 0.011
0.6729081055408641 16.773 0.012
0.6779260737515869 16.713 0.014
0.6787587818170322 16.694 0.011
0.6791485952823222 16.845 0.012
0.6815483240556204 16.691 0.013
0.6819336735074102 16.709 0.011
0.683802044663389 16.752 0.011
0.6838631841582354 16.693 0.01
0.6844742324652997 16.832 0.012
0.6849321608318859 16.697 0.014
0.6868832754213599 16.874 0.013
0.6899402355010351 16.755 0.014
0.6916600667126658 16.72 0.014
0.6928830325404305 16.761 0.015
0.6936386010751447 16.706 0.011
0.6951409462853007 16.784 0.012
0.6986042028742303 16.87 0.016
0.6991893766329667 16.814 0.013
0.6992569702164473 16.74 0.013
0.7012024034305795 16.759 0.013
0.7029123604810592 16.835 0.014
0.7065903590104425 16.771 0.01
0.7086068256125144 16.862 0.013
0.7103596226101216 16.825 0.01
0.7104872736898868 16.745 0.013
0.7134960218826563 16.796 0.01
0.7139254870372951 16.864 0.013
0.7146645338674715 16.738 0.011
0.7162125984986232 16.791 0.012
0.721363609058153 16.781 0.013
0.7252266305444208 16.904 0.016
0.7261327291993438 16.847 0.014
0.7270778034320755 16.804 0.017
0.7345432104661085 16.796 0.011
0.736173148713442 16.773 0.01
0.7401371160766756 16.833 0.01
0.7416350166535266 16.786 0.014
0.7438757324820471 16.78 0.015
0.7484406417251193 16.882 0.012
0.7491175250023843 16.798 0.015
0.7515365194912191 16.79 0.012
0.7527768957192165 16.82 0.012
0.7531649505712266 16.862 0.009
0.753417779545225 16.899 0.013
0.7561753412952839 16.885 0.016
0.7603200025627301 16.829 0.015
0.7642343470723971 16.807 0.013
0.7670256284440256 16.853 0.014
0.7714742101456067 16.887 0.013
0.7735506567204538 16.855 0.015
0.7764693959169562 16.828 0.011
0.7773405771703437 16.863 0.009
0.780049675588907 16.882 0.012
0.7809926822741544 16.864 0.014
0.7842755732732711 16.973 0.016
0.7890520168183683 16.874 0.014
0.793317044321975 16.843 0.011
0.803811353859055 16.841 0.013
0.8055455811362662 16.879 0.012
0.8072569679829029 16.864 0.012
0.8073389190211855 16.899 0.011
0.8135909640140198 16.871 0.014
0.817096693573967 16.949 0.012
0.8190423007607932 16.884 0.012
0.8193919984572857 16.939 0.014
0.8219919382462648 16.904 0.011
0.8255700536177755 16.941 0.011
0.8259303212184022 16.912 0.012
0.826209120839303 16.911 0.014
0.8298623274230521 16.911 0.012
0.8325374938875938 16.989 0.014
0.838501618481041 16.948 0.013
0.8398857036135268 16.923 0.011
0.8420956950762046 16.944 0.011
0.8503305449406979 16.908 0.014
0.851426304187862 16.974 0.014
0.8540831129629622 16.914 0.014
0.8547692524820376 17.005 0.011
0.8585228058008396 16.903 0.014
0.85957124180768 17.022 0.016
0.8597218491990133 16.98 0.012
0.8648181356410531 16.971 0.012
0.8676969718539111 17.025 0.023
0.8774414516709839 16.95 0.016
0.8849611964650648 16.922 0.013
0.888200319457519 16.959 0.009
0.8886004707118444 16.947 0.014
0.8899248849565082 17.003 0.015
0.8920146841573113 16.96 0.013
0.892056268383294 16.997 0.012
0.8925648437620111 16.919 0.012
0.8932790601869782 16.959 0.014
0.8993055031777657 17.003 0.014
0.9050691464825831 16.987 0.012
0.9058624539024094 17.0 0.013
0.9066412302455773 17.047 0.014
0.9086083442674862 16.961 0.014
0.912384545165787 17.04 0.014
0.9140760865856463 16.976 0.015
0.9157012518852752 16.969 0.012
0.9158044780951058 16.981 0.014
0.9162962615463583 17.003 0.016
0.9168555613099669 16.995 0.015
0.9172930457622441 17.039 0.019
0.9186461745142878 17.01 0.014
0.9195700317678983 17.049 0.015
0.9205048451311995 16.987 0.015
0.9223290813546554 17.029 0.014
0.924596618216492 17.009 0.018
0.9252712985329707 16.977 0.014
0.926836271124921 16.959 0.012
0.927736205797737 16.986 0.012
0.9279874888931317 17.055 0.016
0.929822816740534 17.044 0.014
0.9309269815415973 17.063 0.014
0.9387286368427339 17.027 0.011
0.9411876310686238 16.996 0.012
0.9434700083433198 17.025 0.012
0.9450195027701738 16.981 0.017
0.9480742217303031 17.09 0.022
0.9609534775694555 17.015 0.014
0.9610231775121973 17.03 0.012
0.9614811833515886 17.022 0.018
0.967921903337492 17.069 0.017
0.9697395693891848 17.06 0.013
0.9698156073381141 17.002 0.017
0.9732133377905483 17.053 0.013
0.9752530890199523 17.017 0.014
0.9768149892855945 17.03 0.013
0.9783409282585126 17.008 0.014
0.9789451165883293 17.042 0.012
0.9793734221706473 17.01 0.014
0.9802450478217907 17.012 0.014
0.9904429926954436 17.054 0.014
0.9911703876222419 17.038 0.014
0.9925706661441837 17.091 0.014
0.994695981838413 17.064 0.013
0.9947209090963952 17.043 0.014
0.9971694108400243 17.094 0.015
