0.0006848156062915223 17.012 0.014
0.0007023551793281513 17.02 0.012
0.0010943150596176565 17.005 0.015
0.0014011794010002632 17.002 0.012
0.0022416223792447454 16.993 0.017
0.0030095150211195687 16.995 0.013
0.0033594537603676144 16.992 0.016
0.004073554839578719 17.01 0.011
0.00515887749020294 17.01 0.012
0.00530852105566737 16.994 0.013
0.005658723655415088 17.028 0.018
0.006263286594730744 17.009 0.015
0.007028811546661018 17.011 0.014
0.008124944406972645 17.024 0.014
0.009277471154291561 17.03 0.018
0.010661614184073187 17.039 0.016
0.011885423356943647 17.001 0.018
0.012739567250946493 17.027 0.014
0.013250709696421836 16.993 0.011
0.014121682034442529 17.158 0.021
0.01425515201935923 16.994 0.019
0.014906838293882174 16.993 0.015
0.015205494749807258 17.001 0.014
0.019362329350485652 17.001 0.014
0.02108306459126652 17.004 0.017
0.021171727702949283 17.021 0.012
0.021175077772113582 17.019 0.017
0.021231593764582612 17.013 0.016
0.023901000395881056 17.018 0.013
0.025058033090090248 17.041 0.012
0.025493424109754415 17.029 0.015
0.025787081159478475 17.033 0.017
0.02613049326100736 17.027 0.016
0.026461685155481973 17.022 0.015
0.027285468317643335 17.013 0.014
0.027372083699617633 17.043 0.014
0.028492742298567464 16.991 0.012
0.029153000421956676 17.007 0.015
0.030517292288095632 17.03 0.016
0.030754462571167096 17.019 0.016
0.03091583490549965 17.031 0.012
0.03140115918131414 17.001 0.021
0.03151748026533596 16.971 0.011
0.031960287421497924 17.028 0.013
0.031989338259677425 17.003 0.011
0.03201630743683381 17.015 0.013
0.03248133579927526 17.055 0.018
0.03266026735627747 17.012 0.011
0.03308903869231017 17.02 0.014
0.03432413692121372 17.022 0.015
0.03500526520247149 17.036 0.013
0.03501778807225264 17.011 0.014
0.03522148219008159 17.06 0.012
0.03530733773368411 17.046 0.014
0.03573569135915022 17.062 0.012
0.03583766169992941 17.033 0.013
0.0359523604856804 17.039 0.011
0.03596815297032663 17.032 0.012
0.03599714770962237 17.024 0.012
0.03650184178377458 17.03 0.014
0.03662637562410964 17.021 0.013
0.03733562140541835 17.023 0.013
0.03922989023902801 17.031 0.015
0.042232539012957204 17.035 0.012
0.04250599319493631 17.014 0.012
0.042642094565621846 17.011 0.013
0.04286850367975603 17.022 0.013
0.043590961623067415 17.052 0.014
0.04441496464198735 17.028 0.013
0.04447511186117481 17.04 0.016
0.04641070800448688 17.016 0.013
0.04687799185876429 17.028 0.015
0.046888557525562646 17.025 0.012
0.04688965226841901 17.017 0.016
0.046974041550129186 17.031 0.014
0.04783270852203714 17.029 0.012
0.04808683926262347 17.014 0.014
0.0480898277196502 17.007 0.012
0.048761066868337366 17.042 0.016
0.052292854670213273 17.03 0.015
0.0526737110888007 17.058 0.016
0.053026604022306856 17.012 0.014
0.05471788986710635 17.052 0.016
0.05553480442949876 17.025 0.014
0.05569695625172244 17.042 0.016
0.05576066852495387 17.039 0.013
0.05725566664659709 17.053 0.012
0.057909876978555985 17.036 0.019
0.05878521602676301 17.032 0.013
0.05879123442673517 17.07 0.013
0.05950112029347565 17.036 0.013
0.05954743962007569 17.012 0.014
0.05975035424978614 17.048 0.017
0.05990665646640991 17.022 0.016
0.05996992147174751 17.058 0.013
0.06255700116389562 17.039 0.016
0.06282681689617675 17.059 0.015
0.0632120055967107 17.053 0.012
0.06356585151775107 17.024 0.013
0.06420666896451621 17.025 0.014
0.06488324746032959 17.029 0.016
0.06545149240287174 17.04 0.017
0.066264986018723 17.043 0.011
0.06644729687036488 17.053 0.019
0.06678286521673726 17.04 0.016
0.06782120880552611 17.023 0.017
0.0679421335872803 17.017 0.012
0.0681381453546237 17.043 0.016
0.06901964942881023 17.027 0.015
0.06948416216414444 17.04 0.012
0.06989845813302509 17.039 0.014
0.07035289143664158 17.015 0.016
0.07104296056786552 17.037 0.014
0.07127020526922934 17.025 0.017
0.07130681399962668 17.04 0.013
0.07156885685435554 17.045 0.013
0.07345305364560772 17.06 0.017
0.0735129857136485 17.052 0.015
0.07363116658098079 17.032 0.013
0.07474686457618418 17.061 0.014
0.07505388293293436 17.042 0.012
0.0751214266392708 17.028 0.018
0.07553854495495216 17.036 0.012
0.0764333807787807 17.057 0.016
0.07742715229460373 17.059 0.016
0.07787579679688861 17.049 0.012
0.07789246400204775 17.041 0.014
0.0784376056290057 17.031 0.012
0.07853161749835635 17.03 0.018
0.0787438785946506 17.041 0.014
0.07901652137923065 17.057 0.017
0.07951380670601793 17.038 0.018
0.08014143164041343 17.056 0.017
0.0802835173137737 17.028 0.014
0.08065177998514628 17.048 0.012
0.08125677541306686 17.042 0.013
0.08137341678866505 17.021 0.013
0.08181510216331844 17.035 0.013
0.08448212884468376 17.052 0.014
0.08460245250876142 17.062 0.013
0.08554382516285841 17.043 0.017
0.0860786574287431 17.031 0.014
0.08646004425281717 17.058 0.014
0.08663944978525251 17.052 0.017
0.08702801072195143 17.068 0.013
0.08704142812757709 17.044 0.012
0.08736913794024304 17.043 0.014
0.08845086882911346 17.063 0.018
0.08856661818708744 17.059 0.014
0.0890312337096475 17.083 0.014
0.08969473676165762 17.073 0.014
0.09023942625003656 17.068 0.015
0.0905509357748997 17.066 0.016
0.09078990924524533 17.046 0.011
0.09094094080546711 17.04 0.01
0.09103307609211697 17.019 0.013
0.09109853058225781 17.057 0.016
0.09116978596898662 17.061 0.014
0.09160907678096919 17.076 0.014
0.0916611970037593 17.076 0.015
0.09211550803593127 17.069 0.02
0.09220257068591309 17.034 0.02
0.09243583865827532 17.091 0.013
0.09258945289366238 17.053 0.013
0.09560615664008765 17.067 0.015
0.09765759518722916 17.031 0.016
0.09777618637599517 17.077 0.014
0.09783807329415595 17.057 0.016
0.09810333185191666 17.044 0.013
0.09813929562551493 17.067 0.014
0.09949473464985203 17.043 0.019
0.09963564496138133 17.102 0.019
0.1008044895625062 17.054 0.015
0.10117266909560385 17.063 0.014
0.10172114853094172 17.066 0.013
0.10218202768726314 17.065 0.012
0.10248947366244465 17.055 0.022
0.10261909743576325 17.08 0.012
0.10263554226594351 17.05 0.013
0.10351260875285107 17.031 0.02
0.1037081048930304 17.061 0.016
0.10542644540521451 17.042 0.013
0.1054685642975528 17.073 0.017
0.10582282070572546 17.036 0.013
0.10652440613876024 17.063 0.017
0.10739711095243365 17.077 0.014
0.10899750775024586 17.043 0.023
0.11033988862823207 17.041 0.013
0.11092951683735919 17.052 0.015
0.1119405615472715 17.051 0.015
0.11280639524238723 17.066 0.016
0.11407963682313493 17.054 0.013
0.11409702725131865 17.063 0.012
0.11468573186471076 17.073 0.018
0.11708185546058303 17.054 0.013
0.11863250459623487 17.072 0.014
0.11872897955345252 17.066 0.012
0.11881336648275465 17.061 0.016
0.11882547903132945 17.04 0.012
0.11933442712052056 17.07 0.012
0.12022316879563277 17.079 0.016
0.1204497856715534 17.043 0.015
0.12051575578925622 17.101 0.015
0.12094672148168684 17.057 0.012
0.12145574044848217 17.072 0.016
0.12178055484969263 17.048 0.019
0.12236918119606344 17.096 0.011
0.12252830307556906 17.071 0.019
0.12455488131081438 17.069 0.016
0.12477799393741407 17.052 0.02
0.124906965365426 17.075 0.012
0.1250243983231485 17.096 0.016
0.12543774382288575 17.073 0.013
0.1255069736475889 17.072 0.015
0.12655867602461512 17.064 0.013
0.1270657572727032 17.073 0.012
0.1286056795024706 17.078 0.018
0.12885453219746523 17.059 0.013
0.12894659912444695 17.071 0.017
0.12910710160940653 17.076 0.014
0.1291406657837797 17.074 0.012
0.12965853272112327 17.084 0.015
0.13021954006308079 17.078 0.013
0.13078922909994617 17.071 0.014
0.13109900363110683 17.069 0.013
0.1311037905700232 17.08 0.012
0.13194889351007077 17.068 0.011
0.13250641877061753 17.069 0.017
0.1326403699547427 17.061 0.017
0.1327656491862399 17.084 0.014
0.1328289141915775 17.028 0.015
0.13297159124067548 17.085 0.017
0.13349778816882463 17.087 0.015
0.13417937345957398 17.082 0.017
0.13538220985310545 17.061 0.014
0.13551232221470855 17.078 0.016
0.135630781556074 17.091 0.019
0.1362045563105312 17.083 0.011
0.1365495907107288 17.049 0.014
0.13763745958669915 17.081 0.012
0.1376720550151731 17.082 0.018
0.1383015687929401 17.072 0.015
0.13843074042779335 17.051 0.017
0.13927730711156983 17.061 0.011
0.13935921130314455 17.07 0.012
0.13948673124787092 17.093 0.015
0.14063142162922304 17.084 0.012
0.14066643241585552 17.083 0.013
0.14150661405119536 17.085 0.011
0.14212276904061127 17.113 0.015
0.14300587609523063 17.084 0.019
0.1445439118340346 17.07 0.015
0.14475846974249862 17.064 0.012
0.14559415785697638 17.067 0.015
0.14616908345306 17.075 0.014
0.1466915443461403 17.05 0.016
0.1486792410628368 17.061 0.015
0.14929859966059666 17.113 0.018
0.14962234132099184 17.036 0.014
0.14990918099942974 17.082 0.019
0.15022751041442461 17.091 0.018
0.1502785261527606 17.073 0.01
0.15128246510948884 17.058 0.016
0.15136214823769478 17.232 0.018
0.1515353056058757 17.066 0.012
0.15445814662734847 17.064 0.015
0.1555435060581658 17.085 0.015
0.15563693142325974 17.101 0.015
0.1556810028127984 17.085 0.015
0.15572731475026558 17.081 0.016
0.15622477105807775 17.09 0.018
0.15706122388223775 17.067 0.012
0.15714856987688108 17.074 0.016
0.15728412152316196 17.08 0.01
0.15814721617516625 17.097 0.013
0.159546440560689 17.091 0.019
0.15955643702000089 17.097 0.014
0.159584769505841 17.078 0.017
0.15976281156372352 17.084 0.016
0.16082019037867212 17.079 0.011
0.16104054431229997 17.093 0.013
0.1617635813713605 17.069 0.012
0.16205464835684324 17.093 0.017
0.1620983969369263 17.092 0.011
0.16296634688706035 17.07 0.017
0.16326521110522663 17.06 0.018
0.1634513999124465 17.082 0.013
0.1639819974815282 17.082 0.017
0.16490706941306144 17.121 0.011
0.16527922700561248 17.088 0.014
0.1656358390087007 17.057 0.011
0.16565874211755727 17.109 0.014
0.16637284067905966 17.081 0.012
0.166901153696017 17.08 0.017
0.16701830330930534 17.082 0.014
0.1680172232104269 17.071 0.013
0.16964624574671916 17.107 0.013
0.16984103814752416 17.056 0.018
0.16990142000167907 17.081 0.017
0.17032599342201138 17.031 0.015
0.17391893988224183 17.104 0.014
0.17528714144827973 17.09 0.014
0.17554309015440595 17.08 0.014
0.17594044044471957 17.071 0.014
0.1765179487158548 17.089 0.019
0.17747809979312024 17.094 0.015
0.1778987001907808 17.06 0.013
0.1797032944732564 17.101 0.012
0.1800815730875911 17.103 0.014
0.18016260004060314 17.104 0.016
0.18043131615968377 17.083 0.015
0.18114935868334214 17.082 0.015
0.18153794632769404 17.092 0.014
0.18154601245760205 17.102 0.017
0.18182199321609005 17.089 0.019
0.18239285022582408 17.093 0.014
0.1824688142845048 17.102 0.015
0.18281518796948149 17.097 0.014
0.1832504224553304 17.094 0.013
0.18332421180753045 17.117 0.012
0.1837180679208359 17.089 0.013
0.1837953417079916 17.068 0.017
0.1838012060920846 17.093 0.013
0.18415684058754778 17.121 0.018
0.18521522361788811 17.077 0.015
0.18575491857154702 17.059 0.015
0.18577853751412476 17.085 0.015
0.18604342219987302 17.104 0.013
0.18668578652795986 17.108 0.016
0.18832269430549786 17.068 0.01
0.1904207429129201 17.112 0.012
0.19088285604857447 17.093 0.013
0.1912334985272537 17.111 0.016
0.19267206346262356 17.054 0.013
0.19268983767051395 17.063 0.014
0.1932435949856881 17.093 0.012
0.19366470613886122 17.086 0.016
0.19408268204415435 17.072 0.012
0.19426377369472903 17.094 0.012
0.19497968283235423 17.092 0.013
0.19599797505088645 17.097 0.012
0.19634251347315512 17.07 0.018
0.19691918867601998 17.107 0.016
0.19742857664391522 17.048 0.019
0.19888514555123038 17.098 0.014
0.19902318480581016 17.096 0.013
0.20074308412830533 17.108 0.015
0.2022165451339788 17.081 0.014
0.20307590593756686 17.098 0.012
0.2031249913461579 17.105 0.015
0.2039770460244199 17.091 0.02
0.20401758410434923 17.074 0.013
0.2044742727339326 17.083 0.014
0.20450296934973267 17.086 0.017
0.20820365059717005 17.099 0.011
0.20886991721317827 17.091 0.015
0.20898247051815133 17.102 0.018
0.21038249639377682 17.089 0.012
0.21088734448358082 17.097 0.011
0.2117955535428564 17.109 0.018
0.21191415951034287 17.062 0.012
0.21199268692589612 17.077 0.013
0.21346228710672221 17.098 0.015
0.21487449389042013 17.105 0.012
0.21489079948378276 17.136 0.016
0.21517387121684806 17.105 0.019
0.21540258453273964 17.098 0.013
0.21704704533112817 17.113 0.013
0.2170785129003434 17.098 0.014
0.21729682649322513 17.142 0.013
0.21730497576118069 17.109 0.021
0.2175270866905521 17.078 0.015
0.21878929568583771 17.103 0.014
0.21930709174580443 17.096 0.016
0.2200712238320648 17.076 0.018
0.22045389821641947 17.085 0.018
0.221049635352756 17.094 0.012
0.22184348304881496 17.097 0.016
0.22210553816421452 17.072 0.021
0.2234453825581113 17.081 0.012
0.2241246488692923 17.09 0.013
0.2246098826171874 17.105 0.018
0.22560221978164918 17.105 0.013
0.22590131124502477 17.091 0.014
0.22631234028312974 17.08 0.015
0.2263226274765202 17.124 0.014
0.22713895805236461 17.11 0.015
0.2286561970299772 17.094 0.014
0.22914172638309083 17.116 0.011
0.22969514425449233 17.098 0.012
0.23025794991281145 17.07 0.013
0.23072212068609588 17.075 0.011
0.23074864981890642 17.097 0.013
0.23205428021128682 17.115 0.019
0.23212215143257708 17.103 0.014
0.23264051686601306 17.09 0.017
0.23305329063941826 17.107 0.013
0.23354004171198994 17.111 0.012
0.23363987664515662 17.083 0.012
0.2343196218025696 17.089 0.015
0.23556074078419442 17.114 0.015
0.2365239340649623 17.089 0.014
0.23669950329303902 17.07 0.013
0.23691604057148652 17.103 0.014
0.23758701837823537 17.092 0.012
0.23952780203944712 17.105 0.015
0.23984562321675185 17.107 0.013
0.24102133641770251 17.146 0.02
0.24121498049498769 17.087 0.013
0.24172501593784546 17.104 0.019
0.24300433688836165 17.097 0.015
0.24302275369996096 17.098 0.013
0.2433988208268829 17.107 0.016
0.24388169914573155 17.102 0.012
0.2440630009105007 17.09 0.015
0.24448902581434595 17.113 0.015
0.24520088366216442 17.083 0.017
0.24547012027937853 17.054 0.012
0.24616465605822668 17.119 0.016
0.24640105911385035 17.108 0.017
0.2502974293192324 17.13 0.018
0.2508002565523384 17.098 0.012
0.25166753198891456 17.095 0.014
0.2524175160572213 17.104 0.015
0.25245369481626767 17.081 0.019
0.2536845852218903 17.1 0.013
0.253822257993761 17.116 0.012
0.2550347315882391 17.062 0.01
0.25547150556576526 17.092 0.015
0.25548235961423416 17.103 0.015
0.2562207393717131 17.12 0.016
0.2563256031025958 17.084 0.02
0.25681511303355364 17.117 0.015
0.25806514599253205 17.105 0.013
0.2587517036504323 17.113 0.014
0.2588886506810013 17.095 0.013
0.25892887585905555 17.125 0.014
0.2591050974326663 17.117 0.015
0.26148615428519406 17.109 0.019
0.2620302720474683 17.104 0.019
0.2625987467545201 17.057 0.018
0.2630043193764777 17.11 0.015
0.26343978362638154 17.075 0.012
0.26359786938053276 17.093 0.013
0.2651415058085149 17.082 0.014
0.2658406085047318 17.093 0.015
0.26599429109955963 17.11 0.013
0.26642785424542126 17.104 0.011
0.2664852622556282 17.086 0.014
0.2678783290041338 17.098 0.014
0.26789595171521796 17.12 0.018
0.2680757897364856 17.101 0.015
0.2682380393096082 17.095 0.012
0.2691983076216502 17.097 0.014
0.2695442340389036 17.105 0.015
0.26959686988880094 17.08 0.015
0.2699502710602246 17.117 0.012
0.27011467333795736 17.069 0.015
0.27034757230927653 17.121 0.013
0.2712554078279936 17.106 0.016
0.2717230237363992 17.084 0.019
0.2721887875823086 17.063 0.013
0.2739786646388893 17.093 0.014
0.27460710332343297 17.098 0.015
0.2759314142230096 17.11 0.017
0.27605597510182633 17.074 0.014
0.2767033900640854 17.138 0.017
0.2772952052405344 17.103 0.021
0.2778199678164128 17.095 0.014
0.2780893436704446 17.094 0.015
0.28058853973880105 17.095 0.014
0.28090794911759076 17.089 0.018
0.2818455392134638 17.077 0.013
0.2825286344395863 17.106 0.014
0.2838133140548962 17.126 0.02
0.2840742841694919 17.111 0.021
0.28438461833229667 17.084 0.012
0.2846072374995856 17.117 0.017
0.2856690730545779 17.126 0.014
0.286039864654299 17.095 0.017
0.28776595117096804 17.12 0.017
0.2878537493043041 17.141 0.023
0.2882655527937459 17.105 0.016
0.28916844013429 17.098 0.014
0.2913718042802884 17.115 0.016
0.292187912481495 17.14 0.013
0.292408860309024 17.105 0.014
0.2930490351518529 17.103 0.017
0.29316153958188806 17.103 0.015
0.29334311982051986 17.103 0.017
0.2946056343289456 17.108 0.015
0.2948774781416432 17.122 0.014
0.2952089632883599 17.11 0.016
0.2957103927847129 17.102 0.017
0.2962744520718843 17.101 0.018
0.29660818767388264 17.128 0.016
0.2981824779205908 17.098 0.015
0.2990919553872118 17.107 0.014
0.30148299879169826 17.086 0.016
0.30163450919826573 17.134 0.012
0.3026936863298033 17.125 0.016
0.30348317722337015 17.102 0.015
0.30388868383920453 17.088 0.013
0.30401226469194853 17.127 0.016
0.3042596954610417 17.097 0.018
0.3046122951423058 17.107 0.017
0.30468746258179635 17.146 0.019
0.3055227108179679 17.141 0.017
0.3059086449095503 17.12 0.016
0.30752969436116473 17.126 0.014
0.30947243522558665 17.104 0.013
0.31094293716569155 17.152 0.017
0.3129740552790281 17.081 0.013
0.31300783695678547 17.134 0.016
0.3131332455175766 17.107 0.016
0.3134716996989937 17.142 0.014
0.31398014206888547 17.127 0.015
0.3142263924391955 17.105 0.014
0.3162907302462372 17.108 0.017
0.3168257922761768 17.126 0.015
0.31698446940595204 17.109 0.019
0.31704739983865693 17.12 0.015
0.31719926446749014 17.121 0.021
0.31728234905813224 17.11 0.014
0.31782702863881696 17.105 0.017
0.31892841031867647 17.142 0.018
0.31964600557421363 17.097 0.017
0.31973557515084394 17.174 0.017
0.3207315457286768 17.089 0.016
0.3208878966549946 17.097 0.019
0.32163347269261067 17.112 0.017
0.3218737046631759 17.127 0.014
0.32267704545165543 17.103 0.016
0.32412455375583704 17.114 0.016
0.32420140244266804 17.151 0.016
0.32441668609226326 17.123 0.02
0.3251952300577159 17.11 0.012
0.325413431286961 17.127 0.014
0.3277634653200039 17.099 0.01
0.32858433829233036 17.133 0.018
0.3289007493065128 17.131 0.014
0.32913890196846296 17.109 0.018
0.32953283383085363 17.151 0.013
0.33040147744685555 17.128 0.013
0.3318471751742891 17.096 0.019
0.3318974725600583 17.146 0.016
0.33296003385692075 17.127 0.014
0.3329769382153245 17.147 0.011
0.33414511569219485 17.105 0.012
0.3342035672167185 17.14 0.016
0.3347986370631588 17.15 0.02
0.33560110548410194 17.132 0.011
0.3357149270309492 17.097 0.012
0.3360235873356032 17.132 0.015
0.33728769256413216 17.114 0.012
0.33739787566128143 17.119 0.013
0.3375627178170362 17.13 0.014
0.338445448481707 17.105 0.012
0.339063377597995 17.14 0.016
0.34042234002481564 17.132 0.014
0.34138312396396486 17.115 0.011
0.34156393697514886 17.152 0.019
0.342030260452475 17.12 0.014
0.34511534365810803 17.124 0.02
0.3457489186330349 17.101 0.02
0.34597066543256005 17.146 0.02
0.3460824515100285 17.137 0.021
0.34673139118581275 17.129 0.02
0.34798583956398943 17.165 0.016
0.34866624210349073 17.164 0.017
0.3497779719466507 17.125 0.014
0.35085265318139136 17.136 0.015
0.3522716504633081 17.149 0.015
0.3531399546359353 17.131 0.014
0.3532828369284289 17.118 0.014
0.35457303644807325 17.132 0.015
0.3547618690663512 17.128 0.017
0.3549520211545314 17.139 0.016
0.3554882120236016 17.143 0.012
0.355795809495703 17.114 0.02
0.35664061918350853 17.114 0.014
0.35704519246132804 17.144 0.013
0.3586887882815972 17.143 0.014
0.35953967985778945 17.136 0.017
0.3597040821352948 17.117 0.016
0.3601107691497418 17.139 0.015
0.36103907374933897 17.138 0.021
0.3614498951915266 17.136 0.013
0.361581400419027 17.149 0.014
0.3616251711669065 17.124 0.015
0.36185048553898014 17.133 0.019
0.36186737024763715 17.133 0.017
0.36206569344017225 17.16 0.014
0.3627257340597225 17.126 0.02
0.3630390346772856 17.149 0.014
0.36387355717170067 17.136 0.014
0.36417136090972235 17.146 0.014
0.36539041975879627 17.145 0.015
0.36656994272243537 17.134 0.021
0.3668198582499258 17.178 0.016
0.3674270676838205 17.164 0.015
0.36912532743417614 17.144 0.013
0.3694800699119014 17.152 0.019
0.3700971291791575 17.143 0.014
0.3703835435916858 17.138 0.016
0.3704461001523214 17.19 0.016
0.370743317551387 17.15 0.016
0.3707550537096722 17.138 0.013
0.370790946606121 17.17 0.019
0.3714808494614772 17.143 0.013
0.372530572467781 17.141 0.015
0.3726673093838144 17.186 0.013
0.37293434677371806 17.144 0.017
0.37314051372140966 17.142 0.011
0.3732215480637251 17.142 0.013
0.37330354278265077 17.16 0.013
0.37367868883211486 17.147 0.014
0.3736840449787451 17.153 0.014
0.3737409642350258 17.172 0.014
0.3741095030272845 17.185 0.017
0.3750520290411714 17.172 0.012
0.3754021631161777 17.181 0.02
0.37550633033151826 17.147 0.015
0.37603311124598804 17.164 0.018
0.3769629675980468 17.171 0.016
0.3770521389478745 17.19 0.018
0.37711571198451566 17.162 0.013
0.3772350411750267 17.151 0.016
0.37774305105540407 17.17 0.022
0.3786884823884975 17.157 0.016
0.3788463654173029 17.19 0.015
0.3789221754607297 17.155 0.013
0.38032501377557537 17.147 0.013
0.3820269242355607 17.168 0.018
0.3830285247286156 17.185 0.015
0.38511320715861075 17.147 0.016
0.3864219578556458 17.188 0.018
0.38655156197955876 17.198 0.016
0.38673918513904937 17.176 0.02
0.38697449596975275 17.162 0.015
0.387089605242636 17.168 0.017
0.3871629693292107 17.164 0.017
0.38770165032474324 17.172 0.017
0.3877729740711402 17.185 0.014
0.3881478342577793 17.161 0.012
0.38884940978323357 17.178 0.015
0.38914594527921054 17.203 0.019
0.38919980771919427 17.174 0.017
0.3908601490111323 17.18 0.015
0.39154997847077766 17.177 0.014
0.39371309795501475 17.174 0.017
0.3939202204078356 17.187 0.013
0.3940462569596548 17.175 0.016
0.39445708562521986 17.159 0.01
0.39612909219795256 17.193 0.017
0.3961926603633401 17.206 0.025
0.3964213859389929 17.166 0.016
0.39669030226514224 17.151 0.017
0.39696324820965856 17.183 0.017
0.39702464653964853 17.169 0.016
0.39789482477681304 17.199 0.014
0.39827076005622075 17.17 0.016
0.39847113836822246 17.189 0.014
0.3987075266447846 17.17 0.017
0.3991898819472226 17.18 0.017
0.3998205516031703 17.198 0.014
0.3998961392715614 17.182 0.02
0.4008829711445969 17.179 0.017
0.4014772494084582 17.184 0.016
0.4022404530278436 17.117 0.011
0.4035695093803042 17.193 0.018
0.403690998663933 17.167 0.02
0.4041500843754875 17.193 0.017
0.40438225760499336 17.184 0.016
0.4049171755268617 17.187 0.016
0.4052637542897628 17.162 0.016
0.40698470703455314 17.187 0.015
0.4070008537416925 17.18 0.015
0.407527703015262 17.171 0.018
0.4089513748729132 17.693 0.025
0.4090161061399158 17.199 0.016
0.4119997052407598 17.2 0.016
0.41202165771460386 17.172 0.016
0.4141253434606824 17.197 0.015
0.41428367862909 17.176 0.022
0.4148082920602292 17.19 0.016
0.4158038057937574 17.161 0.017
0.41622766825094004 17.195 0.015
0.41652961380577835 17.161 0.017
0.4175317102758527 17.179 0.017
0.41775644553217717 17.142 0.019
0.4177895526968314 17.202 0.019
0.4180885049236167 17.199 0.013
0.4183512710018249 17.178 0.016
0.4183928329466653 17.188 0.015
0.418592390118647 17.202 0.012
0.41906945276264196 17.185 0.015
0.4195907309042468 17.196 0.017
0.4202798396588605 17.195 0.017
0.42120244614989133 17.176 0.016
0.42261543242148036 17.205 0.019
0.42335702552873045 17.167 0.015
0.4242071791031776 17.15 0.013
0.42468244343081096 17.143 0.013
0.4246888943198428 17.183 0.013
0.42490506259764516 17.175 0.016
0.42649043413916843 17.196 0.018
0.4265489295023599 17.173 0.014
0.42701273614557067 17.206 0.016
0.42777291939830775 17.194 0.022
0.4278817390209042 17.158 0.018
0.4279631694030286 17.168 0.017
0.4281459811027162 17.192 0.013
0.42880348792232326 17.203 0.017
0.4288172521612523 17.18 0.017
0.42909692998728133 17.182 0.015
0.4292254541469447 17.177 0.015
0.4292261724997388 17.14 0.018
0.4293680431874236 17.194 0.02
0.42949786968620174 17.159 0.016
0.4296951886633451 17.194 0.017
0.4305487705730684 17.183 0.013
0.4312914265130985 17.173 0.016
0.43155487684691707 17.197 0.014
0.4318500612939715 17.194 0.017
0.433879244207219 17.186 0.015
0.4339227900620699 17.171 0.015
0.4347193304445227 17.156 0.015
0.4348728128325092 17.147 0.024
0.43520978849198855 17.151 0.016
0.43613429121569425 17.189 0.018
0.4368245336806922 17.181 0.019
0.43698235322108303 17.134 0.014
0.4371281262201592 17.196 0.016
0.4375640278303763 17.155 0.015
0.4377510399640414 17.165 0.014
0.43775336868611703 17.181 0.017
0.437841012804256 17.165 0.016
0.43801832912049576 17.183 0.016
0.4387217837474964 17.162 0.013
0.4389794037936099 17.136 0.016
0.43981855921128954 17.163 0.014
0.4415061553779651 17.154 0.015
0.442075355826546 17.139 0.019
0.4422084420320971 17.165 0.015
0.4425936114143951 17.157 0.015
0.44280662983055663 17.17 0.018
0.44460354663374346 17.133 0.013
0.4449627364413118 17.146 0.02
0.4450801793068422 17.164 0.018
0.44539943467043486 17.152 0.019
0.4458604752312567 17.151 0.016
0.44662336107808187 17.178 0.017
0.4474556134678096 17.164 0.014
0.447556396517939 17.132 0.015
0.4484849918514442 17.159 0.018
0.44875540634893696 17.15 0.014
0.4493269281301764 17.141 0.011
0.4493722845616617 17.122 0.016
0.44957324937786325 17.142 0.013
0.44992301209958896 17.132 0.013
0.4513213641173479 17.104 0.018
0.4518329415700464 17.131 0.015
0.45311819778271456 17.121 0.014
0.45357663601907916 17.13 0.018
0.4542238309589379 17.115 0.013
0.4545266220081885 17.093 0.012
0.4561447807539025 17.127 0.017
0.4561539757230548 17.026 0.015
0.4573217329709678 17.134 0.017
0.4574984775613302 17.132 0.017
0.4577824290518038 17.117 0.017
0.4580242566128163 17.115 0.013
0.4582855614660275 17.097 0.016
0.45906616542151824 17.113 0.021
0.4593981050597904 17.094 0.015
0.45955873955790594 17.104 0.014
0.4598465248343473 17.085 0.013
0.4609986899698697 17.105 0.015
0.46172716631326693 17.103 0.017
0.4623916248710884 17.088 0.014
0.4639740910929504 17.082 0.013
0.46752151971668354 17.088 0.015
0.4677210085292245 17.052 0.017
0.468756774313988 17.079 0.013
0.46906490421298486 17.085 0.018
0.46925007906293104 17.042 0.015
0.46962671556320856 17.064 0.019
0.469902701027479 17.065 0.016
0.4699058923752091 17.063 0.013
0.4702729308087328 17.09 0.014
0.47076360384153304 17.061 0.018
0.47102262414273355 17.112 0.013
0.4720020324898542 17.041 0.014
0.47203857286058337 17.068 0.013
0.47376805580279324 17.029 0.015
0.4769565830006286 17.027 0.015
0.478187761787467 17.018 0.013
0.4794833198062065 17.04 0.014
0.4804653062883517 17.055 0.014
0.4810434133250965 17.039 0.014
0.48116621233748447 17.002 0.014
0.4814326168655043 17.027 0.012
0.4820806841735248 17.03 0.017
0.4822658931204842 17.032 0.014
0.4825455781699475 17.008 0.014
0.48322785242157806 16.977 0.017
0.4835076866156669 16.994 0.016
0.4843907568895247 16.996 0.014
0.48450384043439954 17.026 0.017
0.48499613609737935 16.984 0.009
0.48499933954008156 17.02 0.017
0.48717116523903314 16.986 0.01
0.4871737553035018 17.01 0.022
0.48782777265228106 17.002 0.012
0.48862356780909977 16.998 0.013
0.48996127427744796 16.987 0.019
0.4904248926426362 16.986 0.019
0.4911213270069652 16.998 0.015
0.4915248228389828 16.982 0.016
0.491526858308589 17.001 0.013
0.4931553799960966 16.98 0.016
0.4935590760355808 16.995 0.014
0.49374777428784 16.971 0.012
0.4946244449004098 16.984 0.015
0.49563579025198123 16.969 0.016
0.49593031228050677 16.965 0.013
0.4967575775247042 16.963 0.014
0.4977109992387341 16.95 0.016
0.4982439451796381 16.962 0.014
0.49951130020735945 16.937 0.016
0.49962177655697815 16.947 0.012
0.49996843358712795 16.962 0.02
0.5010366442825216 16.951 0.013
0.5017663398267587 16.936 0.016
0.5031637462464005 16.916 0.013
0.5049753999251152 16.912 0.01
0.5050247491947175 16.932 0.013
0.5078294850975453 16.937 0.013
0.5079494081819576 16.907 0.011
0.5083912475729448 16.926 0.015
0.5088056632944244 16.919 0.014
0.5091821825603802 16.91 0.012
0.5094235653722308 16.907 0.011
0.5099455815156944 16.89 0.011
0.5101899455607963 16.919 0.01
0.5102144565212257 16.915 0.015
0.5102977487081262 16.921 0.012
0.5103013626371649 16.89 0.011
0.5108701525987271 16.908 0.018
0.5111308709471132 16.899 0.01
0.512007805586336 16.915 0.01
0.5120089077181547 16.858 0.016
0.5121460403424862 16.895 0.016
0.5124726238341282 16.858 0.013
0.5146253094985695 16.858 0.01
0.5148415609141921 16.884 0.011
0.5151647185889487 16.823 0.011
0.515483973952314 16.851 0.011
0.5166280926077889 16.848 0.012
0.517731485236709 16.86 0.011
0.5180292718432611 16.848 0.012
0.5180891526831601 16.808 0.01
0.5199555630064197 16.834 0.012
0.5200264764307576 16.855 0.016
0.5204055516646804 16.835 0.013
0.5204552625455108 16.8 0.011
0.5208354714895904 16.837 0.016
0.5226353644893607 16.824 0.014
0.5226921933845006 16.822 0.012
0.5228227456245804 16.815 0.013
0.5236676114113834 16.821 0.017
0.5245305594373804 16.837 0.009
0.524635889754336 16.81 0.011
0.5246818326905895 16.778 0.012
0.5248814926499108 16.766 0.012
0.5250523532058651 16.807 0.013
0.5255879112135062 16.783 0.011
0.52565787165031 16.788 0.009
0.5262465811351831 16.777 0.013
0.5268712785823482 16.783 0.011
0.5269965652028077 16.757 0.014
0.5271738766482486 16.732 0.012
0.5272736185363556 16.766 0.012
0.529245510673718 16.733 0.014
0.5292960720862538 16.772 0.014
0.5298503156370771 16.747 0.012
0.5304505414233063 16.72 0.013
0.5306433692321662 16.751 0.013
0.5309010015382682 16.742 0.011
0.5316200482775457 16.736 0.009
0.5329759124019802 16.722 0.011
0.5331263354555631 16.725 0.012
0.5334783486318884 16.728 0.013
0.5335637421292745 16.723 0.012
0.5337971518567883 16.716 0.012
0.5343742718089288 16.728 0.011
0.5344240609570079 16.69 0.011
0.5349233767167334 16.686 0.015
0.5351331575939184 16.673 0.014
0.5353874692232239 16.719 0.01
0.5365274657110604 16.716 0.013
0.5367030250317839 16.715 0.015
0.537908779004681 16.676 0.012
0.5384071639450667 16.68 0.011
0.538519020899912 16.674 0.012
0.539378672437806 16.667 0.009
0.5396538320567288 16.716 0.012
0.5407525991513467 16.705 0.016
0.541470920149095 16.678 0.011
0.5414886673181627 16.694 0.012
0.5425748771147028 16.703 0.009
0.5435459898990302 16.688 0.011
0.5439423455500219 16.679 0.012
0.5447087403515525 16.652 0.011
0.5457802865030317 16.685 0.01
0.5462896670815098 16.659 0.01
0.5462929487907786 16.665 0.009
0.5481813411452094 16.672 0.011
0.5484852927779684 16.677 0.009
0.5487059693555238 16.657 0.01
0.5489690164258718 16.664 0.01
0.5504410943074163 16.663 0.011
0.5535424073578952 16.657 0.011
0.5535609659248166 16.654 0.01
0.5535838812938891 16.656 0.013
0.5548814601693266 16.646 0.011
0.5554012404707009 16.659 0.015
0.5555383169962624 16.669 0.013
0.5561729645457945 16.669 0.009
0.5586859445020309 16.643 0.011
0.5590449802941748 16.625 0.011
0.5590502729528453 16.653 0.01
0.560377161987617 16.681 0.013
0.5607465533322511 16.628 0.013
0.5609153369326805 16.649 0.011
0.5622194352222323 16.657 0.012
0.5623098405512792 16.652 0.013
0.5623563113749697 16.652 0.011
0.5627381867875556 16.653 0.01
0.5628790384814693 16.627 0.014
0.5628838302914119 16.655 0.01
0.5646186791223045 16.626 0.009
0.5650321541172616 16.645 0.012
0.5650855988465082 16.648 0.01
0.5662570481249531 16.658 0.01
0.5666546673123776 16.636 0.009
0.5669477255974584 16.649 0.011
0.5673150769330277 16.651 0.011
0.5675327282726812 16.65 0.015
0.5681153509976866 16.661 0.014
0.5684011253247263 16.644 0.011
0.5701303101436679 16.658 0.013
0.5708289193803466 16.649 0.013
0.570917860965892 16.633 0.009
0.5717336807856555 16.639 0.01
0.5720255198698396 16.647 0.011
0.5727854466510962 16.653 0.011
0.5733890762526244 16.642 0.015
0.5734952764189529 16.638 0.013
0.5745427000949235 16.638 0.01
0.5749828829243597 16.659 0.011
0.5758432602037828 16.664 0.013
0.5764650965020337 16.655 0.011
0.5766194143114944 16.657 0.012
0.5772179884074831 16.632 0.009
0.5779078961340929 16.616 0.008
0.5790193107227424 16.651 0.01
0.5790668591578196 16.639 0.011
0.5798708719416936 16.658 0.013
0.5810804450875366 16.632 0.011
0.5814528470568803 16.64 0.01
0.5824084066971409 16.66 0.013
0.5827943530487119 16.645 0.01
0.5842577295861702 16.617 0.011
0.585061368497918 16.688 0.009
0.585342487899652 16.641 0.011
0.5854157787557597 16.639 0.011
0.5861261167613065 16.654 0.011
0.5866590675730095 16.654 0.009
0.588203197460416 16.629 0.011
0.588206117558002 16.684 0.011
0.5898709229795713 16.649 0.011
0.5899290664731325 16.653 0.009
0.5901112332167031 16.646 0.01
0.5913809169665001 16.663 0.011
0.5924339265532126 16.643 0.011
0.5932418293878072 16.654 0.013
0.5933009013482433 16.657 0.012
0.5933398438369295 16.66 0.012
0.5933694811799342 16.676 0.011
0.5937049615173464 16.648 0.01
0.5942180833335442 16.675 0.012
0.594794526253736 16.654 0.011
0.5964053348689049 16.657 0.01
0.5964488417562279 16.659 0.011
0.5968218618090759 16.65 0.01
0.5983734738397288 16.661 0.01
0.598953029841141 16.647 0.013
0.5991727534312759 16.671 0.01
0.6006567166157311 16.679 0.01
0.600972419185382 16.659 0.013
0.6010072660487822 16.685 0.012
0.6014910216063072 16.678 0.011
0.6020618885236217 16.666 0.009
0.6024864448125982 16.677 0.01
0.6034815554485249 16.66 0.011
0.6039645730038501 16.675 0.012
0.6041500579062813 16.676 0.009
0.6043684156693416 16.663 0.012
0.6063941702466309 16.684 0.01
0.6066173660108234 16.676 0.013
0.6075851922148559 16.672 0.012
0.6077697583924078 16.689 0.011
0.6104540313940561 16.679 0.013
0.6110203339130749 16.691 0.01
0.6117618364930877 16.685 0.009
0.6120348336658026 16.666 0.013
0.6123299495880019 16.688 0.017
0.6123376467171511 16.694 0.012
0.612800778846804 16.711 0.011
0.6129161079759342 16.684 0.011
0.6136511109575622 16.689 0.009
0.6138108070808812 16.724 0.012
0.61383188231639 16.7 0.016
0.6148018319991024 16.665 0.011
0.6153604323521904 16.685 0.011
0.6159078927935298 16.712 0.013
0.616870502087977 16.722 0.012
0.6172980542232835 16.68 0.01
0.618583681954533 16.7 0.012
0.6192466890292962 16.668 0.011
0.61976109353418 16.694 0.01
0.6200305402658159 16.709 0.009
0.6206351105940939 16.718 0.015
0.6219335106097788 16.705 0.009
0.6227508208801282 16.691 0.01
0.6227952758836182 16.692 0.012
0.6233511346749765 16.723 0.012
0.6238914722321169 16.678 0.011
0.6239160466807334 16.705 0.015
0.6240684195477115 16.707 0.014
0.6244152305930584 16.68 0.012
0.6250936660217121 16.686 0.012
0.6251500573909539 16.699 0.011
0.6257476002326712 16.68 0.012
0.6259476878103669 16.706 0.011
0.6273163950959315 16.704 0.012
0.6275189039440647 16.696 0.013
0.6284129456668097 16.722 0.009
0.6286647918554991 16.729 0.017
0.6290882853118092 16.719 0.011
0.6295627259816001 16.679 0.011
0.6299163446567491 16.722 0.012
0.6300498756122579 16.692 0.009
0.6321824729596983 16.721 0.014
0.6326750593564157 16.732 0.011
0.6343675108209936 16.723 0.011
0.63481210655209 16.726 0.011
0.6348894512161678 16.737 0.011
0.6360181267381222 16.713 0.01
0.6364757782625929 16.711 0.013
0.636978842318058 16.713 0.012
0.6371084026031895 16.724 0.014
0.637268013070809 16.736 0.012
0.6383999069798847 16.725 0.011
0.6385870583505948 16.743 0.012
0.6387283573126297 16.738 0.013
0.6400328953150165 16.729 0.011
0.6405667111051798 16.729 0.011
0.6406616907404441 16.709 0.007
0.6429738721562899 16.717 0.01
0.6433213184159285 16.716 0.01
0.6443086487847722 16.749 0.011
0.6445132811113581 16.729 0.009
0.6448661666556745 16.732 0.016
0.647122313277805 16.746 0.016
0.6475584763957158 16.742 0.011
0.6478948462322478 16.754 0.012
0.6482585320788985 16.754 0.013
0.6489338692058482 16.739 0.011
0.6492416694031817 16.756 0.013
0.6493403165484324 16.747 0.013
0.6494584777663022 16.747 0.015
0.6502723964824781 16.721 0.01
0.6508552219327726 16.728 0.009
0.6514358800657192 16.753 0.013
0.6542905933947623 16.747 0.011
0.6543292229812323 16.734 0.011
0.655399549766571 16.744 0.011
0.6558216626171998 16.704 0.015
0.6559168449778099 16.756 0.01
0.6565148251797837 16.753 0.012
0.6567659943368653 16.76 0.01
0.6590430720862059 16.76 0.012
0.6598104150041308 16.746 0.011
0.6607536544993309 16.758 0.015
0.6619343283041417 16.735 0.015
0.6626406808611591 16.749 0.012
0.6627275943665154 16.758 0.017
0.6629621037077413 16.756 0.013
0.6632872992042849 16.766 0.012
0.6647457497315372 16.739 0.011
0.6660465394388666 16.761 0.015
0.6667138030461501 16.777 0.016
0.666945929918711 16.741 0.015
0.6672123955827374 16.745 0.012
0.6676477083353802 16.763 0.012
0.6679398480609962 16.756 0.01
0.6680032596926821 16.743 0.01
0.6698438152309336 16.75 0.013
0.6704857470699608 16.773 0.01
0.6724835356440053 16.748 0.012
0.6734788122239479 16.759 0.011
0.6746615873391875 16.75 0.012
0.6761904134959877 16.762 0.013
0.6771200499920269 16.759 0.011
0.6777939893813709 16.754 0.013
0.6801384202071858 16.771 0.012
0.6802949103702645 16.771 0.017
0.6802994871945884 16.748 0.015
0.6805408700065527 16.782 0.012
0.6810456398293354 16.764 0.012
0.6826019383645416 16.786 0.013
0.683103959236405 16.779 0.011
0.6833424367293901 16.738 0.016
0.6853107149372022 16.769 0.012
0.6853316583250262 16.78 0.013
0.6869005289368033 16.761 0.011
0.6869248126513412 16.742 0.013
0.6874300075742212 16.794 0.011
0.6885476091915734 16.762 0.012
0.6889037470537005 16.769 0.011
0.689028662155124 16.79 0.011
0.6914900837072082 16.724 0.012
0.6931075046168189 16.773 0.018
0.693495466788363 16.783 0.013
0.6938240125191442 16.782 0.011
0.6938766995972401 16.781 0.012
0.6944126314765526 16.778 0.011
0.6948127844636929 16.788 0.012
0.6960961469618496 16.794 0.013
0.6969686441791509 16.766 0.013
0.6994599623953945 16.779 0.013
0.6994611963750685 16.772 0.013
0.7004030895268443 16.757 0.012
0.7013695986133825 16.768 0.013
0.702390339141175 16.789 0.012
0.703888506443036 16.76 0.018
0.7042774363803801 16.789 0.011
0.7043403594238953 16.795 0.01
0.7046690198712895 16.773 0.009
0.7062952788435268 16.809 0.014
0.7065235522807143 16.808 0.015
0.706893259045728 16.783 0.013
0.707921188464752 16.785 0.013
0.7089949776816411 16.78 0.013
0.7092372525108885 16.794 0.012
0.7103302674191809 16.785 0.013
0.7105005611201705 16.792 0.014
0.7119295059862907 16.792 0.016
0.7121947327998441 16.772 0.014
0.7124900759679349 16.829 0.015
0.7136516023488184 16.774 0.012
0.7137864356427599 16.79 0.011
0.7147961435858292 16.809 0.012
0.7150378466888014 16.822 0.013
0.7151585222227368 16.803 0.014
0.7153845745965555 16.794 0.013
0.7162227135386274 16.812 0.011
0.7169592289733373 16.805 0.011
0.7172754958796759 16.809 0.011
0.7179988871610021 16.807 0.012
0.7186720373208573 16.801 0.011
0.7190226235347836 16.808 0.012
0.7194181850848054 16.819 0.013
0.7195272344711157 16.828 0.014
0.7196675021787087 16.808 0.012
0.7199110647343332 16.857 0.015
0.7218741895203493 16.802 0.013
0.7220794083514193 16.828 0.015
0.7239748281922402 16.792 0.01
0.72420832592843 16.808 0.011
0.7244336132614535 16.82 0.013
0.7247796985652712 16.823 0.018
0.7259476024391915 16.827 0.012
0.7262892478029244 16.796 0.013
0.7280299245685455 16.811 0.014
0.7283693878366648 16.804 0.011
0.7291364032396359 16.833 0.013
0.7299763601477025 16.813 0.013
0.7300549485332795 16.822 0.012
0.7303925303469896 16.8 0.015
0.730664234923097 16.841 0.015
0.7307240522745815 16.831 0.015
0.731057712127722 16.808 0.014
0.7312459021425184 16.82 0.01
0.7314839619243685 16.802 0.01
0.7320414114362848 16.818 0.01
0.7322831731567021 16.775 0.013
0.7327059309636752 16.814 0.011
0.7327995886107601 16.832 0.014
0.7329745078457108 16.843 0.013
0.7338229559836691 16.827 0.013
0.7342205603927141 16.82 0.013
0.7345490987345329 16.814 0.012
0.7377210905742686 16.815 0.012
0.7377215840335793 16.8 0.012
0.7389486529136775 16.841 0.013
0.7390886347579908 16.819 0.01
0.7400637743114657 16.844 0.015
0.7401782555934915 16.801 0.011
0.7406395013979363 16.843 0.015
0.7408503622388025 16.818 0.013
0.7410188453632145 16.809 0.012
0.7411731779511683 16.821 0.012
0.7426994017828292 16.851 0.011
0.7427397833291707 16.835 0.011
0.7428282998148461 16.819 0.012
0.7430878770636582 16.821 0.012
0.7431464629539732 16.811 0.01
0.7435886565669989 16.847 0.009
0.7435922095264687 16.833 0.013
0.7439909819077002 16.797 0.009
0.7441809799809107 16.845 0.012
0.7443952545443153 16.857 0.013
0.7447432286917319 16.822 0.012
0.7450239742211124 16.832 0.012
0.7458342155196078 16.827 0.011
0.7462283353283965 16.84 0.013
0.7465523092714648 16.827 0.009
0.7476564934827366 16.806 0.011
0.7479062697737504 16.835 0.01
0.7479781874137643 16.822 0.012
0.7483490011813956 16.836 0.015
0.7484430961885664 16.854 0.018
0.7492950873784139 16.834 0.009
0.7494346096948448 16.836 0.011
0.749563879246125 16.837 0.011
0.749746551708995 16.845 0.012
0.7503622889876169 16.849 0.012
0.7503870075443047 16.826 0.012
0.7505338727673916 16.843 0.014
0.7505397519303187 16.832 0.01
0.7519126522608985 16.846 0.013
0.7529053510365884 16.843 0.014
0.7537283474871401 16.841 0.014
0.753838225071604 16.817 0.011
0.754890074074865 16.845 0.011
0.7552639078778611 16.851 0.012
0.7555766513823983 16.85 0.009
0.7559377690009796 16.857 0.013
0.7562038315672908 16.849 0.01
0.7575845682633826 16.848 0.016
0.7579473720003307 16.83 0.013
0.7580053665151354 16.81 0.009
0.7588532281483822 16.834 0.012
0.7589829301887221 16.82 0.016
0.7592303240112415 16.864 0.012
0.7595511726132145 16.84 0.012
0.7606154835164602 16.824 0.012
0.7608884148480684 16.83 0.01
0.7609440243763856 16.851 0.019
0.7615191600871185 16.85 0.01
0.7616902430177106 16.851 0.012
0.7623989145547512 16.826 0.011
0.7626256095322788 16.817 0.015
0.7640053371424074 16.849 0.013
0.7640198808687728 16.836 0.013
0.7640418407321476 16.835 0.016
0.7667495299517668 16.863 0.011
0.767797772414724 16.825 0.015
0.7685776944672398 16.858 0.015
0.7688270530475165 16.837 0.011
0.7692279144795293 16.842 0.019
0.7696275763603353 16.845 0.012
0.7702084494787869 16.856 0.011
0.7710120835199632 16.838 0.011
0.7711315470762656 16.834 0.009
0.7711348825318964 16.859 0.014
0.7715501974948893 16.854 0.011
0.7717654053960814 16.829 0.017
0.7727590448992032 16.838 0.009
0.773174777738177 16.832 0.011
0.7739487719181852 16.802 0.019
0.7744358358922909 16.857 0.013
0.7752097346740356 16.873 0.013
0.7764616662182107 16.837 0.011
0.7765207406969239 16.846 0.013
0.7770858947269517 16.861 0.02
0.7776771942758387 16.864 0.013
0.7782112324407535 16.852 0.013
0.7782847604503331 16.853 0.009
0.7790505418738576 16.864 0.014
0.7815760594789936 16.883 0.014
0.7816571012108398 16.862 0.012
0.7819767133146343 16.86 0.012
0.7832492852526229 16.845 0.012
0.7844944776916236 16.843 0.012
0.7846937441295267 16.835 0.012
0.7848302561524179 16.875 0.011
0.7854295239148428 16.846 0.011
0.7857029487058753 16.9 0.011
0.7857331287145826 16.837 0.013
0.7859104253814166 16.827 0.011
0.7874070093521368 16.845 0.012
0.7877836678549102 16.857 0.01
0.7896686686544854 16.852 0.011
0.790019670226684 16.864 0.01
0.7900859262072117 16.848 0.015
0.7904752177569208 16.859 0.013
0.7908580802532015 16.866 0.015
0.7910409824803537 16.858 0.012
0.7915130653677807 16.861 0.012
0.7919046292088296 16.888 0.013
0.7922056291654371 16.885 0.014
0.7924984089768827 16.861 0.012
0.7928497894572502 16.85 0.008
0.7943293224434456 16.863 0.014
0.7943908136530808 16.886 0.015
0.79500980073135 16.861 0.012
0.7952346629645035 16.864 0.013
0.7956938318134235 16.881 0.012
0.7960560564347361 16.869 0.012
0.7961146349359751 16.845 0.011
0.7969853996778511 16.853 0.011
0.797317825551886 16.871 0.014
0.7976289808543697 16.875 0.012
0.7985447551950529 16.89 0.011
0.798667106939547 16.847 0.014
0.799763909276578 16.891 0.014
0.8010839051912626 16.848 0.011
0.8011756640871681 17.233 0.019
0.8012125759769333 16.884 0.009
0.8013674826437978 16.875 0.018
0.8014634592705079 16.827 0.014
0.8016731986617742 16.871 0.013
0.8030566671777706 16.872 0.012
0.8036824106579843 16.89 0.013
0.8038182629456969 16.86 0.012
0.8048778016886899 16.866 0.014
0.8049061293036175 16.873 0.016
0.8057686251906944 16.88 0.013
0.8065742286944442 16.871 0.015
0.8070059812639556 16.882 0.011
0.8070899209253639 16.916 0.015
0.8071889395901053 16.887 0.012
0.8079985334138655 16.881 0.014
0.8081762064707618 16.893 0.011
0.8086409538404951 16.9 0.014
0.8098553723772852 16.882 0.013
0.8099011982444608 16.875 0.018
0.8116354827384384 16.878 0.014
0.8131224758662938 16.879 0.012
0.8138711648189201 16.884 0.014
0.8143954388069687 16.89 0.012
0.8145533218362289 16.893 0.013
0.814581077724597 16.884 0.013
0.8150877851007863 16.857 0.012
0.815648863320348 16.909 0.013
0.8165651458987213 16.882 0.012
0.8171911972444832 16.876 0.017
0.8175818326183162 16.881 0.015
0.8187321089106945 16.874 0.014
0.8191812104224709 16.884 0.01
0.8196972716542632 16.898 0.012
0.8203943439170871 16.903 0.014
0.8231186368529961 16.882 0.014
0.8234815798271029 16.905 0.014
0.8235912840775654 16.892 0.012
0.82409434813286 16.866 0.014
0.8242921143778403 16.873 0.013
0.8247985358909773 16.904 0.011
0.8249176574850026 16.892 0.013
0.8263141157885912 16.895 0.016
0.8263307146344232 16.876 0.013
0.8266275556434266 16.88 0.014
0.8281742144595228 16.891 0.011
0.828674786366264 16.891 0.015
0.8297486661112998 16.898 0.011
0.8298639878505583 16.895 0.013
0.8305158256218874 16.879 0.016
0.830628119937046 16.884 0.017
0.8313504238651603 16.919 0.015
0.8322850401170854 16.899 0.011
0.8329983665795453 16.898 0.012
0.8335993083655922 16.894 0.01
0.8337056551583828 16.923 0.015
0.8343013995181536 16.874 0.014
0.8369707938891224 16.913 0.016
0.8373683883905301 16.909 0.017
0.8405292428369648 16.885 0.014
0.840554254646122 16.88 0.013
0.8405784649646648 16.867 0.011
0.8407583103753495 16.905 0.014
0.8412912611870524 16.877 0.01
0.8413153299161422 16.944 0.014
0.8422382074916186 16.894 0.017
0.8428606912646046 16.884 0.01
0.846481980118142 16.852 0.015
0.8466882179432105 16.915 0.017
0.8467156683194617 16.901 0.015
0.8467456869234411 16.896 0.011
0.8475694213757379 16.894 0.009
0.8478042165797888 16.899 0.015
0.8487554513276336 16.895 0.013
0.849291454084323 16.887 0.016
0.8500282382506157 16.904 0.011
0.8502069326543733 16.889 0.011
0.8515682459708387 16.895 0.011
0.8517137379772066 16.92 0.013
0.8518962663324601 16.93 0.01
0.8524329140460623 16.903 0.014
0.8529333393271372 16.901 0.014
0.8538114736832085 16.93 0.017
0.8548386724894499 16.864 0.012
0.8549288651856841 16.907 0.013
0.8551226411109383 16.888 0.019
0.8551392325671259 16.896 0.012
0.8554614347361849 16.889 0.013
0.8559450436675888 16.9 0.013
0.8562331636823046 16.898 0.014
0.8568640019666418 16.954 0.017
0.856997874883973 16.902 0.011
0.8575781762765473 16.923 0.012
0.8585907408287312 16.915 0.015
0.8588414848857155 16.924 0.015
0.8594720786273911 16.922 0.012
0.860250781479408 16.911 0.01
0.8606227386990213 16.917 0.012
0.8608734044889843 16.918 0.01
0.8609383433524727 16.927 0.017
0.862259575598955 16.899 0.015
0.864117814817746 16.903 0.012
0.8649446623512631 16.923 0.012
0.8657719153347898 16.903 0.014
0.8660810130002119 16.901 0.012
0.8661129155766503 16.92 0.016
0.8666207104715795 16.927 0.015
0.8666635525871698 16.913 0.013
0.8670613694632721 16.9 0.011
0.8673497363732849 16.917 0.013
0.8674702508337759 16.92 0.014
0.8679460721091345 16.924 0.013
0.8679750767555561 16.911 0.011
0.8682917835408261 16.905 0.014
0.8686923030106755 16.933 0.015
0.8689461331096595 16.924 0.011
0.8691044682773281 16.895 0.016
0.8707621289777308 16.926 0.015
0.8708020682925053 16.911 0.013
0.871058104842291 16.927 0.014
0.8723121281207113 16.938 0.013
0.873380715206622 16.957 0.014
0.8738032679361822 16.911 0.011
0.8752418402607418 16.893 0.014
0.8770020065785502 16.933 0.015
0.877052753419207 16.939 0.012
0.8775978753968161 16.943 0.014
0.8776922833058052 16.902 0.013
0.878732166386726 16.918 0.014
0.8788178459126357 16.918 0.014
0.8793703521173484 16.927 0.013
0.8793919700187871 16.925 0.012
0.8804523663511645 16.921 0.012
0.881271441006902 16.907 0.014
0.8823234976064214 16.924 0.012
0.8828751510927759 16.924 0.011
0.8829063427060646 16.901 0.015
0.8830563893693579 16.932 0.017
0.8831690379067823 16.957 0.016
0.8832302309929219 16.915 0.014
0.8840156632081744 16.919 0.012
0.8856003872742804 16.911 0.011
0.8870999449234205 16.933 0.014
0.8887065408443391 16.911 0.012
0.8888018820912293 16.916 0.012
0.8900382142996932 16.935 0.013
0.8917120265780341 16.906 0.012
0.8917587906539666 16.94 0.011
0.8920701339034167 16.932 0.013
0.8926626113325256 16.923 0.015
0.8938215254806892 16.939 0.016
0.8951245436408044 17.001 0.017
0.8951734189349736 16.928 0.012
0.8956354711008316 16.917 0.013
0.8959634058064694 16.96 0.023
0.897299509294271 16.95 0.011
0.8974437550614311 16.914 0.013
0.8975482838882272 16.932 0.011
0.8980333343952225 16.945 0.01
0.8980785467188639 16.948 0.015
0.9001468039680276 16.932 0.014
0.9002258884970615 16.951 0.014
0.9007718168354586 16.941 0.012
0.9023582147597153 16.935 0.014
0.9026928276005037 16.95 0.012
0.9030620944868133 16.935 0.011
0.9030909451182652 16.94 0.012
0.9031801090789031 16.95 0.013
0.9032987150462759 16.917 0.01
0.9038202790509331 16.941 0.012
0.9044079011819122 16.941 0.011
0.9049411329856412 16.949 0.011
0.9054283509758534 16.945 0.011
0.9054991664838781 16.931 0.014
0.9061497825359766 16.935 0.012
0.9065392719394367 16.922 0.014
0.9069257290475434 16.946 0.016
0.9079229067310735 16.928 0.011
0.9083412590262014 16.961 0.012
0.9094044677976285 16.935 0.013
0.9113650124268133 16.932 0.012
0.9120296028322628 16.956 0.015
0.9125573392525439 16.925 0.016
0.9135545852955147 16.943 0.013
0.9142771776046175 16.896 0.014
0.9144526173377017 16.94 0.014
0.9144834203009395 16.949 0.015
0.914515557512459 16.951 0.013
0.9158809098585152 16.948 0.013
0.9161919598552686 16.967 0.012
0.9167315155718825 16.95 0.011
0.9168612028333882 16.917 0.012
0.9172369889683978 16.976 0.019
0.9173951017614854 16.962 0.015
0.9185454538021531 16.939 0.01
0.9218637440103521 16.97 0.017
0.922784361388949 16.957 0.014
0.9228101795586099 16.939 0.017
0.9228230104595241 16.932 0.012
0.922985609549869 16.949 0.017
0.9244289028065396 16.952 0.015
0.9245700329745432 16.975 0.016
0.9249520624025536 16.924 0.014
0.9249538168801337 16.965 0.014
0.9255306093173203 16.96 0.013
0.9258157213912455 16.94 0.015
0.9261895551946964 16.971 0.019
0.9263910917370595 16.972 0.014
0.9264738756855877 16.976 0.017
0.9266477636665513 16.967 0.011
0.928111514075681 16.97 0.011
0.9285076107368013 16.957 0.012
0.929034176665823 16.946 0.013
0.9294160033687149 16.939 0.011
0.9294979858273109 16.965 0.015
0.9311986132670427 16.959 0.015
0.9319873856430263 16.952 0.016
0.9330368449543585 16.965 0.017
0.9348806601997239 16.946 0.014
0.9350525372310585 16.965 0.011
0.9356566676810871 16.944 0.015
0.9362465965318734 16.971 0.011
0.9365551957009757 16.964 0.017
0.9370736588850832 16.943 0.012
0.9371110544925614 16.964 0.016
0.9372706748677047 16.966 0.014
0.9385942407075163 16.954 0.013
0.9386799763324234 16.956 0.013
0.9387015013539894 16.948 0.014
0.9400674010712464 16.958 0.013
0.9401200246607004 16.964 0.014
0.9408134022087324 16.973 0.011
0.941300028823207 16.961 0.012
0.9413025139128877 16.94 0.014
0.9421028588556055 16.986 0.012
0.9432016869202471 16.966 0.014
0.9436369239242595 16.958 0.013
0.9455379931641801 16.967 0.012
0.9456547860368119 16.994 0.011
0.9460188286238917 16.94 0.015
0.9462450079743121 16.965 0.012
0.9468984976010688 16.941 0.012
0.948291994320698 16.979 0.012
0.9483306433915004 16.953 0.015
0.9489497087365635 16.971 0.013
0.9493333460159192 17.001 0.022
0.9515089174924469 16.973 0.011
0.9521136540965927 16.953 0.01
0.9524046527226346 16.985 0.013
0.9528486300388295 16.98 0.013
0.9529175640929566 16.976 0.015
0.95325856685281 16.981 0.013
0.9541021035934136 16.964 0.015
0.9545819103173017 16.979 0.012
0.9556852198084016 16.994 0.014
0.9561577741530982 16.98 0.009
0.9567640280811247 16.946 0.012
0.9569168408265796 16.991 0.015
0.9605188527607424 16.99 0.018
0.9605506550683458 17.007 0.014
0.9609684356373691 16.984 0.014
0.9621150345119531 16.974 0.01
0.9628648719537978 16.982 0.014
0.9637399812379499 16.979 0.017
0.964228650710993 16.981 0.013
0.9663658981130538 16.983 0.018
0.9664230202602084 16.966 0.013
0.967342215546978 16.985 0.011
0.967914081808658 16.99 0.011
0.9680323187749309 16.969 0.013
0.9682301411189655 16.991 0.011
0.968513379128126 16.974 0.013
0.968796736724471 16.979 0.011
0.9688778615936826 17.011 0.015
0.969279908295448 16.988 0.015
0.9700203967528296 16.996 0.015
0.9703354347166169 16.96 0.01
0.9704914289022781 16.998 0.014
0.9705209343976549 16.987 0.02
0.9723937369924442 17.006 0.012
0.9726196378687746 16.977 0.013
0.9727950579524531 16.974 0.011
0.9741864337120205 16.99 0.015
0.9746356623659267 17.003 0.019
0.9746438652146026 16.993 0.019
0.9747030863193231 16.999 0.013
0.9750874468220445 16.995 0.011
0.9755152238508344 16.994 0.013
0.9765988116728295 17.013 0.011
0.9771620572096253 16.985 0.012
0.9771683663439035 16.978 0.014
0.9772979852464232 17.002 0.015
0.9782328238732134 16.992 0.012
0.978835581106523 16.986 0.013
0.9790488538073987 16.99 0.013
0.9792005865888314 17.014 0.015
0.9792087088176231 17.004 0.013
0.9793589704663646 17.006 0.016
0.9801481778497418 16.999 0.013
0.9810690372523823 16.987 0.012
0.9816066967362076 17.004 0.013
0.9824477532579294 17.004 0.015
0.9826104841954475 17.012 0.011
0.9831712862942368 16.96 0.011
0.9837291805556561 16.989 0.012
0.9852977308758 16.972 0.014
0.9853840603946082 16.99 0.018
0.9856190119669463 17.004 0.014
0.9873222514736426 17.031 0.015
0.9874200386771008 16.997 0.013
0.9886517673535309 16.983 0.013
0.9899475208740114 17.004 0.01
0.9903840382146427 16.996 0.014
0.9909083195916537 16.99 0.011
0.9914217759803705 16.98 0.014
0.9931263179910275 17.007 0.018
0.9938285557705058 17.001 0.013
0.9941926814958606 17.015 0.014
0.9949841808200972 17.001 0.015
0.9959935541901359 16.996 0.017
0.996217483085502 16.976 0.013
0.9964243880353933 17.002 0.013
0.9982006154036753 17.002 0.012
0.9984495660150969 17.009 0.01
0.9988910338863661 16.981 0.011
0.9999456269695202 17.006 0.014
