0.0009227984053495897 17.062 0.013
0.0009887569668990404 17.141 0.013
0.0012812003918952763 17.114 0.014
0.0013455162338914528 17.106 0.015
0.0015834432446354407 17.153 0.013
0.0034185996236374416 17.108 0.013
0.004244605406165669 17.136 0.018
0.004370201567235221 17.107 0.014
0.007018768842863232 17.133 0.013
0.007501905709341394 17.116 0.014
0.009271185558554884 17.143 0.013
0.012109759985969526 17.088 0.01
0.013870014740768988 17.113 0.012
0.014190635888235215 17.086 0.01
0.014277851331280567 17.103 0.015
0.016908960094633607 17.12 0.014
0.019777523943867004 17.174 0.016
0.0217230403467511 17.138 0.013
0.021940526908701963 17.134 0.01
0.025506889744201566 17.132 0.012
0.025794945848610973 17.127 0.016
0.026001566096874762 17.154 0.011
0.026478974236761155 17.13 0.016
0.028062647371848493 17.096 0.01
0.029768245714899444 17.096 0.013
0.029831765905237284 17.151 0.013
0.03064576847841638 17.128 0.009
0.03075463179097826 17.112 0.014
0.032207986232970165 17.134 0.014
0.03472787807131683 17.14 0.016
0.0368272339864234 17.182 0.015
0.03731207044429541 17.176 0.016
0.03792607066488929 17.136 0.015
0.03796856364615453 17.14 0.014
0.039904358274293394 17.128 0.011
0.041201601622469775 17.174 0.012
0.04160171186676964 17.141 0.016
0.04381909180724508 17.151 0.012
0.04460197518997122 17.101 0.013
0.04678417563027326 17.178 0.016
0.04687575761263363 17.174 0.014
0.04777589506638835 17.163 0.011
0.04800250515645532 17.154 0.013
0.048731252721518126 17.133 0.011
0.04939155906358794 17.152 0.014
0.05089917126533694 17.155 0.012
0.05311485490019552 17.173 0.015
0.05351881327842423 17.191 0.015
0.05452120982399722 17.137 0.013
0.05470244343077868 17.16 0.017
0.05522633049340586 17.198 0.016
0.05558533673811328 17.138 0.02
0.05649201334076681 17.146 0.011
0.05660965567303722 17.183 0.012
0.058322661552574595 17.148 0.014
0.05895039628230736 17.196 0.018
0.05907559707648036 17.177 0.015
0.06211240099232784 17.129 0.015
0.06274306789534878 17.149 0.013
0.0634076746097435 17.151 0.016
0.06534709809047856 17.156 0.01
0.06540701021040152 17.178 0.018
0.06728861214994597 17.148 0.013
0.06835920384437488 17.173 0.018
0.06889864585414218 17.15 0.013
0.06919493030718515 17.191 0.013
0.06951163605904187 17.156 0.015
0.06982127605615462 17.19 0.013
0.06987098408526438 17.181 0.014
0.07359017914395738 17.222 0.015
0.07581287166194672 17.171 0.016
0.07620111869405266 17.146 0.013
0.07809447339004694 17.175 0.015
0.07830522721999389 17.13 0.013
0.0788203292508115 17.143 0.015
0.07979555918554981 17.176 0.016
0.08006773934348532 17.176 0.011
0.08074944419595342 17.22 0.017
0.08541128937704334 17.187 0.015
0.08566900225550844 17.161 0.014
0.08587245737444382 17.173 0.013
0.08605629395199221 17.142 0.01
0.08769743044458655 17.17 0.015
0.08863327127746734 17.157 0.012
0.08962362251340883 17.174 0.016
0.09137047086451267 17.188 0.011
0.09225109860235525 17.208 0.016
0.09300764219769908 17.158 0.011
0.09322402030957155 17.152 0.016
0.09418395176239747 17.169 0.016
0.09420303002198116 17.211 0.012
0.09466561707895371 17.213 0.012
0.09859429291682309 17.17 0.012
0.09890053811286625 17.177 0.013
0.10126686605317436 17.169 0.016
0.10192532789178577 17.231 0.012
0.102103996804908 17.221 0.017
0.10296466149329708 17.185 0.013
0.10322577846900449 17.186 0.015
0.10351736389829957 17.206 0.016
0.10438492263428989 17.194 0.014
0.1057636111348983 17.186 0.019
0.10900923360750303 17.202 0.015
0.11060934976389936 17.188 0.013
0.11219147260194395 17.206 0.013
0.11359921979228593 17.222 0.017
0.11405224748468745 17.197 0.015
0.11424765034180373 17.189 0.016
0.11500712501438093 17.181 0.012
0.115140592435091 17.185 0.014
0.1157669321723005 17.225 0.019
0.11635030262450519 17.208 0.011
0.1179314794234414 17.149 0.018
0.11908878236854425 17.207 0.019
0.1192790235726533 17.201 0.016
0.1195916733944613 17.211 0.016
0.11966182240885237 17.205 0.016
0.12035110759884438 17.159 0.011
0.1210373933551181 17.152 0.014
0.12373920727932264 17.193 0.014
0.12385646463499134 17.209 0.015
0.12404538521368513 17.254 0.016
0.12435214662459648 17.161 0.012
0.12474338817346498 17.18 0.016
0.12534077257205345 17.203 0.016
0.12605729272959243 17.205 0.017
0.12731818249837934 17.186 0.01
0.1277976959867373 17.175 0.013
0.13004286485138428 17.265 0.029
0.13054595437633898 17.214 0.01
0.1309207529046943 17.197 0.016
0.1352539678709035 17.207 0.014
0.13544249636643135 17.21 0.016
0.13640029677198973 17.211 0.013
0.13668231244619156 17.217 0.016
0.13714022454532815 17.147 0.018
0.1383220878452902 17.209 0.015
0.13875118951809773 17.216 0.016
0.13892834641310392 17.182 0.016
0.14212779127583408 17.172 0.016
0.1448931013238961 17.195 0.01
0.1451851805540172 17.208 0.016
0.1454488042576485 17.213 0.012
0.146281941961115 17.186 0.011
0.14657035734389856 17.226 0.016
0.15027504793979451 17.253 0.015
0.15230969427855134 17.187 0.01
0.15246079410680968 17.204 0.013
0.15331352027433232 17.215 0.016
0.1537498916756248 17.196 0.01
0.15423534005449246 17.25 0.016
0.15436260572860183 17.267 0.018
0.15638609592579078 17.231 0.016
0.1567362487823174 17.226 0.013
0.15762946539589384 17.229 0.015
0.15796548837547553 17.226 0.02
0.1584469415169223 17.241 0.017
0.15848777537657943 17.241 0.012
0.1603627370067442 17.248 0.014
0.16068492212652918 17.23 0.013
0.16074586394906865 17.296 0.015
0.16102302967365167 17.216 0.016
0.16392772835788483 17.225 0.015
0.16450715662122084 17.222 0.013
0.1657403788712144 17.238 0.015
0.1686623889640031 17.273 0.02
0.16877162686218972 17.215 0.014
0.16895341004546927 17.2 0.015
0.16961074812606958 17.25 0.016
0.1702548843145677 17.212 0.011
0.1736712902283215 17.219 0.015
0.17451014626842598 17.187 0.011
0.1748788207022698 17.234 0.017
0.1748851268938778 17.229 0.019
0.17558520403044886 17.221 0.016
0.17574533934421188 17.241 0.019
0.1766437608056548 17.277 0.019
0.17699411654157293 17.222 0.012
0.17707019716217465 17.194 0.013
0.17783054131691634 17.175 0.011
0.17801284837892117 17.216 0.018
0.17936944879525063 17.208 0.01
0.18049466682386983 17.229 0.014
0.18467875169235404 17.215 0.011
0.18473951141722855 17.257 0.016
0.184757970649025 17.277 0.02
0.18509418120120236 17.233 0.016
0.18546032484109665 17.206 0.015
0.186057485578226 17.235 0.01
0.18636470470132727 17.234 0.016
0.18655225708007483 17.217 0.014
0.1870774379748581 17.237 0.017
0.18710453404005412 17.196 0.011
0.18939058543301135 17.245 0.013
0.19195741553849066 17.228 0.017
0.19315824116838476 17.222 0.021
0.19346012583710026 17.24 0.018
0.19478248841292034 17.216 0.011
0.19535812760241233 17.263 0.016
0.19563885983532137 17.222 0.016
0.20291608822017215 17.271 0.015
0.20409758623045482 17.227 0.015
0.20423572150311875 17.22 0.016
0.20432787055883628 17.226 0.011
0.20443882882900644 17.263 0.015
0.20450404423027058 17.247 0.015
0.2053948656679494 17.251 0.016
0.20581940502906937 17.201 0.015
0.20701463044306356 17.24 0.016
0.20872497100563114 17.202 0.011
0.2116092708045243 17.237 0.009
0.21176920323923687 17.241 0.015
0.21443565228073558 17.284 0.016
0.21510719952348145 17.274 0.014
0.2174271491648141 17.295 0.014
0.2179184750060812 17.309 0.015
0.22173179924211572 17.269 0.013
0.22219656382540043 17.303 0.025
0.22257126391959892 17.281 0.015
0.22364291648946155 17.263 0.018
0.22441649096153915 17.276 0.016
0.22573542865907248 17.23 0.014
0.22627666759799459 17.283 0.011
0.22794387045305475 17.271 0.015
0.2290470884403475 17.222 0.013
0.23079006897060017 17.294 0.016
0.23160328190342616 17.263 0.011
0.2324710528149807 17.262 0.015
0.23260241926609515 17.288 0.019
0.23283463285670214 17.31 0.016
0.23284900170201572 17.264 0.023
0.23312639108726207 17.275 0.014
0.23511631824831047 17.226 0.013
0.23836811676928837 17.246 0.013
0.238599007545099 17.235 0.016
0.2410637628458061 17.237 0.01
0.24361140423425232 17.279 0.014
0.2454615900504904 17.304 0.018
0.2455600349074074 17.245 0.021
0.24818157228392002 17.305 0.013
0.24886772952881975 17.25 0.015
0.2513109217183227 17.293 0.021
0.2514638512806413 17.276 0.016
0.2526284748136276 17.293 0.016
0.25266461074388635 17.269 0.013
0.2546224365863963 17.307 0.015
0.2548517387857827 17.297 0.016
0.25489773101380697 17.279 0.011
0.25537165029745656 17.278 0.014
0.25701825467231165 17.302 0.016
0.2587224246607547 17.244 0.015
0.2598758969692425 17.262 0.016
0.2607187876204988 17.262 0.012
0.26133813049696064 17.262 0.012
0.26268737533146114 17.296 0.013
0.2631595266685962 17.282 0.014
0.26432385326816066 17.299 0.014
0.26517527521255024 17.265 0.011
0.2682241763926867 17.303 0.021
0.2690875184202013 17.246 0.015
0.27122149715241894 17.282 0.015
0.2726493386305946 17.234 0.013
0.27274966955510527 17.303 0.015
0.2731381610296011 17.296 0.016
0.2732799984272787 17.283 0.015
0.27394557797415464 17.267 0.016
0.27555869477569095 17.245 0.016
0.27576909480162604 17.241 0.013
0.27588449125132675 17.324 0.013
0.2760505641830604 17.284 0.018
0.27809405680297905 17.285 0.013
0.27825791502382335 17.339 0.016
0.27874623432571743 17.297 0.016
0.2790555937912358 17.291 0.014
0.27999226144825107 17.282 0.016
0.2807369730029676 17.272 0.013
0.2812151182919478 17.312 0.016
0.28238083878923126 17.287 0.015
0.2839654311709636 17.296 0.013
0.2841091863455403 17.281 0.015
0.2879077162914654 17.273 0.017
0.288291944577304 17.279 0.017
0.2890961012434672 17.302 0.017
0.29070534092843436 17.274 0.012
0.2912499177981771 17.309 0.016
0.29400644172019375 17.321 0.016
0.29450572138991893 17.262 0.016
0.2956328407930413 17.316 0.016
0.296651842771007 17.295 0.016
0.2976758106292663 17.298 0.016
0.29783333148579905 17.268 0.015
0.29892053080211545 17.291 0.015
0.2996770175267556 17.318 0.014
0.3002802662694193 17.307 0.017
0.3003519803513881 17.285 0.014
0.300919971942585 17.307 0.014
0.30112335979983973 17.294 0.018
0.30168006126384617 17.255 0.012
0.30348672439586144 17.296 0.012
0.3045257566840518 17.281 0.013
0.30638488283639154 17.336 0.021
0.3074436785795114 17.306 0.018
0.3075937350298772 17.32 0.016
0.3123242844671039 17.3 0.025
0.31423142015264593 17.309 0.014
0.3148089727397063 17.286 0.011
0.3148318340626246 17.294 0.016
0.3151633319143001 17.284 0.012
0.315199508312753 17.276 0.016
0.3154385311925352 17.286 0.013
0.31605542039087586 17.307 0.015
0.31677685775857745 17.359 0.021
0.3171679604057771 17.27 0.011
0.3175853251879288 17.287 0.011
0.3186329647900492 17.309 0.019
0.31898384440492 17.28 0.015
0.31964823456487457 17.274 0.011
0.31979435483767693 17.305 0.015
0.32340873650232416 17.283 0.017
0.32520080712802146 17.315 0.013
0.32559808034957305 17.263 0.016
0.33123718206607 17.312 0.015
0.3315419677350291 17.312 0.014
0.3319765290892973 17.286 0.014
0.33257906146527594 17.3 0.013
0.33277556457087476 17.284 0.014
0.3336433261860292 17.322 0.012
0.3337600596630863 17.282 0.015
0.3346334083761575 17.313 0.019
0.33491253344109273 17.326 0.016
0.3358055728735052 17.297 0.015
0.3373097705865802 17.332 0.012
0.3374711073105572 17.286 0.017
0.3376739073118187 17.297 0.018
0.340348436503882 17.313 0.02
0.3418610227867247 17.339 0.018
0.34192725148923264 17.313 0.016
0.34222841979058094 17.317 0.011
0.34307956558304786 17.333 0.016
0.3452039001926095 17.319 0.018
0.3459377213674997 17.354 0.013
0.34701256585949514 17.333 0.018
0.3482176431918105 17.292 0.012
0.34827581033587185 17.346 0.015
0.3501142198873821 17.316 0.016
0.35090448783435013 17.324 0.016
0.3510235076627395 17.343 0.022
0.35188183842492426 17.309 0.017
0.3523326803900999 17.326 0.017
0.3548108502949616 17.334 0.014
0.35589443935045884 17.306 0.014
0.35766502342303275 17.321 0.014
0.35946401379455883 17.279 0.011
0.35952640146879267 17.271 0.014
0.36017565392526185 17.302 0.016
0.3604102419100399 17.322 0.014
0.36242032898817333 17.326 0.016
0.3628561426113719 17.318 0.016
0.3645262043659385 17.315 0.018
0.3654442864689371 17.329 0.016
0.36827882574780224 17.342 0.014
0.36860984347426884 17.339 0.012
0.3694229820393047 17.324 0.016
0.37150725274286733 17.331 0.014
0.3722816004532432 17.302 0.013
0.37442728271380465 17.293 0.013
0.37473227454588587 17.309 0.021
0.3750178310298451 17.319 0.013
0.3750692342693127 17.317 0.01
0.3754181753260126 17.316 0.016
0.37576770423802364 17.347 0.023
0.37688327376454245 17.328 0.014
0.38134215324796505 17.318 0.014
0.3814394070863272 17.318 0.013
0.38173824474633866 17.332 0.014
0.3824987070219321 17.355 0.018
0.3827804837277653 17.347 0.015
0.3836774965206131 17.327 0.015
0.3838419682955645 17.316 0.016
0.3842948335772234 17.333 0.016
0.3846629945232052 17.337 0.018
0.3852439555870659 17.38 0.015
0.38592689302154204 17.308 0.016
0.38667559762452575 17.358 0.016
0.38714147503687846 17.34 0.014
0.3874086488462125 17.307 0.022
0.388096041957533 17.33 0.011
0.38930438394791045 17.334 0.016
0.3897629675656389 17.346 0.016
0.3905384805963421 17.311 0.01
0.3911930385244431 17.378 0.019
0.39317428947870203 17.342 0.017
0.3969210000358543 17.355 0.017
0.39786020449766957 17.357 0.011
0.3999999999999999 17.42 0.022
0.40045177432866685 17.343 0.026
0.40114054822051903 17.31 0.018
0.40123730935229096 17.344 0.018
0.40168326089988104 17.345 0.014
0.4022892750248501 17.305 0.013
0.4029226745059531 17.326 0.016
0.40324244094099404 17.321 0.021
0.4039268554005502 17.326 0.018
0.40532028733186953 17.365 0.016
0.4064577420639579 17.369 0.018
0.408376159117688 17.351 0.016
0.409582916353338 17.325 0.023
0.4120538340272559 17.344 0.013
0.4123892122807091 17.311 0.014
0.412410182619078 17.334 0.014
0.413729316089666 17.351 0.016
0.4139930754107808 17.326 0.022
0.4146352867159293 17.329 0.016
0.41467008123915994 17.329 0.012
0.41672754242008514 17.311 0.021
0.4170384149994333 17.357 0.016
0.4184736640135269 17.381 0.015
0.41899650059158366 17.353 0.016
0.41992662308794015 17.345 0.012
0.4206982218178381 17.329 0.013
0.42567592514469643 17.325 0.016
0.4262559516545479 17.354 0.011
0.42660240238583347 17.391 0.03
0.42669767719726215 17.336 0.016
0.4287396982671452 17.355 0.016
0.4295148520192469 17.347 0.014
0.43004756677137257 17.342 0.019
0.43032569493757356 17.358 0.017
0.4306645188516085 17.318 0.016
0.43092591745371456 17.339 0.015
0.43408369124235824 17.343 0.022
0.43483441096113884 17.359 0.015
0.43627460835787124 17.359 0.02
0.43640711005300536 17.343 0.016
0.4373362389345856 17.343 0.015
0.43907486494972536 17.312 0.011
0.43963741873531026 17.341 0.019
0.44093590887839573 17.324 0.014
0.44141698743433144 17.342 0.016
0.44194575233350397 17.35 0.018
0.4419946488459572 17.36 0.014
0.4429387043516271 17.339 0.013
0.443687610738857 17.346 0.014
0.4443565675896024 17.364 0.018
0.44450083406277363 17.362 0.021
0.44586327093579703 17.322 0.021
0.4466138933156798 17.323 0.017
0.44715074493424245 17.365 0.017
0.4477748715939014 17.33 0.017
0.44972485296923415 17.327 0.014
0.4512853454351897 17.29 0.024
0.45442785410423303 17.347 0.015
0.45576700420920124 17.323 0.014
0.45705558665795243 17.312 0.016
0.45783749392344353 17.353 0.018
0.45801171044504363 17.347 0.016
0.45872822130595514 17.342 0.016
0.45927946856309054 17.33 0.023
0.4597877973937101 17.336 0.014
0.46061310649602083 17.357 0.016
0.4626317051807063 17.367 0.016
0.4637366112723611 17.331 0.014
0.4642056029550985 17.342 0.021
0.4662175821121308 17.361 0.015
0.4662782237159262 17.344 0.016
0.4668180703892175 17.383 0.018
0.47001636141649206 17.355 0.019
0.47143770421453146 17.391 0.021
0.47188777895294143 17.322 0.015
0.4725442174741601 17.36 0.017
0.47367854535596043 17.356 0.02
0.47517566582919235 17.365 0.018
0.47682166266249615 17.408 0.015
0.48095063286964423 17.365 0.017
0.4816257198262064 17.37 0.013
0.4830362810688712 17.34 0.016
0.4836072977917866 17.303 0.014
0.484154776755895 17.363 0.016
0.48515825057997974 17.363 0.018
0.4859322040173538 17.398 0.02
0.4860569224951178 17.345 0.015
0.48644650163773806 17.362 0.013
0.48801109979776813 17.356 0.012
0.4904105199442711 17.338 0.017
0.4905547016586752 17.348 0.018
0.49163913831935135 17.364 0.014
0.4916735615414837 17.369 0.017
0.492305922560513 17.376 0.015
0.4930628719139577 17.352 0.013
0.49361171197224396 17.325 0.015
0.49545546198933155 17.356 0.011
0.49653264040707656 17.376 0.013
0.49723504107887495 17.35 0.018
0.4980160066842473 17.378 0.017
0.5003367158878064 17.368 0.018
0.5016499456400197 17.362 0.013
0.5021604262991787 17.359 0.016
0.5053039821676976 17.346 0.018
0.5054303493768885 17.349 0.014
0.5055947571753677 17.364 0.019
0.506197235964828 17.362 0.013
0.5067935769847282 17.38 0.011
0.5077204495936712 17.349 0.018
0.5112414381345843 17.349 0.016
0.5113065725990055 17.367 0.017
0.5126395149464088 17.363 0.015
0.5129633613782062 17.338 0.018
0.5150474292026047 17.39 0.017
0.5150638421460144 17.353 0.013
0.5170555777221125 17.39 0.015
0.5177028834185876 17.343 0.016
0.5179331885286956 17.375 0.019
0.5202758469148648 17.402 0.023
0.5214013722678829 17.356 0.017
0.5222531999706007 17.367 0.016
0.5238512660170273 17.386 0.018
0.5239331032527389 17.358 0.012
0.5272025773769201 17.371 0.013
0.5277537409705474 17.385 0.016
0.5286492838453342 17.354 0.01
0.5291176876720783 17.355 0.016
0.5305693633048577 17.351 0.016
0.5307212019141844 17.328 0.019
0.5363225528693875 17.366 0.016
0.5363965543973791 17.386 0.014
0.5379669392495089 17.405 0.023
0.53798512834137 17.36 0.013
0.5382918153844912 17.369 0.017
0.5404633387141985 17.362 0.018
0.5415554229741929 17.357 0.012
0.5451868759841091 17.367 0.015
0.5473139398867716 17.346 0.016
0.5510958671277649 17.387 0.014
0.5510984547921908 17.383 0.016
0.5535544934172322 17.357 0.016
0.5569624670091798 17.374 0.013
0.5572514390754805 17.352 0.017
0.5581800336880406 17.384 0.016
0.5620693548811687 17.386 0.018
0.5627720464748563 17.36 0.016
0.5640917005388474 17.391 0.015
0.5646496389646473 17.377 0.013
0.5651000658753219 17.393 0.019
0.5652401397059293 17.397 0.017
0.5655215883056371 17.381 0.02
0.5673421171849441 17.41 0.016
0.568566347145088 17.357 0.012
0.5696834445551758 17.363 0.016
0.5698026207827752 17.355 0.014
0.5713510055938059 17.314 0.02
0.5717654382034653 17.396 0.016
0.5722159799501242 17.357 0.015
0.5749752030875698 17.382 0.016
0.5749985434412338 17.392 0.02
0.5754145575205257 17.397 0.02
0.5758372764443266 17.408 0.02
0.5764287604087258 17.363 0.013
0.5771128560576472 17.383 0.022
0.5773815172819013 17.359 0.018
0.5792627643228571 17.384 0.016
0.5792757857497236 17.38 0.015
0.5801306232769093 17.394 0.017
0.5820619529327132 17.342 0.015
0.5824569742598215 17.389 0.017
0.582516471325016 17.364 0.014
0.5825203856260487 17.366 0.02
0.5831403940102519 17.381 0.011
0.5854534474141474 17.376 0.014
0.5865365574385578 17.339 0.016
0.5871805219197995 17.382 0.014
0.5887005676926492 17.342 0.018
0.5889729463499634 17.374 0.01
0.5897866831618558 17.354 0.018
0.5923885615287873 17.369 0.018
0.5931081691632244 17.374 0.012
0.5932535090923011 17.366 0.016
0.595816887525325 17.368 0.013
0.5976615731919083 17.371 0.017
0.5979365231109114 17.348 0.015
0.6006561482558027 17.348 0.02
0.6009117661771143 17.339 0.012
0.6020913568017022 17.388 0.017
0.6035062577897407 17.362 0.016
0.6039311821276897 17.363 0.013
0.6076442935599516 17.353 0.021
0.6089864102949832 17.376 0.013
0.6112271458963733 17.373 0.013
0.6131222362713743 17.36 0.015
0.6136042969555092 17.375 0.017
0.6146411030485069 17.35 0.014
0.6147442688060437 17.357 0.018
0.614812586991684 17.365 0.014
0.6172228329836799 17.374 0.016
0.6179073447823612 17.372 0.018
0.6222858028044357 17.321 0.016
0.6224464543331806 17.345 0.014
0.6257355634008036 17.369 0.012
0.627777341123101 17.403 0.012
0.6291989737482254 17.354 0.011
0.6293921886875978 17.378 0.022
0.6315249036651039 17.37 0.02
0.6345591603857429 17.346 0.015
0.6359854307850356 17.384 0.013
0.6362595030213015 17.359 0.015
0.6363143207492158 17.381 0.016
0.6382933897973772 17.373 0.012
0.6388324769083283 17.345 0.016
0.6393289272185939 17.342 0.018
0.6395974993050914 17.38 0.016
0.6399801740098156 17.393 0.016
0.6403022131210264 17.359 0.012
0.6420799717724549 17.322 0.02
0.6423736789519353 17.359 0.016
0.6423852720244213 17.371 0.016
0.6438139911855615 17.365 0.016
0.6454291624763983 17.367 0.008
0.6465696270332956 17.374 0.02
0.6468441711944252 17.392 0.022
0.6471022898312185 17.346 0.016
0.6483812910392089 17.344 0.019
0.6485746716738504 17.341 0.021
0.650189071917248 17.359 0.016
0.6509485569805747 17.367 0.012
0.6511998767190562 17.362 0.016
0.6515708642968093 17.348 0.016
0.6521168662369746 17.376 0.017
0.6523432630573552 17.329 0.012
0.653175725957135 17.4 0.013
0.6538699584354163 17.388 0.015
0.6543863450027857 17.362 0.015
0.6558250560791749 17.357 0.015
0.6563587797526452 17.353 0.016
0.6603733400178499 17.364 0.016
0.660731670363839 17.368 0.013
0.6608127617127139 17.368 0.015
0.661594776707625 17.384 0.014
0.6616134563158994 17.384 0.018
0.6617172968775776 17.379 0.016
0.664599803031615 17.365 0.016
0.6650791601206493 17.358 0.013
0.6652675136255312 17.38 0.022
0.6692052594056804 17.364 0.016
0.6724909332036987 17.374 0.02
0.6738855441311898 17.315 0.023
0.6746356623190423 17.358 0.014
0.6767045240834705 17.387 0.017
0.677699702297582 17.341 0.012
0.6782908116760155 17.397 0.016
0.6791042679568818 17.341 0.02
0.681071057643544 17.349 0.011
0.6811295042242819 17.376 0.016
0.6820463340581228 17.348 0.012
0.68300808322183 17.351 0.017
0.6835223020954345 17.336 0.011
0.6867214883031011 17.357 0.014
0.6880254053229692 17.303 0.016
0.6886838102904221 17.357 0.015
0.6889424692084504 17.343 0.016
0.6913254791383224 17.361 0.017
0.6913425204060332 17.307 0.027
0.6921955943661487 17.372 0.013
0.6930418021660444 17.356 0.021
0.694910359170899 17.326 0.021
0.695116158606561 17.384 0.016
0.6952310612554357 17.301 0.023
0.6955863516987165 17.359 0.018
0.6957708001981701 17.359 0.019
0.6969402736807752 17.36 0.015
0.6973009423317308 17.304 0.026
0.6998194058150148 17.364 0.019
0.7039796909861252 17.346 0.012
0.7051052316465075 17.355 0.013
0.7064651535910343 17.376 0.015
0.709113563371966 17.341 0.017
0.7101755149482415 17.291 0.017
0.7111109511178256 17.263 0.02
0.7127426835512779 17.293 0.013
0.7128064290340262 17.381 0.015
0.7128646311721468 17.377 0.017
0.7168139027634425 17.358 0.014
0.7168330378935025 17.353 0.022
0.7170297777778615 17.352 0.012
0.7180460236694671 17.351 0.014
0.7196505211349177 17.382 0.017
0.7203377310539963 17.344 0.013
0.7216007469532087 17.365 0.019
0.723293229814226 17.29 0.017
0.7234971535738396 17.355 0.011
0.7250056270567257 17.272 0.014
0.7251237287331606 17.332 0.016
0.7254470048059375 17.287 0.015
0.7261101148091257 17.356 0.015
0.7288731581928914 17.351 0.018
0.7293849119027073 17.329 0.023
0.7305419354114747 17.32 0.014
0.7305524364354824 17.365 0.022
0.7321719042774021 17.194 0.014
0.7370320440185424 17.246 0.015
0.737620815092123 17.357 0.016
0.7386286609284071 17.322 0.014
0.7389415196406844 17.339 0.016
0.7389841843287513 17.339 0.01
0.7414123990360167 17.364 0.013
0.7415411313433197 17.356 0.015
0.7425814470732576 17.353 0.015
0.7429444972248348 17.358 0.016
0.7439953183587932 17.278 0.024
0.7448525002022507 17.332 0.016
0.7450700436349053 17.363 0.018
0.745123177637106 17.207 0.015
0.7455324589849625 17.346 0.015
0.7457548939297794 17.338 0.016
0.7475157168536498 17.217 0.014
0.7478394555554587 17.233 0.013
0.7490778153925476 17.361 0.013
0.7521577034302936 17.294 0.017
0.7552135648249078 17.309 0.013
0.755234078545891 17.314 0.015
0.755650683766271 17.158 0.013
0.7562875201482712 17.344 0.015
0.7580042188568769 17.334 0.013
0.7588614887437416 17.317 0.017
0.7590858053767079 17.273 0.016
0.7596256219723273 17.372 0.013
0.7637511126198661 17.237 0.016
0.7646554760780419 17.112 0.014
0.7654424465630655 17.24 0.014
0.7662624480040222 17.325 0.01
0.7666641812815215 17.285 0.013
0.7678145032308749 17.097 0.017
0.7685571083427704 17.356 0.013
0.7690896945836357 17.297 0.014
0.7693945579042293 17.373 0.016
0.7696881814203153 17.14 0.015
0.7713505228402028 17.232 0.02
0.7739896073086584 17.316 0.014
0.7744559878182372 17.08 0.015
0.776717268313314 17.157 0.016
0.7771903935779619 17.324 0.012
0.7779442899117385 17.06 0.015
0.7782597526901555 17.151 0.011
0.7790137594805856 17.2 0.014
0.7794440171781162 17.357 0.015
0.7795902659626336 17.132 0.011
0.7801803888336508 17.127 0.013
0.7803419120336003 17.037 0.015
0.7818257305492807 17.057 0.016
0.7826073676741544 17.153 0.016
0.7836320819768844 17.047 0.016
0.7839173568342176 17.239 0.018
0.7851774941468875 17.323 0.012
0.7855221824055661 17.148 0.017
0.7859928589083666 17.304 0.011
0.7863236305601277 17.139 0.012
0.7863729131439868 17.111 0.015
0.7871415217358845 17.194 0.015
0.7871673988942348 17.042 0.012
0.7883513155893752 17.35 0.017
0.7911798920897809 17.29 0.014
0.7913007055629123 17.303 0.011
0.7959563533758228 16.993 0.016
0.7969891839178672 17.182 0.016
0.7986442162358799 17.231 0.011
0.799988225049583 17.004 0.011
0.8000122068448491 17.247 0.014
0.8009540569361434 17.157 0.014
0.8020443043555133 17.052 0.014
0.8039475306562963 17.15 0.013
0.8082300959339591 17.096 0.011
0.809260238745901 17.055 0.014
0.8093668758623608 17.05 0.01
0.8122958669506716 17.106 0.017
0.8124681624107325 17.084 0.013
0.8127753804391432 17.042 0.017
0.8135251180296109 16.99 0.011
0.8143846337992727 16.991 0.016
0.8152176741638414 17.127 0.016
0.8158753091778636 16.991 0.012
0.8162322724191654 17.031 0.015
0.819066191575439 16.989 0.016
0.8199838121439825 17.079 0.012
0.8201271057850136 17.173 0.014
0.8205610781887117 17.15 0.014
0.8221967932785447 17.204 0.013
0.8236372143368499 17.026 0.015
0.8245486167565105 17.005 0.016
0.8254576179891956 17.031 0.014
0.8255353774183277 17.195 0.016
0.8260196571922279 17.034 0.012
0.8278165476898721 17.009 0.01
0.8282097813834298 17.09 0.016
0.8297775654536054 16.986 0.014
0.8300105697798245 17.011 0.013
0.8305490657500286 17.05 0.013
0.8307603341630966 17.012 0.015
0.8309250192077343 17.009 0.02
0.8327531098329018 16.986 0.013
0.8331412896035545 17.057 0.012
0.8363078019441673 16.996 0.012
0.8365321858381322 16.985 0.012
0.8391918152000472 17.03 0.012
0.839519120409841 16.994 0.012
0.839526399434385 17.141 0.01
0.842818741987594 16.998 0.012
0.8467146766969563 17.022 0.014
0.8471889169803944 17.015 0.013
0.8497738284476327 17.006 0.016
0.8504189927065454 17.005 0.011
0.8504910141131404 16.978 0.016
0.8507194883940429 17.026 0.017
0.8527897648385988 17.025 0.011
0.8541748535857551 16.989 0.013
0.854417183223768 17.068 0.013
0.8559185253223177 17.072 0.018
0.8562412146342467 17.017 0.014
0.8563829683684162 17.004 0.015
0.8572830943370718 16.986 0.014
0.8579533012670254 17.081 0.012
0.8585433497700251 16.991 0.01
0.8591789081855495 17.022 0.014
0.8595542426150132 17.01 0.011
0.8599718671470328 16.992 0.016
0.860011157815643 17.004 0.014
0.860926338918398 17.06 0.01
0.8612005467724885 16.99 0.015
0.8614875523925548 17.017 0.011
0.86235930596049 16.988 0.013
0.8632312449111851 16.997 0.016
0.8649261256752198 17.015 0.013
0.8657032130694461 17.032 0.014
0.8663905285283363 17.038 0.01
0.8674822250844955 17.052 0.014
0.8682019267734177 17.026 0.01
0.8690992365000284 17.013 0.009
0.8714030099762567 17.019 0.013
0.8741854285535965 17.025 0.01
0.8809103591969688 17.016 0.014
0.8818882456894471 16.988 0.012
0.8846886619643556 17.018 0.012
0.885010113220369 17.021 0.011
0.8859135246279038 17.046 0.012
0.8865831644842729 17.058 0.01
0.8873745791599049 17.016 0.01
0.8879088442094144 17.026 0.015
0.8905007678446509 16.995 0.01
0.8913796424057182 17.036 0.01
0.8917010264002784 17.005 0.012
0.8923320607822461 17.013 0.016
0.892341502025738 17.02 0.016
0.8924712733322849 16.996 0.01
0.8940147037486895 16.993 0.012
0.8969485655678909 16.977 0.011
0.8974810670501029 17.047 0.01
0.8984667980093036 17.033 0.01
0.9008512466843058 17.054 0.015
0.9011851965832648 17.017 0.013
0.9034835322544496 17.037 0.011
0.9046022264416479 16.991 0.009
0.9058999324187426 17.055 0.015
0.9061132903151702 17.029 0.016
0.9064067273542605 17.033 0.017
0.9086261338960867 17.035 0.013
0.9094335973204807 16.991 0.01
0.9095690645498508 17.059 0.016
0.9103253740930995 17.029 0.012
0.9109147374018903 17.061 0.011
0.9109930649997523 16.999 0.014
0.9119926753818618 17.038 0.012
0.9120201236190951 17.023 0.014
0.9122168099173905 17.058 0.011
0.9122901415577417 17.001 0.01
0.9143824377305464 17.014 0.016
0.9147142959558551 17.027 0.015
0.9152073618564828 17.065 0.013
0.9182836221360958 17.058 0.013
0.9191317373219136 17.045 0.014
0.9197361721675407 17.049 0.015
0.9200305240734906 17.037 0.011
0.9210257739281588 17.009 0.016
0.9218057426352516 17.016 0.011
0.9222667586131138 17.03 0.014
0.9224268939268768 17.067 0.013
0.9246767169674058 17.064 0.014
0.9247452795952086 17.086 0.016
0.9260239745739455 17.1 0.014
0.9276911358656662 17.007 0.013
0.928377306785842 17.028 0.013
0.9295879258310379 17.09 0.012
0.9309842483718512 17.04 0.01
0.9325243709348797 17.052 0.021
0.9333006954820121 17.066 0.011
0.9346929724837537 17.09 0.014
0.935131589767957 17.029 0.011
0.9358164028793908 17.08 0.009
0.9358199021259225 17.025 0.011
0.935998601116944 17.048 0.013
0.9363768781096496 17.06 0.013
0.9365284941531172 17.006 0.01
0.9380618014155516 17.079 0.013
0.9383189368294552 17.101 0.014
0.9385405137781163 17.091 0.016
0.9386855430983815 17.087 0.012
0.9409468443749575 17.113 0.016
0.9411208755140251 17.076 0.011
0.9415064780113426 17.009 0.01
0.9419173648947435 17.081 0.01
0.9421005299531316 17.08 0.015
0.9425347052359939 17.093 0.016
0.9442847630060897 17.104 0.013
0.9451778871974966 17.08 0.019
0.9455304259344303 17.086 0.014
0.9459009104151846 17.105 0.015
0.9460631456030569 17.117 0.016
0.9464968489609419 17.096 0.015
0.9472628441902998 17.089 0.01
0.9475358243788833 17.105 0.016
0.9482122319608607 16.994 0.012
0.9488607910215251 17.054 0.013
0.9500241103316057 17.062 0.014
0.9504573975406402 17.025 0.01
0.9506704224148962 17.131 0.018
0.9518386124554127 17.055 0.012
0.9519744241923945 17.093 0.016
0.9523406454849465 17.071 0.012
0.9524104406949846 17.082 0.018
0.9533497911649192 17.072 0.012
0.95435143525483 17.073 0.016
0.955212743574657 17.03 0.012
0.9562943415802693 17.085 0.01
0.956762538148405 17.032 0.011
0.9569913137428557 17.128 0.016
0.9572069186166573 17.084 0.015
0.958468920120049 17.098 0.011
0.9594675336037654 17.05 0.011
0.960991915837576 17.063 0.011
0.9630377073894124 17.063 0.017
0.9655734751744603 17.128 0.013
0.9659577778283165 17.072 0.016
0.966570342588193 17.09 0.012
0.9669444548266256 17.1 0.01
0.9670019045087429 17.083 0.013
0.9676408194462965 17.113 0.013
0.9678065642723596 17.118 0.016
0.9693686535147436 17.048 0.01
0.9695283261998157 17.077 0.013
0.970654141380146 17.101 0.018
0.9726169287231642 17.085 0.01
0.9737489664320492 17.108 0.016
0.9756083895171287 17.127 0.015
0.9771444216939017 17.14 0.017
0.9772788827284785 17.123 0.016
0.9775852892402327 17.1 0.019
0.9776755516917547 17.142 0.019
0.9779728658480963 17.11 0.015
0.9799025374758458 17.113 0.01
0.9810069404706155 17.169 0.018
0.981947002928473 17.051 0.01
0.984835470766393 17.063 0.011
0.984884571253042 17.106 0.016
0.9857157343089057 17.129 0.013
0.985720276934353 17.132 0.013
0.9864266810440313 17.145 0.016
0.990164621877193 17.113 0.01
0.9915209461409177 17.127 0.013
0.991985336138805 17.11 0.01
0.9920512438410697 17.103 0.015
0.9924407081474783 17.121 0.013
0.9943654986544971 17.062 0.015
0.9950328242713568 17.069 0.012
0.9966182839451904 17.098 0.01
0.9984386772071275 17.059 0.011
0.9991045777536783 17.123 0.011
