0.0006184187049257384 17.538 0.024
0.004533343995171912 17.551 0.025
0.007559974861942487 17.471 0.015
0.00785074442628686 17.501 0.014
0.007930858055624435 17.502 0.015
0.009361472535965754 17.485 0.023
0.009381862613190628 17.51 0.019
0.00945579465987978 17.494 0.014
0.010231299308907205 17.492 0.026
0.011506710770299855 17.524 0.019
0.011661525443196319 17.544 0.017
0.01313463809028692 17.513 0.019
0.013683759622290403 17.472 0.023
0.014141056344124103 17.515 0.015
0.015057771541614806 17.508 0.018
0.016013245454269076 17.564 0.02
0.0169748597285434 17.47 0.021
0.01733996899238266 17.495 0.021
0.017925796759664103 17.501 0.02
0.019731076409607362 17.462 0.026
0.020326843338261846 17.49 0.019
0.020648056546997418 17.512 0.02
0.021395761489111487 17.511 0.016
0.021410106303301313 17.527 0.018
0.02357368735047205 17.473 0.02
0.02538186426900213 17.513 0.026
0.027035850190623045 17.518 0.019
0.028888778259806736 17.512 0.019
0.03269014869183595 17.511 0.02
0.032944073094222426 17.514 0.019
0.03412842874095079 17.589 0.015
0.03430022955799361 17.495 0.016
0.034512279469163354 17.485 0.017
0.034750094736773485 17.498 0.015
0.03599344733711407 17.525 0.02
0.03691948962878089 17.561 0.02
0.03731389289023357 17.512 0.015
0.03788022559174353 17.517 0.02
0.03870940852848437 17.486 0.029
0.03904861611899835 17.453 0.018
0.03938743275457457 17.513 0.025
0.0394532221802365 17.603 0.018
0.0396113031632922 17.595 0.022
0.040363901115051726 17.501 0.039
0.04188633010053311 17.56 0.019
0.04200128924039748 17.522 0.023
0.04214152507338442 17.515 0.019
0.04304956267915261 17.498 0.018
0.043118753429007506 17.539 0.019
0.04364682898940375 17.531 0.025
0.04401082461063199 17.527 0.024
0.04437416185592158 17.575 0.02
0.04493258596121452 17.567 0.022
0.04500839803895362 17.522 0.022
0.04585507769515973 17.551 0.029
0.04678413935871506 17.5 0.027
0.04922668108101791 17.53 0.016
0.05059742538642242 17.535 0.02
0.05123597472938857 17.55 0.019
0.05176846885333364 17.558 0.023
0.0524309176093084 17.5 0.029
0.05348796895523267 17.486 0.019
0.05408096462942924 17.505 0.018
0.055016805852028505 17.511 0.018
0.055084338988672266 17.517 0.02
0.05602673474677433 17.538 0.017
0.05604096894094257 17.486 0.017
0.05751243558361241 17.527 0.021
0.05758865022507964 17.539 0.014
0.05813423920189964 17.515 0.023
0.05892557395545739 17.511 0.019
0.05941380298227161 17.548 0.021
0.06128210210536056 17.519 0.019
0.06132220196959681 17.586 0.026
0.061651852350587455 17.497 0.022
0.0621425979983542 17.509 0.016
0.06260770560893436 17.571 0.022
0.06377043921966108 17.55 0.022
0.06444882478936054 17.583 0.027
0.06554074734540338 17.536 0.017
0.06604873377218612 17.551 0.02
0.06636741496586185 17.553 0.031
0.06723938801351326 17.601 0.023
0.06749530306697127 17.517 0.018
0.06777400910814324 17.533 0.018
0.06831947337414024 17.556 0.019
0.06875952540522123 17.558 0.023
0.06936863282262495 17.535 0.02
0.06971826432427408 17.486 0.025
0.06988919073992295 17.592 0.022
0.06996564580085762 17.51 0.023
0.07035176242552554 17.544 0.019
0.07113629831283108 17.557 0.018
0.07116688988426179 17.518 0.018
0.07215391847594221 17.55 0.027
0.07280877367238647 17.509 0.02
0.07330052494980921 17.495 0.017
0.07363632090928152 17.518 0.02
0.07549582021092649 17.547 0.015
0.0758333791885889 17.524 0.017
0.07622314277286935 17.565 0.023
0.07634588958526367 17.554 0.017
0.0763585896978839 17.536 0.017
0.07646045777019028 17.563 0.021
0.0772775964900575 17.571 0.024
0.07751102410693422 17.585 0.02
0.07790868598240197 17.524 0.015
0.08013819016505297 17.51 0.019
0.08054089558609123 17.542 0.022
0.08090210325499358 17.531 0.016
0.08112585273865991 17.569 0.019
0.08221462729889029 17.554 0.026
0.08238604107318681 17.513 0.02
0.0827769336941856 17.486 0.024
0.084674782753973 17.609 0.02
0.08604327277216728 17.555 0.024
0.08733238476033878 17.535 0.021
0.08829137831471601 17.532 0.014
0.08897770209059674 17.573 0.019
0.0906363302987302 17.569 0.02
0.09126706484166791 17.548 0.021
0.09149030126845903 17.565 0.02
0.09232402878424184 17.588 0.021
0.0928688487651016 17.533 0.022
0.09538687083331754 17.587 0.02
0.09558028468509294 17.521 0.021
0.09566718557052811 17.517 0.021
0.0966510918673521 17.571 0.02
0.09668126809028765 17.565 0.019
0.09723151095968208 17.565 0.028
0.09790650029426617 17.552 0.021
0.0986520602649762 17.481 0.023
0.1001558621914228 17.575 0.018
0.10064473680940866 17.598 0.024
0.10128049559025387 17.548 0.016
0.10220867894204277 17.573 0.028
0.10374820469078261 17.566 0.026
0.10532998688395312 17.523 0.017
0.10552267035054685 17.589 0.025
0.1070925317320871 17.611 0.018
0.10769054003631029 17.548 0.018
0.10778409577178538 17.522 0.031
0.10872989285453516 17.59 0.017
0.10893501788759752 17.556 0.015
0.10908479932040793 17.539 0.022
0.11109220002472286 17.559 0.018
0.11218438751930082 17.586 0.023
0.11262480350196702 17.535 0.018
0.11459043642380484 17.573 0.023
0.11513969427360271 17.607 0.02
0.1160366533762498 17.589 0.023
0.11655571961036904 17.585 0.019
0.11741120026536 17.576 0.024
0.11894052712741532 17.571 0.02
0.11986467647548116 17.64 0.024
0.12138306754686701 17.58 0.019
0.12165586333903766 17.576 0.017
0.12359120563305614 17.556 0.022
0.12367808851731743 17.581 0.026
0.12393582711265472 17.643 0.029
0.12533169509370046 17.557 0.018
0.12851213761259705 17.533 0.017
0.12851427227851664 17.585 0.029
0.12948897631795253 17.559 0.022
0.13006360987164944 17.546 0.018
0.1323670744090122 17.553 0.026
0.13241398213940547 17.548 0.02
0.13261232252298205 17.617 0.019
0.13401248944810495 17.536 0.02
0.13512921164274294 17.546 0.022
0.1363697762893934 17.565 0.02
0.13660457857749853 17.529 0.019
0.137716122212987 17.618 0.021
0.138301834271624 17.531 0.019
0.1391820785624076 17.545 0.015
0.14307975916144633 17.574 0.021
0.14628058405960465 17.575 0.02
0.14646357269557475 17.557 0.02
0.14835965482634483 17.555 0.027
0.148583912277354 17.563 0.02
0.1507364174293797 17.604 0.023
0.15091403339411036 17.615 0.019
0.15175755853797446 17.556 0.021
0.15254323898207067 17.579 0.019
0.1541607217813179 17.586 0.019
0.15416488570954234 17.53 0.024
0.15527290839909247 17.584 0.019
0.15591810867899758 17.57 0.017
0.15625429298634108 17.64 0.026
0.1567815095394507 17.575 0.027
0.15693231590867063 17.579 0.023
0.15769871600596153 17.566 0.019
0.15812799308550884 17.589 0.02
0.15816595828382551 17.53 0.02
0.15888761623173187 17.553 0.026
0.15940866920518593 17.599 0.018
0.16016126846025136 17.567 0.017
0.1616509982108254 17.588 0.02
0.16348557446635814 17.593 0.022
0.16452580168506747 17.62 0.02
0.16593807074505085 17.569 0.019
0.1666046487311177 17.567 0.02
0.16871829876381517 17.576 0.029
0.16878168858183917 17.568 0.017
0.16925257651510028 17.594 0.021
0.17009711120081183 17.601 0.02
0.17071702057173743 17.586 0.018
0.17216787080851637 17.567 0.025
0.1730716660835241 17.574 0.021
0.17423412705684305 17.595 0.03
0.17541897006221907 17.598 0.029
0.1760590277866867 17.567 0.019
0.17725938325374946 17.524 0.02
0.17741192694065822 17.604 0.024
0.17817411040814468 17.579 0.019
0.1793052391202763 17.582 0.021
0.1802898913214448 17.668 0.027
0.18282689018396914 17.601 0.013
0.18301531710530972 17.544 0.019
0.18327777899539788 17.628 0.022
0.1838435960302376 17.588 0.023
0.18545682619460413 17.554 0.02
0.18644588535280482 17.59 0.033
0.1885009357796661 17.617 0.021
0.18941337133892366 17.596 0.019
0.1898943154468724 17.655 0.027
0.19044860393059926 17.606 0.021
0.19072616162829936 17.604 0.026
0.19241560512946299 17.616 0.019
0.1931905954173998 17.62 0.018
0.19458865467859132 17.604 0.017
0.1946357977389197 17.585 0.018
0.19503536025549684 17.588 0.017
0.19507209610164855 17.566 0.019
0.19529372252727617 17.648 0.02
0.19543896838276842 17.591 0.024
0.19688994724074282 17.567 0.017
0.19728809777907363 17.579 0.029
0.19786741862426416 17.596 0.019
0.1987266671643737 17.584 0.022
0.1999405701411887 17.606 0.024
0.2006443803324145 17.555 0.019
0.20161305450155842 17.622 0.02
0.20422779060427265 17.629 0.021
0.20505482596208813 17.602 0.025
0.20556683099803186 17.62 0.043
0.2060584639588341 17.581 0.024
0.20673458754426965 17.551 0.025
0.20864741148843668 17.585 0.026
0.2095621386428319 17.597 0.034
0.21010154734167363 17.596 0.021
0.2110636618866919 17.583 0.02
0.21149065767658604 17.568 0.019
0.21167580928558882 17.598 0.019
0.21209046121603015 17.627 0.02
0.2124208329818429 17.621 0.024
0.2128367605731909 17.567 0.014
0.21368390828174588 17.659 0.026
0.2153595509402293 17.609 0.02
0.21569349126493753 17.664 0.033
0.21577546822700233 17.57 0.02
0.2161493643983703 17.552 0.016
0.2178545479941021 17.585 0.019
0.21798999622242254 17.635 0.022
0.21830582645670793 17.616 0.021
0.21903952601442134 17.612 0.019
0.21907701415821057 17.642 0.023
0.2191453072913645 17.644 0.022
0.2192940753970105 17.579 0.022
0.21952702465787288 17.645 0.024
0.22009170874562178 17.625 0.018
0.220548361180954 17.637 0.022
0.22746839431274557 17.611 0.025
0.2276116534298125 17.569 0.019
0.2276764462252685 17.632 0.027
0.2278496127127254 17.644 0.023
0.22864308343641815 17.678 0.028
0.22952800092789394 17.697 0.024
0.23062959640028557 17.638 0.025
0.23117329504148065 17.587 0.023
0.23321554256053778 17.651 0.022
0.23390386598784962 17.634 0.021
0.2346109218791752 17.571 0.021
0.23633571755399307 17.603 0.019
0.23739822649022235 17.58 0.025
0.2382027487141385 17.632 0.025
0.23826123130620536 17.612 0.024
0.23867740322875752 17.684 0.024
0.24012083992365651 17.607 0.019
0.24098813337868696 17.597 0.034
0.2410229788896685 17.612 0.02
0.2420921387632915 17.638 0.02
0.2421252096477473 17.648 0.025
0.24237372146390035 17.622 0.022
0.24338555230351622 17.64 0.02
0.24469027576506042 17.672 0.02
0.24552146735404667 17.595 0.013
0.24707044099650366 17.595 0.015
0.2472867525433684 17.594 0.019
0.2474116469337786 17.6 0.031
0.24860568710791986 17.618 0.021
0.2486177686327209 17.622 0.022
0.24887447329219858 17.676 0.028
0.24897279341521417 17.644 0.026
0.24977055538547566 17.624 0.018
0.2504050668125273 17.623 0.024
0.25168564131345184 17.63 0.019
0.25322252573314463 17.606 0.021
0.2533334469584587 17.607 0.02
0.253959649833996 17.619 0.021
0.2569676562501626 17.622 0.016
0.2575803990188432 17.645 0.019
0.2607163128040155 17.611 0.024
0.26082107945003363 17.637 0.026
0.26236879673742797 17.596 0.025
0.2630158873538675 17.569 0.028
0.2643478884641808 17.605 0.02
0.2645260907978808 17.645 0.021
0.26531770458259407 17.61 0.019
0.2658763370140149 17.553 0.024
0.2661651069260187 17.644 0.013
0.26618773068130386 17.602 0.02
0.2677212471711754 17.58 0.023
0.268461512873182 17.639 0.023
0.26901514806868354 17.579 0.02
0.2692634078570335 17.613 0.017
0.274283458566424 17.616 0.02
0.27452267681146614 17.612 0.021
0.27524900144080666 17.616 0.028
0.27534733578013393 17.639 0.022
0.2760043706479336 17.591 0.021
0.2760735240903158 17.643 0.02
0.27622507245305306 17.521 0.014
0.2766729379804018 17.566 0.018
0.27674627204978597 17.638 0.018
0.2767505362930023 17.652 0.018
0.28033594491207614 17.578 0.016
0.280849975298588 17.664 0.025
0.28282716899175275 17.635 0.024
0.2831070053720395 17.61 0.02
0.2835357358739201 17.605 0.024
0.28374830275461127 17.662 0.024
0.2845444071102974 17.614 0.022
0.2848475102277006 17.605 0.019
0.2853179121069842 17.654 0.024
0.28638176101358104 17.656 0.018
0.28648123078382914 17.625 0.019
0.2870253306849917 17.611 0.021
0.28828966103483245 17.639 0.02
0.29066568294765593 17.588 0.019
0.29120334662948144 17.656 0.024
0.2927671537476271 17.639 0.02
0.29355333055118527 17.669 0.02
0.29475933132507626 17.629 0.021
0.29544663242486413 17.611 0.019
0.29558360194769184 17.657 0.027
0.2964326836926374 17.636 0.02
0.29655027516209875 17.63 0.023
0.29691461412576237 17.656 0.023
0.29721319457839845 17.628 0.019
0.2980826240035639 17.623 0.02
0.3012025765814541 17.606 0.017
0.3035457513309665 17.69 0.021
0.3043699229423509 17.655 0.02
0.30688731102818556 17.632 0.022
0.30828210397921785 17.621 0.021
0.30837564810590257 17.625 0.02
0.3109100030300396 17.646 0.019
0.3109809504052463 17.591 0.019
0.31180335378339796 17.631 0.018
0.31182322049917266 17.641 0.022
0.3119634550288537 17.618 0.023
0.3123159928012682 17.672 0.029
0.3135672372995031 17.653 0.019
0.31364296197480135 17.686 0.018
0.3143224984945845 17.666 0.018
0.3152627466728517 17.649 0.039
0.3153203342548294 17.633 0.023
0.3164773903398781 17.672 0.025
0.31658630291294676 17.595 0.023
0.31714635762855314 17.633 0.029
0.3178246338824464 17.58 0.019
0.3192390376083494 17.658 0.026
0.3196590918199944 17.613 0.024
0.32038942605722687 17.63 0.019
0.322311547485151 17.638 0.018
0.32272886644514065 17.635 0.026
0.32377309427138234 17.602 0.029
0.32417015947330574 17.663 0.039
0.3244669769086612 17.679 0.019
0.3250209721444661 17.657 0.021
0.32759597481563096 17.63 0.022
0.32795855976237354 17.617 0.023
0.3292527139914454 17.596 0.017
0.33140560618576265 17.623 0.018
0.33152773192832674 17.598 0.024
0.3321955649647861 17.612 0.018
0.3325679591474908 17.637 0.022
0.3328024103970164 17.664 0.024
0.33322246200023065 17.599 0.018
0.3336743371359261 17.632 0.016
0.33438745890034616 17.673 0.025
0.33519703875972473 17.617 0.018
0.3373007895455884 17.66 0.025
0.3380839134546476 17.624 0.023
0.33956811621410443 17.684 0.021
0.34011747177137286 17.622 0.016
0.3407459250237479 17.609 0.026
0.3407600281147096 17.605 0.022
0.3410294186700411 17.624 0.021
0.34183435754712255 17.636 0.024
0.3429697762016075 17.68 0.018
0.3441401830790709 17.682 0.048
0.3444609012334694 17.65 0.027
0.34784532944231605 17.625 0.022
0.34835618352863085 17.602 0.023
0.34924826501528505 17.654 0.021
0.3492776966362725 17.644 0.017
0.3503947621728911 17.632 0.023
0.35095632787797504 17.637 0.022
0.35215049145826915 17.643 0.017
0.3524590084652117 17.637 0.022
0.3524869200949978 17.627 0.018
0.35353610784968614 17.605 0.027
0.35370762963557345 17.642 0.023
0.35449304644353097 17.622 0.018
0.3545517913684306 17.588 0.017
0.35591135946278873 17.655 0.021
0.35678495281663336 17.611 0.03
0.3575251002006552 17.667 0.027
0.3577959940497748 17.582 0.024
0.35786290220621586 17.634 0.02
0.35978451696919356 17.645 0.024
0.3600270092223581 17.647 0.021
0.3602555232204394 17.623 0.02
0.3609945376569157 17.602 0.016
0.3613531116920057 17.618 0.021
0.3617925413504053 17.698 0.029
0.36269039937487824 17.611 0.024
0.36344399265126404 17.658 0.017
0.36345858049198787 17.65 0.016
0.36430538485856223 17.622 0.023
0.36461376554725566 17.675 0.029
0.3647957601619054 17.644 0.014
0.365340737070619 17.646 0.018
0.36632158407919624 17.621 0.02
0.3667226601923175 17.665 0.02
0.3681637178919117 17.597 0.023
0.3688113061711191 17.648 0.022
0.3688245193392503 17.638 0.022
0.3690125309107315 17.609 0.026
0.36935210623814774 17.634 0.022
0.3693674386799102 17.606 0.028
0.3695687997391359 17.62 0.022
0.3696020223359482 17.62 0.025
0.37039409138596957 17.654 0.017
0.37292015967286707 17.614 0.022
0.3745884878011565 17.656 0.024
0.3757849056682061 17.627 0.023
0.3765898342402578 17.631 0.025
0.37813677222711695 17.643 0.022
0.3782913631788687 17.626 0.022
0.37842679979839877 17.628 0.021
0.3786939489777068 17.609 0.024
0.3787853828347578 17.63 0.029
0.37906092927223645 17.628 0.018
0.37927083421291163 17.556 0.023
0.379441116342059 17.639 0.017
0.3806443600782585 17.609 0.022
0.38075717033498213 17.645 0.024
0.38102239956915573 17.63 0.019
0.3827734865693855 17.656 0.02
0.3836009244900196 17.629 0.029
0.3839855069071745 17.626 0.017
0.3848294346138572 17.655 0.024
0.3850505157655788 17.624 0.017
0.385749427731207 17.649 0.035
0.38577608039931865 17.64 0.024
0.38590625236010956 17.643 0.016
0.3875242457337662 17.587 0.03
0.38892407062066914 17.632 0.03
0.3893026463851128 17.631 0.023
0.3894319490358611 17.628 0.029
0.38948322641354016 17.656 0.018
0.3900962341216654 17.63 0.024
0.39163086425414795 17.613 0.017
0.39171991011189666 17.636 0.024
0.39230372022611837 17.652 0.023
0.3923671061319509 17.624 0.02
0.3929409976939495 17.628 0.029
0.3937826364130159 17.633 0.021
0.39513214833223165 17.697 0.029
0.39517840407952454 17.682 0.022
0.39570850120471723 17.638 0.025
0.39711651632605927 17.645 0.026
0.3973110631253802 17.611 0.018
0.3975133011930665 17.656 0.028
0.3978865839930221 17.633 0.017
0.39979863894077416 17.629 0.014
0.3999999999999999 17.721 0.021
0.4001938035029524 17.62 0.019
0.4003521481221468 17.612 0.021
0.4008967250760178 17.621 0.02
0.40121090030461337 17.626 0.019
0.4014503692723337 17.596 0.022
0.4028636272645598 17.636 0.025
0.40373507303902434 17.611 0.022
0.4046238818222263 17.604 0.028
0.4055827171445343 17.654 0.04
0.40571869903842517 17.642 0.026
0.40664446869177473 17.612 0.016
0.4066992940196541 17.606 0.019
0.4072513012123635 17.623 0.027
0.40792492748314535 17.677 0.034
0.409110304155456 17.648 0.03
0.41152756918509104 17.676 0.023
0.4123912169829054 17.601 0.019
0.4132724642980974 17.605 0.017
0.41672115933342857 17.65 0.018
0.41710588837431706 17.632 0.022
0.4173994265865075 17.633 0.024
0.41850845620992905 17.631 0.02
0.4185594108561417 17.62 0.017
0.41856255884922566 17.646 0.023
0.41864693672177955 17.66 0.019
0.42121574880948165 17.588 0.019
0.4222284437459165 17.636 0.021
0.42226166894979533 17.641 0.023
0.4224672839476624 17.585 0.019
0.4246106189342753 17.673 0.017
0.4247512341129549 17.674 0.028
0.42580038586347646 17.651 0.023
0.42588148712038665 17.606 0.022
0.42594024104655537 17.616 0.021
0.42717957634195036 17.546 0.03
0.42768201516755644 17.671 0.018
0.4280847372869174 17.59 0.018
0.4288310366440782 17.613 0.017
0.43222487543735033 17.673 0.029
0.4323077783241387 17.648 0.017
0.43446887105792475 17.631 0.023
0.43479056523156023 17.642 0.023
0.435360564198072 17.642 0.028
0.4369692820013369 17.626 0.02
0.43821813589365766 17.649 0.027
0.4387282672922992 17.591 0.02
0.4395603488032065 17.636 0.023
0.44021535831998326 17.569 0.023
0.4402462816255137 17.669 0.022
0.4420490472624805 17.611 0.019
0.4426201572631725 17.605 0.021
0.44339602455956983 17.611 0.019
0.44350170812904244 17.553 0.02
0.44369072141889765 17.636 0.026
0.44432645319684516 17.622 0.023
0.44514710255807577 17.658 0.027
0.4458232351447804 17.644 0.017
0.44662174680470335 17.65 0.021
0.4469457119638718 17.659 0.024
0.44755417639807993 17.681 0.019
0.44756110897415047 17.631 0.021
0.4505317635652317 17.624 0.029
0.45176214732637154 17.648 0.024
0.4534410215959723 17.625 0.027
0.45400122163064216 17.679 0.025
0.4563445443085583 17.621 0.027
0.4565276576539872 17.621 0.023
0.4589339548005227 17.606 0.024
0.46018309933278934 17.609 0.022
0.4611945482169175 17.607 0.024
0.4615678091053268 17.623 0.022
0.4622883341056876 17.644 0.029
0.4638249715857454 17.648 0.022
0.46437649272447734 17.633 0.023
0.464728913484032 17.586 0.019
0.46501713681882384 17.621 0.019
0.4653062770761607 17.607 0.021
0.4675107488964385 17.637 0.019
0.47027362942699247 17.583 0.027
0.47302495688418267 17.643 0.021
0.473112493055305 17.632 0.018
0.47493486946805197 17.634 0.017
0.47599030950859733 17.556 0.023
0.4787242920850985 17.623 0.03
0.4805571014107044 17.654 0.02
0.4809675971104297 17.642 0.022
0.4824698996557344 17.619 0.021
0.4834425937382547 17.66 0.031
0.48344472840462904 17.585 0.017
0.485329370688214 17.593 0.02
0.485661267659816 17.622 0.025
0.48573485506167335 17.659 0.016
0.48805265541104736 17.652 0.026
0.48838265813574244 17.592 0.022
0.4887970901312655 17.644 0.023
0.4894056548804655 17.574 0.025
0.48946741148065476 17.612 0.019
0.49050612901410195 17.596 0.018
0.4906108956596653 17.628 0.024
0.49191087912859066 17.535 0.019
0.49223960488907315 17.583 0.016
0.49251400937864664 17.621 0.018
0.49338774935622487 17.53 0.021
0.49399268123524953 17.59 0.013
0.49424182703287434 17.628 0.028
0.4947783577680638 17.643 0.027
0.4968482635844338 17.589 0.017
0.4975548205096856 17.597 0.019
0.5007341326876484 17.609 0.017
0.5008840427421091 17.637 0.018
0.501871208956254 17.605 0.019
0.502056089231155 17.613 0.031
0.5037700507340559 17.597 0.021
0.5043738625776313 17.608 0.018
0.5048706727942771 17.594 0.025
0.5052263212536672 17.613 0.019
0.5073259017184681 17.599 0.021
0.5081635179170916 17.584 0.022
0.5101660076092229 17.566 0.024
0.511542689165617 17.613 0.021
0.5129853684742557 17.586 0.019
0.5130786939684185 17.588 0.022
0.513484800715014 17.638 0.02
0.5139162844683597 17.581 0.019
0.5152850407306687 17.636 0.022
0.5157832063126989 17.647 0.018
0.516183900473061 17.566 0.026
0.5177107403264017 17.557 0.019
0.5178126110062294 17.535 0.023
0.51812629366068 17.609 0.019
0.5181817362703441 17.638 0.018
0.5184902429736212 17.612 0.02
0.5187314827839146 17.538 0.016
0.5200118039519112 17.57 0.021
0.5207532166922647 17.584 0.022
0.5220674806636453 17.628 0.018
0.5221981759867959 17.629 0.037
0.5236442566200822 17.603 0.022
0.5245730392520273 17.617 0.019
0.525800039690148 17.6 0.023
0.5261070444043071 17.656 0.03
0.5263004685606575 17.618 0.015
0.526346771919998 17.569 0.022
0.5275201917760569 17.636 0.02
0.5284111262239094 17.587 0.019
0.529286211262297 17.637 0.017
0.5297116844530138 17.57 0.021
0.5298036185789897 17.649 0.021
0.529955166941727 17.624 0.019
0.5300144211381849 17.528 0.017
0.5307046452056966 17.531 0.02
0.5310913648976566 17.62 0.02
0.5323328541648152 17.636 0.034
0.5328594290398542 17.633 0.018
0.532959553400724 17.63 0.023
0.5332386130879968 17.544 0.017
0.5334491507059284 17.59 0.023
0.5337516198423146 17.602 0.02
0.5343691438223687 17.579 0.02
0.5357920927339365 17.516 0.017
0.5364999382312817 17.562 0.026
0.5380900083668166 17.625 0.017
0.5384854288671704 17.512 0.027
0.5398565641266032 17.524 0.016
0.5413388533328544 17.666 0.034
0.542742569510574 17.608 0.017
0.54389321129147 17.593 0.025
0.544822137940082 17.596 0.017
0.5460983170932195 17.55 0.025
0.5463628339452044 17.526 0.026
0.5469239970870149 17.577 0.016
0.5486911958290875 17.503 0.019
0.5488203428543784 17.607 0.019
0.5491466896177372 17.617 0.015
0.5493635078295483 17.6 0.016
0.5497865917181116 17.552 0.026
0.5499693746354751 17.502 0.024
0.5504085226542884 17.603 0.021
0.5504258817494702 17.584 0.015
0.5507366530449872 17.597 0.017
0.5507379093991404 17.592 0.023
0.5511913045251277 17.619 0.022
0.551269907164533 17.592 0.024
0.5533859671089886 17.642 0.024
0.5540281441066327 17.542 0.019
0.5542199363475447 17.617 0.019
0.5544302412430625 17.57 0.024
0.5553435538116901 17.59 0.021
0.5564232868295221 17.666 0.029
0.5585058888467757 17.547 0.022
0.5587151688063386 17.574 0.024
0.5603675344231306 17.533 0.029
0.5605239784030346 17.573 0.028
0.5607230851759596 17.549 0.029
0.5609916977331523 17.603 0.021
0.5611613458817374 17.592 0.02
0.5617862910998156 17.556 0.02
0.5618544685234156 17.575 0.014
0.5620516746552312 17.571 0.018
0.5630912678929235 17.591 0.028
0.5648560580279082 17.535 0.019
0.571276401675641 17.577 0.024
0.571488362881064 17.58 0.025
0.5723404332105929 17.597 0.022
0.5728550525731407 17.591 0.022
0.5731903585678083 17.622 0.032
0.5743717012359412 17.528 0.023
0.5748903662110024 17.551 0.022
0.5749023230267994 17.483 0.021
0.5753446306483966 17.556 0.022
0.5759054620570169 17.541 0.024
0.5781184777591989 17.525 0.018
0.5797914507806127 17.514 0.021
0.5803362810660474 17.545 0.023
0.5812851888348632 17.581 0.025
0.582528796070983 17.611 0.025
0.584991709868882 17.585 0.016
0.5868728402082525 17.573 0.021
0.5879315581682022 17.598 0.023
0.5885510804959267 17.547 0.025
0.5887928063588334 17.575 0.027
0.5888519332378565 17.578 0.019
0.5902836793624374 17.507 0.019
0.5927170432227286 17.554 0.014
0.5935968168545515 17.568 0.02
0.5975073042740405 17.677 0.032
0.597522284373008 17.492 0.018
0.5988046078004118 17.541 0.02
0.5994940975728241 17.578 0.023
0.5999009386154285 17.586 0.023
0.6032555738596784 17.511 0.019
0.6039807411456423 17.481 0.021
0.6042218587275784 17.611 0.022
0.6048026468619355 17.559 0.014
0.6060584436349018 17.586 0.02
0.6066189870129165 17.467 0.016
0.6067441244289512 17.575 0.017
0.6075718053774836 17.567 0.012
0.6095647519522572 17.535 0.021
0.6105806888021107 17.528 0.024
0.6106706232771103 17.57 0.016
0.6112450021959376 17.611 0.018
0.6113649932716726 17.46 0.021
0.6114182189025087 17.406 0.018
0.6115328951012998 17.487 0.015
0.6119101939015309 17.541 0.018
0.6120930372184376 17.603 0.024
0.6131335370750094 17.545 0.021
0.6132401940566524 17.542 0.019
0.6146630066490616 17.525 0.019
0.6150384344213308 17.535 0.015
0.6183118153916439 17.472 0.02
0.6204578213177229 17.634 0.028
0.6221472391192947 17.586 0.025
0.6227512952940742 17.527 0.015
0.6235884434421678 17.412 0.027
0.6236064069093118 17.528 0.021
0.6246827372964617 17.538 0.025
0.6249521548551457 17.551 0.024
0.6260239406646179 17.491 0.028
0.6265145602987104 17.592 0.021
0.6270511026417808 17.397 0.017
0.6270754933260833 17.422 0.016
0.6272993521255558 17.467 0.021
0.6274570550671342 17.473 0.024
0.6302503779383187 17.5 0.017
0.6313699767937578 17.485 0.015
0.6318239968990383 17.472 0.016
0.6324849436681689 17.384 0.017
0.632543544577311 17.418 0.02
0.6330385608620418 17.495 0.018
0.633466134018272 17.633 0.022
0.6337393284633436 17.493 0.015
0.6337667514311761 17.453 0.017
0.6342318281271219 17.511 0.022
0.634273207563092 17.502 0.017
0.6351890560566972 17.575 0.013
0.6359934676605917 17.576 0.024
0.6361655141121446 17.532 0.022
0.6366220585354313 17.515 0.014
0.6367141276763505 17.514 0.02
0.637939860151073 17.496 0.021
0.6386725939959433 17.54 0.016
0.6388398631464952 17.536 0.014
0.640011664001031 17.56 0.02
0.6407682625594134 17.521 0.019
0.6426998331829964 17.434 0.024
0.6437158960474335 17.493 0.015
0.6453634907578817 17.552 0.02
0.6454434590663368 17.513 0.022
0.6478495452783136 17.449 0.02
0.6478879014306586 17.51 0.026
0.6478942026327786 17.396 0.016
0.6493903389904517 17.55 0.02
0.6502050871044048 17.673 0.031
0.6505075215408397 17.502 0.027
0.6512587461251315 17.522 0.02
0.6525114039053733 17.407 0.019
0.6531548372571706 17.446 0.015
0.6536049544632988 17.556 0.021
0.6536967895784983 17.441 0.019
0.653829106511148 17.435 0.021
0.6545531408486568 17.543 0.018
0.6546163943488864 17.495 0.015
0.6548297019184247 17.48 0.017
0.6560425992660385 17.525 0.021
0.6562732569313084 17.55 0.016
0.6564649527703296 17.504 0.017
0.6575161144768572 17.404 0.015
0.6579751549101275 17.513 0.02
0.6585057753963156 17.522 0.018
0.660227304761429 17.487 0.017
0.6613568491715341 17.501 0.022
0.6623018399503963 17.439 0.021
0.6628267958234574 17.446 0.019
0.6630872760637431 17.328 0.02
0.6634562740113324 17.487 0.02
0.6640388264671856 17.572 0.033
0.6643908665777417 17.523 0.019
0.6673271759276759 17.484 0.023
0.6679407096056821 17.456 0.023
0.668274748940712 17.42 0.022
0.6687066120415693 17.469 0.019
0.6692306986027688 17.51 0.028
0.6697485932776545 17.458 0.018
0.6719419995073622 17.391 0.017
0.6727450351367225 17.482 0.016
0.6760312396258087 17.524 0.016
0.6760575399515801 17.517 0.018
0.6761336182738887 17.408 0.017
0.6761340966299031 17.481 0.022
0.6762117206430048 17.481 0.02
0.676582857167341 17.508 0.022
0.6767708983492412 17.402 0.021
0.6773035171835545 17.477 0.019
0.6786870979198284 17.472 0.016
0.6793560639038333 17.425 0.015
0.6794211974342034 17.507 0.021
0.6826123301083499 17.389 0.02
0.6829341939964252 17.517 0.024
0.6840118913591141 17.46 0.016
0.6848498792063765 17.513 0.023
0.6848649570128146 17.499 0.038
0.6851278445577919 17.392 0.015
0.6851930860997527 17.482 0.029
0.687071323080454 17.413 0.016
0.6879421451780218 17.47 0.017
0.6883480088976285 17.374 0.015
0.6888975971773107 17.428 0.023
0.6909258792278706 17.384 0.019
0.6912147841552724 17.4 0.014
0.6921257074212918 17.404 0.022
0.6935281685486189 17.372 0.018
0.6968371241104251 17.488 0.018
0.6969523275805841 17.386 0.019
0.6971833542869718 17.538 0.015
0.6974043364265526 17.476 0.016
0.6978949547568846 17.485 0.018
0.6981537940818271 17.465 0.026
0.6981582923512178 17.498 0.025
0.6991580557554699 17.411 0.02
0.6993565131519063 17.387 0.021
0.7009780531710931 17.42 0.014
0.7011750136679439 17.42 0.018
0.7012319672689046 17.36 0.017
0.7019722509725398 17.384 0.017
0.702433300058965 17.354 0.018
0.702857030841551 17.394 0.019
0.7035185742828617 17.36 0.022
0.7038380501739084 17.428 0.02
0.7047290746308136 17.402 0.021
0.7058590189966708 17.396 0.017
0.7059461642142196 17.381 0.017
0.7060770845613661 17.445 0.021
0.7067166086202633 17.455 0.015
0.7079775672549659 17.399 0.019
0.7085230212172974 17.421 0.021
0.7090354159039635 17.448 0.017
0.710072756158661 17.39 0.02
0.7109661853127364 17.402 0.02
0.7110163979654317 17.47 0.021
0.7122402374965532 17.395 0.018
0.7124762987472423 17.458 0.015
0.7130184877027205 17.387 0.016
0.7144262121841166 17.401 0.021
0.7147227723757169 17.413 0.018
0.7152576944130488 17.42 0.015
0.715804758376089 17.424 0.021
0.7168688966188711 17.383 0.025
0.718713041691808 17.357 0.017
0.719326408136476 17.462 0.017
0.7204408477377001 17.397 0.017
0.7205545402179269 17.44 0.022
0.7212792188423919 17.404 0.013
0.723092553711831 17.392 0.018
0.7231535426193659 17.468 0.019
0.7234672265771224 17.384 0.017
0.723573616136855 17.459 0.031
0.7236093283503578 17.406 0.02
0.7260125275974133 17.377 0.016
0.7269421962395427 17.407 0.015
0.7269691215446074 17.404 0.017
0.7277703915491657 17.503 0.023
0.7280021705531908 17.436 0.016
0.7302589909972085 17.391 0.02
0.7308696891081127 17.438 0.016
0.7309165891423618 17.421 0.023
0.7313842107645542 17.368 0.021
0.7315025789270294 17.468 0.015
0.7322657114104004 17.366 0.017
0.7324701073624965 17.43 0.02
0.7326456541499283 17.447 0.023
0.732919971237061 17.424 0.017
0.7329291374911918 17.39 0.021
0.7333914648446808 17.386 0.018
0.7336744621319667 17.385 0.015
0.7338946636672518 17.37 0.015
0.7339952869937406 17.409 0.015
0.734410696312716 17.397 0.019
0.735475957198014 17.389 0.017
0.736255715785228 17.413 0.016
0.7366356675264797 17.41 0.018
0.7373675140564956 17.389 0.025
0.7383749443337365 17.435 0.021
0.7388620533269205 17.397 0.021
0.7393566812646896 17.38 0.018
0.7416187560605977 17.348 0.022
0.7424963603256401 17.379 0.013
0.7429425772401373 17.429 0.019
0.7430202038598509 17.429 0.019
0.744052620191178 17.387 0.013
0.7440656867369398 17.397 0.02
0.7443842702245093 17.391 0.021
0.7445340606585887 17.426 0.022
0.7456142823370101 17.427 0.018
0.7465947886115828 17.402 0.019
0.7470113282710372 17.452 0.017
0.7481881353618519 17.389 0.014
0.7484174170525876 17.433 0.022
0.7486975260711916 17.393 0.023
0.7487305776498033 17.412 0.021
0.7501151678015049 17.366 0.016
0.7525979560122323 17.408 0.021
0.7528679741548331 17.414 0.017
0.7529632105955898 17.424 0.015
0.7534358191491265 17.42 0.018
0.7545871026085479 17.383 0.016
0.7554393195609009 17.401 0.02
0.755574132503989 17.386 0.016
0.7558086904613447 17.374 0.019
0.7565118846727273 17.396 0.018
0.757847649755513 17.399 0.016
0.7578557049754636 17.374 0.018
0.7588366999119899 17.415 0.018
0.7597188628455115 17.464 0.021
0.7599579563797306 17.45 0.022
0.7603501953657542 17.35 0.022
0.761099908959659 17.343 0.017
0.7611861861691068 17.387 0.017
0.7633433593054179 17.414 0.02
0.763373426211183 17.376 0.013
0.7635594381303236 17.403 0.016
0.7642701409821712 17.368 0.023
0.7653241279507711 17.361 0.025
0.7654986627143444 17.402 0.014
0.7656867989957391 17.356 0.023
0.767341807246703 17.371 0.016
0.7683437992385734 17.423 0.015
0.7691138823005531 17.418 0.019
0.7691830357438448 17.398 0.018
0.7694821215567572 17.382 0.02
0.7728237892664765 17.424 0.023
0.7732004630874144 17.401 0.02
0.7743383083519803 17.357 0.014
0.774565308752608 17.377 0.019
0.7746192570715721 17.39 0.019
0.7752231769276478 17.4 0.024
0.776198648657919 17.382 0.022
0.7770970313480575 17.391 0.019
0.777361283258324 17.429 0.017
0.7773714461417512 17.391 0.021
0.7788610408773821 17.383 0.018
0.7789561449111716 17.405 0.018
0.7793006274636355 17.398 0.014
0.7793263928182569 17.413 0.018
0.7796974110273368 17.412 0.019
0.7798235823805953 17.383 0.029
0.7806273510026586 17.436 0.021
0.7817008047308264 17.412 0.019
0.7834736204744331 17.398 0.018
0.7835490802093773 17.388 0.023
0.7841042213052788 17.38 0.017
0.7852430515908054 17.412 0.019
0.7854818878821789 17.377 0.02
0.785693928792989 17.371 0.02
0.786306536545817 17.406 0.017
0.7877268531286973 17.391 0.015
0.7908046379674488 17.367 0.025
0.7909392438872601 17.399 0.016
0.7918817360490721 17.391 0.016
0.7923185320736593 17.416 0.027
0.7932465830166621 17.424 0.014
0.7932988917249532 17.392 0.02
0.7934712095096984 17.367 0.016
0.794128209677092 17.36 0.019
0.7957735180074451 17.391 0.016
0.7964212039936683 17.357 0.022
0.7971431396689695 17.402 0.022
0.7977176369053268 17.372 0.024
0.7986421772078757 17.419 0.017
0.7995262124753936 17.399 0.016
0.8001339259157249 17.46 0.015
0.8008352168784768 17.368 0.017
0.8009781840513824 17.382 0.02
0.8027739181010475 17.384 0.018
0.8038186808984392 17.431 0.015
0.8046067364279225 17.376 0.013
0.8046844607551066 17.374 0.017
0.8055978235437579 17.44 0.02
0.8060759860908547 17.392 0.018
0.8063065100453969 17.446 0.02
0.806400324201968 17.399 0.015
0.8079860053834637 17.396 0.017
0.8105475428568752 17.364 0.014
0.8107172103113044 17.419 0.017
0.8111393091789069 17.461 0.017
0.8112464561267189 17.466 0.021
0.8119038446406194 17.405 0.014
0.8120397892274923 17.354 0.014
0.8123887970526994 17.386 0.016
0.8130864436638149 17.438 0.023
0.8133769585923801 17.422 0.015
0.8134763139563802 17.41 0.02
0.8136945544505579 17.469 0.018
0.8139903366458384 17.386 0.017
0.8141882834665012 17.376 0.022
0.814512522566838 17.411 0.016
0.8166068164595345 17.425 0.015
0.8191000465839352 17.412 0.015
0.8196992251436314 17.359 0.014
0.8197387026351862 17.425 0.019
0.8207620890301769 17.381 0.013
0.820957665854985 17.389 0.018
0.8218585291591808 17.428 0.016
0.8220366195704628 17.444 0.025
0.8235851161602114 17.46 0.021
0.8236801622755593 17.422 0.018
0.8245790336271966 17.436 0.017
0.8258305661564919 17.391 0.023
0.8259729096529554 17.375 0.016
0.826407697025752 17.359 0.018
0.8265196315777757 17.394 0.015
0.8274410392808932 17.464 0.021
0.8288969317585725 17.453 0.022
0.8293771055672551 17.326 0.018
0.8297993137515732 17.456 0.016
0.8304992030401991 17.422 0.02
0.8313370738746017 17.408 0.014
0.8313550746492183 17.383 0.016
0.8321235220113522 17.46 0.021
0.8329197343804481 17.423 0.016
0.8336090891374625 17.426 0.017
0.8343991842342803 17.496 0.024
0.8344713506561675 17.319 0.018
0.8350756575549895 17.42 0.019
0.8355442591086103 17.407 0.021
0.835609555960582 17.42 0.023
0.8364529743966159 17.398 0.022
0.838303262439149 17.378 0.017
0.8388586838704214 17.508 0.019
0.8409568394430608 17.331 0.021
0.8412139234473216 17.366 0.016
0.8414068486375982 17.406 0.013
0.8419601160961975 17.393 0.014
0.8424661028715491 17.47 0.026
0.8426188818897572 17.47 0.017
0.8445444033381136 17.379 0.024
0.845791892863781 17.387 0.019
0.8474772007433785 17.397 0.018
0.8475612249689221 17.409 0.014
0.847812859080841 17.374 0.018
0.8489106918836115 17.406 0.014
0.8489927177619393 17.435 0.021
0.8501873803092167 17.414 0.022
0.851259555768047 17.419 0.021
0.8515452907894542 17.4 0.019
0.85362488622186 17.39 0.018
0.855114990229049 17.464 0.019
0.8551758351199169 17.37 0.023
0.85686593960545 17.422 0.024
0.8578344697588364 17.414 0.016
0.8597264162684951 17.4 0.027
0.8601999584447185 17.439 0.02
0.8602145025837672 17.466 0.021
0.8602767684555147 17.362 0.019
0.8607012669293909 17.482 0.019
0.8607472770421737 17.427 0.022
0.8614159780858245 17.432 0.021
0.8620332564313685 17.434 0.019
0.8625324289472701 17.382 0.016
0.8629453499528609 17.427 0.022
0.8667653178330511 17.471 0.024
0.8668576300009591 17.424 0.024
0.8671486348952385 17.414 0.024
0.8689524215564234 17.444 0.019
0.8699281402263296 17.49 0.022
0.8705562051312882 17.394 0.019
0.8708456090256732 17.47 0.02
0.8728112316424813 17.407 0.017
0.8731080464698607 17.445 0.023
0.8738435399613081 17.417 0.015
0.874880356853646 17.4 0.021
0.8755316384016624 17.44 0.016
0.8763416966170553 17.404 0.023
0.8765505882305661 17.391 0.015
0.8766134790825163 17.366 0.015
0.8771269874117934 17.479 0.019
0.8771585536991552 17.402 0.021
0.8791653127240352 17.388 0.014
0.8794567149656359 17.41 0.016
0.8794816290113886 17.45 0.021
0.8807776735765401 17.442 0.017
0.882107541323785 17.432 0.012
0.8833186923515314 17.396 0.02
0.8843647025008977 17.443 0.024
0.8846701988326459 17.385 0.014
0.887423302219213 17.455 0.021
0.8889802937736931 17.428 0.022
0.8892070434489142 17.47 0.015
0.8908494505980343 17.43 0.023
0.8913717574436305 17.471 0.02
0.892347863156283 17.439 0.016
0.8932512584764482 17.421 0.013
0.8934322371555027 17.412 0.017
0.8941088854066038 17.42 0.015
0.8954547426686986 17.445 0.024
0.896165918787483 17.404 0.021
0.896543373214081 17.441 0.015
0.8968249546109291 17.425 0.015
0.8971527506604616 17.463 0.018
0.8975265002085507 17.422 0.021
0.8978531286114958 17.414 0.013
0.8986313865128978 17.471 0.019
0.8991778641078781 17.484 0.019
0.900042378609578 17.391 0.014
0.9001327991376457 17.398 0.016
0.9023606869262949 17.472 0.018
0.9032924902352534 17.445 0.015
0.903553240506335 17.475 0.019
0.9037110514595043 17.473 0.018
0.9047269046926886 17.429 0.016
0.9053495609236052 17.513 0.016
0.9056544283634139 17.429 0.018
0.9070246776131171 17.409 0.015
0.9075369552869234 17.492 0.022
0.9086983823230185 17.431 0.019
0.9095006772635316 17.453 0.018
0.909727960606142 17.539 0.022
0.9099236287451277 17.513 0.018
0.9102785558201504 17.505 0.016
0.9106739634084079 17.449 0.014
0.9111381734004681 17.432 0.019
0.9111690066955817 17.444 0.029
0.9114785010264314 17.45 0.027
0.9121175210279034 17.507 0.024
0.9124888195723543 17.451 0.015
0.9125988534837234 17.468 0.015
0.9129165367447968 17.427 0.021
0.9139267086660766 17.425 0.016
0.9146894991121371 17.433 0.019
0.9156512510102403 17.398 0.019
0.9158164111935548 17.404 0.02
0.9173037259428384 17.427 0.015
0.9180616284678763 17.467 0.014
0.9181349265340032 17.421 0.011
0.9182139072148857 17.424 0.022
0.9185481908815746 17.436 0.018
0.9203400220311778 17.457 0.014
0.9204066884643908 17.468 0.014
0.9207945384959203 17.434 0.025
0.921647876787938 17.465 0.022
0.9224008926970783 17.416 0.022
0.9228833117912473 17.428 0.02
0.9229897373546919 17.517 0.019
0.9230580124853077 17.455 0.017
0.9238971409780788 17.445 0.015
0.9241272019693497 17.469 0.021
0.9244859933318367 17.491 0.021
0.9246360280980298 17.435 0.023
0.9251753184788868 17.479 0.021
0.9255008255417124 17.444 0.02
0.926197448520179 17.509 0.017
0.9268730834432063 17.519 0.025
0.9304362077386031 17.466 0.021
0.9317859678998502 17.455 0.016
0.9332705500059092 17.519 0.016
0.9333075288790497 17.462 0.015
0.9334171821414202 17.448 0.021
0.9336775247596961 17.436 0.015
0.9342068772829407 17.472 0.025
0.934410892584674 17.506 0.021
0.9350809682995532 17.446 0.017
0.9354504768220068 17.454 0.016
0.9363338704109992 17.445 0.015
0.9369105216195749 17.419 0.019
0.9380841974147188 17.442 0.016
0.9383031605970246 17.388 0.019
0.9386317976517603 17.497 0.018
0.9386906788962733 17.488 0.014
0.9390001732266683 17.466 0.015
0.9391375194876673 17.507 0.028
0.939919043700138 17.471 0.021
0.9406034565312439 17.477 0.02
0.9412399869164801 17.421 0.013
0.9412771021083245 17.514 0.025
0.9416618041463153 17.429 0.016
0.9418771216727692 17.491 0.014
0.9421070257357315 17.48 0.016
0.9421677716158229 17.429 0.04
0.9423727642419181 17.55 0.027
0.9427373822358277 17.448 0.016
0.9428896712878668 17.456 0.02
0.942964763285454 17.45 0.013
0.9436785087267708 17.449 0.019
0.944355774261021 17.455 0.022
0.9446040224410354 17.485 0.023
0.9448042621610512 17.44 0.017
0.9451389354775529 17.434 0.016
0.945570942593713 17.439 0.022
0.9459653471598358 17.45 0.02
0.9468609522004044 17.437 0.012
0.9489395240006161 17.464 0.021
0.9498029274685905 17.405 0.023
0.9506499761659143 17.444 0.016
0.953436258448528 17.432 0.017
0.9542504805926001 17.413 0.027
0.9549112730404886 17.427 0.014
0.9557839893863275 17.526 0.022
0.9562254186952487 17.489 0.015
0.9563386096018803 17.485 0.022
0.9569268176700462 17.438 0.021
0.9576702403668605 17.468 0.02
0.9577535122947666 17.494 0.02
0.9579918355288101 17.476 0.02
0.959640165838573 17.528 0.03
0.9630313813044268 17.495 0.014
0.9631189148680278 17.448 0.021
0.9637420944613041 17.482 0.019
0.9650040728173735 17.484 0.03
0.9651763739042508 17.439 0.021
0.9652996209855701 17.454 0.02
0.965656793346534 17.413 0.017
0.9657994158741531 17.501 0.016
0.967390892898402 17.464 0.015
0.967609983399052 17.483 0.014
0.967951188033021 17.493 0.022
0.9684253564922983 17.564 0.023
0.9684959129139316 17.573 0.025
0.9690987088237307 17.47 0.019
0.969190136285215 17.498 0.019
0.9702006978581267 17.541 0.025
0.9710989249228078 17.489 0.018
0.9733480411854544 17.452 0.021
0.9737700050385684 17.465 0.019
0.9742889233451933 17.429 0.017
0.9751683176313236 17.434 0.019
0.9757204251394797 17.48 0.014
0.9760204972766587 17.429 0.019
0.9781219577720549 17.494 0.021
0.97843121677206 17.498 0.024
0.9788682674328811 17.47 0.023
0.9812673143600478 17.557 0.021
0.981919291592385 17.446 0.023
0.9834343070373507 17.505 0.019
0.9836416889642351 17.542 0.024
0.9841240180479872 17.512 0.018
0.9851735478408955 17.464 0.019
0.9859433955729401 17.502 0.028
0.9869721662475058 17.485 0.027
0.988297390405387 17.456 0.016
0.9883992610852147 17.501 0.015
0.9917029506845211 17.485 0.02
0.9920408800075166 17.481 0.026
0.9921109477667415 17.52 0.018
0.9944465881766519 17.529 0.017
0.9946791258734266 17.461 0.018
0.9946895716988365 17.496 0.016
0.994857716554543 17.442 0.02
0.9952269794424865 17.485 0.021
0.9961413169461594 17.492 0.017
0.99718105680804 17.501 0.016
0.9977763144660458 17.47 0.024
0.99823976446296 17.453 0.019
0.9990998900110754 17.488 0.018
0.9993440424845176 17.516 0.026
