0.0007118291873666749 16.089 0.007
0.0012080913238605717 16.092 0.008
0.0018540913133620052 16.099 0.008
0.004951954801981628 16.087 0.007
0.006772354900022037 16.088 0.007
0.006855888071640948 16.087 0.007
0.007951373488594982 16.11 0.009
0.008955667502050346 16.112 0.008
0.008972668683782103 16.111 0.008
0.009244014742762374 16.093 0.009
0.009398308964136959 16.096 0.008
0.010600553661788581 16.088 0.008
0.012628952409613703 16.081 0.009
0.012842343337069906 16.095 0.007
0.013866042050722172 16.103 0.009
0.01571419853644329 16.093 0.008
0.01677162226087603 16.1 0.007
0.01696270125967203 16.105 0.008
0.017044501538293844 16.108 0.008
0.02554320444824043 16.122 0.009
0.02665131167486834 16.109 0.008
0.027116841412407666 16.101 0.008
0.02833601851034473 16.087 0.009
0.029909452981200957 16.12 0.008
0.03003621495099651 16.122 0.007
0.03159166587283835 16.105 0.008
0.03204512242768942 16.117 0.009
0.0328682001118068 16.136 0.009
0.03298203520034804 16.125 0.009
0.033061964427588464 16.113 0.009
0.038340650428381196 16.116 0.008
0.03979466615919591 16.12 0.009
0.040080351354845334 16.116 0.008
0.042839506962991436 16.11 0.008
0.04374903942562014 16.125 0.009
0.044502987409487105 16.136 0.008
0.04462031437515179 16.083 0.009
0.045436352271735814 16.142 0.009
0.048667143805687374 16.126 0.008
0.05062875930298105 16.14 0.009
0.05243380735782921 16.129 0.007
0.05244867792680452 16.127 0.009
0.05308418509002877 16.134 0.009
0.05361897542070437 16.124 0.009
0.05416515941487887 16.124 0.009
0.05468211873221662 16.132 0.008
0.05916614576108259 16.126 0.009
0.05973235186365855 16.149 0.008
0.060744760086436145 16.141 0.009
0.06133709893356354 16.117 0.008
0.061776954128617945 16.116 0.01
0.0626069484137588 16.157 0.009
0.06328022939305811 16.136 0.009
0.06809000970088164 16.15 0.01
0.07083695456230998 16.131 0.009
0.071600563316224 16.125 0.009
0.07161189872158502 16.132 0.009
0.07301824357682563 16.116 0.01
0.07382831892641661 16.133 0.007
0.07656967568846085 16.144 0.009
0.07660887065458155 16.146 0.008
0.0768860866119212 16.135 0.009
0.07766078336226201 16.132 0.009
0.07831226220105236 16.137 0.009
0.08233396512196123 16.135 0.008
0.08546845803380165 16.142 0.009
0.08743269896058337 16.142 0.008
0.09105224504855869 16.14 0.008
0.09181933070749437 16.145 0.007
0.09327159412578112 16.129 0.008
0.09364341405671439 16.141 0.008
0.09439305975138268 16.149 0.009
0.09440568319041631 16.137 0.008
0.0951758541102663 16.16 0.008
0.0965422302024308 16.152 0.01
0.09767598810435629 16.139 0.008
0.0981960326830631 16.135 0.007
0.09819849890595833 16.149 0.01
0.09894307236640998 16.159 0.009
0.09942771729811284 16.156 0.009
0.10000638763312963 16.147 0.009
0.10224917524237753 16.156 0.008
0.10322488689007514 16.163 0.009
0.10390706758971646 16.161 0.008
0.10890221175714032 16.136 0.009
0.10974029920271278 16.159 0.009
0.10991281163364874 16.16 0.008
0.1149296143007632 16.159 0.008
0.11502115243229127 16.146 0.009
0.11630414344062956 16.155 0.009
0.11660282652292153 16.159 0.008
0.11803863679233473 16.16 0.009
0.11824776871662834 16.167 0.007
0.1235004184754871 16.148 0.01
0.12396583229246971 16.162 0.009
0.12890579484633236 16.157 0.009
0.1296887206935935 16.173 0.008
0.13154925988055766 16.156 0.007
0.13257578814682347 16.161 0.007
0.13386874499678925 16.185 0.009
0.1339126682864844 16.169 0.009
0.1354710563819026 16.147 0.007
0.13558748636205564 16.188 0.008
0.1371811693015843 16.186 0.008
0.13958169142279075 16.149 0.009
0.1407196595600908 16.167 0.009
0.14112949626678528 16.178 0.009
0.14130579289849265 16.203 0.009
0.14145985527784433 16.175 0.007
0.1420271902075001 16.172 0.008
0.14264161521759888 16.196 0.008
0.14468677218633275 16.188 0.008
0.14797194989250784 16.169 0.009
0.1492315084456095 16.165 0.007
0.15072535152330602 16.165 0.01
0.15365099045720854 16.181 0.008
0.15366539837577875 16.177 0.01
0.16016254756323178 16.167 0.009
0.16158642888512986 16.177 0.009
0.1621580383834953 16.182 0.008
0.16353943698504736 16.199 0.009
0.16519555760055482 16.182 0.009
0.16626671861945397 16.189 0.008
0.16898577842448503 16.177 0.008
0.16993828782960918 16.197 0.009
0.17200201358946288 16.175 0.009
0.17325263195471052 16.182 0.008
0.17551691885682885 16.188 0.009
0.17553490907721425 16.184 0.008
0.17614946779895035 16.184 0.01
0.17617521334705089 16.182 0.009
0.1772244840235544 16.188 0.008
0.17798701331412303 16.22 0.009
0.17949069519318073 16.202 0.008
0.18008550026297598 16.195 0.009
0.18169962852743993 16.193 0.009
0.18408467823792307 16.189 0.009
0.1846691152979929 16.198 0.009
0.18488730333137937 16.203 0.009
0.18912367024154264 16.195 0.01
0.18957085310057664 16.189 0.009
0.19294235024472073 16.191 0.009
0.19567919777682619 16.202 0.009
0.195874566316661 16.206 0.009
0.19693651201941975 16.206 0.009
0.1981184633336852 16.209 0.007
0.19823385936024351 16.208 0.009
0.2002871011895877 16.228 0.009
0.20363089798001965 16.211 0.011
0.20520748486569573 16.189 0.007
0.20646408905008684 16.205 0.009
0.2072060803666318 16.22 0.01
0.20790216141995188 16.213 0.009
0.20922962212171115 16.209 0.009
0.2121950190253301 16.213 0.009
0.21525692149225506 16.213 0.009
0.2163074690843132 16.234 0.009
0.21758190042919523 16.218 0.008
0.21950019225528195 16.231 0.009
0.22326527545055797 16.218 0.009
0.22374592538835714 16.206 0.008
0.22583113102200514 16.228 0.009
0.22754784049948285 16.219 0.009
0.22771038041764768 16.239 0.009
0.2299355045208813 16.227 0.007
0.23137643031031985 16.229 0.009
0.2329097001959326 16.194 0.009
0.2332289279233919 16.217 0.009
0.23347316494755432 16.209 0.009
0.23422337809347482 16.22 0.009
0.23441878991934573 16.229 0.009
0.23465921887600416 16.239 0.009
0.2348759857591176 16.202 0.008
0.2351155848837152 16.236 0.01
0.2358834249209849 16.219 0.009
0.23757448979995388 16.221 0.009
0.23828871198065826 16.228 0.008
0.2388110635756675 16.235 0.009
0.23938511987807942 16.223 0.01
0.24359139566513477 16.228 0.009
0.24702335463143754 16.212 0.009
0.2491474823268618 16.23 0.009
0.2511669408868329 16.221 0.009
0.2558658809421104 16.237 0.009
0.2561949347236805 16.228 0.009
0.2574934025906259 16.247 0.009
0.258969790732408 16.217 0.008
0.259547136418405 16.231 0.008
0.2595832483466438 16.227 0.009
0.2598764376084546 16.25 0.009
0.26039018017718263 16.242 0.007
0.2637559943495944 16.225 0.008
0.26423532408671235 16.253 0.009
0.2643311839260605 16.243 0.01
0.26575663285711926 16.247 0.009
0.26647492711435916 16.235 0.009
0.27061182193938293 16.211 0.009
0.27238363312926595 16.257 0.009
0.27285097788444546 16.235 0.009
0.27311839328376664 16.234 0.009
0.2766035535614719 16.234 0.007
0.277238319094522 16.23 0.009
0.2773966710151399 16.23 0.009
0.2777306827388202 16.239 0.009
0.2784166304434166 16.239 0.008
0.2800426599360435 16.234 0.008
0.2805950899060008 16.239 0.009
0.28070976594472086 16.229 0.009
0.28174236823178944 16.244 0.008
0.28328043522333246 16.238 0.009
0.2837281017800706 16.245 0.009
0.29058389275587615 16.228 0.009
0.29189756620553453 16.252 0.008
0.2929528077311261 16.259 0.009
0.29349455794817914 16.259 0.009
0.2942201199821284 16.255 0.009
0.29633063905203016 16.245 0.008
0.2969163125594605 16.227 0.008
0.29905661545762996 16.235 0.009
0.2999044712937575 16.242 0.009
0.30108726133448727 16.265 0.008
0.3017902423880514 16.275 0.009
0.309623114574606 16.272 0.01
0.31011403764955503 16.265 0.008
0.3103286500527247 16.25 0.011
0.313794138803587 16.236 0.009
0.31410021388410314 16.232 0.009
0.31531379621083033 16.264 0.008
0.3154576192496279 16.257 0.009
0.31678203515730274 16.253 0.008
0.32471372155259814 16.247 0.009
0.32536417473738766 16.249 0.008
0.3256710153154927 16.258 0.009
0.3258965587324383 16.242 0.008
0.3270811915106151 16.257 0.009
0.3311901430211037 16.251 0.008
0.3314686642079323 16.242 0.009
0.33238850034604184 16.267 0.009
0.33244352660426557 16.24 0.009
0.33291953864363677 16.257 0.009
0.3330883999908565 16.249 0.008
0.3337971200503489 16.244 0.009
0.3339617501142129 16.248 0.009
0.33445480824957485 16.262 0.008
0.33491584432385935 16.255 0.009
0.3355371282716533 16.248 0.009
0.3379596528025104 16.262 0.01
0.34141538428184504 16.285 0.008
0.3435249980664139 16.262 0.009
0.34372005486329726 16.256 0.01
0.34724326408468187 16.266 0.009
0.3483044958766186 16.256 0.009
0.35133089492910585 16.282 0.008
0.35156033016687616 16.259 0.01
0.3555019446539518 16.251 0.009
0.3564707801683653 16.245 0.009
0.35760154768195207 16.245 0.01
0.35830822473417356 16.237 0.008
0.3605451618641382 16.238 0.009
0.36150276292300987 16.274 0.01
0.3615609027569917 16.283 0.01
0.361799112899007 16.258 0.008
0.3678359654190899 16.283 0.011
0.3687124479426984 16.258 0.009
0.37057383860496884 16.27 0.008
0.3708362810903054 16.253 0.009
0.3740357323058561 16.259 0.009
0.3742503275134368 16.249 0.008
0.3752915260779446 16.272 0.009
0.375464821201831 16.268 0.008
0.3795472572201106 16.253 0.009
0.38067221472192614 16.269 0.008
0.3807671049421515 16.275 0.009
0.38094544013301856 16.272 0.01
0.3819291223487653 16.283 0.009
0.3828123179450813 16.254 0.008
0.38287215628179183 16.271 0.008
0.3842765103113379 16.27 0.01
0.3879850789446664 16.255 0.009
0.38866492876150005 16.267 0.009
0.3888513698609586 16.265 0.009
0.3889508291981656 16.279 0.01
0.3947558490403935 16.274 0.009
0.39476453351926466 16.262 0.009
0.39600585666744337 16.237 0.01
0.40184346602268306 16.264 0.009
0.40192701861360547 16.264 0.008
0.4030764963351885 16.262 0.009
0.4036925516602423 16.253 0.009
0.4039967024737052 16.275 0.009
0.40435293407199424 16.274 0.008
0.4049391234448194 16.264 0.012
0.40497655335047966 16.247 0.009
0.4063065334903513 16.245 0.009
0.4079744948523967 16.253 0.008
0.408280976549122 16.266 0.008
0.4102243028301018 16.243 0.009
0.4103503292462847 16.246 0.009
0.4110014575035166 16.264 0.008
0.4111180466913993 16.259 0.007
0.41238669856284105 16.254 0.01
0.4130947840180852 16.249 0.007
0.41350905450144637 16.26 0.009
0.4147324068483158 16.276 0.008
0.41603262702733446 16.257 0.009
0.41884131344386333 16.273 0.009
0.42002634171876707 16.27 0.01
0.4207928166401871 16.266 0.009
0.4231063869419813 16.259 0.009
0.42586919526320344 16.27 0.008
0.42779504941290725 16.256 0.009
0.4283924044596006 16.276 0.009
0.42846174050600894 16.263 0.01
0.4318731592752556 16.254 0.009
0.43231549344181985 16.275 0.009
0.43521908667958087 16.255 0.009
0.4358201211243795 16.279 0.008
0.43632326769420615 16.297 0.009
0.4367516021866322 16.284 0.009
0.4368690883588897 16.248 0.009
0.43782409615459983 16.254 0.01
0.4386543617147254 16.257 0.009
0.44205459316617635 16.235 0.008
0.4421824600963191 16.267 0.008
0.4425178158876406 16.255 0.009
0.4443513214937411 16.252 0.009
0.44669997362325375 16.238 0.01
0.45087866497806317 16.232 0.01
0.4522883552508574 16.24 0.009
0.45377380617310337 16.25 0.008
0.45819664635018853 16.249 0.008
0.45890752918990074 16.235 0.008
0.4608076266727039 16.258 0.006
0.4612658204464424 16.229 0.01
0.4633719296066374 16.23 0.01
0.4654033858962521 16.244 0.009
0.46642984538038945 16.221 0.009
0.4670095286205651 16.208 0.008
0.4670840655703614 16.233 0.009
0.46842518811217815 16.263 0.009
0.46952999646578064 16.234 0.009
0.4741312234198176 16.231 0.009
0.4744132925170561 16.257 0.007
0.4746361528405032 16.246 0.01
0.47474914697841086 16.231 0.009
0.47490884459602967 16.237 0.009
0.4753298752916635 16.247 0.009
0.47626132196296567 16.22 0.01
0.47686728440658044 16.215 0.008
0.4771365469905504 16.251 0.008
0.4774144574394086 16.237 0.008
0.4781866729954345 16.22 0.009
0.47827118245777456 16.232 0.009
0.4796662734383972 16.23 0.009
0.48088474492487876 16.233 0.009
0.4814253580152581 16.251 0.008
0.48213533112266305 16.242 0.009
0.48303361638136266 16.217 0.009
0.48304666140757035 16.205 0.008
0.4877616202770696 16.22 0.009
0.48798697231973165 16.227 0.01
0.4887770172604178 16.234 0.011
0.4888138170090315 16.21 0.009
0.48912515569782045 16.236 0.007
0.4900184718953824 16.209 0.009
0.4910425616581051 16.189 0.009
0.4924385579229238 16.192 0.008
0.49377558452215453 16.175 0.009
0.4943481614168377 16.218 0.009
0.49542215198789563 16.222 0.008
0.4969799143736964 16.193 0.009
0.49831901332800044 16.231 0.009
0.500002331179985 16.171 0.009
0.5000193196137843 16.193 0.009
0.500490168993565 16.188 0.009
0.5023307870219469 16.199 0.009
0.5027178109071428 16.183 0.009
0.5034758936722028 16.215 0.008
0.503952741619969 16.178 0.009
0.5054675420346939 16.197 0.008
0.5072813328274606 16.19 0.007
0.5077300766242843 16.201 0.008
0.5094358118021773 16.18 0.009
0.5135411144528916 16.17 0.008
0.5146937528888884 16.181 0.009
0.5176127115114468 16.177 0.008
0.5177361879514137 16.188 0.009
0.5182472041406072 16.171 0.008
0.5191440249623156 16.165 0.009
0.5198786064906926 16.168 0.009
0.5208862608942582 16.192 0.009
0.5216632003266568 16.168 0.009
0.5241016233030678 16.189 0.009
0.5251691204903182 16.175 0.007
0.525758801739812 16.155 0.008
0.5279550644959272 16.134 0.008
0.5285059013604041 16.147 0.008
0.5301240096468973 16.145 0.008
0.531121487415021 16.137 0.009
0.5315168451979844 16.175 0.009
0.5318910237308501 16.153 0.009
0.5357169476437775 16.143 0.009
0.5361864790461368 16.156 0.009
0.5371710426809386 16.164 0.009
0.5381264937066135 16.135 0.009
0.5399334599533177 16.174 0.008
0.540757292015769 16.134 0.008
0.5422351850613722 16.161 0.009
0.5437836439291459 16.149 0.008
0.544312476160485 16.115 0.009
0.5479465511298258 16.12 0.009
0.5496059483812132 16.157 0.008
0.5503747863526769 16.139 0.009
0.5521048204318504 16.138 0.008
0.552243487483338 16.142 0.009
0.552868235587539 16.138 0.009
0.5550885992001895 16.111 0.008
0.5563959257251554 16.122 0.009
0.5591437453331309 16.134 0.009
0.5597357208507674 16.118 0.009
0.5623486559788944 16.103 0.008
0.5658992232731634 16.117 0.007
0.5670585703344386 16.107 0.009
0.569465553672444 16.099 0.009
0.5705027683620756 16.101 0.008
0.5707024907774212 16.134 0.009
0.5711674403150937 16.094 0.008
0.5746336490533395 16.086 0.009
0.5763163284477741 16.126 0.009
0.5766739490295549 16.084 0.008
0.5770511163223091 16.087 0.008
0.5781094475560167 16.057 0.008
0.5783837502067399 16.077 0.009
0.5801770995276456 16.082 0.009
0.5814861328553889 16.109 0.009
0.5846476749147769 16.074 0.007
0.5848692150368606 16.097 0.009
0.5850258401414976 16.089 0.007
0.5882793718628818 16.073 0.008
0.5893671147000532 16.033 0.008
0.5894853835652611 16.085 0.008
0.59152159367477 16.054 0.007
0.5930754320720553 16.062 0.008
0.594131619350037 16.058 0.008
0.5964839525063326 16.049 0.008
0.5968295881064023 16.056 0.008
0.5989494539801399 16.029 0.008
0.604163519510621 16.05 0.008
0.6073693609378097 16.069 0.008
0.6085160845595965 16.06 0.007
0.6093387750474903 16.043 0.008
0.6110374255222268 16.055 0.008
0.6139312614886876 16.078 0.008
0.6151307648351576 16.036 0.009
0.6179794283157207 16.027 0.008
0.6211522930325373 16.039 0.008
0.6247899480808883 16.027 0.008
0.6261621829521573 16.091 0.008
0.6262800452020656 16.043 0.008
0.6264919184773134 16.034 0.008
0.6268793744734467 16.038 0.007
0.6273264946271411 16.007 0.008
0.6283749826111489 16.039 0.007
0.6333500097975957 16.025 0.008
0.6336015251217759 16.028 0.008
0.6355384978069196 16.056 0.009
0.6407324419087672 16.007 0.008
0.6423145847261367 16.022 0.009
0.643312948359835 16.027 0.007
0.6446475536508842 16.011 0.008
0.6465264441646923 16.013 0.009
0.6470291996856758 16.026 0.009
0.649664663613521 16.048 0.009
0.6506087986531384 16.034 0.008
0.6517915886938681 16.012 0.007
0.652256914308964 16.026 0.008
0.6537057180180454 16.01 0.009
0.6558770861065568 16.038 0.008
0.6570542558811212 16.021 0.008
0.6581623758556816 16.008 0.007
0.6611367390382838 16.001 0.008
0.6629199999247248 16.032 0.007
0.6636191130246516 16.022 0.008
0.6648741779135889 16.024 0.007
0.6666622957934578 16.009 0.008
0.6688318278156657 16.025 0.009
0.6695362172715704 16.002 0.009
0.6714902233052271 16.023 0.008
0.6717456775897972 15.999 0.009
0.6719621887641551 15.989 0.008
0.6719847414301512 15.999 0.008
0.6749036118517324 16.002 0.009
0.6769538410544556 16.02 0.007
0.6771071462371765 15.986 0.008
0.6774594665955647 16.007 0.008
0.6794879774115543 16.005 0.007
0.679837907000092 16.001 0.008
0.6809296059932421 16.004 0.008
0.6817578352179225 16.015 0.007
0.6818296457877295 16.0 0.008
0.6824914620981417 15.995 0.007
0.682778113060067 16.0 0.009
0.6829146921891152 15.984 0.009
0.6850717965940021 16.011 0.007
0.685123318227852 15.983 0.007
0.6868126307945204 16.008 0.008
0.6880870061056612 15.967 0.009
0.6885923998047474 15.975 0.009
0.6927445196324697 15.981 0.007
0.6932909316155929 15.997 0.009
0.6934114192954439 15.991 0.008
0.6984616973422817 15.977 0.009
0.7010635139354235 15.98 0.007
0.7023108878320272 15.962 0.009
0.7058020145097998 15.964 0.008
0.7059439887343615 15.995 0.006
0.706492096996044 15.983 0.008
0.7090520543545153 16.009 0.01
0.709645713402324 15.991 0.008
0.7105711637295826 15.973 0.008
0.7128236181861212 15.974 0.008
0.7128799929600973 15.969 0.008
0.7153178695334645 15.99 0.008
0.7156039419251101 15.974 0.009
0.7160575704347139 15.967 0.007
0.7182069644272815 15.972 0.008
0.7239631801198811 15.983 0.009
0.7255054895131252 15.987 0.008
0.7256973295616262 15.974 0.007
0.7262548639328088 15.999 0.009
0.726358565672399 16.006 0.007
0.729247194063646 15.988 0.007
0.7304907837597057 15.973 0.008
0.7343048191928574 15.956 0.008
0.7346708513496196 15.978 0.009
0.7358162114846891 15.963 0.008
0.73615210923208 15.984 0.009
0.7365707702062991 16.017 0.009
0.7391681253034221 15.975 0.008
0.7421558064165765 15.959 0.008
0.7431677548083826 15.959 0.008
0.7435603989595165 15.976 0.008
0.7439981706802428 15.954 0.008
0.7440885045316463 15.971 0.009
0.7456733953717958 15.974 0.008
0.7463912231264658 15.995 0.007
0.7468536504070471 15.972 0.008
0.7470534416045211 15.961 0.007
0.7534529936119725 15.967 0.007
0.7551365522008382 15.954 0.008
0.7587886861729203 15.955 0.008
0.7591608372658811 16.004 0.008
0.7594897557069089 15.977 0.008
0.7614563163983803 16.003 0.007
0.7620517405061946 15.979 0.008
0.7627257226481561 15.974 0.009
0.7630250530833109 15.97 0.009
0.7655314330531837 15.981 0.008
0.7655392510860111 15.959 0.009
0.766146443305388 15.964 0.008
0.7689968075119396 15.982 0.008
0.7704343640170919 15.979 0.009
0.7706176765691453 15.975 0.009
0.7712461079249806 15.975 0.007
0.771905991667154 15.959 0.007
0.7726675424428322 15.973 0.008
0.7748381434048497 15.983 0.007
0.7750501819637066 15.978 0.008
0.7755729312789299 15.993 0.008
0.7756596573324259 15.972 0.008
0.7760091204190758 15.956 0.009
0.778627174920075 15.985 0.008
0.7790731213322033 15.984 0.007
0.779514558513938 15.978 0.008
0.780113812332047 15.977 0.009
0.7801268551345402 15.975 0.008
0.7812502883130037 15.972 0.009
0.7816947126252671 15.984 0.008
0.7821888413302531 15.978 0.009
0.7829094537223682 15.982 0.008
0.7848912199965525 15.984 0.009
0.7865131579933404 15.977 0.007
0.7881048300932889 15.998 0.009
0.7885032259982836 15.982 0.007
0.7927523711073263 15.97 0.008
0.7934550209984081 15.992 0.008
0.7959784581839813 15.987 0.009
0.7960883221453514 15.976 0.007
0.796180862063693 16.013 0.007
0.7981963749925853 15.994 0.008
0.8008864852486113 15.983 0.008
0.8011610241887865 15.987 0.008
0.8037342867305597 15.985 0.008
0.805027606909789 15.988 0.008
0.8055617587833694 15.981 0.009
0.8074664059636234 15.966 0.007
0.8075255220887811 15.969 0.008
0.8090753266537831 15.98 0.008
0.809848761461808 15.987 0.007
0.811146515417704 15.971 0.007
0.8131233281969799 15.986 0.007
0.8133202770941352 15.97 0.008
0.814111005407085 15.99 0.008
0.8159187221790489 15.987 0.008
0.8161258798786548 15.99 0.008
0.8167133206702601 15.977 0.009
0.8178074970046509 16.007 0.009
0.8210114269122641 15.989 0.008
0.8218152562853902 15.997 0.008
0.8229342235204058 15.986 0.008
0.8235219805019369 15.983 0.009
0.8262068032831849 15.997 0.008
0.8283213928007171 15.998 0.007
0.8287378671275292 16.012 0.009
0.8287982967817697 16.001 0.007
0.8322648882685826 15.993 0.008
0.8326958160237155 15.986 0.009
0.8348999051131614 15.988 0.009
0.8354048472815521 15.994 0.008
0.8382724279110789 16.0 0.007
0.8386085297804584 16.013 0.008
0.8392085213763494 15.972 0.008
0.841295251333122 15.992 0.007
0.844023240207207 15.998 0.007
0.8444583864979904 15.995 0.008
0.847820038169175 15.986 0.008
0.8501469330731197 15.99 0.007
0.8503527145373937 15.992 0.009
0.8521654153419149 15.995 0.009
0.8542912587349747 16.008 0.008
0.8554244858000857 16.004 0.008
0.8556223998689347 16.021 0.007
0.8577762725535649 16.026 0.009
0.8581056014634214 16.01 0.008
0.8582997274788795 16.004 0.009
0.8585706197832224 15.993 0.008
0.8598824377477285 15.992 0.008
0.8614870838684965 16.015 0.007
0.8624321047741432 15.997 0.008
0.8626629611615044 15.997 0.008
0.8650630750380515 16.014 0.008
0.86564436413164 15.997 0.008
0.8672607395251362 16.003 0.006
0.8672863048177533 16.006 0.008
0.8675958224121132 16.011 0.009
0.8679894084634725 16.014 0.007
0.8681051999865304 16.019 0.008
0.8685200490408533 16.03 0.008
0.8704915549260477 16.011 0.008
0.8705668185343711 15.977 0.008
0.8715277522624092 16.02 0.007
0.871869066153522 16.021 0.007
0.8746952524215885 16.014 0.008
0.8761781339471781 16.013 0.008
0.8781289942385229 16.014 0.009
0.8782134454431798 16.022 0.008
0.8794749027679245 16.036 0.009
0.8814666737225707 16.008 0.009
0.881958845992358 16.025 0.009
0.8845868274970599 16.028 0.008
0.8847757975249806 16.016 0.009
0.8879995215520466 16.026 0.009
0.8900873847824187 16.032 0.009
0.8910129510313709 16.039 0.008
0.89142944032983 16.017 0.008
0.8952658160064857 16.023 0.009
0.8971514750321603 15.985 0.008
0.8977190701180007 16.023 0.008
0.8982328126865013 16.02 0.007
0.9015945398109579 16.04 0.008
0.9058872382092886 16.03 0.008
0.9064151285404023 16.023 0.008
0.9065995100322652 16.035 0.009
0.9092383820825489 16.027 0.008
0.91011606666234 16.031 0.008
0.9104869685597805 16.017 0.008
0.9112768864602003 16.036 0.008
0.9113380733124359 16.034 0.007
0.9125353422773514 16.031 0.007
0.9132136677708331 16.034 0.009
0.9139369460608577 16.064 0.007
0.9152446209432128 16.054 0.009
0.9156605749576556 16.032 0.008
0.916004890356362 16.049 0.007
0.9165914175623584 16.037 0.008
0.9179039300188379 16.044 0.009
0.91908111254088 16.056 0.009
0.9192713960983383 16.059 0.008
0.9219757894575196 16.05 0.008
0.9233747356433923 16.019 0.008
0.9252182153913964 16.059 0.008
0.9256618309204896 16.051 0.009
0.9276379813759377 16.024 0.008
0.9288050776881391 16.041 0.008
0.9290022628742918 16.051 0.008
0.931013875681856 16.052 0.008
0.9316933427498952 16.045 0.008
0.9338771540219568 16.043 0.008
0.9365599576631212 16.066 0.007
0.937941646958734 16.051 0.009
0.9386655875728138 16.05 0.008
0.9387531434581433 16.057 0.007
0.939694932643306 16.066 0.007
0.9410050260153184 16.047 0.009
0.9418430341547719 16.055 0.007
0.9430937235256351 16.053 0.008
0.9448888296060431 16.101 0.009
0.9474386663637233 16.057 0.008
0.9474551794000945 16.064 0.007
0.9486617824209134 16.061 0.008
0.9514021861641595 16.07 0.008
0.9519924332357732 16.074 0.009
0.9533823959479832 16.082 0.007
0.9534031125481306 16.053 0.007
0.9554056192889675 16.081 0.009
0.95815461768143 16.069 0.008
0.958616088090821 16.086 0.008
0.959182128314751 16.069 0.008
0.9609101349537923 16.081 0.008
0.9677968363598666 16.086 0.008
0.9681633605148363 16.086 0.008
0.9695795380957861 16.061 0.007
0.9713128898729337 16.08 0.008
0.9736287821629048 16.09 0.008
0.9756958533403122 16.073 0.007
0.9762104368596738 16.097 0.008
0.9767171635076011 16.084 0.009
0.9771200724953815 16.072 0.009
0.9777475148121084 16.085 0.009
0.9784866654576945 16.081 0.008
0.9813833742618954 16.077 0.008
0.9834415329712556 16.087 0.009
0.9895844069949362 16.073 0.008
0.9896208755817497 16.103 0.008
0.9932699242926901 16.075 0.007
0.9949105919167778 16.086 0.008
0.9958446079840542 16.092 0.009
0.9975288760360854 16.085 0.009
0.9978636965433907 16.104 0.008
0.9991769229102374 16.1 0.009
