0.0005138811174220104 16.065 0.008
0.0008868376475220652 16.061 0.009
0.0011051265718379222 16.057 0.008
0.005595224025364609 16.059 0.009
0.0065612086595138175 16.067 0.009
0.0068451941955572915 16.048 0.008
0.006867159929151989 16.072 0.006
0.00729624069426793 16.073 0.008
0.008711060517634928 16.07 0.009
0.008758169496468349 16.062 0.007
0.010437947573359474 16.077 0.009
0.01148311099941568 16.068 0.008
0.011610164725561867 16.073 0.008
0.012431947858112857 16.06 0.008
0.013382428258319146 16.071 0.009
0.014105693438432376 16.072 0.008
0.015162813318875146 16.106 0.009
0.015300965492338059 16.092 0.008
0.016360936923001668 16.077 0.008
0.01814906396693916 16.064 0.008
0.01841290248275984 16.078 0.007
0.02069281040498938 16.066 0.009
0.02083173677683592 16.065 0.009
0.02121262523442058 16.072 0.008
0.022433627879217988 16.069 0.009
0.02270792460054738 16.085 0.007
0.0228582585493996 16.088 0.009
0.022895792403596738 16.072 0.009
0.025527217673266045 16.091 0.007
0.025835566415389644 16.07 0.009
0.02600226535323602 16.078 0.007
0.028897721142038812 16.082 0.009
0.029265569817107484 16.072 0.009
0.031685044696496356 16.081 0.008
0.0328089527600014 16.11 0.009
0.0336564503412774 16.072 0.009
0.03638614832052556 16.085 0.008
0.03744107647096373 16.093 0.008
0.037719747720893815 16.058 0.009
0.03798141408483391 16.089 0.009
0.03978938760669737 16.071 0.009
0.04039227489070074 16.09 0.009
0.044787934217674796 16.082 0.009
0.044863946145960676 16.081 0.008
0.04501960811935535 16.083 0.009
0.04510013471772256 16.071 0.009
0.04687762048379229 16.069 0.009
0.0491925140003332 16.079 0.009
0.04930552018142864 16.106 0.009
0.04932614875669972 16.084 0.008
0.050769473440504975 16.087 0.009
0.05130229713895462 16.074 0.008
0.05220041610166393 16.097 0.008
0.052558567374626386 16.111 0.009
0.053246273008790035 16.101 0.008
0.05497388377070822 16.085 0.008
0.05660035309747402 16.079 0.008
0.057052371638201316 16.088 0.009
0.057168251695566163 16.076 0.007
0.05720212339238062 16.094 0.008
0.05722646186941349 16.091 0.009
0.05746386223008815 16.1 0.007
0.05765677400179359 16.107 0.008
0.05831962285074044 16.089 0.007
0.05866734408382401 16.088 0.008
0.05904046514015138 16.081 0.009
0.059165986955940775 16.089 0.009
0.05985009466351132 16.102 0.008
0.06009228756593077 16.077 0.007
0.060265392016299324 16.085 0.007
0.06345076828974927 16.094 0.006
0.06391491021465756 16.102 0.008
0.06592625852126732 16.087 0.008
0.06627021730118943 16.089 0.009
0.0668628469706164 16.083 0.008
0.06700434976814906 16.085 0.009
0.06737401440900614 16.109 0.009
0.06899154370230465 16.104 0.009
0.07274332856777621 16.093 0.008
0.07346931718066119 16.085 0.009
0.07457417254263421 16.09 0.009
0.0751154351427431 16.09 0.009
0.0759999654445892 16.082 0.007
0.08009641905791798 16.083 0.009
0.08157027924144133 16.109 0.008
0.0842803066040233 16.105 0.009
0.08474399994670423 16.11 0.009
0.0879070288825915 16.102 0.009
0.08808997293513132 16.105 0.008
0.0885137620843125 16.103 0.008
0.09021377064586888 16.103 0.009
0.09022501094877955 16.1 0.009
0.09610948066429048 16.11 0.007
0.09804184252620873 16.116 0.008
0.09870304268260954 16.102 0.009
0.10062193335479608 16.091 0.008
0.10225889111316067 16.112 0.009
0.10326439558857603 16.115 0.009
0.10393542160900326 16.083 0.008
0.10425651783534706 16.091 0.009
0.10467142568486454 16.095 0.008
0.10499058366749525 16.134 0.009
0.10656265267393794 16.111 0.008
0.10823123166337612 16.107 0.007
0.10837717665676794 16.126 0.008
0.11101804824547801 16.1 0.009
0.11113418762888616 16.112 0.009
0.11128653813480016 16.128 0.009
0.11188702141807882 16.104 0.009
0.11214299773237146 16.105 0.009
0.11241108059984983 16.104 0.009
0.11283950154474953 16.131 0.009
0.11588715739625288 16.117 0.009
0.11596722167328155 16.129 0.009
0.11665497470758057 16.107 0.009
0.11722190710329417 16.127 0.009
0.11783644961101347 16.115 0.008
0.11897740755707675 16.124 0.008
0.11906114257922129 16.146 0.01
0.12022868637532158 16.107 0.008
0.12339837156278011 16.13 0.009
0.1253856242323309 16.122 0.009
0.1278116327420321 16.12 0.007
0.12872112527602442 16.121 0.009
0.13162845371052756 16.106 0.009
0.1319768406032381 16.122 0.008
0.1324291431996244 16.118 0.008
0.13420128136285714 16.104 0.007
0.13421136071283402 16.122 0.008
0.13440676200925739 16.122 0.007
0.13456231235195448 16.109 0.009
0.1348469243906948 16.108 0.009
0.13630028926709203 16.114 0.007
0.13713377846013375 16.132 0.008
0.1377371806160227 16.119 0.009
0.13850789722155243 16.12 0.009
0.14041591545562826 16.138 0.009
0.1404711706917624 16.121 0.008
0.14120450354212155 16.112 0.009
0.14179834774849953 16.113 0.009
0.14269073750429018 16.124 0.009
0.14287742477577015 16.127 0.008
0.14300289369648456 16.117 0.008
0.14322348323403278 16.116 0.007
0.1438056467981369 16.124 0.007
0.14494223777082882 16.1 0.009
0.1458794781409779 16.119 0.009
0.14674901393018447 16.126 0.008
0.14781444665404708 16.118 0.009
0.14827649679946264 16.113 0.008
0.14844317100786386 16.146 0.008
0.14861547584214352 16.126 0.009
0.15091554452319544 16.125 0.009
0.15125956203851276 16.136 0.009
0.1517693394227081 16.114 0.009
0.15240564707382875 16.121 0.009
0.1542148598624863 16.119 0.008
0.15518762611750392 16.124 0.008
0.15553910156031636 16.128 0.008
0.15637418345786502 16.128 0.009
0.15685206654634387 16.124 0.009
0.15708054645093628 16.132 0.008
0.15915343322913034 16.119 0.009
0.1602151371609125 16.129 0.008
0.1607236697829194 16.129 0.009
0.1611986759025058 16.143 0.009
0.1615391978463322 16.141 0.009
0.16298653572166588 16.117 0.006
0.1658113124134616 16.122 0.008
0.1664756461167599 16.122 0.007
0.17029319422763367 16.126 0.009
0.17095520499187844 16.132 0.008
0.17116421143500704 16.12 0.008
0.17169791821552283 16.126 0.009
0.1726294073972895 16.136 0.009
0.1730455321881209 16.147 0.008
0.1731479881113046 16.122 0.009
0.17350413175867063 16.185 0.01
0.17371693122404397 16.131 0.007
0.17459777979083813 16.131 0.008
0.1755552729720421 16.131 0.009
0.17685001544227819 16.154 0.009
0.17698405138107776 16.124 0.009
0.17709479850909704 16.144 0.009
0.1772142297815208 16.146 0.009
0.17748876830992233 16.112 0.008
0.18000864408727468 16.14 0.009
0.18050271389906813 16.137 0.009
0.1809532338465033 16.133 0.008
0.18144223495974077 16.134 0.008
0.1831921264250923 16.141 0.009
0.18518408851527968 16.138 0.008
0.18526409989694914 16.139 0.008
0.18647893677657523 16.153 0.009
0.18767733619315552 16.15 0.01
0.18843788448875787 16.138 0.009
0.19025034211076675 16.163 0.009
0.19216534770807814 16.141 0.008
0.19315387168321652 16.133 0.009
0.19395391509092408 16.16 0.009
0.19439020338850244 16.137 0.007
0.19479052305896405 16.132 0.009
0.19595377544751502 16.132 0.009
0.19697927340839672 16.158 0.007
0.1972083464990192 16.162 0.008
0.19876207036841154 16.167 0.009
0.19956949648203592 16.138 0.009
0.20196607549078183 16.149 0.008
0.20222448328277098 16.144 0.008
0.20471310500479378 16.135 0.007
0.20609429803098467 16.139 0.009
0.20825631517848253 16.182 0.01
0.20853077848519208 16.155 0.009
0.20886630695215447 16.145 0.009
0.21009407473158037 16.158 0.009
0.21387684573815025 16.136 0.008
0.21469078624786564 16.14 0.007
0.21532261838628985 16.156 0.008
0.2178050743433687 16.154 0.01
0.2184262006293466 16.154 0.01
0.21950709053080575 16.158 0.009
0.21969535676853413 16.155 0.009
0.22196455883740784 16.148 0.008
0.22280495502124043 16.159 0.009
0.2231874585098922 16.16 0.009
0.22351147360873258 16.146 0.008
0.22562689630503885 16.143 0.009
0.22705546622383965 16.174 0.008
0.22719395225694827 16.14 0.009
0.22985224468484378 16.145 0.007
0.23044666559055715 16.166 0.008
0.2305205386841408 16.144 0.009
0.2327717717252199 16.158 0.007
0.23565354714528441 16.15 0.007
0.23598983332421997 16.175 0.009
0.23814888385472843 16.16 0.009
0.23869217949791166 16.161 0.009
0.23964432507627864 16.184 0.008
0.24033197231974557 16.153 0.009
0.24105371417695098 16.154 0.009
0.24161439665422224 16.156 0.008
0.24191918628221176 16.154 0.008
0.24216575749360347 16.167 0.008
0.24267961504792768 16.14 0.01
0.24403405254658994 16.175 0.009
0.2456457193645406 16.158 0.008
0.24642717513975188 16.151 0.008
0.24671268674628666 16.149 0.009
0.2480464702512336 16.163 0.008
0.24893362678258202 16.17 0.009
0.2500969039005213 16.152 0.008
0.2506466916136333 16.156 0.009
0.25193423170176177 16.155 0.009
0.2532487285979187 16.156 0.009
0.25326772256439656 16.155 0.008
0.2534624334711225 16.157 0.009
0.25390882069691545 16.166 0.009
0.2550576075275558 16.169 0.008
0.2571600687546379 16.171 0.009
0.2572865461260335 16.161 0.009
0.2573709076508749 16.148 0.007
0.25806097263321137 16.158 0.009
0.26147978278745543 16.161 0.009
0.26156316162384885 16.17 0.008
0.26179551492386965 16.163 0.008
0.2634892488375954 16.183 0.009
0.26389677604120154 16.157 0.009
0.2641959261117336 16.17 0.009
0.26434334427963224 16.165 0.009
0.26840164543491485 16.152 0.008
0.2687815422726999 16.156 0.008
0.269795343449141 16.17 0.009
0.272319961964422 16.172 0.009
0.2727741193392831 16.173 0.009
0.27605172243115705 16.178 0.009
0.2761707356907209 16.171 0.009
0.27635180538632087 16.177 0.009
0.2779231166809041 16.179 0.01
0.2783533896566951 16.171 0.009
0.27869631765988745 16.164 0.009
0.2787613317813339 16.163 0.008
0.27895735168103786 16.162 0.007
0.2792195250183568 16.198 0.011
0.2817177857513343 16.168 0.01
0.28206008725182985 16.172 0.009
0.28325997667470804 16.167 0.008
0.28348882375566975 16.171 0.009
0.2841449916230886 16.189 0.008
0.285625527637103 16.182 0.008
0.2865857720729764 16.182 0.008
0.28689799799135474 16.168 0.009
0.2897591671624241 16.161 0.009
0.2898632412083316 16.172 0.008
0.2912519320073216 16.184 0.01
0.29159847511223236 16.167 0.008
0.2916643664747426 16.165 0.009
0.2917336026220255 16.167 0.008
0.29392757211271603 16.165 0.008
0.29476367894712896 16.165 0.008
0.2952838283248639 16.183 0.008
0.30081657426162567 16.181 0.007
0.3013905527561974 16.182 0.009
0.30151975905564543 16.168 0.008
0.30216263674574295 16.177 0.008
0.30412484612170376 16.183 0.008
0.3048744495053143 16.187 0.009
0.30521286009152393 16.185 0.008
0.3056857500469846 16.175 0.009
0.30670028351746625 16.184 0.009
0.3073632690708564 16.167 0.009
0.307515212555154 16.178 0.008
0.30771683629259317 16.17 0.009
0.3095281017034722 16.168 0.008
0.31026344801912276 16.167 0.01
0.3102689903734245 16.166 0.009
0.31040825953621154 16.212 0.011
0.31063637123215815 16.192 0.009
0.3125847140755923 16.184 0.009
0.31367695281905983 16.182 0.009
0.3196509200799027 16.182 0.008
0.3210888277787034 16.17 0.009
0.32134302728334196 16.174 0.008
0.32191690788558835 16.182 0.008
0.32193092520574274 16.188 0.009
0.3223966821614339 16.192 0.009
0.3248465750702052 16.187 0.009
0.3259175116800406 16.184 0.009
0.327547055474406 16.188 0.009
0.328348767153011 16.191 0.009
0.3290929562994278 16.162 0.009
0.3293271588830975 16.178 0.009
0.32960873835863813 16.178 0.008
0.3329034861333411 16.196 0.009
0.3337759040417949 16.191 0.009
0.33617248305008607 16.18 0.008
0.33682280218126825 16.186 0.009
0.3373891747086417 16.177 0.009
0.33834391045174916 16.18 0.009
0.3389595393797662 16.164 0.007
0.33979696070300625 16.191 0.009
0.34119674136186395 16.18 0.009
0.341403274422555 16.183 0.009
0.3429917420795845 16.197 0.009
0.34446178931798377 16.181 0.009
0.3467441338695152 16.189 0.009
0.34786381131928 16.195 0.009
0.3491396460359737 16.186 0.009
0.34980978107582805 16.185 0.01
0.35033894227299234 16.182 0.009
0.35204065791813255 16.188 0.009
0.3522665555573439 16.182 0.008
0.35269033680756356 16.19 0.008
0.3552318241926513 16.19 0.009
0.35632581226755056 16.184 0.007
0.3566206819212083 16.154 0.009
0.3578756373240366 16.17 0.008
0.3610407157897497 16.169 0.007
0.36195951622303246 16.182 0.008
0.36504784187891337 16.198 0.008
0.3655855786816118 16.173 0.008
0.3664814413390558 16.19 0.009
0.36716966218946245 16.184 0.008
0.3679560279769247 16.193 0.008
0.3683369415083688 16.189 0.009
0.36901856484237205 16.176 0.009
0.3691915188498114 16.188 0.009
0.3703143878930404 16.193 0.01
0.37189543025069716 16.188 0.008
0.37290982461277045 16.204 0.009
0.3730679232156944 16.186 0.007
0.3738500728163898 16.211 0.009
0.37667865661333044 16.193 0.009
0.3767836556452493 16.191 0.009
0.37736703615055367 16.175 0.01
0.3777465822978683 16.194 0.008
0.3788318309301757 16.19 0.008
0.3790115026722787 16.2 0.011
0.38192068038986227 16.203 0.009
0.3838125895249731 16.193 0.008
0.3857654741708756 16.192 0.009
0.38584921228484736 16.186 0.011
0.3866758192169981 16.192 0.007
0.3873125809458542 16.182 0.009
0.38795450342470295 16.185 0.009
0.3881164675234685 16.182 0.007
0.3896109339561007 16.186 0.008
0.3898954879479333 16.175 0.008
0.3899261481286884 16.19 0.009
0.39018182390045686 16.195 0.008
0.3909272358271436 16.187 0.008
0.3912742467483894 16.185 0.009
0.39215748763572256 16.195 0.009
0.3924021621636711 16.203 0.008
0.3926650873728703 16.175 0.008
0.3929944274042554 16.186 0.009
0.3930636412252624 16.194 0.008
0.3934000606722292 16.187 0.008
0.3937344724938838 16.195 0.009
0.3957663106117706 16.175 0.008
0.396524162951573 16.185 0.009
0.39746820142991046 16.189 0.008
0.3982477248008762 16.198 0.009
0.3990325978344571 16.202 0.009
0.39936502641594407 16.181 0.009
0.3999999999999999 16.214 0.009
0.40079057957009345 16.182 0.009
0.4008422980179147 16.187 0.009
0.4028980459533158 16.189 0.009
0.4029581277365195 16.176 0.008
0.4050708434864645 16.19 0.007
0.4061647316106245 16.181 0.008
0.4066860000365522 16.199 0.009
0.40681573597978504 16.182 0.008
0.40700236451621086 16.186 0.009
0.4070747115391895 16.208 0.009
0.4080193236244667 16.197 0.009
0.4083340562423472 16.188 0.009
0.41047306554346497 16.198 0.009
0.41083345045117303 16.192 0.009
0.4126043551874772 16.174 0.009
0.41441752827258815 16.195 0.008
0.41533378868907667 16.194 0.009
0.4155573860597541 16.198 0.008
0.41680099262074455 16.198 0.009
0.41829854210791373 16.183 0.008
0.4219574537295556 16.203 0.008
0.42213565229669703 16.187 0.009
0.4224174069455784 16.19 0.009
0.424409850590473 16.181 0.01
0.4253964806302064 16.204 0.009
0.42661176059649497 16.183 0.008
0.4273733451642783 16.184 0.009
0.42981638123037547 16.182 0.009
0.4301267132126667 16.187 0.009
0.4302414625421078 16.196 0.008
0.4303302721022191 16.211 0.008
0.4304343382490514 16.203 0.009
0.4307105787093177 16.19 0.009
0.43166590763817103 16.192 0.008
0.4328112799580821 16.176 0.009
0.4344083139441408 16.183 0.009
0.4345376318741727 16.183 0.008
0.43638097568637013 16.162 0.008
0.4371329294862334 16.18 0.009
0.43742227327165883 16.212 0.009
0.4375692988453692 16.178 0.008
0.4387509070174018 16.178 0.009
0.4395144995550253 16.2 0.008
0.4396367882171943 16.196 0.01
0.44111512666077024 16.182 0.009
0.44249068253238866 16.189 0.009
0.44387731796180097 16.204 0.009
0.4454953817056775 16.21 0.009
0.4458787435456997 16.198 0.009
0.44788622635601305 16.186 0.009
0.4482129648876252 16.191 0.008
0.4484373199701621 16.188 0.009
0.4490504559370492 16.209 0.009
0.4493382238483945 16.2 0.009
0.45053685442589986 16.18 0.009
0.45090795308478837 16.19 0.009
0.45179046992179783 16.19 0.008
0.4530738439720152 16.202 0.008
0.45338140237381586 16.182 0.009
0.45409924472905905 16.191 0.007
0.4542338377881605 16.189 0.009
0.45711216538065846 16.195 0.009
0.45730583486467813 16.202 0.009
0.4590876257774652 16.181 0.008
0.4593163729076877 16.189 0.009
0.4605022312718119 16.185 0.008
0.46085643873484505 16.18 0.009
0.4615484866134465 16.156 0.009
0.4627076643269219 16.196 0.008
0.46359282971925486 16.188 0.009
0.4656781991592651 16.19 0.009
0.46689126197738906 16.174 0.009
0.46842418725000234 16.167 0.009
0.46880320100663075 16.197 0.008
0.46929128881358784 16.18 0.008
0.47117069296009495 16.187 0.008
0.47254466986614707 16.183 0.008
0.4738059253353639 16.171 0.009
0.4748420065269783 16.185 0.007
0.47520834596220984 16.202 0.009
0.47572788772677077 16.194 0.008
0.4759713034090054 16.193 0.009
0.4765226422668092 16.178 0.009
0.47660063743560377 16.209 0.009
0.47823858956135146 16.165 0.009
0.48239404712526257 16.195 0.009
0.4838883881883702 16.188 0.009
0.48455526465604626 16.197 0.009
0.4851135324865026 16.183 0.008
0.4853354059431694 16.194 0.009
0.48551505810692097 16.175 0.009
0.48740031098977843 16.191 0.009
0.4893638097807069 16.186 0.009
0.4905638997942332 16.184 0.009
0.4912151772283777 16.173 0.009
0.49223005314561297 16.178 0.009
0.4933055710587495 16.168 0.009
0.49396172209562783 16.17 0.009
0.494349642569341 16.184 0.01
0.4947472941061277 16.189 0.007
0.49490169448628185 16.169 0.009
0.4951522703021509 16.196 0.008
0.4955773770315317 16.18 0.009
0.496856437002998 16.177 0.009
0.4970969894560766 16.185 0.009
0.49716414550393884 16.166 0.009
0.4974225364652738 16.191 0.009
0.5005413138120729 16.172 0.008
0.5014242455698876 16.173 0.009
0.502821377328837 16.192 0.008
0.5038063421895003 16.187 0.009
0.5044978549289225 16.19 0.009
0.5049939832026324 16.164 0.008
0.5058479141183851 16.179 0.011
0.5067777013686281 16.18 0.009
0.5083233016507278 16.167 0.009
0.5084162968277268 16.184 0.007
0.5084443256279427 16.188 0.009
0.5087528502316672 16.169 0.008
0.5089453189169943 16.19 0.009
0.5098484368517346 16.187 0.009
0.5108992010226756 16.184 0.009
0.5128363533666742 16.163 0.009
0.5131524447810079 16.191 0.009
0.5164509828299741 16.172 0.009
0.5169123171684986 16.175 0.008
0.52009100387354 16.168 0.008
0.5213036236044899 16.175 0.009
0.5220324448772771 16.178 0.008
0.5224536524500762 16.176 0.009
0.5233315519182269 16.167 0.008
0.5235687152790205 16.173 0.009
0.5260909133070526 16.178 0.009
0.5262513042795489 16.172 0.009
0.5262931048122481 16.182 0.009
0.5280022206819353 16.158 0.008
0.5286405837026904 16.157 0.009
0.5288428751590799 16.184 0.007
0.5291471918196975 16.168 0.009
0.5302438394413911 16.165 0.009
0.5305481392714682 16.157 0.009
0.530608939609658 16.155 0.008
0.5318102603027 16.191 0.009
0.5371263996686593 16.145 0.008
0.5374715084111812 16.189 0.008
0.5375548147739209 16.159 0.009
0.537818811975876 16.162 0.009
0.5380337118079068 16.156 0.008
0.538113912445533 16.172 0.009
0.5383028333511901 16.168 0.008
0.5408101594879553 16.18 0.008
0.5443596862144431 16.14 0.009
0.5446230091696633 16.166 0.007
0.5462901874579074 16.166 0.008
0.5477558093315564 16.165 0.008
0.5485664023089156 16.17 0.007
0.5504632939295333 16.172 0.007
0.5510984152091623 16.159 0.009
0.5511157048398672 16.163 0.009
0.5530525841189955 16.155 0.009
0.5540930408718849 16.157 0.011
0.5547505094891902 16.201 0.009
0.5564709793519795 16.181 0.009
0.5567477487674295 16.172 0.009
0.5616580542746532 16.14 0.008
0.5625783220433731 16.175 0.009
0.5626544012942758 16.144 0.009
0.5629831982879749 16.143 0.009
0.5645444948075009 16.134 0.008
0.5661469928344558 16.167 0.008
0.5664392194275023 16.159 0.008
0.5671541377590983 16.179 0.008
0.568395747341492 16.145 0.009
0.5684638833294229 16.16 0.008
0.5687406056893223 16.142 0.008
0.5694581639885654 16.152 0.008
0.5706279750812882 16.157 0.01
0.5712160959204993 16.168 0.009
0.5734882944883792 16.167 0.008
0.5747929744523161 16.134 0.009
0.575582846457928 16.166 0.009
0.5757436633420183 16.142 0.007
0.5761709508111834 16.134 0.008
0.5764397158249266 16.142 0.007
0.5773988102986549 16.145 0.008
0.5778571368040502 16.158 0.009
0.5785333850579035 16.13 0.007
0.5793728562555542 16.124 0.008
0.5803001062362454 16.153 0.008
0.582570472351017 16.157 0.009
0.5835710499844935 16.16 0.008
0.5835860060290314 16.129 0.008
0.5837250186131313 16.156 0.009
0.5841649972343474 16.149 0.008
0.5847870622445952 16.124 0.009
0.5854506801407751 16.151 0.009
0.5854676939583441 16.163 0.008
0.5870381644203007 16.128 0.01
0.5884220228328103 16.137 0.008
0.590808967981411 16.172 0.009
0.5908466804447925 16.14 0.009
0.5909310086525692 16.172 0.01
0.5911490471825345 16.162 0.009
0.5935883262913193 16.172 0.008
0.5945674090989086 16.143 0.008
0.5947639692893971 16.147 0.008
0.5949590727913345 16.152 0.008
0.5950802612946062 16.135 0.008
0.5953327870330667 16.151 0.009
0.5959805551564386 16.147 0.009
0.596629209109119 16.114 0.009
0.597508308687702 16.143 0.009
0.5978624271905573 16.111 0.008
0.5985545887587249 16.125 0.009
0.6013299730338075 16.118 0.009
0.6015719653450105 16.153 0.009
0.6017401374573637 16.153 0.008
0.6026255621763084 16.134 0.011
0.6030191222079337 16.153 0.009
0.6037313171061895 16.151 0.008
0.6056178927214204 16.133 0.006
0.6067062326514132 16.144 0.009
0.6083322369098823 16.145 0.007
0.6084564500769374 16.115 0.009
0.6084820473992294 16.118 0.007
0.6085464851652431 16.117 0.007
0.6104784544325184 16.113 0.009
0.610546478789638 16.146 0.008
0.610652344072514 16.139 0.008
0.6107132921062202 16.121 0.009
0.6138156821379197 16.136 0.007
0.6151719854059592 16.139 0.009
0.6155733468446214 16.126 0.009
0.617055063389921 16.118 0.009
0.6172249621642094 16.123 0.008
0.6181413115408758 16.14 0.007
0.6193083404652042 16.101 0.009
0.6197658845293517 16.123 0.008
0.6219083444060742 16.14 0.009
0.6219970540147073 16.104 0.008
0.6227265770120538 16.116 0.008
0.6228273454302324 16.125 0.007
0.6245452172301156 16.11 0.008
0.6247482495677104 16.14 0.008
0.625657311038617 16.104 0.009
0.6265886020327343 16.141 0.009
0.6270500342634704 16.107 0.009
0.6273827633871405 16.137 0.008
0.6274973375433546 16.121 0.009
0.627641237813259 16.132 0.009
0.628246806970219 16.133 0.01
0.6284421278934587 16.125 0.009
0.629178538303131 16.134 0.008
0.6293812731903698 16.101 0.009
0.6298106349185217 16.129 0.008
0.6315194248285478 16.104 0.008
0.6329440450976107 16.124 0.009
0.6331285406388587 16.108 0.008
0.6336224263458461 16.129 0.008
0.635065792934165 16.124 0.009
0.6362194310408085 16.131 0.007
0.6366080034353216 16.12 0.009
0.6374527301839179 16.105 0.008
0.6384366474375383 16.115 0.008
0.6422364995844645 16.102 0.008
0.6429532809378542 16.104 0.007
0.64416043662859 16.117 0.01
0.6444981149210434 16.126 0.008
0.646740800522275 16.125 0.009
0.6471605988057489 16.128 0.007
0.6485381406654596 16.129 0.008
0.6491515692759093 16.109 0.009
0.6492808734673416 16.102 0.009
0.6504301281139759 16.101 0.008
0.6512775477259765 16.105 0.008
0.6525306954062216 16.136 0.009
0.6531342119405052 16.116 0.008
0.6531858383358666 16.118 0.008
0.653669517264825 16.108 0.008
0.6568145356115109 16.091 0.008
0.6583015853326741 16.086 0.009
0.6594629465329489 16.093 0.009
0.6596836779262047 16.115 0.007
0.6597388496978964 16.078 0.009
0.6598533819495969 16.113 0.008
0.6606020218786397 16.084 0.009
0.6607720765915928 16.09 0.009
0.6633929351168262 16.128 0.009
0.6635614723468506 16.094 0.008
0.6652482319472255 16.132 0.009
0.6653327528471435 16.099 0.009
0.6679918304645525 16.088 0.008
0.6680013774229336 16.087 0.009
0.6681220675408439 16.082 0.008
0.668807506223311 16.092 0.009
0.6695151417999567 16.051 0.008
0.6697606434217049 16.077 0.009
0.6705319923702517 16.091 0.008
0.672291924028309 16.082 0.008
0.6723883423033157 16.075 0.008
0.6763230626337644 16.083 0.009
0.6787615009102637 16.07 0.008
0.6808471348280363 16.086 0.009
0.6810518526110854 16.076 0.008
0.6818984506245669 16.058 0.009
0.6848464962632987 16.089 0.009
0.6849050296499626 16.062 0.008
0.6851774849868888 16.083 0.009
0.6858326279174434 16.088 0.01
0.6872571815521495 16.071 0.009
0.6879459035357285 16.094 0.009
0.6880841058572513 16.085 0.007
0.6890538474484855 16.107 0.009
0.690158903401334 16.091 0.008
0.6907715938786168 16.092 0.007
0.6908735878249899 16.079 0.008
0.6909192459546829 16.081 0.008
0.6929173738098142 16.105 0.009
0.6946593305996429 16.103 0.008
0.6947554483325802 16.06 0.008
0.695374499670288 16.088 0.007
0.6955255161089098 16.065 0.008
0.6972453124135654 16.066 0.008
0.698368139552167 16.084 0.008
0.6984208379411938 16.089 0.009
0.7002098233367859 16.061 0.008
0.7027409864725995 16.069 0.008
0.7033268599390339 16.058 0.008
0.7036412665961733 16.071 0.008
0.7036805690164782 16.065 0.008
0.7046176558518709 16.098 0.008
0.7046981185630101 16.102 0.009
0.704718624860925 16.09 0.009
0.7072816853855328 16.088 0.008
0.7095772620672505 16.053 0.007
0.7103690585785443 16.096 0.008
0.710739979317077 16.079 0.009
0.7108792179102692 16.079 0.009
0.7112355171523403 16.064 0.008
0.711506565948548 16.072 0.008
0.7121008027496827 16.068 0.009
0.7125650700440018 16.061 0.008
0.7137065095449997 16.053 0.009
0.7158570016444172 16.092 0.009
0.715885963329947 16.088 0.008
0.7162217758526821 16.077 0.008
0.71723210412747 16.047 0.009
0.7186267546050203 16.051 0.007
0.7198105211904476 16.07 0.009
0.7205731279472275 16.076 0.007
0.7213213835251736 16.055 0.007
0.7219614704596552 16.055 0.008
0.7227382278050755 16.087 0.008
0.7229585751914783 16.048 0.008
0.7254195861261451 16.048 0.008
0.7263978164218315 16.09 0.008
0.7264299947741165 16.082 0.009
0.7278645298664742 16.09 0.009
0.7281544757695088 16.047 0.007
0.7282500415325558 16.082 0.008
0.7288403795204431 16.048 0.008
0.7297070465846446 16.052 0.008
0.7307834805520997 16.075 0.009
0.7322526783706508 16.056 0.009
0.7323229336151599 16.068 0.008
0.7324384464958712 16.058 0.008
0.7324632108847254 16.081 0.009
0.7326747769231133 16.053 0.009
0.7329466225879969 16.056 0.009
0.734652362415909 16.051 0.008
0.7375225743197916 16.075 0.009
0.7396428046736446 16.059 0.008
0.741828675306715 16.047 0.009
0.7419264747044508 16.062 0.009
0.7424366673539226 16.066 0.01
0.7425671802428951 16.04 0.008
0.7439310671520843 16.055 0.008
0.7452135189641013 16.066 0.009
0.7457608779467592 16.059 0.007
0.7467963690445686 16.049 0.008
0.7476046614091502 16.072 0.009
0.7478979744226081 16.042 0.007
0.7479885858658918 16.047 0.008
0.7480851432491363 16.051 0.008
0.7485986442738067 16.051 0.008
0.7493729426638766 16.045 0.009
0.7497836618050769 16.05 0.008
0.7499194463870481 16.058 0.007
0.7499743117763501 16.08 0.008
0.7514387249524589 16.042 0.008
0.7527887312461644 16.031 0.007
0.7534104479697362 16.058 0.009
0.7536788372198316 16.044 0.008
0.7536845272695928 16.058 0.008
0.7558712806398035 16.047 0.008
0.7560061017674343 16.076 0.009
0.7560654151918925 16.045 0.007
0.757189467858916 16.047 0.008
0.7573575812361014 16.05 0.008
0.7587404315421736 16.057 0.007
0.7591183372409432 16.044 0.008
0.7591553754572488 16.065 0.008
0.7603493800787874 16.059 0.007
0.7613183227417949 16.051 0.008
0.7647517014969708 16.034 0.009
0.7657734091830207 16.048 0.007
0.7665829524939 16.047 0.008
0.7669497010100713 16.038 0.008
0.7669747051462764 16.039 0.009
0.7689971020967278 16.044 0.009
0.7702993083343245 16.069 0.008
0.7704767464414545 16.064 0.007
0.7726419187732972 16.031 0.006
0.7737353359890676 16.052 0.009
0.7742433114903179 16.033 0.007
0.7747548605326756 16.029 0.009
0.7756686365757105 16.05 0.009
0.776502885539594 16.062 0.008
0.7801093941640375 16.042 0.008
0.7804236335467977 16.028 0.007
0.7808063963620043 16.041 0.008
0.7818908206480956 16.048 0.009
0.7843496371049469 16.051 0.008
0.7871035176225633 16.048 0.009
0.7875124681974285 16.037 0.009
0.7898793834518983 16.011 0.006
0.7922875926105007 16.056 0.008
0.7926367372152981 16.051 0.009
0.793155668963118 16.055 0.008
0.7969874322377791 16.055 0.009
0.7972990395518537 16.038 0.007
0.7977568147763577 16.04 0.009
0.7982736969944654 16.041 0.008
0.799134715913533 16.038 0.007
0.7993459893085856 16.057 0.009
0.8000669404811106 16.036 0.008
0.8013281176365809 16.068 0.009
0.8028399070166415 16.032 0.007
0.8032668293682491 16.048 0.009
0.8041172430744382 16.054 0.008
0.8055123919374637 16.057 0.009
0.8062289146532976 16.034 0.008
0.8082564301052116 16.051 0.009
0.808366127566751 16.059 0.008
0.8085346256397316 16.043 0.008
0.8085641471936015 16.052 0.009
0.8090089633523349 16.054 0.007
0.8105068470430524 16.035 0.009
0.8117258506498161 16.039 0.008
0.8131407790124513 16.048 0.008
0.8133123402170895 16.041 0.009
0.8170824396508124 16.034 0.008
0.8183262382155135 16.039 0.008
0.8184760291262819 16.034 0.008
0.8185608086638695 16.041 0.008
0.8187562185477418 16.028 0.007
0.8190994196160318 16.038 0.009
0.8193615118917933 16.02 0.008
0.8203039518251899 16.043 0.008
0.8212823827115244 16.025 0.008
0.8216546237786929 16.046 0.006
0.8218864034717172 16.038 0.008
0.8222665733743725 16.041 0.008
0.8236393274995862 16.061 0.009
0.8258346204104555 16.051 0.008
0.8259543855423545 16.035 0.009
0.8261186588417445 16.043 0.008
0.8272477077331587 16.041 0.009
0.8301345800174659 16.034 0.009
0.8309934738403172 16.039 0.008
0.8311506591366197 16.033 0.009
0.8318949540738686 16.035 0.008
0.8337497360322687 16.041 0.009
0.834130373751259 16.062 0.009
0.8343537117956658 16.055 0.008
0.8351296063267682 16.07 0.009
0.8361496069296891 16.037 0.008
0.8362205278339389 16.034 0.009
0.8372229994028203 16.041 0.008
0.8388269208006932 16.046 0.009
0.8393500275195948 16.038 0.009
0.8428169664383859 16.019 0.009
0.8444703671547359 16.043 0.007
0.8446768727382278 16.043 0.009
0.8453116374879756 16.023 0.008
0.8454348504473274 16.045 0.007
0.8456201115999648 16.037 0.008
0.8479818887743932 16.044 0.008
0.8496999611648107 16.075 0.009
0.850187229777157 16.044 0.009
0.8517954041150461 16.038 0.009
0.8519652833109831 16.031 0.008
0.853562975057821 16.048 0.008
0.8544827835975412 16.023 0.007
0.8548854341064726 16.035 0.008
0.8556638573191094 16.051 0.008
0.8562640957030908 16.034 0.009
0.8575374381477104 16.063 0.008
0.8604348263405882 16.027 0.008
0.8685485547747703 16.046 0.009
0.8698916180134347 16.033 0.009
0.8699730136094331 16.04 0.008
0.8702352868980597 16.044 0.007
0.8707066947462409 16.054 0.008
0.8707566865331501 16.034 0.008
0.871012010926188 16.029 0.008
0.8717647976599437 16.035 0.007
0.8726548369992543 16.035 0.008
0.8771311177241842 16.013 0.009
0.8772268370224993 16.037 0.008
0.8772747456177058 16.079 0.009
0.8788826358998222 16.049 0.008
0.879006656375077 16.052 0.009
0.8807632236702375 16.038 0.008
0.8837050867133712 16.051 0.009
0.8838212339959682 16.04 0.009
0.8862824122044458 16.034 0.008
0.8866969353588502 16.041 0.008
0.8879534061857953 16.053 0.007
0.8888065519123757 16.058 0.008
0.8889305723872895 16.015 0.008
0.8892661510020844 16.036 0.008
0.8903082677822113 16.04 0.007
0.8909703675066339 16.037 0.009
0.8912602546746712 16.035 0.009
0.8918840435987022 16.044 0.009
0.8940097823009637 16.051 0.008
0.8949800504434734 16.043 0.009
0.8952999575505146 16.04 0.008
0.8970452003894934 16.033 0.009
0.9002917977618609 16.056 0.008
0.900690708143793 16.039 0.009
0.9040463146475531 16.046 0.008
0.9044722594620908 16.057 0.008
0.9051511672620564 16.066 0.009
0.905767141040451 16.043 0.009
0.9058400565199008 16.049 0.009
0.9067119818826314 16.062 0.008
0.9076916492880628 16.041 0.008
0.9091169991028437 16.042 0.008
0.9095233845877374 16.04 0.009
0.910603367022668 16.049 0.007
0.9113739026153326 16.046 0.009
0.9127831381805663 16.043 0.008
0.9140563662466775 16.032 0.009
0.9141089732716182 16.068 0.008
0.9155638309016695 16.047 0.008
0.9172196376779539 16.047 0.008
0.9179947102662936 16.044 0.008
0.9185549276750408 16.049 0.009
0.918942798345222 16.055 0.008
0.919758607372296 16.032 0.008
0.9199442363896196 16.041 0.008
0.9214235716043732 16.045 0.008
0.923029487578242 16.075 0.009
0.9267273371915167 16.047 0.006
0.9285889505744308 16.058 0.009
0.930589183947086 16.046 0.009
0.9313011696673584 16.039 0.008
0.9317694109967306 16.044 0.009
0.9325263891866143 16.05 0.008
0.9341532930132189 16.07 0.008
0.935053578287716 16.052 0.008
0.9356849590966704 16.029 0.009
0.9398677966313699 16.058 0.008
0.9399195903013379 16.094 0.009
0.9413003907328857 16.067 0.009
0.9419842889173197 16.039 0.008
0.9419900208719355 16.069 0.009
0.9430363009431858 16.032 0.008
0.9441270833421186 16.046 0.008
0.9460177923671381 16.055 0.009
0.9475711150543248 16.061 0.007
0.9478749803853589 16.042 0.009
0.9486487079157883 16.059 0.007
0.9488112737876918 16.061 0.009
0.9490825204274188 16.055 0.009
0.9496564264478821 16.057 0.008
0.9497720640096304 16.053 0.007
0.9505173395758902 16.038 0.007
0.9519776670863621 16.071 0.008
0.9524946578432264 16.086 0.009
0.9533625837529144 16.065 0.008
0.9538311256245834 16.042 0.006
0.9560616713546551 16.045 0.008
0.9561630886022613 16.046 0.009
0.95893721403163 16.052 0.009
0.9596624985164454 16.052 0.008
0.9605175240955305 16.069 0.008
0.9620408601607778 16.049 0.008
0.9621148476329836 16.052 0.007
0.9627228592584288 16.073 0.009
0.9658554921469659 16.043 0.008
0.966899458210628 16.065 0.009
0.9669700785724672 16.051 0.009
0.9689097290282916 16.046 0.008
0.9698037592333094 16.048 0.008
0.9708757372665332 16.065 0.007
0.9719336227580243 16.049 0.008
0.972384916903502 16.052 0.009
0.9740875575346536 16.075 0.008
0.9765257364844274 16.056 0.009
0.9773710505791314 16.049 0.007
0.9779079211308727 16.072 0.008
0.9789046861633551 16.078 0.009
0.9805425768064652 16.051 0.009
0.9809194156636295 16.052 0.007
0.9826360952514733 16.061 0.009
0.9837889677477506 16.072 0.008
0.9854775185848667 16.076 0.009
0.9873708785684358 16.059 0.007
0.9875252954356256 16.059 0.008
0.9879181317604889 16.073 0.009
0.9880311125233675 16.078 0.008
0.9906307073832977 16.078 0.009
0.9906962061512786 16.065 0.009
0.9911636145469856 16.051 0.008
0.991605924694477 16.078 0.008
0.991791636832113 16.054 0.008
0.9920052194279606 16.081 0.008
0.9927074713370075 16.071 0.008
0.99288395114163 16.058 0.007
0.9932426093877439 16.067 0.007
0.9935661508303838 16.07 0.009
0.9954049518068132 16.049 0.009
0.9961678178905459 16.078 0.007
0.9962135955501253 16.07 0.008
0.9983449655668665 16.056 0.007
0.9996895411371952 16.079 0.008
