0.0003242913417125237 18.431 0.043
0.0006122321228758665 18.313 0.024
0.0008045019822020549 18.422 0.037
0.0037370258082773944 18.434 0.044
0.004780384668265469 18.353 0.025
0.005651315981594962 18.364 0.031
0.00619089181873278 18.482 0.044
0.006718166630889755 18.331 0.023
0.007024051745702309 18.457 0.041
0.00797063560821698 18.518 0.042
0.008369985995159368 18.449 0.025
0.008820005194138503 18.411 0.028
0.009221922811320837 18.424 0.048
0.010699375488911755 18.361 0.029
0.012407036001604865 18.378 0.039
0.01250729388630134 18.35 0.038
0.01578977151257277 18.392 0.032
0.018994320986166713 18.479 0.028
0.01925004073200398 18.345 0.039
0.02093989760214754 18.446 0.038
0.02197119777520129 18.401 0.053
0.023892385884209943 18.438 0.044
0.024034211892285384 18.415 0.038
0.026256762314005755 18.408 0.042
0.026804983906004054 18.384 0.039
0.02702368133395794 18.361 0.027
0.027426271100011945 18.422 0.041
0.02791631506443082 18.483 0.029
0.028189829377879505 18.413 0.027
0.030491376661302638 18.392 0.033
0.032563247568759834 18.446 0.043
0.03322274793572433 18.362 0.044
0.03437573070914368 18.408 0.035
0.03548121988569619 18.374 0.026
0.0355675696155231 18.39 0.03
0.03866669504895981 18.475 0.036
0.042899376050627325 18.423 0.04
0.04324633976830228 18.562 0.053
0.04374322407784348 18.387 0.044
0.04440432171759312 18.359 0.027
0.04464121316686942 18.484 0.036
0.04693700892130437 18.406 0.032
0.04721090046950849 18.413 0.027
0.047366000748297665 18.44 0.027
0.0476819335062828 18.317 0.035
0.0484967426800722 18.499 0.041
0.049551554357094574 18.398 0.036
0.053350880751168006 18.389 0.038
0.05388155746641132 18.398 0.028
0.05459466821321257 18.439 0.039
0.05555440459284 18.472 0.036
0.05631694150179101 18.393 0.041
0.05703648868120581 18.454 0.043
0.05887495102615503 18.434 0.028
0.059254603076624335 18.428 0.037
0.062225129040598404 18.441 0.072
0.062390552159740764 18.417 0.026
0.06386734215720935 18.388 0.046
0.06521297569997841 18.376 0.029
0.0654449506837409 18.454 0.038
0.06567045926931314 18.377 0.045
0.06859416495535697 18.506 0.025
0.07052606010347517 18.392 0.043
0.07133851636535837 18.43 0.04
0.07154334351253056 18.404 0.048
0.07384751890640473 18.443 0.028
0.07432753744888032 18.38 0.026
0.07581378353461332 18.324 0.051
0.07798172810635151 18.478 0.032
0.07929458693251945 18.484 0.042
0.07944272143777198 18.366 0.036
0.07994296069773554 18.508 0.04
0.08144105944802504 18.489 0.051
0.08261248303460889 18.478 0.039
0.08391100099652249 18.414 0.058
0.08589942219668956 18.463 0.033
0.08596106706136197 18.495 0.052
0.08612121502665104 18.467 0.051
0.08727161085062107 18.488 0.026
0.08843723400696035 18.43 0.024
0.08993649810145143 18.366 0.027
0.09043603602822259 18.378 0.03
0.09050082074372767 18.425 0.038
0.09074967134984036 18.44 0.047
0.09176361623758567 18.404 0.021
0.09250090039131464 18.395 0.04
0.09261085709295003 18.519 0.035
0.09367722730075911 18.48 0.045
0.09434241909912089 18.426 0.026
0.09728343891038094 18.317 0.026
0.09924660156138998 18.489 0.036
0.10078144743602024 18.405 0.037
0.10228041410846345 18.461 0.039
0.10233787475408462 18.44 0.027
0.10333036362499115 18.451 0.032
0.10344771435211442 18.379 0.033
0.10391638539931591 18.387 0.032
0.10438055915528821 18.471 0.04
0.10465600352836191 18.432 0.037
0.10476503471363685 18.442 0.029
0.10492535584126017 18.488 0.051
0.106122588369999 18.503 0.038
0.10657596870078123 18.359 0.029
0.10787523244471231 18.427 0.05
0.10829949622575441 18.443 0.05
0.1087024512521566 18.452 0.03
0.11049243478373683 18.421 0.032
0.11089662510994458 18.487 0.045
0.1113413629700517 18.436 0.042
0.11154919874616098 18.42 0.037
0.11294069246196159 18.427 0.037
0.11411442701864871 18.425 0.039
0.11516923869930906 18.46 0.037
0.11639174002084474 18.409 0.046
0.1191566095694725 18.418 0.047
0.1205886084917438 18.408 0.028
0.12067465383915987 18.447 0.038
0.12117625633391071 18.438 0.041
0.1220337981958437 18.523 0.045
0.12557191207906726 18.418 0.027
0.126165591102108 18.379 0.03
0.1272481808282464 18.37 0.033
0.13101033724706213 18.382 0.048
0.13187937386646809 18.44 0.027
0.13224664429890254 18.496 0.044
0.1328118793098838 18.587 0.036
0.1329191025779437 18.478 0.039
0.13427383274211024 18.445 0.043
0.13621870802398917 18.493 0.031
0.1371218957383462 18.47 0.026
0.14177123874287645 18.513 0.046
0.14181086694952683 18.497 0.032
0.14275458866541157 18.361 0.042
0.14475521870917873 18.44 0.046
0.14491448638909787 18.443 0.041
0.147818115336122 18.458 0.048
0.14924372477980796 18.403 0.051
0.15078498564162146 18.387 0.057
0.15154249051192892 18.48 0.074
0.1532353020957089 18.551 0.048
0.15456967703448754 18.417 0.06
0.15908520300581586 18.432 0.053
0.15920024314982584 18.349 0.044
0.15920848209771066 18.451 0.033
0.16043711953534512 18.424 0.03
0.16106495622534567 18.476 0.034
0.16528411983927072 18.402 0.047
0.16597344059846364 18.436 0.026
0.16657166793265787 18.488 0.055
0.16825719660414507 18.471 0.038
0.17055958919945624 18.443 0.031
0.17159200698279164 18.46 0.037
0.17218755519115803 18.408 0.04
0.1722807839178131 18.513 0.036
0.1726485825220152 18.402 0.03
0.174248705915943 18.479 0.032
0.17457593264589377 18.451 0.04
0.17506053486613382 18.427 0.032
0.1755204190785662 18.442 0.037
0.17631914942649018 18.453 0.041
0.17681271743822435 18.529 0.047
0.17781625599491235 18.483 0.034
0.17871833924255043 18.459 0.034
0.17927346901888086 18.431 0.033
0.17978016442702938 18.442 0.035
0.18446859760661027 18.427 0.041
0.1848950477087783 18.438 0.043
0.18506259627338295 18.466 0.023
0.1861375612206757 18.502 0.039
0.18708962470009283 18.472 0.036
0.1876811972147152 18.447 0.041
0.19046590367361205 18.44 0.063
0.19054581290583883 18.388 0.052
0.1908721141207934 18.433 0.058
0.19137438876441593 18.488 0.04
0.19363568420703814 18.431 0.037
0.19399093209722196 18.412 0.035
0.19466411644134496 18.534 0.032
0.19495054633443942 18.477 0.031
0.19506683492363663 18.487 0.044
0.19594549344219558 18.454 0.024
0.19637434747073712 18.466 0.025
0.1969821909115126 18.568 0.049
0.20083903224985988 18.431 0.025
0.20119799918393255 18.541 0.038
0.2025855875531306 18.404 0.041
0.20266763865947723 18.451 0.029
0.20352316697244532 18.46 0.036
0.2040732774657954 18.448 0.045
0.20407795699884446 18.512 0.033
0.20672141374234343 18.426 0.027
0.20756311410150374 18.42 0.032
0.2096974102432796 18.513 0.042
0.21015998672737624 18.442 0.039
0.21024486383248586 18.51 0.067
0.21043014608585509 18.496 0.031
0.21066084015501474 18.474 0.048
0.2111373091411224 18.415 0.029
0.21135420405425975 18.481 0.035
0.21153984131888137 18.476 0.035
0.21218100986970967 18.544 0.038
0.21261472645164758 18.484 0.044
0.2131363287703607 18.506 0.033
0.21416985430732893 18.48 0.033
0.2143451938504768 18.504 0.029
0.2176461188646499 18.47 0.057
0.21813787528117246 18.472 0.036
0.21919880703353556 18.518 0.033
0.2197561774355563 18.531 0.036
0.2210916987805831 18.483 0.041
0.2220371263792913 18.469 0.039
0.2247658218138895 18.374 0.041
0.22882498433409637 18.49 0.029
0.23131207341975824 18.46 0.036
0.2320149888691958 18.52 0.033
0.23363764066607473 18.328 0.044
0.23410063999835984 18.428 0.036
0.23417460482414754 18.436 0.026
0.23457706704721204 18.45 0.028
0.23488229605300148 18.515 0.035
0.2358752777290647 18.501 0.028
0.23855086873300024 18.52 0.03
0.23861378097717534 18.462 0.041
0.2393484148014977 18.398 0.036
0.2398629624512978 18.491 0.047
0.24103895328789804 18.471 0.035
0.24120723855412507 18.503 0.036
0.24127024008157605 18.399 0.051
0.24133482941215334 18.432 0.038
0.2416978810360888 18.564 0.047
0.24199335324692584 18.563 0.054
0.2434989747389409 18.436 0.039
0.2435018681865131 18.53 0.03
0.24581263172876788 18.449 0.034
0.24619538826209464 18.495 0.028
0.2462183715942956 18.499 0.043
0.24644959055012805 18.481 0.028
0.24656482607861108 18.537 0.028
0.2470762972634475 18.565 0.056
0.24720083137071924 18.535 0.043
0.24945392902736785 18.473 0.02
0.2512960849053343 18.421 0.04
0.2517906294469867 18.546 0.054
0.2518300112496945 18.546 0.034
0.2528034057058903 18.531 0.031
0.25417709906651 18.441 0.028
0.25417781604846823 18.45 0.037
0.2556358192996413 18.458 0.04
0.25812171753204893 18.545 0.045
0.25960458644112805 18.406 0.048
0.2614644982313621 18.513 0.06
0.2618827439746383 18.48 0.046
0.26591387547341583 18.339 0.047
0.26655950344320445 18.508 0.035
0.2669333772864775 18.512 0.029
0.2688236055573725 18.511 0.045
0.26910548714113247 18.511 0.032
0.2697623083822691 18.526 0.057
0.27233176164554607 18.482 0.042
0.2750497368979268 18.465 0.045
0.27518741733911156 18.548 0.032
0.27576919479542994 18.509 0.036
0.27796318023138156 18.415 0.049
0.28100226464448497 18.582 0.043
0.28207020333047694 18.585 0.047
0.28256409505047486 18.498 0.044
0.28269909308073693 18.519 0.034
0.28311698381094175 18.426 0.03
0.28506020094391715 18.625 0.066
0.2859752676131393 18.456 0.034
0.28628300297532405 18.503 0.036
0.28717525618594664 18.528 0.06
0.2876616419835045 18.543 0.039
0.2926639622919538 18.533 0.056
0.29478184102572413 18.468 0.043
0.2969060673003696 18.452 0.041
0.29777884885970707 18.457 0.038
0.29800525087739516 18.516 0.031
0.29920555330227216 18.499 0.023
0.3000322406505802 18.492 0.029
0.3006050971530385 18.386 0.027
0.30090053477670153 18.552 0.038
0.3015863282016653 18.46 0.05
0.30397827743536254 18.473 0.044
0.3047038977365446 18.437 0.026
0.30612507076511974 18.438 0.029
0.30673163328901865 18.436 0.036
0.3075237376133373 18.427 0.029
0.3080021843934446 18.495 0.046
0.30880301796423737 18.434 0.05
0.30903796620805224 18.52 0.032
0.309660585335223 18.416 0.038
0.31094959947859024 18.439 0.045
0.31179061493457993 18.475 0.047
0.31225637939132866 18.57 0.029
0.31287622932904924 18.519 0.033
0.3144815069026663 18.551 0.032
0.31561031877390633 18.513 0.034
0.3180087628097681 18.521 0.054
0.3190081973498309 18.5 0.036
0.32118232365155563 18.525 0.031
0.3214215137049905 18.43 0.02
0.3234749273701709 18.51 0.04
0.3243628498776161 18.533 0.037
0.3246485405616113 18.497 0.029
0.326527888637429 18.48 0.042
0.3283416037875213 18.529 0.033
0.328752817476925 18.542 0.037
0.32992442619979556 18.531 0.038
0.33091772172883793 18.51 0.045
0.3344527114131779 18.417 0.035
0.33455760070864926 18.493 0.041
0.3346584254213667 18.49 0.039
0.33566090066960896 18.506 0.037
0.3369924499984336 18.547 0.033
0.3371114202204808 18.466 0.026
0.3375122086417832 18.566 0.049
0.33812489781394106 18.477 0.044
0.33860608498616784 18.509 0.06
0.339035352008068 18.438 0.059
0.33925478825312894 18.547 0.028
0.3394744202723814 18.564 0.041
0.3433423371952813 18.462 0.064
0.34444538089519483 18.525 0.053
0.34716107725762413 18.509 0.029
0.3474153663210018 18.516 0.046
0.3483171390030293 18.441 0.036
0.3486746624985244 18.489 0.036
0.3491307441800018 18.515 0.04
0.34976866388115013 18.504 0.034
0.3502484648170139 18.559 0.048
0.3504448802450497 18.564 0.049
0.35044561616632564 18.501 0.028
0.35086677546314604 18.501 0.038
0.3534810712098988 18.486 0.043
0.35355702697233937 18.508 0.028
0.3548774270875583 18.515 0.054
0.35606838899548166 18.501 0.032
0.35648909993324196 18.448 0.056
0.3565854520816174 18.473 0.035
0.3567093523033691 18.61 0.06
0.356925962936657 18.549 0.041
0.35698214305921283 18.514 0.031
0.35737156755385513 18.509 0.027
0.35765731254468847 18.489 0.047
0.35781177565149846 18.575 0.051
0.35849905735176435 18.495 0.045
0.3586126791778952 18.528 0.036
0.36088784451203537 18.537 0.044
0.3632050222640828 18.458 0.047
0.3648216050019073 18.537 0.035
0.36487519895263176 18.512 0.048
0.3660118630687066 18.45 0.072
0.3664219114143634 18.445 0.039
0.3670906148945505 18.445 0.046
0.36735221120943606 18.601 0.058
0.3685302353114821 18.513 0.045
0.3719798641604939 18.488 0.048
0.3749891059596848 18.491 0.044
0.3762308325312915 18.487 0.048
0.3771914812787145 18.517 0.047
0.37968679984260234 18.467 0.039
0.3806011651786321 18.51 0.044
0.38294670345294435 18.42 0.034
0.3852400376890728 18.548 0.036
0.38633613822889856 18.517 0.049
0.3882726626688964 18.574 0.036
0.3884791224536457 18.483 0.041
0.3894402381092732 18.458 0.042
0.38963397402130795 18.518 0.051
0.3900960157593545 18.493 0.026
0.39082076852537284 18.542 0.036
0.3908986386995821 18.53 0.041
0.39189891854948655 18.486 0.039
0.39253433807789406 18.522 0.04
0.39273350915937044 18.52 0.055
0.39307472057134873 18.364 0.043
0.3937262732306408 18.562 0.062
0.3938794142632105 18.54 0.026
0.3942912552647613 18.54 0.032
0.39500861361739226 18.474 0.047
0.3957914761754182 18.448 0.024
0.3963286933103518 18.498 0.032
0.39744348184467526 18.497 0.045
0.40095442895471933 18.555 0.038
0.4013591922885098 18.596 0.054
0.4060670070575725 18.565 0.06
0.4067682388522371 18.515 0.041
0.407268221852064 18.474 0.054
0.4079895526083419 18.573 0.053
0.40992469989032543 18.496 0.034
0.41115695800908725 18.512 0.052
0.41191199807508383 18.494 0.036
0.41198514677580533 18.512 0.034
0.4124542884046605 18.608 0.043
0.41329641740867373 18.634 0.095
0.4133977127021353 18.534 0.038
0.4146222782028417 18.574 0.031
0.41497384821377636 18.487 0.049
0.4170896270115918 18.429 0.034
0.4187085240082524 18.461 0.035
0.4196197272685822 18.587 0.037
0.4205669318725995 18.518 0.039
0.42107572721579345 18.555 0.049
0.42277760662727815 18.654 0.032
0.42281061209359905 18.481 0.047
0.4252661551909114 18.494 0.035
0.4254477270915231 18.549 0.044
0.42549802117537183 18.47 0.032
0.4278810877185606 18.507 0.046
0.4284405226899253 18.551 0.048
0.42851242294636904 18.511 0.054
0.4286985118560551 18.529 0.048
0.42962536780578375 18.532 0.037
0.430013076564137 18.477 0.032
0.4308462809372031 18.53 0.045
0.4310426708543673 18.421 0.055
0.43114974647141935 18.515 0.042
0.4318122146978567 18.519 0.042
0.43226321621841635 18.537 0.043
0.43243212222660077 18.561 0.054
0.4336629587414791 18.529 0.041
0.4350521793603548 18.46 0.028
0.43893525288194724 18.487 0.05
0.43976173248120176 18.493 0.037
0.4406422572869815 18.502 0.046
0.4416015230845005 18.548 0.025
0.4426052504531981 18.525 0.034
0.4434398410639915 18.461 0.052
0.44422677884358563 18.452 0.044
0.4471471970291532 18.486 0.043
0.4472007876938733 18.546 0.047
0.4474881266705779 18.488 0.035
0.44786447228034376 18.524 0.028
0.44995656062019407 18.492 0.051
0.45009635007590987 18.532 0.034
0.4501838775140641 18.504 0.052
0.4506399369720384 18.553 0.036
0.45083243758381286 18.526 0.045
0.45203996783311595 18.594 0.065
0.45373447872771067 18.52 0.041
0.45393577525283035 18.512 0.042
0.45416269597626524 18.488 0.055
0.45465124470501905 18.553 0.033
0.4601157099568809 18.504 0.039
0.4620355439087689 18.439 0.038
0.4639962228193326 18.492 0.046
0.4642292730841291 18.456 0.056
0.4651611001954734 18.551 0.056
0.4655944095788982 18.528 0.036
0.46845046918497246 18.534 0.057
0.4685935880843317 18.48 0.037
0.4690057775251262 18.528 0.045
0.4692061394598568 18.45 0.037
0.4700641774129508 18.477 0.029
0.471146107743607 18.526 0.043
0.4719517425992308 18.545 0.04
0.4727757129476231 18.542 0.029
0.4747870245209924 18.459 0.051
0.4749888969517997 18.53 0.04
0.4754007955457382 18.478 0.033
0.47584234794157965 18.579 0.058
0.47679386431082094 18.455 0.047
0.47749609485981637 18.493 0.037
0.4776221616862131 18.509 0.033
0.4781018828089145 18.544 0.05
0.4799736480417778 18.444 0.03
0.48022473270248156 18.438 0.04
0.48119597948971204 18.467 0.035
0.4812650949097588 18.529 0.037
0.48140674775640946 18.492 0.049
0.4830856092448812 18.55 0.049
0.4842090624742923 18.51 0.057
0.48427510510191496 18.47 0.05
0.4857487996941927 18.447 0.033
0.48802774533578486 18.55 0.039
0.4900418446450203 18.541 0.035
0.4900659291579359 18.506 0.038
0.49047487303778325 18.455 0.033
0.4920530764056821 18.604 0.04
0.492325268640343 18.434 0.06
0.49259813263779506 18.481 0.036
0.4930920145006894 18.599 0.054
0.4937958867672023 18.44 0.041
0.4983518702138099 18.464 0.048
0.49987435418370296 18.533 0.033
0.5011458588187452 18.435 0.052
0.5013515728242055 18.489 0.035
0.5018223569531983 18.5 0.048
0.5028759967144651 18.521 0.037
0.503825877158306 18.497 0.035
0.5041238754420192 18.495 0.029
0.5044682365623885 18.434 0.042
0.5055263546801143 18.501 0.052
0.5056548998472863 18.491 0.032
0.5064430186212121 18.448 0.044
0.5071727355880284 18.546 0.057
0.5078907755566888 18.543 0.046
0.5079239541846619 18.464 0.042
0.5103887514123926 18.507 0.036
0.5116056476908852 18.438 0.051
0.5137601036722117 18.428 0.044
0.515777881251779 18.504 0.033
0.5170599209322972 18.505 0.05
0.5178575081599774 18.496 0.046
0.5179564859099628 18.493 0.038
0.5183869528639207 18.54 0.04
0.5197415073598677 18.553 0.049
0.5205674044827902 18.561 0.043
0.5210339566565381 18.446 0.034
0.5214921794340626 18.535 0.033
0.5235827827855246 18.491 0.041
0.5258736707646676 18.422 0.04
0.5278624670809222 18.494 0.033
0.5281339867797215 18.516 0.033
0.5293290041900036 18.503 0.04
0.531186226995942 18.447 0.047
0.5323815615447529 18.435 0.031
0.5366425779484416 18.562 0.037
0.5368923183141305 18.58 0.036
0.5375837678002426 18.444 0.029
0.5377622763799081 18.529 0.047
0.5393965228522575 18.454 0.039
0.5394041698527872 18.505 0.033
0.5406811129437301 18.557 0.018
0.5411256587067328 18.475 0.039
0.54201128589375 18.504 0.054
0.5434474489329659 18.58 0.045
0.5434495743766092 18.505 0.028
0.5434505476223421 18.485 0.051
0.5435928853730729 18.571 0.052
0.5438679068956844 18.565 0.052
0.5440895553610972 18.486 0.044
0.5478454666672405 18.445 0.041
0.5497047001263127 18.45 0.041
0.5515906997311504 18.51 0.028
0.5519446033267741 18.524 0.039
0.5524433987575321 18.493 0.042
0.5527974360802546 18.469 0.051
0.55317972609555 18.503 0.036
0.5532225451706836 18.456 0.052
0.5534378687098069 18.448 0.035
0.5544430810668928 18.458 0.041
0.5574138698611932 18.597 0.04
0.5584571736385442 18.489 0.04
0.5607246660729288 18.555 0.045
0.5608046584038675 18.439 0.058
0.5621424619257596 18.425 0.037
0.5640277930579032 18.502 0.029
0.564824337085156 18.496 0.03
0.5706674235498213 18.513 0.028
0.5707435232889111 18.485 0.04
0.5707622779555095 18.399 0.035
0.5719639855542482 18.412 0.053
0.5723792613207479 18.527 0.057
0.572714803524832 18.448 0.024
0.5741688314719795 18.461 0.056
0.574668622372883 18.496 0.035
0.5752844743965397 18.554 0.044
0.576015059286874 18.46 0.043
0.5761527619506523 18.496 0.037
0.5762589864643815 18.514 0.024
0.5765160246094183 18.514 0.036
0.5775731636895216 18.54 0.04
0.5777905036738957 18.537 0.039
0.5819574398574332 18.478 0.032
0.5823907080812205 18.41 0.038
0.5832671387279333 18.45 0.035
0.5834142110943503 18.515 0.032
0.5867731726593775 18.449 0.038
0.5877414902402052 18.473 0.036
0.5882262047471158 18.524 0.05
0.5883251183331595 18.495 0.059
0.5908907304128661 18.409 0.046
0.5920408896927256 18.494 0.031
0.5943897796314559 18.513 0.037
0.5958249052619067 18.459 0.038
0.5959048786562562 18.554 0.051
0.5987681081096525 18.462 0.038
0.6003907442527634 18.463 0.049
0.6019177065809345 18.466 0.045
0.603015705879443 18.427 0.03
0.6039276672836422 18.53 0.05
0.6040852768146578 18.526 0.059
0.6051411419412034 18.446 0.031
0.6059451886035276 18.514 0.03
0.6064522237629717 18.472 0.035
0.6089308044956852 18.429 0.051
0.6095827664703393 18.438 0.038
0.6104676256545645 18.473 0.027
0.6115276417517634 18.37 0.051
0.6119102518023283 18.41 0.044
0.6167067593542015 18.523 0.041
0.6168624964120681 18.485 0.032
0.6172940875512722 18.493 0.029
0.6173623095369294 18.519 0.041
0.6221936341489709 18.453 0.043
0.6244224107467744 18.43 0.042
0.6247108829866193 18.467 0.039
0.6253083390311076 18.403 0.023
0.6256994628361099 18.444 0.039
0.6264911253738319 18.569 0.044
0.6273586704337504 18.478 0.061
0.6278332505198705 18.362 0.051
0.6286708312127303 18.413 0.028
0.6288455117501144 18.492 0.038
0.6303735205656267 18.496 0.041
0.6317009366923685 18.502 0.045
0.6325671275963032 18.489 0.036
0.6332246115166527 18.519 0.036
0.6374141246160434 18.404 0.058
0.6376460317587771 18.485 0.033
0.6390520292516157 18.437 0.041
0.639473620478384 18.418 0.03
0.6403357106501062 18.488 0.032
0.6419627161512835 18.441 0.029
0.6428529751383394 18.413 0.033
0.6442317449809707 18.454 0.032
0.6445202361564952 18.428 0.022
0.645585960115568 18.407 0.053
0.6461824815687578 18.53 0.028
0.6462401343105739 18.472 0.04
0.6469177044400567 18.448 0.023
0.6478163084757398 18.358 0.034
0.6481055487183767 18.446 0.032
0.6504144678074226 18.496 0.027
0.6508823963613395 18.486 0.044
0.6515772164530063 18.487 0.045
0.6521889488085435 18.409 0.05
0.6522929611019208 18.412 0.04
0.6533422257161874 18.406 0.034
0.6533763833813282 18.39 0.033
0.6552029663839676 18.537 0.041
0.6554197526866119 18.514 0.029
0.6572384965897982 18.424 0.033
0.6573516511200523 18.439 0.049
0.6587894212875653 18.352 0.044
0.6593043177690561 18.487 0.043
0.6605273538370966 18.342 0.043
0.6619143659127076 18.417 0.035
0.6631568316915946 18.433 0.054
0.6637507636896771 18.479 0.046
0.6661166506164591 18.52 0.037
0.6667091099898244 18.455 0.037
0.6694013367869047 18.407 0.035
0.6703851441470761 18.412 0.035
0.6713407736133377 18.452 0.041
0.6731178761492629 18.41 0.044
0.6731753466501686 18.431 0.037
0.6737593997117983 18.401 0.036
0.6746409936167765 18.429 0.037
0.6760589338355203 18.426 0.042
0.6765830877357075 18.5 0.056
0.6768275685953995 18.426 0.025
0.6771654447729816 18.45 0.029
0.6772722196819814 18.408 0.036
0.6784422533546604 18.404 0.035
0.6790362042897868 18.425 0.033
0.6821435209378706 18.4 0.026
0.6840330807372084 18.489 0.059
0.6844839958721423 18.484 0.056
0.6853308652853229 18.484 0.041
0.6863662151718017 18.363 0.039
0.6874651424886906 18.447 0.032
0.6887671655622398 18.481 0.06
0.6893609054613989 18.459 0.04
0.6912727949929831 18.366 0.026
0.691360757644361 18.41 0.035
0.6914354110504064 18.363 0.052
0.6926762886359938 18.498 0.053
0.6946530653076479 18.368 0.036
0.6948678347744135 18.436 0.027
0.6953005234181546 18.478 0.06
0.6980105320253642 18.414 0.033
0.6986194795408665 18.405 0.036
0.6997514345493983 18.396 0.038
0.7000737123416911 18.348 0.024
0.7012651193199417 18.4 0.038
0.7041793977150519 18.488 0.039
0.7043655055622366 18.441 0.029
0.7048079892642818 18.433 0.04
0.7048163375993681 18.553 0.047
0.7048227525865514 18.473 0.038
0.7088352733971988 18.448 0.052
0.7089498075911251 18.505 0.043
0.7090412881093471 18.42 0.035
0.709307116765558 18.407 0.044
0.7093635305336647 18.451 0.031
0.7104533258625452 18.359 0.032
0.7107594672379491 18.412 0.04
0.711012398859566 18.381 0.037
0.7116869792971556 18.422 0.023
0.712097725689091 18.465 0.029
0.7139742054350791 18.465 0.043
0.7165599518466479 18.42 0.027
0.7166760319059904 18.464 0.056
0.7166773317585466 18.4 0.035
0.7206933996167209 18.413 0.033
0.7215029423255146 18.41 0.039
0.7218640318069447 18.432 0.053
0.7223688547455822 18.445 0.032
0.7234956756801694 18.428 0.034
0.7235433383684722 18.538 0.042
0.7239944645402829 18.449 0.035
0.7254410182586071 18.436 0.044
0.7262219894087139 18.355 0.049
0.7264288720452896 18.41 0.039
0.7268434308261931 18.498 0.043
0.7280433104015174 18.472 0.042
0.7281070486296812 18.496 0.041
0.7290776039426419 18.376 0.04
0.7299081678420407 18.421 0.026
0.731088614807959 18.381 0.041
0.7317780252378725 18.36 0.031
0.7321709548432409 18.412 0.028
0.732516199539532 18.415 0.035
0.7328487170725566 18.415 0.039
0.7329448548989603 18.442 0.026
0.7338404433448886 18.416 0.033
0.7345860149573582 18.452 0.034
0.7365047801995388 18.404 0.033
0.7376919395755976 18.521 0.033
0.7381570701463716 18.399 0.03
0.7386717267982021 18.403 0.04
0.7389081155815802 18.433 0.045
0.7391231380242971 18.423 0.036
0.7396729058709752 18.436 0.037
0.7401346501883381 18.453 0.039
0.7403442563972931 18.457 0.038
0.7407986799298669 18.424 0.034
0.7418414205549198 18.425 0.037
0.7431794548301696 18.263 0.048
0.7447973917237505 18.418 0.039
0.7449653409148596 18.38 0.034
0.7452441238074243 18.388 0.042
0.7456312176173014 18.486 0.053
0.7457050224261366 18.396 0.031
0.7468025034104357 18.366 0.031
0.7489312845664244 18.442 0.042
0.7495454751542638 18.423 0.025
0.7505041457206971 18.488 0.025
0.7521924370084889 18.432 0.031
0.7523367879198304 18.416 0.035
0.7525990279777943 18.46 0.038
0.7552748307953152 18.367 0.035
0.7562668968175785 18.408 0.038
0.7566840450563177 18.386 0.07
0.7574301415543232 18.498 0.034
0.7578987327888171 18.428 0.023
0.7589147484286514 18.325 0.033
0.7599281618586247 18.341 0.027
0.7602231288983603 18.455 0.036
0.7602566461082461 18.476 0.047
0.7603929727829382 18.406 0.044
0.7611436529623461 18.364 0.028
0.7619689606444808 18.449 0.031
0.7624281377302395 18.411 0.034
0.7630512307241588 18.421 0.031
0.7630616880751404 18.429 0.043
0.7631026828007634 18.434 0.033
0.7632569891766252 18.413 0.036
0.7637669975974859 18.404 0.03
0.7644951275378844 18.43 0.039
0.7674825579215394 18.422 0.032
0.7674970197585935 18.45 0.048
0.7679391036126617 18.399 0.037
0.7684641921023285 18.432 0.043
0.7685654454562609 18.448 0.027
0.7688449062911786 18.41 0.027
0.7696557076924364 18.396 0.038
0.770264136894184 18.558 0.035
0.7707617414744163 18.455 0.049
0.7710417374419194 18.415 0.036
0.7715165318495565 18.409 0.033
0.7721565769952576 18.396 0.036
0.7729582550964551 18.403 0.033
0.7732572167678882 18.359 0.027
0.7741313557708054 18.451 0.055
0.7743089873461031 18.415 0.039
0.7745141764653454 18.456 0.03
0.7751774094076609 18.398 0.028
0.7752574272485617 18.347 0.051
0.7756422425572964 18.447 0.022
0.7756502548163553 18.395 0.025
0.7761645906548438 18.293 0.044
0.7763918663890763 18.351 0.033
0.7770804898773349 18.379 0.045
0.779126871488188 18.396 0.041
0.7792498338330915 18.407 0.038
0.7794433324197598 18.41 0.031
0.7803476311746635 18.36 0.04
0.7809633745891915 18.381 0.045
0.7810919929961528 18.489 0.05
0.781310360531279 18.435 0.046
0.7814384828488983 18.419 0.041
0.7815411891078838 18.451 0.029
0.7817447554461978 18.505 0.063
0.783812125773693 18.332 0.041
0.7842451796768728 18.378 0.052
0.7851744584950211 18.333 0.035
0.7859134197335607 18.436 0.032
0.7895835135495872 18.398 0.046
0.790134346819741 18.416 0.038
0.7911852473571344 18.393 0.036
0.7932804693646176 18.376 0.041
0.7934347757418436 18.374 0.038
0.7953124689520337 18.403 0.03
0.7960433636269499 18.4 0.031
0.7960512191566522 18.298 0.026
0.7990177439178296 18.397 0.029
0.8005126230054884 18.388 0.026
0.800707479034827 18.416 0.038
0.8007183337231254 18.487 0.028
0.8012929092510603 18.376 0.038
0.8017774761065084 18.407 0.026
0.8026139712683289 18.437 0.044
0.8037075279680721 18.389 0.027
0.8057636594103315 18.373 0.032
0.8071049844711524 18.412 0.034
0.8076106811258796 18.376 0.059
0.8098289230692899 18.451 0.043
0.8105258908271935 18.386 0.038
0.8106635712692878 18.4 0.033
0.811905297841804 18.412 0.026
0.8127889049060286 18.462 0.058
0.8132346859692916 18.418 0.025
0.8135572003043308 18.524 0.041
0.8135628119216562 18.383 0.054
0.8139773608472751 18.406 0.039
0.8154045005048829 18.382 0.042
0.8154122885844117 18.425 0.038
0.8165990506204253 18.443 0.045
0.8174508598913235 18.407 0.031
0.8177243285872464 18.366 0.039
0.8189275890108547 18.457 0.036
0.8190214290116273 18.417 0.04
0.8192653142505151 18.415 0.034
0.8221866892506569 18.389 0.04
0.822256694814314 18.427 0.037
0.822445546340532 18.427 0.03
0.8227408297407237 18.405 0.036
0.8232542856803775 18.42 0.035
0.8239255662501819 18.453 0.026
0.8248798029062527 18.446 0.046
0.8248828407213296 18.409 0.035
0.8250435102877418 18.465 0.03
0.8255390889526097 18.423 0.033
0.8268726382980276 18.385 0.032
0.8272914224617125 18.392 0.042
0.8307476551135551 18.364 0.028
0.8312761619386038 18.469 0.041
0.8314486725848838 18.428 0.026
0.8322113596523195 18.42 0.035
0.8324345831661049 18.418 0.034
0.8324434563892282 18.448 0.028
0.8328675025604753 18.413 0.035
0.8337020257231416 18.409 0.047
0.8342929199061473 18.4 0.029
0.8343841252262791 18.393 0.081
0.8359911954557901 18.274 0.033
0.8382854540368498 18.414 0.03
0.8389745826975741 18.455 0.037
0.8394685579060024 18.377 0.033
0.840471619310847 18.395 0.035
0.842608934328382 18.356 0.036
0.8438296619315224 18.41 0.043
0.8441900887328302 18.491 0.034
0.8444338238132332 18.379 0.041
0.8445759027963504 18.506 0.057
0.8457683340402582 18.427 0.044
0.8458636783543625 18.407 0.059
0.8464807179443596 18.46 0.038
0.851138658193122 18.442 0.041
0.8512620269575564 18.41 0.05
0.856896371460607 18.399 0.044
0.8569303781900999 18.384 0.047
0.8569699520903669 18.33 0.033
0.8571750099890778 18.326 0.033
0.8575537686065218 18.364 0.029
0.8578282783855684 18.356 0.041
0.8591049882179504 18.45 0.034
0.8606480828957501 18.328 0.025
0.8608179399252549 18.424 0.037
0.8616371530442848 18.417 0.033
0.8617572186540201 18.349 0.039
0.8631370510229317 18.34 0.039
0.8631388564335793 18.4 0.03
0.8635590005469567 18.445 0.029
0.8651871360234509 18.375 0.033
0.8676043125014985 18.39 0.026
0.8692015424476267 18.373 0.041
0.8708490088847611 18.391 0.033
0.8709271156021714 18.365 0.038
0.8709828893024678 18.447 0.025
0.8709893232276045 18.442 0.035
0.8712702570746842 18.383 0.052
0.8714486734734237 18.432 0.034
0.8717262877380563 18.425 0.034
0.8729732861756929 18.345 0.036
0.8734621968797001 18.267 0.032
0.8738898123247054 18.436 0.032
0.875739749712011 18.401 0.044
0.875809140327874 18.528 0.063
0.8763705086448681 18.415 0.04
0.876591961725353 18.406 0.048
0.8780312012304421 18.354 0.037
0.8790011551282078 18.344 0.04
0.8791661940522317 18.372 0.036
0.8796445099997072 18.483 0.055
0.8825943446645397 18.28 0.029
0.8834862169655935 18.356 0.031
0.8835432460709853 18.359 0.029
0.8836846492285986 18.342 0.027
0.89009147546858 18.351 0.049
0.8902256252913503 18.414 0.048
0.8946865807793074 18.435 0.029
0.8947408563481076 18.415 0.031
0.895721085356854 18.426 0.022
0.8958362308239884 18.451 0.03
0.8964470030787197 18.298 0.045
0.89646881778026 18.36 0.038
0.8985127152591303 18.427 0.036
0.8998930568632204 18.335 0.034
0.9006794919805543 18.383 0.038
0.9012782442005118 18.394 0.036
0.9027617149149592 18.336 0.038
0.9031361173201731 18.34 0.036
0.9031630117933673 18.398 0.033
0.9035927493969211 18.379 0.034
0.9049963906927587 18.356 0.038
0.9058224828104358 18.368 0.034
0.9077110496477871 18.417 0.052
0.9082685286580272 18.295 0.045
0.9085774104260054 18.407 0.028
0.9086837246122741 18.506 0.04
0.9087526668695318 18.35 0.042
0.9087795970990555 18.335 0.034
0.910041629994339 18.422 0.022
0.9114392026240239 18.351 0.037
0.9116288542354596 18.383 0.061
0.9127246795760584 18.337 0.052
0.9127716030561714 18.379 0.043
0.9141237627027294 18.301 0.031
0.9145492049701716 18.37 0.031
0.9149906483680752 18.413 0.036
0.915816993460794 18.395 0.042
0.916107312659733 18.365 0.038
0.9163938034325838 18.377 0.035
0.9167670437800552 18.265 0.046
0.9180662244216364 18.37 0.026
0.9181118316218999 18.376 0.039
0.9188158515407849 18.216 0.05
0.9207282338757068 18.331 0.043
0.9211698660865295 18.337 0.031
0.9214251539051475 18.326 0.03
0.9230564102945209 18.319 0.032
0.9230857280217606 18.361 0.034
0.9250090448622359 18.373 0.041
0.9250708074141585 18.387 0.028
0.9256780391915527 18.349 0.036
0.9256803053258409 18.339 0.023
0.9260299099078111 18.432 0.032
0.9289344767348666 18.425 0.042
0.9291442240210017 18.418 0.045
0.9292024016504001 18.453 0.064
0.929262349713099 18.381 0.042
0.9300096337792638 18.368 0.047
0.9310385686767404 18.41 0.034
0.9311555866142953 18.337 0.023
0.9312585589923401 18.383 0.043
0.93252046762791 18.423 0.049
0.9332025029671058 18.364 0.05
0.9344781309464452 18.425 0.044
0.936406966056893 18.422 0.03
0.9366684381093364 18.36 0.044
0.939814467308679 18.441 0.033
0.9399611521930638 18.474 0.06
0.9417457063482289 18.368 0.026
0.9432082710522991 18.393 0.031
0.944606797211236 18.382 0.027
0.9461012855290392 18.54 0.032
0.9466534605908237 18.303 0.043
0.9481510220903147 18.353 0.034
0.9484908505510248 18.378 0.051
0.9490617638484764 18.418 0.029
0.9491296217456693 18.424 0.053
0.9503272960610047 18.325 0.044
0.9505970934478682 18.38 0.032
0.9522104853167548 18.459 0.054
0.9523914587011859 18.404 0.036
0.9538749006205762 18.307 0.055
0.9554375088882807 18.382 0.034
0.956801282149172 18.335 0.034
0.9576775877558248 18.337 0.041
0.9588277280981856 18.332 0.036
0.9599658163242566 18.407 0.041
0.9604736993005645 18.41 0.029
0.9606585364799685 18.269 0.048
0.960765317962796 18.311 0.034
0.9608305280330569 18.375 0.034
0.9625411975648603 18.441 0.053
0.9629869305044849 18.447 0.048
0.9631664991047728 18.419 0.042
0.9647806203242908 18.403 0.041
0.9653983834714381 18.479 0.052
0.9660650639325468 18.454 0.055
0.9677797922558966 18.371 0.032
0.9687463241443766 18.337 0.026
0.9694708399765659 18.477 0.04
0.9766813290734717 18.348 0.04
0.9768986657718415 18.383 0.025
0.9778257969210244 18.391 0.03
0.9795042034784274 18.375 0.04
0.9796412055893597 18.448 0.042
0.9801618346609757 18.519 0.054
0.9807274925206002 18.414 0.057
0.9821517255859362 18.404 0.053
0.9828524514305172 18.395 0.027
0.9840918571735529 18.365 0.028
0.9842235323317254 18.459 0.06
0.9882552273711553 18.376 0.029
0.9897352571369993 18.375 0.055
0.9919501827807835 18.366 0.07
0.9920309176077353 18.42 0.035
0.9927221527750589 18.435 0.046
0.9941288318841544 18.394 0.027
0.9965406176397664 18.381 0.039
0.996699668101428 18.401 0.032
