2085.90914 18.869 0.085
2086.88843 18.842 0.066
2103.89525 19.127 0.050
2105.92315 18.881 0.054
2106.89098 18.769 0.055
2112.84336 18.830 0.047
2116.87111 18.889 0.051
2123.81803 18.970 0.062
2124.83847 18.947 0.119
2128.82553 18.822 0.061
2129.85750 18.788 0.054
2130.84387 18.918 0.067
2131.83748 19.032 0.068
2132.80627 18.853 0.068
2133.89460 18.806 0.076
2135.84408 18.909 0.074
2137.89208 18.791 0.068
2140.81134 18.846 0.057
2142.75205 18.896 0.056
2143.81755 18.888 0.055
2144.82425 18.960 0.046
2155.87863 18.723 0.073
2156.82521 18.797 0.061
2160.75460 19.014 0.074
2162.76139 18.794 0.047
2166.75600 18.790 0.044
2167.76446 18.836 0.046
2168.71363 18.884 0.053
2171.73955 18.955 0.049
2172.74617 19.126 0.065
2177.63966 18.834 0.058
2184.70130 18.854 0.071
2185.66480 19.061 0.077
2186.68965 19.022 0.095
2187.68483 18.776 0.067
2188.73199 18.826 0.058
2190.69136 18.972 0.059
2191.66474 18.852 0.053
2192.66325 18.974 0.045
2193.68432 18.872 0.039
2194.65442 18.853 0.046
2203.55089 18.747 0.056
2206.60721 19.083 0.102
2211.64130 18.763 0.054
2212.64513 18.853 0.057
2213.65095 19.169 0.089
2214.64214 19.035 0.087
2215.64912 18.953 0.063
2217.63582 18.838 0.068
2219.67868 18.841 0.055
2224.71356 18.962 0.059
2226.63643 18.946 0.089
2228.55833 18.923 0.063
2229.61659 19.008 0.070
2231.64326 18.869 0.063
2232.50999 18.918 0.087
2233.61341 18.894 0.058
2235.66353 18.928 0.050
2238.54707 18.867 0.061
2240.65138 18.725 0.055
2242.61889 19.031 0.080
2248.60354 18.968 0.046
2250.57686 18.805 0.047
2253.57050 18.898 0.045
2255.60716 19.141 0.074
2258.57346 18.780 0.047
2263.58419 18.873 0.054
2266.55498 18.893 0.064
2271.56456 18.927 0.060
2273.56390 19.020 0.099
2275.59883 18.983 0.072
2276.55838 18.944 0.087
2278.59096 18.837 0.061
2280.58682 18.871 0.065
2284.58970 18.864 0.062
2290.60368 18.907 0.064
2293.56596 18.866 0.061
2295.55870 18.868 0.060
2297.56199 19.238 0.110
2299.56109 18.740 0.064
2301.55335 18.903 0.080
2445.91192 18.956 0.080
2460.87884 18.846 0.087
2463.91518 18.847 0.055
2465.92794 18.921 0.053
2467.90093 18.896 0.054
2469.90031 18.835 0.047
2471.88975 19.209 0.068
2472.91922 18.855 0.048
2473.89113 18.820 0.047
2481.90282 18.739 0.069
2483.88864 18.828 0.045
2486.88565 18.871 0.063
2488.87656 18.828 0.076
2489.92299 18.917 0.068
2492.90335 19.013 0.058
2495.89338 18.795 0.059
2496.90310 18.907 0.052
2497.92651 18.896 0.055
2498.77378 19.017 0.066
2499.85936 19.079 0.058
2500.86493 18.884 0.051
2501.85389 18.878 0.047
2502.83412 18.756 0.054
2508.74536 18.804 0.088
2516.77666 18.863 0.072
2517.82340 18.847 0.059
2518.79484 18.929 0.062
2519.83174 18.933 0.052
2520.79113 18.854 0.052
2521.82327 18.903 0.047
2524.82152 18.910 0.085
2526.77770 19.071 0.049
2534.83408 18.991 0.073
2535.81429 18.843 0.050
2537.70207 18.895 0.082
2538.79803 18.832 0.058
2539.70185 19.121 0.077
2540.74273 19.128 0.106
2541.71375 18.746 0.045
2542.68354 18.828 0.049
2544.66208 18.861 0.049
2545.67711 18.895 0.046
2547.69512 18.855 0.054
2548.71156 18.865 0.045
2550.70669 18.846 0.052
2551.69333 18.866 0.047
2553.64905 19.127 0.095
2554.70257 18.953 0.055
2555.71050 18.914 0.056
2556.68952 18.811 0.047
2557.70206 18.794 0.039
2558.65854 18.879 0.059
2559.61544 18.935 0.065
2560.64850 18.917 0.053
2561.67405 18.895 0.099
2562.66694 18.825 0.057
2563.67487 18.947 0.063
2564.69026 18.768 0.052
2565.68116 18.938 0.061
2566.66144 18.866 0.053
2568.69242 18.953 0.092
2571.64511 18.704 0.071
2573.65854 18.859 0.079
2574.64237 18.934 0.066
2577.62924 18.946 0.079
2578.62931 18.894 0.058
2579.63596 18.893 0.066
2580.64808 18.899 0.051
2583.61939 18.764 0.062
2584.62675 18.863 0.058
2586.62397 18.803 0.053
2587.60838 18.937 0.063
2588.71680 18.908 0.061
2589.59832 18.905 0.061
2590.61345 18.728 0.060
2591.63659 18.892 0.059
2593.60559 18.856 0.051
2594.60936 18.938 0.082
2596.58489 18.870 0.079
2597.57206 18.877 0.063
2598.64593 18.859 0.064
2599.60541 18.793 0.071
2607.62660 18.924 0.079
2610.54642 18.867 0.074
2613.54032 18.774 0.062
2615.56917 18.940 0.066
2619.55687 18.923 0.075
2621.56577 18.781 0.051
2625.54841 18.785 0.076
2628.54178 18.694 0.085
2632.54820 18.941 0.065
2636.54337 19.095 0.090
2639.54386 18.863 0.063
2642.55261 18.976 0.085
2646.56543 18.765 0.058
2651.53746 18.853 0.089
2654.55527 18.896 0.079
2657.55813 19.036 0.078
2660.55391 18.796 0.062
2671.55158 18.982 0.077
2673.56338 18.793 0.076
2676.52475 18.966 0.097
2679.53811 18.965 0.064
2682.54043 18.903 0.081
2777.90295 18.906 0.086
2804.86989 18.960 0.090
2811.90436 18.975 0.107
2814.94001 18.901 0.057
2817.92658 18.770 0.058
2825.90438 19.018 0.077
2831.78143 18.929 0.078
2832.74739 18.820 0.067
2832.92536 19.001 0.061
2833.86530 18.913 0.080
2835.87395 18.844 0.059
2837.87502 18.905 0.098
2838.93218 18.850 0.077
2840.82492 18.899 0.076
2843.82636 18.769 0.051
2844.87219 18.926 0.059
2845.91818 18.791 0.064
2849.85561 18.818 0.057
2850.88837 18.820 0.059
2851.93194 18.877 0.070
2852.80262 18.847 0.067
2853.94203 18.952 0.071
2856.81529 18.910 0.071
2858.90934 18.837 0.043
2860.87534 18.969 0.055
2861.74651 18.865 0.047
2862.92552 18.894 0.067
2863.83472 18.911 0.085
2865.83162 18.866 0.054
2866.88126 18.830 0.070
2867.82127 18.886 0.047
2868.76894 18.856 0.055
2869.90194 18.896 0.056
2870.81554 18.824 0.044
2871.85846 18.862 0.054
2875.79802 18.886 0.069
2876.77573 18.834 0.050
2877.79763 18.903 0.049
2879.73926 19.131 0.052
2883.82540 18.874 0.041
2885.76020 18.868 0.053
2888.80852 18.839 0.053
2892.79988 18.865 0.076
2894.72904 18.797 0.058
2896.72614 18.824 0.047
2898.74712 18.887 0.049
2900.74596 18.936 0.041
2902.74548 18.871 0.044
2905.75268 18.894 0.049
2907.75408 18.936 0.045
2909.74319 19.006 0.043
2911.73455 18.808 0.035
2915.70602 18.856 0.045
2917.73213 18.812 0.041
2921.72988 19.109 0.074
2923.75183 18.879 0.063
2925.71480 18.825 0.046
2927.71233 18.903 0.058
2930.73038 18.831 0.054
2932.73689 18.909 0.054
2934.71672 18.898 0.045
2937.64073 18.890 0.058
2939.69337 18.826 0.048
2940.63350 18.913 0.039
2941.68332 18.864 0.039
2942.63345 18.939 0.058
2943.60468 18.918 0.063
2944.58927 18.812 0.050
2945.60604 18.890 0.087
2947.61554 18.856 0.060
2949.59685 18.834 0.053
2950.64160 18.805 0.047
2951.62878 18.869 0.060
2952.65771 18.762 0.060
2954.68263 18.867 0.067
2956.62862 18.941 0.040
2958.62303 18.778 0.056
2961.59410 18.953 0.098
2968.59386 18.832 0.056
2970.61311 18.894 0.049
2972.59760 18.896 0.054
2974.59835 18.946 0.055
2976.54805 18.971 0.064
2978.57415 18.763 0.075
2980.59102 18.861 0.079
2982.53624 19.025 0.070
2984.62711 18.874 0.070
2986.63724 18.845 0.060
2988.52960 18.859 0.098
2991.60267 18.934 0.053
2994.58439 18.807 0.049
2997.55718 19.033 0.055
3001.57363 18.863 0.056
3005.53170 18.802 0.089
3008.55336 18.756 0.071
3008.55802 18.964 0.087
3011.56139 18.906 0.078
3016.58805 18.771 0.059
3018.57452 19.094 0.073
3020.60257 18.904 0.051
3021.61538 18.885 0.039
3023.57128 18.862 0.048
3025.56979 18.978 0.071
3027.60330 18.927 0.055
3029.57520 18.953 0.057
3031.57974 18.843 0.055
3033.58211 19.011 0.060
3037.52913 18.885 0.074
3164.92956 18.990 0.066
3177.91731 18.721 0.064
3183.91153 18.867 0.054
3193.87929 18.821 0.061
3195.93849 18.923 0.051
3197.91395 18.745 0.049
3201.87137 18.812 0.055
3203.87932 18.852 0.038
3206.81719 18.942 0.062
3210.89322 18.875 0.055
3211.88465 18.854 0.047
3215.66076 18.768 0.073
3216.72877 18.793 0.077
3217.92930 18.870 0.065
3218.91393 18.946 0.099
3223.83478 18.896 0.062
3226.82503 18.842 0.059
3229.83216 18.874 0.046
3231.81430 18.833 0.077
3239.79267 18.897 0.055
3240.78993 18.998 0.077
3241.81429 18.927 0.052
3242.71361 18.898 0.060
3243.85006 18.903 0.060
3244.82725 18.846 0.068
3245.77639 18.794 0.063
3246.76884 18.826 0.077
3247.76260 19.203 0.079
3249.72731 18.903 0.066
3251.74083 18.858 0.042
3254.72795 18.881 0.047
3257.74436 18.856 0.038
3259.66354 18.892 0.054
3261.70164 18.992 0.046
3263.68434 18.827 0.037
3265.71873 18.819 0.040
3267.70757 18.918 0.043
3269.78399 18.998 0.083
3270.74081 18.965 0.062
3271.66364 18.859 0.054
3272.72083 18.963 0.052
3274.70670 18.938 0.058
3276.71113 18.845 0.067
3277.74427 18.894 0.055
3279.67659 18.849 0.050
3281.64027 18.955 0.050
3283.64171 18.851 0.035
3287.60793 19.048 0.058
3289.61900 18.877 0.052
3293.59579 18.892 0.044
3295.61458 18.917 0.036
3297.59633 18.815 0.037
3299.65270 18.863 0.041
3301.62694 18.846 0.060
3303.68919 18.990 0.062
3306.62174 18.845 0.038
3308.60946 18.909 0.072
3310.60859 18.852 0.055
3312.65261 18.862 0.053
3314.56347 18.786 0.066
3320.60130 18.908 0.047
3327.55626 18.975 0.057
3330.55049 18.752 0.055
3335.59532 18.877 0.065
3338.59893 18.883 0.047
3349.59526 18.823 0.046
3353.57435 18.821 0.052
3359.55088 18.803 0.052
3363.55822 18.903 0.062
3367.61754 18.898 0.055
3372.54829 19.050 0.054
3376.52760 18.986 0.095
3378.59455 18.844 0.058
3386.56098 19.179 0.053
3390.57456 18.752 0.065
3398.55632 18.862 0.054
3402.54472 18.894 0.048
3528.93692 18.897 0.070
3541.92972 18.804 0.042
3547.91431 18.968 0.054
3554.92252 18.914 0.057
3560.94464 19.105 0.062
3564.90680 18.881 0.039
3568.83766 18.889 0.045
3570.77838 18.902 0.079
3571.80071 18.683 0.071
3573.83820 18.927 0.074
3574.87719 19.095 0.067
3577.83586 18.810 0.051
3578.89443 18.739 0.039
3579.79927 18.861 0.040
3581.84420 19.034 0.061
3581.86691 19.027 0.060
3582.82909 18.991 0.070
3583.83350 18.824 0.054
3584.80520 18.865 0.043
3586.80784 18.773 0.032
3588.82573 18.960 0.046
3589.81854 18.878 0.044
3591.87334 18.889 0.033
3593.81090 18.952 0.054
3596.89136 18.879 0.047
3601.80899 19.079 0.066
3607.81440 18.866 0.042
3614.78579 18.837 0.034
3617.76529 18.894 0.039
3619.69821 18.883 0.047
3621.71667 19.053 0.053
3624.86497 18.866 0.066
3626.71435 18.839 0.048
3629.66796 18.868 0.068
3631.73033 18.824 0.063
3633.69564 18.794 0.063
3637.64955 18.848 0.055
3639.69963 18.881 0.032
3641.69619 18.834 0.040
3643.72056 19.052 0.047
3646.65552 18.834 0.051
3650.65877 18.889 0.054
3650.68281 18.878 0.046
3651.73275 18.850 0.039
3653.72891 18.912 0.044
3655.69509 18.879 0.039
3657.64587 18.826 0.047
3658.65030 18.784 0.048
3659.63835 18.859 0.061
3660.66847 18.827 0.057
3663.55998 18.850 0.076
3665.63356 18.798 0.045
3668.57198 18.961 0.052
3669.67074 18.912 0.064
3671.62890 18.881 0.057
3673.67376 18.911 0.066
3675.65834 18.903 0.048
3681.62964 18.824 0.068
3681.64927 18.889 0.078
3683.64765 18.891 0.049
3685.65278 18.833 0.044
3687.65145 18.848 0.048
3689.59984 18.830 0.048
3692.57568 18.789 0.054
3694.55966 18.781 0.055
3696.56018 18.892 0.043
3698.59387 19.054 0.071
3700.57480 18.926 0.061
3702.58409 18.932 0.054
3704.59036 19.040 0.063
3706.61079 18.858 0.037
3708.58367 19.005 0.062
3711.59026 19.045 0.074
3714.52401 18.978 0.116
3718.60452 18.954 0.069
3721.55342 18.797 0.055
3724.56310 18.853 0.049
3726.58366 19.046 0.057
3728.55677 18.817 0.049
3734.56022 18.929 0.058
3737.57590 18.946 0.054
3742.53452 18.803 0.087
3746.55980 19.030 0.083
3751.53618 18.714 0.078
3756.55244 18.887 0.057
3761.60271 18.981 0.062
3766.52751 18.980 0.084
3772.55033 18.890 0.057
3776.55040 18.992 0.065
3871.87630 19.057 0.095
3901.93882 18.898 0.063
3906.93909 18.862 0.045
3913.91603 18.791 0.035
3918.87954 18.857 0.046
3931.91488 18.991 0.068
3934.85790 18.983 0.045
3936.86610 18.869 0.047
3938.85009 18.901 0.058
3944.89748 18.863 0.046
3946.86561 18.906 0.054
3951.88502 18.847 0.058
3955.85015 19.165 0.099
3958.82667 18.771 0.069
3960.82682 18.905 0.048
3963.82353 18.700 0.063
3965.81541 18.900 0.031
3967.83526 18.791 0.035
3969.80090 19.114 0.055
3971.77709 18.822 0.038
3974.77883 18.788 0.052
3979.73419 18.918 0.048
3980.61754 18.929 0.077
3981.64383 19.130 0.052
3983.83415 18.985 0.071
3986.69571 18.845 0.063
3987.66675 18.927 0.047
3990.79002 19.044 0.050
3993.73482 18.851 0.054
3995.74009 18.872 0.036
3999.74936 18.831 0.039
4002.72150 18.820 0.034
4004.67329 18.790 0.041
4006.69950 18.839 0.035
4007.56288 19.094 0.059
4008.57181 19.069 0.060
4009.73327 18.929 0.053
4013.69838 18.868 0.055
4015.68067 19.000 0.084
4015.69690 18.858 0.072
4018.69606 18.838 0.049
4019.68463 18.986 0.063
4021.67712 18.805 0.040
4024.65059 18.990 0.048
4026.62947 18.907 0.047
4028.62543 18.855 0.039
4030.63799 18.844 0.047
4032.69009 18.970 0.061
4037.66628 18.916 0.041
4039.60422 18.925 0.046
4041.60374 18.974 0.079
4043.58944 18.761 0.057
4046.59877 18.799 0.052
4048.56467 18.800 0.057
4050.60679 18.842 0.046
4052.55889 18.838 0.045
4054.61307 18.911 0.054
4056.58516 18.962 0.063
4058.61871 18.970 0.055
4060.51755 18.732 0.054
4064.51518 19.200 0.074
4066.55665 19.002 0.055
4073.59859 18.852 0.063
4077.52194 18.872 0.071
4079.52388 18.876 0.087
4082.52384 18.799 0.074
4085.56155 18.872 0.050
4092.55760 18.911 0.041
4096.58355 18.919 0.051
4100.58634 19.097 0.079
4108.53042 18.857 0.069
4113.60831 18.940 0.053
4120.57914 18.896 0.046
4126.57697 18.764 0.068
4252.92626 18.811 0.072
4255.84555 18.914 0.077
4268.89906 18.924 0.063
4275.92119 19.046 0.075
4279.79887 18.905 0.101
4282.80943 18.775 0.060
4283.86237 18.903 0.073
4285.91669 18.947 0.064
4291.93747 18.931 0.068
4292.85599 18.860 0.042
4295.86004 19.117 0.055
4296.88980 18.978 0.052
4297.92266 18.792 0.044
4299.85747 18.865 0.039
4300.87896 18.795 0.043
4301.89697 18.879 0.038
4302.91858 18.795 0.050
4306.86321 18.990 0.075
4307.89749 18.868 0.039
4308.65864 18.914 0.063
4308.86662 18.861 0.050
4310.83897 18.861 0.062
4311.82652 18.871 0.091
4312.90040 18.857 0.040
4314.91987 18.869 0.061
4316.82641 18.953 0.063
4319.86359 18.915 0.063
4320.89045 18.858 0.059
4326.83432 18.845 0.049
4327.81259 18.878 0.071
4328.82822 18.810 0.055
4329.83076 18.860 0.055
4330.85900 18.927 0.048
4333.86030 18.899 0.056
4338.90068 19.203 0.092
4340.77316 18.822 0.052
4341.76831 18.900 0.070
4342.82417 18.829 0.060
4343.76181 18.899 0.054
4344.74396 18.816 0.048
4345.78995 18.816 0.043
4347.77884 18.860 0.047
4349.79203 18.911 0.049
4351.72913 18.787 0.063
4353.75235 18.872 0.068
4357.70122 18.917 0.065
4359.69915 18.865 0.047
4361.70171 18.924 0.065
4362.72443 18.842 0.060
4364.58347 18.816 0.071
4367.68098 18.869 0.066
4370.67263 18.946 0.063
4372.73610 18.895 0.042
4376.65149 19.004 0.069
4378.61807 18.910 0.062
4379.64603 18.796 0.062
4380.75888 18.905 0.048
4382.68633 18.839 0.049
4386.66139 18.979 0.051
4388.66187 18.822 0.050
4390.67086 18.840 0.041
4393.64464 18.849 0.055
4395.67952 18.845 0.055
4398.64496 19.064 0.069
4400.66784 18.796 0.058
4403.69363 18.743 0.051
4407.63372 18.916 0.063
4408.67990 18.803 0.058
4410.70284 18.907 0.055
4415.68697 18.892 0.052
4418.59364 18.947 0.050
4422.65487 18.910 0.055
4424.65193 18.771 0.049
4427.53863 18.873 0.066
4429.56456 18.811 0.087
4431.56900 18.848 0.061
4433.57486 19.067 0.060
4435.56321 18.880 0.053
4437.65225 18.879 0.074
4439.56412 18.886 0.066
4441.59995 18.760 0.053
4443.59068 18.863 0.063
4449.64470 18.935 0.055
4451.59983 18.772 0.044
4453.58181 18.899 0.070
4456.58324 18.794 0.070
4459.53574 18.886 0.076
4464.57543 18.897 0.053
4465.54136 18.880 0.062
4470.56029 18.825 0.068
4474.59679 18.797 0.070
4476.57493 18.857 0.050
4479.59974 18.939 0.078
4481.58441 18.704 0.049
4484.60109 18.713 0.082
4487.62265 18.834 0.085
4609.89594 18.825 0.071
4643.88061 18.886 0.065
4649.93082 19.054 0.069
4661.89396 18.848 0.047
4662.77668 19.033 0.052
4662.89360 18.837 0.047
4663.74837 18.873 0.065
4663.93227 19.031 0.069
4665.82132 18.923 0.075
4665.91527 19.016 0.083
4666.90913 18.908 0.072
4670.90358 18.885 0.056
4671.81782 18.869 0.058
4672.87754 18.884 0.049
4675.89515 18.770 0.049
4681.87488 18.887 0.039
4683.87013 18.899 0.051
4685.85625 18.873 0.055
4688.80759 18.833 0.044
4690.73315 18.972 0.047
4691.73602 18.891 0.069
4693.89111 18.864 0.066
4696.84103 18.744 0.078
4698.75286 18.865 0.039
4699.74687 18.773 0.047
4700.78438 18.896 0.046
4701.78958 18.950 0.057
4702.84972 18.800 0.054
4703.74876 18.908 0.057
4704.76761 19.120 0.052
4705.77485 18.878 0.060
4707.76752 18.840 0.036
4708.83578 18.815 0.037
4710.75175 18.901 0.045
4716.75326 18.902 0.052
4719.74543 18.888 0.074
4721.73439 18.952 0.070
4724.76409 18.815 0.052
4726.65976 18.852 0.064
4729.67074 18.770 0.064
4731.76099 18.785 0.039
4734.74331 18.878 0.039
4736.70809 18.833 0.055
4739.64937 18.876 0.063
4741.72395 18.852 0.038
4747.59056 18.842 0.052
4749.59013 18.900 0.072
4753.65929 18.820 0.071
4755.65321 18.890 0.052
4757.63765 18.868 0.046
4759.65027 19.242 0.071
4761.62054 18.831 0.033
4763.63318 18.806 0.061
4766.60140 18.955 0.068
4769.63947 18.854 0.063
4771.55054 18.890 0.070
4773.67535 18.998 0.052
4775.66219 18.955 0.070
4777.59594 18.879 0.055
4779.63153 18.887 0.058
4781.58145 18.868 0.056
4783.56507 18.765 0.058
4785.59617 18.873 0.062
4787.55254 19.032 0.127
4789.53158 18.844 0.068
4790.61380 18.889 0.037
4791.61210 18.815 0.044
4793.51623 18.809 0.068
4795.53328 18.832 0.043
4797.52548 18.915 0.060
4798.58878 18.880 0.068
4800.63607 18.900 0.050
4803.52739 18.915 0.065
4804.57757 18.733 0.063
4806.58659 18.932 0.058
4808.54482 18.858 0.060
4808.61232 19.028 0.067
4810.55526 18.924 0.063
4813.59461 18.909 0.063
4815.57074 18.794 0.059
4817.58728 18.835 0.046
4819.58688 18.925 0.055
4821.62878 18.888 0.041
4823.58957 18.959 0.057
4832.59113 18.843 0.055
4835.57295 18.891 0.073
4839.59446 18.911 0.069
4842.56152 18.999 0.076
4844.57001 18.939 0.055
4849.58618 18.800 0.047
4853.58361 18.891 0.061
4856.57754 19.102 0.061
4865.55067 18.862 0.059
4936.91655 18.986 0.087
4940.89923 18.821 0.063
4940.90309 18.815 0.058
4953.89694 18.985 0.074
4954.88836 18.799 0.048
