2090.94032 17.932 0.039
2104.92486 18.009 0.023
2112.87316 18.001 0.030
2115.84196 18.027 0.034
2117.84091 18.039 0.025
2122.90369 18.045 0.030
2123.91188 18.015 0.030
2128.91868 17.997 0.037
2129.90605 18.011 0.027
2131.77211 18.005 0.030
2132.89664 18.003 0.028
2133.82711 18.067 0.035
2134.90373 18.038 0.032
2135.91647 18.064 0.030
2137.86046 18.019 0.032
2140.90156 18.040 0.027
2141.81299 17.991 0.034
2142.83287 18.038 0.032
2144.76260 18.032 0.026
2156.76190 18.092 0.036
2161.72044 18.043 0.031
2162.85871 18.026 0.029
2166.69039 18.051 0.029
2167.70042 18.055 0.028
2168.80017 18.000 0.028
2171.81495 18.044 0.023
2172.85095 18.008 0.025
2173.79439 18.021 0.024
2174.68302 18.054 0.027
2177.73156 17.952 0.027
2183.78556 18.063 0.042
2184.78752 17.998 0.037
2187.62065 18.036 0.036
2189.77751 18.068 0.037
2193.77002 18.047 0.020
2194.73460 18.001 0.024
2200.75172 18.028 0.021
2203.63984 17.973 0.023
2211.74192 18.030 0.037
2212.73567 17.981 0.028
2217.72096 18.025 0.035
2221.60998 17.974 0.031
2223.66041 18.051 0.034
2226.57564 18.094 0.035
2228.63856 18.013 0.024
2230.62561 18.041 0.028
2232.64709 18.025 0.025
2234.63133 18.040 0.032
2239.56923 18.039 0.034
2241.62084 18.023 0.027
2243.65131 18.025 0.030
2249.61853 18.010 0.022
2251.57525 18.049 0.028
2254.61480 18.011 0.026
2257.57683 18.003 0.025
2263.57191 18.007 0.026
2265.62056 18.015 0.023
2271.60983 17.934 0.028
2273.60846 18.031 0.034
2277.61542 18.152 0.028
2283.63018 18.048 0.028
2285.61513 18.027 0.027
2289.62898 18.004 0.022
2291.63501 18.022 0.021
2293.63084 18.028 0.032
2295.62772 18.053 0.026
2296.61018 18.057 0.035
2298.61801 18.015 0.034
2300.61563 18.033 0.031
2303.60514 18.016 0.034
2453.93318 18.044 0.038
2462.92981 18.180 0.036
2466.92303 18.047 0.042
2468.91886 18.010 0.027
2470.90819 18.009 0.024
2472.84179 18.060 0.034
2489.85822 18.019 0.034
2492.83969 18.042 0.033
2495.82771 18.072 0.032
2496.83827 18.031 0.025
2497.86171 18.048 0.028
2498.86121 18.032 0.024
2500.80008 18.018 0.028
2502.76990 18.028 0.028
2511.78850 18.031 0.034
2516.91579 18.058 0.035
2517.91377 18.053 0.028
2518.89672 18.057 0.030
2519.75958 18.035 0.025
2521.77086 18.026 0.024
2524.70241 18.082 0.032
2529.73833 18.016 0.023
2535.78252 18.441 0.039
2537.80816 17.971 0.037
2538.89121 18.038 0.038
2539.78200 17.986 0.027
2540.83110 18.113 0.035
2541.79741 17.999 0.026
2542.76367 18.030 0.025
2544.74849 18.011 0.025
2545.76094 18.079 0.028
2547.77492 18.025 0.028
2548.79795 18.030 0.024
2550.79290 18.028 0.027
2551.78094 18.052 0.026
2552.79574 18.065 0.030
2553.73627 18.068 0.036
2554.78916 18.040 0.026
2555.79677 18.068 0.026
2556.77681 18.026 0.025
2557.79103 18.006 0.028
2558.74490 18.013 0.027
2559.70702 18.027 0.023
2560.73909 18.009 0.022
2561.78045 18.077 0.027
2562.75407 18.017 0.029
2563.76124 17.992 0.031
2565.77674 18.057 0.031
2566.75673 18.066 0.034
2571.74024 17.999 0.031
2573.74328 18.054 0.033
2574.73050 18.008 0.024
2576.77152 18.035 0.033
2577.73264 18.050 0.034
2578.70997 18.059 0.039
2579.72550 18.083 0.034
2580.61788 18.020 0.029
2583.72546 18.011 0.030
2584.71176 18.049 0.034
2587.69587 17.998 0.024
2588.70847 18.010 0.027
2589.70115 17.999 0.028
2590.71449 17.970 0.028
2591.73694 18.054 0.031
2593.74493 18.017 0.031
2594.69992 18.053 0.034
2598.55327 18.047 0.034
2599.70288 17.997 0.033
2609.56436 18.003 0.030
2611.61234 18.001 0.033
2614.53989 18.075 0.040
2618.61775 18.020 0.029
2622.58519 18.056 0.031
2624.63596 17.996 0.034
2627.56793 18.019 0.039
2630.58104 17.961 0.037
2636.60703 18.037 0.032
2640.58437 18.025 0.027
2649.58910 18.070 0.024
2652.57194 18.020 0.028
2655.58259 18.035 0.044
2659.55064 18.055 0.031
2662.58028 18.084 0.032
2666.57474 18.038 0.031
2670.57602 18.028 0.034
2674.58461 18.010 0.027
2677.57020 18.027 0.038
2683.58404 17.987 0.034
2804.80043 18.083 0.056
2805.94056 18.001 0.042
2813.93666 18.065 0.029
2816.93029 18.018 0.034
2819.92581 18.037 0.027
2829.90981 18.024 0.026
2831.91048 18.046 0.029
2832.87470 17.997 0.026
2835.94210 18.061 0.037
2836.94082 18.034 0.035
2838.90557 18.067 0.040
2841.89771 18.006 0.028
2843.92078 17.990 0.026
2845.80582 18.020 0.029
2848.89248 17.975 0.035
2849.94616 18.066 0.039
2851.86852 18.000 0.030
2852.90170 18.020 0.034
2854.91710 18.036 0.026
2858.84699 18.027 0.025
2859.90764 17.997 0.023
2861.83349 18.016 0.024
2862.84356 17.947 0.033
2863.91969 18.088 0.044
2865.76803 18.090 0.048
2866.76402 18.036 0.026
2868.85339 18.005 0.027
2872.82442 18.018 0.023
2877.83335 18.039 0.025
2879.85627 18.037 0.023
2884.80520 18.018 0.024
2886.81783 18.029 0.029
2890.76228 18.071 0.041
2893.83074 17.998 0.028
2895.76500 18.264 0.028
2897.79150 18.030 0.026
2900.78080 18.014 0.022
2903.83770 18.037 0.023
2906.78618 18.239 0.025
2908.76390 18.037 0.028
2910.75820 18.046 0.027
2912.77690 18.041 0.023
2916.78396 18.033 0.023
2918.75955 18.040 0.031
2922.75705 18.066 0.034
2924.75329 18.014 0.031
2926.68889 18.079 0.029
2929.75054 18.050 0.024
2931.72758 18.045 0.023
2933.73824 17.999 0.021
2935.70246 18.037 0.028
2939.63002 18.071 0.031
2942.70304 18.030 0.026
2944.65553 18.062 0.043
2946.66952 18.073 0.030
2947.70327 18.022 0.037
2949.68159 18.056 0.033
2950.63408 18.001 0.026
2951.71418 18.033 0.031
2953.66985 18.038 0.033
2955.64675 18.035 0.037
2957.66281 18.184 0.031
2958.65249 18.016 0.027
2960.68522 18.050 0.025
2961.62365 18.020 0.042
2966.63696 18.045 0.023
2970.58450 18.008 0.027
2972.62719 18.022 0.027
2974.56471 18.029 0.032
2976.59797 18.015 0.034
2978.54724 18.101 0.038
2980.63972 18.002 0.031
2983.55235 18.033 0.040
2986.56971 18.017 0.025
2989.59914 18.046 0.034
2994.54929 18.088 0.031
2998.58815 18.040 0.034
3002.58877 18.053 0.034
3005.58003 18.215 0.041
3008.58752 18.030 0.032
3011.59093 17.997 0.040
3015.60093 18.034 0.028
3017.60256 18.022 0.026
3020.57644 18.010 0.023
3022.60412 18.024 0.034
3024.60312 18.044 0.025
3026.57349 18.021 0.026
3028.57439 18.078 0.028
3030.58220 18.012 0.024
3032.59507 18.033 0.031
3035.55312 18.054 0.032
3038.58581 18.030 0.040
3182.91029 18.043 0.021
3184.94045 18.060 0.030
3194.88538 18.002 0.024
3196.94103 18.038 0.026
3202.92870 18.050 0.027
3204.89808 18.317 0.030
3206.91104 18.061 0.033
3211.82261 18.007 0.026
3216.81328 18.061 0.035
3217.92162 18.068 0.031
3224.85987 18.012 0.023
3230.81544 18.034 0.020
3239.88227 18.033 0.026
3241.74356 18.040 0.028
3242.81993 18.002 0.026
3244.75694 18.019 0.030
3245.86079 18.100 0.034
3246.85772 18.047 0.029
3248.76271 18.038 0.025
3250.82392 18.016 0.020
3253.77760 18.121 0.033
3256.76075 18.008 0.026
3258.77547 18.078 0.023
3260.76491 18.037 0.024
3262.77449 18.044 0.021
3264.72079 18.028 0.018
3266.79179 18.169 0.031
3268.72505 18.049 0.022
3270.79497 18.061 0.023
3271.75281 17.992 0.024
3273.71142 18.109 0.035
3275.70235 18.101 0.042
3276.79583 17.998 0.031
3278.67620 18.103 0.036
3280.74428 18.030 0.021
3282.70324 18.010 0.019
3286.66192 18.040 0.023
3288.67553 18.011 0.022
3291.65072 18.047 0.025
3294.66237 18.116 0.026
3296.62973 18.083 0.023
3298.63915 18.097 0.034
3300.63929 18.031 0.027
3302.62035 18.061 0.029
3305.71621 18.016 0.023
3307.63285 18.057 0.035
3309.65355 18.076 0.023
3311.60932 18.053 0.025
3315.64300 17.965 0.023
3321.52910 18.104 0.043
3324.61436 18.043 0.025
3329.58625 18.014 0.023
3334.60274 18.085 0.045
3336.60133 18.069 0.031
3350.60159 18.034 0.023
3355.61866 18.019 0.024
3360.61952 18.065 0.025
3369.60230 18.036 0.028
3372.63683 18.034 0.023
3379.59247 17.997 0.029
3387.58927 18.072 0.029
3395.59786 18.014 0.032
3403.57947 18.107 0.036
3547.94302 18.052 0.027
3552.90753 18.097 0.035
3560.90277 18.037 0.021
3564.85607 18.093 0.027
3570.90963 18.054 0.030
3575.90211 18.147 0.026
3577.93655 18.041 0.026
3579.90412 18.069 0.023
3582.90034 18.038 0.026
3585.87089 18.084 0.018
3590.86517 18.020 0.017
3591.90230 18.022 0.019
3592.85110 17.996 0.016
3596.87970 18.079 0.024
3603.81099 18.072 0.024
3608.85744 18.036 0.022
3615.87199 18.108 0.022
3618.87185 18.076 0.021
3620.87555 18.026 0.020
3622.83285 18.017 0.026
3625.81911 18.013 0.019
3628.72666 18.032 0.033
3630.74012 18.075 0.031
3632.80414 18.043 0.031
3634.68145 18.056 0.024
3638.74239 18.104 0.024
3640.72190 17.973 0.020
3642.67696 18.041 0.032
3644.75029 18.044 0.020
3646.75998 18.029 0.026
3650.77571 18.054 0.020
3652.72821 18.065 0.023
3654.73102 18.013 0.022
3656.77550 18.012 0.024
3658.73365 18.044 0.026
3659.74552 18.062 0.034
3661.69205 18.056 0.029
3664.76582 18.050 0.022
3666.76103 18.007 0.026
3668.71630 18.047 0.027
3670.69784 18.022 0.023
3672.66583 18.057 0.023
3674.78918 18.259 0.030
3676.69184 18.056 0.023
3684.68257 18.033 0.023
3686.64304 18.076 0.026
3688.61581 17.976 0.023
3690.64212 18.071 0.035
3693.62761 18.090 0.034
3695.62456 18.043 0.023
3697.57252 17.979 0.031
3699.61856 18.087 0.027
3701.64800 18.055 0.024
3703.65293 18.058 0.022
3705.53675 18.058 0.020
3707.56275 18.039 0.029
3712.68648 18.042 0.025
3714.55823 18.104 0.029
3716.54223 18.087 0.035
3720.60154 18.007 0.032
3724.64437 18.069 0.028
3726.64454 18.037 0.028
3731.57120 18.014 0.027
3736.57694 18.243 0.029
3741.56742 18.040 0.027
3745.57106 17.979 0.026
3760.57571 17.943 0.029
3764.58941 18.024 0.025
3769.55868 18.008 0.023
3774.53853 17.926 0.034
3778.55603 18.085 0.034
3903.93915 18.044 0.026
3909.93272 18.057 0.023
3917.93084 18.018 0.023
3920.92599 18.023 0.021
3933.86359 18.043 0.023
3935.85997 18.033 0.023
3937.89815 18.043 0.027
3945.83087 17.960 0.022
3950.88546 17.974 0.021
3959.84674 18.079 0.030
3961.82801 18.053 0.032
3964.83240 18.037 0.018
3966.82501 18.047 0.020
3968.81813 18.059 0.024
3970.80972 18.035 0.019
3973.78093 18.012 0.023
3975.79780 18.085 0.024
3980.72649 18.103 0.032
3981.72641 18.027 0.024
3982.79225 17.984 0.026
3986.76795 18.005 0.024
3991.67754 18.075 0.024
3994.72264 18.099 0.025
3998.84885 17.993 0.022
4001.71514 18.082 0.021
4003.67912 18.008 0.020
4005.75375 18.051 0.021
4008.67750 18.213 0.019
4011.70541 18.030 0.025
4014.72502 18.108 0.044
4016.68502 18.068 0.024
4018.68090 18.037 0.024
4020.72019 18.004 0.023
4023.67033 18.064 0.024
4025.71857 18.034 0.023
4027.65874 18.119 0.024
4029.64385 17.972 0.023
4031.62803 18.059 0.020
4036.68657 18.008 0.023
4040.59928 18.016 0.023
4042.66716 18.068 0.027
4047.62115 18.085 0.030
4049.63549 18.044 0.021
4051.64435 18.043 0.028
4053.58184 18.057 0.019
4055.58334 17.948 0.035
4057.55043 18.039 0.033
4060.56729 18.040 0.021
4064.60997 18.008 0.019
4066.58676 18.038 0.023
4069.58058 18.064 0.028
4072.53729 18.112 0.039
4075.55279 18.003 0.024
4077.58759 18.066 0.032
4079.61493 18.058 0.027
4083.54215 18.046 0.034
4087.63621 18.017 0.023
4096.62482 17.997 0.026
4100.57876 18.089 0.034
4108.60480 17.990 0.021
4113.63717 18.080 0.024
4119.59787 17.981 0.031
4120.62913 18.020 0.021
4122.62166 18.098 0.025
4127.60964 18.048 0.024
4253.93681 18.016 0.034
4258.89982 18.027 0.041
4278.88833 18.010 0.030
4279.89604 18.006 0.040
4282.88242 18.024 0.027
4283.79042 17.949 0.037
4284.94011 18.066 0.034
4289.91084 18.033 0.028
4295.93816 18.021 0.025
4297.85875 18.047 0.028
4298.89138 18.138 0.031
4299.93529 18.011 0.022
4301.82917 18.055 0.021
4302.85792 18.027 0.026
4303.86673 18.156 0.025
4307.80670 18.032 0.023
4308.73861 18.030 0.030
4310.91764 18.000 0.027
4312.83481 18.073 0.026
4314.84992 18.049 0.031
4316.90920 18.013 0.029
4320.80195 18.071 0.028
4326.92286 18.011 0.032
4328.91082 18.047 0.033
4329.92892 18.075 0.034
4330.85142 18.038 0.023
4336.86961 18.041 0.037
4339.91328 18.013 0.034
4340.83983 18.011 0.030
4342.90699 18.045 0.032
4344.83166 17.997 0.028
4346.80483 18.023 0.030
4348.78861 17.996 0.024
4350.76546 18.051 0.022
4353.72362 17.955 0.028
4355.78237 18.000 0.028
4358.72552 18.083 0.031
4361.74456 18.005 0.027
4363.70460 18.019 0.030
4367.71158 18.002 0.034
4371.71270 18.020 0.031
4376.73502 18.044 0.026
4378.70540 18.072 0.025
4379.73289 18.015 0.031
4381.69133 18.057 0.027
4383.72027 18.017 0.027
4387.66660 18.058 0.023
4389.72012 18.090 0.041
4391.74277 18.028 0.026
4392.63041 18.012 0.023
4394.68321 18.047 0.024
4396.72512 18.022 0.028
4399.66022 18.050 0.042
4402.71302 18.061 0.031
4406.63599 18.096 0.037
4409.67581 18.058 0.030
4412.66328 18.037 0.028
4417.71059 18.023 0.028
4420.68963 17.997 0.027
4422.70396 18.058 0.026
4425.57712 18.024 0.031
4427.66705 18.162 0.034
4429.62883 18.065 0.043
4431.61587 18.076 0.037
4433.62183 18.068 0.028
4435.61012 18.048 0.031
4437.68136 18.024 0.042
4439.60297 18.122 0.040
4441.62901 18.008 0.030
4443.63778 17.987 0.033
4451.62892 18.105 0.033
4453.61480 18.121 0.035
4455.62697 18.063 0.040
4456.63032 18.089 0.044
4457.62279 18.049 0.033
4460.60765 18.083 0.035
4463.58898 18.042 0.028
4465.61263 18.019 0.028
4468.61205 18.022 0.024
4469.59727 18.026 0.027
4472.58745 18.001 0.025
4475.61544 18.073 0.031
4475.65260 18.059 0.035
4480.63595 18.047 0.034
4482.64726 18.023 0.040
4485.64040 18.060 0.040
4488.64086 18.030 0.044
4490.60802 18.006 0.030
4492.63110 18.002 0.031
4640.91300 18.023 0.030
4647.94351 18.039 0.034
4651.93921 18.016 0.036
4655.88624 18.039 0.026
4662.88206 18.007 0.024
4663.83639 18.204 0.035
4665.90389 18.043 0.032
4671.93770 18.066 0.028
4674.83922 18.266 0.032
4677.90164 18.028 0.021
4682.89183 18.045 0.026
4684.91412 18.038 0.025
4686.87433 18.021 0.021
4688.89032 18.027 0.019
4690.81581 18.024 0.024
4691.81913 18.033 0.026
4694.85118 18.034 0.034
4696.93438 17.982 0.063
4697.80992 18.107 0.036
4699.83069 18.039 0.025
4700.86483 18.066 0.023
4701.89920 18.021 0.027
4703.83200 17.996 0.027
4704.85011 18.043 0.027
4707.86119 18.059 0.025
4709.80983 18.020 0.020
4715.81461 18.016 0.025
4717.82860 18.008 0.022
4720.74834 18.024 0.026
4724.71404 18.063 0.030
4726.70662 18.081 0.026
4729.77385 18.032 0.027
4730.76342 18.042 0.020
4733.77780 18.053 0.023
4740.73879 18.039 0.024
4747.67855 18.059 0.024
4749.63697 17.972 0.034
4753.72399 18.114 0.037
4756.71087 18.019 0.029
4758.67054 18.009 0.023
4760.65709 18.038 0.023
4762.64725 18.024 0.025
4768.60281 18.047 0.027
4771.59758 18.029 0.029
4772.66867 18.023 0.025
4775.55076 17.932 0.039
4776.61481 18.047 0.038
4778.61706 18.014 0.023
4780.65767 18.013 0.033
4782.58690 18.024 0.027
4783.65005 18.039 0.029
4786.57004 18.043 0.031
4787.63715 18.137 0.052
4790.53094 18.066 0.023
4792.61941 18.048 0.034
4794.58307 18.028 0.025
4796.65691 18.066 0.024
4797.63267 18.037 0.030
4799.61783 18.024 0.032
4801.59408 18.067 0.025
4803.57423 18.068 0.026
4805.57980 18.009 0.026
4807.59423 18.042 0.032
4809.61924 18.033 0.029
4812.53705 18.107 0.048
4814.59899 18.063 0.034
4816.60114 18.026 0.026
4818.54301 18.015 0.036
4820.60381 18.022 0.028
4823.64930 18.000 0.028
4826.65810 18.052 0.026
4833.61653 18.007 0.025
4835.63950 18.399 0.041
4837.63678 18.008 0.036
4841.62662 18.020 0.035
4843.62399 18.103 0.041
4846.62951 18.000 0.028
4849.63328 18.074 0.033
4854.63006 18.011 0.023
4866.58898 18.012 0.032
4870.56180 18.014 0.034
4871.55366 17.999 0.038
4873.57727 18.071 0.032
