2085.90914 16.104 0.010
2085.90914 16.104 0.010
2086.88843 16.076 0.009
2086.88843 16.076 0.009
2103.89525 16.094 0.007
2103.89525 16.094 0.007
2105.92315 16.152 0.008
2105.92315 16.152 0.008
2106.89098 16.106 0.008
2106.89098 16.106 0.008
2112.84336 16.098 0.007
2112.84336 16.098 0.007
2116.87111 16.089 0.008
2116.87111 16.089 0.008
2123.81803 16.150 0.008
2123.81803 16.150 0.008
2124.83847 16.096 0.011
2124.83847 16.096 0.011
2128.82553 16.097 0.008
2128.82553 16.097 0.008
2129.85750 16.098 0.008
2129.85750 16.098 0.008
2130.84387 16.091 0.008
2130.84387 16.091 0.008
2131.83748 16.087 0.008
2131.83748 16.087 0.008
2132.80627 16.100 0.009
2132.80627 16.100 0.009
2133.89460 16.107 0.010
2133.89460 16.107 0.010
2134.81000 16.095 0.009
2134.81000 16.095 0.009
2135.84408 16.112 0.008
2135.84408 16.112 0.008
2137.89208 16.109 0.009
2137.89208 16.109 0.009
2140.81134 16.102 0.008
2140.81134 16.102 0.008
2142.75205 16.097 0.008
2142.75205 16.097 0.008
2143.81755 16.100 0.008
2143.81755 16.100 0.008
2144.82425 16.099 0.007
2144.82425 16.099 0.007
2155.87863 16.084 0.009
2155.87863 16.084 0.009
2156.82521 16.094 0.008
2156.82521 16.094 0.008
2160.75460 16.114 0.009
2160.75460 16.114 0.009
2162.76139 16.092 0.007
2162.76139 16.092 0.007
2166.75600 16.118 0.007
2166.75600 16.118 0.007
2167.76446 16.096 0.007
2167.76446 16.096 0.007
2168.71363 16.096 0.008
2168.71363 16.096 0.008
2171.73955 16.084 0.007
2171.73955 16.084 0.007
2172.74617 16.099 0.007
2172.74617 16.099 0.007
2177.63966 16.101 0.008
2177.63966 16.101 0.008
2184.70130 16.075 0.009
2184.70130 16.075 0.009
2185.66480 16.113 0.008
2185.66480 16.113 0.008
2186.68965 16.117 0.010
2186.68965 16.117 0.010
2187.68483 16.081 0.009
2187.68483 16.081 0.009
2188.73199 16.096 0.008
2188.73199 16.096 0.008
2190.69136 16.098 0.007
2190.69136 16.098 0.007
2191.66474 16.094 0.008
2191.66474 16.094 0.008
2192.66325 16.106 0.007
2192.66325 16.106 0.007
2193.68432 16.104 0.007
2193.68432 16.104 0.007
2194.65442 16.102 0.007
2194.65442 16.102 0.007
2203.55089 16.124 0.008
2203.55089 16.124 0.008
2206.60721 16.149 0.010
2206.60721 16.149 0.010
2211.64130 16.096 0.008
2211.64130 16.096 0.008
2212.64513 16.144 0.008
2212.64513 16.144 0.008
2213.65095 16.099 0.008
2213.65095 16.099 0.008
2214.64214 16.094 0.009
2214.64214 16.094 0.009
2215.64912 16.133 0.008
2215.64912 16.133 0.008
2217.63582 16.086 0.008
2217.63582 16.086 0.008
2219.67868 16.083 0.008
2219.67868 16.083 0.008
2224.71356 16.100 0.007
2224.71356 16.100 0.007
2226.63643 16.106 0.010
2226.63643 16.106 0.010
2228.55833 16.099 0.008
2228.55833 16.099 0.008
2229.61659 16.092 0.008
2229.61659 16.092 0.008
2231.64326 16.102 0.008
2231.64326 16.102 0.008
2232.50999 16.082 0.010
2232.50999 16.082 0.010
2233.61341 16.094 0.008
2233.61341 16.094 0.008
2235.66353 16.105 0.007
2235.66353 16.105 0.007
2238.54707 16.077 0.008
2238.54707 16.077 0.008
2240.65138 16.129 0.008
2240.65138 16.129 0.008
2242.61889 16.092 0.008
2242.61889 16.092 0.008
2248.60354 16.089 0.007
2248.60354 16.089 0.007
2250.57686 16.091 0.007
2250.57686 16.091 0.007
2253.57050 16.085 0.007
2253.57050 16.085 0.007
2255.60716 16.113 0.008
2255.60716 16.113 0.008
2258.57346 16.130 0.007
2258.57346 16.130 0.007
2263.58419 16.097 0.007
2263.58419 16.097 0.007
2266.55498 16.077 0.008
2266.55498 16.077 0.008
2271.56456 16.082 0.007
2271.56456 16.082 0.007
2273.56390 16.111 0.010
2273.56390 16.111 0.010
2275.59883 16.098 0.008
2275.59883 16.098 0.008
2276.55838 16.111 0.009
2276.55838 16.111 0.009
2278.59096 16.094 0.008
2278.59096 16.094 0.008
2280.58682 16.144 0.008
2280.58682 16.144 0.008
2284.58970 16.093 0.008
2284.58970 16.093 0.008
2290.60368 16.090 0.008
2290.60368 16.090 0.008
2293.56596 16.089 0.008
2293.56596 16.089 0.008
2295.55870 16.142 0.008
2295.55870 16.142 0.008
2297.56199 16.103 0.009
2297.56199 16.103 0.009
2299.56109 16.095 0.009
2299.56109 16.095 0.009
2301.55335 16.133 0.009
2301.55335 16.133 0.009
2445.91192 16.095 0.009
2445.91192 16.095 0.009
2460.87884 16.106 0.010
2460.87884 16.106 0.010
2463.91518 16.102 0.008
2463.91518 16.102 0.008
2465.92794 16.097 0.008
2465.92794 16.097 0.008
2467.90093 16.090 0.008
2467.90093 16.090 0.008
2469.90031 16.101 0.007
2469.90031 16.101 0.007
2471.88975 16.100 0.008
2471.88975 16.100 0.008
2472.91922 16.098 0.007
2472.91922 16.098 0.007
2473.89113 16.075 0.007
2473.89113 16.075 0.007
2481.90282 16.103 0.009
2481.90282 16.103 0.009
2483.88864 16.084 0.007
2483.88864 16.084 0.007
2486.88565 16.096 0.009
2486.88565 16.096 0.009
2488.87656 16.098 0.010
2488.87656 16.098 0.010
2489.92299 16.102 0.008
2489.92299 16.102 0.008
2492.90335 16.093 0.008
2492.90335 16.093 0.008
2495.89338 16.088 0.008
2495.89338 16.088 0.008
2496.90310 16.140 0.008
2496.90310 16.140 0.008
2497.92651 16.092 0.008
2497.92651 16.092 0.008
2498.77378 16.105 0.008
2498.77378 16.105 0.008
2499.85936 16.152 0.008
2499.85936 16.152 0.008
2500.86493 16.090 0.008
2500.86493 16.090 0.008
2501.85389 16.095 0.007
2501.85389 16.095 0.007
2502.83412 16.140 0.008
2502.83412 16.140 0.008
2508.74536 16.134 0.011
2508.74536 16.134 0.011
2516.77666 16.102 0.009
2516.77666 16.102 0.009
2517.82340 16.125 0.008
2517.82340 16.125 0.008
2518.79484 16.115 0.008
2518.79484 16.115 0.008
2519.83174 16.094 0.007
2519.83174 16.094 0.007
2520.79113 16.104 0.008
2520.79113 16.104 0.008
2521.82327 16.098 0.007
2521.82327 16.098 0.007
2524.82152 16.096 0.010
2524.82152 16.096 0.010
2526.77770 16.112 0.007
2526.77770 16.112 0.007
2534.83408 16.102 0.009
2534.83408 16.102 0.009
2535.81429 16.097 0.008
2535.81429 16.097 0.008
2537.70207 16.097 0.010
2537.70207 16.097 0.010
2538.79803 16.104 0.008
2538.79803 16.104 0.008
2539.70185 16.124 0.008
2539.70185 16.124 0.008
2540.74273 16.099 0.010
2540.74273 16.099 0.010
2541.71375 16.099 0.007
2541.71375 16.099 0.007
2542.68354 16.121 0.008
2542.68354 16.121 0.008
2544.66208 16.103 0.008
2544.66208 16.103 0.008
2545.67711 16.118 0.007
2545.67711 16.118 0.007
2547.69512 16.109 0.008
2547.69512 16.109 0.008
2548.71156 16.119 0.007
2548.71156 16.119 0.007
2550.70669 16.098 0.008
2550.70669 16.098 0.008
2551.69333 16.123 0.008
2551.69333 16.123 0.008
2553.64905 16.123 0.010
2553.64905 16.123 0.010
2554.70257 16.133 0.008
2554.70257 16.133 0.008
2555.71050 16.104 0.008
2555.71050 16.104 0.008
2556.68952 16.098 0.008
2556.68952 16.098 0.008
2557.70206 16.100 0.007
2557.70206 16.100 0.007
2558.65854 16.103 0.008
2558.65854 16.103 0.008
2559.61544 16.097 0.008
2559.61544 16.097 0.008
2560.64850 16.117 0.008
2560.64850 16.117 0.008
2561.67405 16.108 0.011
2561.67405 16.108 0.011
2562.66694 16.093 0.008
2562.66694 16.093 0.008
2563.67487 16.108 0.008
2563.67487 16.108 0.008
2564.69026 16.116 0.008
2564.69026 16.116 0.008
2565.68116 16.095 0.008
2565.68116 16.095 0.008
2566.66144 16.107 0.008
2566.66144 16.107 0.008
2568.69242 16.101 0.010
2568.69242 16.101 0.010
2571.64511 16.100 0.010
2571.64511 16.100 0.010
2573.65854 16.110 0.009
2573.65854 16.110 0.009
2574.64237 16.103 0.008
2574.64237 16.103 0.008
2577.62924 16.109 0.009
2577.62924 16.109 0.009
2578.62931 16.110 0.008
2578.62931 16.110 0.008
2579.63596 16.102 0.008
2579.63596 16.102 0.008
2580.64808 16.085 0.007
2580.64808 16.085 0.007
2583.61939 16.100 0.009
2583.61939 16.100 0.009
2584.62675 16.095 0.008
2584.62675 16.095 0.008
2586.62397 16.092 0.007
2586.62397 16.092 0.007
2587.60838 16.106 0.008
2587.60838 16.106 0.008
2588.71680 16.149 0.008
2588.71680 16.149 0.008
2589.59832 16.103 0.008
2589.59832 16.103 0.008
2590.61345 16.106 0.009
2590.61345 16.106 0.009
2591.63659 16.152 0.008
2591.63659 16.152 0.008
2593.60559 16.098 0.008
2593.60559 16.098 0.008
2594.60936 16.150 0.010
2594.60936 16.150 0.010
2596.58489 16.095 0.009
2596.58489 16.095 0.009
2597.57206 16.135 0.008
2597.57206 16.135 0.008
2598.64593 16.115 0.009
2598.64593 16.115 0.009
2599.60541 16.096 0.009
2599.60541 16.096 0.009
2607.62660 16.119 0.010
2607.62660 16.119 0.010
2610.54642 16.097 0.009
2610.54642 16.097 0.009
2613.54032 16.101 0.009
2613.54032 16.101 0.009
2615.56917 16.105 0.009
2615.56917 16.105 0.009
2619.55687 16.110 0.009
2619.55687 16.110 0.009
2621.56577 16.099 0.008
2621.56577 16.099 0.008
2625.54841 16.123 0.010
2625.54841 16.123 0.010
2628.54178 16.112 0.011
2628.54178 16.112 0.011
2632.54820 16.091 0.008
2632.54820 16.091 0.008
2636.54337 16.113 0.010
2636.54337 16.113 0.010
2639.54386 16.095 0.009
2639.54386 16.095 0.009
2642.55261 16.101 0.010
2642.55261 16.101 0.010
2646.56543 16.096 0.008
2646.56543 16.096 0.008
2651.53746 16.111 0.011
2651.53746 16.111 0.011
2654.55527 16.108 0.010
2654.55527 16.108 0.010
2657.55813 16.106 0.009
2657.55813 16.106 0.009
2660.55391 16.104 0.009
2660.55391 16.104 0.009
2671.55158 16.153 0.009
2671.55158 16.153 0.009
2673.56338 16.092 0.010
2673.56338 16.092 0.010
2676.52475 16.095 0.010
2676.52475 16.095 0.010
2679.53811 16.116 0.008
2679.53811 16.116 0.008
2682.54043 16.113 0.009
2682.54043 16.113 0.009
2777.90295 16.105 0.010
2777.90295 16.105 0.010
2804.86989 16.145 0.010
2804.86989 16.145 0.010
2811.90436 16.109 0.011
2811.90436 16.109 0.011
2814.94001 16.109 0.008
2814.94001 16.109 0.008
2817.92658 16.098 0.009
2817.92658 16.098 0.009
2825.90438 16.116 0.007
2825.90438 16.116 0.007
2831.78143 16.102 0.009
2831.78143 16.102 0.009
2832.74739 16.110 0.009
2832.74739 16.110 0.009
2832.92536 16.121 0.008
2832.92536 16.121 0.008
2833.86530 16.098 0.010
2833.86530 16.098 0.010
2835.87395 16.119 0.009
2835.87395 16.119 0.009
2837.87502 16.120 0.011
2837.87502 16.120 0.011
2838.93218 16.115 0.010
2838.93218 16.115 0.010
2840.82492 16.104 0.010
2840.82492 16.104 0.010
2843.82636 16.104 0.007
2843.82636 16.104 0.007
2844.87219 16.123 0.008
2844.87219 16.123 0.008
2845.91818 16.107 0.009
2845.91818 16.107 0.009
2849.85561 16.103 0.008
2849.85561 16.103 0.008
2850.88837 16.112 0.009
2850.88837 16.112 0.009
2851.93194 16.110 0.009
2851.93194 16.110 0.009
2852.80262 16.105 0.008
2852.80262 16.105 0.008
2853.94203 16.096 0.008
2853.94203 16.096 0.008
2856.81529 16.109 0.009
2856.81529 16.109 0.009
2858.90934 16.092 0.007
2858.90934 16.092 0.007
2860.87534 16.101 0.008
2860.87534 16.101 0.008
2861.74651 16.085 0.007
2861.74651 16.085 0.007
2862.92552 16.098 0.009
2862.92552 16.098 0.009
2863.83472 16.106 0.010
2863.83472 16.106 0.010
2865.83162 16.097 0.008
2865.83162 16.097 0.008
2866.88126 16.109 0.009
2866.88126 16.109 0.009
2867.82127 16.096 0.007
2867.82127 16.096 0.007
2868.76894 16.086 0.008
2868.76894 16.086 0.008
2869.90194 16.127 0.009
2869.90194 16.127 0.009
2870.81554 16.086 0.007
2870.81554 16.086 0.007
2871.85846 16.102 0.008
2871.85846 16.102 0.008
2875.79802 16.122 0.009
2875.79802 16.122 0.009
2876.77573 16.093 0.008
2876.77573 16.093 0.008
2877.79763 16.114 0.008
2877.79763 16.114 0.008
2879.73926 16.093 0.007
2879.73926 16.093 0.007
2883.82540 16.088 0.007
2883.82540 16.088 0.007
2885.76020 16.109 0.008
2885.76020 16.109 0.008
2888.80852 16.101 0.008
2888.80852 16.101 0.008
2892.79988 16.105 0.010
2892.79988 16.105 0.010
2894.72904 16.114 0.009
2894.72904 16.114 0.009
2896.72614 16.145 0.008
2896.72614 16.145 0.008
2898.74712 16.103 0.008
2898.74712 16.103 0.008
2900.74596 16.090 0.007
2900.74596 16.090 0.007
2902.74548 16.122 0.007
2902.74548 16.122 0.007
2905.75268 16.110 0.008
2905.75268 16.110 0.008
2907.75408 16.101 0.007
2907.75408 16.101 0.007
2909.74319 16.093 0.007
2909.74319 16.093 0.007
2911.73455 16.104 0.007
2911.73455 16.104 0.007
2915.70602 16.100 0.007
2915.70602 16.100 0.007
2917.73213 16.114 0.007
2917.73213 16.114 0.007
2921.72988 16.119 0.009
2921.72988 16.119 0.009
2923.75183 16.109 0.008
2923.75183 16.109 0.008
2925.71480 16.099 0.008
2925.71480 16.099 0.008
2927.71233 16.122 0.008
2927.71233 16.122 0.008
2930.73038 16.114 0.008
2930.73038 16.114 0.008
2932.73689 16.100 0.008
2932.73689 16.100 0.008
2934.71672 16.107 0.007
2934.71672 16.107 0.007
2937.64073 16.102 0.008
2937.64073 16.102 0.008
2939.69337 16.118 0.008
2939.69337 16.118 0.008
2940.63350 16.095 0.007
2940.63350 16.095 0.007
2941.68332 16.102 0.007
2941.68332 16.102 0.007
2942.63345 16.119 0.008
2942.63345 16.119 0.008
2943.60468 16.111 0.009
2943.60468 16.111 0.009
2944.58927 16.093 0.008
2944.58927 16.093 0.008
2945.60604 16.117 0.010
2945.60604 16.117 0.010
2947.61554 16.091 0.008
2947.61554 16.091 0.008
2949.59685 16.104 0.008
2949.59685 16.104 0.008
2950.64160 16.089 0.008
2950.64160 16.089 0.008
2951.62878 16.110 0.008
2951.62878 16.110 0.008
2952.65771 16.105 0.009
2952.65771 16.105 0.009
2954.68263 16.095 0.009
2954.68263 16.095 0.009
2956.62862 16.092 0.007
2956.62862 16.092 0.007
2958.62303 16.117 0.009
2958.62303 16.117 0.009
2961.59410 16.103 0.011
2961.59410 16.103 0.011
2968.59386 16.101 0.008
2968.59386 16.101 0.008
2970.61311 16.133 0.008
2970.61311 16.133 0.008
2972.59760 16.109 0.008
2972.59760 16.109 0.008
2974.59835 16.114 0.008
2974.59835 16.114 0.008
2976.54805 16.143 0.009
2976.54805 16.143 0.009
2978.57415 16.113 0.010
2978.57415 16.113 0.010
2980.59102 16.115 0.010
2980.59102 16.115 0.010
2982.53624 16.144 0.008
2982.53624 16.144 0.008
2984.62711 16.109 0.009
2984.62711 16.109 0.009
2986.63724 16.103 0.008
2986.63724 16.103 0.008
2988.52960 16.179 0.011
2988.52960 16.179 0.011
2991.60267 16.124 0.008
2991.60267 16.124 0.008
2994.58439 16.120 0.008
2994.58439 16.120 0.008
2997.55718 16.112 0.008
2997.55718 16.112 0.008
3001.57363 16.097 0.008
3001.57363 16.097 0.008
3005.53170 16.089 0.011
3005.53170 16.089 0.011
3008.55336 16.102 0.010
3008.55336 16.102 0.010
3008.55802 16.115 0.010
3008.55802 16.115 0.010
3011.56139 16.124 0.009
3011.56139 16.124 0.009
3016.58805 16.136 0.009
3016.58805 16.136 0.009
3018.57452 16.125 0.008
3018.57452 16.125 0.008
3020.60257 16.106 0.007
3020.60257 16.106 0.007
3021.61538 16.110 0.007
3021.61538 16.110 0.007
3023.57128 16.103 0.007
3023.57128 16.103 0.007
3025.56979 16.129 0.008
3025.56979 16.129 0.008
3027.60330 16.097 0.008
3027.60330 16.097 0.008
3029.57520 16.108 0.008
3029.57520 16.108 0.008
3031.57974 16.108 0.008
3031.57974 16.108 0.008
3033.58211 16.094 0.008
3033.58211 16.094 0.008
3037.52913 16.106 0.009
3037.52913 16.106 0.009
3164.92956 16.112 0.008
3164.92956 16.112 0.008
3177.91731 16.130 0.008
3177.91731 16.130 0.008
3183.91153 16.158 0.008
3183.91153 16.158 0.008
3193.87929 16.101 0.008
3193.87929 16.101 0.008
3195.93849 16.128 0.007
3195.93849 16.128 0.007
3197.91395 16.106 0.007
3197.91395 16.106 0.007
3201.87137 16.146 0.007
3201.87137 16.146 0.007
3203.87932 16.103 0.007
3203.87932 16.103 0.007
3206.81719 16.109 0.008
3206.81719 16.109 0.008
3210.89322 16.114 0.007
3210.89322 16.114 0.007
3211.88465 16.113 0.007
3211.88465 16.113 0.007
3215.66076 16.113 0.010
3215.66076 16.113 0.010
3216.72877 16.130 0.010
3216.72877 16.130 0.010
3217.92930 16.123 0.008
3217.92930 16.123 0.008
3218.91393 16.105 0.010
3218.91393 16.105 0.010
3223.83478 16.140 0.008
3223.83478 16.140 0.008
3226.82503 16.131 0.008
3226.82503 16.131 0.008
3229.83216 16.125 0.007
3229.83216 16.125 0.007
3231.81430 16.104 0.009
3231.81430 16.104 0.009
3239.79267 16.104 0.007
3239.79267 16.104 0.007
3240.78993 16.123 0.008
3240.78993 16.123 0.008
3241.81429 16.106 0.007
3241.81429 16.106 0.007
3242.71361 16.106 0.008
3242.71361 16.106 0.008
3243.85006 16.130 0.008
3243.85006 16.130 0.008
3244.82725 16.130 0.009
3244.82725 16.130 0.009
3245.77639 16.119 0.008
3245.77639 16.119 0.008
3246.76884 16.131 0.010
3246.76884 16.131 0.010
3247.76260 16.103 0.008
3247.76260 16.103 0.008
3249.72731 16.113 0.008
3249.72731 16.113 0.008
3251.74083 16.108 0.007
3251.74083 16.108 0.007
3254.72795 16.118 0.007
3254.72795 16.118 0.007
3257.74436 16.107 0.007
3257.74436 16.107 0.007
3259.66354 16.128 0.008
3259.66354 16.128 0.008
3261.70164 16.107 0.007
3261.70164 16.107 0.007
3263.68434 16.113 0.007
3263.68434 16.113 0.007
3265.71873 16.110 0.007
3265.71873 16.110 0.007
3267.70757 16.127 0.007
3267.70757 16.127 0.007
3269.78399 16.175 0.009
3269.78399 16.175 0.009
3270.74081 16.105 0.008
3270.74081 16.105 0.008
3271.66364 16.121 0.007
3271.66364 16.121 0.007
3272.72083 16.157 0.007
3272.72083 16.157 0.007
3274.70670 16.114 0.008
3274.70670 16.114 0.008
3276.71113 16.121 0.008
3276.71113 16.121 0.008
3277.74427 16.106 0.007
3277.74427 16.106 0.007
3279.67659 16.121 0.007
3279.67659 16.121 0.007
3281.64027 16.155 0.007
3281.64027 16.155 0.007
3283.64171 16.112 0.007
3283.64171 16.112 0.007
3287.60793 16.150 0.007
3287.60793 16.150 0.007
3289.61900 16.126 0.007
3289.61900 16.126 0.007
3293.59579 16.161 0.007
3293.59579 16.161 0.007
3295.61458 16.109 0.006
3295.61458 16.109 0.006
3297.59633 16.102 0.006
3297.59633 16.102 0.006
3299.65270 16.110 0.006
3299.65270 16.110 0.006
3301.62694 16.106 0.008
3301.62694 16.106 0.008
3303.68919 16.098 0.007
3303.68919 16.098 0.007
3306.62174 16.105 0.007
3306.62174 16.105 0.007
3308.60946 16.098 0.008
3308.60946 16.098 0.008
3310.60859 16.100 0.007
3310.60859 16.100 0.007
3312.65261 16.125 0.007
3312.65261 16.125 0.007
3314.56347 16.126 0.008
3314.56347 16.126 0.008
3320.60130 16.114 0.007
3320.60130 16.114 0.007
3327.55626 16.129 0.007
3327.55626 16.129 0.007
3330.55049 16.139 0.008
3330.55049 16.139 0.008
3335.59532 16.109 0.008
3335.59532 16.109 0.008
3338.59893 16.118 0.007
3338.59893 16.118 0.007
3349.59526 16.109 0.007
3349.59526 16.109 0.007
3353.57435 16.109 0.007
3353.57435 16.109 0.007
3359.55088 16.105 0.007
3359.55088 16.105 0.007
3363.55822 16.099 0.008
3363.55822 16.099 0.008
3367.61754 16.173 0.008
3367.61754 16.173 0.008
3372.54829 16.114 0.007
3372.54829 16.114 0.007
3376.52760 16.154 0.010
3376.52760 16.154 0.010
3378.59455 16.111 0.008
3378.59455 16.111 0.008
3386.56098 16.104 0.007
3386.56098 16.104 0.007
3390.57456 16.133 0.009
3390.57456 16.133 0.009
3398.55632 16.117 0.007
3398.55632 16.117 0.007
3402.54472 16.101 0.007
3402.54472 16.101 0.007
3528.93692 16.131 0.008
3528.93692 16.131 0.008
3541.92972 16.101 0.007
3541.92972 16.101 0.007
3547.91431 16.123 0.007
3547.91431 16.123 0.007
3554.92252 16.109 0.007
3554.92252 16.109 0.007
3560.94464 16.110 0.007
3560.94464 16.110 0.007
3564.90680 16.102 0.007
3564.90680 16.102 0.007
3568.83766 16.139 0.007
3568.83766 16.139 0.007
3570.77838 16.102 0.009
3570.77838 16.102 0.009
3571.80071 16.140 0.009
3571.80071 16.140 0.009
3573.83820 16.112 0.008
3573.83820 16.112 0.008
3574.87719 16.181 0.007
3574.87719 16.181 0.007
3577.83586 16.162 0.007
3577.83586 16.162 0.007
3578.89443 16.114 0.007
3578.89443 16.114 0.007
3579.79927 16.104 0.007
3579.79927 16.104 0.007
3581.84420 16.089 0.007
3581.84420 16.089 0.007
3581.86691 16.097 0.007
3581.86691 16.097 0.007
3582.82909 16.108 0.008
3582.82909 16.108 0.008
3583.83350 16.147 0.007
3583.83350 16.147 0.007
3584.80520 16.059 0.005
3584.80520 16.059 0.005
3586.80784 16.158 0.007
3586.80784 16.158 0.007
3588.82573 16.116 0.007
3588.82573 16.116 0.007
3589.81854 16.133 0.007
3589.81854 16.133 0.007
3591.87334 16.096 0.006
3591.87334 16.096 0.006
3593.81090 16.109 0.007
3593.81090 16.109 0.007
3596.89136 16.107 0.007
3596.89136 16.107 0.007
3601.80899 16.110 0.007
3601.80899 16.110 0.007
3607.81440 16.100 0.007
3607.81440 16.100 0.007
3614.78579 16.136 0.007
3614.78579 16.136 0.007
3617.76529 16.124 0.007
3617.76529 16.124 0.007
3619.69821 16.106 0.007
3619.69821 16.106 0.007
3621.71667 16.114 0.007
3621.71667 16.114 0.007
3624.86497 16.125 0.008
3624.86497 16.125 0.008
3626.71435 16.119 0.007
3626.71435 16.119 0.007
3629.66796 16.142 0.008
3629.66796 16.142 0.008
3631.73033 16.108 0.008
3631.73033 16.108 0.008
3633.69564 16.118 0.008
3633.69564 16.118 0.008
3637.64955 16.090 0.007
3637.64955 16.090 0.007
3639.69963 16.100 0.006
3639.69963 16.100 0.006
3641.69619 16.110 0.007
3641.69619 16.110 0.007
3643.72056 16.108 0.007
3643.72056 16.108 0.007
3646.65552 16.093 0.007
3646.65552 16.093 0.007
3650.65877 16.120 0.007
3650.65877 16.120 0.007
3650.68281 16.111 0.007
3650.68281 16.111 0.007
3651.73275 16.109 0.007
3651.73275 16.109 0.007
3653.72891 16.123 0.007
3653.72891 16.123 0.007
3655.69509 16.113 0.007
3655.69509 16.113 0.007
3657.64587 16.115 0.007
3657.64587 16.115 0.007
3658.65030 16.111 0.007
3658.65030 16.111 0.007
3659.63835 16.112 0.008
3659.63835 16.112 0.008
3660.66847 16.139 0.008
3660.66847 16.139 0.008
3663.55998 16.135 0.009
3663.55998 16.135 0.009
3665.63356 16.119 0.007
3665.63356 16.119 0.007
3668.57198 16.117 0.007
3668.57198 16.117 0.007
3669.67074 16.161 0.008
3669.67074 16.161 0.008
3671.62890 16.119 0.007
3671.62890 16.119 0.007
3673.67376 16.126 0.008
3673.67376 16.126 0.008
3675.65834 16.164 0.007
3675.65834 16.164 0.007
3681.62964 16.123 0.008
3681.62964 16.123 0.008
3681.64927 16.109 0.008
3681.64927 16.109 0.008
3683.64765 16.107 0.007
3683.64765 16.107 0.007
3685.65278 16.117 0.007
3685.65278 16.117 0.007
3687.65145 16.120 0.007
3687.65145 16.120 0.007
3689.59984 16.115 0.007
3689.59984 16.115 0.007
3692.57568 16.114 0.007
3692.57568 16.114 0.007
3694.55966 16.120 0.008
3694.55966 16.120 0.008
3696.56018 16.123 0.007
3696.56018 16.123 0.007
3698.59387 16.098 0.007
3698.59387 16.098 0.007
3700.57480 16.137 0.007
3700.57480 16.137 0.007
3702.58409 16.106 0.007
3702.58409 16.106 0.007
3704.59036 16.108 0.007
3704.59036 16.108 0.007
3706.61079 16.128 0.007
3706.61079 16.128 0.007
3708.58367 16.118 0.007
3708.58367 16.118 0.007
3711.59026 16.092 0.008
3711.59026 16.092 0.008
3714.52401 16.093 0.011
3714.52401 16.093 0.011
3718.60452 16.107 0.008
3718.60452 16.107 0.008
3721.55342 16.118 0.008
3721.55342 16.118 0.008
3724.56310 16.102 0.007
3724.56310 16.102 0.007
3726.58366 16.110 0.007
3726.58366 16.110 0.007
3728.55677 16.096 0.007
3728.55677 16.096 0.007
3734.56022 16.113 0.008
3734.56022 16.113 0.008
3737.57590 16.107 0.007
3737.57590 16.107 0.007
3742.53452 16.097 0.010
3742.53452 16.097 0.010
3746.55980 16.152 0.009
3746.55980 16.152 0.009
3751.53618 16.087 0.010
3751.53618 16.087 0.010
3756.55244 16.099 0.007
3756.55244 16.099 0.007
3761.60271 16.112 0.007
3761.60271 16.112 0.007
3766.52751 16.121 0.009
3766.52751 16.121 0.009
3772.55033 16.111 0.007
3772.55033 16.111 0.007
3776.55040 16.102 0.007
3776.55040 16.102 0.007
3871.87630 16.105 0.009
3871.87630 16.105 0.009
3901.93882 16.119 0.008
3901.93882 16.119 0.008
3906.93909 16.121 0.007
3906.93909 16.121 0.007
3913.91603 16.124 0.007
3913.91603 16.124 0.007
3918.87954 16.119 0.007
3918.87954 16.119 0.007
3931.91488 16.123 0.007
3931.91488 16.123 0.007
3934.85790 16.115 0.007
3934.85790 16.115 0.007
3936.86610 16.113 0.007
3936.86610 16.113 0.007
3938.85009 16.120 0.007
3938.85009 16.120 0.007
3944.89748 16.121 0.007
3944.89748 16.121 0.007
3946.86561 16.114 0.007
3946.86561 16.114 0.007
3951.88502 16.117 0.007
3951.88502 16.117 0.007
3955.85015 16.123 0.009
3955.85015 16.123 0.009
3958.82667 16.104 0.008
3958.82667 16.104 0.008
3960.82682 16.111 0.007
3960.82682 16.111 0.007
3963.82353 16.135 0.008
3963.82353 16.135 0.008
3965.81541 16.166 0.007
3965.81541 16.166 0.007
3967.83526 16.123 0.007
3967.83526 16.123 0.007
3969.80090 16.112 0.007
3969.80090 16.112 0.007
3971.77709 16.159 0.007
3971.77709 16.159 0.007
3974.77883 16.176 0.007
3974.77883 16.176 0.007
3979.73419 16.106 0.007
3979.73419 16.106 0.007
3980.61754 16.164 0.008
3980.61754 16.164 0.008
3981.64383 16.120 0.007
3981.64383 16.120 0.007
3983.83415 16.129 0.008
3983.83415 16.129 0.008
3986.69571 16.121 0.007
3986.69571 16.121 0.007
3987.66675 16.113 0.007
3987.66675 16.113 0.007
3990.79002 16.113 0.007
3990.79002 16.113 0.007
3993.73482 16.133 0.007
3993.73482 16.133 0.007
3995.74009 16.114 0.007
3995.74009 16.114 0.007
3999.74936 16.136 0.007
3999.74936 16.136 0.007
4002.72150 16.135 0.006
4002.72150 16.135 0.006
4004.67329 16.117 0.007
4004.67329 16.117 0.007
4006.69950 16.105 0.007
4006.69950 16.105 0.007
4007.56288 16.121 0.007
4007.56288 16.121 0.007
4008.57181 16.129 0.007
4008.57181 16.129 0.007
4009.73327 16.124 0.007
4009.73327 16.124 0.007
4013.69838 16.108 0.007
4013.69838 16.108 0.007
4015.68067 16.111 0.008
4015.68067 16.111 0.008
4015.69690 16.112 0.008
4015.69690 16.112 0.008
4018.69606 16.116 0.007
4018.69606 16.116 0.007
4019.68463 16.108 0.007
4019.68463 16.108 0.007
4021.67712 16.121 0.007
4021.67712 16.121 0.007
4024.65059 16.125 0.007
4024.65059 16.125 0.007
4026.62947 16.099 0.007
4026.62947 16.099 0.007
4028.62543 16.115 0.007
4028.62543 16.115 0.007
4030.63799 16.126 0.007
4030.63799 16.126 0.007
4032.69009 16.121 0.007
4032.69009 16.121 0.007
4037.66628 16.112 0.007
4037.66628 16.112 0.007
4039.60422 16.116 0.007
4039.60422 16.116 0.007
4041.60374 16.112 0.008
4041.60374 16.112 0.008
4043.58944 16.115 0.008
4043.58944 16.115 0.008
4046.59877 16.101 0.007
4046.59877 16.101 0.007
4048.56467 16.120 0.007
4048.56467 16.120 0.007
4050.60679 16.113 0.007
4050.60679 16.113 0.007
4052.55889 16.098 0.007
4052.55889 16.098 0.007
4054.61307 16.176 0.007
4054.61307 16.176 0.007
4056.58516 16.129 0.007
4056.58516 16.129 0.007
4058.61871 16.118 0.007
4058.61871 16.118 0.007
4060.51755 16.152 0.007
4060.51755 16.152 0.007
4064.51518 16.095 0.007
4064.51518 16.095 0.007
4066.55665 16.161 0.007
4066.55665 16.161 0.007
4069.51502 16.169 0.010
4069.51502 16.169 0.010
4073.59859 16.118 0.008
4073.59859 16.118 0.008
4077.52194 16.096 0.008
4077.52194 16.096 0.008
4079.52388 16.162 0.009
4079.52388 16.162 0.009
4082.52384 16.109 0.008
4082.52384 16.109 0.008
4085.56155 16.127 0.007
4085.56155 16.127 0.007
4092.55760 16.112 0.007
4092.55760 16.112 0.007
4096.58355 16.112 0.007
4096.58355 16.112 0.007
4100.58634 16.127 0.007
4100.58634 16.127 0.007
4105.55417 16.121 0.007
4105.55417 16.121 0.007
4108.53042 16.117 0.008
4108.53042 16.117 0.008
4113.60831 16.127 0.007
4113.60831 16.127 0.007
4120.57914 16.090 0.007
4120.57914 16.090 0.007
4126.57697 16.135 0.008
4126.57697 16.135 0.008
4252.92626 16.100 0.010
4252.92626 16.100 0.010
4255.84555 16.111 0.009
4255.84555 16.111 0.009
4268.89906 16.098 0.008
4268.89906 16.098 0.008
4275.92119 16.094 0.009
4275.92119 16.094 0.009
4279.79887 16.148 0.011
4279.79887 16.148 0.011
4282.80943 16.149 0.009
4282.80943 16.149 0.009
4283.86237 16.119 0.009
4283.86237 16.119 0.009
4285.91669 16.116 0.009
4285.91669 16.116 0.009
4291.93747 16.110 0.009
4291.93747 16.110 0.009
4292.85599 16.101 0.007
4292.85599 16.101 0.007
4295.86004 16.111 0.007
4295.86004 16.111 0.007
4296.88980 16.108 0.008
4296.88980 16.108 0.008
4297.92266 16.102 0.008
4297.92266 16.102 0.008
4299.85747 16.089 0.007
4299.85747 16.089 0.007
4300.87896 16.112 0.007
4300.87896 16.112 0.007
4301.89697 16.121 0.007
4301.89697 16.121 0.007
4302.91858 16.105 0.008
4302.91858 16.105 0.008
4306.86321 16.110 0.009
4306.86321 16.110 0.009
4307.89749 16.120 0.007
4307.89749 16.120 0.007
4308.65864 16.100 0.008
4308.65864 16.100 0.008
4308.86662 16.099 0.008
4308.86662 16.099 0.008
4310.83897 16.128 0.009
4310.83897 16.128 0.009
4311.82652 16.104 0.011
4311.82652 16.104 0.011
4312.90040 16.087 0.007
4312.90040 16.087 0.007
4314.91987 16.093 0.009
4314.91987 16.093 0.009
4316.82641 16.123 0.009
4316.82641 16.123 0.009
4319.86359 16.104 0.009
4319.86359 16.104 0.009
4320.89045 16.107 0.009
4320.89045 16.107 0.009
4326.83432 16.108 0.008
4326.83432 16.108 0.008
4327.81259 16.099 0.009
4327.81259 16.099 0.009
4328.82822 16.110 0.008
4328.82822 16.110 0.008
4329.83076 16.110 0.008
4329.83076 16.110 0.008
4330.85900 16.104 0.008
4330.85900 16.104 0.008
4333.86030 16.097 0.008
4333.86030 16.097 0.008
4338.90068 16.151 0.009
4338.90068 16.151 0.009
4340.77316 16.091 0.008
4340.77316 16.091 0.008
4341.76831 16.113 0.009
4341.76831 16.113 0.009
4342.82417 16.108 0.009
4342.82417 16.108 0.009
4343.76181 16.100 0.008
4343.76181 16.100 0.008
4344.74396 16.115 0.008
4344.74396 16.115 0.008
4345.78995 16.095 0.007
4345.78995 16.095 0.007
4347.77884 16.170 0.008
4347.77884 16.170 0.008
4349.79203 16.095 0.008
4349.79203 16.095 0.008
4351.72913 16.106 0.009
4351.72913 16.106 0.009
4353.75235 16.163 0.009
4353.75235 16.163 0.009
4357.70122 16.112 0.009
4357.70122 16.112 0.009
4359.69915 16.150 0.007
4359.69915 16.150 0.007
4361.70171 16.085 0.008
4361.70171 16.085 0.008
4362.72443 16.165 0.009
4362.72443 16.165 0.009
4364.58347 16.119 0.009
4364.58347 16.119 0.009
4367.68098 16.099 0.009
4367.68098 16.099 0.009
4370.67263 16.099 0.008
4370.67263 16.099 0.008
4372.73610 16.099 0.007
4372.73610 16.099 0.007
4376.65149 16.104 0.009
4376.65149 16.104 0.009
4378.61807 16.121 0.008
4378.61807 16.121 0.008
4379.64603 16.107 0.008
4379.64603 16.107 0.008
4380.75888 16.113 0.007
4380.75888 16.113 0.007
4382.68633 16.096 0.008
4382.68633 16.096 0.008
4386.66139 16.112 0.008
4386.66139 16.112 0.008
4388.66187 16.106 0.008
4388.66187 16.106 0.008
4390.67086 16.120 0.007
4390.67086 16.120 0.007
4393.64464 16.122 0.008
4393.64464 16.122 0.008
4395.67952 16.109 0.008
4395.67952 16.109 0.008
4398.64496 16.101 0.008
4398.64496 16.101 0.008
4400.66784 16.100 0.008
4400.66784 16.100 0.008
4403.69363 16.104 0.008
4403.69363 16.104 0.008
4407.63372 16.098 0.009
4407.63372 16.098 0.009
4408.67990 16.095 0.008
4408.67990 16.095 0.008
4410.70284 16.107 0.008
4410.70284 16.107 0.008
4415.68697 16.107 0.008
4415.68697 16.107 0.008
4418.59364 16.113 0.007
4418.59364 16.113 0.007
4422.65487 16.107 0.008
4422.65487 16.107 0.008
4424.65193 16.118 0.008
4424.65193 16.118 0.008
4427.53863 16.116 0.009
4427.53863 16.116 0.009
4429.56456 16.110 0.010
4429.56456 16.110 0.010
4431.56900 16.111 0.009
4431.56900 16.111 0.009
4433.57486 16.128 0.008
4433.57486 16.128 0.008
4435.56321 16.085 0.008
4435.56321 16.085 0.008
4437.65225 16.104 0.010
4437.65225 16.104 0.010
4439.56412 16.156 0.009
4439.56412 16.156 0.009
4441.59995 16.109 0.008
4441.59995 16.109 0.008
4443.59068 16.112 0.009
4443.59068 16.112 0.009
4449.64470 16.107 0.008
4449.64470 16.107 0.008
4451.59983 16.148 0.008
4451.59983 16.148 0.008
4453.58181 16.096 0.009
4453.58181 16.096 0.009
4456.58324 16.102 0.009
4456.58324 16.102 0.009
4459.53574 16.097 0.009
4459.53574 16.097 0.009
4464.57543 16.110 0.008
4464.57543 16.110 0.008
4465.54136 16.100 0.008
4465.54136 16.100 0.008
4470.56029 16.118 0.009
4470.56029 16.118 0.009
4474.59679 16.116 0.010
4474.59679 16.116 0.010
4476.57493 16.133 0.008
4476.57493 16.133 0.008
4479.59974 16.121 0.010
4479.59974 16.121 0.010
4481.58441 16.112 0.008
4481.58441 16.112 0.008
4484.60109 16.109 0.011
4484.60109 16.109 0.011
4487.62265 16.077 0.010
4487.62265 16.077 0.010
4609.89594 16.105 0.009
4609.89594 16.105 0.009
4643.88061 16.121 0.008
4643.88061 16.121 0.008
4649.93082 16.162 0.008
4649.93082 16.162 0.008
4661.89396 16.141 0.007
4661.89396 16.141 0.007
4662.77668 16.106 0.007
4662.77668 16.106 0.007
4662.89360 16.109 0.007
4662.89360 16.109 0.007
4663.74837 16.114 0.008
4663.74837 16.114 0.008
4663.93227 16.113 0.008
4663.93227 16.113 0.008
4665.82132 16.099 0.009
4665.82132 16.099 0.009
4665.91527 16.115 0.009
4665.91527 16.115 0.009
4666.90913 16.111 0.009
4666.90913 16.111 0.009
4670.90358 16.104 0.008
4670.90358 16.104 0.008
4671.81782 16.102 0.008
4671.81782 16.102 0.008
4672.87754 16.101 0.007
4672.87754 16.101 0.007
4675.89515 16.095 0.008
4675.89515 16.095 0.008
4681.87488 16.098 0.007
4681.87488 16.098 0.007
4683.87013 16.139 0.008
4683.87013 16.139 0.008
4685.85625 16.114 0.008
4685.85625 16.114 0.008
4688.80759 16.097 0.007
4688.80759 16.097 0.007
4690.73315 16.111 0.007
4690.73315 16.111 0.007
4691.73602 16.107 0.009
4691.73602 16.107 0.009
4693.89111 16.111 0.009
4693.89111 16.111 0.009
4696.84103 16.111 0.010
4696.84103 16.111 0.010
4698.75286 16.125 0.007
4698.75286 16.125 0.007
4699.74687 16.108 0.007
4699.74687 16.108 0.007
4700.78438 16.111 0.007
4700.78438 16.111 0.007
4701.78958 16.126 0.008
4701.78958 16.126 0.008
4702.84972 16.125 0.008
4702.84972 16.125 0.008
4703.74876 16.102 0.008
4703.74876 16.102 0.008
4704.76761 16.117 0.007
4704.76761 16.117 0.007
4705.77485 16.118 0.008
4705.77485 16.118 0.008
4707.76752 16.102 0.007
4707.76752 16.102 0.007
4708.83578 16.125 0.007
4708.83578 16.125 0.007
4710.75175 16.111 0.007
4710.75175 16.111 0.007
4716.75326 16.099 0.007
4716.75326 16.099 0.007
4719.74543 16.109 0.008
4719.74543 16.109 0.008
4721.73439 16.117 0.008
4721.73439 16.117 0.008
4724.76409 16.105 0.008
4724.76409 16.105 0.008
4726.65976 16.130 0.008
4726.65976 16.130 0.008
4729.67074 16.127 0.009
4729.67074 16.127 0.009
4731.76099 16.107 0.007
4731.76099 16.107 0.007
4734.74331 16.096 0.007
4734.74331 16.096 0.007
4736.70809 16.118 0.008
4736.70809 16.118 0.008
4739.64937 16.115 0.008
4739.64937 16.115 0.008
4741.72395 16.160 0.007
4741.72395 16.160 0.007
4747.59056 16.153 0.007
4747.59056 16.153 0.007
4749.59013 16.093 0.009
4749.59013 16.093 0.009
4753.65929 16.156 0.009
4753.65929 16.156 0.009
4755.65321 16.111 0.007
4755.65321 16.111 0.007
4757.63765 16.101 0.007
4757.63765 16.101 0.007
4759.65027 16.112 0.007
4759.65027 16.112 0.007
4761.62054 16.092 0.007
4761.62054 16.092 0.007
4763.63318 16.101 0.008
4763.63318 16.101 0.008
4766.60140 16.121 0.008
4766.60140 16.121 0.008
4769.63947 16.112 0.009
4769.63947 16.112 0.009
4771.55054 16.105 0.009
4771.55054 16.105 0.009
4773.67535 16.104 0.007
4773.67535 16.104 0.007
4775.66219 16.130 0.008
4775.66219 16.130 0.008
4777.59594 16.112 0.008
4777.59594 16.112 0.008
4779.63153 16.101 0.007
4779.63153 16.101 0.007
4781.58145 16.127 0.008
4781.58145 16.127 0.008
4783.56507 16.113 0.008
4783.56507 16.113 0.008
4785.59617 16.103 0.008
4785.59617 16.103 0.008
4787.55254 16.146 0.011
4787.55254 16.146 0.011
4789.53158 16.110 0.009
4789.53158 16.110 0.009
4790.61380 16.121 0.007
4790.61380 16.121 0.007
4791.61210 16.102 0.007
4791.61210 16.102 0.007
4793.51623 16.142 0.008
4793.51623 16.142 0.008
4795.53328 16.115 0.007
4795.53328 16.115 0.007
4797.52548 16.110 0.008
4797.52548 16.110 0.008
4798.58878 16.114 0.009
4798.58878 16.114 0.009
4800.63607 16.104 0.007
4800.63607 16.104 0.007
4803.52739 16.107 0.008
4803.52739 16.107 0.008
4804.57757 16.117 0.009
4804.57757 16.117 0.009
4806.58659 16.113 0.008
4806.58659 16.113 0.008
4808.54482 16.125 0.008
4808.54482 16.125 0.008
4808.61232 16.123 0.008
4808.61232 16.123 0.008
4810.55526 16.098 0.008
4810.55526 16.098 0.008
4813.59461 16.105 0.008
4813.59461 16.105 0.008
4815.57074 16.114 0.008
4815.57074 16.114 0.008
4817.58728 16.112 0.007
4817.58728 16.112 0.007
4819.58688 16.097 0.007
4819.58688 16.097 0.007
4821.62878 16.156 0.007
4821.62878 16.156 0.007
4823.58957 16.092 0.008
4823.58957 16.092 0.008
4825.61801 16.109 0.008
4825.61801 16.109 0.008
4832.59113 16.100 0.008
4832.59113 16.100 0.008
4835.57295 16.122 0.009
4835.57295 16.122 0.009
4839.59446 16.128 0.009
4839.59446 16.128 0.009
4842.56152 16.108 0.009
4842.56152 16.108 0.009
4844.57001 16.108 0.007
4844.57001 16.108 0.007
4847.62632 16.106 0.011
4847.62632 16.106 0.011
4849.58618 16.104 0.007
4849.58618 16.104 0.007
4853.58361 16.109 0.008
4853.58361 16.109 0.008
4856.57754 16.095 0.007
4856.57754 16.095 0.007
4865.55067 16.099 0.008
4865.55067 16.099 0.008
4936.91655 16.119 0.009
4936.91655 16.119 0.009
4940.89923 16.103 0.008
4940.89923 16.103 0.008
4940.90309 16.105 0.008
4940.90309 16.105 0.008
4953.89694 16.099 0.008
4953.89694 16.099 0.008
4954.88836 16.158 0.008
4954.88836 16.158 0.008
