2086.91788 19.280 0.087
2104.84997 19.360 0.068
2106.90981 19.352 0.092
2115.90479 19.568 0.112
2116.89092 19.326 0.067
2117.89659 19.283 0.066
2122.82915 19.504 0.157
2123.83959 19.413 0.089
2124.85891 19.223 0.166
2128.84414 19.574 0.125
2129.87626 19.239 0.073
2130.82514 19.268 0.078
2131.81866 19.384 0.090
2132.82488 19.258 0.086
2133.91343 19.792 0.190
2134.82976 19.735 0.149
2135.86420 19.418 0.088
2136.86411 19.362 0.100
2137.90908 19.311 0.118
2140.83398 19.583 0.100
2142.88122 19.387 0.088
2143.83528 19.241 0.074
2144.80679 19.314 0.058
2155.89748 19.255 0.126
2156.84401 19.221 0.076
2160.77372 19.515 0.103
2162.78028 19.250 0.061
2166.77505 19.374 0.062
2167.74587 19.207 0.061
2168.73237 19.315 0.075
2171.75844 19.451 0.074
2172.76501 19.812 0.128
2173.72710 19.345 0.067
2177.65875 19.246 0.082
2184.72010 19.264 0.094
2185.68358 19.644 0.120
2187.66619 19.238 0.103
2190.71010 19.485 0.102
2191.65193 19.320 0.091
2192.68069 19.244 0.054
2193.70166 19.263 0.057
2194.67294 19.273 0.069
2201.73902 19.274 0.062
2206.62485 19.565 0.166
2211.66350 19.336 0.073
2212.66257 19.138 0.081
2213.67355 19.222 0.106
2214.65992 19.392 0.118
2215.67521 19.205 0.088
2217.65287 19.325 0.112
2219.69602 19.262 0.102
2222.74525 19.507 0.116
2223.68499 19.389 0.100
2225.61452 19.377 0.073
2226.66086 19.507 0.122
2228.57626 19.231 0.083
2230.51353 19.443 0.161
2232.52733 19.272 0.096
2234.56941 19.271 0.070
2236.55890 19.669 0.105
2238.56428 19.246 0.082
2241.55111 19.385 0.111
2243.58935 19.229 0.073
2248.63379 19.501 0.078
2250.59981 19.290 0.078
2253.58770 19.402 0.084
2256.56998 19.426 0.113
2258.61041 19.315 0.066
2263.60167 19.404 0.100
2265.62769 19.346 0.065
2270.58588 19.383 0.088
2272.58395 19.182 0.077
2274.56780 19.467 0.127
2276.53139 19.462 0.155
2280.54787 19.657 0.168
2285.58638 19.354 0.084
2289.58329 19.260 0.079
2291.58400 19.458 0.101
2293.58450 19.231 0.097
2295.58081 19.182 0.081
2297.58399 19.201 0.098
2299.58047 19.375 0.097
2301.57316 19.406 0.132
2448.90478 19.321 0.127
2460.90484 19.266 0.113
2463.93393 19.222 0.075
2466.85579 19.425 0.123
2467.91966 19.263 0.077
2469.91896 19.280 0.064
2471.90850 19.707 0.111
2472.89857 19.234 0.062
2473.92476 19.323 0.067
2481.88403 19.260 0.113
2483.90769 19.472 0.071
2486.90780 19.456 0.129
2488.90976 19.375 0.115
2492.92209 19.233 0.077
2495.91725 19.146 0.061
2496.92186 19.696 0.103
2498.79311 19.323 0.076
2499.87810 19.358 0.072
2500.88653 19.263 0.080
2501.87328 19.277 0.062
2502.85344 19.306 0.097
2508.76406 19.270 0.147
2516.79550 19.426 0.121
2517.84227 19.445 0.099
2518.81456 19.328 0.083
2519.81284 19.322 0.068
2520.81101 19.311 0.100
2521.79929 19.355 0.077
2524.80269 19.305 0.103
2526.79652 19.243 0.052
2529.79274 19.372 0.073
2534.85334 19.519 0.109
2535.79098 19.266 0.076
2537.72106 19.396 0.123
2538.82214 19.381 0.104
2539.71930 19.330 0.088
2540.76180 19.405 0.127
2541.73118 19.479 0.090
2542.70100 19.314 0.072
2544.68093 19.338 0.073
2545.69446 19.398 0.076
2547.71245 19.612 0.104
2548.73044 19.401 0.083
2550.72571 19.327 0.075
2551.71224 19.367 0.074
2552.72825 19.261 0.061
2554.72135 19.424 0.075
2555.72929 19.362 0.075
2556.70836 19.324 0.066
2557.72088 19.295 0.058
2558.67736 19.289 0.075
2559.63441 19.262 0.081
2560.66734 19.283 0.064
2561.71296 19.348 0.101
2562.68572 19.185 0.074
2563.69365 19.355 0.089
2564.71001 19.429 0.102
2565.70601 19.250 0.088
2566.68095 19.342 0.083
2568.75000 19.232 0.093
2571.66655 19.283 0.079
2572.74181 19.201 0.086
2573.67988 19.533 0.145
2574.65986 19.217 0.069
2576.69460 19.267 0.093
2577.65966 19.324 0.106
2578.64716 19.396 0.102
2579.65768 19.477 0.103
2580.66582 19.400 0.077
2583.63787 19.313 0.099
2584.64432 19.315 0.085
2586.64552 19.636 0.097
2587.62740 19.348 0.080
2589.61831 19.323 0.078
2590.63505 19.456 0.099
2591.66123 19.352 0.096
2593.62450 19.267 0.082
2594.63052 19.481 0.126
2596.60414 19.334 0.111
2597.59131 19.328 0.118
2598.67151 19.484 0.112
2599.62558 19.231 0.114
2607.64568 19.263 0.094
2610.56701 19.268 0.087
2613.56101 19.303 0.077
2615.59140 19.446 0.075
2619.57591 19.316 0.080
2621.58490 19.326 0.110
2625.56764 19.373 0.132
2627.53833 19.379 0.122
2630.55276 19.649 0.172
2635.56647 19.331 0.066
2637.56136 19.423 0.099
2640.53168 19.296 0.103
2642.57143 19.543 0.121
2646.58278 19.457 0.104
2651.55685 19.533 0.137
2654.57706 19.375 0.127
2657.53693 19.216 0.118
2661.53346 19.529 0.075
2664.57393 19.185 0.100
2672.55188 19.267 0.139
2676.54208 19.302 0.092
2679.55678 19.295 0.080
2683.53515 19.491 0.171
2777.92190 19.341 0.114
2804.85045 19.305 0.152
2805.86773 19.132 0.144
2811.92285 19.445 0.136
2815.89647 19.539 0.093
2817.94510 19.328 0.120
2825.92837 19.201 0.098
2830.83565 19.426 0.101
2831.80530 19.355 0.126
2832.76599 19.348 0.101
2832.94386 19.292 0.087
2833.88382 19.237 0.115
2834.93447 19.523 0.117
2836.87829 19.324 0.145
2838.83584 19.255 0.106
2840.84353 19.594 0.104
2843.84485 19.151 0.074
2844.89057 19.333 0.067
2845.93760 19.471 0.119
2849.87410 19.296 0.080
2850.90685 19.244 0.097
2852.83544 19.428 0.136
2854.84679 19.427 0.126
2857.85421 19.168 0.079
2858.92783 19.321 0.069
2860.89376 19.274 0.068
2861.76519 19.357 0.073
2862.88863 19.256 0.089
2865.81300 19.220 0.084
2866.89972 19.260 0.132
2867.80240 19.406 0.092
2868.80602 19.333 0.078
2869.79255 19.250 0.074
2870.83404 19.353 0.081
2871.87716 19.484 0.091
2872.83399 19.633 0.083
2875.82483 19.274 0.095
2876.79424 19.276 0.070
2879.72076 19.554 0.093
2883.84398 19.340 0.066
2885.77933 19.448 0.063
2890.71021 19.357 0.144
2893.76166 19.312 0.079
2895.81088 19.269 0.062
2897.71437 19.459 0.093
2899.75206 19.312 0.063
2903.76784 19.399 0.055
2906.72005 19.377 0.070
2908.69706 19.363 0.084
2910.69195 19.389 0.100
2912.69729 19.253 0.066
2916.71004 19.421 0.067
2918.68693 19.389 0.087
2922.68690 19.217 0.092
2924.62789 19.568 0.115
2926.62189 19.382 0.092
2929.68310 19.357 0.087
2931.65902 19.330 0.061
2933.66948 19.277 0.055
2935.63383 19.320 0.087
2937.65942 19.353 0.094
2939.67488 19.261 0.082
2940.65205 19.261 0.049
2941.62729 19.339 0.062
2942.65210 19.608 0.103
2943.62343 19.503 0.102
2944.60779 19.396 0.085
2946.56257 19.348 0.095
2946.60253 19.253 0.087
2947.63414 19.434 0.093
2949.61524 19.376 0.082
2950.56678 19.462 0.097
2951.64736 19.338 0.087
2953.59527 19.309 0.082
2955.58041 19.644 0.139
2957.59399 19.294 0.063
2960.60844 19.235 0.104
2962.64828 19.357 0.085
2965.65094 19.279 0.073
2968.61328 19.266 0.087
2970.63211 19.336 0.075
2972.63667 19.367 0.086
2975.54474 19.265 0.071
2977.64055 19.360 0.115
2979.58044 19.268 0.086
2983.56125 19.354 0.097
2986.57784 19.412 0.081
2988.54983 19.349 0.095
2991.57597 19.426 0.096
2994.56171 19.439 0.105
2997.57710 19.330 0.068
3000.56823 19.407 0.088
3003.55109 19.301 0.100
3006.53839 19.249 0.073
3009.53367 19.509 0.153
3013.53610 19.454 0.113
3015.57133 19.486 0.093
3018.54843 19.595 0.147
3020.58414 19.315 0.075
3022.53702 19.191 0.107
3024.53679 19.598 0.148
3025.59639 19.152 0.071
3027.62189 19.284 0.079
3029.59359 19.315 0.084
3031.59841 19.300 0.062
3034.52866 19.267 0.095
3037.54783 19.203 0.101
3169.93001 19.172 0.104
3183.92985 19.368 0.096
3193.89773 19.522 0.121
3196.86979 19.372 0.067
3197.93221 19.297 0.091
3202.85771 19.503 0.097
3203.89774 19.573 0.073
3206.83557 19.506 0.119
3210.91158 19.429 0.091
3211.86619 19.357 0.085
3215.80130 19.289 0.128
3217.79717 19.291 0.097
3223.85333 19.268 0.083
3228.77203 19.720 0.139
3229.85386 19.438 0.072
3231.83533 19.305 0.099
3238.77219 19.385 0.075
3239.81573 19.202 0.068
3240.80846 19.289 0.092
3241.79193 19.472 0.105
3242.73593 19.432 0.100
3243.86853 19.428 0.097
3244.84712 19.223 0.109
3245.79486 19.284 0.098
3246.78762 19.202 0.075
3247.79600 19.611 0.126
3249.74630 19.241 0.085
3251.75986 19.343 0.057
3254.74755 19.588 0.083
3259.68459 19.227 0.074
3261.72064 19.331 0.062
3263.71786 19.289 0.053
3265.73920 19.355 0.081
3267.72596 19.587 0.099
3269.82047 19.095 0.081
3270.67941 19.285 0.084
3271.68234 19.204 0.071
3273.64065 19.395 0.117
3275.62651 19.448 0.110
3276.72991 19.389 0.114
3277.76855 19.366 0.087
3279.70017 19.466 0.077
3281.65874 19.402 0.068
3283.66041 19.371 0.053
3287.62654 19.309 0.088
3289.64152 19.369 0.067
3293.61508 19.540 0.088
3295.63301 19.416 0.051
3298.57091 19.152 0.060
3300.57321 19.326 0.094
3302.55018 19.366 0.102
3305.65020 19.851 0.138
3307.56249 19.331 0.106
3309.58759 19.398 0.076
3311.53920 19.245 0.079
3314.58215 19.312 0.120
3320.61995 19.264 0.063
3323.56739 19.322 0.080
3327.57491 19.257 0.067
3330.57040 19.794 0.165
3335.61440 19.419 0.108
3338.56007 19.434 0.083
3350.53438 19.606 0.092
3353.59297 19.217 0.057
3359.57002 19.309 0.069
3363.57693 19.444 0.088
3367.63652 19.441 0.082
3372.56999 19.391 0.081
3376.54611 19.313 0.061
3380.53252 19.202 0.132
3386.57950 19.313 0.052
3395.52729 19.685 0.245
3398.57501 19.399 0.093
3402.57225 19.201 0.065
3543.88591 19.271 0.087
3551.90940 19.191 0.108
3554.94062 19.415 0.092
3561.94786 19.275 0.082
3564.92553 19.283 0.050
3568.87116 19.363 0.073
3570.83216 19.388 0.118
3571.82311 19.290 0.126
3573.86881 19.417 0.135
3575.82459 19.332 0.089
3577.88097 19.333 0.085
3578.91699 19.556 0.070
3579.82205 19.776 0.091
3581.89113 19.178 0.079
3582.84743 19.429 0.100
3583.85766 19.305 0.067
3584.82790 19.457 0.081
3585.87875 19.383 0.050
3586.83092 19.455 0.055
3588.84922 19.229 0.061
3590.80526 19.470 0.067
3592.77001 19.393 0.052
3594.80950 19.293 0.057
3597.84945 19.522 0.098
3600.88561 19.364 0.129
3602.74651 19.405 0.126
3607.83761 19.348 0.065
3617.79363 19.565 0.070
3619.77173 19.272 0.058
3621.76422 19.354 0.060
3628.79109 19.353 0.102
3630.64295 19.708 0.151
3632.64031 19.641 0.153
3634.71321 19.372 0.078
3637.67204 19.319 0.075
3639.72195 19.303 0.046
3641.71873 19.316 0.075
3643.81714 19.532 0.113
3644.75780 19.272 0.049
3646.68884 19.201 0.063
3650.71007 19.227 0.055
3652.64523 19.276 0.055
3654.61568 19.401 0.075
3656.64723 19.334 0.078
3657.70494 19.281 0.062
3658.67986 19.391 0.082
3661.61124 19.331 0.099
3663.63418 19.560 0.133
3665.66652 19.397 0.072
3668.61568 19.463 0.087
3672.60581 19.363 0.078
3674.63507 19.554 0.070
3676.59289 19.291 0.070
3682.58183 19.399 0.085
3684.57469 19.309 0.071
3686.56458 19.400 0.089
3688.53766 19.519 0.091
3692.59612 19.213 0.076
3694.58270 19.286 0.062
3696.57883 19.366 0.062
3698.61253 19.418 0.107
3700.62258 19.794 0.110
3702.61350 19.243 0.075
3704.61402 19.235 0.060
3706.62888 19.366 0.062
3708.61028 19.477 0.097
3712.56681 19.518 0.086
3714.56948 19.297 0.082
3718.55296 19.794 0.127
3721.58516 19.500 0.110
3725.61403 19.334 0.061
3730.53829 19.252 0.054
3734.60896 19.374 0.079
3738.56103 19.323 0.087
3742.55821 19.326 0.107
3747.55798 19.385 0.109
3751.56677 19.192 0.098
3762.54475 19.487 0.147
3766.55000 19.337 0.066
3772.57675 19.292 0.076
3777.52409 19.130 0.106
3871.89614 19.245 0.115
3902.91644 19.265 0.099
3907.91130 19.330 0.087
3913.93685 19.318 0.055
3918.90664 19.353 0.062
3931.93820 19.171 0.084
3934.87617 19.254 0.057
3936.88445 19.277 0.077
3938.86851 19.228 0.077
3945.87547 19.318 0.062
3950.82042 19.369 0.062
3957.77596 19.191 0.119
3959.76543 19.464 0.100
3961.75956 19.423 0.115
3964.76779 19.276 0.049
3966.76004 19.457 0.064
3968.75372 19.367 0.065
3970.74541 19.309 0.049
3973.71474 19.491 0.099
3975.72698 19.340 0.071
3980.66221 19.577 0.109
3981.66195 19.421 0.082
3982.72633 19.349 0.104
3986.69968 19.419 0.102
3991.72887 19.240 0.080
3994.64129 19.213 0.092
3998.67166 19.177 0.067
4001.64248 19.528 0.072
4003.61392 19.522 0.098
4004.69372 19.360 0.076
4005.68785 19.532 0.073
4007.58110 19.282 0.072
4008.59000 19.365 0.056
4011.64048 19.530 0.081
4014.62292 19.435 0.131
4016.61971 19.283 0.073
4018.61612 19.645 0.116
4020.61956 19.453 0.113
4023.60541 19.438 0.095
4025.60578 19.426 0.087
4027.59390 19.536 0.093
4029.57620 19.377 0.082
4031.56328 19.525 0.087
4033.65756 19.418 0.064
4040.53300 19.424 0.111
4042.56089 19.239 0.078
4044.58389 19.208 0.115
4046.61698 19.337 0.095
4049.52892 19.353 0.071
4051.57850 19.354 0.087
4053.62593 19.368 0.057
4055.51857 19.634 0.160
4057.59394 19.207 0.088
4059.59237 19.298 0.063
4063.53741 19.599 0.101
4065.58704 19.425 0.071
4067.58031 19.325 0.069
4069.53318 19.334 0.087
4071.54400 19.345 0.081
4074.54011 19.419 0.092
4077.54182 19.333 0.062
4079.54200 19.424 0.082
4082.54336 19.301 0.061
4085.62069 19.357 0.090
4092.57619 19.276 0.052
4097.61878 19.407 0.093
4100.61020 19.698 0.113
4105.57419 19.368 0.082
4111.61065 19.201 0.053
4115.53011 19.360 0.105
4120.56100 19.241 0.060
4124.57249 19.246 0.068
4128.59647 19.558 0.100
4252.94414 19.252 0.102
4255.86414 19.399 0.108
4268.92311 19.302 0.088
4275.93802 19.218 0.084
4279.83488 19.185 0.116
4282.82628 19.272 0.087
4283.84533 19.460 0.130
4284.87573 19.155 0.087
4285.94115 19.380 0.100
4292.88361 19.284 0.059
4295.87707 19.290 0.069
4296.90756 19.277 0.059
4297.93949 19.598 0.082
4299.87436 19.284 0.053
4300.89610 19.339 0.064
4301.91467 19.254 0.050
4302.93655 19.204 0.069
4306.93326 19.305 0.078
4307.84785 19.275 0.058
4308.67605 19.340 0.087
4308.88395 19.279 0.075
4310.85613 19.310 0.087
4311.85598 19.524 0.159
4312.91815 19.327 0.064
4314.93723 19.351 0.119
4316.84512 19.377 0.113
4320.87243 19.324 0.078
4326.85465 19.374 0.088
4327.83061 19.453 0.138
4328.84636 19.298 0.085
4329.84769 19.474 0.096
4330.87702 19.302 0.073
4332.89323 19.326 0.081
4334.87019 19.340 0.094
4338.92266 19.446 0.096
4340.79350 19.240 0.078
4341.78636 19.306 0.093
4342.86055 19.435 0.100
4343.77992 19.367 0.083
4344.76199 19.270 0.079
4346.71830 19.351 0.094
4348.72407 19.304 0.072
4350.70071 19.270 0.062
4352.80288 19.307 0.086
4353.65885 19.359 0.104
4354.78018 19.370 0.086
4357.76390 19.423 0.101
4359.71785 19.303 0.097
4362.66551 19.699 0.173
4363.62481 19.420 0.104
4365.68317 19.267 0.098
4369.67713 19.308 0.102
4371.66608 19.280 0.094
4376.66957 19.308 0.076
4378.63617 19.310 0.091
4379.66748 19.197 0.108
4381.62663 19.681 0.164
4382.70518 19.347 0.070
4386.67945 19.367 0.080
4388.68017 19.271 0.068
4390.68899 19.300 0.059
4393.68355 19.501 0.101
4396.65811 19.317 0.087
4398.66309 19.236 0.081
4400.68761 19.416 0.087
4404.66459 19.255 0.089
4407.65248 19.254 0.072
4410.68241 19.359 0.073
4415.66874 19.319 0.062
4418.61426 19.514 0.077
4421.67204 19.243 0.073
4423.67651 19.276 0.087
4426.55272 19.255 0.102
4428.56942 19.382 0.122
4430.62964 19.336 0.075
4432.61551 19.257 0.064
4434.62079 19.382 0.078
4436.59710 19.251 0.063
4438.65976 19.367 0.097
4440.59287 19.275 0.089
4442.55437 19.329 0.117
4444.57918 19.493 0.137
4450.61160 19.628 0.146
4452.58914 19.288 0.084
4454.52620 19.333 0.198
4455.59830 19.333 0.080
4457.53381 19.444 0.144
4459.55392 19.130 0.075
4462.58536 19.332 0.092
4466.60949 19.401 0.086
4471.54414 19.331 0.089
4475.53680 19.592 0.125
4480.57922 19.297 0.077
4482.58618 19.460 0.122
4485.58926 19.171 0.100
4488.59149 19.553 0.132
4609.91387 19.215 0.084
4643.89803 19.381 0.109
4650.93691 19.338 0.075
4655.91632 19.394 0.072
4662.79470 19.263 0.062
4662.91153 19.300 0.067
4663.76632 19.527 0.150
4663.91414 19.326 0.087
4665.83940 19.385 0.101
4665.93323 19.273 0.098
4666.92850 19.870 0.169
4666.93239 19.801 0.168
4670.92150 19.411 0.090
4671.89140 19.316 0.091
4673.87344 19.485 0.084
4674.80185 19.744 0.145
4674.86205 19.392 0.104
4676.92169 19.328 0.112
4677.83729 19.308 0.066
4682.81176 19.375 0.087
4684.84962 19.319 0.076
4686.80960 19.644 0.070
4688.82556 19.329 0.066
4690.75115 19.343 0.067
4691.75417 19.227 0.087
4693.90918 19.390 0.115
4696.88282 19.625 0.160
4697.82134 19.158 0.094
4698.77094 19.308 0.059
4699.76504 19.528 0.091
4700.79978 19.322 0.079
4701.80767 19.437 0.094
4703.76688 19.559 0.095
4704.78564 19.379 0.063
4705.79312 19.570 0.107
4707.78554 19.270 0.050
4709.74133 19.312 0.072
4710.76990 19.305 0.071
4715.74991 19.254 0.072
4716.77560 19.347 0.061
4717.70037 19.222 0.091
4719.78965 19.360 0.100
4721.78330 19.378 0.119
4724.66589 19.361 0.099
4725.74535 19.441 0.082
4728.75092 19.412 0.084
4733.72748 19.307 0.068
4740.66908 19.213 0.069
4741.70446 19.326 0.056
4747.60865 19.319 0.095
4749.60833 19.462 0.139
4753.67932 19.205 0.097
4755.67131 19.381 0.082
4757.65583 19.412 0.082
4759.67052 19.314 0.062
4761.63889 19.327 0.051
4763.65132 19.317 0.098
4767.59707 19.330 0.087
4770.66561 19.376 0.100
4772.60337 19.412 0.075
4774.55792 19.399 0.078
4776.54951 19.516 0.110
4777.65146 19.386 0.113
4780.52014 19.522 0.126
4781.61430 19.348 0.107
4783.58323 19.182 0.082
4785.61859 19.173 0.110
4787.57081 19.644 0.197
4789.54971 19.248 0.073
4791.53126 19.491 0.108
4793.53867 19.317 0.088
4795.55134 19.533 0.080
4797.54359 19.330 0.087
4798.60694 19.449 0.103
4800.65432 19.868 0.120
4803.54545 19.332 0.079
4804.60055 19.210 0.098
4805.58740 19.317 0.078
4807.52518 19.887 0.279
4809.55453 19.332 0.079
4811.57643 19.458 0.091
4813.55337 19.559 0.142
4815.58928 19.357 0.105
4816.53637 19.364 0.083
4818.58665 19.360 0.088
4820.52814 19.320 0.138
4822.58489 19.220 0.065
4824.56971 19.537 0.130
4826.61935 19.401 0.082
4833.56875 19.288 0.066
4835.59200 19.404 0.115
4837.60295 19.420 0.131
4841.57929 19.293 0.089
4843.57354 19.158 0.083
4846.58263 19.554 0.091
4848.61887 19.265 0.062
4850.60635 19.513 0.104
4854.59759 19.484 0.092
4856.61483 19.729 0.100
4862.56274 19.244 0.055
4868.55309 19.352 0.086
