2104.86893 18.683 0.038
2112.90925 18.498 0.036
2114.86864 18.666 0.051
2115.88530 18.604 0.046
2116.90965 18.840 0.051
2117.87158 19.216 0.063
2122.85009 18.697 0.072
2123.86163 18.460 0.037
2124.91902 18.569 0.091
2128.86705 18.926 0.082
2130.80588 18.678 0.044
2131.79887 18.608 0.043
2132.84364 18.502 0.050
2133.85465 18.607 0.054
2135.88360 18.660 0.045
2136.88995 18.603 0.058
2140.85269 19.185 0.088
2141.76288 18.863 0.079
2142.85738 18.613 0.048
2143.86078 18.619 0.040
2144.78859 18.512 0.031
2156.71325 18.585 0.049
2160.79248 18.531 0.046
2162.80283 18.699 0.041
2165.79026 18.632 0.049
2166.79366 18.656 0.040
2167.72690 18.635 0.044
2168.75147 18.589 0.043
2172.78359 18.613 0.041
2173.74576 18.613 0.038
2174.72951 18.670 0.034
2177.67763 18.679 0.051
2184.73896 18.632 0.060
2185.70239 18.568 0.059
2187.64725 19.126 0.088
2189.72882 18.529 0.060
2190.72891 18.648 0.044
2191.63918 18.653 0.050
2192.69813 18.595 0.029
2193.71907 18.525 0.031
2194.69015 18.475 0.033
2200.70457 18.843 0.053
2203.59279 18.519 0.041
2206.64251 18.581 0.056
2208.68660 18.599 0.049
2211.69452 19.263 0.075
2212.68113 18.655 0.050
2214.68112 18.555 0.057
2215.71713 18.615 0.057
2217.67628 18.515 0.061
2219.71326 18.581 0.056
2223.66767 18.830 0.065
2225.63187 18.604 0.038
2227.52601 18.683 0.083
2228.59359 18.518 0.046
2230.53167 18.541 0.049
2232.54469 18.697 0.048
2234.58670 19.234 0.070
2236.57594 18.714 0.051
2239.52346 18.716 0.075
2241.56825 18.497 0.050
2243.60662 18.640 0.045
2249.56276 18.573 0.037
2251.61287 18.535 0.035
2254.55604 18.589 0.044
2256.58785 18.715 0.057
2259.60873 18.676 0.048
2262.61522 18.530 0.048
2264.60314 18.790 0.077
2266.60706 18.683 0.050
2271.58199 18.603 0.051
2273.58124 18.488 0.051
2276.57588 18.534 0.056
2280.56984 18.690 0.059
2285.56577 18.652 0.040
2289.60164 18.569 0.036
2291.60688 18.667 0.039
2293.60315 18.899 0.055
2295.59986 18.654 0.047
2297.60443 18.569 0.039
2299.59907 18.508 0.048
2301.59061 18.690 0.070
2453.87676 18.655 0.079
2460.92341 18.615 0.073
2464.88078 18.600 0.041
2466.87431 18.652 0.059
2468.86857 19.189 0.071
2470.85951 18.675 0.037
2472.87959 18.550 0.036
2474.85038 18.482 0.040
2481.86388 18.751 0.071
2483.92648 18.558 0.035
2486.92728 18.487 0.054
2489.80806 18.560 0.041
2490.80555 18.652 0.064
2497.80189 18.540 0.043
2498.81183 18.534 0.037
2499.89685 18.594 0.037
2500.90525 18.637 0.046
2501.89178 18.658 0.042
2502.87203 18.687 0.053
2508.78263 18.464 0.061
2516.81503 18.798 0.061
2517.86201 18.659 0.048
2518.83627 18.630 0.048
2519.78757 18.584 0.037
2520.82973 18.576 0.046
2521.78032 18.559 0.038
2524.78327 18.746 0.058
2526.81522 18.851 0.039
2529.77375 18.673 0.037
2535.73336 18.578 0.046
2537.73986 18.603 0.056
2538.84030 19.289 0.104
2539.73671 19.079 0.061
2540.78054 18.663 0.057
2541.74875 18.634 0.039
2542.71837 18.605 0.042
2544.69961 18.536 0.038
2545.71188 18.555 0.036
2547.73000 18.581 0.037
2548.74917 18.699 0.046
2550.74434 19.048 0.057
2551.73092 18.881 0.051
2552.74686 18.652 0.037
2553.68764 18.685 0.059
2554.74001 18.605 0.037
2555.74797 18.588 0.040
2556.72719 18.561 0.036
2557.73953 18.553 0.036
2558.69608 18.636 0.043
2559.65299 18.744 0.051
2560.68613 18.671 0.040
2562.70433 19.283 0.078
2563.71234 18.797 0.051
2564.72875 18.603 0.045
2565.72465 18.630 0.050
2566.70361 18.560 0.042
2568.77140 18.622 0.054
2571.69088 18.555 0.043
2572.75934 18.724 0.061
2573.69748 18.977 0.082
2574.67722 18.963 0.046
2576.72169 18.620 0.041
2577.67993 18.582 0.053
2578.66498 18.539 0.045
2579.67512 18.527 0.045
2580.68340 18.555 0.039
2583.65963 18.666 0.054
2584.66194 18.636 0.042
2587.64623 18.755 0.053
2588.65812 18.662 0.048
2589.63710 18.586 0.041
2590.65409 18.563 0.041
2591.68687 18.504 0.040
2593.64365 18.560 0.047
2594.64932 18.612 0.053
2596.62285 18.653 0.054
2597.61011 18.887 0.072
2598.69044 18.805 0.067
2599.65094 18.698 0.057
2608.55159 18.869 0.067
2610.58827 18.803 0.065
2613.57984 18.527 0.052
2615.61096 18.548 0.042
2620.58584 18.812 0.063
2622.53355 18.744 0.050
2625.58699 18.550 0.065
2629.52762 18.539 0.059
2632.56569 19.220 0.063
2636.56212 18.543 0.050
2639.56139 18.555 0.040
2643.53435 18.697 0.062
2649.53902 18.623 0.045
2651.57560 18.656 0.066
2655.53292 18.796 0.114
2658.54930 18.706 0.066
2661.56186 18.534 0.033
2665.52880 18.758 0.092
2669.55497 18.669 0.051
2674.53847 18.515 0.055
2676.55992 18.673 0.046
2678.64248 18.740 0.053
2680.52963 18.896 0.084
2683.55379 18.508 0.059
2804.83169 18.603 0.074
2805.88811 18.629 0.077
2811.94114 18.561 0.055
2815.91496 18.514 0.037
2818.92286 18.609 0.043
2829.86160 18.698 0.047
2831.85182 18.933 0.066
2832.80514 18.754 0.052
2833.90371 18.717 0.064
2835.89245 18.588 0.044
2838.87637 18.538 0.053
2840.88159 18.622 0.044
2843.86755 19.105 0.055
2844.90892 18.699 0.051
2848.81557 18.528 0.066
2849.89360 18.545 0.041
2850.92515 18.535 0.043
2852.85378 18.555 0.059
2854.86513 18.915 0.065
2857.87244 18.696 0.050
2859.85556 18.527 0.037
2860.91208 18.549 0.035
2861.78382 18.512 0.034
2862.86991 18.637 0.048
2863.87183 18.611 0.075
2865.79423 18.674 0.073
2867.78374 18.932 0.051
2868.82438 18.639 0.040
2869.84574 18.644 0.043
2870.85242 18.577 0.038
2872.77654 18.576 0.034
2875.84369 18.646 0.044
2876.81264 18.647 0.038
2877.84213 18.792 0.044
2879.80688 18.676 0.033
2884.75690 18.505 0.031
2886.76270 18.564 0.042
2890.72865 19.165 0.107
2893.78019 18.548 0.040
2895.79104 18.545 0.032
2897.73864 18.451 0.040
2899.77094 18.590 0.031
2903.78965 18.701 0.029
2906.73842 18.589 0.030
2908.71543 18.516 0.040
2910.71027 18.638 0.043
2912.71555 18.775 0.038
2916.72891 18.581 0.030
2918.70595 18.488 0.042
2922.70548 18.605 0.047
2924.64631 18.700 0.046
2926.64042 18.732 0.051
2929.70185 18.594 0.043
2931.67771 18.528 0.033
2933.68998 18.580 0.029
2935.65286 18.694 0.051
2937.67801 19.223 0.085
2939.65620 18.658 0.044
2940.67049 18.596 0.031
2941.64615 18.535 0.029
2942.67377 18.529 0.048
2943.64249 18.510 0.039
2944.62625 18.541 0.046
2946.62483 18.618 0.043
2947.65283 18.667 0.050
2949.63369 18.874 0.053
2950.58518 18.687 0.050
2951.66609 18.595 0.048
2953.61389 18.562 0.041
2955.59889 18.530 0.051
2957.61255 18.580 0.035
2965.66943 18.535 0.034
2968.63197 18.565 0.047
2971.63975 18.861 0.056
2973.62828 18.649 0.043
2975.52504 18.612 0.044
2977.62069 18.510 0.047
2979.60097 18.571 0.052
2982.55556 18.576 0.044
2984.58677 19.058 0.095
2986.59690 18.543 0.037
2988.56934 18.537 0.038
2990.58817 18.534 0.041
2993.59020 18.600 0.037
2997.53396 18.636 0.051
3000.58963 18.536 0.038
3003.56967 18.596 0.048
3006.55930 18.799 0.047
3009.55264 18.562 0.052
3013.55927 18.592 0.045
3017.55372 18.755 0.051
3020.52884 18.701 0.071
3022.55635 18.644 0.053
3024.55548 18.506 0.044
3026.52557 18.486 0.077
3028.52643 18.625 0.114
3030.52954 19.100 0.091
3032.54752 18.616 0.055
3034.54706 18.529 0.033
3038.53788 18.570 0.063
3179.92918 18.583 0.046
3184.89307 18.627 0.059
3193.91608 18.862 0.056
3196.88807 18.632 0.038
3202.87601 18.602 0.038
3203.92049 18.653 0.028
3206.86340 19.046 0.064
3210.92988 18.574 0.036
3211.84597 18.493 0.036
3215.82003 18.597 0.066
3216.76569 18.543 0.055
3217.81555 19.091 0.077
3224.81248 18.551 0.032
3228.79038 18.588 0.046
3230.76389 18.744 0.038
3238.79496 18.638 0.041
3239.83411 18.707 0.045
3240.83124 18.865 0.068
3241.77320 19.103 0.054
3242.76389 18.665 0.054
3244.86571 18.530 0.044
3245.81321 18.587 0.045
3246.81004 18.518 0.043
3247.81429 18.524 0.040
3249.76777 18.592 0.045
3251.78032 18.683 0.032
3254.76641 18.731 0.036
3257.79349 18.573 0.029
3259.70375 18.590 0.044
3261.73943 18.537 0.031
3263.73634 18.615 0.029
3265.76174 19.017 0.058
3267.74444 18.637 0.035
3270.69815 18.571 0.042
3271.70083 18.543 0.040
3273.65933 18.545 0.051
3275.65412 18.686 0.066
3276.74817 19.143 0.106
3277.78707 18.741 0.047
3279.71858 18.644 0.037
3281.68436 18.562 0.037
3283.67877 18.537 0.024
3287.64505 18.867 0.048
3289.65987 18.725 0.035
3291.59824 18.620 0.041
3294.61478 18.518 0.035
3296.58117 18.478 0.032
3298.58903 18.646 0.036
3300.59164 18.931 0.065
3302.57262 18.754 0.051
3305.66862 18.542 0.041
3307.58519 18.535 0.058
3309.60593 18.693 0.043
3311.56148 19.071 0.059
3314.60050 18.682 0.060
3320.63842 18.624 0.035
3323.59078 18.905 0.051
3327.61889 18.515 0.033
3330.59012 18.546 0.044
3335.63476 19.246 0.093
3338.54163 18.631 0.047
3350.55292 18.606 0.036
3357.59002 18.713 0.044
3361.58944 18.631 0.039
3363.59573 18.518 0.043
3369.57269 18.750 0.040
3372.58869 18.675 0.037
3376.56470 18.480 0.035
3380.55105 18.640 0.046
3386.59788 18.539 0.029
3395.54989 18.666 0.064
3399.57376 18.519 0.050
3402.59063 18.602 0.034
3530.94180 18.621 0.044
3543.90686 18.689 0.048
3551.92763 18.547 0.035
3558.91138 18.664 0.043
3562.89827 18.535 0.030
3568.89373 18.966 0.051
3570.85157 18.725 0.055
3571.84183 18.724 0.062
3573.88723 18.564 0.059
3575.84703 18.575 0.037
3577.90361 18.696 0.047
3579.84446 18.667 0.033
3581.91342 18.835 0.045
3582.86583 18.734 0.039
3583.88487 18.710 0.036
3584.85741 18.582 0.046
3586.87519 18.572 0.024
3588.87334 18.576 0.044
3590.83195 18.680 0.030
3592.79223 19.249 0.046
3594.83302 18.746 0.037
3600.92207 18.459 0.041
3602.78089 18.607 0.059
3603.74512 18.690 0.043
3608.80171 18.544 0.029
3614.83355 18.697 0.029
3615.81927 19.034 0.065
3618.81798 18.675 0.039
3620.84447 18.609 0.033
3622.79850 18.570 0.049
3625.74443 18.626 0.033
3628.76600 18.837 0.057
3630.68146 18.738 0.056
3632.65860 18.571 0.059
3634.68912 18.551 0.036
3637.69439 18.684 0.043
3640.65950 18.896 0.044
3642.70292 18.553 0.046
3644.69522 18.486 0.024
3646.71272 18.614 0.042
3650.72847 18.844 0.040
3652.66993 18.627 0.032
3654.64573 18.576 0.031
3656.69895 18.504 0.032
3657.72709 18.440 0.030
3658.70066 18.474 0.037
3659.68498 18.471 0.046
3660.69070 18.666 0.046
3663.68141 18.987 0.065
3665.70969 18.562 0.042
3668.63828 18.554 0.037
3668.66082 18.502 0.032
3670.64943 18.472 0.038
3672.58213 18.633 0.053
3674.74143 18.923 0.038
3676.62772 18.609 0.033
3682.60442 18.484 0.045
3684.62171 18.570 0.032
3686.58740 18.993 0.052
3688.56036 18.608 0.037
3690.57405 18.437 0.037
3693.57119 18.563 0.044
3695.56679 18.562 0.033
3698.54237 18.843 0.064
3701.59092 18.518 0.037
3703.60152 18.495 0.028
3705.57374 18.533 0.026
3707.57420 18.644 0.038
3712.58918 18.659 0.037
3715.54742 18.548 0.036
3719.62634 18.640 0.044
3722.57331 18.808 0.059
3725.65334 18.593 0.054
3730.55654 18.686 0.029
3735.55919 18.664 0.040
3738.58032 18.454 0.042
3743.53457 18.734 0.056
3748.53847 18.663 0.075
3753.53611 18.734 0.066
3758.55806 18.744 0.064
3762.56462 18.604 0.061
3768.52458 18.940 0.103
3773.52141 18.538 0.098
3777.54738 18.642 0.045
3871.91468 18.779 0.069
3902.93466 18.470 0.044
3907.92965 18.804 0.052
3915.90550 18.558 0.032
3918.92477 18.716 0.037
3932.87619 18.863 0.061
3934.89438 18.641 0.038
3936.90263 18.591 0.036
3938.88683 18.526 0.034
3945.85657 18.649 0.033
3950.83848 18.589 0.031
3957.79408 18.673 0.064
3959.78818 18.613 0.047
3961.77875 18.506 0.044
3964.78589 18.643 0.028
3966.77812 18.816 0.035
3968.77168 18.718 0.037
3970.76330 18.641 0.028
3973.73264 18.587 0.035
3975.74488 18.607 0.033
3980.68010 18.746 0.055
3981.67996 18.737 0.040
3982.74428 18.598 0.056
3986.72148 18.576 0.040
3989.81851 18.643 0.044
3991.75970 19.004 0.061
3994.66070 18.546 0.048
3998.69184 18.592 0.048
4001.66039 18.805 0.035
4003.63216 18.850 0.040
4004.72067 18.671 0.036
4005.70594 18.607 0.029
4007.59917 18.575 0.037
4008.60817 18.536 0.027
4011.65860 18.570 0.037
4014.64102 19.000 0.081
4016.63780 18.606 0.043
4018.63413 18.536 0.037
4020.66683 18.562 0.039
4023.62355 18.780 0.051
4025.62390 19.063 0.058
4027.61199 18.643 0.040
4029.59427 18.622 0.037
4031.58126 18.495 0.034
4036.61664 18.697 0.039
4038.57095 19.022 0.053
4040.55094 18.661 0.046
4042.62027 18.557 0.037
4044.66292 18.492 0.059
4047.57121 18.645 0.044
4049.54699 18.965 0.046
4051.59653 18.724 0.046
4053.60749 18.600 0.028
4055.53669 18.602 0.053
4057.57582 18.538 0.048
4059.61035 18.677 0.040
4063.60174 18.625 0.038
4066.51659 18.510 0.054
4068.58338 18.530 0.030
4071.52507 18.662 0.079
4074.56035 18.796 0.051
4077.61304 18.756 0.057
4079.56013 18.544 0.037
4083.56762 18.750 0.055
4087.58952 18.632 0.038
4095.55344 18.690 0.037
4095.59042 18.815 0.043
4098.57249 18.684 0.046
4102.54463 18.444 0.044
4107.54877 19.059 0.058
4112.54917 18.665 0.044
4119.53874 18.906 0.056
4122.56503 18.482 0.044
4128.56255 18.640 0.054
4253.88619 18.496 0.073
4255.90703 18.481 0.053
4258.92455 18.659 0.059
4273.91086 18.675 0.061
4278.93452 18.549 0.047
4281.76178 18.691 0.061
4282.90164 18.790 0.051
4283.82833 18.934 0.073
4284.89281 18.627 0.051
4289.86723 18.537 0.044
4292.90051 18.624 0.035
4295.89443 19.164 0.060
4296.92866 18.627 0.030
4298.84773 18.620 0.040
4299.89120 18.602 0.031
4300.91304 18.508 0.032
4301.93190 18.550 0.030
4303.82258 18.576 0.038
4307.71959 18.864 0.050
4308.69339 18.730 0.051
4308.90124 18.730 0.044
4310.87332 18.562 0.048
4311.87481 18.667 0.067
4312.93510 18.505 0.034
4314.80375 18.483 0.046
4316.86347 18.618 0.056
4320.84716 18.646 0.039
4326.87154 18.636 0.050
4327.89427 18.559 0.057
4328.86435 18.735 0.052
4329.86447 18.846 0.057
4330.89495 18.968 0.057
4332.91117 18.640 0.045
4334.88815 18.496 0.055
4339.85917 18.632 0.050
4340.81145 18.720 0.053
4341.80428 19.212 0.083
4342.87856 19.029 0.066
4343.79790 18.684 0.049
4344.78004 18.650 0.042
4346.75629 18.510 0.039
4348.74202 18.570 0.038
4350.71876 18.571 0.035
4353.67693 18.883 0.061
4355.73549 18.602 0.053
4358.67884 18.509 0.043
4359.73609 18.580 0.041
4365.64367 19.194 0.111
4369.71718 18.560 0.053
4371.68416 18.530 0.052
4376.68754 18.903 0.048
4378.65421 18.699 0.048
4379.68551 18.688 0.050
4381.64468 18.591 0.052
4383.67320 18.483 0.032
4386.69779 18.620 0.042
4388.69811 19.248 0.070
4390.70706 18.692 0.039
4394.59464 18.630 0.043
4396.67800 18.489 0.040
4398.68113 18.600 0.050
4402.66622 18.677 0.037
4404.68266 18.642 0.054
4407.69117 18.550 0.041
4409.70675 18.573 0.042
4411.70188 18.909 0.049
4415.70574 18.608 0.055
4417.65573 18.523 0.033
4420.64215 18.544 0.050
4422.67417 18.678 0.044
4424.67126 18.859 0.056
4427.55702 18.612 0.050
4429.60009 18.576 0.069
4431.58723 18.568 0.051
4433.59314 18.650 0.050
4435.58146 19.336 0.082
4438.64156 18.560 0.048
4440.61104 18.548 0.045
4442.57252 18.513 0.055
4444.59724 18.550 0.058
4452.60739 18.462 0.041
4454.62760 18.571 0.050
4455.56968 18.648 0.051
4457.57862 18.579 0.061
4460.53302 18.686 0.064
4463.59654 18.582 0.041
4467.57933 18.579 0.045
4470.57876 19.031 0.068
4474.62883 18.577 0.044
4476.60714 18.525 0.037
4481.60284 18.714 0.055
4483.63004 18.870 0.070
4485.61495 18.542 0.056
4488.61211 18.605 0.073
4492.60228 18.686 0.051
4609.93185 18.707 0.059
4643.91597 18.587 0.049
4652.94007 18.504 0.048
4655.89817 18.645 0.040
4661.91195 18.592 0.044
4662.83557 18.489 0.031
4662.93341 18.588 0.031
4663.78426 18.572 0.056
4665.85740 18.602 0.057
4670.93933 18.909 0.072
4671.83579 18.611 0.044
4673.93786 18.641 0.059
4677.85523 18.592 0.032
4682.82959 18.755 0.051
4684.86761 18.588 0.040
4686.82755 18.497 0.028
4688.84377 18.506 0.030
4690.76916 18.566 0.033
4691.77245 18.653 0.047
4694.81873 18.656 0.069
4697.76309 18.611 0.059
4699.78412 18.519 0.038
4700.81800 18.553 0.036
4701.82570 18.524 0.040
4703.78487 18.715 0.049
4704.80361 19.007 0.042
4705.81119 18.816 0.055
4707.82861 18.625 0.037
4709.75941 18.560 0.034
4715.76797 18.645 0.047
4717.72257 18.971 0.051
4720.70148 18.547 0.044
4722.71667 18.538 0.039
4725.72188 18.569 0.045
4730.71244 18.626 0.029
4730.77520 18.643 0.029
4733.74740 18.533 0.032
4740.68994 19.127 0.061
4743.68668 18.562 0.036
4748.67543 18.623 0.039
4750.70829 18.779 0.059
4754.63385 18.603 0.053
4756.64343 18.527 0.039
4758.62364 18.507 0.033
4760.61030 18.576 0.035
4762.60009 18.784 0.051
4767.63571 18.671 0.044
4770.68398 18.682 0.070
4772.62138 18.634 0.044
4774.59684 18.760 0.044
4776.56865 18.749 0.053
4778.56999 18.578 0.037
4780.56725 18.565 0.048
4782.54015 18.588 0.054
4783.60173 18.503 0.047
4787.58914 19.112 0.120
4789.56787 18.693 0.040
4791.54943 18.656 0.054
4793.55677 18.584 0.046
4795.56970 18.616 0.037
4797.56186 18.688 0.051
4798.62506 18.981 0.059
4801.52632 18.538 0.039
4802.61377 18.584 0.042
4803.58567 18.485 0.039
4805.52068 18.536 0.081
4807.54741 18.602 0.053
4809.57262 18.796 0.053
4811.59448 18.732 0.054
4814.55237 18.615 0.045
4816.55446 18.517 0.037
4818.56847 18.606 0.042
4820.54648 18.831 0.058
4822.60321 18.993 0.051
4824.58803 18.653 0.051
4831.55970 18.609 0.046
4833.58752 19.205 0.063
4835.61027 18.658 0.044
4839.61329 18.603 0.057
4842.57997 18.711 0.065
4844.59044 18.756 0.057
4847.64462 18.624 0.077
4849.60461 18.498 0.038
4853.60188 18.525 0.048
4855.61507 18.539 0.051
4859.60735 18.605 0.051
4862.58889 18.564 0.037
4868.57111 18.862 0.058
