2085.90914 17.011 0.017
2086.88843 17.001 0.015
2103.89525 17.019 0.011
2105.92315 16.997 0.013
2106.89098 17.024 0.014
2112.84336 17.119 0.013
2116.87111 17.026 0.013
2123.81803 17.000 0.013
2124.83847 17.006 0.021
2128.82553 17.018 0.014
2129.85750 17.018 0.014
2130.84387 16.989 0.014
2131.83748 16.996 0.014
2132.80627 17.211 0.017
2133.89460 17.032 0.017
2134.81000 17.018 0.015
2135.84408 17.001 0.014
2137.89208 17.155 0.017
2140.81134 17.012 0.014
2142.75205 17.178 0.014
2143.81755 17.002 0.013
2144.82425 16.998 0.011
2155.87863 17.048 0.018
2156.82521 16.991 0.014
2160.75460 17.005 0.014
2162.76139 17.140 0.014
2166.75600 17.008 0.012
2167.76446 17.004 0.012
2168.71363 17.011 0.013
2171.73955 17.007 0.011
2172.74617 17.072 0.014
2177.63966 17.011 0.014
2184.70130 16.984 0.015
2185.66480 17.018 0.014
2186.68965 16.997 0.017
2187.68483 16.999 0.015
2188.73199 17.014 0.014
2190.69136 16.985 0.013
2191.66474 16.999 0.013
2192.66325 16.998 0.011
2193.68432 17.027 0.011
2194.65442 17.116 0.013
2203.55089 17.006 0.014
2206.60721 16.991 0.018
2211.64130 17.008 0.014
2212.64513 17.015 0.013
2213.65095 17.027 0.015
2214.64214 17.204 0.019
2215.64912 17.009 0.014
2217.63582 17.012 0.015
2219.67868 17.040 0.014
2224.71356 17.057 0.014
2226.63643 17.054 0.019
2228.55833 17.009 0.014
2229.61659 17.221 0.016
2231.64326 16.996 0.014
2232.50999 17.008 0.017
2233.61341 17.012 0.013
2235.66353 17.011 0.012
2238.54707 17.017 0.014
2240.65138 17.022 0.014
2242.61889 17.026 0.015
2248.60354 16.996 0.011
2250.57686 17.019 0.012
2253.57050 17.000 0.011
2255.60716 17.003 0.014
2258.57346 16.986 0.011
2263.58419 16.989 0.013
2266.55498 16.985 0.014
2271.56456 17.003 0.013
2273.56390 17.027 0.018
2275.59883 17.035 0.014
2276.55838 16.986 0.017
2278.59096 16.986 0.014
2280.58682 17.003 0.014
2284.58970 17.017 0.014
2290.60368 16.997 0.014
2293.56596 17.007 0.014
2295.55870 16.984 0.014
2297.56199 17.036 0.017
2299.56109 17.030 0.016
2301.55335 17.031 0.017
2445.91192 17.010 0.016
2460.87884 17.028 0.019
2463.91518 17.009 0.014
2465.92794 16.985 0.013
2467.90093 17.011 0.013
2469.90031 17.212 0.014
2471.88975 17.012 0.013
2472.91922 17.014 0.011
2473.89113 17.032 0.012
2481.90282 17.037 0.017
2483.88864 17.004 0.012
2486.88565 17.026 0.015
2488.87656 17.022 0.017
2489.92299 17.206 0.017
2492.90335 17.013 0.013
2495.89338 16.987 0.014
2496.90310 16.990 0.013
2497.92651 17.016 0.014
2498.77378 16.998 0.014
2499.85936 17.047 0.013
2500.86493 17.005 0.013
2501.85389 17.001 0.012
2502.83412 17.009 0.014
2508.74536 17.003 0.020
2516.77666 17.024 0.016
2517.82340 16.995 0.014
2518.79484 17.006 0.014
2519.83174 17.012 0.013
2520.79113 17.024 0.014
2521.82327 17.013 0.012
2524.82152 17.034 0.018
2526.77770 17.040 0.012
2534.83408 17.027 0.015
2535.81429 17.004 0.013
2537.70207 17.010 0.017
2538.79803 17.010 0.014
2539.70185 17.009 0.014
2540.74273 17.024 0.019
2541.71375 17.279 0.014
2542.68354 17.020 0.013
2544.66208 17.024 0.013
2545.67711 17.024 0.012
2547.69512 17.023 0.014
2548.71156 17.014 0.012
2550.70669 17.015 0.014
2551.69333 17.220 0.014
2553.64905 17.036 0.017
2554.70257 17.026 0.013
2555.71050 17.009 0.014
2556.68952 17.220 0.014
2557.70206 17.012 0.012
2558.65854 16.992 0.014
2559.61544 17.046 0.014
2560.64850 17.008 0.013
2561.67405 17.092 0.021
2562.66694 17.033 0.014
2563.67487 17.010 0.014
2564.69026 17.030 0.014
2565.68116 17.003 0.014
2566.66144 17.162 0.014
2568.69242 17.015 0.018
2571.64511 17.026 0.018
2573.65854 17.031 0.017
2574.64237 17.003 0.014
2577.62924 16.996 0.016
2578.62931 17.011 0.014
2579.63596 17.008 0.014
2580.64808 16.995 0.013
2583.61939 17.009 0.015
2584.62675 17.014 0.014
2586.62397 17.019 0.013
2587.60838 17.009 0.014
2588.71680 17.012 0.014
2589.59832 16.998 0.014
2590.61345 16.991 0.015
2591.63659 17.020 0.014
2593.60559 17.011 0.013
2594.60936 17.006 0.017
2596.58489 17.016 0.017
2597.57206 17.013 0.014
2598.64593 17.031 0.015
2599.60541 17.036 0.017
2607.62660 17.030 0.016
2610.54642 17.016 0.016
2613.54032 17.067 0.015
2615.56917 17.020 0.014
2619.55687 17.033 0.016
2621.56577 17.017 0.014
2625.54841 17.060 0.018
2628.54178 17.242 0.024
2632.54820 17.026 0.014
2636.54337 17.033 0.016
2639.54386 17.033 0.014
2642.55261 17.014 0.016
2646.56543 17.033 0.014
2651.53746 17.004 0.018
2654.55527 17.016 0.016
2657.55813 17.023 0.014
2660.55391 16.999 0.014
2671.55158 17.009 0.015
2673.56338 17.207 0.020
2676.52475 17.011 0.018
2679.53811 17.026 0.014
2682.54043 17.016 0.017
2777.90295 16.987 0.018
2804.86989 16.986 0.018
2811.90436 17.041 0.021
2814.94001 17.024 0.014
2817.92658 17.020 0.015
2825.90438 16.975 0.014
2831.78143 17.010 0.017
2832.74739 17.038 0.016
2832.92536 17.012 0.014
2833.86530 17.021 0.017
2835.87395 17.003 0.014
2837.87502 17.016 0.020
2838.93218 17.016 0.017
2840.82492 17.028 0.017
2843.82636 17.108 0.014
2844.87219 17.000 0.014
2845.91818 17.000 0.016
2849.85561 17.031 0.014
2850.88837 17.039 0.015
2851.93194 17.008 0.015
2852.80262 17.001 0.015
2853.94203 17.018 0.015
2856.81529 17.011 0.016
2858.90934 17.040 0.012
2860.87534 17.022 0.014
2861.74651 17.008 0.013
2862.92552 17.022 0.015
2863.83472 17.148 0.020
2865.83162 17.010 0.014
2866.88126 16.989 0.016
2867.82127 17.015 0.013
2868.76894 17.135 0.015
2869.90194 17.018 0.014
2870.81554 17.005 0.013
2871.85846 17.018 0.014
2875.79802 17.025 0.016
2876.77573 17.027 0.014
2877.79763 17.030 0.013
2879.73926 16.997 0.012
2883.82540 17.225 0.013
2885.76020 17.018 0.014
2888.80852 17.171 0.015
2892.79988 17.056 0.018
2894.72904 17.033 0.014
2896.72614 17.027 0.013
2898.74712 17.010 0.013
2900.74596 17.008 0.011
2902.74548 17.015 0.012
2905.75268 17.021 0.013
2907.75408 17.023 0.012
2909.74319 17.013 0.010
2911.73455 17.006 0.011
2915.70602 17.013 0.013
2917.73213 17.014 0.012
2921.72988 17.009 0.014
2923.75183 17.037 0.015
2925.71480 17.015 0.013
2927.71233 17.022 0.014
2930.73038 17.014 0.014
2932.73689 17.007 0.013
2934.71672 17.015 0.012
2937.64073 17.020 0.014
2939.69337 16.995 0.013
2940.63350 17.106 0.012
2941.68332 17.007 0.011
2942.63345 17.028 0.014
2943.60468 17.006 0.014
2944.58927 17.016 0.014
2945.60604 17.261 0.021
2947.61554 17.026 0.014
2949.59685 17.016 0.014
2950.64160 17.121 0.014
2951.62878 17.009 0.014
2952.65771 17.015 0.015
2954.68263 17.010 0.015
2956.62862 17.034 0.011
2958.62303 17.007 0.014
2961.59410 17.006 0.019
2968.59386 17.023 0.014
2970.61311 17.210 0.014
2972.59760 17.021 0.013
2974.59835 17.014 0.013
2976.54805 17.026 0.014
2978.57415 17.053 0.018
2980.59102 17.219 0.020
2982.53624 17.020 0.014
2984.62711 17.010 0.015
2986.63724 17.026 0.014
2988.52960 17.035 0.021
2991.60267 17.026 0.013
2994.58439 17.008 0.013
2997.55718 17.016 0.013
3001.57363 17.004 0.014
3005.53170 17.001 0.019
3008.55336 17.034 0.017
3008.55802 17.028 0.017
3011.56139 17.007 0.016
3016.58805 17.006 0.014
3018.57452 17.021 0.014
3020.60257 17.136 0.014
3021.61538 17.011 0.011
3023.57128 17.020 0.013
3025.56979 17.014 0.014
3027.60330 17.012 0.013
3029.57520 17.011 0.013
3031.57974 17.014 0.013
3033.58211 17.009 0.013
3037.52913 17.014 0.015
3164.92956 17.015 0.014
3177.91731 17.035 0.015
3183.91153 17.044 0.013
3193.87929 17.007 0.014
3195.93849 17.276 0.014
3197.91395 17.014 0.013
3201.87137 17.046 0.014
3203.87932 17.019 0.011
3206.81719 17.047 0.014
3210.89322 17.200 0.014
3211.88465 17.019 0.012
3215.66076 17.067 0.018
3216.72877 17.023 0.017
3217.92930 17.039 0.014
3218.91393 17.053 0.020
3223.83478 17.044 0.014
3226.82503 17.018 0.014
3229.83216 17.021 0.012
3231.81430 17.028 0.017
3239.79267 17.006 0.013
3240.78993 17.029 0.015
3241.81429 17.029 0.012
3242.71361 17.195 0.015
3243.85006 17.031 0.014
3244.82725 17.013 0.015
3245.77639 17.047 0.015
3246.76884 17.053 0.017
3247.76260 17.016 0.014
3249.72731 17.025 0.014
3251.74083 17.025 0.011
3254.72795 17.030 0.012
3257.74436 17.075 0.011
3259.66354 17.029 0.013
3261.70164 17.018 0.011
3263.68434 17.038 0.011
3265.71873 17.020 0.011
3267.70757 17.192 0.011
3269.78399 17.019 0.015
3270.74081 17.048 0.014
3271.66364 17.049 0.013
3272.72083 17.311 0.014
3274.70670 17.025 0.013
3276.71113 17.048 0.015
3277.74427 17.157 0.014
3279.67659 17.030 0.013
3281.64027 17.002 0.012
3283.64171 17.025 0.010
3287.60793 17.107 0.013
3289.61900 16.997 0.012
3293.59579 17.001 0.010
3295.61458 17.007 0.009
3297.59633 17.042 0.010
3299.65270 17.002 0.009
3301.62694 17.045 0.014
3303.68919 17.031 0.013
3306.62174 17.020 0.010
3308.60946 17.050 0.015
3310.60859 17.029 0.013
3312.65261 17.012 0.013
3314.56347 17.009 0.015
3320.60130 17.051 0.012
3327.55626 17.027 0.013
3330.55049 17.034 0.014
3335.59532 17.030 0.014
3338.59893 17.014 0.012
3349.59526 17.007 0.012
3353.57435 17.037 0.013
3359.55088 17.176 0.014
3363.55822 17.026 0.014
3367.61754 17.042 0.013
3372.54829 17.031 0.012
3376.52760 16.994 0.017
3378.59455 17.013 0.013
3386.56098 17.025 0.010
3390.57456 17.030 0.015
3398.55632 17.027 0.013
3402.54472 17.012 0.011
3528.93692 17.003 0.014
3541.92972 17.016 0.011
3547.91431 17.028 0.012
3554.92252 17.026 0.013
3560.94464 17.024 0.012
3564.90680 17.040 0.011
3568.83766 17.029 0.011
3570.77838 17.007 0.016
3571.80071 17.082 0.019
3573.83820 16.992 0.014
3574.87719 17.036 0.013
3577.83586 17.047 0.013
3578.89443 17.039 0.011
3579.79927 17.283 0.013
3581.84420 17.019 0.013
3581.86691 17.030 0.013
3582.82909 17.001 0.014
3583.83350 17.021 0.013
3584.80520 17.194 0.011
3586.80784 17.031 0.010
3588.82573 17.007 0.010
3589.81854 17.288 0.013
3591.87334 17.040 0.009
3593.81090 17.013 0.012
3596.89136 17.008 0.012
3601.80899 17.025 0.013
3607.81440 17.007 0.011
3614.78579 17.258 0.011
3617.76529 17.033 0.011
3619.69821 17.018 0.012
3621.71667 17.033 0.012
3624.86497 17.159 0.016
3626.71435 17.021 0.012
3629.66796 17.041 0.015
3631.73033 17.017 0.014
3633.69564 16.979 0.014
3637.64955 16.977 0.013
3639.69963 17.015 0.009
3641.69619 17.017 0.011
3643.72056 17.023 0.011
3646.65552 17.065 0.013
3650.65877 17.044 0.013
3650.68281 17.019 0.012
3651.73275 17.009 0.010
3653.72891 17.006 0.011
3655.69509 17.019 0.010
3657.64587 17.009 0.012
3658.65030 17.010 0.013
3659.63835 17.014 0.014
3660.66847 17.017 0.014
3663.55998 17.003 0.016
3665.63356 17.024 0.012
3668.57198 17.027 0.012
3669.67074 17.011 0.014
3671.62890 17.091 0.014
3673.67376 17.017 0.014
3675.65834 17.009 0.012
3681.62964 17.154 0.016
3681.64927 17.047 0.016
3683.64765 16.999 0.012
3685.65278 17.026 0.011
3687.65145 17.034 0.012
3689.59984 17.019 0.012
3692.57568 17.016 0.013
3694.55966 17.049 0.014
3696.56018 17.132 0.012
3698.59387 17.040 0.014
3700.57480 17.033 0.013
3702.58409 17.026 0.012
3704.59036 17.037 0.013
3706.61079 17.255 0.012
3708.58367 17.018 0.013
3711.59026 17.240 0.017
3714.52401 17.036 0.021
3718.60452 17.029 0.014
3721.55342 17.174 0.015
3724.56310 17.035 0.013
3726.58366 17.119 0.013
3728.55677 17.026 0.013
3734.56022 17.027 0.013
3737.57590 17.015 0.013
3742.53452 17.006 0.019
3746.55980 17.024 0.015
3751.53618 17.036 0.019
3756.55244 17.007 0.013
3761.60271 17.162 0.014
3766.52751 17.025 0.016
3772.55033 17.042 0.014
3776.55040 17.012 0.014
3871.87630 17.161 0.019
3901.93882 17.081 0.014
3906.93909 17.231 0.013
3913.91603 17.026 0.010
3918.87954 17.012 0.012
3931.91488 17.188 0.015
3934.85790 17.018 0.011
3936.86610 17.100 0.013
3938.85009 17.026 0.013
3944.89748 17.030 0.012
3946.86561 17.069 0.013
3951.88502 17.227 0.015
3955.85015 17.051 0.016
3958.82667 17.011 0.015
3960.82682 17.023 0.012
3963.82353 17.041 0.015
3965.81541 17.010 0.009
3967.83526 17.023 0.010
3969.80090 17.033 0.012
3971.77709 17.021 0.011
3974.77883 17.033 0.013
3979.73419 17.031 0.012
3980.61754 17.049 0.016
3981.64383 17.036 0.011
3983.83415 17.031 0.014
3986.69571 17.016 0.014
3987.66675 17.006 0.011
3990.79002 17.028 0.011
3993.73482 17.198 0.014
3995.74009 17.013 0.010
3999.74936 17.019 0.011
4002.72150 17.028 0.009
4004.67329 17.023 0.011
4006.69950 17.024 0.010
4007.56288 17.016 0.012
4008.57181 17.093 0.012
4009.73327 17.032 0.012
4013.69838 17.285 0.015
4015.68067 17.000 0.015
4015.69690 17.051 0.016
4018.69606 17.254 0.014
4019.68463 17.035 0.013
4021.67712 17.033 0.011
4024.65059 17.031 0.011
4026.62947 16.990 0.011
4028.62543 17.167 0.012
4030.63799 17.012 0.012
4032.69009 17.048 0.013
4037.66628 17.010 0.010
4039.60422 17.014 0.011
4041.60374 17.022 0.015
4043.58944 17.020 0.014
4046.59877 16.995 0.013
4048.56467 17.033 0.014
4050.60679 17.018 0.011
4052.55889 17.023 0.012
4054.61307 17.041 0.012
4056.58516 17.010 0.013
4058.61871 17.058 0.012
4060.51755 17.103 0.014
4064.51518 17.009 0.013
4066.55665 17.019 0.012
4069.51502 17.031 0.019
4073.59859 17.047 0.014
4077.52194 16.992 0.014
4079.52388 17.051 0.018
4082.52384 17.030 0.016
4085.56155 17.014 0.012
4092.55760 17.043 0.010
4096.58355 17.005 0.012
4100.58634 17.068 0.014
4105.55417 17.066 0.014
4108.53042 17.062 0.015
4113.60831 16.997 0.011
4120.57914 17.164 0.012
4126.57697 17.032 0.015
4252.92626 17.036 0.017
4255.84555 17.035 0.017
4268.89906 17.075 0.015
4275.92119 17.031 0.015
4279.79887 16.999 0.021
4282.80943 17.020 0.015
4283.86237 17.018 0.016
4285.91669 17.027 0.014
4291.93747 17.031 0.015
4292.85599 17.009 0.012
4295.86004 17.025 0.012
4296.88980 17.019 0.013
4297.92266 17.018 0.013
4299.85747 17.013 0.011
4300.87896 17.023 0.013
4301.89697 17.021 0.011
4302.91858 17.021 0.014
4306.86321 17.022 0.015
4307.89749 17.004 0.011
4308.65864 17.029 0.014
4308.86662 17.022 0.013
4310.83897 17.150 0.016
4311.82652 17.044 0.020
4312.90040 17.024 0.012
4314.91987 16.993 0.014
4316.82641 17.018 0.014
4319.86359 17.031 0.014
4320.89045 17.074 0.015
4326.83432 17.006 0.013
4327.81259 17.031 0.016
4328.82822 17.032 0.014
4329.83076 17.009 0.014
4330.85900 17.197 0.014
4333.86030 17.029 0.014
4338.90068 17.008 0.015
4340.77316 17.177 0.014
4341.76831 17.013 0.015
4342.82417 17.002 0.014
4343.76181 17.016 0.013
4344.74396 17.024 0.013
4345.78995 17.228 0.014
4347.77884 17.023 0.013
4349.79203 17.003 0.013
4351.72913 17.045 0.016
4353.75235 17.042 0.016
4357.70122 17.055 0.015
4359.69915 17.011 0.012
4361.70171 17.020 0.014
4362.72443 17.024 0.014
4364.58347 17.022 0.017
4367.68098 17.024 0.015
4370.67263 17.024 0.014
4372.73610 17.006 0.012
4376.65149 17.013 0.014
4378.61807 17.036 0.014
4379.64603 17.015 0.014
4380.75888 17.007 0.012
4382.68633 17.015 0.013
4386.66139 17.017 0.013
4388.66187 17.020 0.013
4390.67086 17.005 0.012
4393.64464 17.011 0.014
4395.67952 17.029 0.014
4398.64496 17.022 0.014
4400.66784 17.039 0.014
4403.69363 16.992 0.014
4407.63372 17.158 0.016
4408.67990 17.030 0.014
4410.70284 17.001 0.013
4415.68697 17.002 0.013
4418.59364 17.003 0.013
4422.65487 17.048 0.014
4424.65193 17.008 0.013
4427.53863 17.105 0.016
4429.56456 17.013 0.019
4431.56900 17.009 0.014
4433.57486 17.013 0.013
4435.56321 17.003 0.013
4437.65225 17.207 0.018
4439.56412 17.012 0.014
4441.59995 17.026 0.014
4443.59068 17.035 0.014
4449.64470 17.024 0.013
4451.59983 17.018 0.012
4453.58181 17.001 0.014
4456.58324 17.038 0.016
4459.53574 17.011 0.016
4464.57543 17.028 0.013
4465.54136 17.008 0.014
4470.56029 17.034 0.015
4474.59679 17.021 0.015
4476.57493 17.038 0.013
4479.59974 17.032 0.015
4481.58441 17.023 0.013
4484.60109 17.034 0.019
4487.62265 17.127 0.019
4609.89594 17.025 0.016
4643.88061 17.009 0.015
4649.93082 16.983 0.014
4661.89396 17.028 0.012
4662.77668 17.092 0.013
4662.89360 17.213 0.014
4663.74837 17.043 0.015
4663.93227 17.003 0.014
4665.82132 17.017 0.016
4665.91527 17.008 0.016
4666.90913 17.016 0.015
4670.90358 17.009 0.014
4671.81782 17.007 0.014
4672.87754 17.243 0.014
4675.89515 17.023 0.014
4681.87488 17.009 0.011
4683.87013 17.014 0.013
4685.85625 17.058 0.014
4688.80759 16.998 0.012
4690.73315 17.013 0.012
4691.73602 17.024 0.015
4693.89111 17.023 0.015
4696.84103 17.027 0.018
4698.75286 17.010 0.011
4699.74687 17.020 0.013
4700.78438 17.015 0.012
4701.78958 17.028 0.014
4702.84972 17.130 0.014
4703.74876 17.032 0.014
4704.76761 17.023 0.012
4705.77485 17.035 0.014
4707.76752 17.014 0.011
4708.83578 17.028 0.011
4710.75175 16.994 0.011
4716.75326 17.000 0.013
4719.74543 17.019 0.015
4721.73439 17.025 0.014
4724.76409 17.088 0.014
4726.65976 17.045 0.015
4729.67074 17.179 0.018
4731.76099 17.010 0.011
4734.74331 17.190 0.012
4736.70809 17.030 0.014
4739.64937 17.263 0.017
4741.72395 17.022 0.011
4747.59056 17.015 0.014
4749.59013 17.147 0.017
4753.65929 17.032 0.016
4755.65321 17.014 0.013
4757.63765 17.032 0.012
4759.65027 17.234 0.014
4761.62054 17.025 0.010
4763.63318 17.050 0.015
4766.60140 17.026 0.014
4769.63947 17.182 0.016
4771.55054 17.028 0.015
4773.67535 17.018 0.012
4775.66219 17.035 0.014
4777.59594 17.010 0.014
4779.63153 17.128 0.014
4781.58145 17.002 0.014
4783.56507 17.032 0.015
4785.59617 17.033 0.014
4787.55254 17.014 0.022
4789.53158 17.042 0.016
4790.61380 17.014 0.010
4791.61210 17.015 0.012
4793.51623 17.002 0.015
4795.53328 17.030 0.012
4797.52548 17.020 0.014
4798.58878 17.022 0.015
4800.63607 17.001 0.012
4803.52739 17.031 0.014
4804.57757 17.034 0.015
4806.58659 17.030 0.013
4808.54482 16.999 0.014
4808.61232 17.026 0.014
4810.55526 17.017 0.014
4813.59461 17.026 0.014
4815.57074 17.021 0.014
4817.58728 17.012 0.012
4819.58688 17.008 0.012
4821.62878 17.007 0.011
4823.58957 17.018 0.013
4825.61801 17.011 0.014
4832.59113 17.005 0.013
4835.57295 17.017 0.015
4839.59446 16.997 0.014
4842.56152 17.003 0.014
4844.57001 16.994 0.012
4847.62632 16.992 0.019
4849.58618 17.030 0.012
4853.58361 17.003 0.013
4856.57754 17.057 0.012
4865.55067 17.007 0.014
4936.91655 17.003 0.017
4940.89923 17.012 0.014
4940.90309 17.012 0.014
4953.89694 17.026 0.015
4954.88836 17.014 0.013
