2090.93315 18.411 0.054
2104.91767 18.452 0.029
2112.86594 18.624 0.044
2115.83472 18.483 0.049
2117.83368 18.424 0.031
2122.89646 18.387 0.033
2123.90464 18.402 0.040
2128.91146 18.408 0.045
2129.89883 18.388 0.033
2131.76486 18.703 0.052
2132.88939 18.397 0.040
2134.89647 18.418 0.039
2135.90919 18.505 0.035
2137.85367 18.627 0.058
2140.89430 18.512 0.037
2141.80572 18.432 0.051
2142.82606 18.509 0.043
2144.75582 18.390 0.030
2156.75457 18.558 0.052
2161.71316 18.606 0.059
2162.85143 18.444 0.043
2166.68310 18.423 0.037
2167.69310 18.443 0.036
2168.79286 18.414 0.037
2169.79019 18.486 0.047
2171.80767 18.432 0.029
2172.84364 18.361 0.031
2173.78710 18.458 0.032
2174.67572 18.665 0.042
2177.72424 18.744 0.044
2184.78026 18.465 0.055
2185.74383 18.590 0.064
2187.61337 18.425 0.043
2189.77020 18.331 0.044
2192.73601 18.448 0.025
2193.76317 18.424 0.033
2194.72779 18.460 0.038
2200.74488 18.732 0.038
2203.63300 18.381 0.031
2211.73510 18.472 0.041
2212.72885 18.429 0.046
2217.71414 18.465 0.042
2221.60315 18.401 0.035
2223.65359 18.412 0.042
2226.56884 18.441 0.045
2228.63176 18.395 0.036
2230.61878 18.435 0.036
2232.63932 18.440 0.035
2234.62452 18.407 0.037
2236.61362 18.431 0.036
2239.56245 18.664 0.051
2241.61399 18.706 0.047
2243.64452 18.811 0.075
2249.61176 18.421 0.029
2251.56848 18.382 0.036
2254.60805 18.432 0.033
2257.57006 18.432 0.035
2263.56515 18.688 0.047
2265.61380 18.738 0.041
2271.60312 18.471 0.041
2273.60175 18.448 0.052
2277.60869 18.503 0.034
2283.62347 18.425 0.040
2289.62230 18.803 0.041
2291.62830 18.530 0.040
2293.62403 18.495 0.043
2295.62091 18.401 0.038
2296.60338 18.483 0.057
2298.61119 18.405 0.043
2300.60885 18.358 0.038
2303.59836 18.450 0.045
2453.92600 18.347 0.051
2462.92263 18.478 0.047
2464.93292 18.480 0.033
2466.91583 18.763 0.088
2468.91166 18.440 0.038
2470.90099 18.412 0.031
2472.83461 18.455 0.047
2481.80758 18.469 0.062
2485.84274 18.627 0.058
2492.83245 18.443 0.045
2495.82049 18.382 0.037
2496.83106 18.427 0.033
2497.85445 18.421 0.043
2498.85396 18.418 0.033
2500.79285 18.350 0.043
2501.93769 18.406 0.053
2502.76266 18.462 0.040
2511.78123 18.379 0.044
2516.90853 18.442 0.047
2517.90646 18.407 0.036
2518.87973 18.385 0.038
2519.75230 18.423 0.033
2521.76359 18.405 0.035
2524.69512 18.540 0.048
2529.73102 18.521 0.033
2535.77522 18.476 0.040
2537.80085 18.395 0.055
2538.88428 18.408 0.049
2539.77506 18.386 0.037
2540.82382 18.459 0.044
2541.79046 18.433 0.035
2542.75675 18.401 0.033
2544.74118 18.432 0.035
2545.75401 18.398 0.036
2547.76800 18.401 0.033
2548.79066 18.462 0.039
2550.78561 18.454 0.040
2551.77362 18.572 0.039
2552.78839 18.593 0.043
2553.72897 18.408 0.050
2554.78188 18.633 0.040
2555.78949 18.511 0.036
2556.76950 18.447 0.033
2557.78376 18.429 0.037
2558.73760 18.405 0.033
2560.73179 18.401 0.029
2561.77315 18.389 0.036
2563.75393 18.363 0.040
2564.78174 18.443 0.042
2565.76979 18.444 0.041
2566.74979 18.388 0.042
2571.73297 18.469 0.043
2573.73635 18.646 0.054
2574.72355 18.747 0.046
2576.76457 18.663 0.050
2577.72571 18.349 0.044
2578.70303 18.452 0.048
2579.71857 18.417 0.044
2580.61098 18.384 0.038
2583.71853 18.486 0.048
2584.70482 18.423 0.043
2587.68860 18.458 0.034
2588.70120 18.407 0.040
2589.69387 18.359 0.038
2590.70721 18.473 0.040
2591.72965 18.487 0.040
2593.73765 18.430 0.044
2594.69266 18.642 0.058
2596.66697 18.471 0.062
2598.54602 18.399 0.041
2599.69565 18.443 0.047
2609.55707 18.519 0.048
2611.60520 18.423 0.051
2618.61065 18.501 0.041
2622.57809 18.504 0.042
2624.62886 18.506 0.052
2627.56086 18.436 0.048
2630.57420 18.456 0.055
2636.60017 18.536 0.047
2637.54708 18.541 0.048
2640.57022 18.412 0.046
2649.58205 18.413 0.037
2652.56511 18.521 0.050
2655.57581 18.515 0.069
2659.53909 18.779 0.058
2662.56928 18.472 0.051
2666.55975 18.408 0.043
2670.56924 18.441 0.050
2674.57785 18.387 0.039
2677.56344 18.426 0.053
2683.57704 18.725 0.066
2804.79248 18.287 0.072
2805.93353 18.414 0.059
2812.94726 18.468 0.071
2813.94800 18.422 0.066
2816.92328 18.712 0.055
2819.91878 18.379 0.035
2829.90273 18.446 0.037
2831.90343 18.412 0.038
2832.86764 18.400 0.036
2833.94533 18.562 0.065
2835.93506 18.424 0.046
2836.93375 18.436 0.051
2838.89850 18.714 0.076
2841.89061 18.455 0.036
2843.91366 18.350 0.034
2844.94977 18.545 0.076
2848.88536 18.449 0.050
2849.93910 18.437 0.042
2851.86142 18.472 0.051
2852.89457 18.378 0.042
2854.90590 18.420 0.032
2857.94148 18.442 0.069
2859.90054 18.460 0.033
2861.82637 18.481 0.034
2862.83643 18.483 0.047
2863.91261 18.643 0.067
2865.76091 18.448 0.054
2866.75688 18.385 0.040
2868.84624 18.430 0.036
2869.92859 18.506 0.046
2872.81727 18.426 0.030
2877.82622 18.446 0.034
2879.84914 18.474 0.031
2884.79808 18.419 0.029
2886.81068 18.522 0.040
2890.75515 18.405 0.050
2893.82357 18.431 0.038
2895.75782 18.415 0.030
2897.78434 18.477 0.044
2900.77362 18.506 0.028
2903.83052 18.482 0.031
2906.77899 18.417 0.027
2908.75670 18.463 0.033
2910.75104 18.425 0.036
2916.77102 18.439 0.028
2918.75239 18.461 0.040
2922.74984 18.480 0.046
2924.74610 18.665 0.051
2926.68168 18.425 0.040
2929.74335 18.469 0.036
2931.72043 18.406 0.028
2933.73106 18.394 0.026
2935.69528 18.454 0.036
2939.62282 18.424 0.040
2942.69588 18.431 0.036
2944.64836 18.727 0.060
2946.66237 18.567 0.039
2947.69610 18.630 0.058
2949.67439 18.379 0.040
2950.62689 18.383 0.033
2951.70701 18.461 0.043
2953.66270 18.415 0.040
2955.63959 18.332 0.047
2957.65571 18.445 0.039
2958.64532 18.385 0.032
2960.67346 18.407 0.038
2961.61654 18.370 0.050
2966.62984 18.713 0.042
2970.57738 18.410 0.033
2972.62006 18.417 0.038
2974.55757 18.418 0.043
2976.59085 18.422 0.043
2978.54012 18.385 0.051
2980.63261 18.326 0.040
2983.54528 18.483 0.049
2986.56263 18.775 0.047
2989.59202 18.569 0.047
2991.56115 18.520 0.050
2994.54219 18.480 0.042
2998.58111 18.469 0.044
3002.58168 18.416 0.048
3005.57296 18.418 0.040
3008.58049 18.433 0.041
3011.58389 18.709 0.071
3015.59389 18.399 0.031
3017.59553 18.464 0.036
3020.56940 18.475 0.035
3022.59709 18.391 0.046
3024.59608 18.411 0.036
3026.56647 18.462 0.041
3028.56737 18.421 0.036
3030.57522 18.472 0.033
3032.58808 18.447 0.044
3035.54611 18.431 0.047
3038.57881 18.630 0.069
3180.94140 18.382 0.031
3184.93342 18.417 0.039
3194.87835 18.462 0.036
3196.93398 18.450 0.038
3202.92105 18.404 0.035
3204.89104 18.443 0.038
3206.90399 18.433 0.040
3211.81555 18.426 0.040
3216.80620 18.451 0.053
3217.91452 18.393 0.043
3224.85279 18.381 0.029
3230.80833 18.636 0.034
3238.83556 18.482 0.047
3239.87516 18.450 0.036
3241.73646 18.455 0.041
3242.81282 18.451 0.042
3244.74982 18.443 0.048
3245.85365 18.402 0.047
3246.85061 18.462 0.042
3248.75560 18.430 0.035
3250.81678 18.441 0.028
3253.77049 18.787 0.053
3256.75361 18.446 0.036
3258.76318 18.471 0.041
3260.75775 18.390 0.033
3262.76736 18.476 0.031
3264.71364 18.455 0.027
3266.78463 18.405 0.036
3268.71789 18.455 0.029
3270.78779 18.406 0.032
3271.74564 18.472 0.036
3273.70428 18.727 0.058
3276.78869 18.639 0.055
3278.66904 18.460 0.044
3280.70102 18.458 0.030
3282.69606 18.428 0.025
3286.65476 18.526 0.034
3288.66837 18.406 0.031
3291.64356 18.462 0.037
3294.65520 18.802 0.050
3296.62258 18.427 0.029
3298.63200 18.380 0.030
3300.63215 18.444 0.038
3302.61320 18.398 0.043
3305.70904 18.412 0.031
3307.62573 18.549 0.064
3309.64639 18.491 0.032
3311.60217 18.412 0.030
3315.63583 18.591 0.039
3321.52197 18.515 0.062
3324.60722 18.429 0.038
3329.57913 18.404 0.031
3334.59560 18.421 0.059
3336.59419 18.483 0.041
3350.59451 18.457 0.029
3355.61159 18.419 0.031
3360.61242 18.453 0.034
3369.59525 18.456 0.036
3372.62976 18.462 0.032
3379.58544 18.412 0.038
3387.58227 18.510 0.047
3395.59081 18.470 0.051
3399.54046 18.419 0.050
3403.57245 18.380 0.044
3544.95004 18.625 0.055
3547.93611 18.460 0.038
3552.90058 18.648 0.065
3560.88624 18.512 0.027
3564.84906 18.439 0.033
3569.85602 18.344 0.029
3570.90263 18.365 0.038
3571.89409 18.395 0.040
3573.93707 18.579 0.061
3575.89512 18.425 0.036
3577.92952 18.394 0.035
3579.89710 18.434 0.030
3582.89334 18.483 0.039
3585.86386 18.741 0.028
3590.85816 18.418 0.026
3591.89527 18.426 0.024
3592.84408 18.462 0.022
3596.87264 18.489 0.036
3603.80392 18.585 0.037
3608.85039 18.668 0.040
3615.86492 18.458 0.032
3618.86481 18.439 0.029
3620.86845 18.397 0.025
3622.82574 18.533 0.039
3625.81202 18.507 0.032
3628.71959 18.466 0.044
3630.73302 18.427 0.045
3632.76010 18.472 0.061
3634.66975 18.360 0.033
3638.73531 18.424 0.032
3640.71482 18.460 0.029
3644.74322 18.480 0.026
3646.75289 18.421 0.038
3650.76864 18.771 0.036
3652.72113 18.456 0.030
3654.72389 18.421 0.030
3656.76842 18.432 0.033
3658.72658 18.457 0.035
3659.73841 18.392 0.043
3661.68496 18.492 0.038
3664.75872 18.413 0.026
3666.75393 18.425 0.037
3668.70921 18.399 0.034
3670.69075 18.731 0.049
3672.65874 18.474 0.036
3674.78209 18.764 0.043
3676.68476 18.406 0.033
3684.67548 18.378 0.030
3686.63598 18.450 0.038
3688.60875 18.609 0.036
3690.63503 18.651 0.058
3693.62054 18.467 0.042
3695.61748 18.354 0.030
3697.56543 18.453 0.043
3699.61152 18.478 0.034
3701.64093 18.444 0.033
3703.64588 18.439 0.029
3705.52970 18.485 0.031
3707.55571 18.378 0.036
3712.67943 18.398 0.036
3714.55123 18.489 0.043
3716.53515 18.482 0.050
3720.59451 18.434 0.041
3724.63736 18.430 0.038
3726.63754 18.343 0.033
3731.56419 18.460 0.037
3736.56997 18.672 0.037
3741.56043 18.499 0.036
3745.56413 18.445 0.046
3755.56103 18.388 0.052
3760.56879 18.471 0.040
3764.58251 18.402 0.034
3769.55178 18.412 0.033
3774.53163 18.378 0.047
3778.54912 18.428 0.046
3903.93219 18.416 0.033
3909.92578 18.376 0.032
3915.94624 18.627 0.040
3920.91903 18.536 0.032
3933.85662 18.536 0.034
3935.85300 18.697 0.045
3937.89118 18.737 0.048
3945.82386 18.436 0.036
3950.87855 18.420 0.029
3957.84442 18.628 0.070
3959.83982 18.671 0.051
3961.82102 18.389 0.047
3964.82542 18.473 0.024
3966.81803 18.393 0.029
3968.81116 18.446 0.029
3970.80275 18.464 0.026
3973.77396 18.487 0.031
3975.79079 18.377 0.030
3980.71950 18.313 0.036
3981.71943 18.496 0.033
3982.78529 18.451 0.040
3986.76097 18.501 0.038
3991.67054 18.415 0.035
3994.71565 18.412 0.034
3998.84189 18.504 0.036
4001.70813 18.489 0.027
4003.67210 18.401 0.027
4005.74675 18.443 0.028
4008.67052 18.436 0.024
4011.69841 18.352 0.036
4014.70407 18.412 0.053
4016.67802 18.385 0.037
4018.67387 18.568 0.040
4020.71320 18.510 0.029
4023.66331 18.425 0.036
4025.71157 18.537 0.033
4027.65173 18.465 0.033
4029.63686 18.409 0.036
4031.62101 18.427 0.031
4036.67959 18.406 0.029
4038.65275 18.462 0.033
4040.59229 18.639 0.043
4042.66020 18.633 0.046
4045.55314 18.426 0.051
4047.61413 18.402 0.040
4049.62848 18.443 0.030
4051.63736 18.406 0.039
4053.57488 18.476 0.026
4055.57634 18.514 0.053
4057.54349 18.419 0.049
4060.55855 18.621 0.036
4064.60300 18.726 0.032
4066.57980 18.507 0.031
4069.57362 18.466 0.038
4072.53034 18.431 0.058
4075.54580 18.369 0.033
4077.58065 18.496 0.039
4079.60798 18.470 0.036
4083.53522 18.663 0.055
4087.62927 18.647 0.040
4096.61790 18.551 0.053
4100.57186 18.528 0.051
4107.58905 18.635 0.043
4108.59790 18.479 0.029
4113.63030 18.578 0.042
4119.59103 18.408 0.045
4120.62229 18.489 0.029
4122.61477 18.381 0.033
4127.60279 18.399 0.030
4253.92997 18.469 0.051
4258.89322 18.338 0.049
4278.88170 18.438 0.041
4279.88941 18.488 0.063
4282.87576 18.418 0.046
4283.78380 18.680 0.068
4284.93349 18.456 0.043
4289.90419 18.700 0.056
4292.93759 18.472 0.029
4295.93152 18.441 0.033
4297.85208 18.469 0.041
4298.88472 18.409 0.040
4299.92862 18.442 0.028
4302.85122 18.479 0.040
4303.86008 18.413 0.030
4307.80002 18.655 0.040
4308.73194 18.462 0.045
4310.91095 18.639 0.053
4312.82811 18.432 0.032
4314.84325 18.427 0.041
4316.90251 18.439 0.037
4320.79525 18.420 0.037
4326.91614 18.350 0.040
4328.90386 18.444 0.043
4329.92219 18.397 0.039
4330.84451 18.563 0.034
4332.93266 18.466 0.065
4336.86262 18.489 0.050
4339.90628 18.402 0.049
4340.83284 18.436 0.043
4342.90002 18.405 0.038
4344.82468 18.437 0.041
4346.79785 18.437 0.043
4348.78162 18.439 0.033
4350.75850 18.636 0.035
4353.71665 18.438 0.041
4355.77535 18.435 0.040
4358.71854 18.476 0.042
4361.73758 18.468 0.039
4363.69760 18.436 0.042
4367.70460 18.416 0.040
4371.70569 18.590 0.043
4376.72802 18.464 0.037
4378.69840 18.432 0.038
4379.72587 18.388 0.043
4381.68433 18.491 0.044
4383.71323 18.445 0.035
4387.65961 18.423 0.030
4391.56092 18.378 0.044
4392.62340 18.712 0.040
4394.67617 18.710 0.042
4396.71813 18.702 0.051
4399.63241 18.433 0.064
4402.70601 18.428 0.036
4406.62898 18.450 0.054
4409.66878 18.416 0.036
4412.65629 18.380 0.039
4417.70361 18.520 0.036
4420.68262 18.518 0.041
4422.69698 18.426 0.034
4425.57015 18.436 0.039
4427.66006 18.377 0.038
4429.62185 18.395 0.052
4431.60894 18.457 0.047
4433.61484 18.497 0.041
4435.60315 18.562 0.043
4437.67440 18.442 0.056
4439.58617 18.619 0.067
4441.62205 18.426 0.036
4443.63081 18.462 0.043
4451.62198 18.395 0.035
4453.60786 18.421 0.046
4455.62003 18.409 0.043
4456.62338 18.505 0.062
4457.61588 18.435 0.054
4460.60076 18.606 0.058
4463.58204 18.431 0.036
4465.60573 18.440 0.036
4468.60517 18.421 0.033
4469.59034 18.486 0.036
4472.58058 18.415 0.033
4475.60856 18.465 0.038
4475.64571 18.466 0.046
4480.62908 18.501 0.041
4482.64036 18.511 0.052
4485.63355 18.731 0.068
4488.63400 18.402 0.060
4490.60116 18.353 0.041
4492.62423 18.387 0.040
4640.90614 18.564 0.058
4647.93666 18.421 0.043
4651.93233 18.400 0.040
4655.85305 18.476 0.038
4662.87517 18.498 0.034
4663.82900 18.469 0.050
4665.89699 18.508 0.049
4671.93078 18.404 0.040
4674.83228 18.457 0.037
4677.89471 18.437 0.029
4682.88486 18.459 0.043
4684.90719 18.589 0.035
4686.86738 18.494 0.029
4688.88339 18.476 0.028
4690.80885 18.462 0.034
4691.81217 18.392 0.040
4694.84422 18.534 0.054
4696.92741 18.347 0.061
4697.80292 18.506 0.051
4699.82373 18.438 0.033
4700.85784 18.453 0.030
4701.89223 18.433 0.035
4703.82503 18.567 0.043
4704.84315 18.609 0.044
4707.85422 18.675 0.041
4709.80287 18.443 0.028
4715.80766 18.434 0.034
4717.82160 18.378 0.025
4720.74132 18.411 0.033
4724.70707 18.656 0.056
4726.69962 18.475 0.037
4729.75446 18.417 0.041
4729.76683 18.414 0.033
4730.75643 18.482 0.027
4733.77081 18.386 0.028
4740.73179 18.389 0.029
4747.67155 18.501 0.038
4749.62996 18.545 0.059
4753.71701 18.309 0.044
4756.70383 18.496 0.039
4758.66354 18.435 0.030
4760.65010 18.441 0.029
4762.64024 18.418 0.043
4768.59581 18.441 0.043
4771.59057 18.461 0.039
4772.66167 18.430 0.035
4776.60781 18.361 0.047
4778.61007 18.410 0.033
4780.65070 18.357 0.040
4782.57990 18.479 0.037
4783.64308 18.416 0.039
4786.56308 18.775 0.060
4787.63015 18.428 0.065
4790.52396 18.433 0.032
4792.61241 18.372 0.040
4794.57608 18.415 0.029
4796.64995 18.394 0.033
4797.62572 18.479 0.038
4799.61087 18.440 0.040
4801.58709 18.416 0.033
4803.56730 18.461 0.037
4805.57285 18.380 0.034
4807.58726 18.515 0.049
4809.61227 18.456 0.038
4812.53009 18.383 0.066
4814.59208 18.377 0.043
4816.59422 18.431 0.035
4818.53606 18.422 0.047
4820.59688 18.377 0.034
4823.64237 18.385 0.036
4826.65117 18.385 0.032
4833.60961 18.534 0.036
4835.63259 18.606 0.047
4837.62988 18.625 0.056
4841.61975 18.411 0.044
4843.61713 18.356 0.046
4846.62263 18.391 0.036
4849.62639 18.452 0.040
4854.62315 18.402 0.030
4863.55357 18.387 0.029
4866.58215 18.448 0.045
4870.55497 18.465 0.046
4871.54680 18.417 0.051
4873.57043 18.392 0.041
