2086.91788 17.304 0.016
2104.84997 17.514 0.016
2106.90981 17.335 0.017
2115.90479 17.422 0.018
2116.89092 17.332 0.014
2117.89659 17.297 0.015
2122.82915 17.312 0.022
2123.83959 17.443 0.017
2124.85891 17.302 0.028
2128.84414 17.376 0.019
2129.87626 17.297 0.016
2130.82514 17.318 0.016
2131.81866 17.441 0.018
2132.82488 17.301 0.016
2133.91343 17.343 0.023
2134.82976 17.401 0.020
2135.86420 17.468 0.017
2136.86411 17.312 0.018
2137.90908 17.339 0.022
2140.83398 17.325 0.016
2142.88122 17.508 0.019
2143.83528 17.442 0.017
2144.80679 17.313 0.013
2155.89748 17.330 0.024
2156.84401 17.313 0.016
2160.77372 17.300 0.016
2162.78028 17.434 0.015
2166.77505 17.520 0.015
2167.74587 17.411 0.015
2168.73237 17.302 0.016
2171.75844 17.359 0.014
2172.76501 17.297 0.016
2173.72710 17.341 0.015
2177.65875 17.333 0.016
2184.72010 17.302 0.018
2185.68358 17.339 0.017
2187.66619 17.351 0.020
2190.71010 17.498 0.019
2191.65193 17.363 0.017
2192.68069 17.317 0.013
2193.70166 17.370 0.014
2194.67294 17.456 0.016
2201.73902 17.434 0.016
2206.62485 17.488 0.026
2211.66350 17.286 0.015
2212.66257 17.362 0.018
2213.67355 17.488 0.024
2214.65992 17.358 0.020
2215.67521 17.313 0.018
2217.65287 17.437 0.022
2219.69602 17.327 0.020
2222.74525 17.303 0.018
2223.68499 17.319 0.017
2225.61452 17.466 0.016
2226.66086 17.307 0.019
2228.57626 17.356 0.017
2230.51353 17.517 0.028
2232.52733 17.298 0.018
2234.56941 17.323 0.015
2236.55890 17.354 0.016
2238.56428 17.342 0.016
2241.55111 17.457 0.021
2243.58935 17.332 0.016
2248.63379 17.454 0.016
2250.59981 17.300 0.016
2253.58770 17.365 0.016
2256.56998 17.470 0.021
2258.61041 17.315 0.014
2263.60167 17.418 0.019
2265.62769 17.313 0.014
2270.58588 17.327 0.016
2272.58395 17.352 0.017
2274.56780 17.356 0.021
2276.53139 17.420 0.026
2280.54787 17.329 0.022
2285.58638 17.292 0.016
2289.58329 17.311 0.016
2291.58400 17.417 0.018
2293.58450 17.294 0.019
2295.58081 17.373 0.018
2297.58399 17.346 0.020
2299.58047 17.403 0.019
2301.57316 17.373 0.023
2448.90478 17.352 0.023
2460.90484 17.382 0.023
2463.93393 17.330 0.016
2466.85579 17.299 0.020
2467.91966 17.340 0.017
2469.91896 17.341 0.015
2471.90850 17.371 0.016
2472.89857 17.507 0.014
2473.92476 17.357 0.014
2481.88403 17.322 0.021
2483.90769 17.385 0.015
2486.90780 17.342 0.022
2488.90976 17.384 0.022
2492.92209 17.339 0.017
2495.91725 17.360 0.013
2496.92186 17.322 0.016
2498.79311 17.313 0.016
2499.87810 17.465 0.016
2500.88653 17.343 0.017
2501.87328 17.284 0.014
2502.85344 17.348 0.019
2508.76406 17.407 0.028
2516.79550 17.334 0.020
2517.84227 17.315 0.017
2518.81456 17.382 0.017
2519.81284 17.491 0.016
2520.81101 17.347 0.019
2521.79929 17.298 0.016
2524.80269 17.314 0.019
2526.79652 17.381 0.013
2529.79274 17.298 0.015
2534.85334 17.498 0.021
2535.79098 17.407 0.017
2537.72106 17.306 0.021
2538.82214 17.444 0.020
2539.71930 17.439 0.018
2540.76180 17.306 0.021
2541.73118 17.311 0.016
2542.70100 17.354 0.016
2544.68093 17.358 0.016
2545.69446 17.299 0.015
2547.71245 17.426 0.017
2548.73044 17.274 0.016
2550.72571 17.470 0.017
2551.71224 17.404 0.016
2552.72825 17.280 0.013
2554.72135 17.456 0.016
2555.72929 17.360 0.016
2556.70836 17.295 0.015
2557.72088 17.347 0.014
2558.67736 17.417 0.016
2559.63441 17.516 0.019
2560.66734 17.301 0.015
2561.71296 17.330 0.018
2562.68572 17.435 0.017
2563.69365 17.342 0.017
2564.71001 17.280 0.016
2565.70601 17.413 0.019
2566.68095 17.511 0.018
2568.75000 17.313 0.018
2571.66655 17.349 0.016
2572.74181 17.359 0.019
2573.67988 17.382 0.023
2574.65986 17.493 0.017
2576.69460 17.310 0.017
2577.65966 17.312 0.020
2578.64716 17.460 0.020
2579.65768 17.308 0.017
2580.66582 17.325 0.016
2583.63787 17.340 0.019
2584.64432 17.303 0.016
2586.64552 17.419 0.016
2587.62740 17.359 0.016
2589.61831 17.374 0.016
2590.63505 17.418 0.018
2591.66123 17.324 0.017
2593.62450 17.392 0.018
2594.63052 17.375 0.020
2596.60414 17.327 0.019
2597.59131 17.427 0.022
2598.67151 17.322 0.018
2599.62558 17.325 0.023
2607.64568 17.334 0.020
2610.56701 17.356 0.020
2613.56101 17.505 0.019
2615.59140 17.317 0.016
2619.57591 17.321 0.017
2621.58490 17.445 0.023
2625.56764 17.436 0.026
2627.53833 17.341 0.021
2630.55276 17.371 0.025
2635.56647 17.344 0.016
2640.53168 17.438 0.023
2642.57143 17.302 0.019
2646.58278 17.343 0.019
2651.55685 17.434 0.024
2654.57706 17.306 0.023
2657.53693 17.311 0.025
2661.53346 17.299 0.015
2664.57393 17.332 0.022
2672.55188 17.333 0.027
2676.54208 17.320 0.019
2679.55678 17.376 0.018
2683.53515 17.474 0.030
2777.92190 17.302 0.020
2804.85045 17.321 0.026
2805.86773 17.332 0.029
2811.92285 17.312 0.022
2815.89647 17.319 0.016
2817.94510 17.505 0.026
2825.92837 17.573 0.022
2830.83565 17.404 0.019
2831.80530 17.335 0.022
2832.76599 17.311 0.019
2832.94386 17.459 0.021
2833.88382 17.505 0.026
2834.93447 17.321 0.019
2836.87829 17.352 0.026
2838.83584 17.408 0.021
2840.84353 17.366 0.017
2843.84485 17.293 0.016
2844.89057 17.419 0.016
2845.93760 17.334 0.020
2849.87410 17.395 0.019
2850.90685 17.291 0.020
2852.83544 17.386 0.023
2854.84679 17.304 0.021
2857.85421 17.416 0.020
2858.92783 17.325 0.016
2860.89376 17.444 0.017
2861.76519 17.448 0.016
2862.88863 17.308 0.018
2865.81300 17.388 0.019
2866.89972 17.341 0.026
2867.80240 17.330 0.018
2868.80602 17.444 0.018
2869.79255 17.352 0.016
2870.83404 17.298 0.016
2871.87716 17.446 0.017
2872.83399 17.474 0.016
2875.82483 17.337 0.019
2876.79424 17.476 0.018
2879.72076 17.324 0.016
2883.84398 17.435 0.016
2885.77933 17.314 0.014
2890.71021 17.310 0.025
2893.76166 17.296 0.016
2895.81088 17.507 0.016
2897.71437 17.344 0.017
2899.75206 17.425 0.016
2903.76784 17.536 0.013
2906.72005 17.326 0.015
2908.69706 17.419 0.017
2910.69195 17.316 0.018
2912.69729 17.399 0.016
2916.71004 17.317 0.014
2918.68693 17.354 0.017
2922.68690 17.348 0.019
2924.62789 17.414 0.018
2926.62189 17.358 0.017
2929.68310 17.289 0.016
2931.65902 17.466 0.016
2933.66948 17.320 0.014
2935.63383 17.490 0.020
2937.65942 17.305 0.017
2939.67488 17.401 0.018
2940.65205 17.314 0.013
2941.62729 17.321 0.015
2942.65210 17.450 0.019
2943.62343 17.474 0.019
2944.60779 17.349 0.016
2946.56257 17.330 0.018
2946.60253 17.362 0.017
2947.63414 17.373 0.018
2949.61524 17.333 0.016
2950.56678 17.367 0.017
2951.64736 17.367 0.019
2953.59527 17.320 0.016
2955.58041 17.394 0.021
2957.59399 17.339 0.015
2960.60844 17.339 0.021
2962.64828 17.409 0.018
2965.65094 17.441 0.017
2968.61328 17.320 0.018
2970.63211 17.406 0.017
2972.63667 17.335 0.017
2975.54474 17.376 0.016
2977.64055 17.462 0.023
2979.58044 17.313 0.018
2983.56125 17.319 0.019
2986.57784 17.377 0.016
2988.54983 17.354 0.018
2991.57597 17.337 0.018
2994.56171 17.358 0.019
2997.57710 17.533 0.018
3000.56823 17.357 0.017
3003.55109 17.328 0.020
3006.53839 17.335 0.017
3009.53367 17.431 0.026
3013.53610 17.422 0.021
3015.57133 17.322 0.016
3018.54843 17.274 0.021
3020.58414 17.494 0.018
3022.53702 17.299 0.022
3024.53679 17.456 0.024
3025.59639 17.311 0.016
3027.62189 17.505 0.019
3029.59359 17.345 0.017
3031.59841 17.451 0.016
3034.52866 17.313 0.019
3037.54783 17.304 0.021
3169.93001 17.309 0.021
3177.93553 17.370 0.020
3183.92985 17.341 0.018
3193.89773 17.428 0.020
3196.86979 17.316 0.014
3197.93221 17.472 0.020
3202.85771 17.461 0.018
3203.89774 17.319 0.013
3206.83557 17.418 0.020
3210.91158 17.371 0.017
3211.86619 17.326 0.016
3215.80130 17.348 0.024
3217.79717 17.465 0.021
3223.85333 17.333 0.017
3228.77203 17.315 0.018
3229.85386 17.431 0.016
3231.83533 17.323 0.017
3238.77219 17.341 0.016
3239.81573 17.347 0.016
3240.80846 17.433 0.021
3241.79193 17.491 0.020
3242.73593 17.353 0.017
3243.86853 17.367 0.017
3244.84712 17.501 0.026
3245.79486 17.412 0.021
3246.78762 17.300 0.016
3247.79600 17.381 0.019
3249.74630 17.463 0.019
3251.75986 17.322 0.013
3254.74755 17.335 0.014
3259.68459 17.318 0.016
3261.72064 17.396 0.015
3263.71786 17.347 0.013
3265.73920 17.358 0.016
3267.72596 17.317 0.015
3269.82047 17.252 0.017
3270.67941 17.324 0.016
3271.68234 17.354 0.016
3273.64065 17.468 0.022
3275.62651 17.287 0.017
3276.72991 17.459 0.022
3277.76855 17.284 0.016
3279.70017 17.390 0.015
3281.65874 17.381 0.014
3283.66041 17.369 0.011
3287.62654 17.389 0.017
3289.64152 17.374 0.013
3293.61508 17.339 0.014
3295.63301 17.383 0.011
3298.57091 17.374 0.014
3300.57321 17.474 0.019
3302.55018 17.310 0.018
3305.65020 17.321 0.016
3307.56249 17.383 0.020
3309.58759 17.335 0.015
3311.53920 17.398 0.018
3314.58215 17.337 0.022
3320.61995 17.336 0.015
3323.56739 17.478 0.018
3327.57491 17.513 0.017
3330.57040 17.402 0.022
3335.61440 17.397 0.019
3338.56007 17.424 0.016
3350.53438 17.496 0.016
3353.59297 17.388 0.014
3359.57002 17.342 0.015
3363.57693 17.324 0.016
3367.63652 17.287 0.015
3372.56999 17.375 0.016
3376.54611 17.346 0.014
3380.53252 17.373 0.027
3386.57950 17.323 0.012
3395.52729 17.229 0.027
3398.57501 17.301 0.016
3402.57225 17.275 0.015
3543.88591 17.439 0.018
3551.90940 17.326 0.022
3554.94062 17.537 0.019
3561.94786 17.406 0.017
3564.92553 17.301 0.012
3568.87116 17.272 0.014
3570.83216 17.479 0.022
3571.82311 17.400 0.023
3573.86881 17.375 0.023
3575.82459 17.375 0.017
3577.88097 17.416 0.018
3578.91699 17.390 0.013
3579.82205 17.360 0.013
3581.89113 17.418 0.017
3582.84743 17.463 0.018
3583.85766 17.318 0.014
3584.82790 17.300 0.014
3585.87875 17.479 0.013
3586.83092 17.462 0.013
3588.84922 17.300 0.014
3590.80526 17.461 0.014
3592.77001 17.303 0.011
3594.80950 17.458 0.014
3597.84945 17.423 0.017
3600.88561 17.405 0.024
3602.74651 17.466 0.024
3607.83761 17.336 0.014
3617.79363 17.462 0.014
3619.77173 17.292 0.013
3621.76422 17.453 0.014
3628.79109 17.435 0.021
3630.64295 17.389 0.020
3632.64031 17.317 0.019
3634.71321 17.317 0.015
3637.67204 17.498 0.016
3639.72195 17.328 0.011
3641.71873 17.376 0.016
3643.81714 17.470 0.020
3644.75780 17.465 0.013
3646.68884 17.298 0.014
3650.71007 17.290 0.013
3652.64523 17.410 0.014
3654.61568 17.345 0.015
3656.64723 17.466 0.017
3657.70494 17.356 0.014
3658.67986 17.317 0.015
3659.66256 17.371 0.017
3661.61124 17.392 0.019
3663.63418 17.356 0.020
3665.66652 17.333 0.014
3668.61568 17.489 0.017
3670.56638 17.352 0.019
3672.60581 17.541 0.018
3674.63507 17.289 0.013
3676.59289 17.475 0.016
3682.58183 17.318 0.016
3684.57469 17.443 0.016
3686.56458 17.289 0.016
3688.53766 17.544 0.017
3690.54357 17.296 0.019
3692.59612 17.354 0.016
3694.58270 17.344 0.014
3696.57883 17.408 0.015
3698.61253 17.367 0.019
3700.62258 17.322 0.014
3702.61350 17.389 0.016
3704.61402 17.344 0.014
3706.62888 17.432 0.014
3708.61028 17.319 0.016
3712.56681 17.342 0.015
3714.56948 17.381 0.017
3718.55296 17.411 0.017
3721.58516 17.305 0.018
3725.61403 17.400 0.015
3730.53829 17.459 0.014
3734.60896 17.357 0.016
3738.56103 17.426 0.018
3742.55821 17.492 0.024
3747.55798 17.288 0.019
3751.56677 17.286 0.019
3757.53445 17.521 0.028
3762.54475 17.363 0.024
3766.55000 17.340 0.015
3772.57675 17.538 0.018
3777.52409 17.370 0.023
3871.89614 17.320 0.021
3902.91644 17.319 0.019
3907.91130 17.465 0.019
3913.93685 17.320 0.012
3918.90664 17.334 0.013
3931.93820 17.356 0.018
3934.87617 17.390 0.014
3936.88445 17.332 0.016
3938.86851 17.420 0.016
3945.87547 17.350 0.014
3950.82042 17.444 0.014
3957.77596 17.295 0.022
3959.76543 17.421 0.017
3961.75956 17.295 0.018
3964.76779 17.285 0.012
3966.76004 17.476 0.015
3968.75372 17.302 0.013
3970.74541 17.495 0.013
3973.71474 17.319 0.016
3975.72698 17.372 0.015
3980.66221 17.339 0.016
3981.66195 17.354 0.016
3982.72633 17.441 0.021
3986.69968 17.570 0.021
3991.72887 17.353 0.016
3994.64129 17.539 0.023
3998.67166 17.462 0.017
4001.64248 17.373 0.014
4003.61392 17.395 0.016
4004.69372 17.339 0.015
4005.68785 17.471 0.015
4007.58110 17.369 0.016
4008.59000 17.278 0.012
4011.64048 17.333 0.014
4014.62292 17.410 0.023
4016.61971 17.341 0.015
4018.61612 17.380 0.016
4020.61956 17.321 0.018
4023.60541 17.317 0.016
4025.60578 17.531 0.017
4027.59390 17.315 0.015
4029.57620 17.478 0.017
4031.56328 17.321 0.014
4033.65756 17.382 0.014
4040.53300 17.410 0.020
4042.56089 17.341 0.016
4044.58389 17.349 0.022
4046.61698 17.289 0.017
4049.52892 17.510 0.016
4051.57850 17.319 0.016
4053.62593 17.343 0.013
4055.51857 17.307 0.021
4057.59394 17.379 0.019
4059.59237 17.366 0.014
4063.53741 17.323 0.016
4065.58704 17.303 0.014
4067.58031 17.376 0.015
4069.53318 17.327 0.016
4071.54400 17.371 0.016
4074.54011 17.296 0.016
4077.54182 17.319 0.014
4079.54200 17.432 0.016
4082.54336 17.340 0.014
4085.62069 17.330 0.016
4092.57619 17.328 0.012
4097.61878 17.324 0.016
4100.61020 17.311 0.016
4105.57419 17.343 0.016
4111.61065 17.328 0.013
4115.53011 17.340 0.018
4120.56100 17.307 0.013
4124.57249 17.332 0.016
4128.59647 17.396 0.016
4252.94414 17.416 0.022
4255.86414 17.306 0.019
4268.92311 17.541 0.021
4275.93802 17.406 0.019
4279.83488 17.316 0.024
4282.82628 17.304 0.017
4283.84533 17.358 0.021
4284.87573 17.520 0.022
4285.94115 17.287 0.017
4292.88361 17.418 0.015
4295.87707 17.415 0.016
4296.90756 17.349 0.015
4297.93949 17.314 0.015
4299.87436 17.480 0.015
4300.89610 17.344 0.015
4301.91467 17.299 0.013
4302.93655 17.359 0.016
4306.93326 17.465 0.018
4307.84785 17.506 0.016
4308.67605 17.405 0.018
4308.88395 17.339 0.016
4310.85613 17.349 0.017
4311.85598 17.456 0.026
4312.91815 17.304 0.015
4314.93723 17.493 0.024
4316.84512 17.342 0.020
4320.87243 17.291 0.016
4326.85465 17.449 0.018
4327.83061 17.380 0.024
4328.84636 17.295 0.017
4329.84769 17.346 0.017
4330.87702 17.493 0.018
4332.89323 17.306 0.017
4334.87019 17.453 0.020
4338.92266 17.400 0.019
4340.79350 17.289 0.016
4341.78636 17.335 0.018
4342.86055 17.389 0.019
4343.77992 17.344 0.017
4344.76199 17.293 0.016
4346.71830 17.426 0.019
4348.72407 17.322 0.016
4350.70071 17.369 0.015
4352.80288 17.319 0.017
4353.65885 17.310 0.019
4354.78018 17.512 0.019
4357.76390 17.356 0.019
4359.71785 17.347 0.019
4362.66551 17.462 0.026
4363.62481 17.490 0.021
4365.68317 17.348 0.020
4369.67713 17.347 0.019
4371.66608 17.397 0.020
4376.66957 17.316 0.016
4378.63617 17.534 0.020
4379.66748 17.295 0.021
4381.62663 17.357 0.021
4382.70518 17.359 0.015
4386.67945 17.403 0.016
4388.68017 17.317 0.016
4390.68899 17.337 0.014
4393.68355 17.515 0.018
4396.65811 17.342 0.016
4398.66309 17.336 0.017
4400.68761 17.403 0.017
4404.66459 17.387 0.019
4407.65248 17.321 0.016
4410.68241 17.320 0.016
4415.66874 17.344 0.015
4418.61426 17.324 0.015
4421.67204 17.355 0.016
4423.67651 17.388 0.019
4426.55272 17.354 0.020
4428.56942 17.417 0.023
4430.62964 17.300 0.016
4432.61551 17.536 0.017
4434.62079 17.284 0.016
4436.59710 17.454 0.016
4438.65976 17.344 0.018
4440.59287 17.490 0.021
4442.55437 17.338 0.022
4444.57918 17.462 0.025
4450.61160 17.329 0.021
4452.58914 17.390 0.018
4454.52620 17.266 0.031
4455.59830 17.500 0.019
4457.53381 17.335 0.024
4459.55392 17.413 0.019
4462.58536 17.368 0.018
4466.60949 17.399 0.017
4471.54414 17.511 0.021
4475.53680 17.454 0.021
4480.57922 17.314 0.016
4482.58618 17.433 0.023
4485.58926 17.362 0.023
4488.59149 17.300 0.021
4609.91387 17.365 0.017
4643.89803 17.319 0.019
4650.93691 17.303 0.015
4655.91632 17.329 0.015
4662.79470 17.326 0.014
4662.91153 17.295 0.015
4663.76632 17.262 0.021
4663.91414 17.376 0.017
4665.83940 17.346 0.018
4665.93323 17.321 0.019
4666.92850 17.349 0.019
4666.93239 17.356 0.020
4670.92150 17.323 0.016
4671.89140 17.429 0.019
4673.87344 17.301 0.015
4674.80185 17.296 0.018
4674.86205 17.305 0.018
4676.92169 17.330 0.020
4677.83729 17.338 0.015
4682.81176 17.301 0.016
4684.84962 17.372 0.016
4686.80960 17.315 0.013
4688.82556 17.355 0.015
4690.75115 17.304 0.015
4691.75417 17.364 0.019
4693.90918 17.307 0.020
4696.88282 17.352 0.023
4697.82134 17.313 0.020
4698.77094 17.341 0.014
4699.76504 17.453 0.017
4700.79978 17.350 0.016
4701.80767 17.315 0.016
4703.76688 17.484 0.018
4704.78564 17.342 0.014
4705.79312 17.308 0.016
4707.78554 17.497 0.014
4709.74133 17.319 0.016
4710.76990 17.332 0.014
4715.74991 17.511 0.018
4716.77560 17.308 0.013
4717.70037 17.279 0.017
4719.78965 17.334 0.017
4721.78330 17.320 0.020
4724.66589 17.382 0.019
4725.74535 17.286 0.015
4728.75092 17.314 0.016
4733.72748 17.358 0.016
4740.66908 17.338 0.016
4741.70446 17.351 0.013
4747.60865 17.463 0.020
4749.60833 17.292 0.021
4753.67932 17.394 0.021
4755.67131 17.350 0.016
4757.65583 17.378 0.016
4759.67052 17.313 0.014
4761.63889 17.374 0.013
4763.65132 17.368 0.019
4767.59707 17.359 0.017
4770.66561 17.394 0.018
4772.60337 17.277 0.014
4774.55792 17.458 0.016
4776.54951 17.295 0.017
4777.65146 17.527 0.023
4780.52014 17.270 0.019
4781.61430 17.473 0.022
4783.58323 17.305 0.017
4785.61859 17.536 0.026
4787.57081 17.303 0.025
4789.54971 17.419 0.016
4791.53126 17.345 0.018
4793.53867 17.443 0.019
4795.55134 17.300 0.014
4797.54359 17.434 0.018
4798.60694 17.322 0.017
4800.65432 17.533 0.017
4803.54545 17.287 0.015
4804.60055 17.448 0.022
4805.58740 17.416 0.016
4807.52518 17.205 0.026
4809.55453 17.488 0.018
4811.57643 17.292 0.016
4813.55337 17.366 0.022
4815.58928 17.360 0.020
4816.53637 17.427 0.017
4818.58665 17.285 0.016
4820.52814 17.433 0.026
4822.58489 17.320 0.015
4824.56971 17.539 0.023
4826.61935 17.314 0.016
4833.56875 17.348 0.015
4835.59200 17.515 0.023
4837.60295 17.290 0.021
4841.57929 17.309 0.018
4843.57354 17.448 0.021
4846.58263 17.399 0.016
4848.61887 17.318 0.015
4850.60635 17.473 0.020
4854.59759 17.498 0.019
4856.61483 17.320 0.015
4862.56274 17.488 0.016
4868.55309 17.334 0.017
