2086.93259 19.291 0.093
2104.86474 19.334 0.068
2106.92466 19.229 0.080
2113.84509 19.300 0.094
2114.85938 19.389 0.103
2115.92323 19.448 0.097
2116.90570 19.249 0.080
2117.91138 19.261 0.074
2122.84394 19.228 0.119
2123.85559 19.339 0.081
2124.91287 19.503 0.129
2128.86338 19.123 0.096
2129.89111 19.376 0.086
2130.83996 19.408 0.094
2131.83349 19.754 0.136
2132.83967 19.472 0.093
2133.92826 19.650 0.158
2134.84463 19.364 0.119
2135.87980 19.411 0.081
2137.92254 19.351 0.105
2140.84889 19.377 0.106
2142.89473 19.481 0.109
2143.85548 19.614 0.096
2144.82025 19.374 0.058
2156.85887 19.513 0.097
2160.78859 19.298 0.076
2162.79516 19.494 0.072
2165.77897 19.473 0.105
2166.78994 19.300 0.068
2167.76071 19.437 0.078
2168.74725 19.279 0.071
2171.77329 19.336 0.072
2172.77988 19.497 0.079
2173.74200 19.368 0.076
2177.67358 19.380 0.095
2184.73505 19.689 0.153
2185.69848 19.704 0.154
2186.72339 19.127 0.096
2187.68104 19.336 0.107
2189.72514 19.419 0.136
2190.72505 19.543 0.096
2191.66060 19.480 0.081
2192.69417 19.574 0.063
2193.71519 19.521 0.065
2194.68640 19.373 0.065
2200.69889 19.494 0.086
2201.75254 19.411 0.068
2206.63838 19.311 0.099
2211.67702 19.388 0.085
2212.67609 19.590 0.122
2213.68707 19.387 0.098
2214.67343 19.561 0.138
2215.68873 19.549 0.106
2217.66637 19.332 0.097
2219.70955 19.295 0.077
2222.75876 19.367 0.103
2223.69851 19.443 0.084
2225.62803 19.277 0.070
2226.67437 19.312 0.095
2228.58978 19.312 0.079
2230.52709 19.353 0.107
2232.54082 19.459 0.092
2234.58290 19.418 0.086
2236.57237 19.387 0.086
2238.57778 19.533 0.102
2241.56458 19.586 0.101
2243.60284 19.551 0.098
2248.64727 19.221 0.062
2250.62542 19.257 0.067
2253.60431 19.417 0.092
2256.58342 19.301 0.086
2258.62387 19.310 0.059
2263.61514 19.394 0.096
2265.64114 19.681 0.092
2270.59931 19.237 0.067
2272.59738 19.323 0.081
2274.58121 19.514 0.115
2276.54874 19.745 0.162
2280.56131 19.417 0.116
2285.59976 19.530 0.088
2289.59666 19.393 0.070
2291.59738 19.237 0.059
2293.59810 19.321 0.085
2295.59443 19.534 0.102
2297.59758 19.534 0.095
2299.59407 19.361 0.093
2301.58673 19.372 0.110
2466.87056 19.595 0.128
2467.93449 19.392 0.089
2469.93375 19.295 0.057
2471.92330 19.272 0.065
2472.91339 19.188 0.058
2481.89882 19.211 0.086
2483.92245 19.359 0.061
2486.92265 19.665 0.137
2490.80016 19.349 0.114
2492.93689 19.243 0.097
2495.93209 19.610 0.097
2496.93669 19.551 0.097
2498.80798 19.423 0.075
2499.89293 19.458 0.077
2500.90138 19.282 0.071
2501.88811 19.154 0.056
2502.86827 19.418 0.104
2508.77888 19.522 0.169
2516.81034 19.471 0.097
2517.85712 19.519 0.096
2518.82949 19.326 0.084
2519.82770 19.247 0.063
2520.82587 19.362 0.081
2521.81905 19.216 0.057
2524.81756 19.275 0.075
2526.81136 19.503 0.059
2529.80761 19.292 0.066
2534.86827 19.420 0.103
2535.80586 19.289 0.076
2537.73596 19.577 0.128
2538.83588 19.641 0.125
2539.73303 19.279 0.072
2540.77668 19.412 0.105
2541.74494 19.280 0.063
2542.71473 19.252 0.065
2544.69585 19.360 0.066
2545.70821 19.463 0.072
2547.72620 19.466 0.077
2548.74530 19.301 0.072
2550.74059 19.216 0.061
2551.72714 19.277 0.063
2552.74312 19.238 0.061
2553.68388 19.403 0.096
2554.73626 19.372 0.066
2555.74415 19.565 0.081
2556.72325 19.428 0.070
2557.73576 19.658 0.075
2558.69224 19.299 0.069
2559.64922 19.460 0.095
2560.68223 19.294 0.061
2561.72785 19.286 0.094
2562.70057 19.384 0.079
2563.70853 19.239 0.071
2564.72493 19.432 0.094
2565.71972 19.470 0.088
2566.69468 19.369 0.084
2568.76375 19.540 0.123
2571.68141 19.443 0.080
2573.69366 19.716 0.130
2574.67361 19.342 0.061
2576.70835 19.407 0.083
2578.66093 19.392 0.087
2579.67145 19.373 0.094
2580.67953 19.283 0.070
2583.65159 19.382 0.090
2584.65805 19.464 0.087
2586.65925 19.222 0.071
2587.64225 19.492 0.089
2589.63311 19.404 0.080
2590.64989 19.366 0.075
2591.67606 19.395 0.088
2593.63931 19.183 0.069
2594.64535 19.424 0.096
2596.61898 19.461 0.103
2597.60617 19.487 0.145
2598.68636 19.480 0.109
2599.64043 19.468 0.109
2607.66051 19.535 0.097
2610.58184 19.327 0.092
2613.57559 19.233 0.081
2615.60601 19.346 0.076
2619.59049 19.501 0.093
2621.59966 19.295 0.078
2625.58221 19.329 0.106
2627.55291 19.429 0.133
2630.56642 19.444 0.113
2635.58013 19.294 0.060
2640.54533 19.485 0.089
2642.58509 19.397 0.092
2646.59643 19.261 0.074
2651.57139 19.480 0.121
2654.59860 19.310 0.090
2661.55661 19.297 0.052
2664.58752 19.291 0.101
2667.55734 19.383 0.086
2668.57348 19.266 0.103
2672.56547 19.375 0.099
2676.55610 19.411 0.078
2683.54960 19.480 0.123
2777.93635 19.362 0.132
2804.86491 19.360 0.141
2805.88219 19.177 0.116
2811.93733 19.321 0.096
2815.91101 19.310 0.066
2818.91874 19.571 0.086
2825.94289 19.275 0.102
2831.84832 19.352 0.101
2833.89837 19.430 0.128
2834.94896 19.313 0.107
2836.90732 19.275 0.115
2838.85038 19.725 0.149
2840.85803 19.570 0.095
2843.86374 19.346 0.063
2844.90510 19.302 0.071
2845.95215 19.513 0.298
2849.88866 19.515 0.095
2850.92140 19.523 0.097
2852.85002 19.544 0.124
2854.86138 19.355 0.101
2857.86875 19.398 0.084
2858.94236 19.573 0.144
2860.90837 19.639 0.077
2861.77981 19.465 0.070
2863.86786 19.511 0.156
2865.82756 19.202 0.063
2867.81699 19.293 0.067
2868.82059 19.410 0.071
2869.80711 19.444 0.079
2870.84865 19.609 0.085
2871.89172 19.674 0.098
2876.80887 19.298 0.059
2879.73539 19.503 0.062
2883.85859 19.333 0.061
2885.79927 19.281 0.045
2890.72482 19.725 0.159
2893.77629 19.226 0.065
2895.82548 19.312 0.067
2897.72902 19.303 0.080
2899.76664 19.464 0.063
2908.71172 19.357 0.074
2910.70661 19.490 0.084
2912.71191 19.344 0.061
2916.72467 19.335 0.052
2918.70159 19.512 0.090
2922.70154 19.469 0.105
2924.64250 19.358 0.065
2926.63654 19.478 0.094
2929.69774 19.337 0.081
2931.67368 19.704 0.084
2933.68411 19.458 0.057
2935.64844 19.189 0.076
2937.67405 19.266 0.087
2939.68949 19.488 0.084
2940.66668 19.499 0.059
2941.64190 19.582 0.062
2942.66673 19.514 0.089
2943.63808 19.448 0.084
2944.62242 19.276 0.080
2946.61720 19.328 0.079
2947.64881 19.404 0.088
2949.62981 19.561 0.093
2950.58133 19.453 0.089
2951.66197 19.720 0.118
2953.60988 19.395 0.085
2955.59493 19.403 0.121
2957.60857 19.289 0.059
2960.62772 19.282 0.076
2962.66287 19.623 0.104
2965.66552 19.354 0.077
2968.62782 19.264 0.085
2970.64666 19.434 0.084
2972.65129 19.612 0.102
2975.55932 19.274 0.071
2977.65512 19.407 0.106
2979.59502 19.303 0.088
2983.57581 19.358 0.094
2986.59238 19.421 0.074
2988.56436 19.424 0.078
2991.59800 19.458 0.084
2994.57904 19.470 0.078
2997.59163 19.433 0.072
3000.58413 19.411 0.076
3003.56561 19.565 0.093
3006.55291 19.389 0.076
3009.54818 19.422 0.102
3013.55054 19.604 0.097
3015.58579 19.399 0.075
3018.56289 19.317 0.096
3020.59862 19.368 0.070
3022.55225 19.574 0.120
3024.55130 19.682 0.128
3025.61086 19.462 0.088
3027.63638 19.414 0.078
3029.60803 19.345 0.085
3031.61283 19.414 0.076
3034.54306 19.632 0.079
3179.92455 19.304 0.061
3183.94427 19.663 0.153
3193.91217 19.543 0.083
3196.88427 19.323 0.077
3197.94670 19.535 0.151
3202.87216 19.478 0.079
3203.91666 19.519 0.057
3206.85007 19.437 0.080
3210.92609 19.257 0.068
3211.88067 19.330 0.067
3215.81587 19.574 0.146
3216.76174 19.373 0.114
3217.81171 19.256 0.094
3223.86787 19.491 0.092
3228.78656 19.251 0.080
3229.86838 19.213 0.052
3231.84991 19.581 0.146
3238.78678 19.228 0.067
3239.83032 19.353 0.076
3240.82304 19.410 0.086
3241.80649 19.593 0.085
3243.88313 19.399 0.092
3244.86170 19.435 0.095
3245.80945 19.357 0.098
3246.80219 19.281 0.076
3247.81055 19.275 0.074
3249.76087 19.335 0.085
3251.77445 19.347 0.053
3254.76217 19.753 0.076
3257.78648 19.396 0.051
3259.69916 19.357 0.063
3261.73524 19.386 0.059
3263.73244 19.537 0.057
3265.75380 19.684 0.083
3267.74059 19.379 0.061
3271.69692 19.459 0.090
3273.65522 19.622 0.127
3275.65009 19.576 0.129
3276.74451 19.384 0.137
3277.78316 19.405 0.090
3279.71475 19.328 0.063
3281.67335 19.392 0.062
3283.67503 19.462 0.054
3287.64117 19.237 0.054
3289.65611 19.287 0.053
3291.59421 19.546 0.106
3293.62973 19.529 0.079
3295.64763 19.401 0.050
3298.58550 19.405 0.068
3300.58778 19.403 0.094
3302.56475 19.407 0.087
3305.66484 19.698 0.098
3307.57710 19.378 0.110
3309.60215 19.275 0.065
3311.55772 19.304 0.074
3314.59673 19.527 0.119
3320.63453 19.272 0.061
3323.58193 19.227 0.059
3327.58948 19.522 0.072
3330.58497 19.517 0.101
3335.62893 19.524 0.111
3338.57463 19.302 0.072
3353.60752 19.350 0.061
3359.58941 19.334 0.063
3363.59140 19.364 0.086
3367.65102 19.536 0.104
3372.58447 19.256 0.063
3376.56064 19.457 0.076
3380.54703 19.399 0.095
3386.59393 19.512 0.060
3395.54174 19.794 0.164
3402.58667 19.370 0.071
3543.90020 19.384 0.103
3551.92375 19.264 0.070
3558.90730 19.491 0.065
3562.89438 19.282 0.053
3568.88551 19.568 0.077
3570.84660 19.217 0.090
3571.83753 19.314 0.103
3573.88320 19.195 0.098
3575.83897 19.421 0.075
3577.89536 19.449 0.096
3578.93141 19.743 0.084
3579.83644 19.341 0.054
3581.90552 19.297 0.072
3582.86181 19.388 0.068
3583.87205 19.501 0.079
3584.84230 19.357 0.076
3585.89319 19.371 0.051
3586.84532 19.528 0.054
3588.86361 19.677 0.096
3590.81968 19.277 0.050
3592.78444 19.309 0.048
3594.82390 19.258 0.059
3600.90970 19.412 0.118
3602.76825 19.283 0.086
3607.85209 19.270 0.052
3614.82431 19.260 0.043
3617.80806 19.455 0.059
3619.78617 19.442 0.054
3621.77867 19.373 0.062
3630.65747 19.323 0.102
3632.65477 19.335 0.093
3634.72766 19.320 0.063
3637.68648 19.632 0.092
3639.73642 19.561 0.056
3641.73319 19.444 0.081
3643.83164 19.305 0.084
3644.77229 19.448 0.052
3646.70337 19.452 0.075
3650.72455 19.514 0.076
3652.65968 19.396 0.059
3654.63800 19.324 0.061
3656.66167 19.372 0.062
3657.71941 19.355 0.068
3658.69670 19.426 0.086
3659.67703 19.666 0.123
3661.62571 19.319 0.098
3663.64864 19.270 0.080
3665.68098 19.355 0.067
3668.63010 19.563 0.087
3670.61094 19.564 0.121
3672.62030 19.442 0.075
3674.67913 19.389 0.060
3676.61956 19.269 0.062
3682.59624 19.443 0.098
3684.60962 19.296 0.059
3686.57904 19.434 0.077
3688.55212 19.597 0.096
3690.55803 19.426 0.092
3692.61058 19.362 0.077
3694.59712 19.332 0.067
3696.59325 19.333 0.058
3698.63185 19.498 0.119
3700.63703 19.588 0.095
3702.62792 19.360 0.066
3704.62844 19.214 0.058
3706.64330 19.459 0.063
3708.62474 19.225 0.070
3712.58124 19.404 0.067
3714.58392 19.301 0.065
3718.56738 19.503 0.089
3721.59955 19.457 0.115
3725.62846 19.198 0.056
3730.55267 19.590 0.062
3734.62336 19.367 0.061
3738.57539 19.359 0.092
3742.57257 19.602 0.116
3747.57331 19.211 0.084
3762.55906 19.675 0.144
3766.56431 19.198 0.052
3772.59110 19.629 0.081
3777.53839 19.271 0.094
3871.91041 19.220 0.102
3902.93077 19.516 0.097
3907.92558 19.355 0.075
3913.95118 19.581 0.142
3918.92098 19.353 0.059
3932.87215 19.491 0.087
3934.89054 19.351 0.060
3936.89881 19.343 0.067
3938.88293 19.407 0.079
3945.88981 19.427 0.058
3950.83466 19.464 0.068
3957.79020 19.358 0.101
3959.78180 19.353 0.077
3961.77381 19.360 0.096
3964.78205 19.277 0.043
3966.77429 19.335 0.057
3968.76801 19.343 0.058
3970.75965 19.360 0.048
3973.72898 19.443 0.078
3975.74123 19.391 0.068
3980.67650 19.762 0.125
3981.67626 19.331 0.060
3982.74059 19.578 0.127
3986.71393 19.313 0.079
3991.74315 19.541 0.085
3994.65553 19.477 0.088
3998.68597 19.257 0.079
4001.65674 19.593 0.067
4003.62820 19.370 0.060
4004.70796 19.387 0.062
4005.70217 19.279 0.050
4007.59542 19.374 0.077
4008.60429 19.222 0.048
4011.65478 19.539 0.085
4014.63718 19.184 0.085
4016.63397 19.357 0.070
4018.63043 19.404 0.074
4020.63385 19.397 0.096
4023.61974 19.572 0.106
4025.62008 19.456 0.084
4027.60819 19.313 0.065
4029.59049 19.237 0.057
4031.57758 19.435 0.068
4033.67183 19.470 0.079
4038.56700 19.418 0.086
4040.54725 19.312 0.092
4042.57517 19.493 0.093
4046.63128 19.340 0.105
4049.54314 19.365 0.063
4051.59278 19.563 0.083
4053.64019 19.638 0.072
4055.53285 19.770 0.137
4057.60819 19.394 0.112
4059.60662 19.205 0.058
4063.55339 19.651 0.093
4065.60374 19.572 0.075
4067.59457 19.236 0.059
4069.54743 19.188 0.068
4071.55824 19.551 0.093
4074.55436 19.782 0.113
4077.55607 19.405 0.070
4079.55628 19.500 0.088
4082.55758 19.379 0.066
4085.63490 19.515 0.094
4092.59037 19.320 0.050
4097.63291 19.301 0.077
4100.62437 19.354 0.075
4105.58841 19.647 0.098
4111.62478 19.512 0.071
4115.54425 19.746 0.111
4120.57518 19.317 0.081
4124.59221 19.466 0.074
4128.61057 19.516 0.081
4253.88230 19.471 0.151
4255.87829 19.403 0.109
4268.93635 19.373 0.074
4275.95128 19.713 0.168
4279.84813 19.393 0.114
4282.83953 19.371 0.087
4283.85859 19.440 0.111
4284.88903 19.519 0.102
4289.86363 19.315 0.069
4292.89692 19.365 0.061
4295.89039 19.648 0.093
4296.92087 19.591 0.067
4298.84414 19.416 0.072
4299.88766 19.285 0.053
4300.90941 19.196 0.057
4301.92796 19.279 0.049
4302.94985 19.689 0.190
4307.86117 19.362 0.057
4308.68938 19.231 0.071
4308.89728 19.334 0.066
4310.86944 19.315 0.081
4311.86935 19.268 0.122
4312.93146 19.463 0.074
4316.85847 19.648 0.099
4320.88580 19.334 0.077
4326.86803 19.629 0.112
4327.89059 19.795 0.169
4328.86060 19.394 0.086
4329.86103 19.402 0.085
4330.89126 19.438 0.075
4332.90745 19.295 0.077
4334.88447 19.446 0.110
4339.88108 19.189 0.090
4340.80776 19.267 0.078
4341.80059 19.380 0.094
4342.87485 19.392 0.084
4343.79423 19.385 0.079
4344.77629 19.361 0.074
4346.73251 19.439 0.070
4348.73836 19.485 0.074
4350.71502 19.336 0.056
4353.67316 19.442 0.088
4354.79454 19.393 0.072
4357.77818 19.643 0.120
4359.73214 19.319 0.085
4362.67981 19.415 0.104
4363.63910 19.347 0.068
4365.69746 19.555 0.133
4369.69140 19.269 0.088
4371.68040 19.348 0.093
4376.68386 19.664 0.098
4378.65051 19.493 0.086
4379.68178 19.240 0.076
4381.64094 19.254 0.083
4382.71949 19.350 0.067
4386.69374 19.467 0.070
4388.69449 19.520 0.084
4390.70333 19.334 0.063
4393.69783 19.169 0.054
4396.67240 19.503 0.093
4398.67739 19.623 0.122
4400.70189 19.373 0.080
4404.67890 19.428 0.093
4407.66679 19.493 0.099
4410.69669 19.466 0.084
4415.68302 19.441 0.079
4418.62856 19.696 0.088
4421.68637 19.379 0.070
4423.69081 19.272 0.075
4426.56702 19.535 0.109
4428.58369 19.428 0.118
4430.64385 19.350 0.096
4432.62978 19.216 0.066
4434.63503 19.370 0.077
4436.61135 19.345 0.076
4438.67401 19.446 0.087
4440.60710 19.301 0.086
4442.56866 19.453 0.122
4444.59341 19.492 0.131
4450.62586 19.518 0.123
4452.60335 19.332 0.097
4454.54039 19.240 0.092
4455.61251 19.252 0.079
4457.54805 19.543 0.125
4459.56813 19.559 0.125
4462.59956 19.466 0.090
4466.62369 19.350 0.086
4471.55836 19.307 0.075
4475.56187 19.415 0.079
4480.59342 19.481 0.089
4482.60036 19.505 0.139
4485.61024 19.384 0.114
4488.60568 19.598 0.141
4609.92795 19.334 0.090
4643.91219 19.394 0.085
4650.95105 19.470 0.142
4655.93052 19.332 0.063
4662.80890 19.282 0.061
4662.92573 19.379 0.066
4663.78052 19.331 0.084
4663.92835 19.336 0.095
4665.85363 19.426 0.107
4665.94745 19.268 0.110
4666.94658 19.097 0.098
4670.93573 19.651 0.093
4671.90563 19.396 0.084
4676.93592 19.247 0.101
4677.85155 19.397 0.057
4682.82597 19.495 0.081
4684.86388 19.213 0.069
4686.82383 19.294 0.048
4688.83981 19.413 0.060
4690.76542 19.589 0.072
4691.76848 19.492 0.090
4693.92343 19.337 0.130
4696.92018 19.432 0.145
4697.83560 19.371 0.122
4698.78520 19.364 0.044
4699.77934 19.743 0.109
4700.81404 19.557 0.072
4701.82193 19.442 0.081
4703.78115 19.345 0.070
4704.79990 19.376 0.057
4705.80741 19.466 0.088
4707.79983 19.333 0.059
4709.75565 19.412 0.067
4710.78418 19.678 0.093
4715.76417 19.403 0.083
4716.84742 19.320 0.058
4717.71734 19.448 0.072
4719.80475 19.326 0.078
4721.79766 19.567 0.094
4724.68016 19.366 0.093
4725.75968 19.449 0.079
4728.76521 19.387 0.069
4733.74180 19.473 0.070
4740.68338 19.545 0.090
4741.71874 19.743 0.074
4747.66412 19.309 0.066
4749.62266 19.409 0.105
4753.69362 19.296 0.118
4755.68563 19.240 0.068
4757.67012 19.472 0.076
4759.68480 19.446 0.058
4761.65322 19.547 0.057
4763.67044 19.612 0.107
4767.61133 19.365 0.077
4770.67993 19.639 0.142
4772.61765 19.478 0.070
4774.57224 19.426 0.071
4776.56380 19.269 0.074
4777.66575 19.403 0.077
4780.53443 19.237 0.080
4781.64838 19.533 0.097
4783.59750 19.261 0.081
4785.63292 19.542 0.136
4787.58506 19.589 0.174
4789.56399 19.377 0.067
4791.54555 19.572 0.109
4793.55294 19.424 0.086
4795.56562 19.387 0.066
4797.55788 19.393 0.085
4798.62119 19.281 0.075
4800.66859 19.385 0.075
4803.55969 19.471 0.077
4804.61480 19.264 0.095
4805.60161 19.294 0.067
4807.53947 19.613 0.147
4809.56880 19.418 0.088
4811.59068 19.467 0.098
4813.56763 19.251 0.085
4815.60354 19.283 0.090
4816.55059 19.321 0.070
4818.60087 19.374 0.086
4820.54239 19.678 0.138
4822.59907 19.466 0.075
4824.58388 19.344 0.086
4826.64355 19.297 0.066
4833.58296 19.306 0.067
4835.60621 19.314 0.085
4837.61711 19.136 0.083
4841.59353 19.380 0.107
4843.58772 19.573 0.141
4846.59681 19.443 0.092
4848.63304 19.559 0.081
4850.62052 19.426 0.088
4854.61191 19.768 0.099
4856.62899 19.491 0.079
4868.56724 19.178 0.065
