2104.88015 18.930 0.050
2112.92050 18.916 0.054
2115.89654 18.757 0.056
2116.92441 18.835 0.052
2117.88280 18.897 0.053
2122.86443 18.731 0.065
2124.93287 18.762 0.081
2128.87832 18.817 0.069
2130.81712 18.775 0.050
2131.81013 18.809 0.053
2132.85489 18.896 0.061
2133.86739 18.809 0.068
2134.86050 18.898 0.069
2135.89742 18.814 0.046
2136.90121 18.761 0.064
2140.86393 18.895 0.062
2141.77415 18.841 0.068
2142.87404 18.835 0.073
2143.88310 18.919 0.071
2144.79872 18.831 0.042
2156.72451 18.821 0.067
2160.80374 18.738 0.050
2162.81406 18.904 0.045
2166.80491 18.863 0.047
2167.73814 18.861 0.046
2168.76273 18.863 0.051
2172.80103 18.835 0.061
2173.75706 18.795 0.041
2174.74079 18.836 0.039
2177.68892 18.987 0.072
2184.75021 18.791 0.068
2186.73851 18.712 0.071
2187.65851 18.933 0.087
2189.74013 18.893 0.076
2190.74023 18.825 0.053
2191.64436 18.946 0.052
2192.70825 18.886 0.035
2193.73545 18.797 0.036
2194.70029 18.868 0.058
2200.71467 18.814 0.050
2203.60292 18.881 0.055
2206.65263 18.919 0.068
2208.69672 18.775 0.055
2211.70464 18.840 0.054
2212.69125 18.823 0.065
2214.69127 18.875 0.076
2215.72725 18.853 0.071
2217.68642 19.019 0.077
2219.72340 18.829 0.072
2222.77270 18.806 0.074
2223.67776 18.705 0.060
2228.60369 18.801 0.050
2230.54177 18.747 0.061
2232.55478 18.883 0.053
2234.59680 18.848 0.051
2236.58602 18.777 0.047
2239.53357 18.871 0.064
2241.57835 18.800 0.046
2243.61670 19.115 0.070
2249.57288 18.821 0.041
2251.62684 18.860 0.054
2254.58061 18.756 0.051
2256.59795 19.024 0.089
2259.61878 18.878 0.067
2262.62526 18.753 0.059
2264.61320 18.900 0.055
2266.61713 18.894 0.072
2273.59129 18.804 0.069
2276.58597 18.863 0.068
2280.57988 18.898 0.064
2285.57584 18.922 0.047
2289.61168 18.837 0.047
2291.61693 18.921 0.045
2293.61336 18.861 0.051
2295.61006 18.865 0.058
2297.61462 18.874 0.055
2299.60926 18.972 0.071
2301.60080 18.880 0.074
2453.88795 18.950 0.088
2460.93465 18.951 0.089
2464.89199 18.830 0.047
2466.88549 18.892 0.071
2468.87974 18.891 0.054
2470.87073 18.884 0.049
2472.89082 19.014 0.056
2481.87633 18.860 0.095
2483.93777 18.811 0.050
2486.93850 18.892 0.074
2489.82052 18.855 0.058
2490.81676 18.838 0.098
2496.80048 18.800 0.044
2497.82277 18.894 0.092
2498.82307 18.842 0.050
2499.90810 18.846 0.044
2500.91648 18.891 0.083
2501.91118 18.820 0.049
2502.88328 18.829 0.059
2508.79388 18.845 0.097
2516.82627 18.900 0.065
2517.87328 18.833 0.054
2518.84754 19.170 0.071
2519.79884 18.820 0.042
2520.84100 18.834 0.047
2521.79160 18.839 0.050
2524.79451 18.879 0.062
2526.82647 18.843 0.035
2529.78500 18.885 0.045
2535.74461 18.860 0.064
2537.75111 18.860 0.081
2538.85159 18.775 0.063
2539.74700 18.871 0.055
2540.79179 18.782 0.076
2541.75901 18.794 0.046
2542.72867 18.829 0.046
2544.71085 19.284 0.068
2545.72215 18.803 0.045
2547.74029 18.779 0.047
2548.76046 18.786 0.053
2550.75560 18.784 0.042
2551.74273 18.837 0.050
2552.75810 18.868 0.045
2553.69890 18.835 0.064
2554.75125 18.757 0.043
2555.75922 18.843 0.050
2556.73845 18.871 0.044
2557.75078 19.003 0.051
2558.70733 18.877 0.046
2559.66429 18.853 0.051
2560.69739 18.813 0.044
2561.74295 19.031 0.080
2562.71559 18.949 0.062
2563.72363 18.827 0.051
2564.74001 18.832 0.058
2565.73491 18.796 0.051
2566.71390 18.841 0.061
2572.76963 18.875 0.072
2573.70779 18.705 0.062
2574.68749 18.823 0.046
2576.73195 18.885 0.054
2577.69019 18.870 0.060
2578.67524 18.752 0.062
2579.68541 18.810 0.059
2580.69368 18.808 0.047
2583.66992 18.855 0.063
2584.67222 18.860 0.054
2587.65751 18.802 0.055
2588.66941 18.822 0.052
2589.66249 18.857 0.054
2590.67036 18.835 0.059
2591.69812 18.837 0.053
2593.65493 18.785 0.058
2594.66146 18.843 0.063
2596.63413 18.790 0.062
2597.62298 18.943 0.095
2598.70168 18.881 0.064
2599.66221 18.942 0.081
2608.56289 18.777 0.062
2610.59948 18.834 0.061
2613.59088 18.868 0.080
2615.62649 18.958 0.072
2620.59687 18.779 0.051
2622.54465 18.829 0.050
2625.59803 19.059 0.106
2629.53785 18.875 0.069
2632.57591 18.831 0.049
2636.57235 18.886 0.061
2639.57162 18.841 0.050
2643.54459 18.796 0.052
2649.55003 18.822 0.056
2651.58786 19.020 0.085
2655.54767 18.792 0.069
2658.55950 18.887 0.091
2661.57617 18.820 0.040
2665.53905 18.855 0.063
2669.56520 18.743 0.052
2674.54997 18.891 0.062
2676.57011 18.915 0.052
2677.53331 18.904 0.090
2680.54056 18.913 0.082
2683.56478 18.908 0.090
2804.84270 18.728 0.085
2805.89912 18.888 0.110
2811.95213 19.027 0.155
2815.92597 18.829 0.053
2818.93855 18.823 0.047
2829.87262 18.828 0.054
2831.86515 18.833 0.059
2832.81614 18.971 0.067
2833.91475 18.887 0.070
2835.90349 18.798 0.052
2837.90922 18.909 0.100
2840.89262 18.820 0.051
2843.87863 18.841 0.042
2844.91992 18.766 0.045
2848.82660 18.869 0.083
2849.90464 18.779 0.047
2850.93618 18.791 0.059
2852.86483 18.789 0.065
2854.87617 18.828 0.052
2857.88348 18.866 0.061
2859.87077 18.889 0.046
2860.92313 18.846 0.044
2865.80530 18.788 0.059
2867.79478 18.842 0.046
2872.78757 18.801 0.041
2877.85314 18.844 0.044
2879.81793 18.793 0.039
2884.76798 18.821 0.040
2886.78076 18.880 0.054
2890.73969 19.060 0.098
2893.79129 18.777 0.055
2897.74972 18.899 0.061
2899.78203 18.805 0.037
2908.72650 18.777 0.044
2910.72139 18.850 0.050
2912.72731 18.775 0.041
2916.73996 18.801 0.036
2918.71701 18.847 0.053
2922.71660 18.783 0.061
2924.71588 18.846 0.050
2926.65153 19.183 0.081
2929.71289 18.846 0.055
2931.68882 18.790 0.040
2935.66390 18.867 0.061
2937.68902 18.889 0.058
2939.66722 19.217 0.073
2940.68149 18.857 0.040
2941.65720 18.818 0.039
2942.68480 18.876 0.053
2943.65353 18.795 0.047
2944.63726 18.854 0.071
2946.63586 18.842 0.051
2947.66383 18.783 0.060
2949.64469 18.809 0.046
2950.59619 18.763 0.045
2951.67708 18.828 0.060
2953.62491 18.757 0.053
2955.60987 18.771 0.076
2957.62355 18.770 0.040
2960.64371 18.837 0.058
2965.68043 18.873 0.049
2968.64295 18.820 0.060
2971.65073 18.838 0.053
2973.63924 18.832 0.056
2975.53604 18.797 0.053
2977.63169 18.910 0.079
2979.61197 18.856 0.071
2982.56656 18.744 0.056
2986.60784 18.821 0.049
2988.58030 18.836 0.049
2990.59915 18.888 0.055
2993.60193 18.813 0.041
2997.54793 18.822 0.050
3000.60514 18.813 0.047
3003.58064 18.797 0.062
3006.57024 18.848 0.043
3009.56358 18.809 0.061
3013.57023 18.847 0.061
3017.56465 18.817 0.050
3020.53981 18.980 0.056
3022.56724 18.886 0.063
3024.56644 18.799 0.053
3026.53648 18.964 0.068
3028.53739 19.036 0.080
3030.54048 18.895 0.054
3032.55843 18.834 0.060
3034.55795 18.791 0.041
3038.54878 18.959 0.071
3179.94009 18.860 0.044
3184.90394 18.704 0.053
3193.92701 18.886 0.047
3196.89901 18.787 0.046
3202.89156 18.876 0.052
3203.93144 18.819 0.036
3206.87433 18.809 0.052
3210.94082 18.813 0.044
3211.85695 18.901 0.061
3216.77663 18.748 0.064
3217.82652 18.733 0.063
3224.82348 18.819 0.041
3228.80135 18.853 0.073
3230.77484 18.808 0.052
3238.80595 18.806 0.052
3239.84507 18.734 0.042
3240.84224 18.802 0.070
3241.78420 18.834 0.049
3242.77484 18.748 0.058
3243.89800 19.048 0.068
3244.87669 18.717 0.063
3245.82419 18.877 0.054
3246.82106 18.905 0.062
3247.82528 18.867 0.052
3249.77873 18.782 0.055
3251.79130 18.886 0.040
3254.77742 18.845 0.039
3257.80449 18.815 0.036
3261.75039 18.840 0.042
3263.74738 18.859 0.035
3265.77500 18.849 0.054
3267.75544 18.688 0.042
3270.70913 18.792 0.050
3271.71183 18.871 0.053
3273.67034 18.929 0.073
3275.66513 18.934 0.077
3276.75916 18.857 0.068
3277.79803 18.865 0.052
3279.72955 18.803 0.046
3281.69535 18.836 0.041
3283.68978 18.789 0.033
3287.65607 18.972 0.080
3289.67090 18.870 0.044
3291.60927 18.752 0.047
3294.62585 18.957 0.055
3296.59218 18.830 0.051
3300.60260 18.912 0.059
3302.58362 18.876 0.062
3305.67963 18.743 0.049
3307.59618 18.681 0.061
3309.61692 18.753 0.043
3311.57244 18.723 0.042
3314.61610 18.870 0.064
3320.64939 18.856 0.044
3323.60180 18.784 0.043
3327.62986 18.870 0.052
3330.60116 18.882 0.062
3335.64575 18.925 0.094
3338.55259 18.744 0.052
3350.56392 18.902 0.047
3357.60213 18.840 0.058
3361.60041 18.953 0.058
3363.60672 18.891 0.071
3369.58365 18.848 0.045
3372.59961 18.867 0.046
3376.57564 18.976 0.058
3380.56197 18.781 0.055
3386.60882 18.844 0.042
3395.56081 19.137 0.095
3399.58462 18.935 0.071
3402.60155 19.045 0.062
3543.91768 18.796 0.059
3551.94034 19.095 0.124
3558.92226 18.769 0.053
3562.91301 18.957 0.041
3568.90457 18.871 0.049
3570.86619 18.891 0.068
3571.85269 18.914 0.078
3573.89807 18.886 0.114
3575.85790 18.889 0.049
3577.91446 18.760 0.046
3579.85536 18.729 0.041
3581.92430 18.850 0.054
3582.87668 18.785 0.053
3583.89577 19.069 0.052
3584.86832 18.723 0.051
3585.85657 18.827 0.030
3586.88604 18.847 0.030
3588.88421 18.965 0.055
3590.84281 18.841 0.040
3592.80312 18.815 0.033
3594.84391 18.842 0.039
3600.93294 18.953 0.082
3603.75602 18.833 0.050
3608.81265 18.980 0.062
3614.84444 18.880 0.040
3615.84927 18.840 0.046
3618.82891 18.840 0.044
3620.85538 18.760 0.037
3622.80940 19.128 0.064
3625.75535 18.819 0.040
3628.77691 18.921 0.063
3630.69236 18.886 0.061
3632.66953 18.975 0.094
3634.70451 18.853 0.045
3637.70529 18.902 0.053
3640.67160 18.769 0.033
3644.70610 18.761 0.033
3646.72366 18.877 0.056
3650.73940 18.886 0.041
3652.68087 18.838 0.037
3654.65664 18.893 0.043
3656.70987 18.842 0.042
3657.73801 18.873 0.051
3658.71155 18.811 0.052
3659.69593 18.854 0.062
3660.70158 18.830 0.056
3663.69235 18.844 0.055
3665.72062 18.931 0.063
3668.64917 18.868 0.047
3668.67173 18.833 0.044
3670.66036 18.635 0.050
3672.59307 18.932 0.067
3674.75237 18.878 0.047
3676.63864 18.784 0.042
3682.61528 18.781 0.052
3684.63261 18.797 0.043
3686.59829 18.882 0.051
3688.57126 18.815 0.047
3690.58498 18.730 0.053
3693.58210 18.968 0.064
3695.57768 18.798 0.046
3698.55910 18.824 0.105
3701.60180 18.904 0.055
3703.61243 19.110 0.046
3705.58462 18.856 0.035
3707.58509 18.811 0.047
3712.60004 18.835 0.047
3715.55827 18.847 0.040
3719.63723 19.090 0.145
3722.58415 18.790 0.050
3725.66423 18.839 0.056
3730.56743 18.815 0.032
3735.57007 18.842 0.055
3739.56976 18.781 0.039
3743.54543 18.852 0.052
3748.54931 18.825 0.078
3753.54697 18.741 0.070
3758.56888 18.819 0.059
3762.57544 18.921 0.061
3768.53542 19.001 0.067
3773.53226 18.937 0.062
3777.55821 18.885 0.056
3871.92860 19.107 0.106
3902.94547 18.895 0.083
3907.94047 18.858 0.068
3915.91631 18.872 0.045
3918.93557 18.864 0.060
3933.82326 18.804 0.053
3934.90525 18.747 0.088
3936.91349 18.874 0.046
3938.89769 18.815 0.046
3945.86747 18.761 0.037
3950.84919 18.739 0.041
3959.80331 18.736 0.053
3961.78949 18.919 0.064
3964.79665 18.820 0.033
3966.78887 18.818 0.037
3968.78241 18.799 0.050
3970.77404 18.855 0.034
3973.74502 18.868 0.052
3975.75834 18.831 0.047
3980.69083 18.793 0.053
3981.69072 18.796 0.043
3982.75504 18.813 0.063
3986.73222 18.870 0.061
3989.82929 18.894 0.058
3991.77048 18.792 0.081
3994.67152 18.786 0.050
4001.67118 18.903 0.046
4003.64289 18.919 0.043
4004.73144 19.052 0.045
4005.71671 18.846 0.045
4007.60991 18.817 0.055
4008.61896 18.782 0.033
4011.66935 18.897 0.052
4014.66730 18.876 0.062
4016.64859 18.875 0.058
4018.64490 18.947 0.061
4020.68384 18.743 0.046
4023.63431 18.817 0.059
4025.63467 18.816 0.046
4027.62281 18.935 0.054
4029.60503 18.843 0.046
4031.59201 18.787 0.044
4036.62740 18.831 0.036
4038.58172 18.740 0.040
4040.56170 18.703 0.051
4042.63105 18.866 0.054
4044.67368 18.902 0.091
4047.58513 18.806 0.058
4049.55773 18.831 0.041
4051.60729 18.807 0.044
4053.61827 18.854 0.036
4055.54750 19.078 0.092
4057.58657 18.871 0.101
4059.62111 18.904 0.050
4063.61247 18.913 0.044
4066.52737 18.723 0.046
4068.59474 18.870 0.043
4071.53588 18.777 0.055
4074.57108 18.829 0.050
4077.62376 18.905 0.082
4079.57084 18.635 0.040
4083.57835 18.914 0.068
4087.60027 18.884 0.045
4095.56413 18.823 0.042
4095.60117 18.793 0.044
4098.58319 19.098 0.079
4102.55534 18.886 0.059
4107.55947 18.779 0.045
4112.55989 18.804 0.050
4119.54944 18.945 0.061
4122.57575 18.775 0.058
4128.57587 18.849 0.059
4253.89912 18.742 0.081
4255.91774 18.898 0.101
4258.93449 18.822 0.077
4273.92083 18.875 0.089
4279.77400 18.830 0.096
4282.74731 18.802 0.067
4282.91158 18.826 0.053
4283.83833 18.767 0.067
4284.90611 18.918 0.065
4289.87719 18.738 0.052
4292.91048 19.207 0.074
4295.90441 18.837 0.072
4296.93867 18.806 0.037
4298.85770 18.756 0.059
4299.90120 18.836 0.040
4300.92303 18.833 0.043
4301.94185 18.898 0.049
4303.83258 18.873 0.060
4307.72959 18.814 0.053
4308.70336 18.822 0.060
4308.91122 18.805 0.043
4310.88329 18.919 0.070
4311.88481 18.904 0.088
4314.81377 18.846 0.059
4316.87345 18.840 0.054
4320.85715 18.814 0.047
4326.88154 18.909 0.058
4327.90507 18.815 0.071
4328.87506 18.917 0.074
4329.87448 18.849 0.056
4330.90570 18.876 0.056
4332.92196 18.705 0.082
4334.91525 19.012 0.086
4339.86996 18.824 0.064
4340.82220 18.797 0.060
4341.81506 18.845 0.058
4342.88933 18.810 0.059
4343.80864 18.764 0.050
4344.79079 18.924 0.051
4346.76707 18.841 0.054
4348.75279 18.797 0.045
4350.72959 18.881 0.044
4353.68772 18.745 0.067
4355.74627 18.890 0.056
4358.68962 18.842 0.052
4359.74685 18.816 0.050
4362.69719 18.742 0.060
4365.67119 18.888 0.070
4369.72798 18.748 0.065
4371.69496 18.803 0.056
4376.69832 18.849 0.047
4378.66502 18.871 0.051
4379.69629 18.812 0.061
4381.65548 18.761 0.054
4383.68398 18.801 0.046
4386.70858 19.094 0.060
4388.70887 18.858 0.049
4390.71781 18.878 0.052
4394.60541 18.848 0.049
4396.68883 18.774 0.049
4398.69193 18.740 0.059
4402.67698 19.000 0.104
4404.69344 18.915 0.092
4407.70196 18.767 0.058
4409.71754 18.860 0.058
4411.71266 18.854 0.049
4415.71651 18.866 0.059
4417.66651 18.860 0.060
4420.65292 18.889 0.058
4422.68494 18.789 0.051
4424.68205 18.827 0.060
4427.56778 18.803 0.053
4429.61089 18.775 0.081
4431.59800 18.950 0.073
4433.60388 18.839 0.061
4435.59222 18.800 0.049
4438.65230 18.929 0.059
4440.62180 18.826 0.053
4442.58325 18.838 0.064
4444.60797 18.866 0.085
4452.61818 18.802 0.050
4454.63838 18.861 0.056
4455.58045 18.900 0.059
4457.58935 18.860 0.090
4460.54375 18.839 0.058
4463.60727 18.800 0.054
4467.59008 18.882 0.070
4470.58948 18.793 0.053
4474.63604 18.966 0.072
4476.61436 18.872 0.046
4481.62207 18.980 0.072
4483.64070 18.892 0.065
4485.62217 18.733 0.070
4488.62279 18.924 0.097
4492.61304 18.745 0.058
4643.92671 18.732 0.090
4655.90888 18.843 0.050
4661.92269 19.244 0.094
4662.94413 18.742 0.043
4663.79500 18.812 0.068
4665.86815 18.824 0.063
4671.84655 18.850 0.060
4677.86593 18.770 0.041
4682.84035 18.809 0.051
4684.87836 18.878 0.047
4686.83832 18.891 0.036
4688.85456 18.850 0.043
4690.77989 18.848 0.045
4691.78322 18.762 0.050
4694.82950 18.848 0.073
4699.79488 18.852 0.045
4700.82877 19.236 0.059
4701.83645 18.837 0.047
4703.79565 18.803 0.051
4704.81438 18.832 0.042
4705.82199 18.810 0.065
4707.83940 18.921 0.042
4709.77020 18.784 0.037
4715.77878 18.930 0.073
4717.73337 18.897 0.054
4720.71224 18.802 0.050
4722.72748 18.849 0.043
4725.73268 18.915 0.058
4730.72325 18.868 0.035
4730.78595 18.855 0.036
4733.75817 18.882 0.045
4736.67487 18.790 0.054
4737.78245 18.685 0.046
4738.76766 18.895 0.055
4739.62192 19.267 0.096
4740.64989 19.006 0.061
4740.70075 18.930 0.049
4741.66360 18.833 0.058
4743.69745 18.843 0.042
4747.58202 18.896 0.061
4748.63104 18.801 0.044
4748.68621 18.892 0.054
4749.65155 18.738 0.062
4750.71907 18.812 0.077
4753.62052 18.899 0.068
4754.59359 18.973 0.144
4754.64462 18.861 0.070
4755.62647 18.741 0.050
4756.65422 18.895 0.062
4757.60705 18.882 0.047
4758.63443 18.877 0.044
4759.62854 18.852 0.054
4760.62110 18.837 0.042
4762.61090 18.796 0.052
4767.64649 18.873 0.055
4770.69477 18.859 0.064
4772.63213 18.900 0.059
4774.60762 18.790 0.045
4776.57940 18.955 0.072
4778.58077 18.975 0.058
4780.57801 18.841 0.059
4782.55091 18.865 0.054
4783.61250 18.743 0.054
4786.53282 18.940 0.073
4787.59991 18.937 0.109
4789.57864 18.839 0.047
4791.56020 18.933 0.060
4793.56755 18.793 0.049
4795.58042 18.803 0.041
4797.57259 18.950 0.068
4798.63582 18.847 0.052
4801.53706 18.817 0.044
4802.62452 18.956 0.089
4803.59645 18.818 0.046
4805.53146 18.776 0.100
4807.55819 18.946 0.079
4809.58333 18.798 0.047
4811.60524 18.773 0.055
4814.56307 18.879 0.067
4816.56526 18.813 0.049
4818.57919 18.898 0.063
4820.55718 18.919 0.064
4822.61397 18.903 0.050
4824.59880 18.862 0.063
4831.57041 18.925 0.068
4833.59828 18.960 0.051
4835.62100 18.867 0.074
4839.62403 18.776 0.064
4842.59068 18.801 0.064
4844.60113 18.956 0.074
4847.65535 18.654 0.078
4849.61534 18.865 0.058
4853.61260 18.777 0.058
4854.54170 18.746 0.054
4855.62582 18.788 0.083
4856.53299 18.767 0.054
4859.52760 18.951 0.109
4862.52504 18.794 0.079
4862.52865 18.821 0.062
4863.53531 18.965 0.051
4864.52963 19.010 0.096
4864.56974 19.005 0.054
4865.52740 18.692 0.068
4865.57255 18.879 0.056
4866.53437 18.809 0.083
4866.54343 18.868 0.072
4866.57465 18.823 0.062
4867.58212 18.757 0.050
4868.54477 18.900 0.059
4868.58178 18.846 0.056
4870.52433 18.881 0.088
4871.52270 18.944 0.106
4874.51953 18.830 0.094
4876.54323 18.868 0.047
