2090.89538 18.975 0.090
2105.90002 19.079 0.066
2106.86466 19.161 0.081
2116.84855 19.184 0.071
2123.79539 19.129 0.077
2124.81254 19.093 0.140
2127.80858 19.072 0.108
2128.80332 19.169 0.094
2129.83531 19.258 0.084
2130.80178 19.216 0.080
2131.89030 19.243 0.107
2132.78321 19.004 0.091
2135.81974 19.259 0.093
2136.83599 19.269 0.093
2137.79293 18.996 0.088
2140.78789 19.200 0.079
2142.80021 19.209 0.074
2143.79520 19.226 0.078
2144.89127 19.062 0.068
2155.85623 19.076 0.118
2156.80287 19.100 0.076
2162.73877 19.151 0.060
2166.73323 19.201 0.071
2167.81657 18.964 0.067
2171.71804 19.203 0.064
2172.72371 19.203 0.073
2173.70423 19.210 0.064
2177.59525 19.182 0.121
2183.64690 19.112 0.104
2184.67828 19.191 0.100
2185.64234 19.080 0.083
2187.73680 19.397 0.118
2188.65766 19.164 0.096
2190.66871 19.168 0.066
2191.72194 19.119 0.061
2192.64155 19.141 0.057
2193.66277 19.287 0.059
2194.63105 19.363 0.083
2195.69686 19.153 0.061
2201.64445 19.202 0.069
2203.69087 19.138 0.062
2204.63701 19.220 0.112
2208.68149 19.170 0.093
2211.61864 19.521 0.124
2212.61922 19.143 0.078
2213.62744 19.279 0.103
2214.61283 19.255 0.109
2215.62727 19.093 0.082
2217.61230 19.480 0.133
2219.65693 19.159 0.085
2222.62584 19.151 0.103
2224.68163 19.042 0.082
2226.61308 19.276 0.105
2229.59566 19.635 0.137
2231.54716 19.211 0.095
2233.55191 18.999 0.076
2235.63728 19.899 0.119
2237.55678 19.147 0.101
2242.59422 19.199 0.096
2244.61587 19.240 0.095
2250.54623 19.374 0.103
2252.59681 19.090 0.073
2255.58104 19.034 0.070
2257.60164 18.960 0.060
2262.59401 19.275 0.087
2264.57858 18.988 0.079
2266.54898 19.093 0.095
2271.56046 19.518 0.106
2273.55876 19.190 0.115
2275.59183 19.238 0.089
2277.57619 19.330 0.079
2280.54385 19.069 0.103
2284.58432 19.125 0.085
2289.57798 19.263 0.091
2291.57766 19.193 0.082
2293.55595 19.036 0.080
2295.54661 19.303 0.112
2297.54812 19.133 0.099
2299.55367 19.015 0.091
2301.54533 19.272 0.122
2444.92465 19.080 0.087
2458.92825 19.044 0.079
2463.89188 19.060 0.078
2465.90438 19.119 0.065
2467.87832 19.128 0.070
2469.87800 19.119 0.068
2471.88605 19.101 0.071
2473.86349 19.104 0.073
2483.83582 19.086 0.064
2486.85146 19.287 0.112
2488.84306 19.070 0.095
2489.89955 19.000 0.078
2492.88105 19.228 0.096
2495.86995 18.805 0.058
2496.88049 19.110 0.063
2497.90367 19.353 0.091
2498.90650 19.103 0.056
2499.83697 19.035 0.077
2500.84136 19.189 0.073
2501.83139 19.166 0.064
2502.81110 19.065 0.069
2503.82655 19.352 0.080
2511.83501 19.090 0.080
2516.86911 19.188 0.091
2517.79725 19.022 0.066
2518.77159 19.176 0.066
2520.76857 19.110 0.065
2526.75506 19.033 0.045
2534.80897 19.120 0.074
2535.86941 19.062 0.079
2537.67947 19.055 0.097
2538.76809 19.133 0.087
2539.67700 19.600 0.128
2540.69847 19.313 0.129
2541.68243 19.093 0.064
2542.65854 19.334 0.088
2544.63963 19.078 0.062
2545.65255 19.714 0.115
2547.67028 19.054 0.083
2548.68912 19.116 0.067
2550.68391 19.103 0.068
2551.67055 19.651 0.103
2552.68670 19.067 0.060
2554.68000 19.329 0.072
2555.68783 19.125 0.060
2556.66690 19.206 0.078
2557.67919 19.952 0.115
2558.63603 19.073 0.075
2559.59192 19.233 0.093
2560.62578 19.202 0.076
2561.65146 19.141 0.103
2562.64406 19.142 0.072
2563.65202 20.085 0.200
2564.66762 19.145 0.088
2565.64904 19.072 0.063
2566.63642 19.201 0.074
2568.63914 19.147 0.158
2573.63345 18.960 0.076
2574.61707 19.038 0.069
2575.63437 20.127 0.166
2576.61693 19.071 0.091
2577.60276 19.077 0.105
2578.60122 19.209 0.093
2579.61083 19.127 0.077
2580.59859 19.088 0.072
2583.59419 19.084 0.101
2584.60200 19.242 0.098
2587.58547 19.533 0.111
2588.61359 19.142 0.071
2589.57069 19.130 0.076
2590.59008 19.210 0.090
2591.59134 19.148 0.082
2593.58141 19.627 0.099
2594.58578 19.163 0.105
2596.56094 19.274 0.111
2597.54917 19.139 0.111
2598.59627 19.078 0.068
2599.57852 19.446 0.136
2606.66323 19.169 0.078
2609.60612 19.038 0.078
2611.57607 19.278 0.120
2614.58142 19.184 0.059
2618.57467 19.164 0.097
2620.57243 19.101 0.087
2623.58009 19.176 0.082
2626.57169 19.274 0.127
2628.53428 19.134 0.141
2632.54077 19.188 0.074
2636.53588 19.184 0.100
2641.56003 19.246 0.071
2645.56963 19.103 0.067
2650.56621 19.106 0.067
2653.57947 19.164 0.087
2656.55882 19.189 0.119
2659.58530 19.113 0.093
2663.55000 19.179 0.108
2671.54433 19.209 0.079
2673.53758 19.248 0.124
2675.55433 19.038 0.081
2681.57089 19.081 0.093
2777.88052 19.101 0.126
2804.92340 19.246 0.136
2809.94658 19.161 0.110
2813.93201 19.243 0.083
2817.90446 19.197 0.097
2831.75565 19.298 0.140
2832.89701 19.133 0.072
2833.84247 19.081 0.097
2835.92785 19.029 0.073
2837.84838 19.359 0.139
2838.86902 19.288 0.115
2839.88225 19.110 0.077
2844.85012 19.146 0.059
2845.84647 19.100 0.090
2848.93314 19.161 0.112
2850.86587 19.056 0.087
2851.90923 19.100 0.074
2852.94243 19.321 0.115
2853.92007 19.133 0.072
2856.79303 19.119 0.103
2858.88723 19.327 0.070
2860.85326 19.131 0.065
2861.72144 19.539 0.088
2862.82880 19.299 0.104
2863.81148 19.103 0.096
2865.88481 19.065 0.077
2866.84380 18.990 0.093
2867.77977 19.835 0.122
2869.82116 19.123 0.066
2871.85454 19.152 0.072
2875.77509 19.113 0.089
2877.77529 19.145 0.062
2883.80233 19.147 0.049
2885.73745 19.892 0.140
2888.78564 19.234 0.083
2892.77751 19.230 0.109
2894.78070 19.235 0.089
2896.78210 19.180 0.065
2898.79843 19.117 0.064
2900.72262 19.264 0.058
2902.72339 19.176 0.062
2905.73052 19.181 0.063
2907.73154 19.034 0.053
2909.71894 19.427 0.072
2911.71201 19.155 0.049
2915.68364 19.428 0.081
2917.70908 19.150 0.054
2921.70417 19.272 0.092
2923.72060 19.013 0.062
2925.69182 19.179 0.064
2927.68935 19.349 0.093
2930.70718 19.297 0.077
2932.71002 19.192 0.073
2934.69378 19.078 0.056
2937.61398 19.024 0.086
2940.61083 19.088 0.051
2942.61084 19.175 0.066
2944.56676 19.107 0.066
2946.55826 19.092 0.089
2947.58029 19.048 0.074
2951.60609 19.125 0.088
2952.63314 19.164 0.069
2954.66033 19.128 0.089
2956.60625 19.162 0.055
2958.59101 19.173 0.068
2966.58491 19.185 0.061
2969.62770 19.184 0.083
2971.63536 19.158 0.071
2973.62325 19.038 0.063
2975.59754 19.193 0.071
2977.59012 19.215 0.110
2979.55620 19.203 0.096
2981.60099 19.165 0.123
2983.63733 19.065 0.084
2985.65523 19.135 0.086
2987.55292 19.062 0.069
2990.58405 19.300 0.078
2992.54653 19.171 0.089
2995.59206 19.175 0.050
2998.54813 19.141 0.092
3001.55085 19.159 0.094
3004.54160 19.161 0.085
3007.54931 19.139 0.064
3010.54857 19.222 0.074
3016.56573 19.197 0.090
3019.56954 19.183 0.072
3021.59304 19.150 0.051
3023.54741 19.181 0.081
3025.54472 19.293 0.083
3027.58095 19.085 0.068
3031.55719 19.236 0.081
3033.55994 19.194 0.068
3035.59329 19.097 0.062
3040.54010 19.145 0.097
3133.92344 19.179 0.099
3160.83573 19.088 0.105
3175.94660 19.085 0.073
3182.95081 19.145 0.067
3191.94703 19.001 0.066
3195.91642 19.861 0.113
3197.89196 19.085 0.084
3199.92542 19.109 0.087
3203.85413 19.105 0.052
3204.92012 19.284 0.089
3210.87110 19.235 0.096
3211.93571 19.041 0.070
3216.69893 19.401 0.137
3218.81537 19.076 0.118
3223.81208 19.050 0.080
3226.80115 19.038 0.081
3229.80624 19.137 0.052
3231.76058 19.699 0.168
3238.92453 19.104 0.073
3240.74887 19.225 0.081
3242.69147 19.169 0.074
3243.82416 19.096 0.067
3244.80522 19.165 0.073
3245.75065 19.259 0.080
3246.74312 19.236 0.086
3247.73826 19.089 0.078
3248.78468 19.288 0.087
3250.78784 19.205 0.057
3253.74330 18.949 0.064
3256.72610 19.350 0.087
3260.68103 19.175 0.076
3262.71302 19.041 0.041
3264.66868 19.278 0.057
3266.73973 19.094 0.071
3268.66939 19.067 0.056
3270.64315 19.189 0.092
3271.64088 18.998 0.076
3272.69785 19.144 0.069
3274.68005 19.192 0.081
3276.68873 19.092 0.072
3277.72139 19.130 0.079
3278.77901 19.044 0.088
3280.67471 19.080 0.055
3282.66544 19.183 0.042
3286.62835 19.218 0.065
3288.64204 19.388 0.073
3293.57368 19.169 0.059
3295.59203 19.033 0.038
3297.57369 18.977 0.049
3299.63061 19.048 0.049
3301.60466 18.949 0.073
3303.66690 19.233 0.091
3306.59779 19.334 0.062
3308.58742 19.052 0.085
3310.58646 18.997 0.088
3312.58872 19.034 0.063
3315.60927 19.183 0.059
3320.57248 19.073 0.081
3321.57451 19.029 0.062
3324.59880 19.236 0.072
3329.55225 19.183 0.068
3334.54269 19.116 0.082
3336.56429 19.126 0.068
3349.57261 19.212 0.052
3352.60842 19.105 0.068
3355.57740 19.102 0.051
3362.56034 19.315 0.068
3367.59005 19.198 0.074
3372.54133 19.168 0.065
3378.56796 19.050 0.065
3386.53493 19.474 0.083
3389.56976 19.133 0.069
3398.53387 19.525 0.104
3544.94196 19.354 0.082
3552.94787 19.526 0.216
3561.91554 19.240 0.049
3564.88280 19.097 0.052
3569.90138 19.031 0.053
3570.71666 18.943 0.085
3573.83444 19.189 0.087
3574.85489 19.172 0.074
3577.87297 19.223 0.070
3578.87152 19.051 0.050
3581.81803 19.090 0.054
3582.80099 19.282 0.088
3583.81502 19.364 0.089
3585.84400 19.194 0.040
3589.81074 19.074 0.050
3591.82511 19.101 0.043
3593.86056 19.130 0.063
3596.76440 19.152 0.078
3601.78312 19.072 0.065
3603.85124 19.264 0.076
3608.79395 19.199 0.051
3615.80697 19.266 0.061
3618.80422 19.170 0.055
3620.83606 19.157 0.050
3622.78772 19.212 0.065
3626.68777 19.055 0.062
3629.71429 19.147 0.085
3631.72082 19.251 0.096
3633.66558 19.162 0.085
3638.68895 19.170 0.074
3641.67354 19.009 0.051
3643.69807 19.085 0.073
3646.62576 19.220 0.068
3650.62736 19.234 0.071
3651.70647 19.142 0.059
3653.67284 19.035 0.050
3655.66832 19.057 0.059
3657.60113 19.196 0.071
3658.60274 19.472 0.116
3659.61675 19.181 0.087
3660.65627 19.232 0.079
3664.67528 19.160 0.047
3666.69879 19.091 0.052
3669.65189 19.203 0.075
3671.59727 19.338 0.082
3673.64572 19.014 0.080
3675.63564 19.232 0.060
3681.58676 19.414 0.116
3683.61672 18.998 0.057
3685.61355 19.267 0.062
3687.61856 19.260 0.080
3689.57170 19.190 0.066
3692.54324 19.120 0.067
3694.54056 19.254 0.099
3696.53279 19.352 0.064
3698.53805 18.956 0.079
3700.54979 19.136 0.070
3702.55565 19.108 0.076
3704.55654 19.152 0.069
3706.56301 19.140 0.057
3708.55644 19.228 0.078
3711.56388 19.194 0.071
3713.58624 19.128 0.064
3716.58750 19.355 0.149
3719.58674 19.120 0.074
3722.56530 19.062 0.068
3725.60590 19.173 0.052
3727.56869 19.188 0.088
3732.61361 19.678 0.096
3740.55467 19.068 0.054
3745.54792 19.208 0.099
3749.54991 19.298 0.132
3755.54924 19.401 0.132
3760.55108 18.921 0.072
3765.53937 19.125 0.051
3771.55778 19.258 0.099
3775.56268 19.175 0.090
3780.54522 19.346 0.122
3871.85575 19.051 0.109
3900.94426 19.068 0.082
3905.93895 19.176 0.067
3913.89765 19.134 0.049
3917.92709 19.053 0.056
3921.90984 18.942 0.082
3931.88097 18.957 0.063
3933.92574 19.086 0.058
3935.90412 19.195 0.053
3937.86492 19.325 0.108
3938.92463 19.028 0.060
3944.87915 19.043 0.060
3946.84404 19.164 0.051
3951.86569 19.164 0.077
3955.82706 19.127 0.090
3958.80858 19.274 0.076
3960.80868 19.175 0.067
3963.80541 19.166 0.080
3965.79725 19.254 0.042
3967.81700 19.132 0.040
3969.78290 19.078 0.056
3971.75842 19.128 0.052
3974.76062 19.206 0.066
3979.71607 19.045 0.059
3980.59869 19.125 0.098
3981.62295 19.146 0.060
3983.88433 19.474 0.105
3987.76392 19.002 0.052
3990.77116 19.182 0.053
3993.71410 19.049 0.058
3995.71871 19.191 0.054
3999.72612 19.111 0.053
4002.70330 19.109 0.044
4004.65495 19.144 0.052
4006.68136 19.147 0.048
4007.67416 19.185 0.057
4008.55340 19.120 0.058
4013.67787 19.170 0.086
4015.65894 19.270 0.122
4017.67642 18.982 0.059
4019.66538 19.120 0.072
4021.65879 19.355 0.062
4024.63217 19.051 0.058
4026.61113 19.046 0.051
4028.60689 19.148 0.051
4030.61613 19.392 0.074
4032.67111 19.241 0.079
4037.58249 19.153 0.059
4039.58578 19.217 0.060
4041.57790 18.873 0.067
4043.57098 19.276 0.104
4046.54331 18.957 0.061
4048.54626 19.671 0.132
4050.56771 19.148 0.062
4052.54011 18.995 0.051
4054.59466 19.667 0.103
4056.56664 18.959 0.060
4059.52823 19.022 0.060
4061.56370 19.150 0.060
4065.58087 19.104 0.056
4067.54125 19.269 0.087
4069.56525 19.233 0.070
4072.62251 19.782 0.114
4076.62505 19.068 0.083
4078.58364 19.859 0.107
4080.59563 19.066 0.066
4083.61775 19.193 0.090
4087.57758 19.249 0.066
4093.59712 19.214 0.055
4103.61965 18.980 0.075
4111.57172 19.260 0.057
4124.56660 18.978 0.059
4132.56867 18.932 0.082
4252.90775 19.130 0.095
4255.82195 19.153 0.122
4273.90729 19.208 0.108
4278.93091 19.100 0.078
4279.88256 19.079 0.095
4282.78932 19.046 0.083
4283.90624 19.091 0.085
4285.89952 19.081 0.071
4291.91996 19.090 0.085
4293.88806 19.127 0.055
4296.87229 19.150 0.057
4297.90503 19.116 0.060
4299.84013 19.175 0.058
4300.86149 19.058 0.057
4301.87956 19.221 0.054
4302.89574 19.045 0.071
4303.92009 19.058 0.064
4307.87939 19.204 0.051
4308.64106 19.094 0.070
4308.79568 19.129 0.061
4310.81958 19.166 0.090
4311.80779 18.948 0.092
4312.88214 19.150 0.050
4314.90186 19.145 0.082
4316.80899 19.378 0.096
4319.84049 19.232 0.067
4326.81437 19.193 0.078
4327.79432 19.232 0.103
4328.81009 19.227 0.081
4329.89497 19.175 0.072
4331.87649 19.161 0.084
4333.91076 19.159 0.082
4338.87898 19.090 0.086
4340.75073 19.156 0.078
4341.74678 19.108 0.083
4342.77106 19.133 0.084
4343.74012 19.048 0.061
4345.76825 19.065 0.063
4347.75717 19.077 0.054
4349.74883 19.282 0.062
4354.73767 18.957 0.066
4356.74006 19.146 0.070
4358.77000 19.550 0.120
4361.69784 19.232 0.088
4363.60079 19.198 0.091
4364.75627 19.687 0.147
4367.67702 19.081 0.086
4371.64260 19.077 0.076
4373.66090 19.291 0.070
4377.73267 19.080 0.054
4379.62437 19.272 0.108
4380.72019 19.114 0.061
4382.66432 19.704 0.130
4387.70956 19.117 0.054
4390.64930 19.155 0.058
4392.67354 19.098 0.063
4395.65492 19.174 0.085
4397.69555 19.306 0.086
4400.62504 19.623 0.135
4403.63411 19.183 0.085
4408.63720 19.266 0.082
4411.64987 19.106 0.062
4416.66463 19.024 0.056
4421.66747 19.148 0.076
4424.58747 19.536 0.110
4426.62601 19.151 0.090
4428.56495 19.089 0.105
4430.60348 19.395 0.094
4432.64748 19.091 0.082
4434.61641 19.176 0.072
4436.59276 19.443 0.090
4438.61528 19.218 0.080
4440.58878 19.144 0.094
4441.57780 19.226 0.090
4443.53726 19.058 0.060
4450.56772 19.123 0.092
4453.55970 18.979 0.079
4456.56122 19.300 0.115
4463.57321 18.964 0.077
4466.55730 19.085 0.075
4476.55787 19.133 0.074
4479.58762 19.134 0.099
4483.58066 19.159 0.082
4486.60065 19.171 0.115
4492.59805 19.140 0.084
4609.86918 19.199 0.095
4630.94714 19.274 0.137
4638.93410 19.293 0.074
4652.90902 19.165 0.077
4661.89020 19.101 0.064
4662.73716 19.370 0.126
4663.72674 19.086 0.088
4665.79984 19.145 0.088
4666.88769 19.060 0.082
4670.88195 19.096 0.073
4671.81421 19.238 0.084
4672.85619 19.144 0.068
4675.86256 18.977 0.064
4681.85349 19.155 0.052
4683.82765 19.252 0.076
4685.83477 19.088 0.081
4687.87032 19.051 0.060
4689.74365 19.305 0.069
4690.71132 19.180 0.059
4691.71436 19.098 0.081
4693.86942 19.148 0.105
4696.79102 18.989 0.097
4698.73116 19.545 0.086
4700.76256 19.040 0.056
4701.71684 19.331 0.082
4701.76771 19.298 0.070
4702.82777 19.112 0.069
4703.72705 19.035 0.064
4704.74605 19.630 0.076
4705.75322 19.096 0.067
4708.81404 19.077 0.051
4710.72771 19.928 0.101
4716.73082 19.938 0.095
4719.72365 18.928 0.080
4721.69423 19.127 0.088
4725.69956 19.189 0.083
4728.72116 19.805 0.118
4731.71822 19.297 0.065
4734.70681 19.647 0.083
4743.68143 19.165 0.062
4748.67126 19.117 0.058
4750.67305 19.108 0.069
4750.70424 19.054 0.071
4754.62991 19.153 0.085
4756.63920 19.033 0.071
4758.61964 19.309 0.070
4760.60632 19.152 0.058
4762.58272 19.176 0.083
4766.57920 19.152 0.096
4769.61687 19.120 0.093
4771.66229 19.081 0.053
4773.63328 19.148 0.063
4775.63684 19.063 0.083
4777.57119 19.032 0.081
4779.57164 19.200 0.081
4781.55970 19.103 0.073
4782.63031 19.113 0.075
4783.53998 19.079 0.089
4785.57403 19.201 0.096
4786.61401 19.175 0.092
4788.58831 19.278 0.074
4790.57055 19.134 0.049
4792.54640 19.002 0.056
4794.55022 19.258 0.074
4796.61990 19.168 0.066
4798.56575 19.085 0.073
4800.58555 19.139 0.056
4802.59155 19.162 0.082
4804.57317 19.046 0.085
4808.59010 19.034 0.072
4810.58759 18.947 0.068
4813.54918 19.147 0.091
4815.54019 19.268 0.118
4817.56537 19.173 0.065
4819.55938 19.243 0.091
4821.62028 19.202 0.058
4823.58548 19.162 0.070
4825.60612 19.064 0.072
4832.56457 19.140 0.077
4834.58964 19.172 0.107
4837.58084 19.171 0.094
4841.54667 19.145 0.086
4843.55136 19.057 0.099
4845.54895 19.188 0.091
4846.55625 18.985 0.067
4848.59679 19.209 0.066
4849.58192 18.981 0.056
4853.57957 19.202 0.083
4856.56053 19.213 0.060
4865.54695 19.356 0.107
