2104.88015 16.543 0.009
2112.92050 16.521 0.008
2115.89654 16.611 0.011
2116.92441 16.606 0.010
2117.88280 16.707 0.010
2122.86443 16.710 0.012
2123.87839 16.590 0.010
2124.93287 16.652 0.013
2128.87832 16.668 0.012
2130.81712 16.636 0.010
2131.81013 16.574 0.010
2132.85489 16.633 0.011
2133.86739 16.714 0.012
2134.86050 16.630 0.011
2135.89742 16.575 0.009
2136.90121 16.692 0.012
2140.86393 16.690 0.011
2141.77415 16.687 0.012
2142.87404 16.593 0.012
2143.88310 16.623 0.011
2144.79872 16.712 0.009
2156.72451 16.715 0.012
2160.80374 16.757 0.011
2162.81406 16.588 0.009
2166.80491 16.590 0.009
2167.73814 16.659 0.009
2168.76273 16.731 0.010
2172.80103 16.687 0.010
2173.75706 16.583 0.009
2174.74079 16.598 0.008
2177.68892 16.591 0.011
2184.75021 16.658 0.012
2186.73851 16.680 0.013
2187.65851 16.712 0.013
2189.74013 16.578 0.011
2190.74023 16.627 0.010
2191.64436 16.717 0.010
2192.70825 16.625 0.008
2193.73545 16.575 0.008
2194.70029 16.686 0.010
2200.71467 16.591 0.009
2203.60292 16.681 0.010
2206.65263 16.727 0.012
2208.69672 16.570 0.010
2211.70464 16.638 0.010
2212.69125 16.571 0.010
2214.69127 16.759 0.013
2215.72725 16.639 0.012
2217.68642 16.680 0.011
2219.72340 16.608 0.012
2222.77270 16.703 0.013
2223.67776 16.602 0.011
2228.60369 16.582 0.010
2230.54177 16.689 0.012
2232.55478 16.592 0.009
2234.59680 16.655 0.010
2236.58602 16.602 0.010
2239.53357 16.587 0.011
2241.57835 16.691 0.010
2243.61670 16.555 0.010
2249.57288 16.701 0.009
2251.62684 16.601 0.010
2254.58061 16.608 0.010
2256.59795 16.682 0.012
2259.61878 16.609 0.011
2262.62526 16.588 0.011
2266.61713 16.555 0.011
2271.59206 16.674 0.010
2273.59129 16.617 0.012
2276.58597 16.716 0.012
2280.57988 16.662 0.011
2285.57584 16.579 0.009
2289.61168 16.559 0.009
2291.61693 16.758 0.009
2293.61336 16.589 0.009
2295.61006 16.696 0.011
2297.61462 16.576 0.010
2299.60926 16.755 0.012
2301.60080 16.612 0.011
2453.88795 16.747 0.014
2460.93465 16.691 0.013
2464.89199 16.661 0.010
2466.88549 16.550 0.011
2468.87974 16.737 0.011
2470.87073 16.565 0.009
2472.89082 16.665 0.009
2481.87633 16.613 0.012
2483.93777 16.697 0.010
2486.93850 16.571 0.012
2489.82052 16.603 0.009
2490.81676 16.611 0.012
2496.80048 16.635 0.010
2497.82277 16.555 0.010
2498.82307 16.606 0.010
2499.90810 16.753 0.010
2500.91648 16.632 0.010
2501.91118 16.582 0.010
2502.88328 16.638 0.011
2508.79388 16.593 0.014
2516.82627 16.569 0.010
2517.87328 16.609 0.010
2518.84754 16.668 0.011
2519.79884 16.658 0.009
2520.84100 16.558 0.009
2521.79160 16.582 0.010
2524.79451 16.570 0.010
2526.82647 16.702 0.009
2529.78500 16.653 0.009
2535.74461 16.597 0.010
2537.75111 16.662 0.013
2538.85159 16.686 0.012
2539.74700 16.577 0.010
2540.79179 16.583 0.012
2541.75901 16.665 0.010
2542.72867 16.689 0.010
2544.71085 16.614 0.010
2545.72215 16.705 0.010
2547.74029 16.569 0.010
2548.76046 16.636 0.010
2550.75560 16.673 0.009
2551.74273 16.555 0.010
2552.75810 16.603 0.009
2553.69890 16.697 0.012
2554.75125 16.647 0.010
2555.75922 16.561 0.010
2556.73845 16.645 0.009
2557.75078 16.688 0.010
2558.70733 16.632 0.009
2559.66429 16.551 0.009
2560.69739 16.661 0.010
2561.74295 16.722 0.012
2562.71559 16.625 0.010
2563.72363 16.583 0.010
2564.74001 16.674 0.011
2565.73491 16.694 0.011
2566.71390 16.608 0.011
2571.70216 16.581 0.011
2572.76963 16.669 0.012
2573.70779 16.659 0.012
2574.68749 16.589 0.009
2576.73195 16.715 0.011
2577.69019 16.634 0.011
2578.67524 16.584 0.011
2579.68541 16.617 0.011
2580.69368 16.682 0.010
2583.66992 16.635 0.011
2584.67222 16.750 0.011
2587.65751 16.641 0.011
2588.66941 16.697 0.010
2589.66249 16.591 0.010
2590.67036 16.588 0.011
2591.69812 16.688 0.011
2593.65493 16.614 0.011
2594.66146 16.582 0.011
2596.63413 16.688 0.012
2597.62298 16.567 0.012
2598.70168 16.620 0.011
2599.66221 16.689 0.013
2608.56289 16.674 0.011
2610.59948 16.629 0.011
2613.59088 16.563 0.012
2615.62649 16.712 0.012
2620.59687 16.593 0.010
2622.54465 16.690 0.010
2625.59803 16.584 0.013
2629.53785 16.604 0.011
2632.57591 16.569 0.009
2636.57235 16.561 0.010
2639.57162 16.658 0.010
2643.54459 16.637 0.010
2649.55003 16.684 0.011
2651.58786 16.572 0.012
2655.54767 16.624 0.012
2658.55950 16.659 0.014
2661.57617 16.736 0.009
2665.53905 16.712 0.011
2669.56520 16.732 0.011
2674.54997 16.630 0.011
2676.57011 16.649 0.010
2677.53331 16.708 0.014
2680.54056 16.694 0.012
2683.56478 16.620 0.013
2804.84270 16.689 0.014
2805.89912 16.580 0.015
2811.95213 16.686 0.019
2815.92597 16.747 0.011
2818.93855 16.669 0.010
2829.87262 16.574 0.010
2831.86515 16.710 0.011
2832.81614 16.592 0.010
2833.91475 16.629 0.012
2835.90349 16.660 0.011
2837.90922 16.641 0.014
2840.89262 16.576 0.010
2843.87863 16.636 0.009
2844.91992 16.548 0.009
2848.82660 16.598 0.013
2849.90464 16.668 0.010
2850.93618 16.706 0.012
2852.86483 16.553 0.011
2854.87617 16.731 0.011
2857.88348 16.692 0.011
2859.87077 16.598 0.009
2860.92313 16.597 0.009
2861.79488 16.734 0.010
2862.88097 16.684 0.011
2863.88287 16.600 0.013
2865.80530 16.722 0.011
2867.79478 16.567 0.009
2868.83541 16.636 0.010
2869.85601 16.769 0.011
2870.86351 16.650 0.010
2872.78757 16.640 0.009
2875.85476 16.576 0.010
2876.88074 16.690 0.012
2877.85314 16.748 0.010
2879.81793 16.612 0.009
2884.76798 16.704 0.010
2886.78076 16.604 0.010
2890.73969 16.624 0.013
2893.79129 16.681 0.011
2895.80215 16.666 0.010
2897.74972 16.644 0.011
2899.78203 16.617 0.009
2903.80074 16.667 0.008
2906.74949 16.582 0.009
2908.72650 16.716 0.010
2910.72139 16.591 0.010
2912.72731 16.705 0.009
2916.73996 16.692 0.009
2918.71701 16.621 0.010
2922.71660 16.647 0.011
2924.71588 16.674 0.010
2926.65153 16.652 0.011
2929.71289 16.568 0.010
2931.68882 16.714 0.010
2933.70097 16.579 0.009
2935.66390 16.689 0.011
2937.68902 16.572 0.010
2939.66722 16.708 0.011
2940.68149 16.602 0.009
2941.65720 16.583 0.009
2942.68480 16.687 0.010
2943.65353 16.680 0.010
2944.63726 16.594 0.012
2946.63586 16.732 0.011
2947.66383 16.696 0.012
2949.64469 16.610 0.010
2950.59619 16.699 0.010
2951.67708 16.642 0.011
2953.62491 16.633 0.011
2955.60987 16.651 0.012
2957.62355 16.656 0.009
2960.64371 16.578 0.009
2965.68043 16.677 0.010
2968.64295 16.621 0.011
2971.65073 16.579 0.010
2973.63924 16.692 0.011
2975.53604 16.606 0.010
2977.63169 16.748 0.013
2979.61197 16.608 0.012
2982.56656 16.648 0.011
2986.60784 16.650 0.010
2988.58030 16.685 0.010
2990.59915 16.619 0.010
2993.60193 16.730 0.010
2997.54793 16.707 0.010
3000.60514 16.743 0.011
3003.58064 16.617 0.011
3006.57024 16.571 0.009
3009.56358 16.670 0.012
3013.57023 16.637 0.011
3017.56465 16.640 0.010
3020.53981 16.648 0.010
3022.56724 16.570 0.011
3024.56644 16.693 0.011
3026.53648 16.598 0.010
3028.53739 16.683 0.012
3030.54048 16.583 0.010
3032.55843 16.668 0.011
3034.55795 16.633 0.009
3038.54878 16.653 0.011
3179.94009 16.570 0.009
3184.90394 16.586 0.010
3193.92701 16.744 0.010
3196.89901 16.651 0.010
3202.89156 16.582 0.009
3203.93144 16.599 0.008
3206.87433 16.561 0.010
3210.94082 16.573 0.009
3211.85695 16.650 0.011
3216.77663 16.728 0.012
3217.82652 16.685 0.012
3224.82348 16.742 0.009
3228.80135 16.681 0.011
3230.77484 16.551 0.008
3238.80595 16.603 0.010
3239.84507 16.723 0.010
3240.84224 16.659 0.012
3241.78420 16.574 0.009
3242.77484 16.648 0.011
3243.89800 16.694 0.011
3244.87669 16.638 0.012
3245.82419 16.574 0.009
3246.82106 16.657 0.010
3247.82528 16.731 0.010
3249.77873 16.583 0.010
3251.79130 16.681 0.009
3254.77742 16.683 0.009
3257.80449 16.610 0.008
3261.75039 16.571 0.009
3263.74738 16.675 0.008
3265.77500 16.648 0.010
3267.75544 16.661 0.009
3270.70913 16.756 0.011
3271.71183 16.649 0.010
3273.67034 16.651 0.011
3275.66513 16.637 0.011
3276.75916 16.593 0.011
3277.79803 16.685 0.010
3279.72955 16.605 0.009
3281.69535 16.687 0.009
3283.68978 16.617 0.008
3287.65607 16.594 0.008
3289.67090 16.684 0.009
3291.60927 16.572 0.009
3294.62585 16.702 0.009
3296.59218 16.614 0.009
3300.60260 16.638 0.010
3302.58362 16.636 0.010
3305.67963 16.647 0.010
3307.59618 16.573 0.011
3309.61692 16.714 0.010
3311.57244 16.587 0.009
3314.61610 16.601 0.011
3320.64939 16.703 0.009
3323.60180 16.617 0.009
3327.62986 16.644 0.010
3330.60116 16.471 0.009
3335.64575 16.639 0.013
3338.55259 16.590 0.010
3350.56392 16.589 0.009
3357.60213 16.576 0.010
3361.60041 16.567 0.009
3363.60672 16.715 0.012
3369.58365 16.587 0.009
3372.59961 16.574 0.009
3376.57564 16.557 0.009
3380.56197 16.553 0.010
3386.60882 16.721 0.009
3395.56081 16.612 0.011
3399.58462 16.615 0.011
3402.60155 16.638 0.010
3543.91768 16.641 0.010
3551.94034 16.619 0.010
3558.92226 16.643 0.010
3562.91301 16.662 0.008
3568.90457 16.561 0.009
3570.86619 16.668 0.011
3571.85269 16.690 0.012
3573.89807 16.614 0.011
3575.85790 16.672 0.009
3577.91446 16.595 0.009
3579.85536 16.673 0.009
3581.92430 16.628 0.010
3582.87668 16.655 0.010
3583.89577 16.640 0.009
3584.86832 16.551 0.009
3585.85657 16.633 0.007
3586.88604 16.725 0.008
3588.88421 16.575 0.009
3590.84281 16.665 0.008
3592.80312 16.510 0.007
3594.84391 16.666 0.008
3600.93294 16.544 0.011
3603.75602 16.576 0.009
3608.81265 16.602 0.008
3614.84444 16.622 0.008
3615.84927 16.554 0.008
3618.82891 16.615 0.008
3620.85538 16.665 0.008
3622.80940 16.599 0.009
3625.75535 16.710 0.009
3628.77691 16.669 0.010
3630.69236 16.595 0.010
3632.66953 16.706 0.013
3634.70451 16.592 0.009
3637.70529 16.633 0.009
3640.67160 16.710 0.008
3644.70610 16.703 0.008
3646.72366 16.523 0.009
3650.73940 16.555 0.008
3652.68087 16.684 0.008
3654.65664 16.578 0.008
3656.70987 16.677 0.009
3657.73801 16.570 0.009
3658.71155 16.594 0.009
3659.69593 16.674 0.011
3660.70158 16.653 0.010
3663.69235 16.681 0.010
3665.72062 16.536 0.010
3668.64917 16.607 0.009
3668.67173 16.623 0.009
3670.66036 16.626 0.010
3672.59307 16.649 0.010
3674.75237 16.630 0.009
3676.63864 16.585 0.009
3682.61528 16.652 0.009
3684.63261 16.574 0.008
3686.59829 16.687 0.010
3688.57126 16.556 0.009
3690.58498 16.699 0.011
3693.58210 16.574 0.009
3695.57768 16.661 0.009
3698.55910 16.626 0.012
3701.60180 16.649 0.010
3703.61243 16.584 0.008
3705.58462 16.606 0.008
3707.58509 16.570 0.009
3712.60004 16.591 0.009
3715.55827 16.559 0.008
3719.63723 16.545 0.010
3722.58415 16.642 0.010
3725.66423 16.693 0.010
3730.56743 16.591 0.008
3735.57007 16.554 0.009
3739.56976 16.569 0.008
3743.54543 16.600 0.009
3748.54931 16.742 0.013
3753.54697 16.591 0.011
3758.56888 16.552 0.010
3762.57544 16.541 0.009
3768.53542 16.666 0.010
3773.53226 16.551 0.010
3777.55821 16.552 0.009
3871.92860 16.682 0.013
3902.94547 16.722 0.013
3907.94047 16.571 0.010
3915.91631 16.531 0.008
3918.93557 16.683 0.010
3933.82326 16.695 0.009
3934.90525 16.588 0.009
3936.91349 16.652 0.009
3938.89769 16.589 0.009
3945.86747 16.649 0.008
3950.84919 16.555 0.008
3957.80483 16.638 0.013
3959.80331 16.635 0.010
3961.78949 16.618 0.010
3964.79665 16.698 0.008
3966.78887 16.567 0.008
3968.78241 16.674 0.009
3970.77404 16.556 0.007
3973.74502 16.601 0.009
3975.75834 16.711 0.010
3980.69083 16.680 0.010
3981.69072 16.561 0.008
3982.75504 16.613 0.010
3986.73222 16.634 0.010
3989.82929 16.578 0.009
3991.77048 16.695 0.010
3994.67152 16.669 0.010
4001.67118 16.564 0.008
4003.64289 16.681 0.009
4004.73144 16.544 0.008
4005.71671 16.578 0.009
4007.60991 16.639 0.010
4008.61896 16.530 0.007
4011.66935 16.621 0.009
4014.66730 16.651 0.010
4016.64859 16.546 0.009
4018.64490 16.715 0.010
4020.68384 16.546 0.009
4023.63431 16.584 0.010
4025.63467 16.655 0.009
4027.62281 16.555 0.009
4029.60503 16.645 0.009
4031.59201 16.542 0.008
4036.62740 16.596 0.008
4038.58172 16.656 0.009
4040.56170 16.624 0.010
4042.63105 16.628 0.009
4044.67368 16.611 0.013
4047.58513 16.520 0.009
4049.55773 16.695 0.009
4051.60729 16.545 0.008
4053.61827 16.631 0.008
4055.54750 16.562 0.011
4057.58657 16.680 0.012
4059.62111 16.562 0.009
4063.61247 16.573 0.008
4066.52737 16.570 0.009
4068.59474 16.677 0.009
4071.53588 16.604 0.010
4074.57108 16.546 0.009
4077.62376 16.585 0.010
4079.57084 16.691 0.009
4083.57835 16.635 0.011
4087.60027 16.696 0.009
4095.56413 16.726 0.009
4095.60117 16.722 0.009
4098.58319 16.666 0.011
4102.55534 16.635 0.010
4107.55947 16.661 0.009
4112.55989 16.586 0.009
4119.54944 16.668 0.010
4122.57575 16.674 0.010
4128.57587 16.574 0.010
4253.89912 16.688 0.014
4255.91774 16.548 0.011
4258.93449 16.592 0.012
4273.92083 16.657 0.014
4279.77400 16.627 0.013
4282.74731 16.559 0.011
4282.91158 16.586 0.010
4283.83833 16.656 0.012
4284.90611 16.684 0.011
4289.87719 16.568 0.010
4292.91048 16.673 0.010
4295.90441 16.722 0.010
4296.93867 16.652 0.009
4298.85770 16.630 0.011
4299.90120 16.678 0.009
4300.92303 16.602 0.009
4301.94185 16.534 0.009
4303.83258 16.746 0.010
4307.72959 16.707 0.011
4308.70336 16.632 0.011
4308.91122 16.605 0.009
4310.88329 16.677 0.012
4311.88481 16.714 0.014
4314.81377 16.680 0.011
4316.87345 16.589 0.010
4320.85715 16.593 0.010
4326.88154 16.701 0.011
4327.90507 16.623 0.012
4328.87506 16.558 0.011
4329.87448 16.664 0.011
4330.90570 16.678 0.011
4332.92196 16.515 0.010
4334.91525 16.727 0.013
4339.86996 16.577 0.011
4340.82220 16.572 0.010
4341.81506 16.687 0.011
4342.88933 16.688 0.011
4343.80864 16.594 0.010
4344.79079 16.588 0.010
4346.76707 16.670 0.010
4348.75279 16.616 0.010
4350.72959 16.696 0.010
4353.68772 16.717 0.011
4355.74627 16.587 0.010
4358.68962 16.647 0.010
4359.74685 16.596 0.009
4362.69719 16.594 0.011
4365.67119 16.723 0.012
4369.72798 16.678 0.012
4371.69496 16.585 0.010
4376.69832 16.676 0.010
4378.66502 16.557 0.010
4379.69629 16.593 0.011
4381.65548 16.654 0.011
4383.68398 16.637 0.010
4386.70858 16.563 0.010
4388.70887 16.705 0.010
4390.71781 16.558 0.010
4394.60541 16.565 0.010
4396.68883 16.676 0.010
4398.69193 16.573 0.011
4402.67698 16.599 0.010
4404.69344 16.680 0.012
4407.70196 16.700 0.012
4409.71754 16.558 0.010
4411.71266 16.708 0.010
4415.71651 16.692 0.011
4417.66651 16.556 0.009
4420.65292 16.614 0.010
4422.68494 16.650 0.010
4424.68205 16.584 0.011
4427.56778 16.676 0.011
4429.61089 16.563 0.013
4431.59800 16.679 0.011
4433.60388 16.585 0.011
4435.59222 16.672 0.010
4438.65230 16.677 0.011
4440.62180 16.517 0.010
4442.58325 16.738 0.012
4444.60797 16.561 0.012
4452.61818 16.591 0.010
4454.63838 16.665 0.011
4455.58045 16.552 0.010
4457.58935 16.726 0.014
4460.54375 16.608 0.010
4463.60727 16.551 0.010
4467.59008 16.571 0.011
4470.58948 16.634 0.010
4474.63604 16.614 0.011
4476.61436 16.680 0.010
4481.62207 16.673 0.011
4483.64070 16.596 0.011
4485.62217 16.634 0.012
4488.62279 16.758 0.015
4492.61304 16.700 0.011
4643.92671 16.651 0.011
4655.90888 16.568 0.009
4661.92269 16.702 0.010
4662.84626 16.689 0.009
4662.94413 16.683 0.010
4663.79500 16.566 0.011
4665.86815 16.696 0.011
4671.84655 16.526 0.010
4677.86593 16.692 0.009
4682.84035 16.587 0.010
4684.87836 16.697 0.010
4686.83832 16.570 0.008
4688.85456 16.717 0.009
4690.77989 16.578 0.009
4691.78322 16.618 0.010
4694.82950 16.579 0.012
4697.77385 16.670 0.012
4699.79488 16.627 0.009
4700.82877 16.704 0.009
4701.83645 16.622 0.009
4703.79565 16.650 0.010
4704.81438 16.734 0.010
4705.82199 16.612 0.011
4707.83940 16.669 0.009
4709.77020 16.601 0.009
4715.77878 16.700 0.010
4717.73337 16.570 0.009
4720.71224 16.663 0.010
4722.72748 16.602 0.009
4725.73268 16.568 0.010
4730.72325 16.644 0.008
4730.78595 16.639 0.008
4733.75817 16.566 0.009
4736.67487 16.608 0.010
4737.78245 16.579 0.008
4738.76766 16.667 0.010
4739.62192 16.714 0.012
4740.64989 16.596 0.010
4740.70075 16.584 0.009
4741.66360 16.577 0.009
4743.69745 16.696 0.009
4747.58202 16.677 0.011
4748.63104 16.567 0.009
4748.68621 16.588 0.010
4749.65155 16.609 0.011
4750.71907 16.706 0.013
4753.62052 16.635 0.011
4754.59359 16.677 0.012
4754.64462 16.667 0.011
4755.62647 16.664 0.010
4756.65422 16.555 0.010
4757.60705 16.649 0.009
4758.63443 16.683 0.009
4759.62854 16.630 0.010
4760.62110 16.565 0.009
4762.61090 16.680 0.010
4767.64649 16.602 0.010
4770.69477 16.657 0.011
4772.63213 16.575 0.010
4774.60762 16.666 0.009
4776.57940 16.605 0.011
4778.58077 16.658 0.010
4780.57801 16.613 0.010
4782.55091 16.662 0.010
4783.61250 16.555 0.010
4786.53282 16.660 0.011
4787.59991 16.546 0.013
4789.57864 16.725 0.010
4791.56020 16.565 0.010
4793.56755 16.675 0.010
4795.58042 16.579 0.009
4797.57259 16.696 0.011
4798.63582 16.585 0.010
4801.53706 16.645 0.009
4802.62452 16.555 0.010
4803.59645 16.582 0.009
4805.53146 16.672 0.012
4807.55819 16.597 0.011
4809.58333 16.639 0.009
4811.60524 16.614 0.010
4814.56307 16.590 0.011
4816.56526 16.695 0.010
4818.57919 16.552 0.010
4820.55718 16.744 0.011
4822.61397 16.583 0.009
4824.59880 16.685 0.011
4831.57041 16.683 0.011
4833.59828 16.565 0.009
4835.62100 16.752 0.012
4839.62403 16.692 0.012
4842.59068 16.650 0.011
4844.60113 16.638 0.011
4847.65535 16.637 0.014
4849.61534 16.570 0.010
4853.61260 16.594 0.010
4854.54170 16.710 0.011
4855.62582 16.667 0.013
4856.53299 16.596 0.010
4859.52760 16.675 0.015
4862.52504 16.707 0.014
4862.52865 16.713 0.012
4862.58499 16.740 0.010
4862.59963 16.728 0.010
4863.53531 16.650 0.009
4864.52963 16.577 0.012
4864.56974 16.566 0.009
4865.52740 16.611 0.012
4865.57255 16.623 0.010
4866.53437 16.739 0.014
4866.54343 16.757 0.013
4866.57465 16.738 0.011
4867.58212 16.623 0.010
4868.54477 16.569 0.010
4868.58178 16.566 0.010
4870.52433 16.729 0.014
4871.52270 16.604 0.014
4874.51953 16.740 0.015
4876.54323 16.585 0.009
4947.92041 16.679 0.011
4953.92420 16.615 0.010
