2090.89538 18.600 0.059
2105.90002 18.595 0.039
2106.86466 18.631 0.046
2116.84855 18.606 0.039
2123.79539 18.559 0.042
2124.81254 18.802 0.100
2127.80858 18.638 0.082
2128.80332 18.700 0.055
2129.83531 18.595 0.042
2130.80178 18.604 0.041
2131.89030 18.651 0.057
2132.78321 18.624 0.059
2135.81974 18.825 0.058
2136.83599 18.545 0.045
2137.79293 18.754 0.067
2140.78789 18.561 0.042
2142.80021 18.774 0.045
2143.79520 18.608 0.041
2144.89127 18.621 0.045
2155.85623 18.713 0.081
2156.80287 18.886 0.059
2162.73877 18.650 0.036
2166.73323 18.608 0.038
2167.81657 18.774 0.051
2171.71804 18.592 0.033
2172.72371 18.585 0.040
2173.70423 18.640 0.035
2177.59525 18.533 0.061
2183.64690 18.508 0.056
2184.67828 18.648 0.057
2185.64234 18.577 0.049
2187.73680 18.675 0.056
2188.65766 18.797 0.065
2190.66871 18.593 0.037
2191.72194 18.644 0.038
2192.64155 18.739 0.037
2193.66277 18.600 0.032
2194.63105 18.623 0.041
2195.69686 18.648 0.036
2201.64445 18.595 0.039
2203.69087 18.574 0.035
2204.63701 18.586 0.060
2208.68149 18.561 0.049
2211.61864 18.480 0.045
2212.61922 18.562 0.042
2213.62744 18.834 0.067
2214.61283 18.647 0.061
2215.62727 18.498 0.045
2217.61230 18.567 0.057
2219.65693 18.627 0.048
2222.62584 18.586 0.056
2224.68163 18.573 0.050
2226.61308 18.578 0.053
2229.59566 18.531 0.047
2231.54716 18.654 0.051
2233.55191 18.572 0.049
2235.63728 18.615 0.037
2237.55678 18.557 0.058
2242.59422 18.686 0.056
2250.54623 18.538 0.045
2252.59681 18.625 0.045
2255.58104 18.606 0.045
2257.60164 18.615 0.041
2262.59401 18.603 0.046
2264.57858 18.494 0.049
2266.54898 18.626 0.069
2271.56046 18.570 0.042
2277.57619 18.651 0.042
2280.54385 18.800 0.080
2284.58432 18.699 0.055
2291.57766 18.778 0.056
2293.55595 18.582 0.052
2297.54812 18.583 0.057
2444.92465 18.666 0.058
2458.92825 18.638 0.052
2463.89188 18.667 0.052
2465.90438 18.490 0.036
2467.87832 18.779 0.047
2469.87800 18.554 0.039
2471.88605 18.713 0.047
2473.86349 18.632 0.046
2483.83582 18.569 0.039
2486.85146 18.541 0.053
2488.84306 18.743 0.068
2489.89955 18.582 0.050
2492.88105 18.702 0.058
2495.86995 18.887 0.060
2496.88049 18.602 0.039
2497.90367 18.571 0.043
2498.90650 18.559 0.033
2499.83697 18.735 0.055
2500.84136 18.588 0.041
2501.83139 18.547 0.036
2502.81110 18.634 0.044
2503.82655 18.753 0.045
2511.83501 18.510 0.044
2516.86911 18.527 0.047
2517.79725 18.775 0.051
2518.77159 18.627 0.039
2520.76857 18.686 0.043
2526.75506 18.609 0.030
2534.80897 18.668 0.056
2535.86941 18.571 0.047
2537.67947 18.689 0.066
2538.76809 18.812 0.061
2539.67700 18.631 0.051
2540.69847 18.561 0.061
2541.68243 18.653 0.041
2542.65854 18.667 0.046
2544.63963 18.558 0.038
2545.65255 18.789 0.048
2547.67028 18.582 0.051
2548.68912 18.615 0.041
2550.68391 18.596 0.041
2551.67055 18.590 0.039
2552.68670 18.767 0.042
2554.68000 18.553 0.036
2555.68783 18.670 0.039
2556.66690 18.698 0.047
2557.67919 18.593 0.035
2558.63603 18.603 0.046
2559.59192 18.724 0.058
2560.62578 18.658 0.045
2561.65146 18.506 0.056
2562.64406 18.623 0.043
2563.65202 18.643 0.052
2564.66762 18.615 0.052
2565.64904 18.527 0.038
2566.63642 18.646 0.044
2568.63914 18.524 0.086
2573.63345 18.733 0.059
2574.61707 18.604 0.045
2575.63437 18.627 0.041
2576.61693 18.587 0.056
2577.60276 18.679 0.069
2578.60122 18.525 0.048
2579.61083 18.631 0.047
2580.59859 18.656 0.046
2583.59419 18.697 0.066
2584.60200 18.705 0.057
2587.58547 18.632 0.047
2588.61359 18.694 0.045
2589.57069 18.566 0.045
2590.59008 18.566 0.049
2591.59134 18.666 0.051
2593.58141 18.547 0.038
2594.58578 18.562 0.058
2596.56094 18.589 0.058
2597.54917 18.592 0.064
2598.59627 18.731 0.047
2599.57852 18.672 0.063
2606.66323 18.558 0.045
2609.60612 18.869 0.067
2611.57607 18.574 0.062
2614.58142 18.554 0.036
2618.57467 18.520 0.053
2620.57243 18.596 0.057
2623.58009 18.937 0.067
2626.57169 18.735 0.073
2628.53428 18.525 0.076
2632.54077 18.585 0.043
2636.53588 18.643 0.060
2641.56003 18.701 0.044
2645.56963 18.635 0.045
2650.56621 18.599 0.044
2653.57947 18.572 0.052
2656.55882 18.586 0.070
2659.58530 18.706 0.062
2663.55000 18.504 0.058
2671.54433 18.594 0.046
2673.53758 18.715 0.074
2675.55433 18.621 0.056
2681.57089 18.551 0.059
2777.88052 18.798 0.090
2804.92340 18.607 0.074
2809.94658 18.550 0.065
2813.93201 18.568 0.045
2817.90446 18.805 0.067
2831.75565 18.585 0.070
2832.89701 18.579 0.044
2833.84247 18.539 0.055
2835.92785 18.713 0.053
2837.84838 18.685 0.071
2838.86902 18.629 0.059
2839.88225 18.650 0.047
2844.85012 18.590 0.036
2845.84647 18.618 0.055
2848.93314 18.569 0.062
2850.86587 18.641 0.058
2851.90923 18.574 0.044
2853.92007 18.679 0.046
2856.79303 18.801 0.072
2858.88723 18.584 0.037
2860.85326 18.661 0.041
2862.82880 18.574 0.051
2863.81148 18.743 0.064
2866.84380 18.583 0.061
2867.77977 18.691 0.044
2875.77509 18.683 0.059
2877.77529 18.607 0.038
2883.80233 18.576 0.031
2885.73745 18.662 0.044
2888.78564 18.684 0.049
2892.77751 18.640 0.062
2894.78070 18.674 0.052
2896.78210 18.614 0.038
2898.79843 18.664 0.042
2900.72262 18.562 0.031
2902.72339 18.721 0.040
2905.73052 18.591 0.036
2907.73154 18.610 0.035
2909.71894 18.685 0.037
2911.71201 18.573 0.030
2915.68364 18.561 0.038
2917.70908 18.615 0.033
2921.70417 18.625 0.051
2925.69182 18.573 0.037
2927.68935 18.884 0.058
2930.70718 18.626 0.042
2932.71002 18.574 0.042
2937.61398 18.530 0.052
2940.61083 18.599 0.033
2942.61084 18.643 0.041
2944.56676 18.588 0.041
2946.55826 18.676 0.058
2947.58029 18.599 0.047
2951.60609 18.655 0.055
2952.63314 18.714 0.046
2956.60625 18.630 0.035
2958.59101 18.622 0.041
2966.58491 18.755 0.041
2969.62770 18.663 0.049
2975.59754 18.575 0.041
2977.59012 18.713 0.064
2979.55620 18.614 0.053
2981.60099 18.609 0.073
2985.65523 18.594 0.050
2987.55292 18.740 0.048
2990.58405 18.707 0.046
2992.54653 18.503 0.047
2995.59206 18.595 0.030
2998.54813 18.711 0.061
3001.55085 18.653 0.058
3004.54160 18.603 0.052
3007.54931 18.600 0.040
3010.54857 18.609 0.043
3019.56954 18.868 0.053
3021.59304 18.636 0.033
3023.54741 18.672 0.049
3025.54472 18.591 0.043
3027.58095 18.676 0.047
3031.55719 18.585 0.044
3033.55994 18.792 0.049
3035.59329 18.565 0.039
3040.54010 18.622 0.060
3133.92344 18.572 0.052
3160.83573 18.886 0.080
3175.94660 18.604 0.046
3182.95081 18.576 0.040
3191.94703 18.648 0.048
3195.91642 18.690 0.039
3197.89196 18.503 0.048
3199.92542 18.775 0.061
3203.85413 18.665 0.035
3204.92012 18.596 0.046
3210.87110 18.708 0.058
3211.93571 18.644 0.046
3216.69893 18.685 0.067
3218.81537 18.713 0.082
3223.81208 18.616 0.051
3226.80115 18.458 0.046
3229.80624 18.547 0.031
3240.74887 18.671 0.048
3242.69147 18.685 0.046
3243.82416 18.543 0.039
3244.80522 18.599 0.043
3245.75065 18.792 0.052
3246.74312 18.534 0.044
3247.73826 18.549 0.047
3248.78468 18.695 0.049
3250.78784 18.587 0.034
3253.74330 18.742 0.050
3256.72610 18.665 0.045
3260.68103 18.648 0.046
3262.71302 18.590 0.028
3264.66868 18.584 0.032
3266.73973 18.762 0.049
3268.66939 18.545 0.034
3270.64315 18.815 0.062
3271.64088 18.583 0.050
3272.69785 18.548 0.040
3274.68005 18.589 0.045
3276.68873 18.669 0.048
3277.72139 18.684 0.049
3278.77901 18.705 0.065
3280.67471 18.612 0.035
3282.66544 18.603 0.026
3286.62835 18.589 0.036
3288.64204 18.776 0.041
3293.57368 18.502 0.032
3295.59203 18.781 0.030
3297.57369 18.590 0.035
3299.63061 18.697 0.036
3301.60466 18.647 0.053
3303.66690 18.572 0.048
3306.59779 18.608 0.033
3308.58742 18.675 0.058
3310.58646 18.626 0.062
3312.58872 18.628 0.043
3315.60927 18.566 0.034
3320.57248 18.651 0.053
3321.57451 18.538 0.039
3324.59880 18.594 0.039
3329.55225 18.629 0.041
3334.54269 18.769 0.059
3336.56429 18.602 0.042
3349.57261 18.598 0.031
3355.57740 18.741 0.036
3362.56034 18.784 0.041
3367.59005 18.524 0.041
3372.54133 18.592 0.039
3378.56796 18.474 0.038
3386.53493 18.591 0.038
3389.56976 18.534 0.040
3398.53387 18.518 0.041
3544.94196 18.566 0.040
3552.94787 18.539 0.085
3561.91554 18.539 0.028
3564.88280 18.578 0.032
3569.90138 18.564 0.034
3570.71666 18.794 0.069
3573.83444 18.663 0.052
3574.85489 18.724 0.048
3577.87297 18.725 0.043
3578.87152 18.669 0.035
3581.81803 18.641 0.035
3582.80099 18.619 0.046
3583.81502 18.579 0.042
3585.84400 18.560 0.023
3589.81074 18.635 0.033
3591.82511 18.668 0.029
3593.86056 18.617 0.039
3596.76440 18.605 0.046
3601.78312 18.584 0.040
3603.85124 18.557 0.039
3608.79395 18.574 0.030
3615.80697 18.535 0.032
3618.80422 18.590 0.034
3620.83606 18.754 0.035
3622.78772 18.549 0.035
3626.68777 18.645 0.040
3629.71429 18.541 0.047
3631.72082 18.640 0.053
3633.66558 18.592 0.049
3638.68895 18.567 0.041
3641.67354 18.722 0.037
3643.69807 18.624 0.045
3646.62576 18.542 0.036
3650.62736 18.560 0.038
3651.70647 18.646 0.037
3653.67284 18.559 0.032
3655.66832 18.779 0.044
3657.60113 18.547 0.039
3658.60274 18.596 0.050
3659.61675 18.682 0.051
3660.65627 18.592 0.043
3664.67528 18.572 0.028
3666.69879 18.714 0.037
3669.65189 18.721 0.046
3671.59727 18.510 0.038
3673.64572 18.711 0.058
3675.63564 18.533 0.031
3681.58676 18.754 0.060
3683.61672 18.561 0.038
3685.61355 18.599 0.035
3687.61856 18.760 0.048
3689.57170 18.562 0.036
3692.54324 18.581 0.040
3694.54056 18.726 0.058
3696.53279 18.662 0.035
3698.53805 18.589 0.053
3700.54979 18.642 0.042
3702.55565 18.499 0.042
3704.55654 18.697 0.043
3706.56301 18.481 0.032
3708.55644 18.622 0.043
3711.56388 18.599 0.041
3713.58624 18.576 0.037
3716.58750 18.649 0.074
3719.58674 18.827 0.053
3722.56530 18.569 0.043
3725.60590 18.614 0.031
3727.56869 18.638 0.050
3732.61361 18.645 0.038
3740.55467 18.806 0.042
3745.54792 18.534 0.051
3749.54991 18.436 0.060
3755.54924 18.605 0.062
3760.55108 18.564 0.053
3765.53937 18.649 0.033
3771.55778 18.636 0.056
3775.56268 18.615 0.052
3780.54522 18.653 0.063
3871.85575 18.647 0.068
3900.94426 18.697 0.058
3905.93895 18.645 0.041
3913.89765 18.730 0.033
3917.92709 18.671 0.040
3921.90984 18.649 0.059
3931.88097 18.750 0.050
3933.92574 18.670 0.040
3935.90412 18.658 0.033
3937.86492 18.532 0.050
3938.92463 18.710 0.042
3944.87915 18.577 0.039
3946.84404 18.586 0.030
3951.86569 18.620 0.046
3955.82706 18.686 0.058
3958.80858 18.657 0.043
3960.80868 18.710 0.044
3963.80541 18.603 0.048
3965.79725 18.582 0.024
3967.81700 18.616 0.026
3969.78290 18.672 0.039
3971.75842 18.614 0.033
3974.76062 18.611 0.038
3979.71607 18.555 0.037
3980.59869 18.604 0.057
3981.62295 18.591 0.036
3983.88433 18.581 0.046
3987.76392 18.627 0.037
3990.77116 18.624 0.033
3993.71410 18.591 0.038
3995.71871 18.568 0.032
3999.72612 18.615 0.035
4002.70330 18.688 0.031
4004.65495 18.580 0.032
4006.68136 18.586 0.030
4007.67416 18.592 0.033
4008.55340 18.567 0.034
4013.67787 18.643 0.051
4015.65894 18.699 0.071
4017.67642 18.548 0.041
4019.66538 18.510 0.040
4021.65879 18.556 0.031
4024.63217 18.676 0.040
4026.61113 18.664 0.036
4028.60689 18.549 0.030
4030.61613 18.754 0.040
4032.67111 18.644 0.044
4037.58249 18.730 0.039
4039.58578 18.604 0.034
4041.57790 18.701 0.055
4043.57098 18.513 0.049
4046.54331 18.524 0.041
4048.54626 18.665 0.049
4050.56771 18.618 0.038
4052.54011 18.652 0.037
4054.59466 18.647 0.041
4056.56664 18.622 0.042
4059.52823 18.692 0.043
4061.56370 18.526 0.033
4065.58087 18.702 0.038
4067.54125 18.558 0.043
4069.56525 18.784 0.046
4072.62251 18.668 0.042
4076.62505 18.708 0.059
4078.58364 18.572 0.033
4080.59563 18.575 0.040
4083.61775 18.825 0.062
4087.57758 18.760 0.041
4093.59712 18.630 0.033
4099.59273 18.627 0.051
4103.61965 18.549 0.050
4111.57172 18.669 0.033
4124.56660 18.558 0.041
4132.56867 18.618 0.062
4252.90775 18.703 0.062
4255.82195 18.528 0.065
4273.90729 18.579 0.058
4278.93091 18.623 0.047
4279.88256 18.580 0.060
4282.78932 18.533 0.052
4283.90624 18.546 0.050
4285.89952 18.632 0.046
4291.91996 18.577 0.050
4293.88806 18.588 0.034
4296.87229 18.600 0.034
4297.90503 18.620 0.037
4299.84013 18.663 0.036
4300.86149 18.599 0.038
4301.87956 18.624 0.032
4302.89574 18.806 0.055
4303.92009 18.698 0.043
4307.87939 18.622 0.031
4308.64106 18.589 0.043
4308.79568 18.594 0.038
4310.81958 18.568 0.051
4311.80779 18.594 0.064
4312.88214 18.640 0.033
4314.90186 18.583 0.048
4316.80899 18.732 0.052
4319.84049 18.652 0.039
4326.81437 18.655 0.047
4327.79432 18.724 0.061
4328.81009 18.552 0.044
4329.89497 18.583 0.042
4331.87649 18.664 0.051
4333.91076 18.565 0.046
4338.87898 18.651 0.058
4340.75073 18.566 0.045
4341.74678 18.831 0.064
4342.77106 18.563 0.049
4343.74012 18.621 0.040
4345.76825 18.593 0.040
4347.75717 18.573 0.034
4349.74883 18.608 0.035
4354.73767 18.601 0.045
4356.74006 18.665 0.045
4358.77000 18.587 0.048
4361.69784 18.547 0.046
4363.60079 18.656 0.055
4364.75627 18.654 0.055
4367.67702 18.604 0.052
4371.64260 18.602 0.047
4373.66090 18.771 0.043
4377.73267 18.592 0.035
4379.62437 18.521 0.055
4380.72019 18.752 0.042
4382.66432 18.575 0.046
4387.70956 18.688 0.035
4390.64930 18.670 0.037
4392.67354 18.611 0.039
4395.65492 18.662 0.051
4397.69555 18.643 0.045
4400.62504 18.618 0.052
4403.63411 18.612 0.049
4408.63720 18.648 0.044
4411.64987 18.616 0.038
4416.66463 18.686 0.039
4421.66747 18.540 0.042
4424.58747 18.561 0.044
4426.62601 18.829 0.065
4428.56495 18.638 0.064
4430.60348 18.606 0.045
4432.64748 18.608 0.050
4434.61641 18.592 0.040
4436.59276 18.620 0.042
4438.61528 18.581 0.044
4440.58878 18.825 0.066
4441.57780 18.562 0.047
4443.53726 18.636 0.039
4450.56772 18.593 0.052
4453.55970 18.650 0.056
4456.56122 18.527 0.053
4463.57321 18.556 0.050
4466.55730 18.622 0.047
4476.55787 18.642 0.045
4479.58762 18.771 0.067
4483.58066 18.689 0.052
4486.60065 18.622 0.063
4492.59805 18.570 0.048
4609.86918 18.562 0.050
4630.94714 18.645 0.072
4638.93410 18.759 0.045
4652.90902 18.859 0.058
4661.89020 18.629 0.040
4662.73716 18.571 0.058
4663.72674 18.624 0.058
4665.79984 18.644 0.053
4666.88769 18.837 0.064
4670.88195 18.704 0.049
4671.81421 18.602 0.045
4672.85619 18.615 0.042
4675.86256 18.584 0.042
4681.85349 18.637 0.032
4683.82765 18.572 0.040
4685.83477 18.578 0.049
4687.87032 18.796 0.044
4689.74365 18.591 0.037
4690.71132 18.672 0.038
4691.71436 18.653 0.053
4693.86942 18.619 0.062
4696.79102 18.553 0.061
4698.73116 18.869 0.046
4700.76256 18.598 0.037
4701.71684 18.666 0.042
4701.76771 18.628 0.037
4702.82777 18.607 0.042
4703.72705 18.642 0.042
4704.74605 18.639 0.033
4705.75322 18.774 0.048
4708.81404 18.655 0.034
4710.72771 18.595 0.032
4716.73082 18.769 0.034
4719.72365 18.445 0.051
4721.69423 18.651 0.053
4725.69956 18.537 0.043
4728.72116 18.655 0.042
4731.71822 18.638 0.035
4734.70681 18.684 0.036
4743.68143 18.662 0.039
4748.67126 18.695 0.040
4750.67305 18.604 0.044
4750.70424 18.606 0.046
4754.62991 18.649 0.053
4756.63920 18.542 0.043
4758.61964 18.664 0.039
4760.60632 18.575 0.035
4762.58272 18.770 0.057
4766.57920 18.679 0.058
4769.61687 18.649 0.057
4771.66229 18.589 0.033
4773.63328 18.599 0.036
4775.63684 18.557 0.049
4777.57119 18.647 0.055
4779.57164 18.696 0.048
4781.55970 18.632 0.046
4782.63031 18.646 0.045
4783.53998 18.738 0.062
4785.57403 18.561 0.050
4786.61401 18.715 0.055
4788.58831 18.502 0.036
4790.57055 18.714 0.032
4792.54640 18.628 0.038
4794.55022 18.724 0.042
4796.61990 18.580 0.037
4798.56575 18.709 0.048
4800.58555 18.547 0.033
4802.59155 18.626 0.047
4804.57317 18.679 0.057
4808.59010 18.695 0.049
4810.58759 18.610 0.046
4813.54918 18.583 0.051
4815.54019 18.844 0.076
4817.56537 18.539 0.036
4819.55938 18.644 0.048
4821.62028 18.587 0.033
4823.58548 18.630 0.041
4825.60612 18.628 0.046
4832.56457 18.741 0.050
4834.58964 18.668 0.063
4837.58084 18.613 0.052
4841.54667 18.628 0.049
4843.55136 18.714 0.067
4845.54895 18.558 0.048
4846.55625 18.621 0.045
4848.59679 18.589 0.037
4849.58192 18.552 0.036
4853.57957 18.598 0.045
4856.56053 18.638 0.035
4865.54695 18.616 0.051
