2086.92153 18.841 0.061
2104.85361 18.811 0.041
2106.91348 18.749 0.054
2113.83393 18.945 0.068
2114.84820 18.731 0.062
2115.90842 18.709 0.051
2116.89452 18.904 0.047
2117.90023 18.717 0.043
2122.83281 18.781 0.090
2123.84320 18.745 0.050
2128.84777 18.900 0.072
2129.87992 18.787 0.053
2130.82878 18.738 0.050
2131.82228 18.713 0.048
2132.82847 18.694 0.055
2133.91705 18.688 0.078
2134.83340 18.664 0.053
2135.86858 18.637 0.045
2136.86775 18.773 0.067
2137.91239 18.720 0.071
2140.83763 18.719 0.052
2142.88455 18.700 0.050
2143.83858 18.720 0.046
2144.81010 18.769 0.038
2155.90109 18.841 0.094
2156.84762 18.812 0.056
2162.78389 18.852 0.043
2166.77868 18.759 0.043
2167.74947 18.781 0.045
2168.73598 18.762 0.047
2171.76202 18.823 0.043
2172.76860 18.843 0.053
2173.73069 18.767 0.042
2177.66232 18.738 0.054
2184.72372 18.804 0.072
2185.68718 18.852 0.071
2187.66977 18.770 0.068
2190.71373 18.734 0.051
2191.65554 18.778 0.050
2192.68396 18.794 0.034
2193.70496 18.795 0.039
2194.67620 18.820 0.049
2200.68718 18.727 0.051
2201.74231 18.849 0.049
2206.62815 18.813 0.083
2211.66680 18.755 0.045
2212.66586 18.753 0.056
2213.67685 18.781 0.074
2214.66322 18.754 0.078
2215.67850 18.860 0.063
2217.65616 18.808 0.074
2219.69933 18.724 0.052
2222.74855 18.959 0.088
2223.68828 18.645 0.054
2225.61782 18.885 0.048
2228.57957 18.816 0.058
2230.51686 18.745 0.075
2232.53064 18.764 0.054
2234.57271 18.694 0.043
2236.56221 18.801 0.047
2238.56759 18.729 0.053
2241.55440 18.693 0.060
2243.59267 18.739 0.051
2248.63710 18.737 0.045
2250.61151 18.718 0.044
2253.59101 18.776 0.053
2256.57329 18.685 0.054
2258.61374 18.828 0.043
2263.60502 18.745 0.062
2265.63101 18.902 0.052
2270.58923 18.885 0.052
2272.58728 18.833 0.062
2274.57113 18.796 0.070
2276.53865 18.766 0.056
2280.55122 18.914 0.085
2285.58971 18.875 0.058
2289.58665 18.719 0.050
2291.58735 18.717 0.048
2293.58791 18.744 0.057
2295.58425 18.827 0.060
2297.58741 18.645 0.050
2299.58389 18.763 0.061
2301.57657 18.866 0.076
2460.90851 18.760 0.074
2463.93761 18.775 0.051
2466.85945 18.694 0.062
2467.92334 18.727 0.053
2469.92262 18.718 0.039
2471.91215 18.759 0.052
2472.90223 18.820 0.041
2473.92843 18.821 0.044
2481.88768 18.655 0.060
2483.91131 18.721 0.040
2486.91145 18.698 0.066
2488.91341 18.724 0.071
2492.92571 18.703 0.048
2495.92087 19.001 0.060
2496.92549 19.002 0.060
2498.79675 18.784 0.047
2499.88173 18.972 0.055
2500.89014 18.780 0.058
2501.87689 18.760 0.044
2502.85706 18.709 0.059
2508.76765 18.798 0.102
2516.79912 18.789 0.066
2517.84587 18.763 0.057
2518.81819 18.746 0.054
2519.81645 18.991 0.051
2520.81462 18.745 0.052
2521.80778 18.770 0.043
2524.80631 18.791 0.064
2526.80011 18.772 0.035
2529.79635 18.729 0.046
2534.85695 18.780 0.066
2535.79458 18.689 0.051
2537.72465 18.644 0.064
2538.82549 18.726 0.064
2539.72265 18.759 0.053
2540.76541 18.762 0.072
2541.73454 18.723 0.047
2542.70435 18.982 0.055
2544.68455 18.768 0.047
2545.69781 18.760 0.043
2547.71580 18.726 0.049
2548.73404 18.782 0.051
2550.72932 18.770 0.046
2551.71584 18.802 0.045
2552.73183 18.764 0.039
2553.67260 18.797 0.065
2554.72497 18.831 0.051
2555.73288 18.888 0.052
2556.71196 18.734 0.043
2557.72450 18.766 0.037
2558.68095 18.777 0.047
2559.63798 18.770 0.055
2560.67095 18.718 0.041
2561.71657 18.765 0.060
2562.68930 18.945 0.061
2563.69722 18.729 0.050
2564.71362 18.734 0.055
2565.70935 18.739 0.053
2566.68429 18.721 0.049
2568.75335 18.772 0.079
2571.67013 18.832 0.054
2572.77733 18.860 0.087
2573.68325 18.697 0.067
2574.66321 18.805 0.047
2576.69796 18.780 0.057
2577.66299 18.717 0.065
2578.65052 18.762 0.056
2579.66106 18.726 0.055
2580.66917 18.747 0.049
2583.64121 18.708 0.059
2584.64769 18.798 0.058
2586.66313 18.701 0.046
2587.63100 18.723 0.051
2589.62189 18.754 0.050
2590.63867 18.756 0.057
2591.66483 18.729 0.055
2593.62810 18.709 0.050
2594.63411 18.713 0.061
2596.60776 18.731 0.062
2597.59493 18.936 0.089
2598.67513 18.754 0.059
2599.62921 18.758 0.068
2607.64930 18.794 0.070
2610.57065 18.814 0.066
2613.56455 18.737 0.056
2615.59498 18.778 0.047
2619.57948 18.757 0.062
2621.58853 18.817 0.071
2625.57120 18.782 0.079
2627.54189 18.745 0.068
2630.55615 18.836 0.083
2635.56986 18.745 0.046
2637.56475 18.772 0.050
2640.53508 18.770 0.063
2642.57483 18.751 0.065
2646.58618 18.854 0.063
2651.56047 18.793 0.076
2654.58456 18.779 0.079
2657.54036 18.646 0.068
2661.53687 18.760 0.042
2664.57735 18.755 0.076
2667.53616 18.788 0.075
2672.55530 18.847 0.094
2676.54550 18.742 0.059
2679.56021 18.737 0.055
2683.53877 18.802 0.086
2777.92553 18.787 0.067
2804.85406 18.713 0.091
2805.87134 18.893 0.108
2811.92647 18.765 0.071
2815.90009 18.767 0.050
2817.94873 18.826 0.123
2825.93196 18.786 0.068
2830.83926 18.823 0.061
2831.80886 18.661 0.058
2832.76957 18.687 0.055
2832.94747 18.695 0.066
2833.88741 18.762 0.072
2834.93806 18.748 0.062
2836.88186 18.547 0.107
2838.83943 18.755 0.069
2840.84711 18.860 0.053
2843.84842 18.799 0.048
2844.89415 18.747 0.047
2845.94117 18.750 0.065
2849.87768 18.785 0.058
2850.91043 18.706 0.058
2852.83903 18.797 0.079
2854.85034 18.753 0.068
2857.85776 18.735 0.052
2858.93138 18.740 0.045
2860.89731 18.764 0.046
2861.76875 18.704 0.043
2862.89217 18.578 0.052
2863.85684 18.786 0.074
2865.81655 18.729 0.051
2867.80597 18.768 0.046
2868.80956 18.751 0.048
2869.79609 18.712 0.045
2870.83760 18.683 0.042
2871.88072 18.774 0.050
2872.83755 18.776 0.042
2875.82839 18.743 0.052
2876.79780 18.807 0.044
2879.72431 18.739 0.045
2883.84753 18.769 0.042
2885.78286 18.797 0.039
2890.71377 18.770 0.082
2893.76519 18.797 0.051
2895.81442 18.753 0.045
2897.71794 18.701 0.048
2899.75560 18.748 0.040
2903.77136 18.711 0.030
2906.72361 18.798 0.041
2908.70062 18.728 0.048
2910.69548 18.769 0.051
2912.70084 18.740 0.041
2916.71358 18.761 0.039
2918.69046 18.767 0.048
2922.69044 19.003 0.069
2924.63142 18.827 0.062
2926.62544 18.799 0.061
2929.68661 18.800 0.054
2931.66256 18.727 0.037
2933.67302 18.706 0.033
2935.63736 18.789 0.060
2937.66296 18.745 0.060
2939.67843 18.753 0.055
2940.65556 18.753 0.034
2941.63083 18.790 0.039
2942.65562 18.843 0.054
2943.62697 18.733 0.054
2944.61135 18.774 0.053
2946.60608 18.730 0.052
2947.63769 18.750 0.053
2949.61876 18.773 0.048
2950.57032 18.776 0.056
2951.65088 18.750 0.059
2953.59882 18.713 0.048
2955.58392 18.789 0.067
2957.59754 18.734 0.039
2960.61667 18.760 0.059
2962.65182 18.865 0.055
2965.65449 18.987 0.059
2968.61683 18.722 0.061
2970.63565 18.734 0.047
2972.64021 18.861 0.067
2975.54830 18.752 0.046
2977.64410 18.665 0.066
2979.58399 18.803 0.061
2981.63128 18.988 0.124
2983.56480 18.765 0.055
2986.58140 18.758 0.046
2988.55338 18.909 0.065
2991.57953 18.758 0.058
2994.56595 18.783 0.051
2997.58066 18.756 0.046
3000.57236 18.765 0.050
3003.55468 18.772 0.058
3006.54197 18.725 0.048
3009.53724 18.907 0.084
3013.53965 18.743 0.060
3015.57491 18.819 0.055
3018.55200 18.644 0.058
3020.58772 18.745 0.048
3024.54039 18.784 0.069
3025.60001 19.009 0.064
3027.62550 18.761 0.048
3029.59718 18.773 0.052
3031.60201 18.791 0.051
3034.53225 18.790 0.055
3037.55144 18.748 0.068
3177.93916 18.840 0.077
3183.93344 18.626 0.053
3193.90132 18.804 0.047
3196.87341 18.820 0.046
3197.93581 18.887 0.067
3199.93449 18.842 0.087
3202.86127 18.890 0.056
3203.90135 18.765 0.037
3204.94686 18.807 0.064
3206.83917 18.731 0.052
3210.91514 18.803 0.053
3211.86974 18.752 0.050
3215.80488 18.728 0.074
3216.75078 18.714 0.069
3217.80073 18.791 0.070
3223.85690 18.778 0.059
3228.77557 18.787 0.059
3229.85740 18.768 0.040
3231.83890 18.781 0.064
3238.77575 18.736 0.046
3239.81930 18.898 0.050
3240.81200 18.695 0.058
3241.79549 18.708 0.046
3242.73945 19.018 0.058
3243.87206 18.750 0.058
3244.85067 18.884 0.083
3245.79842 18.731 0.060
3246.79117 18.632 0.051
3247.79953 18.707 0.057
3249.74984 18.715 0.058
3251.76341 18.763 0.037
3254.75108 18.708 0.038
3257.77540 18.789 0.035
3259.68813 18.815 0.044
3261.72417 18.730 0.037
3263.72140 18.793 0.035
3265.74273 18.799 0.050
3267.72949 18.744 0.040
3270.68294 18.634 0.044
3271.68586 18.682 0.049
3273.64418 18.642 0.060
3275.63007 18.811 0.071
3276.73343 18.889 0.071
3277.77208 18.698 0.049
3279.70370 18.801 0.046
3281.66225 18.803 0.036
3283.66393 18.724 0.030
3287.63009 18.813 0.048
3289.64504 18.796 0.039
3291.57800 18.802 0.055
3295.63653 18.687 0.028
3298.57442 18.888 0.046
3300.57673 18.657 0.053
3302.55371 18.810 0.065
3305.65373 18.944 0.058
3307.56602 18.767 0.074
3309.59110 18.749 0.044
3311.54272 18.803 0.053
3314.58567 18.624 0.071
3320.62349 18.813 0.043
3323.57092 18.792 0.049
3327.57844 18.767 0.043
3330.57393 18.733 0.059
3335.61794 18.815 0.065
3338.56361 18.771 0.045
3350.53794 18.792 0.042
3353.59651 18.722 0.042
3359.57838 18.818 0.051
3363.58049 18.866 0.064
3367.64009 18.720 0.056
3372.57356 18.827 0.047
3376.54970 18.820 0.042
3380.53613 18.753 0.074
3386.58308 18.812 0.037
3395.53091 18.879 0.093
3398.57862 18.897 0.068
3402.57585 18.803 0.054
3543.88948 18.711 0.050
3551.91296 18.701 0.047
3554.94420 18.744 0.057
3561.95140 18.653 0.067
3564.92910 18.797 0.034
3568.87470 18.680 0.047
3570.83573 18.765 0.070
3571.82667 18.920 0.086
3573.87237 18.768 0.071
3575.82813 18.708 0.043
3577.88450 18.853 0.059
3578.92054 18.767 0.040
3579.82559 18.799 0.038
3581.89467 18.726 0.055
3582.85097 18.902 0.074
3583.86119 18.788 0.044
3584.83143 18.777 0.047
3585.88230 18.737 0.032
3586.83446 18.749 0.034
3588.85274 18.729 0.044
3590.80879 18.814 0.036
3592.77354 18.764 0.030
3594.81303 18.746 0.038
3597.85295 18.884 0.055
3600.88915 18.631 0.077
3602.75000 18.833 0.073
3607.84113 18.779 0.039
3614.81334 18.749 0.035
3617.79714 18.675 0.033
3619.77522 18.740 0.041
3621.76772 18.780 0.040
3628.79458 18.951 0.089
3630.64647 18.745 0.066
3632.64381 18.845 0.082
3634.71671 18.769 0.042
3637.67552 18.845 0.055
3639.72545 18.748 0.030
3641.72221 18.789 0.046
3643.82063 18.610 0.053
3644.76131 18.701 0.031
3646.69235 18.768 0.050
3650.71358 18.827 0.042
3652.64871 18.678 0.033
3654.62702 18.710 0.040
3656.65072 18.762 0.045
3657.70841 18.799 0.042
3658.68572 18.794 0.056
3659.66604 18.883 0.067
3661.61473 18.570 0.051
3663.63769 18.652 0.057
3665.67000 18.974 0.051
3668.61917 18.831 0.060
3670.56986 18.941 0.068
3672.60931 18.680 0.051
3674.66816 18.756 0.037
3676.60857 18.636 0.042
3682.58531 18.773 0.053
3684.57820 18.797 0.043
3686.56809 18.718 0.045
3688.54115 19.042 0.058
3690.54705 18.704 0.066
3692.59962 18.812 0.057
3694.58619 18.775 0.042
3696.58233 18.746 0.037
3698.61606 18.970 0.073
3700.62609 18.656 0.046
3702.61702 18.696 0.046
3704.61753 18.833 0.053
3706.63241 18.800 0.038
3708.61381 18.833 0.058
3712.57033 18.717 0.041
3714.57303 18.754 0.052
3718.55650 18.731 0.052
3721.58868 18.706 0.055
3725.61758 18.999 0.046
3730.54182 18.746 0.036
3734.61251 18.789 0.041
3738.56458 18.794 0.054
3742.56175 18.803 0.070
3747.56253 18.934 0.075
3751.57033 18.822 0.076
3762.54834 18.773 0.074
3766.55357 18.750 0.042
3772.58033 18.694 0.044
3777.52767 18.765 0.071
3871.89974 18.744 0.064
3902.92003 18.874 0.064
3907.91487 18.741 0.049
3913.94042 18.733 0.035
3918.91019 18.777 0.040
3931.94175 18.681 0.061
3934.87970 18.752 0.041
3936.88802 18.619 0.044
3938.87205 18.631 0.045
3945.87897 18.748 0.041
3950.82390 18.703 0.040
3957.77944 18.948 0.094
3959.76889 18.747 0.056
3961.76302 18.779 0.067
3964.77127 18.719 0.032
3966.76352 18.768 0.036
3968.75719 18.817 0.042
3970.74888 18.796 0.034
3973.71818 18.741 0.050
3975.73044 18.795 0.044
3980.66569 18.740 0.051
3981.66545 18.704 0.043
3982.72979 18.940 0.076
3986.70312 18.855 0.061
3991.73234 18.834 0.061
3994.64474 18.738 0.051
3998.67513 18.813 0.062
4001.64593 18.845 0.041
4003.61736 18.739 0.051
4004.69715 18.841 0.046
4005.69130 18.559 0.031
4007.58456 18.772 0.046
4008.59344 18.948 0.041
4011.64394 18.757 0.045
4014.62637 18.794 0.076
4016.62315 18.685 0.047
4018.61955 18.822 0.048
4020.62300 18.870 0.065
4023.60886 18.847 0.060
4025.60923 18.910 0.059
4027.59736 18.805 0.054
4029.57966 18.827 0.050
4031.56675 18.722 0.041
4033.66099 18.742 0.043
4038.55618 18.717 0.056
4042.56434 18.779 0.051
4044.58735 18.923 0.088
4046.62044 18.692 0.051
4049.53237 18.759 0.039
4051.58195 18.743 0.046
4053.62938 18.828 0.039
4055.52203 18.992 0.089
4057.59738 18.760 0.073
4059.59585 18.806 0.045
4063.54088 18.633 0.043
4065.59293 18.822 0.042
4067.58378 18.765 0.044
4069.53666 18.726 0.050
4071.54748 18.781 0.051
4074.54357 18.720 0.049
4077.54530 18.665 0.039
4079.54548 18.709 0.048
4082.54683 18.803 0.046
4085.62418 18.994 0.070
4092.57966 18.826 0.037
4097.62224 18.726 0.051
4100.61370 18.815 0.055
4105.57770 18.881 0.063
4111.61414 18.772 0.037
4115.53361 18.865 0.062
4120.56452 18.669 0.041
4124.58160 18.684 0.044
4128.59999 18.890 0.055
4252.94769 18.703 0.069
4255.86769 18.779 0.065
4268.92644 18.772 0.050
4275.94137 18.741 0.061
4279.83820 18.609 0.069
4282.82960 18.982 0.071
4283.84865 18.821 0.078
4284.87907 18.829 0.073
4285.94449 18.705 0.059
4292.88693 18.749 0.040
4295.88040 18.774 0.048
4296.91088 18.732 0.036
4297.94282 18.724 0.044
4299.87768 18.810 0.040
4300.89942 18.766 0.042
4301.91797 18.770 0.035
4302.93987 18.856 0.053
4306.93658 18.721 0.054
4307.85114 18.769 0.040
4308.67933 18.745 0.054
4308.88727 18.722 0.047
4310.85942 18.850 0.058
4311.85928 18.741 0.082
4312.92146 18.766 0.043
4314.94054 18.780 0.078
4316.84842 18.827 0.072
4320.87573 18.781 0.052
4326.85794 18.634 0.056
4327.83410 18.561 0.072
4328.84984 18.850 0.058
4329.85096 18.814 0.055
4330.88048 18.841 0.050
4332.89669 18.678 0.053
4334.87368 18.783 0.057
4338.92611 18.730 0.060
4340.79695 18.697 0.052
4341.78983 18.731 0.061
4342.86400 19.052 0.075
4343.78338 18.764 0.050
4344.76546 18.703 0.049
4346.72175 18.821 0.064
4348.72754 18.724 0.048
4350.70420 18.755 0.042
4352.80632 18.700 0.058
4353.66233 18.748 0.055
4354.78367 18.754 0.046
4357.76735 18.805 0.060
4359.72131 18.704 0.051
4362.66896 18.748 0.079
4363.62824 18.800 0.058
4365.68662 18.964 0.081
4369.68060 18.828 0.082
4371.66955 18.832 0.061
4376.67301 18.752 0.054
4378.63963 18.758 0.056
4379.67093 18.811 0.075
4381.63008 18.957 0.086
4382.70864 18.863 0.049
4386.68289 18.858 0.052
4388.68361 18.755 0.046
4390.69245 18.702 0.039
4393.68700 18.832 0.062
4396.66156 18.783 0.062
4398.66655 18.864 0.062
4400.69106 18.780 0.057
4404.66806 18.712 0.059
4407.65595 18.614 0.044
4410.68586 18.692 0.045
4415.67219 18.716 0.041
4418.61771 18.753 0.041
4421.67552 18.853 0.051
4423.67997 18.795 0.060
4426.55618 18.706 0.063
4428.57287 18.976 0.087
4430.63309 18.755 0.053
4432.61899 18.725 0.044
4434.62426 18.748 0.048
4436.60056 18.806 0.047
4438.66322 18.795 0.066
4440.59635 18.825 0.061
4442.55787 18.702 0.065
4444.58267 18.653 0.067
4450.61510 18.700 0.066
4452.59264 18.813 0.057
4454.52968 18.707 0.080
4455.60178 18.758 0.053
4457.53731 18.691 0.068
4459.55740 18.729 0.059
4462.58885 18.789 0.056
4466.61300 18.756 0.054
4471.54766 18.742 0.057
4475.54173 18.658 0.056
4480.58275 18.780 0.057
4482.58971 18.718 0.073
4485.59278 18.861 0.078
4488.59503 18.999 0.097
4609.91743 18.859 0.072
4643.90154 18.774 0.059
4650.94042 18.775 0.048
4655.91983 18.715 0.045
4662.79821 18.877 0.047
4662.91503 18.920 0.049
4663.76980 18.696 0.061
4663.91765 18.793 0.062
4665.84291 18.874 0.076
4665.93674 18.786 0.064
4666.93588 18.721 0.062
4670.92500 18.726 0.050
4671.89492 18.760 0.055
4676.92519 18.800 0.071
4677.84080 18.840 0.042
4682.81523 18.868 0.054
4684.85309 18.736 0.045
4686.81308 18.762 0.036
4688.82904 18.821 0.043
4690.75464 18.726 0.042
4691.75767 18.735 0.064
4693.91264 18.705 0.062
4696.88632 18.680 0.077
4697.82483 18.765 0.064
4698.77439 18.781 0.037
4699.76852 18.735 0.044
4700.80323 18.788 0.049
4701.81114 18.757 0.050
4703.77036 18.706 0.046
4704.78910 18.712 0.038
4705.79660 18.771 0.056
4707.78899 18.803 0.040
4709.74481 18.790 0.046
4710.77338 18.815 0.044
4715.75334 18.686 0.047
4716.77905 18.851 0.037
4717.70510 18.949 0.065
4719.79393 19.046 0.095
4721.78677 18.629 0.066
4724.66933 18.645 0.054
4725.74880 18.900 0.058
4728.75439 18.820 0.052
4733.73096 18.751 0.042
4740.67253 18.806 0.052
4741.70791 18.735 0.035
4743.75648 18.737 0.036
4747.61211 18.723 0.057
4749.61179 18.712 0.065
4753.68276 18.693 0.062
4755.67478 18.737 0.048
4757.65927 18.824 0.049
4759.67397 18.763 0.036
4761.64235 18.762 0.033
4763.65960 18.730 0.056
4767.60052 18.731 0.050
4770.66906 18.831 0.063
4772.60680 18.853 0.048
4774.56136 18.784 0.051
4776.55297 18.657 0.048
4777.65491 18.839 0.059
4780.52361 18.769 0.062
4781.63756 18.782 0.051
4783.58669 18.780 0.061
4785.62207 18.772 0.067
4787.57425 18.727 0.079
4789.55318 18.806 0.050
4791.53470 18.841 0.064
4793.54212 18.878 0.059
4795.55482 18.710 0.042
4797.54708 18.700 0.052
4798.61042 18.778 0.057
4800.65780 18.764 0.048
4803.54891 18.776 0.050
4804.60400 18.779 0.068
4805.59086 18.773 0.049
4807.52867 18.614 0.069
4809.55802 18.798 0.051
4811.57992 18.749 0.053
4813.55685 18.855 0.073
4815.59277 18.734 0.062
4816.53985 18.752 0.052
4818.59012 18.760 0.056
4820.53162 18.718 0.060
4822.58838 18.801 0.049
4824.57320 18.749 0.065
4826.63284 18.782 0.046
4833.57228 18.794 0.049
4835.59549 18.937 0.075
4836.63561 18.751 0.067
4837.56251 18.818 0.078
4838.60656 18.782 0.054
4839.58508 18.948 0.075
4841.55724 18.805 0.064
4841.58281 18.668 0.058
4842.53474 18.893 0.094
4842.60683 18.947 0.087
4843.52893 18.836 0.101
4843.57704 18.731 0.065
4844.52683 18.642 0.096
4844.61721 18.853 0.057
4846.58616 18.758 0.054
4847.62249 18.808 0.078
4848.62240 18.981 0.057
4850.60987 18.901 0.062
4854.60110 18.813 0.055
4856.61834 18.808 0.049
4862.56626 18.679 0.040
4935.91263 18.900 0.081
4937.91334 18.817 0.059
4940.91475 18.961 0.075
4954.91770 18.624 0.054
