2086.89971 19.417 0.105
2103.90643 19.145 0.048
2105.93657 19.283 0.075
2106.90218 19.353 0.093
2112.85456 19.321 0.067
2116.88230 19.110 0.055
2122.82163 18.970 0.089
2123.82923 19.204 0.080
2124.84969 19.298 0.131
2128.83670 19.094 0.078
2129.86869 19.066 0.065
2130.85510 19.474 0.091
2131.84916 19.293 0.094
2132.81695 19.189 0.087
2133.90577 19.170 0.093
2134.82124 19.240 0.089
2135.85527 19.242 0.080
2137.90211 19.437 0.114
2140.82253 19.320 0.069
2142.76206 19.284 0.068
2143.82757 19.446 0.091
2144.83426 19.135 0.052
2155.88975 19.284 0.137
2156.83639 19.449 0.110
2160.76576 19.137 0.075
2162.77260 19.349 0.072
2166.76716 19.142 0.053
2167.77563 19.214 0.072
2168.72483 19.373 0.076
2172.75738 19.179 0.068
2177.65084 19.428 0.094
2183.71025 19.138 0.104
2184.71246 19.387 0.108
2185.67596 19.024 0.079
2186.70081 19.206 0.108
2187.69597 19.549 0.120
2190.70257 19.271 0.086
2191.67311 19.260 0.072
2192.67324 19.137 0.051
2193.69431 19.270 0.060
2194.66445 19.123 0.063
2203.56091 19.172 0.073
2206.61720 19.433 0.128
2211.65131 19.066 0.067
2212.65515 19.276 0.078
2213.66095 19.160 0.090
2214.65214 19.065 0.089
2215.65913 19.101 0.119
2217.64583 19.242 0.102
2219.68870 19.274 0.108
2222.73726 19.258 0.099
2224.72356 19.075 0.067
2226.64645 19.197 0.109
2228.56834 19.304 0.097
2229.62662 19.255 0.084
2231.65327 19.337 0.095
2232.52003 19.152 0.087
2233.62342 19.075 0.061
2235.67352 19.490 0.076
2238.55709 19.184 0.079
2240.66138 19.037 0.068
2242.62891 19.203 0.102
2248.61823 19.207 0.064
2250.58688 18.924 0.057
2253.58057 19.221 0.067
2255.61721 19.228 0.084
2258.58349 19.198 0.064
2263.59425 19.218 0.077
2266.58010 19.321 0.103
2271.57463 19.084 0.075
2273.57395 19.316 0.110
2275.60888 19.058 0.075
2276.56847 19.245 0.123
2278.60108 19.196 0.085
2280.59687 19.262 0.095
2284.59975 19.229 0.095
2290.61373 19.226 0.080
2293.57603 19.217 0.095
2295.56892 19.278 0.088
2297.57225 19.094 0.085
2299.57134 19.470 0.128
2445.92217 19.153 0.082
2460.89006 18.975 0.088
2463.92636 19.219 0.073
2467.91215 19.199 0.074
2469.91151 19.369 0.081
2471.90098 19.281 0.081
2472.93041 19.575 0.086
2473.91727 19.190 0.061
2481.91461 19.224 0.102
2483.89985 19.147 0.053
2486.89686 19.072 0.086
2488.89076 19.429 0.125
2488.89511 19.435 0.123
2489.93422 19.005 0.082
2492.91459 19.220 0.082
2496.91424 19.138 0.068
2497.93768 19.272 0.104
2498.78493 19.094 0.062
2499.87059 19.173 0.068
2500.87612 19.286 0.071
2501.86509 19.206 0.059
2502.84526 19.109 0.086
2508.75658 19.070 0.114
2516.78783 19.448 0.115
2517.83458 19.237 0.074
2518.80600 19.133 0.077
2519.84292 19.289 0.069
2520.80231 19.312 0.089
2521.83440 19.132 0.051
2524.83271 19.075 0.085
2526.78890 19.338 0.055
2534.84525 19.114 0.084
2535.82544 19.223 0.078
2537.71322 19.181 0.097
2538.80922 19.123 0.085
2539.71202 19.160 0.075
2540.75390 19.032 0.088
2541.72390 19.352 0.086
2542.69369 19.131 0.070
2544.67323 19.576 0.086
2545.68728 19.183 0.067
2547.70527 19.357 0.088
2548.72273 19.341 0.078
2550.71787 19.110 0.069
2551.70447 19.339 0.071
2552.72052 18.956 0.055
2554.71370 19.472 0.078
2555.72165 19.146 0.060
2556.70066 19.176 0.058
2557.71319 19.457 0.063
2558.66968 19.173 0.069
2559.62658 19.242 0.076
2560.65965 19.540 0.085
2562.67807 19.014 0.067
2563.68603 19.360 0.079
2564.70141 19.208 0.078
2565.69133 19.061 0.069
2566.67163 19.333 0.080
2568.70262 19.193 0.102
2571.65626 18.989 0.073
2573.66869 19.224 0.114
2574.65253 19.114 0.060
2576.68673 19.309 0.093
2577.63939 19.098 0.092
2578.63949 19.195 0.079
2579.64613 19.413 0.111
2580.65825 19.240 0.066
2583.62956 19.096 0.083
2584.63694 19.024 0.068
2586.63580 19.249 0.075
2587.61956 19.059 0.067
2588.72994 19.095 0.069
2589.61041 19.403 0.090
2590.62464 19.149 0.099
2591.64775 19.271 0.085
2593.61677 19.192 0.071
2594.62053 19.263 0.114
2596.59606 19.077 0.087
2597.58324 19.090 0.091
2598.66376 19.136 0.072
2599.61655 19.210 0.098
2607.63779 19.188 0.104
2610.55754 19.187 0.091
2613.55130 19.125 0.079
2615.58018 19.182 0.075
2619.56783 19.264 0.093
2621.57693 19.260 0.095
2625.55945 19.151 0.118
2632.55842 19.289 0.077
2636.55439 19.597 0.120
2639.55408 19.107 0.074
2642.56364 19.173 0.102
2646.57566 19.412 0.102
2651.54854 19.168 0.112
2654.56959 19.068 0.094
2657.56839 19.239 0.100
2660.57192 19.118 0.095
2671.56183 19.172 0.083
2673.57362 19.145 0.109
2676.53501 19.176 0.090
2679.54942 19.234 0.086
2682.55155 19.529 0.134
2777.91402 19.154 0.099
2804.88096 19.164 0.095
2811.91542 19.271 0.120
2814.95109 19.312 0.154
2817.93759 19.509 0.128
2825.91770 19.166 0.092
2830.91470 19.396 0.115
2831.79244 19.271 0.115
2832.75842 19.084 0.078
2832.93634 19.140 0.071
2833.87633 18.982 0.081
2835.88499 19.183 0.072
2837.88602 19.187 0.128
2838.94323 19.321 0.140
2840.83597 19.184 0.089
2843.83739 19.081 0.066
2844.88320 19.087 0.058
2845.92923 19.322 0.096
2849.86663 19.219 0.080
2850.89940 19.104 0.107
2851.94296 18.993 0.106
2852.81361 19.262 0.098
2854.83935 19.246 0.078
2856.82630 19.154 0.106
2858.92033 19.303 0.068
2860.88635 19.090 0.061
2861.75751 19.204 0.060
2862.93654 19.268 0.125
2863.84572 18.936 0.086
2865.84257 19.061 0.098
2866.89225 19.195 0.090
2867.83977 19.428 0.095
2869.91754 19.305 0.090
2870.82654 19.230 0.066
2871.86945 19.264 0.079
2875.81580 19.117 0.079
2876.78671 19.262 0.071
2879.75021 19.314 0.065
2883.83637 19.240 0.060
2885.77120 19.214 0.065
2888.81948 19.100 0.093
2892.81087 19.095 0.089
2894.74001 19.092 0.071
2896.73709 19.270 0.066
2898.75809 19.212 0.067
2900.75694 19.182 0.050
2902.75647 19.435 0.066
2905.76363 19.340 0.085
2907.76504 19.111 0.048
2909.75414 19.099 0.045
2911.74551 19.154 0.048
2915.71700 19.423 0.073
2917.74309 19.134 0.053
2921.74621 19.191 0.067
2923.76279 19.181 0.084
2925.72578 19.260 0.065
2927.72329 19.166 0.081
2930.74137 19.320 0.085
2932.74790 19.110 0.063
2934.72770 19.341 0.072
2937.65170 19.301 0.086
2939.70436 19.064 0.064
2940.64447 19.434 0.063
2941.69431 19.153 0.053
2942.64444 19.208 0.070
2943.61566 19.355 0.091
2944.60026 19.092 0.070
2945.61706 19.229 0.120
2947.62654 19.179 0.080
2949.60779 19.467 0.095
2950.65258 19.252 0.066
2951.63977 19.160 0.077
2952.66871 19.350 0.090
2954.69358 19.184 0.098
2956.63957 19.371 0.067
2958.63396 19.123 0.066
2961.60509 19.401 0.130
2965.64347 19.253 0.080
2968.60485 19.183 0.076
2970.62410 19.098 0.062
2972.60856 19.345 0.088
2974.63014 19.159 0.061
2976.55899 19.215 0.083
2978.58514 19.478 0.122
2980.60200 19.087 0.088
2982.54719 19.080 0.069
2984.63816 19.250 0.083
2986.64821 19.050 0.077
2988.54212 19.436 0.099
2991.61365 19.376 0.084
2994.59640 19.479 0.093
2997.56944 19.373 0.080
3001.58463 19.350 0.078
3005.54270 19.212 0.084
3008.56901 19.234 0.097
3011.57240 19.108 0.105
3016.59908 19.339 0.114
3018.58551 19.084 0.064
3020.61359 19.503 0.085
3021.62639 19.248 0.057
3023.58232 19.463 0.080
3025.58873 19.268 0.074
3027.61431 19.327 0.087
3029.58619 19.206 0.075
3031.59078 19.113 0.057
3033.59310 19.450 0.084
3037.54015 19.166 0.087
3164.94055 19.252 0.102
3177.92831 19.682 0.153
3183.92251 19.563 0.126
3193.89029 19.074 0.094
3196.86243 19.312 0.064
3197.92494 19.353 0.089
3199.92919 19.284 0.113
3203.89033 19.296 0.057
3206.82816 19.328 0.109
3210.90422 19.167 0.068
3211.89561 19.245 0.075
3215.67175 19.112 0.094
3216.73978 19.057 0.092
3217.94025 19.102 0.097
3218.93031 19.373 0.133
3222.87237 19.262 0.094
3223.84574 19.222 0.090
3226.83599 19.169 0.092
3229.84314 19.165 0.054
3231.82525 19.240 0.115
3239.80365 19.133 0.066
3240.80089 19.460 0.112
3241.82523 19.452 0.106
3242.72460 19.392 0.094
3243.86102 19.133 0.075
3244.83825 19.544 0.114
3245.78735 19.124 0.077
3247.77356 19.451 0.095
3249.73825 19.278 0.080
3251.75176 19.181 0.055
3254.73889 19.177 0.059
3257.75534 19.180 0.044
3259.67449 19.555 0.100
3261.71257 19.101 0.049
3263.69528 19.149 0.048
3265.72968 19.174 0.055
3267.71849 19.285 0.069
3269.81242 19.152 0.086
3270.75177 19.082 0.066
3271.67459 19.243 0.073
3272.73182 19.311 0.072
3274.71765 19.310 0.090
3276.72210 19.181 0.077
3277.76086 19.115 0.067
3279.69246 19.050 0.053
3281.65118 19.494 0.083
3283.65268 19.196 0.050
3287.61884 19.263 0.074
3289.62995 19.330 0.073
3293.60668 19.384 0.073
3295.62551 19.214 0.045
3297.60732 19.353 0.057
3299.66366 19.123 0.047
3301.63787 19.455 0.125
3303.70014 19.394 0.113
3306.63267 19.080 0.044
3308.62043 19.023 0.071
3310.61952 19.337 0.083
3314.57437 19.190 0.099
3320.61225 19.396 0.077
3323.55573 19.287 0.077
3327.56722 19.186 0.074
3330.56146 19.125 0.073
3335.60630 19.225 0.092
3349.60620 19.256 0.053
3353.58535 19.120 0.059
3359.56187 19.199 0.072
3363.56922 19.226 0.083
3367.62855 19.228 0.074
3372.55929 19.095 0.061
3376.53862 19.181 0.061
3378.60554 19.265 0.078
3386.57203 19.230 0.057
3398.56735 19.136 0.070
3402.55577 19.162 0.050
3541.94064 19.286 0.066
3547.92522 19.216 0.071
3554.93343 19.367 0.087
3561.85763 19.034 0.045
3564.91771 19.252 0.053
3568.84856 19.145 0.063
3570.82011 19.178 0.095
3571.81161 19.142 0.106
3573.85730 19.104 0.085
3574.88814 19.339 0.085
3577.84674 19.161 0.065
3578.90531 19.102 0.051
3579.81017 19.334 0.065
3581.85511 19.021 0.073
3581.87966 19.333 0.090
3582.83996 19.468 0.099
3583.84999 19.169 0.057
3584.81609 19.141 0.058
3586.81872 19.340 0.055
3588.83658 19.196 0.060
3589.83150 19.274 0.065
3591.88423 19.046 0.039
3593.87051 19.122 0.075
3596.90222 19.329 0.062
3601.81983 19.470 0.097
3607.82527 19.179 0.059
3614.79664 19.426 0.058
3617.77908 19.439 0.068
3619.70906 19.230 0.059
3621.72752 19.136 0.050
3624.87581 19.495 0.110
3626.72520 19.244 0.072
3629.67882 19.300 0.107
3631.74119 19.094 0.075
3633.71746 19.686 0.130
3637.66044 19.068 0.066
3639.71050 19.428 0.053
3641.70704 19.279 0.065
3643.73143 19.292 0.059
3646.67056 19.268 0.071
3650.66963 19.125 0.064
3650.69369 19.209 0.063
3651.74360 19.130 0.050
3653.73978 19.169 0.061
3655.70593 19.439 0.064
3657.65963 19.209 0.053
3658.67176 19.412 0.080
3659.65183 19.054 0.075
3660.67934 19.305 0.093
3663.57084 19.167 0.092
3665.64651 19.319 0.075
3668.58285 19.195 0.063
3669.71372 19.262 0.072
3671.64250 19.404 0.069
3673.68460 19.056 0.064
3675.66919 19.105 0.053
3681.65270 18.935 0.074
3683.65853 19.159 0.055
3685.66369 19.228 0.057
3687.66396 19.361 0.079
3689.61552 19.270 0.073
3692.58651 19.412 0.087
3694.57050 19.228 0.073
3696.57106 19.235 0.057
3698.60472 18.894 0.079
3700.61472 18.986 0.064
3702.59497 19.211 0.070
3704.60125 19.173 0.061
3706.62171 19.509 0.065
3708.59864 19.112 0.068
3711.60115 19.177 0.078
3714.53488 19.133 0.083
3718.61542 19.414 0.125
3721.56903 19.305 0.073
3724.57404 19.124 0.061
3726.59454 19.057 0.065
3734.57112 19.232 0.074
3737.58682 19.146 0.061
3742.54545 19.135 0.096
3746.57070 19.147 0.085
3751.55063 19.265 0.134
3756.56336 19.124 0.082
3761.61359 19.170 0.084
3766.53846 19.282 0.074
3772.56129 19.361 0.098
3776.56136 19.595 0.113
3871.88727 19.082 0.108
3901.94977 19.171 0.111
3906.95003 19.356 0.139
3913.92808 19.122 0.044
3918.89047 19.238 0.060
3931.92577 19.421 0.099
3934.86881 19.298 0.057
3936.87699 19.479 0.084
3938.86100 19.105 0.068
3944.90840 19.156 0.060
3946.87650 19.493 0.073
3951.89575 19.167 0.070
3955.86091 19.387 0.129
3958.84640 19.282 0.089
3960.83755 19.120 0.051
3963.83429 19.370 0.117
3965.82610 19.452 0.047
3967.86849 19.221 0.054
3969.81167 19.165 0.060
3971.78783 19.363 0.066
3974.78955 19.321 0.072
3979.75079 19.183 0.063
3980.62828 19.203 0.091
3981.65454 19.180 0.058
3983.84488 18.827 0.055
3987.79339 19.450 0.084
3990.80071 19.382 0.063
3993.74556 19.333 0.086
3995.75077 19.195 0.051
3999.76013 19.300 0.057
4002.73223 19.115 0.053
4004.68398 19.149 0.047
4006.71024 19.307 0.050
4007.57361 19.196 0.066
4008.58259 19.444 0.068
4009.75243 19.240 0.064
4013.70910 19.383 0.085
4016.70370 19.294 0.063
4018.71041 19.226 0.068
4019.70107 19.620 0.122
4021.68785 19.075 0.050
4024.66132 19.159 0.054
4026.64020 19.021 0.047
4028.63616 19.453 0.062
4030.64872 19.093 0.065
4032.70080 19.342 0.094
4037.67700 19.158 0.050
4039.61489 19.125 0.055
4041.61449 19.264 0.093
4043.60016 19.435 0.106
4046.60947 18.999 0.075
4048.57540 19.044 0.074
4050.61754 19.187 0.059
4052.56963 19.161 0.065
4054.62377 19.101 0.071
4056.59586 19.419 0.099
4058.62941 19.145 0.065
4060.52825 19.226 0.076
4064.52592 19.109 0.046
4066.56739 19.569 0.097
4069.52574 19.405 0.097
4073.60931 19.326 0.083
4077.53269 19.208 0.065
4079.53465 19.661 0.119
4082.53456 19.268 0.082
4085.57228 19.481 0.086
4092.56836 19.380 0.062
4096.59432 19.355 0.086
4100.59710 19.128 0.079
4105.56495 18.984 0.067
4108.54116 19.283 0.060
4113.61909 19.068 0.066
4120.58992 19.185 0.051
4132.57311 19.147 0.103
4252.93706 19.170 0.109
4255.85634 19.353 0.108
4268.90906 19.234 0.075
4275.93116 19.346 0.110
4279.82785 19.035 0.105
4282.81939 19.166 0.080
4283.87233 19.226 0.096
4285.92664 19.383 0.105
4291.94744 19.395 0.136
4292.86597 19.118 0.052
4295.87000 19.204 0.061
4296.89973 19.113 0.062
4297.93261 19.136 0.052
4299.86745 19.094 0.045
4300.88894 19.341 0.069
4301.90693 19.306 0.052
4302.92856 19.116 0.078
4306.92569 19.072 0.065
4307.90742 19.345 0.057
4308.66857 19.465 0.108
4308.87659 19.148 0.067
4310.84891 19.346 0.095
4311.83647 19.202 0.112
4312.91033 19.200 0.057
4314.92979 19.481 0.118
4316.83634 19.427 0.096
4319.87350 19.314 0.085
4320.90037 19.633 0.137
4326.84428 19.380 0.092
4327.82334 19.120 0.084
4328.83899 18.961 0.065
4329.84068 19.538 0.099
4330.86979 19.176 0.055
4333.87106 19.251 0.084
4338.91140 19.274 0.102
4340.78388 19.154 0.072
4341.77904 19.299 0.097
4342.83495 19.363 0.111
4343.77254 19.117 0.070
4344.75468 19.251 0.074
4345.80065 19.346 0.075
4347.78957 19.230 0.069
4349.80275 19.216 0.064
4351.83001 19.290 0.079
4353.76306 19.233 0.075
4359.70987 19.111 0.064
4361.71244 19.343 0.094
4362.73726 19.244 0.092
4364.59417 19.054 0.097
4367.69170 19.366 0.096
4370.68337 19.381 0.097
4372.74680 19.125 0.054
4376.66219 19.456 0.090
4378.62876 19.292 0.076
4379.65673 19.573 0.153
4380.76961 19.445 0.085
4382.69700 19.238 0.067
4386.67209 19.322 0.086
4388.67258 19.285 0.075
4390.68157 19.126 0.053
4393.65536 19.301 0.085
4395.69026 19.395 0.092
4398.65570 19.328 0.095
4400.67854 19.323 0.123
4403.70437 19.150 0.078
4407.64444 19.166 0.074
4408.69063 19.309 0.092
4410.71355 19.098 0.064
4415.69771 19.378 0.104
4418.60435 19.187 0.061
4422.66558 19.219 0.065
4424.66266 19.381 0.089
4427.54935 19.148 0.084
4429.59215 19.166 0.111
4431.57979 19.114 0.075
4433.58561 19.404 0.103
4435.57390 19.087 0.064
4437.66299 19.362 0.117
4439.57488 19.363 0.106
4441.61072 19.329 0.094
4443.60142 19.411 0.099
4449.65550 19.139 0.069
4451.61058 19.122 0.060
4453.59255 19.318 0.096
4456.59396 19.440 0.125
4459.54653 19.175 0.084
4464.58619 19.122 0.059
4465.55216 19.450 0.094
4470.57110 19.166 0.075
4474.60758 19.038 0.078
4476.58575 19.158 0.067
4479.61051 19.171 0.094
4481.59520 19.277 0.091
4484.61189 19.058 0.105
4487.63339 19.275 0.136
4609.90676 19.266 0.102
4643.89140 19.062 0.079
4649.94157 19.268 0.098
4655.93811 19.314 0.070
4661.90477 19.265 0.075
4662.78746 19.088 0.051
4662.90441 19.249 0.064
4663.75915 19.386 0.109
4663.94303 19.044 0.086
4665.83211 19.144 0.091
4665.92607 19.459 0.116
4666.91992 19.185 0.096
4670.91433 19.232 0.075
4671.82857 19.129 0.071
4672.88832 19.009 0.088
4675.90592 19.097 0.072
4681.88566 19.245 0.055
4683.88090 19.280 0.057
4685.86698 19.047 0.062
4688.81835 19.086 0.063
4690.74389 19.198 0.064
4691.74680 19.216 0.091
4693.90187 19.178 0.095
4696.87544 19.028 0.086
4698.76359 19.166 0.061
4699.75759 19.431 0.091
4700.79510 19.207 0.063
4701.80031 19.171 0.071
4702.86044 19.210 0.086
4703.75952 19.095 0.066
4704.77836 19.057 0.049
4705.78558 19.307 0.097
4707.77826 19.151 0.048
4708.84649 19.127 0.058
4710.76250 19.090 0.064
4716.76398 19.171 0.066
4719.77187 19.003 0.080
4721.76287 19.221 0.118
4724.77481 19.255 0.077
4726.67047 19.177 0.090
4729.68150 19.209 0.090
4731.77170 19.341 0.055
4734.75402 19.411 0.068
4739.66011 19.214 0.085
4741.68137 19.167 0.048
4741.73467 19.136 0.051
4747.60124 19.136 0.077
4749.60086 19.481 0.132
4753.66996 19.226 0.098
4755.66391 19.183 0.069
4757.64840 19.141 0.065
4759.66097 19.641 0.097
4761.63125 19.173 0.046
4763.64390 19.221 0.093
4766.61211 19.135 0.086
4769.65023 19.259 0.099
4771.56126 19.418 0.131
4773.68608 19.229 0.070
4775.67294 19.553 0.131
4777.60665 19.285 0.084
4779.64224 19.119 0.072
4783.57581 19.129 0.068
4785.60692 19.182 0.086
4787.56328 19.360 0.163
4789.54231 19.227 0.080
4790.62453 19.172 0.050
4791.62280 19.546 0.071
4793.52698 19.263 0.078
4795.54401 19.119 0.055
4797.53620 19.412 0.095
4798.59948 19.150 0.083
4800.64681 19.226 0.071
4803.53809 19.416 0.093
4804.58832 19.157 0.089
4806.59732 19.254 0.086
4808.55555 19.250 0.098
4810.56598 19.333 0.079
4813.60536 19.461 0.114
4815.58155 19.216 0.106
4817.59801 19.257 0.066
4819.59764 19.197 0.065
4821.63955 19.078 0.050
4823.60034 19.426 0.105
4825.62877 19.144 0.075
4833.56113 19.148 0.062
4835.58373 19.252 0.109
4839.60526 19.325 0.109
4844.58286 19.125 0.067
4847.63711 18.975 0.106
4849.59694 19.269 0.078
4853.59442 19.131 0.068
4856.58836 19.117 0.072
4865.56146 19.121 0.069
