2086.91788 15.866 0.007
2104.84997 15.853 0.007
2106.90981 15.807 0.007
2115.90479 15.814 0.007
2116.89092 15.836 0.007
2117.89659 15.881 0.007
2122.82915 15.822 0.008
2123.83959 15.806 0.007
2124.85891 15.808 0.010
2128.84414 15.805 0.007
2129.87626 15.831 0.007
2130.82514 15.872 0.007
2131.81866 15.816 0.007
2132.82488 15.804 0.007
2133.91343 15.819 0.009
2134.82976 15.920 0.008
2135.86420 15.835 0.007
2136.86411 15.809 0.007
2137.90908 15.804 0.008
2140.83398 15.810 0.007
2142.88122 15.826 0.007
2143.83528 15.863 0.007
2144.80679 15.816 0.007
2155.89748 15.821 0.009
2156.84401 15.877 0.007
2160.77372 15.918 0.008
2162.78028 15.810 0.007
2166.77505 15.805 0.007
2167.74587 15.804 0.007
2168.73237 15.828 0.007
2171.75844 15.799 0.007
2172.76501 15.808 0.007
2173.72710 15.925 0.007
2177.65875 15.872 0.007
2184.72010 15.810 0.007
2185.68358 15.816 0.007
2187.66619 15.819 0.008
2190.71010 15.828 0.007
2191.65193 15.839 0.007
2192.68069 15.818 0.007
2193.70166 15.801 0.007
2194.67294 15.822 0.007
2201.73902 15.812 0.007
2206.62485 15.809 0.009
2211.66350 15.816 0.007
2212.66257 15.916 0.008
2213.67355 15.823 0.008
2214.65992 15.811 0.008
2215.67521 15.805 0.007
2217.65287 15.883 0.008
2219.69602 15.812 0.008
2222.74525 15.822 0.008
2223.68499 15.800 0.007
2225.61452 15.922 0.007
2226.66086 15.828 0.008
2228.57626 15.810 0.007
2230.51353 15.842 0.009
2232.52733 15.811 0.008
2234.56941 15.879 0.007
2236.55890 15.811 0.007
2238.56428 15.919 0.007
2241.55111 15.808 0.008
2243.58935 15.888 0.007
2248.63379 15.832 0.007
2250.59981 15.805 0.007
2253.58770 15.808 0.007
2256.56998 15.910 0.008
2258.61041 15.791 0.007
2263.60167 15.821 0.007
2265.62769 15.866 0.007
2270.58588 15.808 0.007
2272.58395 15.817 0.007
2274.56780 15.824 0.008
2276.53139 15.818 0.009
2280.54787 15.813 0.008
2285.58638 15.824 0.007
2289.58329 15.803 0.007
2291.58400 15.882 0.007
2293.58450 15.817 0.008
2295.58081 15.929 0.008
2297.58399 15.810 0.008
2299.58047 15.851 0.007
2301.57316 15.816 0.008
2448.90478 15.813 0.008
2460.90484 15.809 0.008
2463.93393 15.835 0.007
2466.85579 15.841 0.008
2467.91966 15.878 0.008
2469.91896 15.808 0.007
2471.90850 15.932 0.008
2472.89857 15.799 0.006
2473.92476 15.805 0.007
2481.88403 15.822 0.008
2483.90769 15.810 0.007
2486.90780 15.817 0.009
2488.90976 15.831 0.008
2492.92209 15.817 0.007
2495.91725 15.786 0.006
2496.92186 15.807 0.007
2498.79311 15.812 0.007
2499.87810 15.811 0.007
2500.88653 15.806 0.007
2501.87328 15.822 0.007
2502.85344 15.863 0.008
2508.76406 15.806 0.009
2516.79550 15.809 0.008
2517.84227 15.810 0.007
2518.81456 15.825 0.007
2519.81284 15.875 0.007
2520.81101 15.812 0.008
2521.79929 15.807 0.007
2524.80269 15.828 0.008
2526.79652 15.811 0.007
2529.79274 15.807 0.007
2534.85334 15.804 0.008
2535.79098 15.809 0.007
2537.72106 15.806 0.008
2538.82214 15.816 0.008
2539.71930 15.817 0.007
2540.76180 15.823 0.008
2541.73118 15.832 0.007
2542.70100 15.793 0.007
2544.68093 15.827 0.007
2545.69446 15.871 0.007
2547.71245 15.816 0.007
2548.73044 15.820 0.007
2550.72571 15.817 0.007
2551.71224 15.813 0.007
2552.72825 15.813 0.007
2554.72135 15.868 0.007
2555.72929 15.818 0.007
2556.70836 15.799 0.007
2557.72088 15.824 0.007
2558.67736 15.862 0.007
2559.63441 15.822 0.007
2560.66734 15.796 0.007
2561.71296 15.821 0.008
2562.68572 15.913 0.007
2563.69365 15.823 0.007
2564.71001 15.812 0.007
2565.70601 15.810 0.007
2566.68095 15.829 0.007
2568.75000 15.819 0.008
2571.66655 15.878 0.007
2572.74181 15.818 0.008
2573.67988 15.808 0.009
2574.65986 15.822 0.007
2576.69460 15.827 0.008
2577.65966 15.803 0.008
2578.64716 15.818 0.008
2579.65768 15.830 0.007
2580.66582 15.872 0.007
2583.63787 15.835 0.008
2584.64432 15.869 0.007
2586.64552 15.796 0.007
2587.62740 15.821 0.007
2589.61831 15.821 0.007
2590.63505 15.812 0.007
2591.66123 15.819 0.007
2593.62450 15.867 0.007
2594.63052 15.810 0.008
2596.60414 15.818 0.008
2597.59131 15.879 0.008
2598.67151 15.826 0.008
2599.62558 15.795 0.008
2607.64568 15.818 0.008
2610.56701 15.873 0.008
2613.56101 15.811 0.007
2615.59140 15.817 0.007
2619.57591 15.896 0.008
2621.58490 15.798 0.008
2625.56764 15.810 0.009
2627.53833 15.922 0.009
2630.55276 15.825 0.009
2635.56647 15.821 0.007
2637.56136 15.829 0.008
2640.53168 15.881 0.008
2642.57143 15.816 0.008
2646.58278 15.812 0.008
2651.55685 15.809 0.008
2654.57706 15.868 0.009
2657.53693 15.817 0.009
2661.53346 15.812 0.007
2664.57393 15.801 0.008
2672.55188 15.837 0.010
2676.54208 15.831 0.008
2679.55678 15.825 0.007
2683.53515 15.843 0.010
2777.92190 15.915 0.009
2804.85045 15.811 0.009
2805.86773 15.816 0.010
2811.92285 15.816 0.009
2815.89647 15.801 0.007
2817.94510 15.875 0.009
2825.92837 15.858 0.007
2830.83565 15.824 0.007
2831.80530 15.807 0.008
2832.76599 15.809 0.008
2832.94386 15.799 0.008
2833.88382 15.824 0.009
2834.93447 15.910 0.008
2836.87829 15.804 0.009
2838.83584 15.850 0.008
2840.84353 15.800 0.007
2843.84485 15.834 0.007
2844.89057 15.809 0.007
2845.93760 15.814 0.008
2849.87410 15.798 0.007
2850.90685 15.824 0.008
2852.83544 15.829 0.008
2854.84679 15.803 0.008
2857.85421 15.830 0.008
2858.92783 15.798 0.007
2860.89376 15.921 0.007
2861.76519 15.811 0.007
2862.88863 15.804 0.008
2865.81300 15.829 0.007
2866.89972 15.813 0.010
2867.80240 15.811 0.008
2868.80602 15.815 0.007
2869.79255 15.850 0.007
2870.83404 15.816 0.007
2871.87716 15.796 0.007
2872.83399 15.811 0.007
2875.82483 15.802 0.008
2876.79424 15.813 0.007
2879.72076 15.815 0.007
2883.84398 15.821 0.007
2885.77933 15.819 0.007
2890.71021 15.883 0.010
2893.76166 15.813 0.007
2895.81088 15.867 0.007
2897.71437 15.811 0.007
2899.75206 15.916 0.007
2903.76784 15.826 0.006
2906.72005 15.796 0.007
2908.69706 15.861 0.007
2910.69195 15.812 0.008
2912.69729 15.917 0.007
2916.71004 15.831 0.007
2918.68693 15.805 0.007
2922.68690 15.818 0.008
2924.62789 15.820 0.007
2926.62189 15.825 0.007
2929.68310 15.838 0.007
2931.65902 15.802 0.007
2933.66948 15.830 0.007
2935.63383 15.821 0.007
2937.65942 15.816 0.008
2939.67488 15.820 0.007
2940.65205 15.807 0.007
2941.62729 15.810 0.007
2942.65210 15.835 0.007
2943.62343 15.829 0.007
2944.60779 15.806 0.007
2946.56257 15.825 0.007
2946.60253 15.828 0.007
2947.63414 15.875 0.008
2949.61524 15.801 0.007
2950.56678 15.817 0.007
2951.64736 15.929 0.008
2953.59527 15.809 0.007
2955.58041 15.874 0.008
2957.59399 15.805 0.007
2960.60844 15.882 0.008
2962.64828 15.802 0.007
2965.65094 15.821 0.007
2968.61328 15.827 0.008
2970.63211 15.804 0.007
2972.63667 15.827 0.007
2975.54474 15.799 0.007
2977.64055 15.871 0.009
2979.58044 15.801 0.007
2983.56125 15.811 0.008
2986.57784 15.885 0.007
2988.54983 15.803 0.008
2991.57597 15.824 0.008
2994.56171 15.830 0.008
2997.57710 15.804 0.007
3000.56823 15.823 0.007
3003.55109 15.890 0.008
3006.53839 15.809 0.007
3009.53367 15.814 0.009
3013.53610 15.834 0.008
3015.57133 15.804 0.007
3018.54843 15.829 0.009
3020.58414 15.825 0.007
3022.53702 15.819 0.009
3024.53679 15.822 0.008
3025.59639 15.860 0.007
3027.62189 15.814 0.007
3029.59359 15.834 0.007
3031.59841 15.818 0.007
3034.52866 15.914 0.008
3037.54783 15.819 0.008
3169.93001 15.829 0.008
3177.93553 15.810 0.007
3183.92985 15.833 0.007
3193.89773 15.851 0.007
3196.86979 15.825 0.007
3197.93221 15.922 0.008
3202.85771 15.835 0.007
3203.89774 15.821 0.007
3206.83557 15.829 0.008
3210.91158 15.929 0.007
3211.86619 15.818 0.007
3215.80130 15.837 0.009
3217.79717 15.816 0.007
3223.85333 15.949 0.008
3228.77203 15.843 0.008
3229.85386 15.810 0.007
3231.83533 15.849 0.008
3238.77219 15.815 0.007
3239.81573 15.830 0.007
3240.80846 15.864 0.008
3241.79193 15.834 0.007
3242.73593 15.820 0.007
3243.86853 15.818 0.007
3244.84712 15.829 0.009
3245.79486 15.882 0.008
3246.78762 15.844 0.007
3247.79600 15.835 0.008
3249.74630 15.927 0.008
3251.75986 15.804 0.007
3254.74755 15.832 0.007
3259.68459 15.827 0.007
3261.72064 15.824 0.007
3263.71786 15.821 0.007
3265.73920 15.829 0.007
3267.72596 15.837 0.007
3269.82047 15.810 0.008
3270.67941 15.859 0.007
3271.68234 15.852 0.007
3273.64065 15.813 0.008
3275.62651 15.928 0.008
3276.72991 15.819 0.007
3277.76855 15.827 0.007
3279.70017 15.873 0.007
3281.65874 15.802 0.007
3283.66041 15.835 0.006
3287.62654 15.818 0.007
3289.64152 15.831 0.007
3293.61508 15.824 0.007
3295.63301 15.817 0.006
3298.57091 15.798 0.006
3300.57321 15.825 0.007
3302.55018 15.820 0.007
3305.65020 15.847 0.007
3307.56249 15.811 0.007
3309.58759 15.845 0.007
3311.53920 15.817 0.007
3314.58215 15.946 0.009
3320.61995 15.808 0.007
3323.56739 15.871 0.007
3327.57491 15.921 0.007
3330.57040 15.827 0.008
3335.61440 15.832 0.007
3338.56007 15.808 0.007
3350.53438 15.825 0.007
3353.59297 15.905 0.007
3359.57002 15.817 0.007
3363.57693 15.834 0.007
3367.63652 15.863 0.007
3372.56999 15.821 0.007
3376.54611 15.833 0.007
3380.53252 15.839 0.009
3386.57950 15.803 0.007
3395.52729 15.831 0.010
3398.57501 15.817 0.007
3402.57225 15.848 0.007
3543.88591 15.839 0.007
3551.90940 15.897 0.009
3554.94062 15.816 0.007
3561.94786 15.822 0.007
3564.92553 15.865 0.007
3568.87116 15.839 0.007
3570.83216 15.837 0.008
3571.82311 15.821 0.008
3573.86881 15.940 0.009
3575.82459 15.806 0.007
3577.88097 15.886 0.007
3578.91699 15.852 0.007
3579.82205 15.808 0.007
3581.89113 15.840 0.007
3582.84743 15.866 0.007
3583.85766 15.830 0.007
3584.82790 15.813 0.007
3585.87875 15.824 0.006
3586.83092 15.934 0.007
3588.84922 15.798 0.007
3590.80526 15.881 0.007
3592.77001 15.812 0.006
3594.80950 15.831 0.007
3597.84945 15.812 0.007
3600.88561 15.837 0.008
3602.74651 15.835 0.008
3607.83761 15.837 0.007
3617.79363 15.835 0.007
3619.77173 15.812 0.007
3621.76422 15.875 0.007
3628.79109 15.820 0.007
3630.64295 15.849 0.007
3632.64031 15.810 0.007
3634.71321 15.851 0.007
3637.67204 15.817 0.007
3639.72195 15.837 0.006
3641.71873 15.825 0.007
3643.81714 15.937 0.008
3644.75780 15.813 0.006
3646.68884 15.840 0.007
3650.71007 15.832 0.007
3652.64523 15.839 0.007
3654.61568 15.823 0.007
3656.64723 15.850 0.007
3657.70494 15.825 0.007
3658.67986 15.824 0.007
3659.66256 15.847 0.007
3661.61124 15.832 0.007
3663.63418 15.819 0.007
3665.66652 15.831 0.007
3668.61568 15.891 0.007
3670.56638 15.828 0.008
3672.60581 15.842 0.007
3674.63507 15.828 0.007
3676.59289 15.829 0.007
3682.58183 15.839 0.007
3684.57469 15.822 0.007
3686.56458 15.850 0.007
3688.53766 15.823 0.007
3690.54357 15.932 0.008
3692.59612 15.815 0.007
3694.58270 15.872 0.007
3696.57883 15.817 0.007
3698.61253 15.866 0.008
3700.62258 15.823 0.007
3702.61350 15.836 0.007
3704.61402 15.837 0.007
3706.62888 15.823 0.007
3708.61028 15.866 0.007
3712.56681 15.870 0.007
3714.56948 15.810 0.007
3718.55296 15.830 0.007
3721.58516 15.894 0.008
3725.61403 15.876 0.007
3730.53829 15.821 0.007
3734.60896 15.928 0.007
3738.56103 15.886 0.007
3742.55821 15.884 0.008
3747.55798 15.934 0.008
3751.56677 15.890 0.008
3757.53445 15.833 0.009
3762.54475 15.827 0.009
3766.55000 15.810 0.007
3772.57675 15.813 0.007
3777.52409 15.889 0.008
3871.89614 15.842 0.008
3902.91644 15.851 0.007
3907.91130 15.822 0.007
3913.93685 15.821 0.007
3918.90664 15.876 0.007
3931.93820 15.845 0.007
3934.87617 15.815 0.007
3936.88445 15.946 0.007
3938.86851 15.804 0.007
3945.87547 15.870 0.007
3950.82042 15.813 0.007
3957.77596 15.897 0.009
3959.76543 15.813 0.007
3961.75956 15.835 0.007
3964.76779 15.803 0.007
3966.76004 15.891 0.007
3968.75372 15.819 0.007
3970.74541 15.897 0.007
3973.71474 15.825 0.007
3975.72698 15.936 0.007
3980.66221 15.845 0.007
3981.66195 15.821 0.007
3982.72633 15.808 0.007
3986.69968 15.823 0.007
3991.72887 15.831 0.007
3994.64129 15.811 0.007
3998.67166 15.836 0.007
4001.64248 15.921 0.007
4003.61392 15.819 0.007
4004.69372 15.831 0.007
4005.68785 15.887 0.007
4007.58110 15.802 0.007
4008.59000 15.823 0.007
4011.64048 15.830 0.007
4014.62292 15.937 0.008
4016.61971 15.818 0.007
4018.61612 15.891 0.007
4020.61956 15.829 0.007
4023.60541 15.828 0.007
4025.60578 15.807 0.007
4027.59390 15.935 0.007
4029.57620 15.829 0.007
4031.56328 15.880 0.007
4033.65756 15.819 0.007
4040.53300 15.930 0.008
4042.56089 15.823 0.007
4044.58389 15.877 0.008
4046.61698 15.813 0.007
4049.52892 15.841 0.007
4051.57850 15.811 0.007
4053.62593 15.928 0.007
4055.51857 15.830 0.008
4057.59394 15.875 0.007
4059.59237 15.827 0.007
4063.53741 15.828 0.007
4065.58704 15.834 0.007
4067.58031 15.837 0.007
4069.53318 15.840 0.007
4071.54400 15.853 0.007
4074.54011 15.845 0.007
4077.54182 15.814 0.007
4079.54200 15.939 0.007
4082.54336 15.833 0.007
4085.62069 15.826 0.007
4092.57619 15.937 0.007
4097.61878 15.943 0.007
4100.61020 15.835 0.007
4105.57419 15.894 0.007
4111.61065 15.831 0.007
4115.53011 15.829 0.007
4120.56100 15.830 0.007
4124.57249 15.822 0.007
4128.59647 15.841 0.007
4252.94414 15.838 0.008
4255.86414 15.936 0.008
4268.92311 15.908 0.008
4275.93802 15.817 0.008
4279.83488 15.812 0.009
4282.82628 15.836 0.008
4283.84533 15.829 0.008
4284.87573 15.818 0.008
4285.94115 15.822 0.008
4292.88361 15.808 0.007
4295.87707 15.832 0.007
4296.90756 15.811 0.007
4297.93949 15.814 0.007
4299.87436 15.925 0.007
4300.89610 15.808 0.007
4301.91467 15.801 0.007
4302.93655 15.820 0.007
4306.93326 15.811 0.007
4307.84785 15.865 0.007
4308.67605 15.821 0.007
4308.88395 15.857 0.007
4310.85613 15.805 0.007
4311.85598 15.825 0.009
4312.91815 15.922 0.007
4314.93723 15.820 0.008
4316.84512 15.878 0.009
4320.87243 15.844 0.007
4326.85465 15.827 0.007
4327.83061 15.822 0.009
4328.84636 15.810 0.007
4329.84769 15.865 0.008
4330.87702 15.831 0.007
4332.89323 15.824 0.007
4334.87019 15.892 0.008
4338.92266 15.904 0.008
4340.79350 15.794 0.007
4341.78636 15.822 0.008
4342.86055 15.833 0.008
4343.77992 15.832 0.007
4344.76199 15.817 0.007
4346.71830 15.898 0.008
4348.72407 15.817 0.007
4350.70071 15.825 0.007
4352.80288 15.820 0.008
4353.65885 15.819 0.008
4354.78018 15.816 0.007
4357.76390 15.813 0.008
4359.71785 15.854 0.008
4362.66551 15.821 0.009
4363.62481 15.852 0.008
4365.68317 15.822 0.008
4369.67713 15.831 0.008
4371.66608 15.820 0.008
4376.66957 15.821 0.007
4378.63617 15.824 0.008
4379.66748 15.817 0.008
4381.62663 15.881 0.009
4382.70518 15.832 0.007
4386.67945 15.857 0.007
4388.68017 15.807 0.007
4390.68899 15.922 0.007
4393.68355 15.819 0.007
4396.65811 15.813 0.007
4398.66309 15.839 0.007
4400.68761 15.823 0.007
4404.66459 15.823 0.008
4407.65248 15.863 0.007
4410.68241 15.807 0.007
4415.66874 15.810 0.007
4418.61426 15.814 0.007
4421.67204 15.883 0.008
4423.67651 15.822 0.008
4426.55272 15.822 0.008
4428.56942 15.826 0.008
4430.62964 15.826 0.007
4432.61551 15.805 0.007
4434.62079 15.846 0.007
4436.59710 15.808 0.007
4438.65976 15.890 0.008
4440.59287 15.817 0.008
4442.55437 15.923 0.009
4444.57918 15.820 0.008
4450.61160 15.834 0.009
4452.58914 15.823 0.007
4454.52620 15.832 0.011
4455.59830 15.914 0.008
4457.53381 15.805 0.008
4459.55392 15.842 0.008
4462.58536 15.807 0.008
4466.60949 15.811 0.007
4471.54414 15.806 0.007
4475.53680 15.805 0.008
4480.57922 15.792 0.007
4482.58618 15.841 0.008
4485.58926 15.824 0.008
4488.59149 15.805 0.008
4609.91387 15.850 0.007
4643.89803 15.821 0.008
4650.93691 15.823 0.007
4655.91632 15.804 0.007
4662.79470 15.851 0.007
4662.91153 15.936 0.007
4663.76632 15.813 0.008
4663.91414 15.809 0.007
4665.83940 15.822 0.007
4665.93323 15.819 0.008
4666.92850 15.885 0.008
4666.93239 15.879 0.008
4670.92150 15.837 0.007
4671.89140 15.842 0.007
4673.87344 15.817 0.007
4674.80185 15.838 0.008
4674.86205 15.825 0.008
4676.92169 15.807 0.008
4677.83729 15.809 0.007
4682.81176 15.812 0.007
4684.84962 15.850 0.007
4686.80960 15.808 0.007
4688.82556 15.929 0.007
4690.75115 15.802 0.007
4691.75417 15.833 0.008
4693.90918 15.853 0.008
4696.88282 15.825 0.008
4697.82134 15.843 0.008
4698.77094 15.806 0.007
4699.76504 15.824 0.007
4700.79978 15.822 0.007
4701.80767 15.927 0.008
4703.76688 15.808 0.007
4704.78564 15.824 0.007
4705.79312 15.870 0.007
4707.78554 15.800 0.007
4709.74133 15.884 0.007
4710.76990 15.846 0.007
4715.74991 15.832 0.007
4716.77560 15.810 0.007
4717.70037 15.821 0.007
4719.78965 15.836 0.007
4721.78330 15.819 0.008
4724.66589 15.809 0.007
4725.74535 15.813 0.007
4728.75092 15.817 0.007
4733.72748 15.817 0.007
4740.66908 15.930 0.007
4741.70446 15.815 0.007
4747.60865 15.824 0.007
4749.60833 15.825 0.008
4753.67932 15.917 0.008
4755.67131 15.810 0.007
4757.65583 15.877 0.007
4759.67052 15.809 0.007
4761.63889 15.842 0.007
4763.65132 15.831 0.008
4767.59707 15.831 0.007
4770.66561 15.879 0.007
4772.60337 15.811 0.007
4774.55792 15.886 0.007
4776.54951 15.822 0.007
4777.65146 15.807 0.008
4780.52014 15.813 0.008
4781.61430 15.808 0.008
4783.58323 15.889 0.007
4785.61859 15.816 0.008
4787.57081 15.848 0.009
4789.54971 15.820 0.007
4791.53126 15.837 0.007
4793.53867 15.827 0.007
4795.55134 15.822 0.007
4797.54359 15.837 0.007
4798.60694 15.807 0.007
4800.65432 15.831 0.007
4803.54545 15.818 0.007
4804.60055 15.830 0.008
4805.58740 15.944 0.007
4807.52518 15.826 0.010
4809.55453 15.868 0.007
4811.57643 15.814 0.007
4813.55337 15.843 0.008
4815.58928 15.822 0.008
4816.53637 15.812 0.007
4818.58665 15.924 0.007
4820.52814 15.814 0.009
4822.58489 15.823 0.007
4824.56971 15.820 0.008
4826.61935 15.832 0.007
4833.56875 15.815 0.007
4835.59200 15.826 0.008
4837.60295 15.830 0.008
4841.57929 15.821 0.007
4843.57354 15.813 0.007
4846.58263 15.798 0.007
4848.61887 15.822 0.007
4850.60635 15.810 0.007
4854.59759 15.835 0.007
4856.61483 15.807 0.007
4862.56274 15.923 0.007
4868.55309 15.806 0.007
