2085.90914 18.096 0.044
2086.88843 18.173 0.038
2103.89525 18.138 0.023
2105.92315 18.115 0.029
2106.89098 18.215 0.034
2112.84336 18.118 0.026
2116.87111 18.256 0.031
2123.81803 18.108 0.030
2124.83847 18.135 0.058
2128.82553 18.070 0.033
2129.85750 18.105 0.031
2130.84387 18.086 0.033
2131.83748 18.161 0.033
2132.80627 18.042 0.033
2133.89460 18.188 0.045
2134.81000 18.056 0.036
2135.84408 18.096 0.036
2137.89208 18.011 0.035
2140.81134 18.052 0.030
2142.75205 18.086 0.029
2143.81755 18.116 0.029
2144.82425 18.104 0.023
2155.87863 18.018 0.040
2156.82521 18.195 0.037
2160.75460 18.076 0.033
2162.76139 18.061 0.026
2166.75600 18.289 0.030
2167.76446 18.073 0.025
2168.71363 18.123 0.028
2171.73955 18.089 0.024
2172.74617 18.123 0.029
2177.63966 18.067 0.031
2184.70130 18.159 0.039
2185.66480 18.079 0.033
2186.68965 18.182 0.045
2187.68483 18.054 0.036
2188.73199 18.181 0.034
2190.69136 18.093 0.029
2191.66474 18.118 0.029
2192.66325 18.089 0.023
2193.68432 18.152 0.023
2194.65442 18.136 0.026
2203.55089 18.069 0.032
2206.60721 18.269 0.050
2211.64130 18.077 0.031
2212.64513 18.088 0.031
2213.65095 18.257 0.041
2214.64214 18.040 0.037
2215.64912 18.113 0.032
2217.63582 18.163 0.038
2219.67868 18.088 0.030
2224.71356 18.027 0.027
2226.63643 18.145 0.044
2228.55833 18.102 0.033
2229.61659 18.045 0.031
2231.64326 18.085 0.033
2232.50999 18.086 0.042
2233.61341 18.319 0.036
2235.66353 18.096 0.025
2238.54707 18.168 0.034
2240.65138 18.166 0.034
2242.61889 18.052 0.035
2248.60354 18.168 0.024
2250.57686 18.125 0.027
2253.57050 18.253 0.027
2255.60716 18.113 0.032
2258.57346 18.045 0.025
2263.58419 18.126 0.029
2266.55498 18.087 0.033
2271.56456 18.155 0.032
2273.56390 18.127 0.045
2275.59883 18.156 0.036
2276.55838 18.127 0.044
2278.59096 18.188 0.035
2280.58682 18.270 0.039
2284.58970 18.111 0.033
2290.60368 18.113 0.033
2293.56596 18.062 0.031
2295.55870 18.191 0.034
2297.56199 18.256 0.046
2299.56109 18.109 0.038
2301.55335 18.133 0.041
2445.91192 18.146 0.042
2460.87884 18.045 0.044
2463.91518 18.090 0.030
2465.92794 18.053 0.027
2467.90093 18.063 0.028
2469.90031 18.350 0.033
2471.88975 18.113 0.028
2472.91922 18.200 0.028
2473.89113 18.103 0.027
2481.90282 18.138 0.042
2483.88864 18.134 0.027
2486.88565 18.253 0.039
2488.87656 18.108 0.043
2489.92299 18.081 0.033
2492.90335 18.128 0.029
2495.89338 18.075 0.033
2496.90310 18.276 0.032
2497.92651 18.114 0.030
2498.77378 18.093 0.031
2499.85936 18.163 0.029
2500.86493 18.093 0.027
2501.85389 18.131 0.026
2502.83412 18.049 0.031
2508.74536 18.124 0.049
2516.77666 18.169 0.040
2517.82340 18.043 0.031
2518.79484 18.104 0.032
2519.83174 18.118 0.028
2520.79113 18.104 0.029
2521.82327 18.154 0.027
2524.82152 18.057 0.041
2526.77770 18.212 0.026
2534.83408 18.057 0.033
2535.81429 18.081 0.027
2537.70207 18.212 0.046
2538.79803 18.099 0.033
2539.70185 18.171 0.034
2540.74273 18.020 0.041
2541.71375 18.123 0.028
2542.68354 18.061 0.027
2544.66208 18.105 0.027
2545.67711 18.089 0.025
2547.69512 18.079 0.029
2548.71156 18.103 0.025
2550.70669 18.097 0.029
2551.69333 18.165 0.028
2553.64905 18.105 0.040
2554.70257 18.110 0.029
2555.71050 18.073 0.029
2556.68952 18.274 0.032
2557.70206 18.081 0.023
2558.65854 18.065 0.031
2559.61544 18.169 0.034
2560.64850 18.130 0.029
2561.67405 18.115 0.051
2562.66694 18.071 0.031
2563.67487 18.105 0.032
2564.69026 18.089 0.030
2565.68116 18.096 0.031
2566.66144 18.256 0.033
2568.69242 18.135 0.045
2571.64511 18.146 0.044
2573.65854 18.050 0.039
2574.64237 18.085 0.033
2577.62924 18.106 0.038
2578.62931 18.069 0.030
2579.63596 18.149 0.036
2580.64808 18.117 0.028
2583.61939 18.137 0.037
2584.62675 18.109 0.032
2586.62397 18.210 0.033
2587.60838 18.103 0.032
2588.71680 18.137 0.033
2589.59832 18.125 0.033
2590.61345 18.070 0.034
2591.63659 18.140 0.032
2593.60559 18.106 0.028
2594.60936 18.037 0.038
2596.58489 18.314 0.049
2597.57206 18.132 0.034
2598.64593 18.116 0.035
2599.60541 18.158 0.043
2607.62660 18.051 0.038
2610.54642 18.141 0.041
2613.54032 18.143 0.037
2615.56917 18.117 0.033
2619.55687 18.106 0.039
2621.56577 18.099 0.030
2625.54841 18.126 0.044
2628.54178 18.092 0.051
2632.54820 18.098 0.033
2636.54337 18.155 0.041
2639.54386 18.099 0.034
2642.55261 18.080 0.040
2646.56543 18.033 0.032
2651.53746 18.125 0.048
2654.55527 18.062 0.039
2657.55813 18.106 0.035
2660.55391 18.232 0.039
2671.55158 18.089 0.036
2673.56338 18.140 0.044
2676.52475 18.057 0.044
2679.53811 18.127 0.033
2682.54043 18.158 0.044
2777.90295 18.051 0.042
2804.86989 18.096 0.044
2811.90436 18.074 0.049
2814.94001 18.108 0.031
2817.92658 18.160 0.036
2825.90438 18.083 0.034
2831.78143 18.088 0.039
2832.74739 18.110 0.037
2832.92536 18.137 0.031
2833.86530 18.075 0.040
2835.87395 18.105 0.033
2837.87502 18.130 0.050
2838.93218 18.037 0.039
2840.82492 18.133 0.040
2843.82636 18.121 0.030
2844.87219 18.118 0.031
2845.91818 18.053 0.035
2849.85561 18.174 0.034
2850.88837 18.080 0.033
2851.93194 18.116 0.037
2852.80262 18.258 0.042
2853.94203 18.059 0.033
2856.81529 18.037 0.034
2858.90934 18.086 0.025
2860.87534 18.078 0.028
2861.74651 18.039 0.025
2862.92552 18.092 0.034
2863.83472 18.086 0.042
2865.83162 18.104 0.030
2866.88126 18.145 0.040
2867.82127 18.121 0.026
2868.76894 18.098 0.031
2869.90194 18.195 0.033
2870.81554 18.084 0.025
2871.85846 18.087 0.029
2875.79802 18.147 0.037
2876.77573 18.071 0.028
2877.79763 18.063 0.026
2879.73926 18.159 0.025
2883.82540 18.087 0.023
2885.76020 18.122 0.030
2888.80852 18.061 0.029
2892.79988 18.159 0.043
2894.72904 18.124 0.033
2896.72614 18.090 0.027
2898.74712 18.090 0.027
2900.74596 18.096 0.023
2902.74548 18.130 0.025
2905.75268 18.066 0.026
2907.75408 18.085 0.023
2909.74319 18.224 0.023
2911.73455 18.081 0.022
2915.70602 18.093 0.025
2917.73213 18.078 0.024
2921.72988 18.098 0.032
2923.75183 18.123 0.035
2925.71480 18.079 0.026
2927.71233 18.069 0.030
2930.73038 18.100 0.031
2932.73689 18.066 0.027
2934.71672 18.123 0.025
2937.64073 18.064 0.030
2939.69337 18.123 0.028
2940.63350 18.096 0.023
2941.68332 18.119 0.023
2942.63345 18.099 0.030
2943.60468 18.135 0.033
2944.58927 18.135 0.030
2945.60604 18.203 0.048
2947.61554 18.056 0.032
2949.59685 18.254 0.033
2950.64160 18.081 0.026
2951.62878 18.111 0.033
2952.65771 18.094 0.035
2954.68263 18.100 0.035
2956.62862 18.207 0.024
2958.62303 18.094 0.033
2961.59410 18.118 0.048
2968.59386 18.079 0.031
2970.61311 18.094 0.027
2972.59760 18.066 0.028
2974.59835 18.078 0.028
2976.54805 18.207 0.034
2978.57415 18.140 0.045
2980.59102 18.099 0.041
2982.53624 18.070 0.032
2984.62711 18.101 0.037
2986.63724 18.164 0.034
2988.52960 18.172 0.055
2991.60267 18.173 0.029
2994.58439 18.072 0.028
2997.55718 18.086 0.027
3001.57363 18.125 0.032
3005.53170 18.064 0.047
3008.55336 18.073 0.040
3008.55802 18.096 0.042
3011.56139 18.185 0.042
3016.58805 18.136 0.035
3018.57452 18.141 0.033
3020.60257 18.122 0.028
3021.61538 18.096 0.023
3023.57128 18.290 0.031
3025.56979 18.132 0.035
3027.60330 18.100 0.029
3029.57520 18.063 0.028
3031.57974 18.048 0.029
3033.58211 18.251 0.033
3037.52913 18.048 0.036
3164.92956 18.085 0.031
3177.91731 18.068 0.036
3183.91153 18.084 0.028
3193.87929 18.162 0.035
3195.93849 18.077 0.026
3197.91395 18.137 0.030
3201.87137 18.175 0.033
3203.87932 18.115 0.022
3206.81719 18.105 0.031
3210.89322 18.114 0.030
3211.88465 18.059 0.025
3215.66076 18.115 0.042
3216.72877 18.137 0.044
3217.92930 18.086 0.034
3218.91393 18.149 0.048
3223.83478 18.111 0.033
3226.82503 18.150 0.033
3229.83216 18.126 0.025
3231.81430 18.073 0.040
3239.79267 18.145 0.030
3240.78993 18.120 0.036
3241.81429 18.087 0.027
3242.71361 18.156 0.032
3243.85006 18.103 0.031
3244.82725 18.115 0.037
3245.77639 18.130 0.036
3246.76884 18.087 0.040
3247.76260 18.149 0.033
3249.72731 18.158 0.035
3251.74083 18.101 0.023
3254.72795 18.093 0.025
3257.74436 18.143 0.023
3259.66354 18.089 0.028
3261.70164 18.100 0.023
3263.68434 18.025 0.021
3265.71873 18.089 0.023
3267.70757 18.136 0.023
3269.78399 18.333 0.046
3270.74081 18.101 0.030
3271.66364 18.020 0.027
3272.72083 18.189 0.027
3274.70670 18.112 0.029
3276.71113 18.090 0.035
3277.74427 18.071 0.027
3279.67659 18.151 0.029
3281.64027 18.112 0.025
3283.64171 18.079 0.020
3287.60793 18.118 0.027
3289.61900 18.129 0.028
3293.59579 18.085 0.023
3295.61458 18.123 0.020
3297.59633 18.122 0.022
3299.65270 18.315 0.026
3301.62694 18.089 0.032
3303.68919 18.075 0.029
3306.62174 18.123 0.022
3308.60946 18.076 0.035
3310.60859 18.033 0.029
3312.65261 18.126 0.030
3314.56347 18.164 0.039
3320.60130 18.073 0.025
3327.55626 18.117 0.028
3330.55049 18.075 0.032
3335.59532 18.083 0.033
3338.59893 18.032 0.023
3349.59526 18.187 0.028
3353.57435 18.114 0.029
3359.55088 18.175 0.031
3363.55822 18.083 0.031
3367.61754 18.110 0.029
3372.54829 18.049 0.024
3376.52760 18.211 0.049
3378.59455 18.110 0.032
3386.56098 18.226 0.024
3390.57456 18.040 0.035
3398.55632 18.095 0.028
3402.54472 18.047 0.023
3528.93692 18.177 0.037
3541.92972 18.118 0.024
3547.91431 18.125 0.027
3554.92252 18.054 0.028
3560.94464 18.121 0.028
3564.90680 18.082 0.022
3568.83766 18.104 0.024
3570.77838 18.127 0.040
3571.80071 18.066 0.042
3573.83820 18.081 0.036
3574.87719 18.086 0.029
3577.83586 18.034 0.027
3578.89443 18.128 0.024
3579.79927 18.047 0.022
3581.84420 18.076 0.027
3581.86691 18.134 0.029
3582.82909 18.116 0.033
3583.83350 18.020 0.027
3584.80520 18.023 0.021
3586.80784 18.038 0.019
3588.82573 18.114 0.023
3589.81854 18.096 0.023
3591.87334 18.090 0.019
3593.81090 18.083 0.026
3596.89136 18.078 0.025
3601.80899 18.111 0.029
3607.81440 18.138 0.023
3614.78579 18.099 0.020
3617.76529 18.125 0.023
3619.69821 18.055 0.024
3621.71667 18.078 0.024
3624.86497 18.130 0.035
3626.71435 18.086 0.026
3629.66796 18.120 0.035
3631.73033 18.137 0.035
3633.69564 18.011 0.032
3637.64955 18.122 0.030
3639.69963 18.112 0.019
3641.69619 18.126 0.023
3643.72056 18.175 0.023
3646.65552 18.071 0.027
3650.65877 18.138 0.028
3650.68281 18.101 0.024
3651.73275 18.076 0.022
3653.72891 18.091 0.023
3655.69509 18.103 0.022
3657.64587 18.146 0.028
3658.65030 18.106 0.028
3659.63835 17.986 0.028
3660.66847 18.101 0.032
3663.55998 18.050 0.039
3665.63356 18.141 0.026
3668.57198 18.095 0.025
3669.67074 18.140 0.033
3671.62890 18.077 0.029
3673.67376 18.064 0.033
3675.65834 18.148 0.026
3681.62964 18.047 0.034
3681.64927 18.122 0.040
3683.64765 18.035 0.024
3685.65278 18.066 0.024
3687.65145 18.099 0.026
3689.59984 18.077 0.026
3692.57568 18.211 0.033
3694.55966 18.163 0.033
3696.56018 18.090 0.023
3698.59387 18.100 0.032
3700.57480 18.142 0.031
3702.58409 18.142 0.028
3704.59036 18.130 0.029
3706.61079 18.123 0.021
3708.58367 18.078 0.028
3711.59026 18.094 0.033
3714.52401 18.090 0.053
3718.60452 18.118 0.034
3721.55342 18.089 0.031
3724.56310 18.112 0.027
3726.58366 18.100 0.027
3728.55677 18.122 0.029
3734.56022 18.192 0.032
3737.57590 18.079 0.027
3742.53452 18.066 0.046
3746.55980 18.220 0.041
3751.53618 18.096 0.045
3756.55244 18.241 0.034
3761.60271 18.182 0.032
3766.52751 18.276 0.046
3772.55033 18.104 0.031
3776.55040 18.285 0.037
3871.87630 18.344 0.052
3901.93882 18.199 0.035
3906.93909 18.049 0.023
3913.91603 18.121 0.021
3918.87954 18.245 0.028
3931.91488 18.106 0.033
3934.85790 18.087 0.022
3936.86610 18.084 0.025
3938.85009 18.285 0.034
3944.89748 18.089 0.024
3946.86561 18.112 0.028
3951.88502 18.100 0.032
3955.85015 18.273 0.044
3958.82667 18.129 0.039
3960.82682 18.129 0.026
3963.82353 18.020 0.035
3965.81541 18.218 0.019
3967.83526 18.102 0.022
3969.80090 18.103 0.024
3971.77709 18.116 0.023
3974.77883 18.172 0.031
3979.73419 18.136 0.025
3980.61754 18.127 0.038
3981.64383 18.061 0.022
3983.83415 18.096 0.033
3986.69571 18.077 0.033
3987.66675 18.091 0.024
3990.79002 18.144 0.024
3993.73482 18.092 0.029
3995.74009 18.257 0.023
3999.74936 18.066 0.022
4002.72150 18.092 0.020
4004.67329 18.051 0.023
4006.69950 18.071 0.020
4007.56288 18.037 0.024
4008.57181 18.262 0.029
4009.73327 18.113 0.027
4013.69838 18.080 0.028
4015.68067 18.331 0.047
4015.69690 18.195 0.041
4018.69606 18.088 0.026
4019.68463 18.099 0.030
4021.67712 18.090 0.023
4024.65059 18.100 0.023
4026.62947 18.071 0.024
4028.62543 18.105 0.022
4030.63799 18.150 0.027
4032.69009 18.107 0.029
4037.66628 18.107 0.022
4039.60422 18.110 0.023
4043.58944 18.031 0.031
4046.59877 18.040 0.028
4048.56467 18.110 0.032
4050.60679 18.096 0.025
4052.55889 18.136 0.025
4054.61307 18.082 0.027
4056.58516 18.045 0.029
4058.61871 18.081 0.027
4060.51755 18.127 0.033
4064.51518 18.097 0.029
4066.55665 18.083 0.026
4069.51502 18.034 0.044
4073.59859 18.153 0.034
4077.52194 18.139 0.038
4079.52388 18.164 0.046
4082.52384 18.175 0.044
4085.56155 18.120 0.027
4092.55760 18.222 0.023
4096.58355 18.063 0.025
4100.58634 18.080 0.033
4105.55417 18.048 0.031
4108.53042 18.069 0.035
4113.60831 18.090 0.025
4120.57914 18.124 0.024
4126.57697 18.010 0.035
4252.92626 18.078 0.039
4255.84555 18.100 0.038
4268.89906 18.083 0.032
4275.92119 18.116 0.034
4279.79887 18.063 0.049
4282.80943 18.090 0.033
4283.86237 18.099 0.037
4285.91669 18.086 0.032
4291.93747 18.128 0.035
4292.85599 18.065 0.023
4295.86004 18.098 0.025
4296.88980 18.091 0.026
4297.92266 18.114 0.026
4299.85747 18.108 0.023
4300.87896 18.078 0.025
4301.89697 18.108 0.022
4302.91858 18.049 0.028
4306.86321 18.143 0.037
4307.89749 18.088 0.023
4308.65864 18.097 0.032
4308.86662 18.259 0.031
4310.83897 18.078 0.033
4311.82652 18.104 0.046
4312.90040 18.105 0.023
4314.91987 18.094 0.032
4316.82641 18.053 0.030
4319.86359 18.046 0.031
4320.89045 18.102 0.032
4326.83432 18.084 0.027
4327.81259 18.071 0.036
4328.82822 18.177 0.033
4329.83076 18.055 0.029
4330.85900 18.102 0.025
4333.86030 18.112 0.030
4338.90068 18.126 0.038
4340.77316 18.073 0.028
4341.76831 18.078 0.035
4342.82417 18.141 0.034
4343.76181 18.117 0.030
4344.74396 18.092 0.027
4345.78995 18.174 0.026
4347.77884 18.073 0.026
4349.79203 18.097 0.026
4351.72913 18.114 0.036
4353.75235 18.142 0.036
4357.70122 18.138 0.034
4359.69915 18.107 0.026
4361.70171 18.084 0.033
4362.72443 18.081 0.033
4364.58347 18.104 0.040
4367.68098 18.100 0.035
4370.67263 18.032 0.030
4372.73610 18.112 0.024
4376.65149 18.083 0.032
4378.61807 18.282 0.037
4379.64603 18.062 0.033
4380.75888 18.118 0.026
4382.68633 18.076 0.027
4386.66139 18.120 0.026
4388.66187 18.169 0.030
4390.67086 18.123 0.024
4393.64464 18.149 0.032
4395.67952 18.276 0.034
4398.64496 18.131 0.032
4400.66784 18.108 0.033
4403.69363 18.083 0.030
4407.63372 18.071 0.032
4408.67990 18.113 0.033
4410.70284 18.097 0.029
4415.68697 18.167 0.029
4418.59364 18.103 0.026
4422.65487 18.191 0.031
4424.65193 18.105 0.029
4427.53863 18.067 0.033
4429.56456 18.056 0.044
4431.56900 18.101 0.033
4433.57486 18.103 0.028
4435.56321 18.294 0.033
4437.65225 18.191 0.042
4439.56412 18.111 0.034
4441.59995 18.115 0.032
4443.59068 18.068 0.033
4449.64470 18.126 0.029
4451.59983 18.055 0.025
4453.58181 18.088 0.035
4456.58324 18.122 0.040
4459.53574 18.108 0.039
4464.57543 18.044 0.027
4465.54136 18.122 0.033
4470.56029 18.063 0.035
4474.59679 18.106 0.039
4476.57493 18.073 0.027
4479.59974 18.165 0.040
4481.58441 18.022 0.028
4484.60109 18.105 0.049
4487.62265 18.060 0.044
4609.89594 18.196 0.042
4643.88061 18.081 0.033
4649.93082 18.091 0.031
4661.89396 18.236 0.029
4662.77668 18.137 0.026
4662.89360 18.096 0.026
4663.74837 18.099 0.034
4663.93227 18.132 0.033
4665.82132 18.171 0.039
4665.91527 18.074 0.037
4666.90913 18.077 0.036
4670.90358 18.080 0.030
4671.81782 18.278 0.036
4672.87754 18.107 0.027
4675.89515 18.088 0.029
4681.87488 18.174 0.023
4683.87013 18.160 0.029
4685.85625 18.149 0.031
4688.80759 18.160 0.026
4690.73315 18.058 0.023
4691.73602 18.325 0.044
4693.89111 18.120 0.035
4696.84103 18.051 0.043
4698.75286 18.124 0.023
4699.74687 18.124 0.028
4700.78438 18.083 0.024
4701.78958 18.137 0.030
4702.84972 18.073 0.030
4703.74876 18.111 0.030
4704.76761 18.108 0.024
4705.77485 18.078 0.031
4707.76752 18.085 0.021
4708.83578 18.277 0.025
4710.75175 18.129 0.024
4716.75326 18.176 0.029
4719.74543 18.057 0.036
4721.73439 18.124 0.034
4724.76409 18.094 0.029
4726.65976 18.177 0.037
4729.67074 18.030 0.034
4731.76099 18.092 0.023
4734.74331 18.135 0.023
4736.70809 18.086 0.030
4739.64937 18.095 0.033
4741.72395 18.075 0.022
4747.59056 18.042 0.027
4749.59013 18.103 0.037
4753.65929 18.158 0.041
4755.65321 18.145 0.029
4757.63765 18.102 0.025
4759.65027 18.075 0.027
4761.62054 18.130 0.021
4763.63318 18.196 0.037
4766.60140 18.081 0.033
4769.63947 18.070 0.033
4771.55054 18.129 0.037
4773.67535 18.104 0.025
4775.66219 18.120 0.034
4777.59594 18.050 0.028
4779.63153 18.126 0.031
4781.58145 18.113 0.030
4783.56507 18.218 0.037
4785.59617 18.149 0.033
4787.55254 18.142 0.058
4789.53158 18.120 0.037
4790.61380 18.107 0.021
4791.61210 18.078 0.024
4793.51623 18.118 0.038
4795.53328 18.106 0.024
4797.52548 18.040 0.030
4798.58878 18.137 0.036
4800.63607 18.131 0.027
4803.52739 18.130 0.034
4804.57757 18.115 0.036
4806.58659 18.035 0.028
4808.54482 18.110 0.033
4808.61232 18.111 0.032
4810.55526 18.128 0.032
4813.59461 18.137 0.033
4815.57074 18.248 0.037
4817.58728 18.078 0.025
4819.58688 18.053 0.026
4821.62878 18.056 0.022
4823.58957 18.055 0.028
4825.61801 18.125 0.031
4832.59113 18.189 0.032
4835.57295 18.191 0.040
4839.59446 18.131 0.035
4842.56152 18.245 0.040
4844.57001 18.157 0.029
4847.62632 18.190 0.052
4849.58618 18.041 0.025
4853.58361 18.113 0.032
4856.57754 18.066 0.026
4865.55067 18.104 0.032
4936.91655 18.124 0.042
4940.89923 18.232 0.038
4940.90309 18.181 0.034
4953.89694 18.101 0.034
4954.88836 18.122 0.028
