2090.91009 17.903 0.030
2105.90800 17.927 0.023
2106.87266 17.921 0.026
2113.85299 17.886 0.027
2116.85618 18.008 0.024
2122.79538 18.086 0.057
2123.80297 18.031 0.029
2124.82006 18.263 0.087
2128.81086 17.927 0.031
2129.84280 17.894 0.024
2130.86743 17.888 0.024
2131.86068 17.911 0.030
2132.79103 18.107 0.037
2133.87969 18.007 0.037
2134.79477 17.900 0.030
2135.82746 18.052 0.031
2136.84778 17.916 0.028
2137.80614 17.916 0.027
2140.79640 18.174 0.035
2141.83120 18.264 0.047
2142.77289 17.984 0.025
2143.80368 17.938 0.024
2144.85414 17.910 0.023
2155.86384 17.959 0.041
2156.81048 18.080 0.032
2160.73544 17.946 0.028
2162.74635 17.897 0.020
2166.74094 17.920 0.021
2167.78710 17.912 0.023
2172.73134 18.313 0.033
2173.71189 18.091 0.024
2184.68608 17.928 0.031
2185.65000 17.956 0.028
2187.70741 18.022 0.033
2188.66540 18.244 0.042
2190.67644 17.891 0.023
2191.68606 17.929 0.026
2192.64916 17.878 0.018
2193.67027 17.891 0.019
2194.63842 17.968 0.025
2200.61595 17.926 0.026
2203.70948 17.914 0.020
2211.62702 18.034 0.031
2212.62802 18.084 0.030
2213.63641 17.955 0.034
2214.62061 17.942 0.032
2215.63505 17.887 0.026
2217.62205 17.906 0.034
2219.66450 18.036 0.030
2224.69973 17.886 0.030
2226.62028 17.940 0.033
2228.54454 17.929 0.034
2229.60277 17.968 0.027
2231.55444 17.901 0.027
2233.59868 17.920 0.024
2235.64469 18.073 0.024
2238.53331 17.940 0.031
2242.60493 17.919 0.028
2244.62312 18.068 0.030
2248.58593 17.875 0.018
2250.55334 17.995 0.029
2252.61082 18.316 0.037
2255.58892 17.931 0.027
2257.61062 17.919 0.023
2262.60125 17.935 0.026
2266.59068 17.994 0.035
2272.56828 17.897 0.026
2274.55389 17.940 0.033
2277.58892 18.021 0.026
2283.58576 18.065 0.030
2290.58486 17.891 0.026
2292.59103 18.077 0.034
2294.59425 17.964 0.033
2296.56044 17.923 0.041
2298.57107 17.952 0.036
2300.56983 18.301 0.050
2303.55335 17.941 0.038
2445.89533 18.003 0.033
2458.93668 17.904 0.027
2463.90033 17.923 0.027
2465.91302 17.902 0.023
2467.88584 18.000 0.027
2469.88549 18.251 0.031
2470.91979 18.113 0.024
2471.93106 17.962 0.025
2473.87102 17.905 0.024
2483.84343 18.065 0.025
2486.86091 18.004 0.034
2489.90749 17.928 0.028
2492.88857 17.977 0.031
2495.87826 17.818 0.025
2496.88818 17.913 0.024
2497.91163 17.921 0.025
2498.91446 17.873 0.021
2499.84456 17.965 0.026
2500.84903 18.208 0.031
2501.83897 18.261 0.028
2502.81878 17.951 0.026
2503.83427 17.906 0.022
2516.76148 18.253 0.041
2517.80830 18.183 0.032
2518.77925 17.981 0.026
2519.85808 17.972 0.025
2520.77627 17.911 0.024
2521.84748 17.875 0.022
2524.84526 17.981 0.033
2526.76283 17.911 0.019
2534.81965 18.035 0.028
2535.83984 17.946 0.032
2537.68720 17.903 0.035
2538.78082 17.933 0.026
2539.68780 18.064 0.031
2540.70622 18.073 0.036
2541.69971 17.930 0.025
2542.66949 17.905 0.023
2544.64730 17.939 0.022
2545.66323 17.987 0.023
2547.68109 18.377 0.039
2548.69676 18.191 0.030
2550.69171 17.952 0.024
2551.67838 17.925 0.022
2552.69454 17.921 0.021
2554.68773 17.983 0.024
2555.69568 18.054 0.025
2556.67458 18.034 0.025
2557.68715 17.944 0.021
2558.64365 17.913 0.025
2560.63358 17.890 0.024
2561.65921 17.946 0.038
2563.65986 18.311 0.033
2564.67544 18.190 0.033
2565.66216 17.981 0.024
2566.64713 17.922 0.026
2568.67851 17.921 0.036
2571.63025 18.059 0.045
2572.72748 18.090 0.038
2573.64449 17.892 0.030
2574.62836 17.868 0.025
2577.61401 17.949 0.035
2578.61232 18.190 0.037
2579.62174 18.289 0.036
2580.63378 18.090 0.026
2583.60516 17.875 0.033
2584.61266 17.869 0.031
2587.59333 18.091 0.030
2588.62222 17.976 0.032
2589.58330 17.919 0.026
2590.59808 17.934 0.035
2591.59927 17.934 0.027
2593.58985 17.998 0.024
2594.59361 18.254 0.044
2596.56978 18.025 0.033
2597.55711 17.918 0.039
2598.61003 17.928 0.025
2599.58916 17.894 0.037
2607.61006 17.931 0.033
2613.52250 17.913 0.027
2615.55430 17.938 0.029
2619.53377 18.008 0.038
2621.55047 17.893 0.026
2623.59837 17.918 0.030
2626.54194 18.295 0.037
2629.54831 17.938 0.035
2635.54939 18.088 0.025
2639.52982 17.929 0.042
2641.57557 17.973 0.026
2646.53843 17.932 0.042
2650.57394 17.950 0.030
2654.54115 17.976 0.036
2656.58920 17.893 0.030
2660.53494 18.131 0.041
2664.55981 17.934 0.035
2669.53697 17.916 0.025
2673.54946 17.927 0.037
2675.56536 18.162 0.032
2678.56568 17.937 0.039
2682.52558 17.937 0.041
2777.88803 17.976 0.040
2804.89401 18.074 0.045
2810.92639 17.942 0.029
2814.92392 17.973 0.027
2817.91192 17.905 0.030
2825.88767 17.927 0.031
2830.92616 17.992 0.042
2831.76639 17.890 0.034
2832.73188 17.967 0.032
2833.84995 17.924 0.037
2834.85851 17.977 0.035
2836.86350 18.079 0.040
2837.85589 17.973 0.040
2839.89164 17.929 0.022
2841.87235 17.920 0.025
2844.85760 18.266 0.026
2848.94059 17.898 0.038
2850.87371 17.882 0.025
2851.91699 17.947 0.025
2852.78762 17.943 0.028
2853.92751 18.029 0.029
2856.80067 17.911 0.034
2858.89473 17.963 0.022
2860.86080 18.316 0.035
2861.73177 17.930 0.022
2862.91078 18.091 0.034
2863.81986 17.896 0.032
2865.85378 17.892 0.022
2866.86652 17.939 0.032
2867.84748 17.998 0.026
2868.79121 18.010 0.025
2870.80087 17.917 0.022
2872.75829 17.934 0.021
2876.76105 18.086 0.027
2877.78292 17.998 0.025
2879.79168 17.897 0.020
2883.81007 18.029 0.021
2885.74524 17.912 0.027
2888.79350 17.920 0.032
2892.78511 18.258 0.042
2894.75139 17.929 0.026
2896.74854 17.919 0.023
2898.76941 17.941 0.025
2900.73139 18.016 0.021
2902.73093 17.896 0.020
2905.73811 17.959 0.024
2907.73935 18.314 0.030
2909.72834 17.980 0.019
2911.71984 17.909 0.018
2915.69121 18.051 0.025
2917.71718 17.902 0.020
2921.71511 17.926 0.024
2923.73640 18.234 0.032
2925.69997 17.904 0.022
2927.69736 17.880 0.026
2930.71526 18.012 0.026
2932.72162 18.034 0.027
2934.70172 17.906 0.022
2937.62225 18.119 0.032
2939.71583 18.275 0.032
2940.61885 17.963 0.020
2941.61245 17.915 0.022
2942.61866 17.916 0.021
2943.57103 17.906 0.028
2944.57446 17.957 0.024
2945.59127 17.996 0.034
2947.58805 17.947 0.029
2949.58220 17.910 0.027
2951.61395 17.929 0.029
2952.64135 17.965 0.030
2954.66790 18.064 0.036
2956.61395 17.982 0.021
2965.60785 17.907 0.019
2968.57894 17.978 0.030
2970.59828 18.261 0.031
2972.58243 17.928 0.024
2974.57676 17.913 0.026
2976.53267 17.956 0.031
2977.59969 17.977 0.034
2979.56399 17.968 0.034
2981.60903 17.943 0.041
2987.63272 18.297 0.034
2989.55500 17.920 0.026
2992.55823 17.925 0.030
2995.59964 18.092 0.022
2998.55764 17.924 0.032
3001.55893 18.036 0.028
3004.55089 17.958 0.028
3007.55700 17.923 0.024
3010.55612 18.035 0.027
3016.57326 17.930 0.029
3019.58670 18.335 0.040
3021.60065 17.995 0.021
3023.55595 17.834 0.023
3025.55494 17.933 0.027
3027.58859 18.051 0.027
3029.56051 17.975 0.027
3031.56487 17.948 0.029
3033.56735 17.908 0.024
3036.58455 18.205 0.040
3040.54757 17.869 0.029
3160.84505 17.924 0.037
3177.89945 17.990 0.038
3183.89699 17.921 0.025
3193.86473 17.927 0.029
3195.92374 18.110 0.032
3197.89929 17.878 0.026
3201.85677 17.958 0.023
3203.86390 18.321 0.026
3204.92753 18.283 0.032
3210.87855 17.909 0.024
3211.90679 18.019 0.026
3215.68528 18.000 0.041
3216.70653 18.152 0.044
3217.78252 18.106 0.034
3223.82008 17.947 0.030
3226.80861 18.047 0.030
3229.81768 17.932 0.022
3231.76832 17.969 0.034
3239.77787 17.904 0.023
3240.76722 17.950 0.031
3241.83643 17.949 0.027
3242.69892 17.991 0.029
3243.83156 18.092 0.030
3244.81264 18.039 0.034
3245.75808 17.961 0.028
3246.75436 17.872 0.027
3247.74572 17.900 0.030
3249.71282 18.031 0.030
3251.72558 18.026 0.022
3254.71290 17.896 0.024
3256.77877 17.851 0.022
3258.69860 18.001 0.033
3260.68892 17.946 0.032
3262.72487 17.883 0.017
3264.67657 18.023 0.021
3266.74757 18.250 0.031
3268.68089 17.920 0.019
3270.66121 17.900 0.026
3271.64869 17.950 0.030
3272.70551 17.932 0.023
3274.68765 18.099 0.033
3276.69652 17.920 0.026
3277.72935 17.903 0.033
3279.66195 17.969 0.024
3281.62139 18.358 0.029
3283.62718 17.929 0.017
3287.59327 17.986 0.027
3289.60426 18.034 0.025
3293.58126 17.912 0.020
3295.59999 17.948 0.016
3297.58128 18.210 0.025
3299.63817 17.977 0.023
3301.61228 17.856 0.030
3303.67445 17.902 0.029
3306.60707 18.044 0.020
3308.59491 17.885 0.029
3310.59407 17.878 0.029
3312.59635 18.008 0.028
3314.54873 18.038 0.039
3320.58649 17.957 0.022
3321.58216 18.014 0.025
3323.53008 17.898 0.025
3327.54124 17.961 0.029
3330.53521 18.011 0.030
3335.57624 17.912 0.027
3338.58325 18.030 0.024
3349.58037 17.911 0.016
3353.55769 18.060 0.033
3360.56630 17.951 0.025
3363.53817 17.983 0.034
3367.60135 17.878 0.022
3375.53435 17.940 0.027
3378.57990 18.341 0.031
3386.54625 18.042 0.021
3390.55470 17.874 0.031
3398.54167 17.919 0.023
3402.52976 18.131 0.031
3538.93856 18.028 0.031
3547.89990 18.249 0.032
3554.90809 18.025 0.028
3561.87424 18.028 0.018
3561.92727 17.980 0.019
3564.89061 17.994 0.019
3569.91269 17.912 0.023
3570.72619 17.910 0.035
3571.78297 17.932 0.042
3573.81967 17.879 0.028
3574.86613 17.898 0.024
3577.82470 18.090 0.027
3578.88284 18.197 0.025
3581.82925 17.938 0.023
3582.81363 17.852 0.024
3583.82250 17.930 0.023
3584.79415 17.909 0.019
3586.79257 18.056 0.018
3588.79654 17.932 0.018
3591.85806 17.932 0.017
3593.83222 18.046 0.025
3596.80589 17.933 0.024
3601.79430 18.026 0.025
3607.77166 17.914 0.018
3614.76952 17.923 0.015
3617.74651 18.030 0.021
3619.67790 17.910 0.023
3621.70490 17.935 0.022
3624.80645 17.951 0.025
3626.70184 18.126 0.026
3633.67956 18.068 0.034
3636.76261 17.966 0.030
3638.65607 17.904 0.025
3641.68511 18.333 0.027
3643.70581 17.971 0.021
3646.63906 17.977 0.024
3650.64388 17.970 0.024
3651.71787 17.996 0.021
3653.68904 17.910 0.021
3655.68024 17.900 0.021
3657.60866 18.241 0.030
3658.63539 18.119 0.030
3659.62684 17.977 0.031
3661.59572 17.863 0.033
3663.58245 18.028 0.035
3665.59910 17.990 0.022
3668.55707 17.934 0.023
3669.65953 17.915 0.025
3671.61233 17.966 0.026
3673.66246 18.234 0.037
3675.64324 18.030 0.022
3681.60610 18.059 0.037
3683.63260 17.915 0.023
3685.63402 17.918 0.022
3687.63237 17.956 0.024
3689.58462 18.220 0.030
3692.55525 17.856 0.024
3694.54860 17.942 0.028
3696.54042 18.085 0.023
3698.58252 18.026 0.032
3700.56169 17.916 0.025
3702.56885 17.948 0.029
3704.57073 18.237 0.032
3706.57950 18.047 0.022
3708.56846 17.936 0.027
3711.57511 17.906 0.027
3713.59761 18.021 0.023
3717.56553 17.894 0.036
3721.52975 18.215 0.051
3724.53483 17.899 0.024
3726.53127 17.894 0.027
3728.53776 17.984 0.025
3734.54892 17.923 0.023
3740.56227 17.906 0.020
3746.54302 17.997 0.035
3750.54078 17.867 0.037
3761.59090 17.976 0.025
3765.55701 17.911 0.017
3771.56896 18.089 0.029
3776.52837 17.869 0.031
3780.55263 17.991 0.041
3871.86521 17.934 0.038
3901.92772 17.918 0.026
3905.94615 17.984 0.031
3913.90506 17.939 0.020
3917.94205 17.896 0.023
3931.88828 17.972 0.028
3933.93310 17.878 0.023
3936.85487 17.957 0.022
3938.83886 18.169 0.032
3944.88659 17.913 0.023
3946.85113 18.096 0.023
3951.87362 17.898 0.019
3955.83444 18.096 0.035
3960.81594 17.919 0.020
3963.81265 17.943 0.032
3965.80458 17.895 0.015
3967.82426 17.923 0.017
3969.79011 18.284 0.026
3971.76579 17.971 0.020
3974.76796 17.873 0.022
3979.72338 17.894 0.021
3980.60600 17.928 0.030
3981.63304 17.960 0.021
3983.90269 17.913 0.026
3987.77123 18.001 0.022
3990.77917 17.911 0.020
3993.72205 18.103 0.029
3995.72778 17.942 0.021
3999.73798 17.891 0.018
4002.71067 18.095 0.019
4004.66239 17.897 0.019
4006.68871 17.899 0.018
4007.55006 18.026 0.026
4008.56094 17.944 0.020
4009.68670 18.078 0.027
4013.68728 17.915 0.025
4015.66974 18.015 0.036
4017.71873 18.318 0.030
4018.72333 18.121 0.028
4019.67369 17.984 0.029
4021.66628 17.914 0.018
4024.63964 18.059 0.025
4026.61865 17.908 0.021
4028.61442 17.880 0.018
4030.62517 17.938 0.020
4032.67872 18.087 0.030
4037.63895 17.852 0.019
4039.59322 17.992 0.022
4041.58551 17.960 0.028
4043.57842 17.911 0.028
4046.57126 17.931 0.028
4048.55363 18.169 0.034
4050.59594 17.963 0.022
4052.54779 17.912 0.022
4054.60212 17.906 0.023
4056.57413 18.169 0.032
4058.57564 17.954 0.027
4061.57114 17.927 0.020
4065.52070 17.977 0.025
4068.52078 17.903 0.024
4070.53937 17.948 0.026
4073.56525 17.917 0.038
4076.63242 17.940 0.033
4078.59239 17.895 0.019
4080.60305 18.073 0.027
4085.55057 17.936 0.029
4092.54551 17.892 0.018
4096.55705 18.293 0.031
4099.60018 18.043 0.034
4104.59104 17.926 0.033
4111.57898 17.931 0.018
4120.53602 17.998 0.028
4126.56584 17.910 0.025
4252.91504 17.930 0.030
4255.83078 17.993 0.038
4268.94343 17.940 0.026
4275.91090 17.941 0.038
4279.78859 18.241 0.060
4282.79923 17.964 0.031
4283.88259 17.979 0.036
4283.93743 18.069 0.033
4285.90638 17.917 0.028
4291.92691 17.981 0.031
4293.89496 17.884 0.020
4296.87949 18.032 0.024
4297.91208 18.104 0.024
4299.84710 17.941 0.020
4300.86848 17.951 0.022
4301.88655 17.929 0.019
4302.90252 17.925 0.027
4306.85020 18.005 0.026
4307.88646 17.961 0.019
4308.64802 17.922 0.028
4308.85444 17.894 0.023
4310.82807 17.926 0.030
4311.81546 17.967 0.038
4312.88931 17.967 0.021
4314.90865 18.320 0.036
4316.81566 17.892 0.027
4319.84760 17.907 0.024
4320.91142 17.900 0.027
4326.82365 17.930 0.025
4327.80175 17.944 0.035
4328.81738 18.087 0.032
4329.82065 18.312 0.037
4330.91672 18.272 0.031
4333.88232 17.899 0.025
4338.88634 18.091 0.036
4340.75806 17.875 0.026
4341.75414 17.891 0.031
4342.77846 17.921 0.030
4343.74746 18.055 0.027
4344.72968 18.353 0.035
4345.77565 18.327 0.036
4347.76456 17.942 0.021
4349.77777 17.900 0.022
4351.71434 18.074 0.032
4354.74497 17.958 0.028
4356.74805 17.899 0.026
4357.68550 17.940 0.024
4359.68348 18.221 0.037
4363.60821 17.878 0.031
4365.72319 17.897 0.036
4369.63777 17.945 0.037
4372.66120 17.918 0.020
4377.74025 18.317 0.028
4379.63170 17.965 0.031
4380.72754 17.970 0.025
4382.67184 17.902 0.024
4386.64684 17.921 0.023
4388.64768 17.932 0.026
4390.65668 17.958 0.022
4392.68114 18.314 0.031
4395.66513 17.972 0.030
4397.70308 17.905 0.026
4400.65353 18.085 0.036
4403.64212 17.938 0.027
4407.61935 18.179 0.030
4408.64458 18.289 0.035
4410.72812 18.230 0.032
4412.68915 17.910 0.027
4416.67426 18.014 0.024
4418.68314 17.962 0.021
4421.61675 17.908 0.025
4423.69841 17.950 0.027
4425.62926 18.139 0.048
4427.64190 17.951 0.030
4429.55004 17.973 0.039
4431.55458 18.113 0.033
4433.56055 17.936 0.026
4435.54450 17.903 0.026
4437.62924 17.905 0.033
4439.54969 18.349 0.045
4441.58545 18.021 0.031
4443.61250 17.949 0.028
4449.63022 18.047 0.027
4451.58504 17.897 0.021
4453.56739 17.961 0.029
4456.56891 18.311 0.041
4458.56980 17.958 0.030
4464.56101 18.090 0.030
4472.55514 18.297 0.030
4475.57457 17.919 0.021
4478.58120 17.933 0.028
4481.56285 18.019 0.031
4484.56336 17.949 0.042
4486.61170 17.893 0.036
4502.56379 17.943 0.031
4609.87640 17.998 0.027
4638.94137 17.907 0.029
4643.86619 17.936 0.027
4648.93227 18.010 0.026
4652.92552 17.919 0.027
4656.90626 18.118 0.023
4662.76252 18.000 0.026
4663.73415 18.164 0.035
4665.80711 17.933 0.032
4666.89489 17.963 0.031
4670.88918 17.948 0.026
4671.87548 17.979 0.028
4672.86340 18.223 0.032
4675.86973 17.950 0.028
4681.86073 18.107 0.023
4685.84205 17.980 0.031
4687.87766 17.952 0.025
4688.79329 18.300 0.028
4689.75104 17.964 0.023
4690.71873 17.929 0.021
4691.72173 17.868 0.028
4693.87681 17.875 0.026
4696.82167 18.023 0.042
4698.73855 17.915 0.022
4700.76997 17.877 0.019
4701.72413 17.964 0.029
4701.77516 17.922 0.022
4702.83527 17.921 0.023
4703.73452 18.105 0.028
4704.75339 18.317 0.028
4705.76059 18.066 0.026
4707.75268 17.930 0.020
4708.82144 17.882 0.019
4710.73735 17.919 0.021
4716.73901 17.883 0.018
4719.73115 18.101 0.036
4721.71984 17.941 0.027
4725.70729 17.891 0.025
4728.73538 18.059 0.027
4731.74094 17.906 0.021
4734.72362 18.012 0.024
4738.77279 18.020 0.025
4740.65497 17.928 0.022
4741.68977 17.923 0.019
4743.72669 17.992 0.019
4747.56712 17.975 0.030
4749.57566 18.141 0.039
4750.68194 18.037 0.030
4753.63755 17.936 0.030
4753.64499 17.987 0.036
4755.63375 17.923 0.024
4756.59441 17.894 0.027
4756.76110 17.913 0.028
4757.62325 18.000 0.026
4757.75194 17.890 0.026
4758.57875 18.073 0.027
4758.72281 17.942 0.023
4759.63591 18.080 0.029
4759.73871 17.954 0.021
4760.55728 17.941 0.026
4760.69470 18.112 0.025
4761.60111 17.922 0.017
4761.70394 18.002 0.022
4762.54665 17.873 0.023
4763.61870 17.940 0.027
4766.58659 18.241 0.042
4769.62497 17.931 0.030
4771.66992 17.895 0.020
4773.66112 17.933 0.027
4775.64772 18.122 0.041
4777.57964 17.912 0.028
4779.60019 17.901 0.023
4781.56711 18.064 0.027
4783.54896 18.054 0.037
4785.58160 18.016 0.036
4786.63882 17.949 0.034
4788.59697 17.932 0.024
4790.59923 17.975 0.018
4792.57736 17.975 0.025
4794.55782 17.899 0.022
4796.62780 17.957 0.023
4798.57453 18.218 0.038
4800.62168 18.233 0.028
4802.59915 17.915 0.026
4804.62230 17.924 0.031
4806.60820 17.958 0.030
4808.52969 17.943 0.033
4810.59499 17.938 0.028
4813.58028 17.904 0.029
4815.55252 18.376 0.043
4817.57295 17.941 0.022
4819.56688 17.879 0.025
4821.65053 17.906 0.018
4824.55494 17.967 0.029
4826.60471 17.897 0.024
4832.57212 18.195 0.032
4834.59710 17.905 0.032
4837.58835 17.956 0.033
4841.56456 17.945 0.031
4843.55883 17.931 0.035
4845.55634 17.921 0.031
4846.56362 18.018 0.028
4848.60418 18.283 0.030
4850.59148 17.912 0.028
4854.57257 17.925 0.025
4862.55652 17.989 0.022
4866.55555 17.911 0.030
4949.92206 17.927 0.029
