2086.91788 18.060 0.031
2104.84997 18.093 0.025
2106.90981 18.052 0.031
2115.90479 18.051 0.030
2116.89092 18.055 0.024
2117.89659 18.062 0.025
2122.82915 18.026 0.040
2123.83959 18.070 0.029
2128.84414 18.070 0.033
2129.87626 18.105 0.028
2130.82514 18.091 0.029
2131.81866 18.062 0.030
2132.82488 18.062 0.031
2133.91343 17.989 0.039
2134.82976 18.065 0.035
2135.86420 18.108 0.029
2136.86411 18.052 0.032
2137.90908 18.094 0.041
2140.83398 18.093 0.029
2142.88122 18.005 0.028
2143.83528 18.027 0.027
2144.80679 18.102 0.023
2155.89748 18.119 0.046
2156.84401 18.058 0.029
2160.77372 18.112 0.031
2162.78028 18.070 0.024
2166.77505 18.093 0.023
2167.74587 18.136 0.026
2168.73237 18.090 0.028
2171.75844 18.040 0.023
2172.76501 18.124 0.030
2173.72710 18.068 0.024
2177.65875 18.068 0.030
2184.72010 18.118 0.035
2185.68358 18.080 0.031
2190.71010 18.019 0.030
2191.65193 18.125 0.033
2192.68069 18.065 0.022
2193.70166 18.072 0.022
2194.67294 18.059 0.025
2201.73902 18.076 0.024
2206.62485 18.127 0.046
2211.66350 18.070 0.026
2212.66257 18.024 0.031
2213.67355 18.074 0.039
2214.65992 18.081 0.037
2215.67521 18.066 0.033
2217.65287 18.040 0.036
2219.69602 18.092 0.037
2222.74525 18.007 0.032
2223.68499 18.090 0.032
2225.61452 18.040 0.025
2226.66086 18.026 0.034
2228.57626 18.076 0.031
2230.51353 18.038 0.045
2232.52733 18.055 0.033
2234.56941 18.056 0.026
2236.55890 18.062 0.027
2238.56428 18.029 0.029
2241.55111 18.183 0.038
2243.58935 18.039 0.027
2248.63379 18.032 0.024
2250.59981 18.026 0.027
2253.58770 18.106 0.029
2256.56998 18.089 0.035
2258.61041 18.077 0.025
2263.60167 18.046 0.031
2265.62769 18.054 0.023
2270.58588 18.124 0.031
2272.58395 18.031 0.030
2274.56780 18.081 0.038
2276.53139 18.062 0.045
2280.54787 18.049 0.041
2285.58638 18.069 0.029
2289.58329 18.088 0.030
2291.58400 18.090 0.031
2293.58450 18.034 0.034
2295.58081 18.069 0.032
2297.58399 18.041 0.036
2299.58047 18.076 0.031
2301.57316 18.063 0.040
2448.90478 18.105 0.044
2460.90484 18.176 0.044
2463.93393 18.076 0.030
2466.85579 18.092 0.039
2467.91966 18.071 0.030
2469.91896 18.065 0.025
2471.90850 18.068 0.028
2472.89857 18.074 0.022
2473.92476 18.073 0.024
2481.88403 18.066 0.039
2483.90769 18.097 0.024
2486.90780 18.091 0.040
2488.90976 18.066 0.038
2492.92209 18.048 0.030
2496.92186 18.064 0.027
2498.79311 18.088 0.028
2499.87810 18.120 0.027
2500.88653 18.091 0.031
2501.87328 18.075 0.024
2502.85344 18.074 0.033
2508.76406 18.053 0.050
2516.79550 18.089 0.037
2517.84227 18.124 0.032
2518.81456 18.084 0.030
2519.81284 18.054 0.025
2520.81101 18.059 0.033
2521.79929 18.102 0.028
2524.80269 18.072 0.035
2526.79652 18.094 0.021
2529.79274 18.075 0.025
2534.85334 18.085 0.033
2535.79098 18.067 0.029
2537.72106 18.092 0.040
2538.82214 18.120 0.035
2539.71930 18.038 0.030
2540.76180 18.064 0.039
2541.73118 18.084 0.028
2542.70100 18.040 0.026
2544.68093 18.044 0.026
2545.69446 18.082 0.026
2547.71245 18.018 0.028
2548.73044 18.098 0.029
2550.72571 18.073 0.027
2551.71224 18.112 0.027
2552.72825 18.072 0.023
2554.72135 18.105 0.027
2555.72929 18.087 0.026
2556.70836 18.078 0.025
2557.72088 18.115 0.023
2558.67736 18.131 0.029
2559.63441 18.095 0.030
2560.66734 18.126 0.025
2561.71296 18.030 0.031
2562.68572 18.062 0.029
2563.69365 18.062 0.031
2564.71001 18.091 0.032
2565.70601 18.098 0.032
2566.68095 18.050 0.028
2568.75000 18.090 0.034
2571.66655 18.041 0.028
2572.74181 18.188 0.036
2573.67988 18.070 0.041
2574.65986 18.065 0.028
2576.69460 18.077 0.032
2577.65966 18.128 0.038
2578.64716 18.074 0.033
2579.65768 18.067 0.031
2580.66582 18.032 0.025
2583.63787 18.085 0.034
2584.64432 18.072 0.030
2586.64552 18.083 0.027
2587.62740 18.100 0.029
2589.61831 18.109 0.029
2590.63505 18.098 0.031
2591.66123 18.186 0.034
2593.62450 18.067 0.031
2594.63052 18.108 0.037
2596.60414 18.065 0.035
2597.59131 18.067 0.037
2598.67151 18.031 0.031
2599.62558 18.032 0.041
2607.64568 18.026 0.034
2610.56701 18.104 0.035
2613.56101 18.092 0.031
2615.59140 18.094 0.027
2619.57591 18.046 0.031
2621.58490 18.103 0.039
2625.56764 18.143 0.047
2627.53833 18.164 0.041
2630.55276 18.151 0.047
2635.56647 18.046 0.026
2637.56136 18.107 0.033
2640.53168 18.098 0.039
2642.57143 18.060 0.036
2646.58278 18.095 0.034
2651.55685 18.143 0.043
2654.57706 18.102 0.045
2657.53693 18.042 0.045
2661.53346 18.064 0.025
2664.57393 18.138 0.043
2672.55188 18.134 0.054
2676.54208 18.067 0.034
2679.55678 18.066 0.031
2683.53515 18.178 0.056
2777.92190 18.071 0.036
2804.85045 18.155 0.052
2805.86773 18.014 0.052
2811.92285 18.018 0.039
2815.89647 18.098 0.028
2817.94510 18.055 0.039
2825.92837 18.109 0.033
2830.83565 18.045 0.031
2831.80530 18.048 0.038
2832.76599 18.058 0.032
2832.94386 18.070 0.032
2833.88382 18.104 0.042
2834.93447 18.074 0.033
2836.87829 18.028 0.045
2838.83584 18.127 0.038
2840.84353 18.083 0.029
2843.84485 18.041 0.028
2844.89057 18.087 0.025
2845.93760 18.077 0.035
2849.87410 18.079 0.031
2850.90685 18.102 0.037
2852.83544 18.086 0.040
2854.84679 18.083 0.039
2857.85421 18.116 0.033
2858.92783 18.123 0.028
2860.89376 18.076 0.027
2861.76519 18.099 0.026
2862.88863 18.101 0.033
2865.81300 18.267 0.037
2866.89972 18.049 0.048
2867.80240 18.085 0.031
2868.80602 18.070 0.029
2869.79255 18.057 0.027
2870.83404 18.080 0.029
2871.87716 18.073 0.028
2872.83399 18.063 0.024
2875.82483 18.075 0.034
2876.79424 18.122 0.029
2879.72076 18.120 0.029
2883.84398 18.096 0.026
2885.77933 18.076 0.022
2890.71021 18.105 0.047
2893.76166 18.080 0.029
2895.81088 18.058 0.024
2897.71437 18.058 0.029
2899.75206 18.106 0.024
2903.76784 18.255 0.021
2906.72005 18.076 0.025
2908.69706 18.118 0.030
2910.69195 18.058 0.032
2912.69729 18.034 0.025
2916.71004 18.072 0.023
2918.68693 18.098 0.029
2922.68690 18.073 0.033
2924.62789 18.106 0.031
2926.62189 18.028 0.029
2929.68310 18.088 0.030
2931.65902 18.048 0.023
2933.66948 18.083 0.022
2935.63383 18.064 0.030
2937.65942 18.075 0.031
2939.67488 18.127 0.032
2940.65205 18.092 0.021
2941.62729 18.126 0.025
2942.65210 18.095 0.030
2943.62343 18.065 0.031
2944.60779 18.082 0.029
2946.56257 18.054 0.031
2946.60253 18.078 0.031
2947.63414 18.074 0.031
2949.61524 18.024 0.027
2950.56678 18.062 0.029
2951.64736 18.054 0.031
2953.59527 18.089 0.029
2955.58041 18.046 0.034
2957.59399 18.085 0.025
2960.60844 18.058 0.036
2962.64828 18.093 0.030
2965.65094 18.095 0.027
2968.61328 18.056 0.031
2970.63211 18.072 0.028
2972.63667 18.077 0.030
2975.54474 18.081 0.027
2977.64055 18.146 0.042
2979.58044 18.098 0.032
2983.56125 18.063 0.033
2986.57784 18.032 0.027
2988.54983 18.061 0.032
2991.57597 18.064 0.031
2994.56171 18.099 0.034
2997.57710 18.093 0.027
3000.56823 18.089 0.030
3003.55109 18.085 0.036
3006.53839 18.120 0.031
3009.53367 18.098 0.044
3013.53610 18.047 0.034
3015.57133 18.114 0.031
3018.54843 18.068 0.040
3020.58414 18.116 0.029
3022.53702 18.078 0.042
3024.53679 18.066 0.039
3025.59639 18.018 0.029
3027.62189 18.041 0.029
3029.59359 18.062 0.031
3031.59841 18.055 0.024
3034.52866 18.216 0.040
3037.54783 18.119 0.041
3169.93001 18.056 0.039
3177.93553 18.228 0.044
3183.92985 18.093 0.033
3193.89773 18.022 0.033
3196.86979 18.127 0.025
3197.93221 18.098 0.033
3202.85771 18.141 0.031
3203.89774 18.077 0.022
3206.83557 18.072 0.035
3210.91158 18.123 0.031
3211.86619 18.042 0.028
3215.80130 18.186 0.049
3217.79717 18.093 0.035
3223.85333 18.098 0.032
3228.77203 18.067 0.033
3229.85386 18.076 0.025
3231.83533 18.067 0.033
3238.77219 18.074 0.027
3239.81573 18.096 0.028
3240.80846 18.047 0.033
3241.79193 18.102 0.034
3242.73593 18.094 0.032
3243.86853 18.121 0.033
3244.84712 18.075 0.041
3245.79486 18.069 0.036
3246.78762 18.086 0.031
3247.79600 18.111 0.035
3249.74630 18.114 0.032
3251.75986 18.162 0.023
3254.74755 18.087 0.024
3259.68459 18.107 0.031
3261.72064 18.069 0.023
3263.71786 18.083 0.021
3265.73920 18.092 0.028
3267.72596 18.164 0.029
3269.82047 18.121 0.035
3270.67941 18.217 0.033
3271.68234 18.085 0.029
3273.64065 18.027 0.035
3275.62651 18.089 0.033
3276.72991 18.138 0.039
3277.76855 18.126 0.030
3279.70017 18.060 0.024
3281.65874 18.102 0.023
3283.66041 18.114 0.019
3287.62654 18.137 0.032
3289.64152 18.197 0.025
3293.61508 18.095 0.027
3295.63301 18.132 0.018
3298.57091 18.100 0.025
3300.57321 18.090 0.032
3302.55018 18.221 0.038
3305.65020 18.008 0.028
3307.56249 18.092 0.035
3309.58759 18.108 0.026
3311.53920 18.103 0.031
3314.58215 18.035 0.040
3320.61995 18.097 0.026
3323.56739 18.020 0.028
3327.57491 18.107 0.027
3330.57040 18.086 0.037
3335.61440 18.068 0.034
3338.56007 18.094 0.028
3350.53438 18.151 0.027
3353.59297 18.144 0.026
3359.57002 18.102 0.026
3363.57693 18.118 0.031
3367.63652 18.153 0.030
3372.56999 18.130 0.029
3376.54611 18.038 0.023
3380.53252 18.046 0.049
3386.57950 18.137 0.022
3395.52729 18.039 0.058
3398.57501 18.076 0.032
3402.57225 18.089 0.027
3543.88591 18.085 0.031
3551.90940 18.107 0.042
3554.94062 18.099 0.030
3561.94786 18.059 0.030
3564.92553 18.070 0.020
3568.87116 18.101 0.026
3570.83216 18.082 0.037
3571.82311 18.069 0.041
3573.86881 18.053 0.040
3575.82459 18.046 0.030
3577.88097 18.008 0.029
3578.91699 18.097 0.022
3579.82205 18.038 0.022
3581.89113 18.113 0.031
3582.84743 18.036 0.030
3583.85766 18.020 0.023
3584.82790 18.123 0.026
3585.87875 18.072 0.019
3586.83092 18.066 0.019
3588.84922 18.023 0.024
3590.80526 18.025 0.020
3592.77001 18.057 0.018
3594.80950 18.052 0.021
3597.84945 18.062 0.029
3600.88561 18.142 0.044
3602.74651 18.112 0.040
3607.83761 18.022 0.023
3617.79363 18.033 0.021
3619.77173 18.055 0.022
3621.76422 18.021 0.020
3628.79109 18.172 0.038
3630.64295 18.022 0.033
3632.64031 18.136 0.039
3634.71321 18.114 0.027
3637.67204 18.141 0.028
3639.72195 18.180 0.020
3641.71873 18.076 0.027
3643.81714 18.084 0.032
3644.75780 18.091 0.020
3646.68884 18.043 0.025
3650.71007 18.056 0.022
3652.64523 18.098 0.022
3654.61568 18.088 0.026
3656.64723 18.090 0.028
3657.70494 18.083 0.023
3658.67986 18.184 0.030
3659.66256 18.065 0.031
3661.61124 18.039 0.032
3663.63418 18.076 0.037
3665.66652 18.082 0.024
3668.61568 18.118 0.029
3670.56638 18.054 0.034
3672.60581 18.040 0.027
3674.63507 18.093 0.022
3676.59289 18.023 0.024
3682.58183 18.117 0.029
3684.57469 18.144 0.026
3686.56458 18.074 0.028
3688.53766 18.012 0.025
3690.54357 18.111 0.037
3692.59612 18.063 0.031
3694.58270 18.071 0.024
3696.57883 18.120 0.024
3698.61253 18.088 0.035
3700.62258 18.129 0.027
3702.61350 18.060 0.029
3704.61402 18.098 0.024
3706.62888 18.053 0.022
3708.61028 18.018 0.029
3712.56681 18.110 0.026
3714.56948 18.152 0.031
3718.55296 18.040 0.028
3721.58516 18.147 0.034
3725.61403 18.024 0.022
3730.53829 18.086 0.022
3734.60896 18.254 0.031
3738.56103 18.083 0.031
3742.55821 18.131 0.040
3747.55798 18.034 0.034
3751.56677 18.090 0.037
3757.53445 18.094 0.046
3762.54475 18.114 0.046
3766.55000 18.026 0.024
3772.57675 18.198 0.031
3777.52409 18.102 0.043
3871.89614 18.109 0.040
3902.91644 18.093 0.035
3907.91130 18.041 0.030
3913.93685 18.089 0.020
3918.90664 18.115 0.023
3931.93820 18.090 0.033
3934.87617 18.143 0.024
3936.88445 18.083 0.029
3938.86851 18.026 0.028
3945.87547 18.071 0.023
3950.82042 18.004 0.021
3957.77596 18.011 0.041
3959.76543 18.034 0.029
3961.75956 18.011 0.033
3964.76779 18.157 0.021
3966.76004 18.105 0.022
3968.75372 18.078 0.023
3970.74541 18.173 0.021
3973.71474 18.093 0.031
3975.72698 18.044 0.024
3980.66221 18.037 0.029
3981.66195 18.077 0.027
3982.72633 18.050 0.033
3986.69968 18.095 0.031
3991.72887 18.129 0.031
3994.64129 18.070 0.034
3998.67166 18.126 0.029
4001.64248 18.084 0.022
4003.61392 18.127 0.030
4004.69372 18.046 0.026
4005.68785 18.079 0.023
4007.58110 18.045 0.025
4008.59000 18.111 0.020
4011.64048 18.126 0.025
4014.62292 18.205 0.043
4016.61971 18.117 0.027
4018.61612 18.083 0.029
4023.60541 18.105 0.031
4025.60578 18.089 0.028
4027.59390 18.059 0.026
4029.57620 18.080 0.027
4031.56328 18.015 0.024
4033.65756 18.123 0.023
4040.53300 18.015 0.031
4042.56089 18.130 0.030
4044.58389 18.123 0.042
4046.61698 18.132 0.033
4049.52892 18.088 0.024
4051.57850 18.055 0.028
4053.62593 18.083 0.021
4055.51857 18.086 0.040
4057.59394 18.044 0.033
4059.59237 18.080 0.024
4063.53741 18.112 0.028
4065.58704 18.125 0.025
4067.58031 18.075 0.025
4069.53318 18.004 0.028
4071.54400 18.088 0.029
4074.54011 18.093 0.030
4077.54182 18.058 0.023
4079.54200 18.018 0.026
4082.54336 18.131 0.024
4085.62069 18.053 0.030
4092.57619 18.102 0.021
4097.61878 18.130 0.031
4100.61020 18.106 0.030
4105.57419 18.060 0.029
4111.61065 18.090 0.022
4115.53011 18.130 0.035
4120.56100 18.172 0.026
4124.57249 18.099 0.028
4128.59647 18.084 0.029
4252.94414 18.045 0.036
4255.86414 18.062 0.033
4268.92311 18.110 0.032
4275.93802 18.090 0.032
4279.83488 18.107 0.044
4282.82628 18.105 0.032
4283.84533 18.015 0.036
4284.87573 18.137 0.036
4285.94115 18.053 0.032
4292.88361 18.085 0.023
4295.87707 18.071 0.027
4296.90756 18.039 0.023
4297.93949 18.083 0.025
4299.87436 18.073 0.022
4300.89610 18.056 0.023
4301.91467 18.115 0.022
4302.93655 18.061 0.028
4306.93326 18.083 0.030
4307.84785 18.071 0.023
4308.67605 18.078 0.030
4308.88395 18.074 0.028
4310.85613 18.051 0.030
4311.85598 18.034 0.043
4312.91815 18.075 0.024
4314.93723 18.153 0.042
4316.84512 18.053 0.037
4320.87243 18.118 0.029
4326.85465 18.064 0.030
4327.83061 18.000 0.038
4328.84636 18.078 0.031
4329.84769 18.093 0.031
4330.87702 18.092 0.028
4332.89323 18.109 0.030
4334.87019 18.053 0.032
4338.92266 18.041 0.030
4340.79350 18.035 0.029
4341.78636 18.100 0.032
4342.86055 18.056 0.031
4343.77992 18.106 0.031
4344.76199 18.069 0.030
4346.71830 18.105 0.033
4348.72407 18.072 0.027
4350.70071 18.013 0.023
4352.80288 18.043 0.031
4353.65885 18.121 0.036
4354.78018 18.054 0.030
4357.76390 18.089 0.034
4359.71785 18.116 0.035
4362.66551 18.080 0.042
4363.62481 18.051 0.032
4365.68317 18.077 0.035
4369.67713 18.029 0.034
4371.66608 18.069 0.033
4376.66957 18.094 0.029
4378.63617 18.097 0.033
4379.66748 18.126 0.042
4381.62663 18.112 0.042
4382.70518 18.072 0.025
4386.67945 18.070 0.029
4388.68017 18.025 0.026
4390.68899 18.076 0.023
4393.68355 18.077 0.031
4396.65811 18.115 0.032
4398.66309 18.073 0.031
4400.68761 18.084 0.030
4404.66459 18.068 0.033
4407.65248 18.071 0.028
4410.68241 18.060 0.027
4415.66874 18.122 0.026
4418.61426 18.074 0.025
4421.67204 18.053 0.029
4423.67651 18.022 0.032
4426.55272 18.135 0.039
4428.56942 18.075 0.039
4430.62964 18.063 0.028
4432.61551 18.188 0.028
4434.62079 18.146 0.030
4436.59710 18.043 0.025
4438.65976 18.065 0.033
4440.59287 18.078 0.032
4442.55437 18.089 0.039
4444.57918 18.024 0.038
4450.61160 18.108 0.040
4452.58914 18.074 0.031
4454.52620 18.009 0.061
4455.59830 18.087 0.030
4457.53381 18.114 0.045
4459.55392 18.049 0.031
4462.58536 18.039 0.032
4466.60949 18.095 0.031
4471.54414 18.056 0.031
4475.53680 18.089 0.035
4480.57922 18.039 0.029
4482.58618 18.080 0.038
4485.58926 18.136 0.044
4488.59149 18.111 0.041
4609.91387 18.084 0.031
4643.89803 18.012 0.034
4650.93691 18.078 0.027
4655.91632 18.082 0.025
4662.79470 18.096 0.023
4662.91153 18.051 0.025
4663.76632 18.017 0.040
4663.91414 18.105 0.031
4665.83940 18.063 0.032
4665.93323 18.069 0.034
4666.92850 18.094 0.036
4666.93239 18.064 0.037
4670.92150 18.139 0.031
4671.89140 18.081 0.032
4673.87344 18.075 0.026
4674.80185 18.037 0.033
4674.86205 18.075 0.034
4676.92169 18.090 0.038
4677.83729 18.102 0.026
4682.81176 18.064 0.030
4684.84962 18.068 0.027
4686.80960 18.072 0.021
4688.82556 18.033 0.024
4690.75115 18.053 0.024
4691.75417 18.040 0.032
4693.90918 17.975 0.034
4696.88282 18.062 0.039
4697.82134 18.146 0.039
4698.77094 18.064 0.022
4699.76504 18.107 0.028
4700.79978 18.056 0.028
4701.80767 18.037 0.029
4703.76688 18.037 0.027
4704.78564 18.066 0.023
4705.79312 18.057 0.030
4707.78554 18.079 0.021
4709.74133 18.054 0.026
4710.76990 18.161 0.027
4715.74991 18.137 0.030
4716.77560 18.092 0.023
4717.70037 18.103 0.034
4719.78965 18.046 0.031
4721.78330 18.075 0.038
4724.66589 18.095 0.033
4725.74535 18.178 0.029
4728.75092 18.017 0.027
4733.72748 18.063 0.025
4740.66908 18.097 0.028
4741.70446 18.088 0.022
4747.60865 18.067 0.032
4749.60833 18.025 0.039
4753.67932 18.101 0.036
4755.67131 18.105 0.028
4757.65583 18.018 0.026
4759.67052 18.066 0.023
4761.63889 18.116 0.021
4763.65132 18.173 0.037
4767.59707 18.028 0.030
4770.66561 18.118 0.033
4772.60337 18.006 0.025
4774.55792 18.090 0.026
4776.54951 18.024 0.031
4777.65146 18.144 0.038
4780.52014 18.199 0.039
4781.61430 17.994 0.033
4783.58323 18.051 0.031
4785.61859 18.089 0.041
4787.57081 18.097 0.048
4789.54971 18.047 0.027
4791.53126 18.093 0.032
4793.53867 18.095 0.031
4795.55134 18.069 0.024
4797.54359 18.057 0.030
4798.60694 18.065 0.031
4800.65432 18.125 0.028
4803.54545 18.040 0.027
4804.60055 18.043 0.035
4805.58740 18.081 0.028
4807.52518 18.066 0.054
4809.55453 18.069 0.028
4811.57643 18.156 0.031
4813.55337 17.963 0.035
4815.58928 18.123 0.036
4816.53637 18.103 0.029
4818.58665 18.106 0.031
4820.52814 18.154 0.048
4822.58489 18.110 0.027
4824.56971 18.014 0.034
4826.61935 18.108 0.029
4833.56875 18.043 0.025
4835.59200 18.050 0.036
4837.60295 18.058 0.040
4841.57929 18.037 0.031
4843.57354 18.092 0.034
4846.58263 18.051 0.028
4848.61887 18.081 0.026
4850.60635 18.057 0.031
4854.59759 18.114 0.031
4856.61483 18.090 0.026
4862.56274 18.094 0.023
4868.55309 18.097 0.031
