2086.89971 18.659 0.058
2103.90643 18.693 0.037
2105.93657 18.633 0.049
2106.90218 18.674 0.057
2112.85456 18.611 0.041
2116.88230 18.615 0.043
2122.82163 18.558 0.065
2123.82923 18.645 0.054
2124.84969 18.649 0.078
2128.83670 18.662 0.057
2129.86869 18.654 0.050
2130.85510 18.601 0.047
2131.84916 18.669 0.059
2132.81695 18.737 0.065
2133.90577 18.628 0.064
2134.82124 18.688 0.061
2135.85527 18.847 0.061
2137.90211 18.683 0.064
2140.82253 18.581 0.043
2142.76206 18.736 0.047
2143.82757 18.648 0.051
2144.83426 18.709 0.042
2155.88975 18.980 0.113
2156.83639 18.626 0.059
2160.76576 18.676 0.057
2162.77260 18.606 0.045
2166.76716 18.695 0.042
2167.77563 18.670 0.051
2168.72483 18.650 0.047
2172.75738 18.634 0.048
2177.65084 18.612 0.052
2183.71025 18.680 0.076
2184.71246 18.621 0.061
2185.67596 18.585 0.059
2186.70081 18.628 0.069
2187.69597 18.596 0.057
2190.70257 18.673 0.057
2191.67311 19.090 0.072
2192.67324 18.628 0.038
2193.69431 18.704 0.043
2194.66445 18.637 0.047
2203.56091 18.624 0.050
2206.61720 18.714 0.075
2211.65131 18.590 0.050
2212.65515 18.635 0.049
2213.66095 18.769 0.073
2214.65214 18.765 0.075
2215.65913 18.796 0.097
2217.64583 18.688 0.069
2219.68870 18.673 0.069
2222.73726 18.639 0.064
2224.72356 18.647 0.053
2226.64645 18.699 0.077
2228.56834 18.747 0.066
2229.62662 18.782 0.062
2231.65327 18.658 0.058
2232.52003 18.620 0.060
2233.62342 18.639 0.047
2235.67352 18.672 0.044
2238.55709 18.755 0.061
2240.66138 18.724 0.058
2242.62891 18.649 0.068
2248.61823 18.649 0.047
2250.58688 18.664 0.051
2253.58057 18.639 0.046
2255.61721 18.636 0.057
2258.58349 18.440 0.036
2263.59425 18.633 0.052
2266.58010 18.635 0.061
2273.57395 18.703 0.070
2275.60888 18.637 0.057
2276.56847 18.821 0.092
2278.60108 18.686 0.060
2280.59687 18.611 0.059
2284.59975 18.666 0.064
2290.61373 18.473 0.046
2293.57603 18.628 0.063
2295.56892 18.735 0.062
2297.57225 18.616 0.060
2299.57134 18.630 0.067
2445.92217 18.724 0.063
2460.89006 18.628 0.073
2463.92636 18.652 0.049
2467.91215 18.597 0.049
2469.91151 18.677 0.051
2471.90098 18.609 0.051
2472.93041 18.633 0.041
2473.91727 18.801 0.047
2481.91461 18.675 0.070
2483.89985 18.650 0.040
2486.89686 18.614 0.064
2488.89076 18.785 0.078
2488.89511 18.624 0.066
2489.93422 18.714 0.069
2492.91459 18.644 0.056
2495.90929 18.752 0.074
2496.91424 18.632 0.046
2497.93768 18.808 0.075
2498.78493 18.611 0.046
2499.87059 18.615 0.047
2500.87612 18.678 0.048
2501.86509 18.567 0.038
2502.84526 18.614 0.062
2508.75658 18.564 0.079
2516.78783 18.722 0.067
2517.83458 18.747 0.054
2518.80600 18.633 0.057
2519.84292 18.659 0.044
2520.80231 18.719 0.060
2521.83440 18.640 0.039
2524.83271 18.655 0.067
2526.78890 18.668 0.037
2534.84525 18.684 0.064
2535.82544 18.783 0.059
2537.71322 18.635 0.065
2538.80922 18.622 0.059
2539.71202 18.644 0.053
2540.75390 18.596 0.066
2541.72390 18.613 0.050
2542.69369 18.621 0.050
2544.67323 18.661 0.046
2545.68728 18.632 0.047
2547.70527 18.606 0.052
2548.72273 18.655 0.049
2550.71787 18.626 0.054
2551.70447 18.707 0.048
2552.72052 18.667 0.049
2554.71370 18.751 0.048
2555.72165 18.641 0.046
2556.70066 18.688 0.043
2557.71319 18.661 0.038
2558.66968 18.658 0.049
2559.62658 18.786 0.057
2560.65965 18.661 0.044
2562.67807 19.010 0.074
2563.68603 18.664 0.048
2564.70141 18.645 0.054
2565.69133 18.637 0.054
2566.67163 18.683 0.051
2568.70262 18.596 0.063
2571.65626 19.034 0.086
2573.66869 18.663 0.076
2574.65253 18.629 0.045
2576.68673 18.677 0.063
2577.63939 18.698 0.073
2578.63949 18.674 0.055
2579.64613 18.660 0.063
2580.65825 18.975 0.057
2583.62956 18.701 0.064
2584.63694 18.721 0.058
2586.63580 18.730 0.051
2587.61956 18.678 0.053
2588.72994 18.577 0.049
2589.61041 19.028 0.073
2590.62464 18.851 0.084
2591.64775 18.650 0.055
2593.61677 18.710 0.051
2594.62053 18.637 0.073
2596.59606 18.559 0.062
2597.58324 18.810 0.077
2598.66376 18.655 0.051
2599.61655 18.652 0.065
2607.63779 18.772 0.079
2610.55754 18.722 0.064
2613.55130 18.650 0.056
2615.58018 18.701 0.055
2619.56783 18.598 0.055
2621.57693 18.619 0.059
2625.55945 18.650 0.081
2632.55842 18.506 0.044
2636.55439 18.753 0.063
2639.55408 18.537 0.049
2642.56364 18.630 0.066
2646.57566 18.636 0.054
2651.54854 18.768 0.082
2654.56959 18.623 0.069
2657.56839 18.654 0.063
2660.57192 18.620 0.067
2671.56183 18.655 0.057
2673.57362 18.563 0.070
2676.53501 18.680 0.061
2679.54942 18.679 0.055
2682.55155 18.736 0.074
2777.91402 18.721 0.076
2804.88096 18.604 0.063
2811.91542 18.539 0.068
2814.95109 18.579 0.085
2817.93759 18.699 0.069
2825.91770 18.566 0.062
2830.91470 18.920 0.084
2831.79244 18.593 0.068
2832.75842 18.646 0.060
2832.93634 18.561 0.047
2833.87633 18.639 0.066
2835.88499 18.610 0.048
2837.88602 18.665 0.089
2838.94323 18.731 0.089
2840.83597 18.748 0.067
2843.83739 18.681 0.053
2844.88320 18.695 0.047
2845.92923 18.619 0.060
2849.86663 18.659 0.054
2850.89940 18.804 0.090
2851.94296 18.587 0.079
2852.81361 18.709 0.066
2854.83935 18.659 0.054
2856.82630 18.680 0.078
2858.92033 18.649 0.044
2860.88635 18.674 0.048
2861.75751 18.663 0.043
2862.93654 18.510 0.070
2863.84572 18.662 0.074
2865.84257 18.668 0.073
2866.89225 18.622 0.060
2867.83977 18.748 0.059
2869.91754 18.630 0.054
2870.82654 18.672 0.046
2871.86945 18.726 0.056
2875.81580 18.616 0.058
2876.78671 18.603 0.046
2879.75021 18.615 0.042
2883.83637 18.672 0.041
2885.77120 18.686 0.049
2888.81948 18.690 0.068
2892.81087 18.841 0.081
2894.74001 18.655 0.054
2896.73709 18.630 0.044
2898.75809 18.659 0.046
2900.75694 18.628 0.036
2902.75647 18.629 0.038
2905.76363 18.612 0.053
2907.76504 18.676 0.039
2909.75414 18.622 0.032
2911.74551 18.650 0.037
2915.71700 18.636 0.042
2917.74309 18.663 0.041
2921.74621 18.675 0.047
2923.76279 18.573 0.055
2925.72578 18.636 0.043
2927.72329 18.701 0.060
2930.74137 18.629 0.052
2932.74790 18.719 0.050
2934.72770 18.639 0.046
2937.65170 18.776 0.060
2939.70436 18.683 0.051
2940.64447 18.618 0.036
2941.69431 18.674 0.040
2942.64444 18.934 0.061
2943.61566 18.624 0.054
2944.60026 18.706 0.055
2945.61706 18.836 0.090
2947.62654 18.661 0.056
2949.60779 18.631 0.051
2950.65258 18.618 0.042
2951.63977 19.072 0.076
2952.66871 18.735 0.056
2954.69358 18.881 0.081
2956.63957 18.647 0.041
2958.63396 18.625 0.049
2961.60509 18.736 0.079
2965.64347 18.717 0.057
2968.60485 18.698 0.053
2970.62410 18.626 0.046
2972.60856 18.724 0.056
2974.63014 18.666 0.044
2976.55899 18.668 0.056
2978.58514 18.626 0.060
2980.60200 18.672 0.066
2982.54719 18.642 0.050
2984.63816 18.675 0.054
2986.64821 18.601 0.056
2988.54212 18.717 0.059
2991.61365 18.803 0.056
2994.59640 18.659 0.050
2997.56944 18.669 0.048
3001.58463 18.703 0.050
3005.54270 18.696 0.057
3008.56901 18.711 0.066
3011.57240 18.721 0.078
3016.59908 18.598 0.064
3018.58551 18.833 0.055
3020.61359 18.424 0.038
3021.62639 18.648 0.039
3023.58232 18.605 0.042
3025.58873 18.663 0.048
3027.61431 18.867 0.064
3029.58619 18.604 0.048
3031.59078 18.628 0.042
3033.59310 18.565 0.043
3037.54015 18.676 0.060
3164.94055 18.813 0.075
3177.92831 18.687 0.065
3183.92251 18.711 0.063
3193.89029 18.738 0.075
3196.86243 18.641 0.040
3197.92494 18.708 0.055
3199.92919 18.591 0.065
3201.88237 18.590 0.042
3203.89033 18.654 0.037
3206.82816 18.819 0.076
3210.90422 19.076 0.069
3211.89561 18.674 0.051
3215.67175 18.656 0.066
3216.73978 18.584 0.063
3217.94025 18.691 0.072
3218.93031 18.634 0.074
3222.87237 18.693 0.064
3223.84574 18.705 0.062
3226.83599 18.876 0.077
3229.84314 18.699 0.040
3231.82525 18.679 0.076
3239.80365 18.730 0.052
3240.80089 18.644 0.059
3241.82523 18.726 0.060
3242.72460 18.637 0.054
3243.86102 18.553 0.050
3244.83825 18.630 0.054
3245.78735 18.642 0.055
3247.77356 18.702 0.053
3249.73825 18.739 0.054
3251.75176 18.671 0.040
3254.73889 18.746 0.046
3257.75534 18.796 0.037
3259.67449 18.729 0.054
3261.71257 18.662 0.038
3263.69528 18.739 0.038
3265.72968 18.677 0.042
3267.71849 18.650 0.042
3269.81242 18.722 0.065
3270.75177 18.725 0.054
3271.67459 18.652 0.048
3272.73182 18.701 0.046
3274.71765 18.662 0.055
3276.72210 18.690 0.053
3277.76086 18.657 0.048
3279.69246 18.738 0.044
3281.65118 18.723 0.047
3283.65268 18.610 0.034
3287.61884 18.763 0.052
3289.62995 18.607 0.043
3293.60668 18.857 0.050
3295.62551 18.605 0.030
3297.60732 18.660 0.034
3299.66366 18.706 0.035
3301.63787 18.796 0.076
3303.70014 18.721 0.065
3306.63267 18.678 0.034
3308.62043 18.603 0.052
3310.61952 18.665 0.048
3314.57437 18.722 0.072
3320.61225 18.653 0.042
3323.55573 18.620 0.047
3327.56722 18.679 0.051
3330.56146 18.622 0.051
3335.60630 18.751 0.063
3349.60620 18.698 0.036
3353.58535 18.656 0.042
3359.56187 18.510 0.043
3363.56922 18.754 0.058
3367.62855 18.545 0.043
3372.55929 18.604 0.042
3376.53862 18.666 0.041
3378.60554 18.699 0.050
3386.57203 18.600 0.035
3390.58558 18.603 0.058
3398.56735 18.742 0.052
3402.55577 18.552 0.032
3541.94064 18.764 0.045
3547.92522 18.585 0.044
3554.93343 18.620 0.050
3561.85763 18.851 0.042
3564.91771 18.673 0.037
3568.84856 18.696 0.046
3570.82011 18.826 0.075
3571.81161 18.616 0.072
3573.85730 18.550 0.056
3574.88814 18.662 0.051
3577.84674 18.698 0.048
3578.90531 18.627 0.037
3579.81017 18.648 0.040
3581.85511 18.922 0.072
3581.87966 19.070 0.075
3582.83996 18.639 0.051
3583.84999 18.630 0.040
3584.81609 18.888 0.049
3586.81872 18.670 0.035
3588.83658 18.624 0.039
3589.83150 18.597 0.039
3591.88423 18.574 0.029
3593.87051 18.676 0.054
3596.90222 18.644 0.037
3601.81983 18.665 0.051
3607.82527 18.594 0.040
3614.79664 18.676 0.035
3617.77908 18.793 0.044
3619.70906 18.678 0.040
3621.72752 18.631 0.038
3624.87581 18.736 0.061
3626.72520 18.809 0.054
3629.67882 18.727 0.066
3631.74119 18.697 0.056
3633.71746 18.770 0.063
3637.66044 18.647 0.051
3639.71050 18.661 0.031
3641.70704 18.751 0.046
3643.73143 18.723 0.040
3646.67056 18.679 0.048
3650.66963 18.685 0.048
3650.69369 18.721 0.045
3651.74360 18.557 0.035
3653.73978 18.639 0.042
3655.70593 19.024 0.049
3657.65963 18.692 0.038
3658.67176 18.698 0.047
3659.65183 18.748 0.060
3660.67934 18.669 0.057
3663.57084 18.646 0.063
3665.64651 18.605 0.044
3668.58285 18.616 0.042
3669.71372 18.832 0.054
3671.64250 18.628 0.039
3673.68460 18.730 0.051
3675.66919 18.672 0.040
3681.65270 18.743 0.066
3683.65853 18.675 0.040
3685.66369 18.631 0.036
3687.66396 18.687 0.047
3689.61552 18.761 0.050
3692.58651 18.802 0.055
3694.57050 18.603 0.046
3696.57106 18.687 0.039
3698.60472 18.576 0.061
3700.61472 18.688 0.053
3702.59497 19.085 0.066
3704.60125 18.789 0.047
3706.62171 18.755 0.037
3708.59864 18.702 0.051
3711.60115 19.070 0.079
3714.53488 18.803 0.068
3718.61542 18.843 0.082
3721.56903 18.567 0.042
3724.57404 18.621 0.043
3726.59454 18.656 0.051
3728.56769 18.678 0.057
3734.57112 18.720 0.053
3737.58682 18.649 0.043
3742.54545 18.806 0.077
3746.57070 18.627 0.057
3751.55063 18.680 0.084
3756.56336 18.739 0.064
3761.61359 18.537 0.053
3766.53846 18.737 0.050
3772.56129 18.691 0.059
3776.56136 18.679 0.055
3871.88727 18.652 0.078
3901.94977 18.556 0.067
3906.95003 18.743 0.084
3913.92808 18.631 0.033
3918.89047 18.730 0.042
3931.92577 18.707 0.057
3934.86881 18.671 0.037
3936.87699 18.649 0.045
3938.86100 18.674 0.051
3944.90840 18.768 0.046
3946.87650 18.684 0.041
3951.89575 18.618 0.048
3955.86091 18.681 0.075
3958.84640 18.687 0.057
3960.83755 18.574 0.035
3963.83429 18.457 0.055
3965.82610 18.702 0.029
3967.86849 18.585 0.036
3969.81167 18.674 0.044
3971.78783 18.735 0.044
3974.78955 18.774 0.050
3979.75079 19.135 0.068
3980.62828 18.756 0.067
3981.65454 18.712 0.043
3983.84488 18.792 0.059
3987.79339 18.597 0.044
3990.80071 18.612 0.036
3993.74556 18.702 0.054
3995.75077 18.662 0.037
3999.76013 18.670 0.037
4002.73223 18.758 0.043
4004.68398 18.708 0.036
4006.71024 18.718 0.034
4007.57361 18.795 0.050
4008.58259 18.617 0.037
4009.75243 18.774 0.048
4013.70910 18.736 0.052
4016.70370 18.739 0.042
4018.71041 18.579 0.041
4019.70107 18.671 0.055
4021.68785 18.662 0.039
4024.66132 18.679 0.041
4026.64020 18.822 0.044
4028.63616 18.744 0.038
4030.64872 18.663 0.050
4032.70080 18.787 0.062
4037.67700 18.637 0.036
4039.61489 18.809 0.047
4041.61449 18.672 0.059
4043.60016 18.717 0.059
4046.60947 18.693 0.061
4048.57540 18.657 0.057
4050.61754 18.735 0.043
4052.56963 18.724 0.049
4054.62377 18.642 0.051
4056.59586 18.625 0.053
4058.62941 18.674 0.046
4060.52825 18.598 0.048
4064.52592 18.619 0.034
4066.56739 18.686 0.049
4069.52574 18.698 0.056
4073.60931 19.007 0.066
4077.53269 18.639 0.043
4079.53465 18.569 0.048
4082.53456 19.037 0.070
4085.57228 18.688 0.046
4092.56836 18.643 0.036
4096.59432 18.742 0.054
4100.59710 18.739 0.058
4105.56495 18.637 0.052
4108.54116 18.655 0.037
4113.61909 18.654 0.051
4120.58992 18.955 0.045
4132.57311 18.567 0.062
4252.93706 18.594 0.069
4255.85634 18.728 0.067
4268.90906 18.659 0.051
4275.93116 18.832 0.078
4279.82785 18.778 0.089
4282.81939 18.626 0.054
4283.87233 18.648 0.060
4285.92664 18.879 0.074
4291.94744 18.675 0.078
4292.86597 18.605 0.038
4295.87000 18.605 0.042
4296.89973 18.779 0.054
4297.93261 18.674 0.041
4299.86745 18.731 0.039
4300.88894 18.710 0.044
4301.90693 18.631 0.035
4302.92856 18.629 0.057
4306.92569 18.691 0.054
4307.90742 18.677 0.037
4308.66857 18.607 0.057
4308.87659 18.669 0.050
4310.84891 18.711 0.060
4311.83647 18.613 0.072
4312.91033 18.602 0.038
4314.92979 18.711 0.067
4316.83634 18.717 0.057
4319.87350 18.680 0.056
4320.90037 18.677 0.065
4326.84428 18.732 0.059
4327.82334 18.719 0.066
4328.83899 18.740 0.058
4329.84068 18.622 0.050
4330.86979 18.689 0.043
4333.87106 18.702 0.060
4338.91140 18.646 0.062
4340.78388 18.655 0.049
4341.77904 18.780 0.066
4342.83495 18.662 0.064
4343.77254 18.797 0.058
4344.75468 18.689 0.050
4345.80065 18.638 0.045
4347.78957 18.673 0.046
4349.80275 18.637 0.043
4351.83001 18.625 0.052
4353.76306 18.778 0.058
4359.70987 19.293 0.082
4361.71244 18.650 0.058
4362.73726 18.702 0.065
4364.59417 18.691 0.077
4367.69170 18.727 0.060
4370.68337 18.653 0.056
4372.74680 18.630 0.040
4376.66219 18.715 0.054
4378.62876 18.643 0.047
4379.65673 18.815 0.084
4380.76961 18.712 0.050
4382.69700 18.717 0.048
4386.67209 18.699 0.057
4388.67258 18.653 0.049
4390.68157 18.702 0.042
4393.65536 18.680 0.053
4395.69026 18.705 0.054
4398.65570 18.754 0.062
4400.67854 18.779 0.082
4403.70437 18.692 0.057
4407.64444 18.695 0.053
4408.69063 18.685 0.059
4410.71355 18.706 0.049
4415.69771 18.764 0.064
4418.60435 18.723 0.045
4422.66558 18.688 0.046
4424.66266 18.763 0.056
4427.54935 18.683 0.058
4429.59215 18.686 0.078
4431.57979 18.714 0.058
4433.58561 18.736 0.063
4435.57390 18.671 0.049
4437.66299 18.772 0.074
4439.57488 18.690 0.065
4441.61072 18.682 0.059
4443.60142 18.743 0.062
4449.65550 18.655 0.049
4451.61058 18.692 0.045
4453.59255 19.103 0.085
4456.59396 18.696 0.068
4459.54653 18.655 0.058
4464.58619 18.726 0.046
4465.55216 18.660 0.050
4470.57110 18.662 0.052
4474.60758 18.806 0.066
4476.58575 18.614 0.045
4479.61051 18.550 0.057
4481.59520 18.658 0.055
4484.61189 18.649 0.076
4487.63339 18.573 0.076
4609.90676 18.649 0.063
4643.89140 18.766 0.067
4649.94157 18.757 0.066
4655.93811 18.622 0.041
4661.90477 18.693 0.049
4662.78746 18.716 0.042
4662.90441 18.708 0.045
4663.75915 19.225 0.099
4663.94303 18.688 0.066
4665.83211 18.723 0.066
4665.92607 18.841 0.072
4666.91992 18.604 0.061
4670.91433 18.674 0.050
4671.82857 18.732 0.055
4672.88832 18.771 0.078
4675.90592 18.629 0.052
4681.88566 18.690 0.038
4683.88090 18.854 0.044
4685.86698 18.653 0.048
4688.81835 18.718 0.050
4690.74389 18.680 0.046
4691.74680 18.634 0.059
4693.90187 18.708 0.066
4696.87544 18.641 0.067
4698.76359 18.734 0.047
4699.75759 18.621 0.051
4700.79510 18.743 0.046
4701.80031 18.649 0.052
4702.86044 18.649 0.058
4703.75952 18.703 0.053
4704.77836 18.682 0.042
4705.78558 18.685 0.063
4707.77826 18.710 0.037
4708.84649 18.656 0.043
4710.76250 18.814 0.054
4716.76398 18.715 0.050
4719.77187 18.647 0.061
4721.76287 18.886 0.092
4724.77481 18.717 0.051
4726.67047 18.681 0.064
4729.68150 18.763 0.067
4731.77170 18.706 0.038
4734.75402 18.699 0.043
4739.66011 19.229 0.095
4741.68137 18.679 0.037
4741.73467 18.654 0.040
4747.60124 18.691 0.056
4749.60086 18.692 0.069
4753.66996 18.664 0.064
4755.66391 18.732 0.050
4757.64840 18.957 0.060
4759.66097 18.722 0.048
4761.63125 18.674 0.035
4763.64390 18.607 0.060
4766.61211 18.904 0.077
4769.65023 18.739 0.068
4771.56126 18.658 0.073
4773.68608 18.659 0.047
4775.67294 18.538 0.057
4777.60665 18.881 0.064
4779.64224 18.687 0.055
4783.57581 18.642 0.047
4785.60692 18.661 0.059
4787.56328 19.037 0.125
4789.54231 18.588 0.050
4790.62453 18.649 0.038
4791.62280 18.652 0.038
4793.52698 18.676 0.051
4795.54401 18.908 0.050
4797.53620 18.786 0.061
4798.59948 18.779 0.066
4800.64681 18.691 0.047
4803.53809 18.580 0.048
4804.58832 18.793 0.068
4806.59732 18.657 0.056
4808.55555 18.608 0.060
4810.56598 18.620 0.046
4813.60536 18.609 0.057
4815.58155 18.712 0.070
4817.59801 18.686 0.044
4819.59764 18.639 0.043
4821.63955 18.689 0.040
4823.60034 18.669 0.059
4825.62877 18.828 0.062
4833.56113 19.004 0.059
4835.58373 18.821 0.079
4839.60526 18.632 0.062
4842.57233 19.021 0.091
4844.58286 18.611 0.045
4847.63711 18.626 0.080
4849.59694 18.591 0.048
4853.59442 18.731 0.052
4856.58836 18.653 0.051
4865.56146 18.700 0.052
