2104.89131 17.807 0.019
2112.88493 17.743 0.021
2115.85334 17.704 0.024
2117.85246 17.681 0.018
2122.87589 17.690 0.025
2123.88981 17.696 0.021
2125.77530 17.768 0.036
2128.88941 17.717 0.031
2129.91730 17.688 0.019
2130.89438 17.671 0.020
2131.78333 17.767 0.021
2132.86620 17.710 0.022
2133.83913 17.721 0.022
2134.87657 17.719 0.027
2136.91299 17.710 0.023
2137.87070 17.740 0.024
2140.87506 17.740 0.024
2141.78529 17.910 0.034
2142.84341 17.823 0.024
2143.89442 17.784 0.023
2144.77445 17.909 0.020
2156.73554 17.741 0.025
2160.81515 17.660 0.022
2161.69400 17.705 0.024
2162.83241 17.720 0.020
2166.65542 17.737 0.021
2167.71152 17.731 0.018
2168.77385 17.721 0.021
2172.82463 17.707 0.019
2173.76811 17.675 0.017
2174.69449 17.712 0.017
2177.69998 17.740 0.021
2183.75900 17.781 0.030
2184.76123 17.717 0.023
2189.75115 17.805 0.031
2190.75129 17.862 0.022
2191.62525 17.716 0.021
2192.71867 17.898 0.016
2193.74590 17.907 0.018
2194.71057 17.854 0.019
2200.72562 17.799 0.019
2203.61354 17.705 0.020
2208.71002 17.696 0.021
2211.71655 17.712 0.023
2212.70240 17.696 0.020
2214.72320 17.706 0.023
2217.69695 17.679 0.021
2221.58562 17.765 0.022
2223.63571 17.759 0.023
2225.65333 17.712 0.017
2227.54660 17.962 0.034
2228.61457 17.795 0.021
2230.60166 17.868 0.023
2232.62194 17.872 0.021
2234.60730 17.963 0.025
2236.59643 17.952 0.023
2239.54532 17.719 0.022
2241.58888 17.734 0.021
2243.62712 17.826 0.023
2249.58992 17.722 0.016
2251.59349 17.710 0.019
2254.59100 17.673 0.018
2256.60920 17.742 0.027
2263.54769 17.731 0.021
2265.58304 17.658 0.018
2270.60748 17.699 0.019
2274.58831 17.667 0.027
2276.59904 17.695 0.024
2278.57572 17.757 0.021
2283.60585 17.792 0.022
2290.55906 17.843 0.027
2292.61882 17.878 0.028
2294.62684 17.879 0.034
2296.58713 17.753 0.030
2298.59568 17.778 0.029
2300.59484 17.718 0.022
2303.57471 17.732 0.026
2453.89994 17.727 0.031
2462.90368 17.679 0.021
2464.90428 17.675 0.017
2466.89669 17.688 0.025
2468.89270 17.722 0.020
2470.88191 17.728 0.018
2472.86434 17.718 0.020
2481.83471 17.977 0.035
2483.94946 17.797 0.044
2488.76954 17.706 0.024
2489.83181 17.696 0.022
2492.81352 17.738 0.022
2496.81202 17.698 0.018
2497.83435 17.704 0.021
2498.83453 17.731 0.020
2499.92227 17.790 0.018
2500.92797 17.737 0.022
2501.91864 17.727 0.019
2502.89454 17.739 0.023
2511.75888 17.687 0.026
2516.88421 17.675 0.022
2517.88475 17.685 0.019
2518.86062 17.720 0.022
2519.77201 17.748 0.019
2520.85234 17.684 0.021
2521.74219 17.837 0.021
2524.76779 17.874 0.028
2529.74962 17.934 0.021
2535.75593 17.788 0.024
2537.76243 17.761 0.028
2537.78140 17.807 0.029
2538.85911 17.867 0.030
2538.87027 17.991 0.040
2539.76085 17.726 0.020
2540.80463 17.787 0.032
2541.77623 17.718 0.021
2542.74264 17.708 0.020
2544.72207 17.690 0.017
2545.74001 17.686 0.019
2547.75404 17.707 0.021
2548.77156 17.713 0.021
2550.76662 17.682 0.018
2551.75405 17.712 0.017
2552.76918 17.692 0.019
2553.70997 17.702 0.024
2554.76247 17.685 0.019
2555.77038 17.687 0.019
2556.75032 17.677 0.017
2557.76193 17.687 0.017
2558.71839 17.716 0.020
2559.67612 17.704 0.019
2560.70856 17.727 0.020
2561.75403 17.696 0.021
2562.72671 17.690 0.020
2564.76206 17.717 0.024
2565.75540 17.707 0.021
2566.73027 17.740 0.023
2571.71361 17.766 0.028
2573.72184 17.865 0.032
2574.70936 17.871 0.020
2576.74854 17.802 0.025
2577.70696 18.010 0.036
2579.69954 17.903 0.027
2580.71114 17.934 0.026
2583.70406 17.867 0.029
2584.69064 17.763 0.021
2587.66902 17.712 0.021
2588.68163 17.764 0.022
2589.67376 17.727 0.021
2590.68225 17.712 0.021
2591.70952 17.764 0.023
2593.66653 17.717 0.023
2594.67350 17.750 0.025
2596.64750 17.631 0.031
2597.63452 17.705 0.024
2598.71291 17.662 0.021
2599.67649 17.745 0.028
2609.53682 17.812 0.027
2614.55095 17.923 0.025
2618.58252 17.944 0.023
2622.55927 17.881 0.021
2626.52316 17.754 0.030
2629.57216 17.746 0.026
2637.53282 17.702 0.029
2640.55600 17.691 0.019
2643.55864 17.680 0.019
2649.56167 17.723 0.019
2652.55054 17.681 0.023
2655.56187 17.721 0.028
2662.54587 17.698 0.027
2665.55888 17.763 0.022
2670.54816 17.956 0.033
2674.56395 17.960 0.024
2677.54752 17.932 0.032
2680.55465 17.791 0.026
2684.53103 17.755 0.030
2804.81655 17.789 0.036
2805.91193 17.704 0.034
2812.92691 17.764 0.025
2815.93731 17.731 0.019
2818.94963 17.714 0.032
2829.88391 17.759 0.022
2831.88477 17.713 0.023
2832.84878 17.732 0.021
2833.92586 17.753 0.028
2836.91498 17.734 0.028
2837.92923 17.771 0.031
2838.91687 17.794 0.029
2840.86561 17.676 0.020
2843.89486 17.712 0.020
2844.93097 17.741 0.021
2849.91567 17.705 0.020
2851.84264 17.779 0.028
2852.87579 17.730 0.028
2854.88714 17.720 0.020
2857.89451 17.711 0.021
2859.88179 17.717 0.019
2860.93415 17.688 0.020
2861.80607 17.790 0.019
2862.85477 17.742 0.026
2863.89380 17.738 0.031
2865.77912 17.917 0.029
2866.77510 17.896 0.028
2867.86563 17.820 0.021
2869.83501 17.914 0.024
2870.87464 17.880 0.022
2872.79856 17.814 0.020
2877.80751 17.748 0.019
2879.83014 17.754 0.018
2884.77898 17.723 0.017
2886.79184 17.719 0.021
2888.73504 17.706 0.019
2890.77350 17.665 0.027
2893.80222 17.716 0.022
2895.77613 17.701 0.018
2897.76066 17.717 0.021
2899.79298 17.705 0.018
2903.81198 17.710 0.016
2906.76035 17.745 0.019
2908.73811 17.788 0.020
2910.73238 17.859 0.025
2912.73819 17.933 0.022
2916.75105 17.971 0.020
2918.72808 17.901 0.024
2922.73101 17.820 0.026
2924.72726 17.770 0.024
2926.66268 17.702 0.023
2929.72403 17.733 0.022
2931.70153 17.716 0.018
2933.71211 17.691 0.016
2935.67620 17.744 0.022
2937.70569 17.718 0.027
2939.64100 17.716 0.024
2941.66822 17.687 0.017
2943.66442 17.702 0.021
2944.66693 17.710 0.025
2946.64699 17.729 0.021
2947.67478 17.727 0.026
2949.65565 17.723 0.020
2950.60712 17.809 0.022
2951.68820 17.708 0.022
2953.63619 17.822 0.024
2955.62078 17.928 0.035
2957.63705 17.899 0.022
2960.65470 17.924 0.023
2964.66733 17.939 0.028
2966.61112 17.741 0.020
2969.63639 17.789 0.025
2971.66324 17.786 0.023
2974.53797 17.691 0.022
2976.57108 17.700 0.023
2978.55897 17.759 0.028
2980.61378 17.726 0.028
2982.57853 17.708 0.021
2984.61163 17.693 0.023
2986.62192 17.733 0.022
2989.57343 17.725 0.021
2992.58957 17.743 0.022
2996.59491 17.738 0.018
2999.59176 17.757 0.021
3003.53597 17.849 0.035
3006.58289 17.928 0.020
3009.57497 17.954 0.034
3013.58744 17.878 0.026
3017.57612 17.832 0.022
3020.55089 17.722 0.019
3022.57855 17.750 0.021
3024.57761 17.728 0.021
3026.54789 17.711 0.020
3028.54864 17.693 0.022
3030.55242 17.717 0.021
3032.56952 17.728 0.023
3034.56906 17.708 0.017
3038.56012 17.692 0.024
3180.92303 17.742 0.021
3184.91487 17.695 0.021
3193.93903 17.716 0.021
3196.91001 17.768 0.021
3202.90251 17.773 0.020
3204.87256 17.917 0.028
3206.88541 17.946 0.028
3211.79684 17.768 0.023
3211.83372 17.789 0.021
3216.78761 17.731 0.027
3217.89176 17.819 0.029
3222.88037 17.774 0.025
3224.83434 17.729 0.017
3228.81224 17.738 0.022
3230.78979 17.706 0.016
3238.81682 17.721 0.021
3239.85618 17.703 0.019
3241.75836 17.770 0.019
3242.79428 17.712 0.021
3244.73129 17.905 0.033
3245.83510 17.731 0.021
3246.83208 17.788 0.025
3248.73687 18.005 0.025
3250.79782 17.855 0.018
3256.73450 17.794 0.021
3258.73372 17.775 0.019
3260.70720 17.730 0.020
3262.74308 17.750 0.016
3264.69485 17.732 0.019
3266.76575 17.697 0.018
3268.69924 17.701 0.016
3270.76306 17.740 0.021
3271.72685 17.690 0.019
3273.68569 17.718 0.021
3275.67610 17.742 0.030
3276.77017 17.712 0.027
3278.64862 17.714 0.023
3280.68227 17.768 0.016
3282.67738 17.715 0.013
3286.63603 17.779 0.017
3288.64974 17.783 0.017
3291.62488 18.012 0.028
3294.63670 17.934 0.020
3296.60401 17.812 0.018
3298.61292 17.817 0.019
3300.61346 17.777 0.022
3302.59458 17.742 0.021
3305.69054 17.849 0.021
3307.60708 17.744 0.028
3309.62782 17.728 0.017
3311.58342 17.706 0.018
3315.61692 17.684 0.018
3320.66038 17.694 0.018
3323.61708 17.720 0.018
3324.62681 17.713 0.019
3329.56031 17.710 0.018
3334.57654 17.836 0.031
3336.57242 17.880 0.025
3341.61938 17.813 0.020
3350.57511 17.756 0.018
3354.60713 17.776 0.018
3360.58700 17.727 0.018
3366.62661 17.755 0.020
3372.61109 17.690 0.018
3376.58686 17.738 0.021
3379.60433 17.687 0.021
3387.53977 17.815 0.032
3395.57213 17.968 0.032
3399.55899 17.886 0.028
3403.55008 17.796 0.025
3543.92865 17.869 0.026
3552.88122 17.719 0.024
3558.93322 17.703 0.016
3562.92772 17.745 0.015
3568.91921 17.769 0.019
3570.87899 17.678 0.024
3571.86759 17.687 0.025
3573.91344 17.766 0.034
3575.87255 17.681 0.020
3578.94273 17.676 0.020
3579.87031 17.760 0.017
3581.93929 17.649 0.020
3582.76761 17.921 0.021
3584.87921 17.786 0.018
3589.85005 17.814 0.021
3590.88033 17.790 0.015
3592.82198 17.976 0.015
3594.85931 17.977 0.021
3603.77079 17.703 0.016
3607.86348 17.775 0.018
3617.81975 17.735 0.015
3619.79565 17.701 0.015
3621.79275 17.709 0.017
3621.83820 17.707 0.016
3625.79111 17.724 0.017
3628.74130 17.765 0.025
3630.70790 17.806 0.021
3632.73681 17.775 0.022
3634.65036 17.816 0.021
3637.72455 17.896 0.024
3640.68996 17.782 0.016
3642.68790 17.756 0.024
3644.72077 17.783 0.015
3646.73447 17.833 0.022
3650.75019 17.727 0.016
3652.69861 17.697 0.015
3654.67186 17.682 0.016
3656.74548 17.749 0.018
3657.74887 17.701 0.017
3659.71063 17.722 0.028
3661.63724 17.693 0.021
3664.70733 17.687 0.015
3666.70634 17.707 0.018
3668.69062 17.684 0.017
3670.67125 17.734 0.017
3672.63145 17.762 0.019
3674.76332 17.706 0.016
3676.65668 17.826 0.020
3682.63024 17.952 0.034
3684.64379 17.915 0.021
3686.61336 17.855 0.022
3688.58621 17.715 0.020
3690.59979 17.741 0.022
3693.59795 17.736 0.021
3695.59396 17.702 0.018
3697.58448 17.735 0.024
3699.58424 17.707 0.018
3701.61830 17.729 0.019
3703.62334 17.673 0.015
3705.63368 17.661 0.015
3707.60023 17.688 0.015
3712.66087 17.636 0.017
3715.60180 17.687 0.016
3717.58050 17.731 0.021
3720.61626 17.718 0.022
3724.58554 17.763 0.019
3726.60590 17.729 0.019
3731.54575 17.874 0.024
3735.58476 17.869 0.018
3739.54729 17.740 0.018
3743.56135 17.650 0.022
3748.56496 17.750 0.033
3753.56200 17.709 0.024
3759.56684 17.695 0.021
3763.55169 17.704 0.019
3769.52949 17.707 0.022
3773.55541 17.812 0.024
3778.53016 17.965 0.029
3903.91387 17.701 0.023
3908.93708 17.718 0.015
3915.92721 17.692 0.016
3918.94655 17.724 0.021
3933.83823 17.840 0.017
3935.83466 17.779 0.017
3937.87255 17.850 0.024
3945.84197 17.730 0.018
3950.85993 17.685 0.015
3957.81541 17.647 0.027
3959.81521 17.662 0.021
3961.80020 17.711 0.025
3964.80731 17.720 0.015
3966.79980 17.766 0.016
3968.79309 17.731 0.018
3970.78467 17.807 0.015
3973.75561 17.885 0.019
3975.76892 17.901 0.022
3980.70139 17.689 0.021
3981.70132 17.672 0.016
3982.76571 17.891 0.027
3986.74276 17.748 0.021
3989.84545 17.860 0.022
3991.78365 17.760 0.021
3994.69541 17.681 0.019
3998.82285 17.723 0.017
4001.68997 17.718 0.016
4003.65355 17.721 0.016
4005.72848 17.700 0.015
4007.62706 17.778 0.022
4008.65241 17.777 0.015
4011.68006 17.770 0.017
4014.67808 17.829 0.028
4016.65924 17.926 0.021
4018.65564 17.941 0.024
4020.69489 17.936 0.023
4023.64508 17.790 0.021
4025.69327 17.884 0.021
4027.63354 17.720 0.018
4029.61572 17.753 0.018
4031.60266 17.707 0.018
4036.66146 17.722 0.018
4038.63459 17.705 0.018
4040.57287 17.750 0.027
4042.64173 17.732 0.020
4047.59589 17.721 0.021
4049.56851 17.732 0.016
4051.61811 17.700 0.019
4053.59255 17.730 0.014
4055.55812 17.825 0.030
4057.56120 17.853 0.027
4060.53947 17.892 0.020
4064.58464 17.912 0.016
4066.54197 17.901 0.023
4068.60613 18.009 0.020
4071.57408 17.802 0.021
4073.58098 17.797 0.026
4075.62602 17.875 0.021
4077.59847 17.785 0.021
4079.58192 17.746 0.021
4083.55305 17.720 0.022
4087.61113 17.688 0.016
4095.57518 17.652 0.016
4100.55264 17.730 0.022
4105.62933 17.714 0.018
4107.57044 17.722 0.017
4108.61651 17.708 0.017
4112.57082 17.845 0.021
4119.57283 17.905 0.024
4120.60363 17.936 0.019
4122.59225 17.972 0.022
4127.58452 17.819 0.019
4253.91012 17.680 0.030
4255.93022 17.677 0.026
4258.91100 17.752 0.028
4273.93109 17.943 0.031
4279.76005 17.638 0.034
4282.84662 17.706 0.022
4283.81474 17.658 0.024
4284.91651 17.708 0.024
4289.88735 17.712 0.021
4292.92079 17.705 0.017
4295.91462 17.711 0.020
4296.94892 17.666 0.028
4298.86796 17.700 0.027
4299.91140 17.668 0.015
4300.93363 17.667 0.017
4302.83412 17.734 0.018
4303.84287 17.711 0.018
4307.78346 17.875 0.021
4308.71461 17.831 0.022
4308.92201 17.722 0.018
4310.89373 17.731 0.025
4314.82422 17.928 0.028
4316.88410 17.788 0.021
4320.81579 17.842 0.023
4326.89401 17.859 0.024
4327.91583 17.923 0.031
4328.88574 17.810 0.025
4329.90175 17.876 0.023
4330.93472 17.889 0.039
4331.88373 17.731 0.026
4333.91789 17.810 0.023
4336.88035 17.756 0.028
4339.88820 17.715 0.027
4340.87306 17.705 0.021
4342.84586 17.696 0.024
4344.80636 17.660 0.019
4346.77971 17.715 0.020
4348.76342 17.710 0.018
4350.74023 17.726 0.017
4353.69846 17.876 0.025
4355.75712 17.793 0.026
4358.70029 17.916 0.021
4362.70807 17.856 0.024
4363.71533 17.807 0.023
4365.70475 17.809 0.030
4369.73884 17.801 0.029
4370.69891 17.736 0.025
4373.71055 17.679 0.019
4376.70898 17.712 0.020
4378.67583 17.682 0.019
4379.70745 17.709 0.024
4381.66612 17.707 0.025
4383.69478 17.664 0.017
4386.72093 17.668 0.018
4388.71956 17.672 0.022
4391.54270 17.847 0.022
4394.63694 17.716 0.019
4396.69979 17.731 0.022
4398.70262 17.687 0.023
4402.68763 17.736 0.019
4404.70426 17.741 0.024
4409.69185 17.859 0.022
4412.63657 17.776 0.025
4415.72768 17.941 0.027
4417.67765 17.770 0.020
4420.66443 17.712 0.022
4423.65459 17.720 0.022
4426.53616 17.711 0.027
4426.70813 17.738 0.028
4428.59508 17.673 0.025
4430.61503 17.688 0.020
4432.60089 17.707 0.019
4434.64233 17.697 0.018
4436.61896 17.680 0.019
4438.62685 17.672 0.022
4440.63273 17.741 0.025
4442.59419 17.768 0.023
4444.61869 17.713 0.025
4450.59697 17.824 0.028
4452.62891 17.777 0.021
4454.61014 17.874 0.025
4456.60500 17.876 0.030
4457.63385 17.881 0.027
4460.58248 17.907 0.027
4462.60742 17.880 0.023
4464.60201 17.805 0.021
4471.57530 17.696 0.021
4473.56327 17.714 0.026
4475.62657 17.762 0.023
4480.61057 17.689 0.021
4482.61277 17.671 0.026
4484.62308 17.745 0.034
4486.63488 17.664 0.025
4490.56405 17.707 0.020
4643.93743 17.702 0.020
4651.91386 17.816 0.021
4655.83480 17.853 0.020
4661.93348 17.939 0.024
4662.85710 17.729 0.018
4663.80575 17.691 0.022
4665.87885 17.778 0.027
4671.91278 17.694 0.021
4674.81754 17.689 0.023
4677.87663 17.680 0.017
4682.85098 17.711 0.023
4682.86198 17.686 0.019
4684.88906 17.697 0.019
4686.84909 17.681 0.015
4688.86525 17.661 0.015
4690.79073 17.736 0.021
4691.79396 17.777 0.021
4694.78393 17.822 0.031
4697.78471 17.930 0.031
4699.80553 17.925 0.021
4700.83952 17.787 0.018
4701.84727 17.864 0.021
4703.80657 17.947 0.023
4704.82495 17.956 0.020
4705.83265 17.939 0.029
4707.81385 17.881 0.022
4709.78448 17.748 0.016
4715.78945 17.768 0.021
4717.74408 17.641 0.016
4720.72309 17.685 0.018
4724.68740 17.691 0.021
4726.68146 17.714 0.020
4730.73583 17.711 0.015
4740.71326 17.779 0.018
4743.71097 17.845 0.017
4748.69710 17.913 0.021
4750.72981 17.891 0.032
4754.65540 17.744 0.025
4756.68554 17.730 0.021
4758.64512 17.697 0.017
4760.63182 17.712 0.015
4762.62181 17.712 0.020
4767.67808 17.700 0.019
4771.57236 17.710 0.020
4772.64296 17.664 0.021
4774.63938 17.650 0.020
4776.58982 17.721 0.022
4778.59213 17.749 0.018
4780.60981 17.751 0.027
4782.56160 17.858 0.023
4783.62330 17.720 0.023
4786.54429 17.936 0.027
4787.61188 17.921 0.042
4789.60740 17.927 0.021
4791.57163 17.897 0.021
4793.57834 17.808 0.021
4795.61263 17.913 0.021
4797.58574 17.792 0.023
4799.59218 17.738 0.021
4801.56877 17.718 0.019
4802.63552 17.778 0.022
4803.60793 17.748 0.019
4805.55045 17.713 0.019
4807.56901 17.693 0.027
4809.59406 17.719 0.018
4811.61601 17.685 0.022
4814.57376 17.742 0.025
4816.57599 17.696 0.019
4818.55385 17.667 0.021
4820.56803 17.689 0.019
4822.64080 17.723 0.021
4824.60972 17.752 0.023
4831.58585 17.705 0.023
4834.61944 17.711 0.030
4838.61868 17.773 0.025
4841.60122 17.858 0.028
4843.59868 17.868 0.029
4846.60441 17.964 0.026
4848.64071 17.893 0.021
4850.62819 17.931 0.024
4853.62392 17.866 0.025
4856.59966 17.707 0.019
4864.57731 17.697 0.017
4868.59707 17.679 0.021
4870.53656 17.697 0.028
4873.55220 17.708 0.021
