2086.92886 17.030 0.014
2104.86099 17.201 0.013
2106.92089 17.399 0.018
2113.84132 17.049 0.014
2114.85557 16.933 0.013
2115.91948 17.276 0.018
2116.90195 16.911 0.013
2117.90764 17.173 0.014
2122.84019 17.013 0.017
2123.85186 16.922 0.012
2124.90910 17.031 0.014
2128.85517 17.422 0.022
2129.88733 16.905 0.012
2130.83621 17.030 0.014
2131.82971 16.927 0.013
2132.83589 17.005 0.014
2133.92450 16.993 0.017
2134.84083 16.944 0.014
2135.87602 17.010 0.012
2136.87654 16.916 0.014
2137.91916 17.161 0.018
2140.84509 16.886 0.014
2142.89135 16.941 0.013
2143.85211 16.983 0.013
2144.81687 16.998 0.010
2156.85506 16.936 0.013
2160.78480 16.868 0.013
2162.79136 16.899 0.010
2165.77517 16.961 0.013
2166.78614 16.967 0.012
2167.75693 16.939 0.012
2168.74346 17.060 0.013
2171.76949 16.890 0.010
2172.77606 17.371 0.016
2173.73818 16.900 0.012
2177.66980 17.005 0.014
2185.69466 17.019 0.016
2187.67723 16.957 0.016
2190.72123 17.054 0.013
2192.69079 17.163 0.012
2193.71178 16.882 0.009
2194.68300 17.238 0.013
2200.69548 16.927 0.012
2201.74914 17.022 0.012
2206.63497 16.895 0.016
2211.67361 16.900 0.013
2213.68366 16.887 0.013
2214.67003 17.171 0.018
2215.68533 16.874 0.012
2217.66297 16.895 0.014
2222.75538 16.938 0.013
2225.62463 17.434 0.014
2226.67098 16.888 0.013
2228.58638 16.904 0.013
2230.52369 16.996 0.016
2232.53742 17.001 0.013
2234.57950 17.110 0.013
2236.56900 17.216 0.014
2238.57439 17.209 0.014
2241.56118 16.934 0.013
2243.59947 16.991 0.013
2248.64388 16.880 0.010
2250.62205 16.889 0.010
2253.60092 16.959 0.012
2256.58005 17.065 0.014
2258.62050 17.163 0.012
2265.63776 16.974 0.012
2270.59595 16.876 0.010
2272.59401 16.903 0.012
2274.57785 16.950 0.014
2276.54537 16.968 0.014
2280.55795 17.139 0.017
2285.59640 16.934 0.012
2289.59333 17.005 0.012
2291.59403 17.257 0.013
2293.59472 17.207 0.014
2295.59103 17.087 0.013
2297.59420 16.971 0.012
2299.59068 16.988 0.014
2301.58335 16.887 0.014
2466.86683 17.065 0.016
2467.93072 16.925 0.013
2469.92999 16.936 0.012
2471.91956 17.004 0.013
2472.90961 16.900 0.009
2473.93580 17.061 0.013
2481.89505 16.947 0.014
2483.91870 16.923 0.012
2486.91885 17.217 0.018
2488.93421 17.229 0.018
2490.79641 16.971 0.017
2492.93310 16.984 0.013
2495.92829 17.083 0.012
2496.93290 16.865 0.012
2498.80420 16.903 0.012
2499.88914 17.075 0.012
2500.89760 16.904 0.013
2501.88433 17.039 0.013
2502.86450 16.968 0.013
2508.77508 17.187 0.024
2516.80655 16.870 0.013
2517.85331 17.096 0.016
2518.82568 16.896 0.013
2519.82390 17.445 0.016
2520.82208 16.885 0.012
2521.81525 17.085 0.013
2524.81379 16.979 0.014
2526.80757 16.992 0.009
2529.80381 16.877 0.012
2534.86444 17.024 0.016
2535.80207 16.946 0.013
2537.73215 17.046 0.017
2538.83240 16.908 0.014
2539.72960 17.153 0.014
2540.77289 16.906 0.014
2541.74148 17.384 0.016
2542.71127 16.893 0.012
2544.69203 16.920 0.012
2545.70475 17.012 0.012
2547.72272 16.907 0.012
2548.74151 17.012 0.013
2550.73679 17.215 0.016
2551.72333 16.884 0.012
2552.73930 17.148 0.013
2553.68009 16.857 0.013
2554.73244 17.091 0.013
2555.74034 16.921 0.012
2556.71945 16.969 0.012
2557.73198 16.969 0.010
2558.68842 16.944 0.012
2559.64543 17.029 0.013
2560.67844 16.877 0.010
2561.72406 17.109 0.016
2562.69674 16.880 0.012
2563.70472 17.425 0.017
2564.72111 16.881 0.012
2565.71626 17.037 0.014
2566.69121 16.901 0.012
2568.76763 16.968 0.014
2571.67761 16.891 0.012
2572.75211 17.140 0.017
2573.69019 16.870 0.014
2574.67015 17.177 0.013
2576.70488 17.082 0.014
2577.66993 16.950 0.014
2578.65746 16.950 0.013
2579.66798 16.941 0.013
2580.67609 16.951 0.013
2583.64815 17.114 0.016
2584.65460 16.887 0.012
2586.65580 16.884 0.012
2587.63846 17.025 0.013
2589.62933 16.978 0.013
2590.64610 16.974 0.013
2591.67228 16.911 0.013
2593.63553 16.902 0.012
2594.64157 17.224 0.017
2596.61520 17.178 0.016
2597.60238 16.895 0.013
2598.68256 17.148 0.016
2599.63663 16.941 0.014
2607.65672 17.414 0.020
2610.57807 16.931 0.014
2613.57185 16.920 0.013
2615.60230 16.910 0.012
2619.58677 16.891 0.013
2621.59592 16.932 0.013
2625.57850 17.050 0.017
2627.54918 17.147 0.020
2630.56300 16.910 0.014
2635.57671 16.932 0.013
2637.57157 16.918 0.013
2640.54192 17.169 0.016
2642.58165 17.111 0.017
2646.59303 16.983 0.013
2651.56770 17.428 0.024
2654.59519 16.908 0.014
2657.54718 16.934 0.016
2661.55321 16.890 0.010
2664.58415 17.176 0.020
2667.54294 16.988 0.014
2668.57008 16.997 0.018
2672.56209 16.902 0.014
2676.55227 16.926 0.012
2679.56698 16.945 0.013
2683.54595 16.871 0.017
2777.93270 16.906 0.016
2804.86124 17.023 0.017
2805.87853 16.964 0.020
2811.93365 17.199 0.020
2815.90734 17.002 0.013
2825.93921 16.885 0.014
2830.84647 16.887 0.010
2831.81612 17.245 0.017
2832.78917 16.870 0.013
2833.89466 17.179 0.018
2834.94529 16.873 0.013
2836.90362 16.898 0.020
2838.84669 16.993 0.016
2840.85436 17.011 0.013
2843.85571 16.896 0.010
2844.90142 17.400 0.017
2845.94844 16.864 0.022
2849.88495 16.965 0.013
2850.91770 16.961 0.014
2852.84632 16.907 0.014
2854.85766 16.869 0.014
2857.86504 17.222 0.016
2858.93865 16.900 0.013
2860.90462 16.924 0.012
2861.77610 16.958 0.012
2862.89947 16.988 0.014
2863.86415 16.912 0.017
2865.82384 16.894 0.012
2867.81326 16.883 0.010
2868.81686 17.078 0.013
2869.80338 16.906 0.012
2870.84495 17.026 0.012
2871.88802 16.947 0.012
2872.84482 16.941 0.012
2875.83572 17.082 0.014
2876.80514 16.867 0.010
2879.73164 17.086 0.012
2883.85489 16.976 0.012
2885.79021 16.910 0.010
2890.72108 17.047 0.017
2893.77254 16.964 0.012
2895.82175 16.973 0.012
2897.72529 17.205 0.014
2899.76292 17.190 0.013
2903.78198 16.985 0.008
2906.73098 17.025 0.012
2908.70798 17.100 0.013
2910.70286 17.438 0.017
2912.70819 17.080 0.012
2916.72094 16.958 0.010
2918.69783 16.903 0.012
2922.69781 16.862 0.012
2924.63875 16.928 0.012
2926.63279 16.974 0.013
2929.69399 16.907 0.013
2931.66993 16.898 0.010
2933.68036 16.904 0.010
2935.64470 16.923 0.013
2937.67029 16.965 0.016
2939.68575 17.014 0.013
2940.66292 16.935 0.010
2941.63818 17.210 0.012
2942.66298 16.878 0.012
2943.63433 17.199 0.016
2944.61869 16.882 0.013
2946.61344 16.926 0.013
2947.64506 17.002 0.014
2949.62608 16.950 0.012
2950.57761 17.021 0.013
2951.65822 16.898 0.013
2953.60616 16.876 0.012
2955.59124 16.902 0.016
2957.60486 16.922 0.012
2960.62398 16.904 0.013
2962.65913 16.930 0.012
2965.66180 17.193 0.014
2968.62413 16.935 0.014
2970.64294 16.941 0.012
2972.64756 16.998 0.014
2975.55560 16.900 0.012
2977.65141 16.892 0.014
2979.59130 16.902 0.013
2981.63858 16.931 0.021
2983.57209 16.989 0.017
2986.58867 16.899 0.012
2988.56065 16.893 0.012
2991.59046 16.992 0.012
2994.57533 17.015 0.013
2997.58793 16.906 0.012
3000.57995 17.106 0.014
3003.56193 16.962 0.013
3006.54920 16.904 0.012
3009.54449 17.189 0.017
3013.54686 16.988 0.013
3015.58212 17.008 0.012
3018.55923 17.067 0.016
3020.59494 17.368 0.014
3022.54859 17.125 0.017
3024.54762 17.032 0.014
3025.60720 16.953 0.012
3027.63269 16.948 0.012
3029.60438 17.049 0.014
3031.60918 17.177 0.014
3034.53942 16.904 0.012
3037.55858 16.970 0.016
3179.92091 16.883 0.010
3183.94060 16.887 0.013
3193.90852 17.172 0.012
3196.88062 16.976 0.014
3197.94302 16.973 0.014
3202.86851 17.180 0.013
3203.90859 16.875 0.009
3206.84640 16.982 0.010
3210.92241 16.910 0.010
3211.87698 17.023 0.012
3215.81219 17.129 0.018
3216.75805 16.942 0.016
3217.80803 17.064 0.016
3223.86416 16.871 0.012
3228.78286 17.004 0.013
3229.86467 16.922 0.010
3231.84617 17.015 0.016
3238.78305 16.926 0.013
3239.82662 17.076 0.012
3240.81932 16.940 0.013
3241.80280 16.968 0.012
3242.74678 16.994 0.014
3243.87940 16.939 0.014
3244.85797 17.009 0.016
3245.80573 16.897 0.013
3246.79849 17.177 0.016
3247.80684 16.882 0.013
3249.75715 16.934 0.013
3251.77075 16.929 0.010
3254.75846 16.897 0.010
3257.78272 17.346 0.012
3259.69544 17.088 0.012
3261.73149 17.049 0.010
3263.72872 16.934 0.009
3265.75008 16.944 0.012
3267.73686 16.894 0.010
3270.69029 17.207 0.014
3271.69317 16.909 0.013
3273.65150 16.981 0.016
3275.64635 17.019 0.017
3276.74078 16.912 0.013
3277.77942 17.051 0.014
3279.71102 17.397 0.014
3281.66962 17.099 0.010
3283.67130 17.026 0.009
3287.63743 16.914 0.010
3289.65237 16.851 0.009
3291.59046 16.921 0.012
3293.62596 16.939 0.010
3295.64387 16.925 0.008
3298.58178 16.864 0.009
3300.58406 16.879 0.012
3302.56103 16.905 0.012
3305.66111 17.044 0.012
3307.57337 16.939 0.014
3309.59841 16.912 0.010
3311.55003 16.858 0.012
3314.59300 17.132 0.016
3320.63081 16.917 0.010
3323.57823 17.408 0.014
3327.58576 17.036 0.010
3330.58126 16.995 0.013
3335.62523 16.901 0.013
3338.57091 16.962 0.012
3350.54522 16.975 0.010
3353.60382 16.929 0.010
3359.58568 16.926 0.010
3363.58771 17.031 0.013
3367.64734 17.245 0.017
3372.58082 16.942 0.010
3376.55696 17.032 0.012
3380.54334 17.269 0.017
3386.59028 16.921 0.009
3395.53809 17.003 0.016
3398.58578 17.056 0.016
3402.58303 17.411 0.014
3543.89658 16.977 0.013
3551.92011 17.418 0.016
3558.90365 17.032 0.010
3562.89076 17.171 0.012
3568.88187 16.961 0.010
3570.84292 16.903 0.014
3571.83383 17.159 0.016
3573.87955 17.406 0.021
3575.83531 17.028 0.010
3577.89168 16.994 0.012
3578.92775 16.941 0.010
3579.83277 16.914 0.009
3581.90186 16.927 0.012
3582.85814 17.288 0.014
3583.86838 16.882 0.009
3584.83863 17.191 0.012
3585.88952 16.883 0.009
3586.84166 17.081 0.009
3588.85993 16.977 0.010
3590.81599 16.934 0.009
3592.78075 16.880 0.008
3594.82024 16.886 0.009
3600.90602 17.024 0.021
3602.76459 17.032 0.013
3607.84838 16.880 0.010
3614.82059 16.910 0.009
3617.80437 17.417 0.013
3619.78250 17.036 0.010
3621.77498 17.014 0.010
3630.65377 17.010 0.014
3632.65108 16.992 0.016
3634.72398 16.938 0.010
3637.68279 17.166 0.013
3639.73273 17.389 0.010
3641.72950 17.067 0.013
3643.82794 17.090 0.014
3644.76859 16.965 0.009
3646.69964 17.021 0.012
3650.72085 17.162 0.012
3652.65597 17.051 0.010
3654.63430 16.957 0.010
3656.65798 16.941 0.010
3657.71569 17.064 0.012
3658.69298 16.899 0.012
3659.67331 17.168 0.017
3661.62201 17.325 0.017
3663.64496 17.012 0.013
3665.67727 17.034 0.012
3668.62641 17.064 0.012
3670.57713 17.457 0.018
3672.61658 17.152 0.013
3674.67542 17.104 0.010
3676.61585 16.964 0.010
3682.59255 16.855 0.012
3684.58548 16.916 0.009
3686.57536 16.945 0.010
3688.54843 17.016 0.012
3690.55431 17.026 0.013
3692.60689 17.361 0.016
3694.59344 17.170 0.013
3696.58957 17.065 0.010
3698.62818 16.975 0.014
3700.63333 16.949 0.012
3702.62424 16.891 0.010
3704.62477 16.873 0.010
3706.63964 16.889 0.009
3708.62106 16.913 0.012
3712.57756 17.044 0.012
3714.58024 17.305 0.014
3718.56370 17.037 0.013
3721.59590 16.977 0.014
3725.62476 17.092 0.012
3730.54901 16.919 0.009
3734.61972 17.004 0.010
3738.57175 17.199 0.016
3742.56894 16.998 0.014
3747.56968 17.131 0.017
3751.57748 17.091 0.018
3762.55545 17.117 0.018
3766.56068 16.972 0.010
3772.58746 16.894 0.010
3777.53478 16.920 0.013
3871.90682 16.945 0.014
3902.92716 17.054 0.013
3907.92195 17.118 0.013
3913.94752 16.980 0.012
3918.91736 17.069 0.012
3932.86852 16.863 0.010
3934.88688 16.909 0.010
3936.89519 16.986 0.010
3938.87926 16.986 0.012
3945.88616 16.909 0.009
3950.83105 16.924 0.010
3957.78658 16.965 0.016
3959.77600 16.977 0.012
3961.77017 16.900 0.013
3964.77840 17.438 0.012
3966.77066 17.064 0.010
3968.76436 17.002 0.010
3970.75601 16.945 0.009
3973.72534 17.247 0.013
3975.73760 17.206 0.013
3980.67286 16.992 0.012
3981.67260 16.948 0.010
3982.73693 16.986 0.014
3986.71028 17.406 0.016
3991.73950 16.985 0.012
3994.65190 16.899 0.010
3998.68230 16.900 0.013
4001.65311 16.959 0.009
4003.62454 16.929 0.009
4004.70432 17.014 0.010
4005.69850 16.900 0.009
4007.59176 16.875 0.009
4008.60065 17.282 0.010
4011.65112 16.934 0.010
4014.63354 16.922 0.013
4016.63035 16.928 0.012
4018.62675 16.879 0.010
4020.63020 16.923 0.012
4023.61607 16.974 0.012
4025.61641 16.970 0.010
4027.60452 16.882 0.010
4029.58684 16.883 0.010
4031.57393 16.912 0.009
4033.66816 16.891 0.010
4038.56335 16.887 0.012
4040.54361 16.889 0.012
4042.57152 16.848 0.010
4046.62763 16.942 0.014
4049.53950 16.879 0.009
4051.58914 16.882 0.010
4053.63652 16.878 0.009
4055.52920 16.961 0.013
4057.60456 16.989 0.013
4059.60298 17.015 0.010
4063.54979 17.187 0.012
4065.60009 17.108 0.010
4067.59093 16.964 0.010
4069.54378 16.934 0.012
4071.55461 16.878 0.010
4074.55072 17.393 0.017
4077.55245 16.905 0.010
4079.55264 16.960 0.012
4082.55395 16.924 0.010
4085.63130 17.207 0.016
4092.58677 17.014 0.009
4097.62930 16.862 0.013
4100.62076 17.089 0.013
4105.58477 17.086 0.012
4111.62120 17.014 0.009
4115.54066 16.930 0.012
4120.57159 17.133 0.012
4124.58863 16.947 0.010
4128.60700 16.874 0.010
4253.87645 16.917 0.018
4255.87472 16.876 0.013
4268.93305 16.899 0.012
4275.94799 16.969 0.016
4279.84483 16.892 0.016
4282.83623 16.966 0.013
4283.85527 16.980 0.016
4284.88571 16.994 0.016
4289.86032 17.440 0.018
4292.89358 16.902 0.012
4295.88706 16.955 0.012
4296.91754 16.974 0.010
4297.94949 16.946 0.017
4299.88435 16.897 0.010
4300.90609 17.161 0.013
4301.92463 16.893 0.010
4302.94653 17.381 0.021
4306.94324 17.043 0.017
4307.85783 16.995 0.012
4308.68603 16.886 0.012
4308.89396 16.906 0.012
4310.86610 16.919 0.013
4311.86598 17.362 0.025
4312.92813 16.878 0.010
4316.85511 16.948 0.014
4320.88244 17.026 0.014
4326.86466 17.028 0.014
4327.88694 16.939 0.016
4328.85696 16.987 0.014
4329.85769 16.970 0.014
4330.88763 16.929 0.013
4332.90380 16.906 0.013
4334.88084 16.878 0.014
4339.87743 16.987 0.016
4340.80413 16.965 0.013
4341.79696 16.916 0.013
4342.87120 17.030 0.014
4343.79056 16.881 0.013
4344.77263 17.161 0.014
4346.72889 17.164 0.014
4348.73472 16.983 0.012
4350.71139 16.950 0.010
4353.66950 17.092 0.014
4354.79087 16.895 0.012
4359.72850 17.025 0.013
4362.67613 16.995 0.017
4363.63544 16.909 0.013
4365.69381 16.851 0.014
4369.68775 16.931 0.016
4371.67675 16.955 0.014
4376.68020 16.900 0.013
4378.64686 16.918 0.013
4379.67813 17.110 0.016
4381.63727 17.021 0.016
4382.71584 16.962 0.012
4386.69009 17.064 0.013
4388.69084 17.171 0.014
4390.69965 17.291 0.014
4393.69415 16.954 0.013
4396.66875 16.921 0.013
4398.67374 16.909 0.013
4400.69824 16.894 0.013
4404.67526 16.969 0.014
4407.66312 16.934 0.013
4410.69303 17.162 0.014
4415.67937 16.934 0.012
4418.62491 16.907 0.012
4421.68272 17.308 0.016
4423.68716 17.151 0.016
4426.56336 16.957 0.014
4428.58005 16.979 0.017
4430.64021 17.046 0.016
4432.62615 17.179 0.014
4434.63138 17.297 0.016
4436.60773 17.000 0.013
4438.67037 17.018 0.017
4442.56500 16.889 0.014
4444.58976 16.856 0.016
4450.62223 16.956 0.017
4452.59974 17.074 0.014
4454.53681 17.190 0.017
4455.60889 16.896 0.013
4457.54444 16.931 0.016
4459.56451 16.930 0.016
4462.59595 16.925 0.013
4466.62009 16.898 0.014
4471.55474 16.964 0.014
4475.54881 16.890 0.012
4480.58984 17.033 0.014
4482.59678 16.977 0.017
4485.60664 17.006 0.018
4488.60208 16.875 0.016
4609.92442 17.030 0.014
4643.90859 16.972 0.014
4650.94747 16.869 0.014
4655.92692 16.930 0.012
4662.80529 17.020 0.012
4662.92211 17.090 0.012
4663.77690 16.953 0.014
4663.92474 16.926 0.014
4665.85001 16.971 0.014
4665.94382 16.970 0.016
4666.94299 16.950 0.016
4670.93211 16.897 0.012
4671.90202 17.414 0.018
4676.93232 16.943 0.016
4677.84795 16.919 0.010
4682.82234 17.165 0.014
4684.86024 17.087 0.014
4686.82021 16.980 0.010
4688.83616 16.934 0.010
4690.76180 16.891 0.010
4691.76483 17.199 0.014
4693.91978 17.459 0.025
4696.91654 16.910 0.017
4697.83195 17.022 0.017
4698.78154 16.972 0.010
4699.77568 16.922 0.012
4700.81039 17.028 0.012
4701.81829 16.912 0.012
4703.77751 16.882 0.012
4704.79624 17.176 0.012
4705.80375 16.873 0.012
4707.79617 16.925 0.010
4709.75197 16.991 0.012
4710.78053 16.954 0.010
4715.76054 17.370 0.017
4716.84376 16.913 0.010
4717.71370 17.004 0.012
4719.80110 17.023 0.013
4721.79398 16.933 0.013
4724.67650 17.406 0.020
4725.75601 16.890 0.012
4728.76153 17.132 0.013
4733.73816 17.059 0.012
4740.67973 16.950 0.013
4741.71508 17.001 0.010
4747.61931 16.902 0.012
4749.61897 16.904 0.013
4753.68996 17.003 0.018
4755.68198 17.023 0.013
4757.66644 17.154 0.013
4759.68115 17.367 0.013
4761.64956 17.016 0.010
4763.66680 17.020 0.014
4767.60768 16.896 0.013
4770.67628 17.154 0.018
4772.61399 17.067 0.012
4774.56856 16.948 0.013
4776.56013 16.924 0.012
4777.66209 17.042 0.012
4780.53078 16.872 0.012
4781.64473 17.378 0.016
4783.59386 17.011 0.014
4785.62927 17.003 0.016
4787.58141 16.915 0.016
4789.56033 16.883 0.010
4791.54190 16.878 0.013
4793.54926 16.915 0.013
4795.56197 16.953 0.010
4797.55423 16.993 0.012
4798.61755 16.935 0.013
4800.66494 16.883 0.012
4802.57402 16.882 0.012
4803.55605 17.258 0.014
4804.61115 16.855 0.014
4805.53878 16.991 0.013
4805.59798 17.031 0.013
4806.58287 16.924 0.013
4806.62294 16.895 0.013
4807.53582 16.960 0.016
4807.60948 17.019 0.017
4808.57861 16.968 0.013
4808.62014 16.967 0.013
4809.56515 16.918 0.012
4809.63423 16.936 0.012
4810.54278 17.042 0.014
4811.58703 16.891 0.013
4812.62761 17.181 0.021
4813.56398 16.847 0.013
4815.59989 16.891 0.013
4816.54697 17.039 0.013
4818.59723 16.976 0.013
4820.53874 16.949 0.013
4822.59545 16.900 0.012
4824.58028 16.889 0.013
4826.63995 16.871 0.012
4833.57937 16.908 0.012
4835.60259 16.870 0.012
4837.61352 16.881 0.016
4841.58992 16.923 0.014
4843.58411 17.032 0.017
4844.53978 16.872 0.012
4846.59322 16.887 0.012
4847.54394 17.408 0.024
4848.62944 16.885 0.012
4849.54099 17.030 0.016
4849.64449 17.120 0.014
4850.58423 16.919 0.013
4850.61693 16.922 0.012
4850.64737 16.894 0.012
4854.60822 16.995 0.012
4856.62540 17.073 0.013
4862.57329 16.997 0.012
4868.56364 16.879 0.012
4948.92118 17.035 0.014
4954.92531 17.039 0.018
