2104.88015 16.823 0.011
2112.92050 17.084 0.012
2115.89654 17.075 0.016
2116.92441 16.887 0.012
2117.88280 16.822 0.011
2122.86443 16.862 0.014
2123.87839 16.817 0.011
2124.93287 16.833 0.017
2128.87832 17.136 0.018
2130.81712 16.839 0.011
2131.81013 17.056 0.014
2132.85489 16.825 0.012
2133.86739 16.837 0.014
2134.86050 16.992 0.014
2135.89742 16.876 0.011
2136.90121 16.834 0.014
2140.86393 16.818 0.012
2141.77415 16.863 0.014
2142.87404 16.827 0.014
2143.88310 16.806 0.013
2144.79872 16.916 0.011
2156.72451 17.094 0.017
2160.80374 16.994 0.013
2162.81406 16.842 0.011
2166.80491 17.091 0.013
2167.73814 16.836 0.011
2168.76273 16.833 0.011
2172.80103 16.890 0.011
2173.75706 16.859 0.010
2174.74079 16.806 0.010
2177.68892 16.808 0.013
2184.75021 16.837 0.014
2186.73851 16.870 0.016
2187.65851 16.824 0.016
2189.74013 16.837 0.014
2190.74023 16.819 0.012
2191.64436 17.175 0.013
2192.70825 16.862 0.009
2193.73545 16.813 0.010
2194.70029 16.836 0.011
2200.71467 16.825 0.011
2203.60292 16.840 0.012
2206.65263 16.836 0.013
2208.69672 16.846 0.012
2211.70464 16.948 0.013
2212.69125 16.814 0.012
2214.69127 17.037 0.018
2215.72725 16.815 0.014
2217.68642 17.153 0.017
2219.72340 16.824 0.014
2222.77270 16.828 0.016
2223.67776 16.956 0.016
2228.60369 16.822 0.011
2230.54177 16.847 0.013
2232.55478 16.956 0.012
2234.59680 16.824 0.011
2236.58602 17.022 0.013
2239.53357 16.947 0.014
2241.57835 16.828 0.011
2243.61670 16.850 0.012
2249.57288 16.885 0.011
2251.62684 16.822 0.011
2254.58061 16.854 0.012
2256.59795 16.863 0.016
2259.61878 16.847 0.013
2262.62526 16.960 0.014
2264.61320 16.855 0.012
2266.61713 16.816 0.013
2271.59206 17.080 0.014
2273.59129 16.828 0.014
2276.58597 16.844 0.013
2280.57988 16.882 0.013
2285.57584 16.842 0.011
2289.61168 16.820 0.011
2291.61693 16.862 0.010
2293.61336 16.863 0.011
2295.61006 16.845 0.012
2297.61462 17.125 0.014
2299.60926 16.848 0.013
2301.60080 16.860 0.014
2453.88795 17.019 0.019
2460.93465 16.863 0.017
2464.89199 16.809 0.011
2466.88549 16.919 0.016
2468.87974 16.852 0.012
2470.87073 16.831 0.011
2472.89082 17.064 0.012
2481.87633 16.870 0.017
2483.93777 16.842 0.012
2486.93850 16.828 0.014
2489.82052 16.815 0.011
2490.81676 16.856 0.016
2496.80048 16.805 0.011
2497.82277 16.898 0.013
2498.82307 16.848 0.012
2499.90810 16.815 0.011
2500.91648 16.822 0.012
2501.91118 17.113 0.014
2502.88328 16.843 0.013
2508.79388 16.842 0.018
2516.82627 16.833 0.013
2517.87328 17.130 0.016
2518.84754 16.820 0.012
2519.79884 16.847 0.011
2520.84100 17.148 0.014
2521.79160 16.824 0.012
2524.79451 16.816 0.013
2526.82647 16.914 0.010
2529.78500 16.927 0.011
2535.74461 16.847 0.012
2537.75111 16.824 0.016
2538.85159 16.827 0.014
2539.74700 17.088 0.014
2540.79179 16.870 0.017
2541.75901 16.829 0.012
2542.72867 17.118 0.013
2544.71085 16.838 0.011
2545.72215 17.147 0.014
2547.74029 16.843 0.012
2548.76046 16.845 0.012
2550.75560 16.812 0.010
2551.74273 16.856 0.012
2552.75810 17.024 0.012
2553.69890 16.822 0.014
2554.75125 16.833 0.011
2555.75922 17.096 0.014
2556.73845 16.816 0.011
2557.75078 16.837 0.011
2558.70733 17.129 0.013
2559.66429 16.834 0.012
2560.69739 16.813 0.011
2561.74295 16.982 0.016
2562.71559 16.825 0.012
2563.72363 16.814 0.012
2564.74001 16.865 0.013
2565.73491 16.861 0.012
2566.71390 16.813 0.013
2571.70216 16.999 0.016
2572.76963 16.843 0.014
2573.70779 16.851 0.014
2574.68749 17.066 0.013
2576.73195 16.824 0.012
2577.69019 17.129 0.016
2578.67524 16.838 0.014
2579.68541 16.813 0.013
2580.69368 16.966 0.012
2583.66992 16.931 0.014
2584.67222 16.843 0.012
2587.65751 16.905 0.013
2588.66941 16.826 0.012
2589.66249 16.853 0.012
2590.67036 17.115 0.016
2591.69812 16.850 0.012
2593.65493 17.130 0.016
2594.66146 16.825 0.013
2596.63413 17.084 0.017
2597.62298 16.895 0.017
2598.70168 16.821 0.013
2599.66221 16.877 0.016
2608.56289 16.870 0.014
2610.59948 16.834 0.013
2613.59088 16.842 0.016
2615.62649 16.981 0.016
2620.59687 16.807 0.012
2622.54465 16.843 0.012
2625.59803 17.065 0.020
2629.53785 16.826 0.013
2632.57591 16.822 0.011
2636.57235 16.839 0.013
2639.57162 16.818 0.012
2643.54459 16.853 0.012
2649.55003 16.824 0.012
2651.58786 16.869 0.016
2655.54767 16.826 0.014
2658.55950 16.825 0.017
2661.57617 16.859 0.011
2665.53905 16.825 0.013
2669.56520 16.828 0.012
2674.54997 16.823 0.013
2676.57011 17.079 0.013
2677.53331 16.831 0.017
2680.54056 16.859 0.016
2683.56478 16.869 0.017
2804.84270 16.851 0.018
2805.89912 16.869 0.020
2811.95213 16.841 0.023
2815.92597 16.832 0.012
2818.93855 16.828 0.012
2829.87262 17.124 0.016
2831.86515 16.823 0.013
2832.81614 17.037 0.016
2833.91475 16.850 0.014
2835.90349 16.913 0.013
2837.90922 16.845 0.018
2840.89262 16.808 0.012
2843.87863 16.836 0.011
2844.91992 16.814 0.011
2848.82660 17.131 0.020
2849.90464 16.852 0.012
2850.93618 16.821 0.013
2852.86483 16.861 0.014
2854.87617 16.871 0.012
2857.88348 16.859 0.013
2859.87077 16.836 0.011
2860.92313 16.829 0.011
2861.79488 16.935 0.012
2862.88097 16.865 0.013
2863.88287 16.832 0.016
2865.80530 16.842 0.013
2867.79478 17.167 0.014
2868.83541 16.860 0.012
2869.85601 16.840 0.013
2870.86351 16.852 0.012
2872.78757 16.823 0.011
2875.85476 16.838 0.012
2876.88074 16.846 0.014
2877.85314 17.124 0.013
2879.81793 16.833 0.010
2884.76798 16.825 0.011
2886.78076 17.047 0.014
2890.73969 16.849 0.017
2893.79129 17.034 0.014
2895.80215 16.832 0.011
2897.74972 16.816 0.012
2899.78203 17.146 0.012
2903.80074 16.829 0.009
2906.74949 16.872 0.011
2908.72650 16.873 0.012
2910.72139 16.812 0.012
2912.72731 16.988 0.011
2916.73996 16.828 0.010
2918.71701 17.164 0.014
2922.71660 16.849 0.013
2924.71588 16.884 0.012
2926.65153 16.835 0.013
2929.71289 16.829 0.012
2931.68882 17.042 0.012
2933.70097 16.831 0.010
2935.66390 16.846 0.013
2937.68902 17.095 0.014
2939.66722 16.823 0.012
2940.68149 16.942 0.011
2941.65720 16.840 0.010
2942.68480 16.821 0.012
2943.65353 16.918 0.012
2944.63726 16.837 0.014
2946.63586 16.857 0.012
2947.66383 16.986 0.014
2949.64469 16.847 0.011
2950.59619 16.907 0.012
2951.67708 16.850 0.013
2953.62491 17.094 0.014
2955.60987 16.856 0.016
2957.62355 16.844 0.011
2960.64371 16.871 0.011
2965.68043 16.821 0.011
2968.64295 16.827 0.013
2971.65073 16.819 0.012
2973.63924 16.846 0.012
2975.53604 17.148 0.016
2977.63169 16.823 0.016
2979.61197 16.909 0.016
2982.56656 16.889 0.013
2986.60784 16.824 0.012
2988.58030 17.165 0.014
2990.59915 16.811 0.012
2993.60193 16.817 0.011
2997.54793 16.867 0.012
3000.60514 16.842 0.012
3003.58064 16.846 0.013
3006.57024 16.810 0.010
3009.56358 16.829 0.013
3013.57023 16.859 0.013
3017.56465 17.114 0.014
3020.53981 17.171 0.014
3022.56724 16.835 0.013
3024.56644 16.859 0.012
3026.53648 16.941 0.013
3028.53739 16.831 0.014
3030.54048 16.925 0.012
3032.55843 16.860 0.013
3034.55795 16.855 0.011
3038.54878 16.849 0.013
3179.94009 16.845 0.011
3184.90394 16.835 0.013
3193.92701 16.854 0.011
3196.89901 16.914 0.012
3202.89156 17.165 0.014
3203.93144 16.842 0.010
3206.87433 16.828 0.012
3210.94082 16.838 0.011
3211.85695 16.941 0.013
3216.77663 16.836 0.014
3217.82652 16.856 0.014
3224.82348 17.114 0.012
3228.80135 16.875 0.013
3230.77484 17.043 0.012
3238.80595 16.826 0.012
3239.84507 16.839 0.011
3240.84224 17.078 0.017
3241.78420 16.869 0.011
3242.77484 16.821 0.013
3243.89800 16.860 0.012
3244.87669 16.975 0.016
3245.82419 16.826 0.011
3246.82106 16.883 0.013
3247.82528 16.931 0.012
3249.77873 16.873 0.013
3251.79130 16.831 0.010
3254.77742 16.855 0.010
3257.80449 16.851 0.010
3261.75039 16.843 0.010
3263.74738 16.848 0.009
3265.77500 16.876 0.012
3267.75544 16.851 0.010
3270.70913 16.827 0.011
3271.71183 16.870 0.012
3273.67034 16.837 0.013
3275.66513 16.966 0.016
3276.75916 16.822 0.013
3277.79803 16.847 0.011
3279.72955 16.863 0.011
3281.69535 17.013 0.011
3283.68978 16.807 0.009
3287.65607 16.856 0.010
3289.67090 16.827 0.010
3291.60927 16.861 0.011
3294.62585 17.005 0.012
3296.59218 16.899 0.011
3300.60260 17.131 0.014
3302.58362 16.830 0.012
3305.67963 16.832 0.011
3307.59618 16.845 0.014
3309.61692 16.879 0.011
3311.57244 16.823 0.011
3314.61610 16.851 0.013
3320.64939 16.900 0.011
3323.60180 16.883 0.011
3327.62986 16.856 0.011
3330.60116 16.849 0.012
3335.64575 16.896 0.017
3338.55259 16.944 0.013
3350.56392 16.832 0.010
3357.60213 16.852 0.012
3361.60041 17.124 0.013
3363.60672 16.842 0.014
3369.58365 16.841 0.010
3372.59961 16.829 0.010
3376.57564 16.831 0.011
3380.56197 17.082 0.014
3386.60882 16.860 0.010
3395.56081 16.813 0.014
3399.58462 16.866 0.013
3402.60155 16.828 0.011
3543.91768 17.123 0.016
3551.94034 16.813 0.012
3558.92226 16.838 0.012
3562.91301 17.109 0.011
3568.90457 16.882 0.011
3570.86619 16.831 0.013
3571.85269 16.913 0.016
3573.89807 16.819 0.013
3575.85790 16.994 0.011
3577.91446 16.869 0.011
3579.85536 16.823 0.010
3581.92430 16.895 0.012
3582.87668 16.857 0.011
3583.89577 16.824 0.010
3584.86832 16.956 0.012
3585.85657 16.851 0.009
3586.88604 16.816 0.008
3588.88421 17.030 0.012
3590.84281 16.855 0.009
3592.80312 16.817 0.009
3594.84391 17.156 0.011
3600.93294 16.848 0.014
3603.75602 17.095 0.013
3608.81265 16.835 0.010
3614.84444 16.853 0.010
3615.84927 16.831 0.010
3618.82891 16.828 0.010
3620.85538 17.012 0.011
3622.80940 16.863 0.011
3625.75535 16.876 0.010
3628.77691 16.844 0.012
3630.69236 16.832 0.012
3632.66953 16.917 0.017
3634.70451 16.837 0.010
3637.70529 16.841 0.011
3640.67160 16.846 0.009
3644.70610 16.884 0.009
3646.72366 16.825 0.012
3650.73940 16.827 0.010
3652.68087 16.859 0.010
3654.65664 17.128 0.012
3656.70987 16.843 0.010
3657.73801 16.876 0.011
3658.71155 16.870 0.012
3659.69593 16.857 0.012
3660.70158 16.835 0.012
3663.69235 16.858 0.012
3665.72062 16.824 0.012
3668.64917 16.833 0.011
3668.67173 16.857 0.011
3670.66036 17.195 0.017
3672.59307 16.849 0.012
3674.75237 17.012 0.011
3676.63864 16.947 0.011
3682.61528 16.866 0.011
3684.63261 16.838 0.010
3686.59829 17.024 0.012
3688.57126 16.860 0.011
3690.58498 16.862 0.012
3693.58210 16.854 0.012
3695.57768 17.001 0.012
3698.55910 16.908 0.016
3701.60180 16.836 0.011
3703.61243 16.837 0.009
3705.58462 17.118 0.011
3707.58509 16.844 0.011
3712.60004 16.892 0.011
3715.55827 16.890 0.010
3719.63723 16.849 0.012
3722.58415 16.849 0.012
3725.66423 17.004 0.013
3730.56743 16.829 0.009
3735.57007 16.808 0.011
3739.56976 16.850 0.010
3743.54543 16.929 0.012
3748.54931 16.883 0.016
3753.54697 17.172 0.019
3758.56888 16.842 0.012
3762.57544 16.866 0.012
3768.53542 16.849 0.012
3773.53226 16.886 0.013
3777.55821 16.809 0.011
3871.92860 17.120 0.019
3902.94547 16.837 0.016
3907.94047 16.867 0.013
3915.91631 16.876 0.010
3918.93557 16.831 0.011
3933.82326 16.829 0.011
3934.90525 16.854 0.011
3936.91349 16.860 0.011
3938.89769 17.053 0.012
3945.86747 16.839 0.010
3950.84919 16.843 0.010
3957.80483 17.126 0.020
3959.80331 16.856 0.012
3961.78949 16.855 0.012
3964.79665 16.852 0.009
3966.78887 16.881 0.010
3968.78241 16.837 0.011
3970.77404 16.964 0.010
3973.74502 17.043 0.013
3975.75834 16.845 0.011
3980.69083 16.859 0.011
3981.69072 16.849 0.010
3982.75504 16.904 0.013
3986.73222 16.908 0.012
3989.82929 17.028 0.013
3991.77048 16.838 0.011
3994.67152 16.863 0.011
4001.67118 17.036 0.011
4003.64289 16.826 0.010
4004.73144 16.855 0.010
4005.71671 17.016 0.011
4007.60991 16.942 0.012
4008.61896 16.841 0.009
4011.66935 17.161 0.013
4014.66730 17.081 0.014
4016.64859 16.827 0.011
4018.64490 16.864 0.012
4020.68384 16.867 0.011
4023.63431 16.881 0.012
4025.63467 16.831 0.011
4027.62281 16.999 0.012
4029.60503 16.861 0.011
4031.59201 16.841 0.010
4036.62740 16.949 0.010
4038.58172 16.814 0.010
4040.56170 16.840 0.012
4042.63105 16.848 0.011
4044.67368 16.892 0.017
4047.58513 16.833 0.012
4049.55773 17.119 0.011
4051.60729 16.835 0.010
4053.61827 16.839 0.009
4055.54750 17.036 0.017
4057.58657 16.845 0.014
4059.62111 17.078 0.012
4063.61247 16.855 0.010
4066.52737 16.842 0.011
4068.59474 16.957 0.011
4071.53588 17.008 0.013
4074.57108 16.878 0.011
4077.62376 16.846 0.013
4079.57084 16.830 0.010
4083.57835 16.834 0.012
4087.60027 16.866 0.010
4095.56413 16.867 0.010
4095.60117 16.869 0.010
4098.58319 16.877 0.013
4102.55534 16.854 0.012
4107.55947 17.049 0.012
4112.55989 16.863 0.011
4119.54944 16.897 0.012
4122.57575 16.879 0.012
4128.57587 16.829 0.012
4253.89912 17.009 0.019
4255.91774 16.827 0.014
4258.93449 16.826 0.016
4273.92083 16.975 0.019
4279.77400 16.846 0.018
4282.74731 16.849 0.014
4282.91158 17.024 0.013
4283.83833 16.846 0.014
4284.90611 16.830 0.013
4289.87719 16.889 0.013
4292.91048 17.109 0.012
4295.90441 17.140 0.013
4296.93867 16.853 0.010
4298.85770 17.108 0.016
4299.90120 16.831 0.010
4300.92303 16.805 0.011
4301.94185 16.863 0.011
4303.83258 16.829 0.011
4307.72959 17.194 0.016
4308.70336 16.841 0.013
4308.91122 17.160 0.013
4310.88329 16.817 0.013
4311.88481 17.108 0.020
4314.81377 17.106 0.016
4316.87345 16.819 0.012
4320.85715 16.890 0.012
4326.88154 16.844 0.012
4327.90507 17.041 0.017
4328.87506 16.844 0.014
4329.87448 16.822 0.012
4330.90570 16.882 0.013
4332.92196 16.839 0.012
4334.91525 17.027 0.017
4339.86996 16.871 0.013
4340.82220 16.969 0.014
4341.81506 16.824 0.013
4342.88933 16.830 0.013
4343.80864 17.049 0.014
4344.79079 16.826 0.011
4346.76707 17.037 0.013
4348.75279 16.831 0.011
4350.72959 16.834 0.011
4353.68772 16.848 0.013
4355.74627 16.959 0.013
4358.68962 17.051 0.014
4359.74685 16.910 0.011
4362.69719 16.874 0.014
4365.67119 16.934 0.016
4369.72798 16.829 0.014
4371.69496 17.147 0.016
4376.69832 16.807 0.011
4378.66502 16.864 0.012
4379.69629 16.842 0.014
4381.65548 16.867 0.013
4383.68398 16.844 0.011
4386.70858 16.822 0.012
4388.70887 16.822 0.011
4390.71781 16.885 0.012
4394.60541 16.848 0.012
4396.68883 16.855 0.012
4398.69193 16.829 0.013
4402.67698 16.844 0.012
4404.69344 16.858 0.014
4407.70196 16.864 0.013
4409.71754 16.852 0.012
4411.71266 16.836 0.011
4415.71651 16.837 0.012
4417.66651 16.853 0.011
4420.65292 16.833 0.012
4422.68494 16.897 0.012
4424.68205 16.815 0.013
4427.56778 16.807 0.012
4429.61089 16.909 0.018
4431.59800 16.849 0.013
4433.60388 16.819 0.013
4435.59222 17.114 0.014
4438.65230 16.918 0.013
4440.62180 16.827 0.012
4442.58325 16.858 0.013
4444.60797 16.868 0.017
4452.61818 16.827 0.011
4454.63838 16.940 0.013
4455.58045 16.857 0.012
4457.58935 16.954 0.019
4460.54375 16.993 0.013
4463.60727 16.834 0.012
4467.59008 17.189 0.018
4470.58948 17.031 0.013
4474.63604 16.979 0.014
4476.61436 16.842 0.011
4481.62207 16.863 0.013
4483.64070 16.934 0.014
4485.62217 16.827 0.014
4488.62279 16.827 0.017
4492.61304 16.853 0.013
4643.92671 16.846 0.013
4655.90888 17.085 0.012
4661.92269 16.855 0.012
4662.84626 16.861 0.010
4662.94413 17.079 0.012
4663.79500 16.820 0.014
4665.86815 16.924 0.014
4671.84655 17.093 0.014
4677.86593 16.899 0.011
4682.84035 16.827 0.012
4684.87836 17.101 0.012
4686.83832 16.854 0.010
4688.85456 16.848 0.010
4690.77989 17.091 0.012
4691.78322 16.834 0.012
4694.82950 16.878 0.016
4697.77385 16.863 0.014
4699.79488 16.855 0.011
4700.82877 17.061 0.012
4701.83645 16.856 0.011
4703.79565 17.050 0.013
4704.81438 16.839 0.011
4705.82199 16.853 0.014
4707.83940 16.857 0.010
4709.77020 17.100 0.012
4715.77878 16.857 0.011
4717.73337 16.815 0.011
4720.71224 16.820 0.011
4722.72748 16.979 0.011
4725.73268 17.149 0.014
4730.72325 16.815 0.009
4730.78595 16.839 0.010
4733.75817 16.821 0.010
4736.67487 16.823 0.012
4737.78245 16.842 0.010
4738.76766 17.160 0.014
4739.62192 16.840 0.014
4740.64989 16.867 0.012
4740.70075 16.847 0.011
4741.66360 16.966 0.011
4743.69745 16.841 0.011
4747.58202 16.974 0.014
4748.63104 16.808 0.011
4748.68621 16.850 0.012
4749.65155 16.821 0.013
4750.71907 16.844 0.016
4753.62052 16.996 0.016
4754.59359 16.863 0.016
4754.64462 16.857 0.014
4755.62647 16.814 0.012
4756.65422 16.866 0.012
4757.60705 16.851 0.011
4758.63443 16.855 0.010
4759.62854 16.849 0.011
4760.62110 16.982 0.012
4762.61090 16.840 0.012
4767.64649 16.853 0.012
4770.69477 17.029 0.016
4772.63213 16.851 0.012
4774.60762 16.832 0.011
4776.57940 16.937 0.014
4778.58077 16.836 0.011
4780.57801 16.816 0.012
4782.55091 17.092 0.014
4783.61250 16.895 0.013
4786.53282 16.825 0.013
4787.59991 16.825 0.018
4789.57864 16.864 0.011
4791.56020 16.868 0.012
4793.56755 16.805 0.011
4795.58042 17.106 0.012
4797.57259 16.849 0.013
4798.63582 16.927 0.012
4801.53706 17.160 0.013
4802.62452 16.896 0.013
4803.59645 16.817 0.011
4805.53146 16.840 0.014
4807.55819 16.863 0.014
4809.58333 16.837 0.011
4811.60524 17.109 0.014
4814.56307 17.137 0.016
4818.57919 16.843 0.012
4820.55718 16.921 0.013
4822.61397 16.828 0.011
4824.59880 17.103 0.016
4831.57041 16.823 0.012
4833.59828 16.862 0.011
4835.62100 16.855 0.014
4839.62403 16.870 0.014
4842.59068 16.836 0.013
4844.60113 16.828 0.013
4847.65535 16.992 0.020
4849.61534 16.854 0.012
4853.61260 17.149 0.016
4854.54170 16.844 0.012
4855.62582 16.831 0.016
4856.53299 16.982 0.013
4859.52760 17.146 0.023
4862.52504 17.117 0.020
4862.52865 17.101 0.016
4862.58499 16.923 0.011
4862.59963 16.865 0.011
4863.53531 16.829 0.010
4864.52963 16.813 0.016
4864.56974 16.819 0.010
4865.52740 16.976 0.017
4865.57255 16.857 0.012
4866.53437 16.892 0.017
4866.54343 16.870 0.014
4866.57465 16.922 0.014
4867.58212 16.851 0.012
4868.54477 16.855 0.012
4868.58178 16.860 0.012
4870.52433 16.827 0.016
4871.52270 16.873 0.018
4874.51953 16.848 0.018
4876.54323 16.833 0.011
4947.92041 16.832 0.013
4953.92420 16.851 0.013
