2085.90914 18.281 0.057
2086.88843 18.422 0.053
2103.89525 18.340 0.030
2105.92315 18.383 0.040
2106.89098 18.345 0.043
2112.84336 18.437 0.037
2116.87111 18.382 0.037
2123.81803 18.279 0.038
2124.83847 18.339 0.077
2128.82553 18.327 0.045
2129.85750 18.298 0.039
2130.84387 18.593 0.056
2131.83748 18.330 0.042
2132.80627 18.316 0.047
2133.89460 18.328 0.056
2134.81000 18.388 0.054
2135.84408 18.387 0.050
2137.89208 18.376 0.053
2140.81134 18.309 0.040
2142.75205 18.288 0.038
2143.81755 18.551 0.044
2144.82425 18.338 0.031
2155.87863 18.269 0.055
2156.82521 18.625 0.059
2160.75460 18.262 0.043
2162.76139 18.268 0.034
2166.75600 18.395 0.036
2167.76446 18.365 0.035
2168.71363 18.362 0.038
2171.73955 18.296 0.032
2172.74617 18.341 0.037
2177.63966 18.563 0.052
2184.70130 18.198 0.044
2185.66480 18.247 0.042
2186.68965 18.420 0.062
2187.68483 18.263 0.048
2188.73199 18.294 0.042
2190.69136 18.438 0.042
2191.66474 18.357 0.039
2192.66325 18.314 0.030
2193.68432 18.382 0.030
2194.65442 18.303 0.033
2203.55089 18.590 0.056
2206.60721 18.248 0.055
2211.64130 18.335 0.041
2212.64513 18.361 0.041
2213.65095 18.314 0.046
2214.64214 18.293 0.050
2215.64912 18.283 0.039
2217.63582 18.334 0.047
2219.67868 18.363 0.040
2224.71356 18.508 0.043
2226.63643 18.231 0.052
2228.55833 18.271 0.040
2229.61659 18.293 0.042
2231.64326 18.352 0.044
2232.50999 18.292 0.057
2233.61341 18.310 0.039
2235.66353 18.356 0.034
2238.54707 18.320 0.042
2240.65138 18.327 0.042
2242.61889 18.367 0.049
2248.60354 18.291 0.029
2250.57686 18.443 0.039
2253.57050 18.335 0.031
2255.60716 18.269 0.039
2258.57346 18.419 0.038
2263.58419 18.565 0.046
2266.55498 18.260 0.042
2271.56456 18.688 0.054
2273.56390 18.376 0.062
2275.59883 18.358 0.045
2276.55838 18.593 0.070
2278.59096 18.316 0.042
2280.58682 18.366 0.046
2284.58970 18.528 0.049
2290.60368 18.285 0.040
2293.56596 18.311 0.040
2295.55870 18.356 0.042
2297.56199 18.365 0.056
2299.56109 18.342 0.050
2301.55335 18.285 0.050
2445.91192 18.293 0.050
2460.87884 18.355 0.063
2463.91518 18.286 0.039
2465.92794 18.586 0.046
2467.90093 18.309 0.038
2469.90031 18.317 0.036
2471.88975 18.295 0.035
2472.91922 18.337 0.034
2473.89113 18.313 0.035
2481.90282 18.316 0.052
2483.88864 18.613 0.042
2486.88565 18.338 0.045
2488.87656 18.325 0.057
2489.92299 18.362 0.046
2492.90335 18.347 0.037
2495.89338 18.360 0.046
2496.90310 18.516 0.043
2497.92651 18.351 0.039
2498.77378 18.306 0.040
2499.85936 18.315 0.035
2500.86493 18.336 0.035
2501.85389 18.343 0.034
2502.83412 18.321 0.041
2508.74536 18.386 0.068
2516.77666 18.385 0.053
2517.82340 18.340 0.043
2518.79484 18.424 0.044
2519.83174 18.320 0.035
2520.79113 18.290 0.036
2521.82327 18.353 0.034
2524.82152 18.281 0.055
2526.77770 18.359 0.031
2534.83408 18.232 0.042
2535.81429 18.487 0.041
2537.70207 18.403 0.059
2538.79803 18.477 0.048
2539.70185 18.356 0.044
2540.74273 18.268 0.068
2541.71375 18.332 0.036
2542.68354 18.360 0.037
2544.66208 18.358 0.036
2545.67711 18.388 0.034
2547.69512 18.384 0.040
2548.71156 18.608 0.040
2550.70669 18.350 0.037
2553.64905 18.403 0.064
2554.70257 18.326 0.037
2555.71050 18.294 0.036
2556.68952 18.335 0.036
2557.70206 18.361 0.030
2558.65854 18.374 0.043
2559.61544 18.371 0.045
2560.64850 18.368 0.038
2561.67405 18.562 0.091
2562.66694 18.314 0.041
2563.67487 18.339 0.041
2564.69026 18.462 0.043
2565.68116 18.357 0.040
2566.66144 18.303 0.037
2568.69242 18.376 0.062
2571.64511 18.394 0.059
2573.65854 18.329 0.055
2574.64237 18.500 0.053
2577.62924 18.430 0.056
2578.62931 18.368 0.041
2579.63596 18.505 0.090
2580.64808 18.371 0.047
2583.61939 18.363 0.052
2584.62675 18.341 0.042
2586.62397 18.318 0.038
2587.60838 18.534 0.050
2588.71680 18.303 0.040
2589.59832 18.354 0.042
2590.61345 18.474 0.053
2591.63659 18.314 0.038
2593.60559 18.321 0.036
2594.60936 18.308 0.050
2596.58489 18.377 0.054
2597.57206 18.414 0.046
2598.64593 18.618 0.058
2599.60541 18.410 0.057
2607.62660 18.294 0.052
2610.54642 18.385 0.058
2613.54032 18.398 0.053
2615.56917 18.374 0.047
2619.55687 18.326 0.053
2621.56577 18.283 0.039
2625.54841 18.299 0.057
2628.54178 18.392 0.075
2632.54820 18.294 0.043
2636.54337 18.388 0.055
2639.54386 18.349 0.047
2642.55261 18.568 0.070
2646.56543 18.291 0.046
2651.53746 18.410 0.072
2654.55527 18.337 0.056
2657.55813 18.408 0.054
2660.55391 18.314 0.047
2671.55158 18.340 0.050
2673.56338 18.301 0.056
2676.52475 18.338 0.064
2679.53811 18.403 0.047
2682.54043 18.277 0.053
2777.90295 18.227 0.050
2804.86989 18.359 0.057
2811.90436 18.226 0.061
2814.94001 18.343 0.040
2817.92658 18.307 0.043
2825.90438 18.539 0.052
2831.78143 18.439 0.054
2832.74739 18.348 0.047
2832.92536 18.233 0.037
2833.86530 18.282 0.049
2835.87395 18.412 0.044
2837.87502 18.309 0.064
2838.93218 18.295 0.055
2840.82492 18.396 0.054
2843.82636 18.322 0.037
2844.87219 18.371 0.040
2845.91818 18.292 0.045
2849.85561 18.609 0.055
2850.88837 18.309 0.043
2851.93194 18.301 0.047
2852.80262 18.420 0.050
2853.94203 18.330 0.044
2856.81529 18.366 0.047
2858.90934 18.339 0.033
2860.87534 18.321 0.036
2861.74651 18.328 0.033
2862.92552 18.324 0.045
2863.83472 18.372 0.057
2865.83162 18.364 0.040
2866.88126 18.354 0.050
2867.82127 18.326 0.033
2868.76894 18.343 0.039
2869.90194 18.351 0.041
2870.81554 18.319 0.032
2871.85846 18.375 0.039
2875.79802 18.546 0.056
2876.77573 18.323 0.035
2877.79763 18.315 0.034
2879.73926 18.329 0.030
2883.82540 18.303 0.031
2885.76020 18.419 0.040
2888.80852 18.336 0.039
2892.79988 18.309 0.053
2894.72904 18.378 0.044
2896.72614 18.351 0.034
2898.74712 18.272 0.032
2900.74596 18.335 0.029
2902.74548 18.322 0.031
2905.75268 18.354 0.034
2907.75408 18.331 0.030
2909.74319 18.310 0.026
2911.73455 18.343 0.027
2915.70602 18.319 0.032
2917.73213 18.635 0.039
2921.72988 18.361 0.042
2923.75183 18.300 0.042
2925.71480 18.498 0.038
2927.71233 18.348 0.039
2930.73038 18.698 0.052
2932.73689 18.376 0.038
2934.71672 18.357 0.032
2937.64073 18.369 0.039
2939.69337 18.347 0.036
2940.63350 18.357 0.029
2941.68332 18.315 0.030
2942.63345 18.389 0.039
2943.60468 18.449 0.046
2944.58927 18.216 0.033
2945.60604 18.354 0.059
2947.61554 18.318 0.041
2949.59685 18.323 0.037
2950.64160 18.335 0.034
2951.62878 18.580 0.052
2952.65771 18.297 0.045
2954.68263 18.271 0.043
2956.62862 18.661 0.036
2958.62303 18.376 0.043
2961.59410 18.305 0.060
2968.59386 18.380 0.042
2970.61311 18.349 0.035
2972.59760 18.331 0.036
2974.59835 18.348 0.037
2976.54805 18.387 0.042
2978.57415 18.395 0.059
2980.59102 18.307 0.053
2982.53624 18.544 0.049
2984.62711 18.346 0.049
2986.63724 18.376 0.044
2988.52960 18.314 0.063
2991.60267 18.281 0.034
2994.58439 18.453 0.041
2997.55718 18.372 0.036
3001.57363 18.333 0.039
3005.53170 18.418 0.070
3008.55336 18.545 0.064
3008.55802 18.525 0.065
3011.56139 18.443 0.057
3016.58805 18.233 0.041
3018.57452 18.509 0.047
3020.60257 18.330 0.034
3021.61538 18.340 0.028
3023.57128 18.328 0.034
3025.56979 18.282 0.042
3027.60330 18.350 0.036
3029.57520 18.385 0.040
3031.57974 18.321 0.039
3033.58211 18.340 0.038
3037.52913 18.518 0.061
3164.92956 18.259 0.037
3177.91731 18.461 0.055
3183.91153 18.379 0.039
3193.87929 18.457 0.045
3195.93849 18.309 0.033
3197.91395 18.330 0.037
3201.87137 18.486 0.043
3203.87932 18.310 0.026
3206.81719 18.286 0.037
3210.89322 18.417 0.040
3211.88465 18.377 0.033
3215.66076 18.550 0.065
3216.72877 18.362 0.055
3217.92930 18.337 0.044
3218.91393 18.744 0.084
3223.83478 18.423 0.044
3226.82503 18.371 0.041
3229.83216 18.370 0.033
3231.81430 18.603 0.065
3239.79267 18.451 0.038
3240.78993 18.322 0.045
3241.81429 18.398 0.035
3242.71361 18.230 0.035
3243.85006 18.419 0.042
3244.82725 18.676 0.065
3245.77639 18.361 0.046
3246.76884 18.349 0.056
3247.76260 18.335 0.040
3249.72731 18.457 0.048
3251.74083 18.362 0.030
3254.72795 18.397 0.033
3257.74436 18.541 0.031
3259.66354 18.345 0.036
3261.70164 18.377 0.029
3263.68434 18.331 0.027
3265.71873 18.402 0.027
3267.70757 18.513 0.032
3269.78399 18.360 0.049
3270.74081 18.712 0.053
3271.66364 18.284 0.036
3272.72083 18.294 0.032
3274.70670 18.388 0.039
3276.71113 18.298 0.044
3277.74427 18.353 0.037
3279.67659 18.331 0.035
3281.64027 18.401 0.033
3283.64171 18.518 0.028
3287.60793 18.346 0.034
3289.61900 18.416 0.035
3293.59579 18.455 0.033
3295.61458 18.289 0.023
3297.59633 18.320 0.025
3299.65270 18.281 0.027
3301.62694 18.380 0.041
3303.68919 18.353 0.040
3306.62174 18.404 0.029
3308.60946 18.373 0.048
3310.60859 18.290 0.036
3312.65261 18.375 0.038
3314.56347 18.278 0.045
3320.60130 18.325 0.032
3327.55626 18.334 0.036
3330.55049 18.627 0.052
3335.59532 18.462 0.050
3338.59893 18.447 0.035
3349.59526 18.292 0.031
3353.57435 18.291 0.036
3359.55088 18.332 0.037
3363.55822 18.263 0.040
3367.61754 18.399 0.041
3372.54829 18.385 0.034
3376.52760 18.357 0.061
3378.59455 18.367 0.043
3386.56098 18.388 0.031
3398.55632 18.615 0.049
3402.54472 18.406 0.035
3528.93692 18.469 0.052
3541.92972 18.375 0.033
3547.91431 18.327 0.035
3554.92252 18.380 0.041
3560.94464 18.347 0.037
3564.90680 18.287 0.028
3568.83766 18.453 0.035
3570.77838 18.340 0.053
3571.80071 18.441 0.064
3573.83820 18.489 0.059
3574.87719 18.292 0.038
3577.83586 18.345 0.038
3578.89443 18.297 0.030
3579.79927 18.353 0.030
3581.84420 18.284 0.066
3581.86691 18.439 0.045
3582.82909 18.326 0.044
3583.83350 18.415 0.042
3584.80520 18.435 0.032
3586.80784 18.353 0.026
3588.82573 18.303 0.031
3589.81854 18.343 0.031
3591.87334 18.298 0.025
3593.81090 18.341 0.036
3596.89136 18.340 0.035
3601.80899 18.326 0.059
3607.81440 18.348 0.031
3614.78579 18.339 0.026
3617.76529 18.369 0.030
3619.69821 18.351 0.034
3621.71667 18.311 0.032
3624.86497 18.199 0.042
3626.71435 18.270 0.038
3629.66796 18.343 0.046
3631.73033 18.618 0.061
3633.69564 18.346 0.047
3637.64955 18.318 0.038
3639.69963 18.301 0.024
3641.69619 18.297 0.048
3643.72056 18.327 0.032
3646.65552 18.377 0.039
3650.65877 18.299 0.034
3650.68281 18.285 0.030
3651.73275 18.339 0.029
3653.72891 18.374 0.031
3655.69509 18.297 0.027
3657.64587 18.608 0.042
3658.65030 18.390 0.037
3659.63835 18.395 0.043
3660.66847 18.264 0.038
3663.55998 18.395 0.054
3665.63356 18.324 0.032
3668.57198 18.374 0.034
3669.67074 18.321 0.046
3671.62890 18.434 0.042
3673.67376 18.444 0.049
3675.65834 18.448 0.036
3681.62964 18.361 0.065
3681.64927 18.402 0.063
3683.64765 18.356 0.035
3685.65278 18.284 0.032
3687.65145 18.331 0.034
3689.59984 18.354 0.072
3692.57568 18.370 0.040
3694.55966 18.320 0.040
3696.56018 18.622 0.038
3698.59387 18.332 0.041
3700.57480 18.370 0.040
3702.58409 18.372 0.037
3704.59036 18.485 0.042
3706.61079 18.322 0.027
3708.58367 18.268 0.036
3711.59026 18.282 0.042
3714.52401 18.356 0.072
3718.60452 18.295 0.043
3721.55342 18.325 0.040
3724.56310 18.379 0.036
3726.58366 18.402 0.037
3728.55677 18.341 0.036
3734.56022 18.280 0.037
3737.57590 18.350 0.036
3742.53452 18.316 0.064
3746.55980 18.350 0.053
3751.53618 18.600 0.078
3756.55244 18.636 0.052
3761.60271 18.270 0.036
3766.52751 18.383 0.055
3772.55033 18.399 0.040
3776.55040 18.353 0.040
3871.87630 18.269 0.048
3901.93882 18.297 0.040
3906.93909 18.343 0.031
3913.91603 18.373 0.026
3918.87954 18.410 0.034
3931.91488 18.265 0.039
3934.85790 18.346 0.028
3936.86610 18.302 0.032
3938.85009 18.426 0.040
3944.89748 18.327 0.031
3946.86561 18.343 0.036
3951.88502 18.321 0.040
3955.85015 18.359 0.050
3958.82667 18.684 0.067
3960.82682 18.324 0.031
3963.82353 18.595 0.062
3965.81541 18.335 0.022
3967.83526 18.307 0.026
3969.80090 18.325 0.031
3971.77709 18.543 0.032
3974.77883 18.419 0.040
3979.73419 18.374 0.032
3980.61754 18.381 0.048
3981.64383 18.391 0.029
3983.83415 18.476 0.047
3986.69571 18.419 0.044
3987.66675 18.356 0.031
3990.79002 18.328 0.029
3993.73482 18.303 0.036
3995.74009 18.346 0.026
3999.74936 18.326 0.027
4002.72150 18.543 0.047
4004.67329 18.332 0.030
4006.69950 18.314 0.025
4007.56288 18.351 0.032
4008.57181 18.388 0.032
4009.73327 18.357 0.035
4013.69838 18.322 0.038
4015.68067 18.533 0.060
4015.69690 18.379 0.050
4018.69606 18.483 0.039
4019.68463 18.326 0.038
4021.67712 18.364 0.029
4024.65059 18.346 0.030
4026.62947 18.378 0.032
4028.62543 18.445 0.029
4030.63799 18.404 0.033
4032.69009 18.364 0.039
4037.66628 18.298 0.027
4039.60422 18.454 0.047
4041.60374 18.405 0.050
4043.58944 18.331 0.042
4046.59877 18.327 0.037
4048.56467 18.370 0.042
4050.60679 18.384 0.034
4052.55889 18.371 0.032
4054.61307 18.373 0.036
4056.58516 18.433 0.042
4058.61871 18.430 0.039
4060.51755 18.364 0.040
4064.51518 18.265 0.034
4066.55665 18.417 0.036
4069.51502 18.505 0.068
4073.59859 18.417 0.047
4077.52194 18.406 0.050
4079.52388 18.284 0.056
4082.52384 18.236 0.049
4085.56155 18.372 0.037
4092.55760 18.400 0.030
4096.58355 18.588 0.042
4100.58634 18.496 0.052
4105.55417 18.390 0.045
4108.53042 18.208 0.043
4113.60831 18.368 0.034
4120.57914 18.268 0.030
4126.57697 18.321 0.049
4252.92626 18.259 0.052
4255.84555 18.338 0.049
4268.89906 18.319 0.041
4275.92119 18.302 0.043
4279.79887 18.349 0.064
4282.80943 18.391 0.048
4283.86237 18.404 0.054
4285.91669 18.672 0.058
4291.93747 18.373 0.047
4292.85599 18.307 0.030
4295.86004 18.335 0.031
4296.88980 18.369 0.034
4297.92266 18.297 0.032
4299.85747 18.349 0.028
4300.87896 18.365 0.034
4301.89697 18.337 0.027
4302.91858 18.354 0.038
4306.86321 18.439 0.053
4307.89749 18.353 0.030
4308.65864 18.470 0.046
4308.86662 18.339 0.036
4310.83897 18.333 0.044
4311.82652 18.605 0.080
4312.90040 18.312 0.030
4314.91987 18.352 0.043
4316.82641 18.414 0.046
4319.86359 18.462 0.048
4320.89045 18.359 0.043
4326.83432 18.297 0.035
4327.81259 18.354 0.050
4328.82822 18.340 0.044
4329.83076 18.303 0.039
4330.85900 18.363 0.035
4333.86030 18.364 0.041
4338.90068 18.368 0.054
4340.77316 18.359 0.041
4341.76831 18.325 0.046
4342.82417 18.343 0.045
4343.76181 18.326 0.038
4344.74396 18.326 0.065
4345.78995 18.536 0.039
4347.77884 18.292 0.045
4349.79203 18.363 0.042
4351.72913 18.284 0.048
4353.75235 18.380 0.048
4357.70122 18.369 0.044
4359.69915 18.403 0.037
4361.70171 18.362 0.045
4362.72443 18.396 0.046
4364.58347 18.396 0.055
4367.68098 18.314 0.046
4370.67263 18.356 0.043
4372.73610 18.322 0.031
4376.65149 18.487 0.049
4378.61807 18.363 0.044
4379.64603 18.448 0.053
4380.75888 18.349 0.035
4382.68633 18.346 0.037
4386.66139 18.289 0.034
4388.66187 18.364 0.037
4390.67086 18.336 0.031
4393.64464 18.351 0.043
4395.67952 18.380 0.043
4398.64496 18.343 0.042
4400.66784 18.320 0.042
4403.69363 18.316 0.040
4407.63372 18.370 0.045
4408.67990 18.333 0.042
4410.70284 18.624 0.050
4415.68697 18.318 0.038
4418.59364 18.374 0.035
4422.65487 18.321 0.037
4424.65193 18.292 0.038
4427.53863 18.332 0.048
4429.56456 18.468 0.070
4431.56900 18.354 0.045
4433.57486 18.345 0.037
4435.56321 18.359 0.039
4437.65225 18.309 0.052
4439.56412 18.291 0.043
4441.59995 18.283 0.040
4443.59068 18.249 0.041
4449.64470 18.422 0.040
4451.59983 18.319 0.035
4453.58181 18.309 0.046
4456.58324 18.413 0.055
4459.53574 18.396 0.055
4464.57543 18.350 0.040
4465.54136 18.496 0.050
4470.56029 18.534 0.060
4474.59679 18.326 0.054
4476.57493 18.409 0.041
4479.59974 18.310 0.053
4481.58441 18.342 0.043
4484.60109 18.355 0.071
4487.62265 18.470 0.074
4609.89594 18.286 0.048
4643.88061 18.535 0.054
4649.93082 18.274 0.041
4661.89396 18.343 0.036
4662.77668 18.367 0.032
4662.89360 18.327 0.035
4663.74837 18.349 0.048
4663.93227 18.317 0.044
4665.82132 18.346 0.052
4665.91527 18.468 0.059
4666.90913 18.212 0.046
4670.90358 18.355 0.041
4671.81782 18.341 0.041
4672.87754 18.565 0.044
4675.89515 18.372 0.041
4681.87488 18.297 0.029
4683.87013 18.317 0.036
4685.85625 18.586 0.050
4688.80759 18.275 0.032
4690.73315 18.551 0.036
4691.73602 18.383 0.053
4693.89111 18.437 0.053
4696.84103 18.239 0.054
4698.75286 18.498 0.034
4699.74687 18.314 0.036
4700.78438 18.305 0.033
4701.78958 18.288 0.036
4702.84972 18.326 0.041
4703.74876 18.453 0.040
4704.76761 18.376 0.032
4705.77485 18.374 0.042
4707.76752 18.352 0.029
4708.83578 18.340 0.030
4710.75175 18.292 0.033
4716.75326 18.364 0.038
4719.74543 18.325 0.049
4721.73439 18.281 0.042
4724.76409 18.586 0.048
4726.65976 18.313 0.045
4729.67074 18.449 0.057
4731.76099 18.336 0.030
4734.74331 18.337 0.049
4736.70809 18.340 0.040
4739.64937 18.337 0.044
4741.72395 18.339 0.034
4747.59056 18.435 0.040
4749.59013 18.320 0.053
4753.65929 18.301 0.065
4755.65321 18.298 0.035
4757.63765 18.314 0.032
4759.65027 18.357 0.037
4761.62054 18.314 0.025
4763.63318 18.640 0.060
4766.60140 18.356 0.043
4769.63947 18.349 0.046
4771.55054 18.344 0.049
4773.67535 18.375 0.034
4775.66219 18.166 0.039
4777.59594 18.378 0.040
4779.63153 18.393 0.039
4781.58145 18.323 0.039
4783.56507 18.342 0.045
4785.59617 18.302 0.040
4787.55254 18.377 0.077
4789.53158 18.581 0.060
4790.61380 18.340 0.026
4791.61210 18.332 0.031
4793.51623 18.400 0.052
4795.53328 18.302 0.030
4797.52548 18.315 0.039
4798.58878 18.366 0.047
4800.63607 18.331 0.037
4803.52739 18.316 0.046
4804.57757 18.293 0.047
4806.58659 18.360 0.038
4808.54482 18.354 0.043
4808.61232 18.315 0.041
4810.55526 18.750 0.059
4813.59461 18.350 0.042
4815.57074 18.479 0.049
4817.58728 18.323 0.033
4819.58688 18.326 0.036
4821.62878 18.368 0.032
4823.58957 18.410 0.041
4825.61801 18.293 0.050
4832.59113 18.273 0.040
4835.57295 18.503 0.059
4839.59446 18.364 0.050
4842.56152 18.308 0.047
4844.57001 18.664 0.095
4847.62632 18.417 0.072
4849.58618 18.340 0.036
4856.57754 18.378 0.039
4865.55067 18.371 0.044
4936.91655 18.509 0.070
4940.89923 18.430 0.054
4940.90309 18.344 0.045
4953.89694 18.312 0.046
4954.88836 18.420 0.042
