2086.92153 19.739 0.135
2104.85361 19.703 0.090
2106.91348 19.811 0.139
2113.83393 19.975 0.171
2114.84820 19.517 0.127
2115.90842 19.740 0.130
2116.89452 19.668 0.093
2117.90023 19.649 0.100
2122.83281 19.477 0.175
2123.84320 19.644 0.109
2124.86253 19.379 0.234
2128.84777 19.520 0.127
2129.87992 19.605 0.112
2130.82878 19.700 0.120
2131.82228 19.861 0.134
2132.82847 19.612 0.125
2133.91705 19.853 0.218
2134.83340 19.803 0.145
2135.86858 19.731 0.120
2136.86775 19.641 0.147
2137.91239 19.599 0.158
2140.83763 19.636 0.121
2142.88455 19.786 0.135
2143.83858 19.681 0.106
2144.81010 19.593 0.074
2155.90109 19.883 0.236
2156.84762 19.663 0.119
2162.78389 19.716 0.089
2166.77868 19.744 0.101
2167.74947 19.573 0.091
2168.73598 19.604 0.100
2171.76202 19.583 0.087
2172.76860 19.651 0.108
2173.73069 19.679 0.093
2177.66232 19.517 0.111
2184.72372 19.761 0.170
2185.68718 19.619 0.139
2187.66977 19.765 0.168
2190.71373 19.696 0.119
2191.65554 19.753 0.119
2192.68396 19.572 0.066
2193.70496 19.590 0.075
2194.67620 19.512 0.087
2201.74231 19.670 0.097
2206.62815 19.930 0.224
2211.66680 19.543 0.089
2212.66586 19.460 0.106
2213.67685 19.618 0.152
2214.66322 19.607 0.163
2215.67850 19.633 0.122
2217.65616 19.563 0.144
2219.69933 20.012 0.163
2222.74855 19.639 0.158
2223.68828 19.908 0.167
2225.61782 19.636 0.092
2226.66414 19.702 0.136
2228.57957 19.618 0.116
2230.51686 19.689 0.178
2232.53064 19.845 0.144
2234.57271 19.718 0.105
2236.56221 19.507 0.087
2238.56759 19.685 0.122
2241.55440 19.876 0.169
2243.59267 19.811 0.126
2248.63710 19.518 0.087
2250.61151 19.613 0.097
2253.59101 19.620 0.113
2256.57329 19.549 0.118
2258.61374 19.695 0.089
2263.60502 19.438 0.115
2265.63101 19.784 0.111
2270.58923 19.814 0.115
2272.58728 19.568 0.117
2274.57113 19.821 0.168
2276.53865 19.551 0.111
2280.55122 19.509 0.143
2285.58971 19.719 0.124
2289.58665 19.857 0.137
2291.58735 19.839 0.127
2293.58791 19.921 0.163
2295.58425 19.517 0.111
2297.58741 19.685 0.129
2299.58389 19.642 0.139
2301.57657 19.709 0.163
2460.90851 19.648 0.162
2463.93761 19.709 0.113
2466.85945 19.724 0.156
2467.92334 19.532 0.106
2469.92262 19.662 0.086
2471.91215 19.592 0.113
2472.90223 19.798 0.100
2473.92843 19.561 0.083
2481.88768 19.492 0.128
2483.91131 19.833 0.100
2486.91145 19.774 0.171
2488.91341 19.603 0.153
2495.92087 19.942 0.138
2496.92549 19.575 0.097
2498.79675 19.626 0.096
2499.88173 19.614 0.095
2500.89014 19.862 0.150
2501.87689 19.598 0.088
2502.85706 19.794 0.185
2508.76765 19.927 0.285
2516.79912 19.833 0.165
2517.84587 19.787 0.139
2518.81819 19.724 0.125
2519.81645 19.734 0.202
2520.81462 19.566 0.107
2521.80778 19.660 0.091
2524.80631 19.846 0.188
2526.80011 19.783 0.084
2529.79635 19.680 0.103
2534.85695 19.848 0.170
2535.79458 19.592 0.111
2537.72465 19.509 0.135
2538.82549 19.686 0.146
2539.72265 19.547 0.103
2540.76541 19.567 0.148
2541.73454 19.725 0.147
2542.70435 19.811 0.112
2544.68455 19.650 0.102
2545.69781 19.631 0.091
2547.71580 19.589 0.102
2548.73404 19.577 0.117
2550.72932 19.668 0.099
2551.71584 19.678 0.094
2552.73183 19.657 0.085
2553.67260 19.759 0.154
2554.72497 19.739 0.126
2555.73288 19.592 0.100
2556.71196 19.579 0.087
2557.72450 19.637 0.078
2558.68095 19.705 0.104
2559.63798 19.402 0.096
2560.67095 19.766 0.101
2561.71657 19.511 0.116
2562.68930 19.641 0.201
2563.69722 19.564 0.104
2564.71362 19.736 0.137
2565.70935 19.761 0.132
2566.68429 19.722 0.117
2568.75335 19.579 0.161
2571.67013 19.638 0.109
2572.77733 19.814 0.205
2573.68325 19.796 0.176
2574.66321 19.645 0.095
2576.69796 19.830 0.150
2577.66299 19.876 0.182
2578.65052 19.478 0.103
2579.66106 19.559 0.115
2580.66917 19.649 0.106
2583.64121 19.756 0.149
2584.64769 19.725 0.130
2586.66313 19.653 0.104
2587.63100 19.782 0.128
2589.62189 19.715 0.125
2590.63867 19.563 0.117
2591.66483 19.681 0.129
2593.62810 20.057 0.160
2594.63411 19.586 0.135
2596.60776 19.525 0.126
2597.59493 19.490 0.145
2598.67513 19.623 0.125
2599.62921 19.677 0.152
2607.64930 19.667 0.147
2610.57065 19.641 0.128
2613.56455 19.486 0.102
2615.59498 19.580 0.089
2619.57948 19.616 0.124
2621.58853 19.625 0.142
2625.57120 19.878 0.204
2627.54189 19.946 0.196
2630.55615 19.992 0.232
2635.56986 19.920 0.121
2637.56475 19.650 0.101
2640.53508 19.546 0.115
2642.57483 19.610 0.130
2646.58618 19.626 0.116
2651.56047 19.674 0.156
2654.58456 19.723 0.176
2657.54036 19.551 0.140
2661.53687 19.763 0.091
2664.57735 19.491 0.141
2667.53616 19.521 0.139
2672.55530 19.584 0.175
2676.54550 19.585 0.118
2679.56021 19.980 0.151
2683.53877 19.520 0.157
2777.92553 19.659 0.148
2804.85406 19.665 0.225
2805.87134 19.694 0.230
2811.92647 19.542 0.139
2815.90009 19.615 0.102
2817.94873 20.023 0.367
2825.93196 19.887 0.190
2830.83926 19.535 0.118
2831.80886 19.860 0.170
2832.76957 19.959 0.175
2832.94747 19.602 0.138
2833.88741 19.547 0.147
2834.93806 19.557 0.131
2836.88186 19.918 0.375
2838.83943 19.772 0.172
2840.84711 19.558 0.096
2843.84842 19.732 0.110
2844.89415 19.590 0.093
2845.94117 19.733 0.156
2849.87768 19.687 0.129
2850.91043 19.574 0.124
2852.83903 19.676 0.177
2854.85034 19.599 0.145
2857.85776 19.706 0.120
2858.93138 19.548 0.087
2860.89731 19.720 0.102
2861.76875 19.506 0.085
2862.89217 19.669 0.136
2863.85684 19.691 0.166
2865.81655 19.728 0.119
2867.80597 19.762 0.104
2868.80956 19.883 0.123
2869.79609 19.795 0.114
2870.83760 19.583 0.090
2871.88072 19.580 0.101
2872.83755 19.530 0.078
2875.82839 19.603 0.108
2876.79780 19.692 0.092
2879.72431 19.653 0.097
2883.84753 19.575 0.079
2885.78286 19.846 0.091
2890.71377 19.523 0.164
2893.76519 19.898 0.129
2895.81442 19.638 0.091
2897.71794 19.485 0.094
2899.75560 19.613 0.081
2903.77136 19.685 0.071
2906.72361 19.573 0.079
2908.70062 19.733 0.118
2910.69548 20.037 0.156
2912.70084 19.572 0.085
2916.71358 19.621 0.079
2918.69046 19.747 0.115
2922.69044 19.528 0.113
2924.63142 19.672 0.130
2926.62544 19.813 0.148
2929.68661 19.799 0.131
2931.66256 19.421 0.064
2933.67302 19.581 0.068
2935.63736 19.767 0.143
2937.66296 19.651 0.135
2939.67843 19.809 0.139
2940.65556 19.602 0.064
2941.63083 19.605 0.075
2942.65562 19.543 0.096
2943.62697 19.591 0.115
2944.61135 19.792 0.128
2946.60608 19.615 0.116
2947.63769 19.779 0.125
2949.61876 19.567 0.093
2950.57032 19.697 0.126
2951.65088 19.413 0.099
2953.59882 19.804 0.122
2955.58392 19.603 0.137
2957.59754 19.519 0.073
2960.61667 19.790 0.145
2962.65182 19.759 0.120
2965.65449 19.504 0.093
2968.61683 19.534 0.122
2970.63565 19.665 0.101
2972.64021 19.858 0.156
2975.54830 19.570 0.090
2977.64410 19.625 0.148
2979.58399 19.873 0.153
2981.63128 19.626 0.217
2983.56480 19.618 0.112
2986.58140 19.726 0.104
2988.55338 19.527 0.111
2991.57953 19.545 0.113
2994.56595 19.677 0.109
2997.58066 19.588 0.090
3000.57236 19.671 0.108
3003.55468 19.740 0.135
3006.54197 19.646 0.102
3009.53724 19.652 0.161
3013.53965 19.611 0.126
3015.57491 19.684 0.113
3018.55200 19.436 0.114
3020.58772 19.844 0.122
3024.54039 19.549 0.133
3025.60001 19.726 0.119
3027.62550 19.530 0.092
3029.59718 19.685 0.108
3031.60201 19.686 0.107
3034.53225 19.580 0.103
3037.55144 19.562 0.137
3169.93362 20.260 0.276
3177.93916 19.330 0.115
3193.90132 19.654 0.096
3196.87341 19.657 0.090
3197.93581 19.645 0.129
3199.93449 19.620 0.174
3202.86127 19.815 0.119
3203.90135 19.901 0.092
3204.94686 19.844 0.158
3206.83917 19.399 0.090
3210.91514 19.764 0.120
3211.86974 20.157 0.175
3215.80488 19.681 0.172
3216.75078 19.548 0.145
3217.80073 19.552 0.135
3223.85690 19.731 0.135
3228.77557 19.757 0.139
3229.85740 19.786 0.091
3231.83890 19.630 0.135
3238.77575 19.650 0.098
3239.81930 19.698 0.100
3240.81200 19.500 0.114
3241.79549 19.704 0.105
3242.73945 19.531 0.089
3243.87206 19.821 0.146
3244.85067 19.594 0.150
3245.79842 19.764 0.146
3246.79117 19.650 0.119
3247.79953 19.630 0.124
3249.74984 19.412 0.102
3251.76341 19.571 0.070
3254.75108 19.821 0.098
3257.77540 19.599 0.066
3259.68813 19.468 0.076
3261.72417 19.660 0.081
3263.72140 19.675 0.071
3265.74273 19.806 0.120
3267.72949 19.677 0.089
3270.68294 19.833 0.123
3271.68586 19.592 0.106
3273.64418 19.682 0.148
3275.63007 19.600 0.141
3276.73343 19.596 0.130
3277.77208 19.452 0.094
3279.70370 19.750 0.103
3281.66225 19.595 0.070
3283.66393 19.579 0.061
3287.63009 19.899 0.123
3289.64504 19.595 0.078
3291.57800 19.581 0.112
3295.63653 19.725 0.064
3298.57442 19.807 0.104
3300.57673 19.847 0.149
3302.55371 19.432 0.110
3305.65373 19.775 0.119
3307.56602 19.603 0.155
3309.59110 19.669 0.094
3311.54272 19.707 0.116
3314.58567 20.056 0.255
3320.62349 19.497 0.073
3323.57092 19.499 0.089
3327.57844 19.578 0.084
3330.57393 19.766 0.145
3335.61794 19.753 0.143
3338.56361 19.645 0.093
3350.53794 19.485 0.076
3353.59651 19.611 0.086
3359.57838 19.444 0.085
3363.58049 19.670 0.124
3367.64009 19.766 0.132
3372.57356 19.821 0.108
3376.54970 19.506 0.071
3380.53613 20.194 0.262
3386.58308 19.546 0.064
3395.53091 19.351 0.137
3398.57862 19.687 0.129
3402.57585 19.254 0.078
3543.88948 19.763 0.128
3551.91296 19.647 0.109
3554.94420 19.597 0.122
3561.95140 19.318 0.119
3564.92910 19.721 0.075
3568.87470 19.638 0.106
3570.83573 20.201 0.256
3573.87237 19.881 0.197
3575.82813 19.760 0.114
3577.88450 19.783 0.133
3578.92054 19.517 0.074
3579.82559 19.790 0.089
3581.89467 19.762 0.137
3582.85097 19.279 0.103
3583.86119 19.584 0.087
3584.83143 19.611 0.095
3585.88230 19.551 0.059
3586.83446 19.740 0.078
3588.85274 19.703 0.098
3590.80879 19.681 0.075
3592.77354 19.580 0.058
3594.81303 19.560 0.077
3597.85295 20.044 0.153
3600.88915 19.536 0.171
3602.75000 19.842 0.184
3607.84113 19.583 0.076
3614.81334 19.859 0.089
3617.79714 19.814 0.086
3619.77522 19.870 0.106
3621.76772 19.603 0.083
3628.79458 19.477 0.139
3630.64647 19.932 0.195
3632.64381 19.636 0.192
3634.71671 19.487 0.081
3637.67552 19.727 0.124
3639.72545 19.768 0.072
3641.72221 19.630 0.097
3643.82063 19.810 0.154
3644.76131 19.630 0.063
3646.69235 19.598 0.103
3650.71358 19.757 0.091
3652.64871 19.447 0.062
3654.62702 19.789 0.101
3656.65072 19.868 0.119
3657.70841 19.634 0.085
3658.68572 19.720 0.127
3659.66604 19.588 0.123
3661.61473 19.592 0.127
3663.63769 19.711 0.144
3665.67000 19.883 0.111
3668.61917 19.843 0.144
3670.56986 19.881 0.153
3672.60931 19.885 0.144
3674.66816 19.698 0.083
3676.60857 19.609 0.098
3682.58531 19.766 0.123
3684.57820 19.918 0.114
3686.56809 19.585 0.096
3688.54115 19.988 0.135
3690.54705 19.857 0.184
3692.59962 19.771 0.131
3694.58619 19.640 0.085
3696.58233 19.714 0.080
3698.61606 19.859 0.162
3700.62609 19.799 0.118
3702.61702 19.741 0.113
3704.61753 19.573 0.138
3706.63241 19.514 0.065
3708.61381 19.840 0.138
3712.57033 19.438 0.079
3714.57303 19.741 0.122
3718.55650 19.718 0.120
3721.58868 19.519 0.111
3725.61758 19.807 0.086
3730.54182 19.519 0.091
3734.61251 19.657 0.087
3738.56458 19.569 0.104
3742.56175 19.422 0.118
3747.56253 19.786 0.157
3762.54834 19.709 0.167
3766.55357 19.660 0.088
3772.58033 19.444 0.085
3777.52767 19.807 0.176
3871.89974 19.901 0.188
3902.92003 19.459 0.108
3913.94042 19.525 0.068
3918.91019 19.600 0.077
3931.94175 19.718 0.151
3934.87970 19.568 0.083
3936.88802 19.480 0.091
3938.87205 19.873 0.137
3945.87897 19.604 0.083
3950.82390 19.570 0.083
3957.77944 19.560 0.182
3959.76889 19.392 0.098
3961.76302 19.595 0.138
3964.77127 19.735 0.079
3966.76352 19.619 0.072
3968.75719 19.456 0.071
3970.74888 19.519 0.068
3973.71818 19.962 0.145
3975.73044 19.635 0.091
3980.66569 19.861 0.139
3981.66545 19.829 0.118
3982.72979 19.860 0.171
3986.70312 19.505 0.108
3991.73234 20.240 0.211
3994.64474 19.602 0.110
3998.67513 19.770 0.141
4001.64593 19.565 0.077
4003.61736 19.569 0.105
4004.69715 19.487 0.079
4005.69130 19.614 0.074
4007.58456 19.829 0.118
4008.59344 19.663 0.075
4011.64394 19.672 0.098
4014.62637 19.649 0.163
4016.62315 19.571 0.102
4018.61955 19.683 0.105
4020.62300 19.593 0.124
4023.60886 20.087 0.178
4025.60923 19.922 0.144
4027.59736 19.581 0.106
4029.57966 19.491 0.089
4031.56675 19.587 0.087
4033.66099 19.759 0.100
4038.55618 19.478 0.108
4042.56434 20.034 0.160
4044.58735 19.830 0.207
4046.62044 19.653 0.119
4049.53237 19.727 0.091
4051.58195 19.607 0.100
4053.62938 19.599 0.072
4055.52203 19.474 0.137
4057.59738 19.467 0.133
4059.59585 19.996 0.117
4063.54088 19.505 0.089
4065.59293 19.719 0.100
4067.58378 19.707 0.098
4069.53666 19.430 0.092
4071.54748 19.689 0.109
4074.54357 19.587 0.116
4077.54530 19.759 0.094
4079.54548 19.691 0.179
4082.54683 19.570 0.085
4085.62418 19.668 0.123
4092.57966 19.494 0.069
4097.62224 19.443 0.148
4100.61370 19.820 0.130
4105.57770 19.599 0.132
4111.61414 19.634 0.083
4115.53361 19.398 0.095
4120.56452 19.714 0.097
4124.58160 19.670 0.097
4128.59999 19.798 0.120
4252.94769 19.576 0.146
4255.86769 19.571 0.135
4268.92644 19.660 0.117
4275.94137 19.777 0.153
4279.83820 19.501 0.152
4282.82960 19.534 0.111
4283.84865 20.056 0.237
4284.87907 19.584 0.143
4285.94449 19.641 0.132
4292.88693 19.725 0.087
4295.88040 19.634 0.100
4296.91088 19.633 0.075
4297.94282 19.663 0.096
4299.87768 19.691 0.082
4300.89942 19.644 0.087
4301.91797 19.658 0.073
4302.93987 19.745 0.116
4306.93658 19.671 0.120
4307.85114 19.612 0.080
4308.67933 19.532 0.109
4308.88727 19.779 0.116
4310.85942 19.780 0.131
4311.85928 19.951 0.240
4312.92146 19.630 0.087
4314.94054 19.578 0.158
4316.84842 19.496 0.126
4320.87573 19.744 0.120
4326.85794 19.647 0.139
4327.83410 20.102 0.291
4328.84984 19.634 0.111
4329.85096 19.717 0.118
4330.88048 19.620 0.098
4332.89669 19.595 0.119
4334.87368 19.651 0.120
4338.92611 19.656 0.136
4340.79695 19.662 0.119
4341.78983 19.675 0.141
4342.86400 19.567 0.116
4343.78338 19.728 0.110
4344.76546 19.652 0.111
4346.72175 19.498 0.112
4348.72754 19.698 0.111
4350.70420 19.784 0.099
4352.80632 19.711 0.138
4353.66233 19.553 0.112
4354.78367 19.635 0.096
4357.76735 19.592 0.119
4359.72131 19.664 0.120
4362.66896 19.719 0.188
4363.62824 19.563 0.128
4365.68662 19.528 0.136
4369.68060 19.759 0.187
4371.66955 19.664 0.129
4376.67301 19.630 0.113
4378.63963 19.647 0.118
4379.67093 19.399 0.124
4381.63008 19.480 0.131
4382.70864 19.476 0.081
4386.68289 19.743 0.107
4388.68361 19.583 0.092
4390.69245 19.616 0.084
4393.68700 19.538 0.108
4396.66156 19.713 0.135
4398.66655 19.604 0.120
4400.69106 19.584 0.115
4404.66806 19.609 0.129
4407.65595 19.695 0.109
4410.68586 19.693 0.103
4415.67219 19.543 0.078
4418.61771 19.703 0.089
4421.67552 19.631 0.095
4423.67997 19.641 0.125
4426.55618 19.680 0.145
4428.57287 19.885 0.195
4430.63309 19.723 0.119
4432.61899 19.638 0.096
4434.62426 19.567 0.096
4436.60056 19.888 0.121
4438.66322 19.700 0.142
4440.59635 19.655 0.129
4442.55787 19.908 0.195
4444.58267 19.648 0.164
4450.61510 19.676 0.153
4452.59264 19.700 0.118
4454.52968 19.660 0.189
4455.60178 19.674 0.114
4457.53731 19.615 0.158
4459.55740 19.598 0.127
4462.58885 19.558 0.104
4466.61300 19.509 0.100
4471.54766 19.757 0.139
4475.54173 19.793 0.149
4480.58275 19.896 0.146
4482.58971 19.648 0.161
4485.59278 19.776 0.172
4488.59503 19.574 0.152
4609.91743 20.104 0.218
4643.90154 19.577 0.118
4650.94042 19.586 0.093
4655.91983 19.803 0.107
4662.79821 19.576 0.087
4662.91503 19.691 0.097
4663.76980 19.679 0.256
4663.91765 19.637 0.125
4665.84291 19.577 0.140
4665.93674 19.473 0.114
4666.93588 19.647 0.138
4670.92500 19.697 0.113
4671.89492 19.512 0.105
4676.92519 19.785 0.166
4677.84080 19.770 0.087
4682.81523 19.909 0.137
4684.85309 19.708 0.103
4686.81308 19.788 0.079
4688.82904 19.680 0.088
4690.75464 19.599 0.087
4691.75767 19.718 0.150
4693.91264 19.673 0.145
4697.82483 19.689 0.147
4698.77439 19.574 0.070
4699.76852 19.415 0.078
4700.80323 19.613 0.098
4701.81114 19.689 0.114
4703.77036 19.803 0.124
4704.78910 19.717 0.087
4705.79660 19.667 0.125
4707.78899 19.508 0.071
4709.74481 19.637 0.097
4710.77338 19.475 0.077
4715.75334 19.547 0.096
4716.77905 19.539 0.066
4717.70510 19.759 0.130
4719.79393 19.556 0.151
4721.78677 19.351 0.124
4724.66933 19.663 0.132
4725.74880 19.599 0.105
4728.75439 19.663 0.106
4733.73096 19.600 0.089
4740.67253 19.463 0.091
4741.70791 19.531 0.068
4743.75648 19.583 0.072
4747.61211 19.662 0.128
4749.61179 19.487 0.128
4753.68276 19.653 0.148
4755.67478 19.734 0.115
4757.65927 19.540 0.090
4759.67397 19.604 0.073
4761.64235 19.586 0.065
4763.65960 19.963 0.168
4767.60052 19.474 0.089
4770.66906 19.775 0.140
4772.60680 19.617 0.086
4774.56136 19.715 0.115
4776.55297 19.556 0.102
4777.65491 19.523 0.105
4780.52361 19.750 0.148
4781.63756 19.575 0.108
4783.58669 19.724 0.139
4785.62207 19.684 0.155
4787.57425 19.871 0.224
4789.55318 19.651 0.101
4791.53470 19.708 0.137
4793.54212 19.615 0.115
4795.55482 19.727 0.102
4797.54708 19.954 0.159
4798.61042 19.600 0.115
4800.65780 19.630 0.098
4803.54891 19.681 0.107
4804.60400 19.665 0.146
4805.59086 19.741 0.114
4807.52867 19.702 0.188
4809.55802 19.415 0.087
4811.57992 19.528 0.104
4813.55685 19.815 0.175
4815.59277 19.808 0.158
4816.53985 19.697 0.117
4818.59012 19.691 0.127
4820.53162 19.560 0.128
4822.58838 19.730 0.108
4824.57320 19.437 0.114
4826.63284 19.591 0.087
4833.57228 19.711 0.103
4835.59549 20.192 0.227
4836.63561 19.552 0.133
4837.56251 20.156 0.254
4837.60646 19.915 0.187
4838.60656 19.562 0.105
4839.58508 19.848 0.166
4841.55724 19.809 0.162
4841.58281 19.965 0.188
4842.53474 19.623 0.182
4842.60683 19.734 0.176
4843.52893 19.440 0.180
4843.57704 19.479 0.122
4844.52683 19.653 0.242
4844.61721 19.705 0.126
4846.58616 19.466 0.098
4847.62249 19.474 0.134
4848.62240 19.589 0.094
4850.60987 19.486 0.110
4854.60110 19.646 0.114
4856.61834 19.555 0.090
4862.56626 19.521 0.080
4868.55663 19.460 0.106
4935.91263 19.990 0.209
4937.91334 19.727 0.133
4940.91475 19.836 0.162
4954.91770 19.794 0.173
