2086.92153 18.487 0.050
2104.85361 18.493 0.036
2106.91348 18.610 0.052
2113.83393 18.540 0.053
2114.84820 18.523 0.058
2115.90842 18.448 0.046
2116.89452 18.557 0.041
2117.90023 18.870 0.053
2123.84320 18.526 0.046
2124.86253 18.751 0.143
2128.84777 18.519 0.056
2129.87992 18.489 0.045
2130.82878 18.471 0.044
2131.82228 18.570 0.047
2132.82847 18.708 0.061
2133.91705 18.394 0.066
2134.83340 18.488 0.049
2135.86858 18.444 0.042
2136.86775 18.450 0.054
2137.91239 18.534 0.066
2140.83763 18.533 0.050
2142.88455 18.503 0.045
2143.83858 18.545 0.044
2144.81010 18.536 0.035
2155.90109 18.482 0.075
2156.84762 18.464 0.045
2162.78389 18.559 0.038
2166.77868 18.608 0.041
2167.74947 18.484 0.040
2168.73598 18.570 0.044
2171.76202 18.492 0.036
2172.76860 18.494 0.045
2173.73069 18.530 0.038
2177.66232 18.526 0.049
2184.72372 18.377 0.054
2185.68718 18.528 0.059
2187.66977 18.469 0.058
2190.71373 18.583 0.049
2191.65554 18.448 0.042
2192.68396 18.560 0.032
2193.70496 18.492 0.035
2194.67620 18.568 0.045
2201.74231 18.538 0.041
2206.62815 18.616 0.077
2211.66680 18.547 0.041
2212.66586 18.411 0.045
2213.67685 18.771 0.082
2214.66322 18.567 0.074
2215.67850 18.568 0.052
2217.65616 18.618 0.070
2219.69933 18.448 0.044
2222.74855 18.544 0.064
2223.68828 18.770 0.067
2225.61782 18.456 0.038
2226.66414 18.575 0.057
2228.57957 18.700 0.059
2230.51686 18.612 0.071
2232.53064 18.528 0.047
2234.57271 18.488 0.041
2236.56221 18.527 0.042
2238.56759 18.694 0.058
2241.55440 18.610 0.062
2243.59267 18.583 0.048
2248.63710 18.489 0.041
2250.61151 18.487 0.041
2253.59101 18.503 0.045
2256.57329 18.574 0.055
2258.61374 18.436 0.035
2263.60502 18.510 0.055
2265.63101 18.528 0.041
2270.58923 18.448 0.040
2272.58728 18.546 0.054
2274.57113 18.413 0.054
2276.53865 18.768 0.061
2280.55122 18.604 0.069
2285.58971 18.416 0.043
2289.58665 18.581 0.049
2291.58735 18.538 0.047
2293.58791 18.542 0.052
2295.58425 18.509 0.050
2297.58741 18.446 0.046
2299.58389 18.505 0.054
2301.57657 18.427 0.056
2460.90851 18.609 0.072
2463.93761 18.493 0.044
2466.85945 18.445 0.057
2467.92334 18.457 0.046
2469.92262 18.784 0.045
2471.91215 18.511 0.046
2472.90223 18.481 0.036
2473.92843 18.421 0.036
2481.88768 18.637 0.068
2483.91131 18.533 0.039
2486.91145 18.609 0.068
2488.91341 18.582 0.067
2495.92087 18.496 0.042
2496.92549 18.594 0.046
2498.79675 18.540 0.043
2499.88173 18.553 0.042
2500.89014 18.471 0.049
2501.87689 18.507 0.040
2502.85706 18.530 0.057
2508.76765 18.532 0.090
2516.79912 18.487 0.056
2517.84587 18.453 0.049
2518.81819 18.431 0.044
2519.81645 18.523 0.038
2520.81462 18.555 0.050
2521.80778 18.493 0.039
2524.80631 18.576 0.057
2526.80011 18.578 0.034
2529.79635 18.476 0.041
2534.85695 18.457 0.053
2535.79458 18.519 0.048
2537.72465 18.526 0.064
2538.82549 18.496 0.058
2539.72265 18.552 0.050
2540.76541 18.571 0.068
2541.73454 18.549 0.046
2542.70435 18.517 0.041
2544.68455 18.572 0.045
2545.69781 18.510 0.040
2547.71580 18.603 0.048
2548.73404 18.540 0.045
2550.72932 18.562 0.043
2551.71584 18.515 0.040
2552.73183 18.569 0.038
2553.67260 18.532 0.059
2554.72497 18.491 0.041
2555.73288 18.685 0.049
2556.71196 18.492 0.040
2557.72450 18.588 0.037
2558.68095 18.480 0.041
2559.63798 18.543 0.051
2560.67095 18.692 0.045
2561.71657 18.499 0.053
2562.68930 18.590 0.050
2563.69722 18.554 0.048
2564.71362 18.523 0.053
2565.70935 18.687 0.058
2566.68429 18.516 0.046
2568.75335 18.568 0.073
2571.67013 18.515 0.047
2572.77733 18.401 0.064
2573.68325 18.475 0.060
2574.66321 18.543 0.041
2576.69796 18.521 0.054
2577.66299 18.581 0.062
2578.65052 18.555 0.052
2579.66106 18.512 0.052
2580.66917 18.667 0.050
2583.64121 18.590 0.059
2584.64769 18.587 0.053
2586.66313 18.566 0.045
2587.63100 18.626 0.052
2589.62189 18.519 0.045
2590.63867 18.521 0.053
2591.66483 18.587 0.056
2593.62810 18.465 0.044
2594.63411 18.634 0.066
2596.60776 18.495 0.058
2597.59493 18.470 0.067
2598.67513 18.580 0.057
2599.62921 18.509 0.061
2607.64930 18.567 0.060
2610.57065 18.464 0.049
2613.56455 18.533 0.048
2615.59498 18.508 0.040
2619.57948 18.581 0.053
2621.58853 18.571 0.062
2625.57120 18.595 0.070
2627.54189 18.469 0.061
2630.55615 18.589 0.074
2635.56986 18.518 0.041
2640.53508 18.491 0.050
2642.57483 18.423 0.049
2646.58618 18.479 0.047
2651.56047 18.714 0.072
2654.58456 18.496 0.064
2657.54036 18.509 0.060
2661.53687 18.482 0.036
2664.57735 18.504 0.063
2667.53616 18.562 0.064
2672.55530 18.601 0.080
2676.54550 18.559 0.052
2679.56021 18.535 0.046
2683.53877 18.592 0.078
2777.92553 18.531 0.063
2804.85406 18.480 0.087
2805.87134 18.518 0.087
2811.92647 18.801 0.083
2815.90009 18.516 0.046
2817.94873 18.430 0.098
2825.93196 18.463 0.061
2830.83926 18.388 0.047
2831.80886 18.924 0.086
2832.76957 18.528 0.056
2832.94747 18.517 0.062
2833.88741 18.522 0.066
2834.93806 18.493 0.059
2836.88186 18.800 0.148
2838.83943 18.471 0.060
2840.84711 18.498 0.044
2843.84842 18.518 0.044
2844.89415 18.566 0.044
2845.94117 18.510 0.060
2849.87768 18.488 0.047
2850.91043 18.507 0.053
2852.83903 18.638 0.079
2854.85034 18.546 0.065
2857.85776 18.470 0.047
2858.93138 18.526 0.041
2860.89731 18.503 0.041
2861.76875 18.524 0.042
2863.85684 18.535 0.067
2865.81655 18.481 0.045
2867.80597 18.532 0.042
2868.80956 18.479 0.041
2869.79609 18.481 0.042
2870.83760 18.529 0.042
2871.88072 18.602 0.050
2872.83755 18.488 0.037
2875.82839 18.516 0.048
2876.79780 18.510 0.039
2879.72431 18.552 0.043
2883.84753 18.470 0.036
2885.78286 18.568 0.037
2890.71377 18.485 0.074
2893.76519 18.550 0.046
2895.81442 18.466 0.039
2897.71794 18.516 0.045
2899.75560 18.484 0.037
2903.77136 18.489 0.030
2906.72361 18.535 0.038
2908.70062 18.533 0.046
2910.69548 18.552 0.048
2912.70084 18.699 0.046
2916.71358 18.569 0.039
2918.69046 18.436 0.042
2922.69044 18.707 0.063
2924.63142 18.582 0.058
2926.62544 18.585 0.058
2929.68661 18.545 0.049
2931.66256 18.494 0.035
2933.67302 18.504 0.033
2935.63736 18.466 0.051
2937.66296 18.671 0.064
2939.67843 18.530 0.050
2940.65556 18.502 0.032
2941.63083 18.544 0.036
2942.65562 18.572 0.046
2943.62697 18.530 0.051
2944.61135 18.497 0.046
2946.60608 18.517 0.050
2947.63769 18.525 0.046
2949.61876 18.419 0.041
2950.57032 18.533 0.051
2951.65088 18.539 0.052
2953.59882 18.508 0.047
2955.58392 18.484 0.057
2957.59754 18.475 0.035
2960.61667 18.642 0.057
2962.65182 18.527 0.046
2965.65449 18.822 0.059
2968.61683 18.519 0.055
2970.63565 18.814 0.055
2972.64021 18.583 0.056
2975.54830 18.878 0.056
2977.64410 18.591 0.066
2979.58399 18.558 0.053
2981.63128 18.556 0.092
2983.56480 18.431 0.044
2986.58140 18.427 0.038
2988.55338 18.614 0.056
2991.57953 18.514 0.049
2994.56595 18.492 0.043
2997.58066 18.608 0.044
3000.57236 18.526 0.044
3003.55468 18.498 0.050
3006.54197 18.486 0.041
3009.53724 18.618 0.071
3013.53965 18.493 0.052
3015.57491 18.474 0.045
3018.55200 18.563 0.057
3020.58772 18.500 0.042
3024.54039 18.491 0.058
3025.60001 18.546 0.045
3027.62550 18.553 0.045
3029.59718 18.453 0.042
3031.60201 18.581 0.047
3034.53225 18.524 0.045
3037.55144 18.461 0.056
3183.93344 18.593 0.057
3193.90132 18.487 0.041
3196.87341 18.522 0.040
3197.93581 18.512 0.052
3199.93449 18.580 0.076
3202.86127 18.445 0.041
3203.90135 18.515 0.035
3204.94686 18.610 0.060
3206.83917 18.554 0.049
3210.91514 18.529 0.045
3211.86974 18.577 0.049
3215.80488 18.489 0.065
3216.75078 18.664 0.075
3217.80073 18.509 0.060
3223.85690 18.648 0.057
3228.77557 18.523 0.053
3229.85740 18.540 0.036
3231.83890 18.453 0.056
3238.77575 18.531 0.041
3239.81930 18.499 0.041
3240.81200 18.493 0.051
3241.79549 18.518 0.041
3242.73945 18.478 0.041
3243.87206 18.483 0.050
3244.85067 18.818 0.084
3245.79842 18.475 0.051
3246.79117 18.505 0.048
3247.79953 18.479 0.050
3249.74984 18.525 0.053
3251.76341 18.532 0.034
3254.75108 18.661 0.041
3257.77540 18.525 0.031
3259.68813 18.612 0.041
3261.72417 18.510 0.035
3263.72140 18.486 0.031
3265.74273 18.459 0.041
3267.72949 18.582 0.039
3270.68294 18.575 0.046
3271.68586 18.515 0.045
3273.64418 18.556 0.063
3275.63007 18.606 0.066
3276.73343 18.459 0.053
3277.77208 18.572 0.049
3279.70370 18.708 0.046
3281.66225 18.647 0.037
3283.66393 18.477 0.028
3287.63009 18.537 0.041
3289.64504 18.693 0.041
3291.57800 18.499 0.047
3295.63653 18.565 0.029
3298.57442 18.477 0.036
3300.57673 18.553 0.054
3302.55371 18.573 0.059
3305.65373 18.586 0.048
3307.56602 18.574 0.070
3309.59110 18.507 0.040
3311.54272 18.585 0.048
3314.58567 18.482 0.069
3320.62349 18.574 0.038
3323.57092 18.504 0.042
3327.57844 18.851 0.050
3330.57393 18.533 0.053
3335.61794 18.478 0.053
3338.56361 18.639 0.044
3350.53794 18.571 0.039
3353.59651 18.612 0.041
3359.57838 18.484 0.041
3363.58049 18.716 0.059
3372.57356 18.538 0.040
3376.54970 18.537 0.036
3380.53613 18.547 0.065
3386.58308 18.483 0.030
3395.53091 18.636 0.078
3398.57862 18.639 0.056
3402.57585 18.488 0.044
3543.88948 18.491 0.046
3551.91296 18.596 0.046
3554.94420 18.508 0.050
3561.95140 18.523 0.065
3564.92910 18.501 0.030
3568.87470 18.500 0.043
3570.83573 18.556 0.062
3571.82667 18.603 0.073
3573.87237 18.536 0.064
3575.82813 18.477 0.039
3577.88450 18.491 0.045
3578.92054 18.485 0.034
3579.82559 18.608 0.036
3581.89467 18.544 0.051
3582.85097 18.661 0.065
3583.86119 18.505 0.038
3584.83143 18.583 0.042
3585.88230 18.512 0.029
3586.83446 18.480 0.030
3588.85274 18.535 0.039
3590.80879 18.508 0.032
3592.77354 18.528 0.028
3594.81303 18.541 0.036
3597.85295 18.510 0.042
3600.88915 18.469 0.070
3602.75000 18.456 0.058
3607.84113 18.576 0.036
3614.81334 18.515 0.032
3617.79714 18.591 0.034
3619.77522 18.489 0.036
3621.76772 18.696 0.041
3628.79458 18.586 0.068
3630.64647 18.638 0.067
3632.64381 18.458 0.065
3634.71671 18.561 0.040
3637.67552 18.555 0.048
3639.72545 18.518 0.027
3641.72221 18.523 0.041
3643.82063 18.508 0.052
3644.76131 18.642 0.033
3646.69235 18.468 0.042
3650.71358 18.512 0.035
3652.64871 18.598 0.035
3654.62702 18.580 0.041
3656.65072 18.553 0.041
3657.70841 18.542 0.038
3658.68572 18.401 0.043
3659.66604 18.823 0.070
3661.61473 18.449 0.051
3663.63769 18.574 0.057
3665.67000 18.512 0.038
3668.61917 18.550 0.050
3670.56986 18.586 0.053
3672.60931 18.606 0.050
3674.66816 18.762 0.041
3676.60857 18.600 0.045
3682.58531 18.469 0.043
3684.57820 18.769 0.046
3686.56809 18.647 0.047
3688.54115 18.612 0.045
3690.54705 18.538 0.062
3692.59962 18.625 0.051
3694.58619 18.547 0.037
3696.58233 18.561 0.034
3698.61606 18.523 0.053
3700.62609 18.558 0.043
3702.61702 18.632 0.046
3704.61753 18.450 0.041
3706.63241 18.547 0.033
3708.61381 18.548 0.048
3712.57033 18.507 0.039
3714.57303 18.587 0.050
3718.55650 18.581 0.049
3721.58868 18.462 0.048
3725.61758 18.530 0.033
3730.54182 18.618 0.036
3734.61251 18.499 0.036
3738.56458 18.609 0.050
3742.56175 18.468 0.055
3747.56253 18.685 0.064
3751.57033 18.502 0.061
3762.54834 18.552 0.064
3766.55357 18.430 0.035
3772.58033 18.566 0.044
3777.52767 18.498 0.060
3871.89974 18.488 0.057
3902.92003 18.470 0.049
3907.91487 18.492 0.044
3913.94042 18.498 0.033
3918.91019 18.479 0.034
3931.94175 18.543 0.058
3934.87970 18.527 0.038
3936.88802 18.560 0.045
3938.87205 18.792 0.058
3945.87897 18.543 0.038
3950.82390 18.439 0.035
3959.76889 18.493 0.050
3961.76302 18.580 0.062
3964.77127 18.567 0.032
3966.76352 18.550 0.033
3968.75719 18.703 0.041
3970.74888 18.568 0.032
3973.71818 18.768 0.056
3975.73044 18.510 0.039
3980.66569 18.603 0.050
3981.66545 18.498 0.040
3982.72979 18.565 0.059
3986.70312 18.527 0.050
3991.73234 18.729 0.060
3994.64474 18.578 0.050
3998.67513 18.614 0.055
4001.64593 18.535 0.036
4003.61736 18.579 0.048
4004.69715 18.536 0.038
4005.69130 18.504 0.033
4007.58456 18.492 0.041
4008.59344 18.525 0.032
4011.64394 18.689 0.047
4014.62637 18.491 0.063
4016.62315 18.772 0.057
4018.61955 18.534 0.043
4020.62300 18.482 0.050
4023.60886 18.595 0.052
4025.60923 18.458 0.044
4027.59736 18.651 0.052
4029.57966 18.542 0.044
4031.56675 18.872 0.053
4033.66099 18.524 0.038
4038.55618 18.704 0.061
4042.56434 18.611 0.051
4044.58735 18.445 0.065
4046.62044 18.634 0.052
4049.53237 18.513 0.037
4051.58195 18.651 0.047
4053.62938 18.580 0.033
4055.52203 18.530 0.064
4057.59738 18.597 0.065
4059.59585 18.461 0.035
4063.54088 18.651 0.048
4065.59293 18.481 0.035
4067.58378 18.519 0.039
4069.53666 18.602 0.049
4071.54748 18.595 0.046
4074.54357 18.594 0.049
4077.54530 18.538 0.037
4079.54548 18.578 0.045
4082.54683 18.552 0.039
4085.62418 18.557 0.050
4092.57966 18.648 0.035
4097.62224 18.730 0.055
4100.61370 18.537 0.045
4105.57770 18.579 0.052
4111.61414 18.490 0.032
4115.53361 18.562 0.051
4120.56452 18.485 0.037
4124.58160 18.519 0.041
4128.59999 18.538 0.044
4252.94769 18.536 0.065
4255.86769 18.551 0.060
4268.92644 18.464 0.042
4275.94137 18.522 0.054
4279.83820 18.538 0.073
4282.82960 18.568 0.054
4283.84865 18.619 0.071
4284.87907 18.472 0.057
4285.94449 18.725 0.064
4292.88693 18.561 0.038
4295.88040 18.705 0.048
4296.91088 18.499 0.033
4297.94282 18.521 0.041
4299.87768 18.514 0.034
4300.89942 18.634 0.041
4301.91797 18.509 0.032
4302.93987 18.517 0.043
4306.93658 18.540 0.048
4307.85114 18.534 0.036
4308.67933 18.532 0.050
4308.88727 18.560 0.044
4310.85942 18.682 0.055
4311.85928 18.644 0.082
4312.92146 18.517 0.038
4314.94054 18.516 0.067
4316.84842 18.520 0.058
4320.87573 18.486 0.043
4326.85794 18.591 0.060
4327.83410 18.573 0.078
4328.84984 18.558 0.048
4329.85096 18.508 0.045
4330.88048 18.570 0.042
4332.89669 18.516 0.050
4334.87368 18.571 0.051
4338.92611 18.893 0.075
4340.79695 18.551 0.050
4341.78983 18.536 0.056
4342.86400 18.514 0.050
4343.78338 18.611 0.046
4344.76546 18.515 0.045
4346.72175 18.522 0.053
4348.72754 18.616 0.048
4350.70420 18.516 0.038
4352.80632 18.565 0.055
4353.66233 18.509 0.049
4354.78367 18.496 0.040
4357.76735 18.548 0.052
4359.72131 18.654 0.053
4362.66896 18.506 0.069
4363.62824 18.672 0.056
4365.68662 18.463 0.056
4369.68060 18.553 0.070
4371.66955 18.507 0.050
4376.67301 18.452 0.045
4378.63963 18.791 0.062
4379.67093 18.543 0.064
4381.63008 18.653 0.071
4382.70864 18.534 0.041
4386.68289 18.488 0.041
4388.68361 18.582 0.042
4390.69245 18.581 0.038
4393.68700 18.632 0.055
4396.66156 18.553 0.054
4398.66655 18.500 0.049
4400.69106 18.609 0.053
4404.66806 18.539 0.054
4407.65595 18.535 0.043
4410.68586 18.451 0.039
4415.67219 18.575 0.039
4418.61771 18.554 0.038
4421.67552 18.603 0.043
4423.67997 18.526 0.051
4426.55618 18.525 0.058
4428.57287 18.603 0.067
4430.63309 18.475 0.043
4432.61899 18.475 0.038
4434.62426 18.489 0.041
4436.60056 18.507 0.040
4438.66322 18.558 0.056
4440.59635 18.519 0.050
4442.55787 18.560 0.062
4444.58267 18.721 0.077
4450.61510 18.520 0.058
4452.59264 18.549 0.047
4455.60178 18.490 0.044
4457.53731 18.428 0.058
4459.55740 18.842 0.069
4462.58885 18.451 0.043
4466.61300 18.579 0.047
4471.54766 18.560 0.051
4475.54173 18.580 0.054
4480.58275 18.562 0.048
4482.58971 18.607 0.068
4485.59278 18.642 0.066
4488.59503 18.525 0.065
4609.91743 18.720 0.071
4643.90154 18.557 0.053
4650.94042 18.548 0.043
4655.91983 18.479 0.039
4662.79821 18.717 0.046
4662.91503 18.647 0.043
4663.76980 18.565 0.058
4663.91765 18.494 0.051
4665.84291 18.435 0.055
4665.93674 18.506 0.053
4666.93588 18.522 0.056
4670.92500 18.535 0.045
4671.89492 18.538 0.048
4676.92519 18.522 0.059
4677.84080 18.413 0.032
4682.81523 18.567 0.045
4684.85309 18.564 0.042
4686.81308 18.529 0.032
4688.82904 18.580 0.039
4690.75464 18.539 0.040
4691.75767 18.596 0.061
4693.91264 18.439 0.052
4696.88632 18.684 0.085
4697.82483 18.473 0.054
4698.77439 18.488 0.032
4699.76852 18.619 0.043
4700.80323 18.835 0.055
4701.81114 18.605 0.048
4703.77036 18.522 0.043
4704.78910 18.534 0.036
4705.79660 18.801 0.063
4707.78899 18.533 0.035
4709.74481 18.550 0.041
4710.77338 18.883 0.050
4715.75334 18.840 0.057
4716.77905 18.471 0.029
4717.70510 18.475 0.045
4719.79393 18.651 0.072
4721.78677 18.442 0.059
4724.66933 18.530 0.053
4725.74880 18.527 0.045
4728.75439 18.610 0.047
4733.73096 18.528 0.039
4740.67253 18.466 0.041
4741.70791 18.517 0.032
4743.75648 18.523 0.033
4747.61211 18.532 0.051
4749.61179 18.537 0.060
4753.68276 18.674 0.068
4755.67478 18.551 0.044
4757.65927 18.550 0.042
4759.67397 18.494 0.032
4761.64235 18.558 0.032
4763.65960 18.462 0.048
4767.60052 18.542 0.045
4770.66906 18.560 0.052
4772.60680 18.536 0.039
4774.56136 18.473 0.042
4776.55297 18.576 0.048
4777.65491 18.438 0.045
4780.52361 18.507 0.053
4781.63756 18.637 0.050
4783.58669 18.483 0.051
4785.62207 18.596 0.063
4787.57425 18.658 0.083
4789.55318 18.514 0.042
4791.53470 18.600 0.057
4793.54212 18.571 0.050
4795.55482 18.577 0.041
4797.54708 18.517 0.049
4798.61042 18.529 0.048
4800.65780 18.536 0.041
4803.54891 18.520 0.043
4804.60400 18.642 0.064
4805.59086 18.483 0.041
4807.52867 18.546 0.071
4809.55802 18.500 0.042
4811.57992 18.742 0.055
4813.55685 18.448 0.055
4815.59277 18.485 0.053
4816.53985 18.816 0.058
4818.59012 18.522 0.048
4820.53162 18.520 0.054
4822.58838 18.574 0.041
4824.57320 18.482 0.054
4826.63284 18.439 0.035
4833.57228 18.556 0.041
4835.59549 18.485 0.053
4836.63561 18.483 0.054
4837.56251 18.616 0.068
4837.60646 18.572 0.060
4838.60656 18.571 0.047
4839.58508 18.783 0.068
4841.55724 18.525 0.053
4841.58281 18.568 0.055
4842.53474 18.530 0.072
4842.60683 18.517 0.061
4843.52893 18.430 0.076
4843.57704 18.484 0.053
4844.52683 18.779 0.115
4844.61721 18.798 0.057
4846.58616 18.485 0.044
4847.62249 18.459 0.058
4848.62240 18.577 0.041
4850.60987 18.496 0.047
4854.60110 18.672 0.051
4856.61834 18.524 0.040
4862.56626 18.562 0.038
4868.55663 18.543 0.049
4935.91263 18.438 0.055
4937.91334 18.488 0.048
4940.91475 18.572 0.057
4954.91770 18.600 0.057
