2086.91788 19.104 0.077
2104.84997 19.086 0.056
2106.90981 19.158 0.081
2115.90479 19.045 0.072
2116.89092 19.181 0.063
2117.89659 19.067 0.059
2122.82915 19.222 0.130
2123.83959 19.045 0.076
2124.85891 19.294 0.185
2128.84414 19.327 0.108
2129.87626 18.976 0.061
2130.82514 19.185 0.077
2131.81866 19.096 0.073
2132.82488 19.107 0.078
2133.91343 19.122 0.099
2134.82976 19.560 0.131
2135.86420 19.426 0.090
2136.86411 19.125 0.083
2137.90908 19.065 0.094
2140.83398 19.125 0.071
2142.88122 19.131 0.077
2143.83528 19.141 0.072
2144.80679 19.213 0.053
2155.89748 19.009 0.096
2156.84401 19.215 0.077
2160.77372 19.227 0.079
2162.78028 19.238 0.061
2166.77505 19.086 0.069
2167.74587 19.494 0.080
2168.73237 19.087 0.062
2171.75844 19.166 0.062
2172.76501 19.157 0.068
2173.72710 19.495 0.081
2177.65875 19.121 0.080
2184.72010 19.222 0.091
2185.68358 19.074 0.072
2187.66619 19.120 0.096
2190.71010 19.487 0.106
2191.65193 19.230 0.083
2192.68069 19.135 0.051
2193.70166 19.118 0.048
2194.67294 19.165 0.059
2201.73902 19.082 0.061
2206.62485 18.975 0.096
2211.66350 19.012 0.058
2212.66257 19.849 0.165
2213.67355 19.020 0.100
2214.65992 19.189 0.093
2215.67521 19.097 0.081
2217.65287 19.123 0.108
2219.69602 19.215 0.099
2222.74525 19.157 0.086
2223.68499 19.036 0.072
2225.61452 19.125 0.061
2226.66086 19.094 0.080
2228.57626 19.286 0.083
2230.51353 18.993 0.151
2232.52733 19.100 0.103
2234.56941 19.158 0.067
2236.55890 19.076 0.063
2238.56428 19.693 0.121
2241.55111 19.166 0.090
2243.58935 19.150 0.067
2248.63379 19.013 0.051
2250.59981 19.110 0.066
2253.58770 19.099 0.067
2256.56998 19.203 0.090
2258.61041 19.063 0.053
2263.60167 19.226 0.087
2265.62769 19.114 0.054
2270.58588 19.132 0.070
2272.58395 19.143 0.074
2274.56780 19.021 0.084
2276.53139 19.299 0.130
2280.54787 19.270 0.117
2285.58638 19.182 0.072
2289.58329 19.155 0.074
2291.58400 19.033 0.067
2293.58450 19.316 0.103
2295.58081 19.141 0.078
2297.58399 19.266 0.106
2299.58047 19.061 0.075
2301.57316 19.068 0.098
2448.90478 19.205 0.116
2460.90484 19.025 0.091
2463.93393 19.167 0.102
2466.85579 19.556 0.136
2467.91966 19.140 0.070
2469.91896 19.001 0.096
2471.90850 19.124 0.109
2472.89857 19.446 0.082
2473.92476 19.286 0.065
2481.88403 19.232 0.108
2483.90769 19.128 0.052
2486.90780 19.190 0.106
2488.90976 19.028 0.084
2492.92209 19.148 0.071
2495.91725 19.415 0.078
2496.92186 19.185 0.069
2498.79311 19.511 0.089
2499.87810 19.189 0.062
2500.88653 19.002 0.064
2501.87328 19.082 0.053
2502.85344 19.167 0.084
2508.76406 19.140 0.152
2516.79550 19.101 0.103
2517.84227 19.120 0.075
2518.81456 19.134 0.071
2519.81284 19.077 0.056
2520.81101 19.164 0.085
2521.79929 19.432 0.081
2524.80269 19.017 0.078
2526.79652 19.136 0.047
2529.79274 19.084 0.056
2534.85334 19.511 0.112
2535.79098 19.088 0.065
2537.72106 19.332 0.113
2538.82214 19.008 0.076
2539.71930 19.131 0.073
2540.76180 19.220 0.104
2541.73118 19.095 0.064
2542.70100 19.134 0.061
2544.68093 19.214 0.064
2545.69446 19.134 0.059
2547.71245 19.066 0.064
2548.73044 19.174 0.068
2550.72571 19.252 0.069
2551.71224 19.095 0.056
2552.72825 19.126 0.052
2554.72135 19.081 0.056
2555.72929 19.088 0.056
2556.70836 19.120 0.055
2557.72088 19.127 0.048
2558.67736 19.052 0.060
2559.63441 19.706 0.117
2560.66734 19.405 0.070
2561.71296 19.099 0.077
2562.68572 19.058 0.064
2563.69365 19.101 0.073
2564.71001 19.096 0.074
2565.70601 19.110 0.077
2566.68095 19.604 0.104
2568.75000 19.174 0.089
2571.66655 19.091 0.066
2572.74181 19.085 0.079
2573.67988 19.087 0.098
2574.65986 19.165 0.067
2576.69460 19.262 0.087
2577.65966 19.096 0.086
2578.64716 19.018 0.074
2579.65768 19.111 0.072
2580.66582 19.233 0.066
2583.63787 19.180 0.085
2584.64432 19.002 0.064
2586.64552 19.180 0.066
2587.62740 19.138 0.067
2589.61831 19.133 0.068
2590.63505 19.138 0.074
2591.66123 19.145 0.078
2593.62450 19.131 0.074
2596.60414 19.068 0.095
2597.59131 19.126 0.097
2598.67151 19.092 0.077
2599.62558 19.651 0.175
2607.64568 19.056 0.078
2610.56701 19.224 0.087
2613.56101 19.110 0.068
2615.59140 19.729 0.098
2619.57591 19.181 0.074
2621.58490 19.897 0.187
2625.56764 19.032 0.097
2627.53833 19.128 0.095
2630.55276 19.034 0.099
2635.56647 19.199 0.061
2640.53168 19.208 0.102
2642.57143 19.240 0.097
2646.58278 18.974 0.069
2651.55685 19.201 0.106
2654.57706 19.225 0.114
2657.53693 19.046 0.107
2661.53346 19.196 0.059
2664.57393 19.054 0.089
2672.55188 19.129 0.122
2676.54208 19.139 0.080
2679.55678 19.048 0.065
2683.53515 19.416 0.190
2777.92190 19.236 0.098
2804.85045 19.056 0.113
2805.86773 19.279 0.149
2811.92285 19.271 0.110
2815.89647 19.142 0.061
2817.94510 19.233 0.103
2825.92837 19.555 0.122
2830.83565 19.035 0.069
2831.80530 19.228 0.104
2832.76599 19.067 0.073
2832.94386 19.113 0.076
2833.88382 19.288 0.116
2834.93447 19.060 0.073
2836.87829 19.435 0.159
2838.83584 19.222 0.102
2840.84353 19.098 0.067
2843.84485 19.307 0.079
2844.89057 19.066 0.052
2845.93760 19.078 0.078
2849.87410 19.320 0.082
2850.90685 19.047 0.080
2852.83544 19.144 0.099
2854.84679 19.122 0.093
2857.85421 19.227 0.080
2858.92783 19.102 0.058
2860.89376 19.154 0.061
2861.76519 19.148 0.055
2862.88863 18.984 0.067
2865.81300 19.463 0.101
2866.89972 19.472 0.156
2867.80240 19.195 0.075
2868.80602 19.084 0.064
2869.79255 19.107 0.060
2870.83404 19.200 0.068
2871.87716 19.027 0.058
2872.83399 19.172 0.054
2875.82483 19.456 0.111
2876.79424 19.104 0.060
2879.72076 19.121 0.060
2883.84398 19.096 0.054
2885.77933 19.131 0.046
2890.71021 19.132 0.111
2893.76166 19.123 0.067
2895.81088 19.106 0.053
2897.71437 19.579 0.100
2899.75206 19.145 0.053
2903.76784 19.075 0.038
2906.72005 19.141 0.054
2908.69706 19.238 0.073
2910.69195 19.137 0.076
2912.69729 19.168 0.058
2916.71004 19.084 0.049
2918.68693 19.081 0.062
2922.68690 19.098 0.077
2924.62789 19.144 0.075
2926.62189 19.157 0.069
2929.68310 19.129 0.067
2931.65902 19.140 0.050
2933.66948 19.109 0.047
2935.63383 19.112 0.070
2937.65942 19.202 0.079
2939.67488 19.269 0.082
2940.65205 19.159 0.046
2941.62729 19.153 0.052
2942.65210 19.129 0.068
2943.62343 19.219 0.078
2944.60779 19.132 0.125
2946.56257 19.543 0.105
2946.60253 19.502 0.102
2947.63414 19.208 0.078
2949.61524 19.145 0.065
2950.56678 19.103 0.069
2951.64736 19.112 0.072
2953.59527 19.246 0.075
2955.58041 19.127 0.083
2957.59399 19.130 0.055
2960.60844 19.195 0.098
2962.64828 19.159 0.070
2965.65094 19.091 0.058
2968.61328 19.134 0.079
2970.63211 19.240 0.069
2972.63667 19.228 0.077
2975.54474 19.374 0.077
2977.64055 19.020 0.085
2979.58044 19.181 0.082
2983.56125 19.159 0.082
2986.57784 19.127 0.065
2988.54983 19.240 0.085
2991.57597 19.422 0.095
2994.56171 19.121 0.080
2997.57710 19.119 0.060
3000.56823 19.204 0.073
3003.55109 19.114 0.086
3006.53839 19.115 0.069
3009.53367 19.202 0.118
3013.53610 19.274 0.098
3015.57133 19.489 0.094
3018.54843 19.313 0.120
3020.58414 19.199 0.068
3022.53702 19.281 0.120
3024.53679 19.187 0.104
3025.59639 19.018 0.065
3027.62189 19.189 0.073
3029.59359 19.280 0.080
3031.59841 19.280 0.062
3034.52866 19.097 0.090
3037.54783 19.874 0.190
3169.93001 19.033 0.086
3177.93553 19.128 0.095
3183.92985 19.250 0.088
3193.89773 19.320 0.100
3196.86979 19.366 0.066
3197.93221 19.574 0.120
3202.85771 19.207 0.077
3203.89774 19.545 0.065
3206.83557 19.133 0.082
3210.91158 19.084 0.066
3211.86619 19.210 0.073
3215.80130 19.156 0.114
3217.79717 19.143 0.084
3223.85333 19.225 0.080
3228.77203 19.080 0.077
3229.85386 19.191 0.059
3231.83533 19.030 0.077
3238.77219 19.155 0.063
3239.81573 19.187 0.066
3240.80846 19.083 0.077
3241.79193 19.315 0.092
3242.73593 19.190 0.080
3243.86853 19.167 0.078
3244.84712 19.377 0.129
3245.79486 19.232 0.096
3246.78762 19.307 0.084
3247.79600 19.070 0.079
3249.74630 19.224 0.082
3251.75986 19.272 0.053
3254.74755 19.156 0.057
3259.68459 19.140 0.067
3261.72064 19.156 0.054
3263.71786 19.096 0.043
3265.73920 19.139 0.065
3267.72596 18.900 0.053
3269.82047 19.022 0.076
3270.67941 19.281 0.081
3271.68234 19.078 0.064
3273.64065 19.132 0.086
3275.62651 19.051 0.073
3276.72991 19.173 0.091
3277.76855 19.205 0.077
3279.70017 19.089 0.052
3281.65874 19.213 0.051
3283.66041 19.166 0.040
3287.62654 19.180 0.076
3289.64152 19.165 0.051
3293.61508 19.060 0.055
3295.63301 19.161 0.038
3298.57091 18.908 0.045
3300.57321 19.906 0.153
3302.55018 19.161 0.083
3305.65020 18.990 0.063
3307.56249 19.175 0.089
3309.58759 19.094 0.059
3311.53920 19.068 0.066
3314.58215 19.268 0.115
3320.61995 19.164 0.060
3323.56739 19.734 0.117
3327.57491 19.122 0.059
3330.57040 19.102 0.089
3335.61440 19.216 0.092
3338.56007 19.145 0.066
3350.53438 18.952 0.051
3353.59297 19.320 0.067
3359.57002 19.116 0.060
3363.57693 19.177 0.074
3367.63652 18.952 0.057
3372.56999 19.107 0.064
3376.54611 19.216 0.059
3380.53252 19.299 0.153
3386.57950 19.136 0.047
3398.57501 19.249 0.088
3402.57225 19.107 0.060
3543.88591 19.027 0.073
3551.90940 19.805 0.191
3554.94062 19.127 0.073
3561.94786 19.074 0.069
3564.92553 19.213 0.047
3568.87116 19.037 0.056
3570.83216 19.175 0.098
3571.82311 19.207 0.112
3573.86881 19.659 0.169
3575.82459 19.063 0.070
3577.88097 19.257 0.081
3578.91699 19.154 0.051
3579.82205 19.096 0.050
3581.89113 19.311 0.088
3582.84743 19.019 0.069
3583.85766 19.128 0.057
3584.82790 19.304 0.072
3585.87875 19.090 0.039
3586.83092 19.128 0.041
3588.84922 19.130 0.058
3590.80526 19.376 0.060
3592.77001 19.139 0.040
3594.80950 19.185 0.051
3597.84945 19.291 0.080
3600.88561 19.179 0.111
3607.83761 19.215 0.059
3617.79363 18.984 0.042
3619.77173 19.118 0.050
3621.76422 19.154 0.047
3628.79109 19.096 0.083
3630.64295 19.321 0.100
3632.64031 19.159 0.094
3634.71321 19.151 0.063
3637.67204 19.079 0.058
3639.72195 19.160 0.041
3641.71873 19.374 0.077
3643.81714 19.194 0.084
3644.75780 19.155 0.043
3646.68884 19.148 0.061
3650.71007 19.048 0.047
3652.64523 19.171 0.049
3654.61568 19.335 0.070
3656.64723 19.079 0.062
3657.70494 19.137 0.055
3658.67986 19.148 0.068
3659.66256 19.118 0.081
3661.61124 19.606 0.127
3663.63418 19.163 0.094
3665.66652 19.114 0.057
3668.61568 19.134 0.066
3670.56638 19.155 0.088
3672.60581 19.120 0.064
3674.63507 19.147 0.049
3676.59289 19.057 0.057
3682.58183 19.041 0.064
3684.57469 19.297 0.070
3686.56458 19.207 0.073
3688.53766 19.242 0.068
3690.54357 19.162 0.091
3692.59612 19.149 0.075
3694.58270 19.088 0.054
3696.57883 19.093 0.050
3698.61253 19.110 0.086
3700.62258 19.334 0.077
3702.61350 19.032 0.064
3704.61402 19.072 0.053
3706.62888 19.512 0.072
3708.61028 19.105 0.072
3712.56681 19.182 0.062
3714.56948 19.004 0.061
3718.55296 19.124 0.069
3721.58516 19.136 0.080
3725.61403 19.083 0.049
3730.53829 19.172 0.052
3734.60896 18.989 0.055
3738.56103 19.232 0.080
3742.55821 19.068 0.088
3747.55798 19.065 0.085
3751.56677 19.018 0.086
3757.53445 18.912 0.095
3766.55000 19.093 0.055
3772.57675 19.265 0.071
3777.52409 18.925 0.089
3871.89614 19.038 0.092
3902.91644 19.091 0.081
3907.91130 19.237 0.080
3913.93685 19.087 0.043
3918.90664 19.131 0.051
3931.93820 19.216 0.088
3934.87617 19.043 0.047
3936.88445 19.070 0.064
3938.86851 19.219 0.074
3945.87547 19.147 0.053
3950.82042 19.193 0.053
3957.77596 19.280 0.128
3959.76543 19.360 0.086
3961.75956 19.124 0.084
3964.76779 19.118 0.041
3966.76004 19.516 0.122
3968.75372 19.047 0.084
3970.74541 19.159 0.042
3973.71474 19.053 0.066
3975.72698 19.199 0.062
3980.66221 19.225 0.079
3981.66195 19.023 0.055
3982.72633 19.622 0.177
3986.69968 19.178 0.078
3991.72887 19.111 0.070
3994.64129 19.258 0.123
3998.67166 19.645 0.105
4001.64248 19.111 0.047
4003.61392 19.365 0.086
4004.69372 19.325 0.075
4005.68785 19.218 0.053
4007.58110 19.283 0.069
4008.59000 19.619 0.067
4011.64048 19.055 0.051
4014.62292 19.518 0.138
4016.61971 19.286 0.070
4018.61612 19.139 0.069
4020.61956 18.979 0.071
4023.60541 19.220 0.077
4025.60578 19.058 0.060
4027.59390 19.216 0.066
4029.57620 19.080 0.060
4031.56328 19.462 0.077
4033.65756 19.025 0.047
4040.53300 19.333 0.098
4042.56089 19.032 0.062
4044.58389 18.983 0.090
4046.61698 19.175 0.080
4049.52892 19.117 0.054
4051.57850 19.248 0.077
4053.62593 19.093 0.046
4055.51857 18.966 0.084
4057.59394 19.233 0.091
4059.59237 19.165 0.059
4063.53741 19.129 0.063
4065.58704 19.055 0.052
4067.58031 19.042 0.055
4069.53318 19.282 0.082
4071.54400 19.262 0.075
4074.54011 19.128 0.072
4077.54182 19.451 0.071
4079.54200 19.016 0.059
4082.54336 19.084 0.053
4085.62069 19.195 0.079
4092.57619 19.011 0.043
4097.61878 19.317 0.085
4100.61020 19.644 0.112
4105.57419 19.066 0.066
4111.61065 19.019 0.046
4115.53011 19.509 0.121
4120.56100 19.005 0.051
4124.57249 18.952 0.056
4128.59647 19.321 0.080
4252.94414 19.008 0.079
4255.86414 19.161 0.082
4268.92311 19.136 0.075
4275.93802 19.210 0.087
4279.83488 19.154 0.105
4282.82628 19.115 0.073
4283.84533 19.161 0.092
4284.87573 19.273 0.093
4285.94115 19.069 0.075
4292.88361 19.089 0.049
4295.87707 19.084 0.059
4296.90756 19.128 0.051
4297.93949 19.128 0.055
4299.87436 19.106 0.046
4300.89610 19.063 0.050
4301.91467 19.175 0.047
4302.93655 19.183 0.068
4306.93326 19.101 0.065
4307.84785 19.104 0.051
4308.67605 19.179 0.071
4308.88395 19.131 0.063
4310.85613 19.170 0.072
4311.85598 19.025 0.101
4312.91815 19.203 0.056
4314.93723 19.068 0.092
4316.84512 19.220 0.100
4320.87243 19.144 0.063
4326.85465 19.177 0.073
4327.83061 19.246 0.109
4328.84636 19.098 0.073
4329.84769 19.206 0.077
4330.87702 19.103 0.062
4332.89323 19.161 0.072
4334.87019 19.135 0.077
4338.92266 19.055 0.067
4340.79350 19.128 0.071
4341.78636 19.128 0.076
4342.86055 19.114 0.077
4343.77992 19.313 0.080
4344.76199 19.279 0.077
4346.71830 19.165 0.077
4348.72407 19.129 0.061
4350.70071 19.093 0.051
4352.80288 19.174 0.075
4353.65885 19.342 0.099
4354.78018 19.135 0.070
4357.76390 19.088 0.076
4359.71785 19.432 0.107
4362.66551 19.101 0.100
4363.62481 19.086 0.073
4365.68317 19.151 0.087
4369.67713 19.564 0.122
4371.66608 19.070 0.078
4376.66957 19.290 0.074
4378.63617 19.262 0.082
4379.66748 19.183 0.099
4381.62663 19.057 0.088
4382.70518 19.166 0.057
4386.67945 19.193 0.068
4388.68017 19.120 0.060
4390.68899 19.122 0.051
4393.68355 19.103 0.073
4396.65811 19.123 0.071
4398.66309 19.612 0.114
4400.68761 19.097 0.068
4404.66459 19.238 0.088
4407.65248 19.127 0.065
4410.68241 19.151 0.067
4415.66874 19.661 0.090
4418.61426 19.071 0.055
4421.67204 19.443 0.093
4423.67651 19.074 0.079
4426.55272 19.066 0.080
4428.56942 19.114 0.097
4430.62964 19.188 0.071
4432.61551 19.254 0.068
4434.62079 19.196 0.071
4436.59710 19.131 0.059
4438.65976 19.373 0.103
4440.59287 19.226 0.087
4442.55437 19.047 0.088
4444.57918 19.184 0.105
4450.61160 19.287 0.112
4452.58914 19.087 0.074
4454.52620 19.201 0.177
4455.59830 19.149 0.074
4457.53381 19.076 0.105
4459.55392 19.022 0.073
4462.58536 19.088 0.079
4466.60949 19.219 0.080
4471.54414 19.107 0.077
4475.53680 19.174 0.092
4480.57922 19.047 0.067
4482.58618 19.428 0.129
4485.58926 19.179 0.109
4488.59149 19.115 0.098
4609.91387 19.217 0.078
4643.89803 19.140 0.085
4650.93691 19.056 0.058
4655.91632 19.101 0.056
4662.79470 19.136 0.122
4662.91153 19.120 0.057
4663.76632 19.332 0.121
4663.91414 18.997 0.065
4665.83940 19.083 0.077
4665.93323 19.275 0.096
4666.92850 19.142 0.086
4666.93239 19.316 0.107
4670.92150 19.227 0.075
4671.89140 19.144 0.078
4673.87344 19.231 0.063
4674.80185 19.445 0.107
4674.86205 19.368 0.097
4676.92169 19.119 0.093
4677.83729 19.073 0.053
4682.81176 19.051 0.064
4684.84962 19.167 0.067
4686.80960 19.012 0.041
4688.82556 19.145 0.055
4690.75115 19.620 0.082
4691.75417 19.292 0.089
4693.90918 18.970 0.079
4696.88282 19.129 0.100
4697.82134 19.665 0.148
4698.77094 19.150 0.049
4699.76504 19.050 0.059
4700.79978 19.105 0.063
4701.80767 19.159 0.072
4703.76688 19.215 0.070
4704.78564 19.086 0.046
4705.79312 18.989 0.061
4707.78554 19.331 0.052
4709.74133 19.125 0.057
4710.76990 19.125 0.057
4715.74991 19.126 0.066
4716.77560 19.136 0.051
4717.70037 19.310 0.097
4719.78965 19.004 0.071
4721.78330 19.135 0.096
4724.66589 19.099 0.077
4725.74535 19.158 0.064
4728.75092 19.172 0.066
4733.72748 19.117 0.057
4740.66908 19.133 0.062
4741.70446 19.148 0.047
4747.60865 19.201 0.080
4749.60833 19.097 0.093
4753.67932 19.339 0.105
4755.67131 19.081 0.060
4757.65583 19.040 0.057
4759.67052 19.101 0.049
4761.63889 19.140 0.041
4763.65132 19.089 0.078
4767.59707 19.177 0.077
4770.66561 18.939 0.067
4772.60337 19.106 0.059
4774.55792 19.059 0.057
4776.54951 19.194 0.081
4777.65146 19.015 0.078
4780.52014 19.000 0.075
4781.61430 19.355 0.109
4783.58323 19.096 0.072
4785.61859 19.751 0.178
4787.57081 19.247 0.121
4789.54971 19.186 0.064
4791.53126 19.235 0.083
4793.53867 19.081 0.068
4795.55134 19.142 0.053
4797.54359 19.187 0.072
4798.60694 19.177 0.081
4800.65432 19.191 0.071
4803.54545 19.084 0.063
4804.60055 19.041 0.085
4805.58740 19.133 0.067
4807.52518 19.383 0.169
4809.55453 19.181 0.070
4811.57643 19.152 0.071
4813.55337 19.191 0.100
4815.58928 19.169 0.090
4816.53637 19.185 0.071
4818.58665 19.004 0.067
4820.52814 19.269 0.134
4822.58489 19.219 0.068
4824.56971 19.646 0.145
4826.61935 19.134 0.068
4833.56875 19.032 0.058
4835.59200 19.049 0.085
4837.60295 19.066 0.101
4841.57929 19.160 0.085
4843.57354 19.134 0.086
4846.58263 19.315 0.078
4848.61887 19.180 0.061
4850.60635 19.129 0.073
4854.59759 19.475 0.093
4856.61483 19.065 0.060
4862.56274 19.167 0.054
4868.55309 19.104 0.072
