2086.89971 15.985 0.008
2086.89971 15.985 0.008
2103.90643 15.844 0.007
2103.90643 15.844 0.007
2105.93657 15.851 0.007
2105.93657 15.851 0.007
2106.90218 15.852 0.008
2106.90218 15.852 0.008
2112.85456 15.848 0.007
2112.85456 15.848 0.007
2116.88230 15.854 0.007
2116.88230 15.854 0.007
2122.82163 15.818 0.008
2122.82163 15.818 0.008
2123.82923 15.855 0.008
2123.82923 15.855 0.008
2124.84969 15.850 0.009
2124.84969 15.850 0.009
2128.83670 15.846 0.008
2128.83670 15.846 0.008
2129.86869 15.850 0.007
2129.86869 15.850 0.007
2130.85510 15.844 0.007
2130.85510 15.844 0.007
2131.84916 15.840 0.008
2131.84916 15.840 0.008
2132.81695 15.850 0.008
2132.81695 15.850 0.008
2133.90577 15.846 0.008
2133.90577 15.846 0.008
2134.82124 15.844 0.008
2134.82124 15.844 0.008
2135.85527 15.859 0.007
2135.85527 15.859 0.007
2137.90211 15.857 0.008
2137.90211 15.857 0.008
2140.82253 15.854 0.007
2140.82253 15.854 0.007
2142.76206 15.839 0.007
2142.76206 15.839 0.007
2143.82757 15.850 0.007
2143.82757 15.850 0.007
2144.83426 15.843 0.007
2144.83426 15.843 0.007
2155.88975 15.850 0.009
2155.88975 15.850 0.009
2156.83639 15.848 0.008
2156.83639 15.848 0.008
2160.76576 15.848 0.008
2160.76576 15.848 0.008
2162.77260 15.848 0.007
2162.77260 15.848 0.007
2166.76716 15.833 0.007
2166.76716 15.833 0.007
2167.77563 15.840 0.007
2167.77563 15.840 0.007
2168.72483 15.842 0.007
2168.72483 15.842 0.007
2172.75738 15.841 0.007
2172.75738 15.841 0.007
2177.65084 15.836 0.007
2177.65084 15.836 0.007
2183.71025 15.830 0.008
2183.71025 15.830 0.008
2184.71246 15.836 0.008
2184.71246 15.836 0.008
2185.67596 15.833 0.008
2185.67596 15.833 0.008
2186.70081 15.825 0.008
2186.70081 15.825 0.008
2187.69597 15.832 0.008
2187.69597 15.832 0.008
2190.70257 15.849 0.008
2190.70257 15.849 0.008
2191.67311 15.849 0.007
2191.67311 15.849 0.007
2192.67324 15.840 0.007
2192.67324 15.840 0.007
2193.69431 15.850 0.007
2193.69431 15.850 0.007
2194.66445 15.856 0.007
2194.66445 15.856 0.007
2203.56091 15.866 0.007
2203.56091 15.866 0.007
2206.61720 15.926 0.009
2206.61720 15.926 0.009
2211.65131 15.955 0.008
2211.65131 15.955 0.008
2212.65515 15.940 0.008
2212.65515 15.940 0.008
2213.66095 15.944 0.008
2213.66095 15.944 0.008
2214.65214 15.927 0.008
2214.65214 15.927 0.008
2215.65913 15.886 0.009
2215.65913 15.886 0.009
2217.64583 15.859 0.008
2217.64583 15.859 0.008
2219.68870 15.859 0.008
2219.68870 15.859 0.008
2222.73726 15.851 0.008
2222.73726 15.851 0.008
2224.72356 15.851 0.007
2224.72356 15.851 0.007
2226.64645 15.854 0.009
2226.64645 15.854 0.009
2228.56834 15.856 0.008
2228.56834 15.856 0.008
2229.62662 15.847 0.007
2229.62662 15.847 0.007
2231.65327 15.856 0.008
2231.65327 15.856 0.008
2232.52003 15.835 0.008
2232.52003 15.835 0.008
2233.62342 15.844 0.007
2233.62342 15.844 0.007
2235.67352 15.847 0.007
2235.67352 15.847 0.007
2238.55709 15.844 0.007
2238.55709 15.844 0.007
2240.66138 15.841 0.007
2240.66138 15.841 0.007
2242.62891 15.844 0.008
2242.62891 15.844 0.008
2248.61823 15.845 0.007
2248.61823 15.845 0.007
2250.58688 15.851 0.007
2250.58688 15.851 0.007
2253.58057 15.833 0.007
2253.58057 15.833 0.007
2255.61721 15.841 0.007
2255.61721 15.841 0.007
2258.58349 15.853 0.006
2258.58349 15.853 0.006
2263.59425 15.841 0.007
2263.59425 15.841 0.007
2266.58010 15.844 0.008
2266.58010 15.844 0.008
2271.57463 15.844 0.007
2271.57463 15.844 0.007
2273.57395 15.848 0.008
2273.57395 15.848 0.008
2275.60888 15.842 0.008
2275.60888 15.842 0.008
2276.56847 15.854 0.009
2276.56847 15.854 0.009
2278.60108 15.844 0.008
2278.60108 15.844 0.008
2280.59687 15.847 0.008
2280.59687 15.847 0.008
2284.59975 15.839 0.008
2284.59975 15.839 0.008
2290.61373 15.857 0.007
2290.61373 15.857 0.007
2293.57603 15.855 0.008
2293.57603 15.855 0.008
2295.56892 15.851 0.007
2295.56892 15.851 0.007
2297.57225 15.843 0.008
2297.57225 15.843 0.008
2299.57134 15.846 0.008
2299.57134 15.846 0.008
2445.92217 15.848 0.008
2445.92217 15.848 0.008
2460.89006 15.852 0.009
2460.89006 15.852 0.009
2463.92636 15.843 0.008
2463.92636 15.843 0.008
2467.91215 15.849 0.008
2467.91215 15.849 0.008
2469.91151 15.850 0.008
2469.91151 15.850 0.008
2471.90098 15.850 0.008
2471.90098 15.850 0.008
2472.93041 15.855 0.006
2472.93041 15.855 0.006
2473.91727 15.851 0.006
2473.91727 15.851 0.006
2481.91461 15.854 0.008
2481.91461 15.854 0.008
2483.89985 15.833 0.007
2483.89985 15.833 0.007
2486.89686 15.842 0.008
2486.89686 15.842 0.008
2488.89076 15.856 0.009
2488.89076 15.856 0.009
2488.89511 15.856 0.009
2488.89511 15.856 0.009
2489.93422 15.858 0.008
2489.93422 15.858 0.008
2492.91459 15.852 0.008
2492.91459 15.852 0.008
2495.90929 15.851 0.008
2495.90929 15.851 0.008
2496.91424 15.840 0.007
2496.91424 15.840 0.007
2497.93768 15.830 0.008
2497.93768 15.830 0.008
2498.78493 15.827 0.007
2498.78493 15.827 0.007
2499.87059 15.825 0.007
2499.87059 15.825 0.007
2500.87612 15.840 0.007
2500.87612 15.840 0.007
2501.86509 15.837 0.007
2501.86509 15.837 0.007
2502.84526 15.842 0.008
2502.84526 15.842 0.008
2508.75658 15.840 0.009
2508.75658 15.840 0.009
2516.78783 15.846 0.008
2516.78783 15.846 0.008
2517.83458 15.830 0.007
2517.83458 15.830 0.007
2518.80600 15.851 0.008
2518.80600 15.851 0.008
2519.84292 15.843 0.007
2519.84292 15.843 0.007
2520.80231 15.849 0.008
2520.80231 15.849 0.008
2521.83440 15.845 0.007
2521.83440 15.845 0.007
2524.83271 15.859 0.008
2524.83271 15.859 0.008
2526.78890 15.861 0.007
2526.78890 15.861 0.007
2534.84525 15.898 0.008
2534.84525 15.898 0.008
2535.82544 15.923 0.008
2535.82544 15.923 0.008
2537.71322 15.951 0.009
2537.71322 15.951 0.009
2538.80922 15.959 0.008
2538.80922 15.959 0.008
2539.71202 15.950 0.008
2539.71202 15.950 0.008
2540.75390 15.936 0.009
2540.75390 15.936 0.009
2541.72390 15.944 0.008
2541.72390 15.944 0.008
2542.69369 15.944 0.008
2542.69369 15.944 0.008
2544.67323 15.908 0.007
2544.67323 15.908 0.007
2545.68728 15.883 0.007
2545.68728 15.883 0.007
2547.70527 15.860 0.008
2547.70527 15.860 0.008
2548.72273 15.860 0.007
2548.72273 15.860 0.007
2550.71787 15.860 0.008
2550.71787 15.860 0.008
2551.70447 15.856 0.007
2551.70447 15.856 0.007
2552.72052 15.869 0.007
2552.72052 15.869 0.007
2554.71370 15.850 0.007
2554.71370 15.850 0.007
2555.72165 15.854 0.007
2555.72165 15.854 0.007
2556.70066 15.851 0.007
2556.70066 15.851 0.007
2557.71319 15.847 0.007
2557.71319 15.847 0.007
2558.66968 15.849 0.007
2558.66968 15.849 0.007
2559.62658 15.849 0.007
2559.62658 15.849 0.007
2560.65965 15.857 0.007
2560.65965 15.857 0.007
2562.67807 15.843 0.008
2562.67807 15.843 0.008
2563.68603 15.850 0.007
2563.68603 15.850 0.007
2564.70141 15.847 0.008
2564.70141 15.847 0.008
2565.69133 15.846 0.008
2565.69133 15.846 0.008
2566.67163 15.846 0.007
2566.67163 15.846 0.007
2568.70262 15.848 0.008
2568.70262 15.848 0.008
2571.65626 15.854 0.008
2571.65626 15.854 0.008
2573.66869 15.851 0.009
2573.66869 15.851 0.009
2574.65253 15.840 0.007
2574.65253 15.840 0.007
2576.68673 15.835 0.008
2576.68673 15.835 0.008
2577.63939 15.855 0.008
2577.63939 15.855 0.008
2578.63949 15.851 0.008
2578.63949 15.851 0.008
2579.64613 15.848 0.008
2579.64613 15.848 0.008
2580.65825 15.845 0.007
2580.65825 15.845 0.007
2583.62956 15.836 0.008
2583.62956 15.836 0.008
2584.63694 15.846 0.008
2584.63694 15.846 0.008
2586.63580 15.843 0.007
2586.63580 15.843 0.007
2587.61956 15.835 0.008
2587.61956 15.835 0.008
2588.72994 15.831 0.007
2588.72994 15.831 0.007
2589.61041 15.834 0.007
2589.61041 15.834 0.007
2590.62464 15.840 0.008
2590.62464 15.840 0.008
2591.64775 15.833 0.008
2591.64775 15.833 0.008
2593.61677 15.843 0.007
2593.61677 15.843 0.007
2594.62053 15.847 0.008
2594.62053 15.847 0.008
2596.59606 15.841 0.008
2596.59606 15.841 0.008
2597.58324 15.846 0.008
2597.58324 15.846 0.008
2598.66376 15.832 0.008
2598.66376 15.832 0.008
2599.61655 15.847 0.008
2599.61655 15.847 0.008
2607.63779 15.847 0.009
2607.63779 15.847 0.009
2610.55754 15.841 0.008
2610.55754 15.841 0.008
2613.55130 15.837 0.008
2613.55130 15.837 0.008
2615.58018 15.846 0.008
2615.58018 15.846 0.008
2619.56783 15.832 0.008
2619.56783 15.832 0.008
2621.57693 15.845 0.008
2621.57693 15.845 0.008
2625.55945 15.847 0.009
2625.55945 15.847 0.009
2632.55842 15.838 0.007
2632.55842 15.838 0.007
2636.55439 15.842 0.008
2636.55439 15.842 0.008
2639.55408 15.844 0.008
2639.55408 15.844 0.008
2642.56364 15.852 0.009
2642.56364 15.852 0.009
2646.57566 15.849 0.008
2646.57566 15.849 0.008
2651.54854 15.848 0.009
2651.54854 15.848 0.009
2654.56959 15.845 0.009
2654.56959 15.845 0.009
2657.56839 15.854 0.008
2657.56839 15.854 0.008
2660.57192 15.837 0.008
2660.57192 15.837 0.008
2671.56183 15.842 0.008
2671.56183 15.842 0.008
2673.57362 15.854 0.009
2673.57362 15.854 0.009
2676.53501 15.836 0.008
2676.53501 15.836 0.008
2679.54942 15.847 0.008
2679.54942 15.847 0.008
2682.55155 15.848 0.008
2682.55155 15.848 0.008
2777.91402 15.848 0.008
2777.91402 15.848 0.008
2804.88096 15.836 0.008
2804.88096 15.836 0.008
2811.91542 15.842 0.009
2811.91542 15.842 0.009
2814.95109 15.835 0.009
2814.95109 15.835 0.009
2817.93759 15.839 0.008
2817.93759 15.839 0.008
2825.91770 15.848 0.008
2825.91770 15.848 0.008
2830.91470 15.848 0.008
2830.91470 15.848 0.008
2831.79244 15.835 0.008
2831.79244 15.835 0.008
2832.75842 15.834 0.008
2832.75842 15.834 0.008
2832.93634 15.833 0.008
2832.93634 15.833 0.008
2833.87633 15.844 0.008
2833.87633 15.844 0.008
2835.88499 15.831 0.008
2835.88499 15.831 0.008
2837.88602 15.832 0.009
2837.88602 15.832 0.009
2838.94323 15.842 0.009
2838.94323 15.842 0.009
2840.83597 15.838 0.008
2840.83597 15.838 0.008
2843.83739 15.838 0.007
2843.83739 15.838 0.007
2844.88320 15.829 0.007
2844.88320 15.829 0.007
2845.92923 15.838 0.008
2845.92923 15.838 0.008
2849.86663 15.842 0.008
2849.86663 15.842 0.008
2850.89940 15.844 0.009
2850.89940 15.844 0.009
2851.94296 15.848 0.009
2851.94296 15.848 0.009
2852.81361 15.857 0.008
2852.81361 15.857 0.008
2854.83935 15.851 0.008
2854.83935 15.851 0.008
2856.82630 15.854 0.009
2856.82630 15.854 0.009
2858.92033 15.844 0.007
2858.92033 15.844 0.007
2860.88635 15.860 0.007
2860.88635 15.860 0.007
2861.75751 15.862 0.007
2861.75751 15.862 0.007
2862.93654 15.859 0.009
2862.93654 15.859 0.009
2863.84572 15.899 0.009
2863.84572 15.899 0.009
2865.84257 15.914 0.008
2865.84257 15.914 0.008
2866.89225 15.943 0.009
2866.89225 15.943 0.009
2867.83977 15.942 0.008
2867.83977 15.942 0.008
2869.91754 15.936 0.008
2869.91754 15.936 0.008
2870.82654 15.937 0.008
2870.82654 15.937 0.008
2871.86945 15.937 0.008
2871.86945 15.937 0.008
2875.81580 15.865 0.008
2875.81580 15.865 0.008
2876.78671 15.853 0.008
2876.78671 15.853 0.008
2879.75021 15.849 0.007
2879.75021 15.849 0.007
2883.83637 15.846 0.007
2883.83637 15.846 0.007
2885.77120 15.841 0.007
2885.77120 15.841 0.007
2888.81948 15.841 0.008
2888.81948 15.841 0.008
2892.81087 15.847 0.008
2892.81087 15.847 0.008
2894.74001 15.841 0.008
2894.74001 15.841 0.008
2896.73709 15.834 0.007
2896.73709 15.834 0.007
2898.75809 15.838 0.007
2898.75809 15.838 0.007
2900.75694 15.840 0.007
2900.75694 15.840 0.007
2902.75647 15.837 0.007
2902.75647 15.837 0.007
2905.76363 15.842 0.008
2905.76363 15.842 0.008
2907.76504 15.840 0.007
2907.76504 15.840 0.007
2909.75414 15.830 0.005
2909.75414 15.830 0.005
2911.74551 15.844 0.007
2911.74551 15.844 0.007
2915.71700 15.840 0.007
2915.71700 15.840 0.007
2917.74309 15.826 0.007
2917.74309 15.826 0.007
2921.74621 15.818 0.007
2921.74621 15.818 0.007
2923.76279 15.841 0.008
2923.76279 15.841 0.008
2925.72578 15.835 0.007
2925.72578 15.835 0.007
2927.72329 15.843 0.008
2927.72329 15.843 0.008
2930.74137 15.847 0.008
2930.74137 15.847 0.008
2932.74790 15.838 0.007
2932.74790 15.838 0.007
2934.72770 15.846 0.007
2934.72770 15.846 0.007
2937.65170 15.849 0.008
2937.65170 15.849 0.008
2939.70436 15.832 0.007
2939.70436 15.832 0.007
2940.64447 15.836 0.007
2940.64447 15.836 0.007
2941.69431 15.827 0.007
2941.69431 15.827 0.007
2942.64444 15.838 0.007
2942.64444 15.838 0.007
2943.61566 15.836 0.008
2943.61566 15.836 0.008
2944.60026 15.831 0.008
2944.60026 15.831 0.008
2945.61706 15.846 0.008
2945.61706 15.846 0.008
2947.62654 15.835 0.008
2947.62654 15.835 0.008
2949.60779 15.825 0.008
2949.60779 15.825 0.008
2950.65258 15.829 0.007
2950.65258 15.829 0.007
2951.63977 15.847 0.008
2951.63977 15.847 0.008
2952.66871 15.835 0.008
2952.66871 15.835 0.008
2954.69358 15.840 0.008
2954.69358 15.840 0.008
2956.63957 15.829 0.007
2956.63957 15.829 0.007
2958.63396 15.840 0.007
2958.63396 15.840 0.007
2961.60509 15.854 0.009
2961.60509 15.854 0.009
2965.64347 15.839 0.007
2965.64347 15.839 0.007
2968.60485 15.854 0.008
2968.60485 15.854 0.008
2970.62410 15.831 0.007
2970.62410 15.831 0.007
2972.60856 15.840 0.008
2972.60856 15.840 0.008
2974.63014 15.831 0.007
2974.63014 15.831 0.007
2976.55899 15.847 0.008
2976.55899 15.847 0.008
2978.58514 15.833 0.008
2978.58514 15.833 0.008
2980.60200 15.833 0.008
2980.60200 15.833 0.008
2982.54719 15.844 0.008
2982.54719 15.844 0.008
2984.63816 15.843 0.008
2984.63816 15.843 0.008
2986.64821 15.846 0.008
2986.64821 15.846 0.008
2988.54212 15.840 0.008
2988.54212 15.840 0.008
2991.61365 15.849 0.007
2991.61365 15.849 0.007
2994.59640 15.849 0.008
2994.59640 15.849 0.008
2997.56944 15.834 0.007
2997.56944 15.834 0.007
3001.58463 15.843 0.007
3001.58463 15.843 0.007
3005.54270 15.837 0.008
3005.54270 15.837 0.008
3008.56901 15.850 0.008
3008.56901 15.850 0.008
3011.57240 15.841 0.009
3011.57240 15.841 0.009
3016.59908 15.858 0.008
3016.59908 15.858 0.008
3018.58551 15.833 0.007
3018.58551 15.833 0.007
3020.61359 15.856 0.007
3020.61359 15.856 0.007
3021.62639 15.850 0.007
3021.62639 15.850 0.007
3023.58232 15.842 0.007
3023.58232 15.842 0.007
3025.58873 15.840 0.007
3025.58873 15.840 0.007
3027.61431 15.847 0.007
3027.61431 15.847 0.007
3029.58619 15.835 0.007
3029.58619 15.835 0.007
3031.59078 15.840 0.007
3031.59078 15.840 0.007
3033.59310 15.842 0.007
3033.59310 15.842 0.007
3037.54015 15.855 0.008
3037.54015 15.855 0.008
3164.94055 15.836 0.008
3164.94055 15.836 0.008
3177.92831 15.833 0.008
3177.92831 15.833 0.008
3183.92251 15.843 0.008
3183.92251 15.843 0.008
3193.89029 15.907 0.008
3193.89029 15.907 0.008
3196.86243 15.931 0.007
3196.86243 15.931 0.007
3197.92494 15.952 0.008
3197.92494 15.952 0.008
3199.92919 15.955 0.009
3199.92919 15.955 0.009
3201.88237 15.900 0.006
3201.88237 15.900 0.006
3203.89033 15.895 0.007
3203.89033 15.895 0.007
3206.82816 15.863 0.008
3206.82816 15.863 0.008
3210.90422 15.859 0.007
3210.90422 15.859 0.007
3211.89561 15.855 0.007
3211.89561 15.855 0.007
3215.67175 15.858 0.008
3215.67175 15.858 0.008
3216.73978 15.840 0.008
3216.73978 15.840 0.008
3217.94025 15.850 0.008
3217.94025 15.850 0.008
3218.93031 15.836 0.008
3218.93031 15.836 0.008
3222.87237 15.835 0.008
3222.87237 15.835 0.008
3223.84574 15.854 0.008
3223.84574 15.854 0.008
3226.83599 15.835 0.007
3226.83599 15.835 0.007
3229.84314 15.834 0.007
3229.84314 15.834 0.007
3231.82525 15.830 0.008
3231.82525 15.830 0.008
3239.80365 15.833 0.007
3239.80365 15.833 0.007
3240.80089 15.855 0.008
3240.80089 15.855 0.008
3241.82523 15.849 0.008
3241.82523 15.849 0.008
3242.72460 15.838 0.007
3242.72460 15.838 0.007
3243.86102 15.854 0.007
3243.86102 15.854 0.007
3244.83825 15.832 0.007
3244.83825 15.832 0.007
3245.78735 15.838 0.007
3245.78735 15.838 0.007
3247.77356 15.838 0.007
3247.77356 15.838 0.007
3249.73825 15.845 0.007
3249.73825 15.845 0.007
3251.75176 15.833 0.007
3251.75176 15.833 0.007
3254.73889 15.840 0.007
3254.73889 15.840 0.007
3257.75534 15.842 0.006
3257.75534 15.842 0.006
3259.67449 15.844 0.007
3259.67449 15.844 0.007
3261.71257 15.832 0.007
3261.71257 15.832 0.007
3263.69528 15.842 0.006
3263.69528 15.842 0.006
3265.72968 15.849 0.007
3265.72968 15.849 0.007
3267.71849 15.851 0.006
3267.71849 15.851 0.006
3269.81242 15.843 0.008
3269.81242 15.843 0.008
3270.75177 15.845 0.007
3270.75177 15.845 0.007
3271.67459 15.841 0.007
3271.67459 15.841 0.007
3272.73182 15.835 0.007
3272.73182 15.835 0.007
3274.71765 15.842 0.007
3274.71765 15.842 0.007
3276.72210 15.834 0.007
3276.72210 15.834 0.007
3277.76086 15.839 0.007
3277.76086 15.839 0.007
3279.69246 15.837 0.006
3279.69246 15.837 0.006
3281.65118 15.827 0.007
3281.65118 15.827 0.007
3283.65268 15.843 0.006
3283.65268 15.843 0.006
3287.61884 15.846 0.007
3287.61884 15.846 0.007
3289.62995 15.839 0.007
3289.62995 15.839 0.007
3293.60668 15.865 0.006
3293.60668 15.865 0.006
3295.62551 15.853 0.006
3295.62551 15.853 0.006
3297.60732 15.848 0.006
3297.60732 15.848 0.006
3299.66366 15.848 0.006
3299.66366 15.848 0.006
3301.63787 15.864 0.008
3301.63787 15.864 0.008
3303.70014 15.831 0.008
3303.70014 15.831 0.008
3306.63267 15.841 0.006
3306.63267 15.841 0.006
3308.62043 15.842 0.007
3308.62043 15.842 0.007
3310.61952 15.842 0.007
3310.61952 15.842 0.007
3314.57437 15.850 0.008
3314.57437 15.850 0.008
3320.61225 15.836 0.007
3320.61225 15.836 0.007
3323.55573 15.837 0.007
3323.55573 15.837 0.007
3327.56722 15.828 0.007
3327.56722 15.828 0.007
3330.56146 15.830 0.007
3330.56146 15.830 0.007
3335.60630 15.846 0.008
3335.60630 15.846 0.008
3349.60620 15.846 0.006
3349.60620 15.846 0.006
3353.58535 15.840 0.007
3353.58535 15.840 0.007
3359.56187 15.848 0.007
3359.56187 15.848 0.007
3363.56922 15.836 0.007
3363.56922 15.836 0.007
3367.62855 15.834 0.007
3367.62855 15.834 0.007
3372.55929 15.846 0.007
3372.55929 15.846 0.007
3376.53862 15.845 0.007
3376.53862 15.845 0.007
3378.60554 15.856 0.007
3378.60554 15.856 0.007
3386.57203 15.843 0.006
3386.57203 15.843 0.006
3390.58558 15.831 0.008
3390.58558 15.831 0.008
3398.56735 15.917 0.007
3398.56735 15.917 0.007
3402.55577 15.985 0.006
3402.55577 15.985 0.006
3541.94064 15.846 0.007
3541.94064 15.846 0.007
3547.92522 15.849 0.007
3547.92522 15.849 0.007
3554.93343 15.846 0.007
3554.93343 15.846 0.007
3561.85763 15.825 0.006
3561.85763 15.825 0.006
3564.91771 15.842 0.006
3564.91771 15.842 0.006
3568.84856 15.834 0.007
3568.84856 15.834 0.007
3570.82011 15.852 0.008
3570.82011 15.852 0.008
3571.81161 15.835 0.008
3571.81161 15.835 0.008
3573.85730 15.842 0.008
3573.85730 15.842 0.008
3574.88814 15.841 0.007
3574.88814 15.841 0.007
3577.84674 15.845 0.007
3577.84674 15.845 0.007
3578.90531 15.838 0.006
3578.90531 15.838 0.006
3579.81017 15.838 0.006
3579.81017 15.838 0.006
3581.85511 15.832 0.007
3581.85511 15.832 0.007
3581.87966 15.827 0.007
3581.87966 15.827 0.007
3582.83996 15.842 0.007
3582.83996 15.842 0.007
3583.84999 15.836 0.006
3583.84999 15.836 0.006
3584.81609 15.827 0.006
3584.81609 15.827 0.006
3586.81872 15.829 0.006
3586.81872 15.829 0.006
3588.83658 15.835 0.006
3588.83658 15.835 0.006
3589.83150 15.821 0.006
3589.83150 15.821 0.006
3591.88423 15.838 0.006
3591.88423 15.838 0.006
3593.87051 15.837 0.007
3593.87051 15.837 0.007
3596.90222 15.839 0.006
3596.90222 15.839 0.006
3601.81983 15.832 0.007
3601.81983 15.832 0.007
3607.82527 15.842 0.007
3607.82527 15.842 0.007
3614.79664 15.826 0.006
3614.79664 15.826 0.006
3617.77908 15.848 0.006
3617.77908 15.848 0.006
3619.70906 15.833 0.006
3619.70906 15.833 0.006
3621.72752 15.843 0.006
3621.72752 15.843 0.006
3624.87581 15.849 0.007
3624.87581 15.849 0.007
3626.72520 15.824 0.007
3626.72520 15.824 0.007
3629.67882 15.846 0.008
3629.67882 15.846 0.008
3631.74119 15.842 0.007
3631.74119 15.842 0.007
3633.71746 15.833 0.007
3633.71746 15.833 0.007
3637.66044 15.850 0.007
3637.66044 15.850 0.007
3639.71050 15.824 0.006
3639.71050 15.824 0.006
3641.70704 15.841 0.007
3641.70704 15.841 0.007
3643.73143 15.832 0.006
3643.73143 15.832 0.006
3646.67056 15.834 0.007
3646.67056 15.834 0.007
3650.66963 15.830 0.007
3650.66963 15.830 0.007
3650.69369 15.823 0.007
3650.69369 15.823 0.007
3651.74360 15.837 0.006
3651.74360 15.837 0.006
3653.73978 15.832 0.007
3653.73978 15.832 0.007
3655.70593 15.847 0.006
3655.70593 15.847 0.006
3657.65963 15.839 0.006
3657.65963 15.839 0.006
3658.67176 15.844 0.007
3658.67176 15.844 0.007
3659.65183 15.829 0.007
3659.65183 15.829 0.007
3660.67934 15.833 0.007
3660.67934 15.833 0.007
3663.57084 15.846 0.008
3663.57084 15.846 0.008
3665.64651 15.842 0.007
3665.64651 15.842 0.007
3668.58285 15.828 0.007
3668.58285 15.828 0.007
3669.71372 15.843 0.007
3669.71372 15.843 0.007
3671.64250 15.833 0.006
3671.64250 15.833 0.006
3673.68460 15.838 0.007
3673.68460 15.838 0.007
3675.66919 15.846 0.007
3675.66919 15.846 0.007
3681.65270 15.828 0.007
3681.65270 15.828 0.007
3683.65853 15.841 0.006
3683.65853 15.841 0.006
3685.66369 15.836 0.006
3685.66369 15.836 0.006
3687.66396 15.839 0.007
3687.66396 15.839 0.007
3689.61552 15.839 0.007
3689.61552 15.839 0.007
3692.58651 15.840 0.007
3692.58651 15.840 0.007
3694.57050 15.845 0.007
3694.57050 15.845 0.007
3696.57106 15.829 0.006
3696.57106 15.829 0.006
3698.60472 15.818 0.008
3698.60472 15.818 0.008
3700.61472 15.836 0.007
3700.61472 15.836 0.007
3702.59497 15.832 0.007
3702.59497 15.832 0.007
3704.60125 15.842 0.007
3704.60125 15.842 0.007
3706.62171 15.839 0.006
3706.62171 15.839 0.006
3708.59864 15.835 0.007
3708.59864 15.835 0.007
3711.60115 15.858 0.007
3711.60115 15.858 0.007
3714.53488 15.845 0.008
3714.53488 15.845 0.008
3718.61542 15.854 0.008
3718.61542 15.854 0.008
3721.56903 15.843 0.007
3721.56903 15.843 0.007
3724.57404 15.863 0.007
3724.57404 15.863 0.007
3726.59454 15.919 0.007
3726.59454 15.919 0.007
3728.56769 15.960 0.008
3728.56769 15.960 0.008
3734.57112 15.976 0.008
3734.57112 15.976 0.008
3737.58682 15.986 0.007
3737.58682 15.986 0.007
3742.54545 15.914 0.008
3742.54545 15.914 0.008
3746.57070 15.853 0.008
3746.57070 15.853 0.008
3751.55063 15.842 0.009
3751.55063 15.842 0.009
3756.56336 15.867 0.007
3756.56336 15.867 0.007
3761.61359 15.843 0.007
3761.61359 15.843 0.007
3766.53846 15.839 0.007
3766.53846 15.839 0.007
3772.56129 15.844 0.007
3772.56129 15.844 0.007
3776.56136 15.845 0.007
3776.56136 15.845 0.007
3871.88727 15.850 0.008
3871.88727 15.850 0.008
3901.94977 15.826 0.008
3901.94977 15.826 0.008
3906.95003 15.844 0.008
3906.95003 15.844 0.008
3913.92808 15.834 0.006
3913.92808 15.834 0.006
3918.89047 15.836 0.006
3918.89047 15.836 0.006
3931.92577 15.854 0.007
3931.92577 15.854 0.007
3934.86881 15.843 0.006
3934.86881 15.843 0.006
3936.87699 15.851 0.007
3936.87699 15.851 0.007
3938.86100 15.839 0.007
3938.86100 15.839 0.007
3944.90840 15.841 0.006
3944.90840 15.841 0.006
3946.87650 15.832 0.006
3946.87650 15.832 0.006
3951.89575 15.849 0.007
3951.89575 15.849 0.007
3955.86091 15.845 0.008
3955.86091 15.845 0.008
3958.84640 15.855 0.007
3958.84640 15.855 0.007
3960.83755 15.834 0.006
3960.83755 15.834 0.006
3963.83429 15.846 0.008
3963.83429 15.846 0.008
3965.82610 15.842 0.006
3965.82610 15.842 0.006
3967.86849 15.837 0.006
3967.86849 15.837 0.006
3969.81167 15.840 0.007
3969.81167 15.840 0.007
3971.78783 15.842 0.006
3971.78783 15.842 0.006
3974.78955 15.832 0.007
3974.78955 15.832 0.007
3979.75079 15.836 0.006
3979.75079 15.836 0.006
3980.62828 15.835 0.007
3980.62828 15.835 0.007
3981.65454 15.838 0.006
3981.65454 15.838 0.006
3983.84488 15.838 0.007
3983.84488 15.838 0.007
3987.79339 15.827 0.007
3987.79339 15.827 0.007
3990.80071 15.834 0.006
3990.80071 15.834 0.006
3993.74556 15.842 0.007
3993.74556 15.842 0.007
3995.75077 15.839 0.006
3995.75077 15.839 0.006
3999.76013 15.846 0.006
3999.76013 15.846 0.006
4002.73223 15.845 0.006
4002.73223 15.845 0.006
4004.68398 15.832 0.006
4004.68398 15.832 0.006
4006.71024 15.842 0.006
4006.71024 15.842 0.006
4007.57361 15.832 0.006
4007.57361 15.832 0.006
4008.58259 15.843 0.006
4008.58259 15.843 0.006
4009.75243 15.832 0.006
4009.75243 15.832 0.006
4013.70910 15.841 0.007
4013.70910 15.841 0.007
4016.70370 15.837 0.006
4016.70370 15.837 0.006
4018.71041 15.840 0.007
4018.71041 15.840 0.007
4019.70107 15.832 0.007
4019.70107 15.832 0.007
4021.68785 15.834 0.006
4021.68785 15.834 0.006
4024.66132 15.858 0.006
4024.66132 15.858 0.006
4026.64020 15.852 0.006
4026.64020 15.852 0.006
4028.63616 15.846 0.006
4028.63616 15.846 0.006
4030.64872 15.852 0.007
4030.64872 15.852 0.007
4032.70080 15.849 0.007
4032.70080 15.849 0.007
4037.67700 15.841 0.006
4037.67700 15.841 0.006
4039.61489 15.845 0.006
4039.61489 15.845 0.006
4041.61449 15.843 0.007
4041.61449 15.843 0.007
4043.60016 15.848 0.007
4043.60016 15.848 0.007
4046.60947 15.845 0.007
4046.60947 15.845 0.007
4048.57540 15.842 0.007
4048.57540 15.842 0.007
4050.61754 15.850 0.006
4050.61754 15.850 0.006
4052.56963 15.850 0.007
4052.56963 15.850 0.007
4054.62377 15.888 0.007
4054.62377 15.888 0.007
4056.59586 15.906 0.007
4056.59586 15.906 0.007
4058.62941 15.951 0.007
4058.62941 15.951 0.007
4060.52825 15.962 0.007
4060.52825 15.962 0.007
4064.52592 15.979 0.006
4064.52592 15.979 0.006
4066.56739 15.973 0.007
4066.56739 15.973 0.007
4069.52574 15.958 0.007
4069.52574 15.958 0.007
4073.60931 15.866 0.007
4073.60931 15.866 0.007
4077.53269 15.844 0.006
4077.53269 15.844 0.006
4079.53465 15.859 0.007
4079.53465 15.859 0.007
4082.53456 15.846 0.007
4082.53456 15.846 0.007
4085.57228 15.851 0.007
4085.57228 15.851 0.007
4092.56836 15.839 0.006
4092.56836 15.839 0.006
4096.59432 15.856 0.007
4096.59432 15.856 0.007
4100.59710 15.850 0.007
4100.59710 15.850 0.007
4105.56495 15.832 0.007
4105.56495 15.832 0.007
4108.54116 15.835 0.006
4108.54116 15.835 0.006
4113.61909 15.854 0.007
4113.61909 15.854 0.007
4120.58992 15.843 0.006
4120.58992 15.843 0.006
4132.57311 15.852 0.008
4132.57311 15.852 0.008
4252.93706 15.839 0.009
4252.93706 15.839 0.009
4255.85634 15.849 0.008
4255.85634 15.849 0.008
4268.90906 15.842 0.008
4268.90906 15.842 0.008
4275.93116 15.835 0.008
4275.93116 15.835 0.008
4279.82785 15.854 0.009
4279.82785 15.854 0.009
4282.81939 15.837 0.008
4282.81939 15.837 0.008
4283.87233 15.843 0.008
4283.87233 15.843 0.008
4285.92664 15.839 0.008
4285.92664 15.839 0.008
4291.94744 15.846 0.009
4291.94744 15.846 0.009
4292.86597 15.841 0.007
4292.86597 15.841 0.007
4295.87000 15.841 0.007
4295.87000 15.841 0.007
4296.89973 15.849 0.007
4296.89973 15.849 0.007
4297.93261 15.838 0.007
4297.93261 15.838 0.007
4299.86745 15.836 0.007
4299.86745 15.836 0.007
4300.88894 15.835 0.007
4300.88894 15.835 0.007
4301.90693 15.838 0.007
4301.90693 15.838 0.007
4302.92856 15.847 0.008
4302.92856 15.847 0.008
4306.92569 15.841 0.008
4306.92569 15.841 0.008
4307.90742 15.843 0.007
4307.90742 15.843 0.007
4308.66857 15.849 0.008
4308.66857 15.849 0.008
4308.87659 15.858 0.007
4308.87659 15.858 0.007
4310.84891 15.833 0.008
4310.84891 15.833 0.008
4311.83647 15.841 0.009
4311.83647 15.841 0.009
4312.91033 15.839 0.007
4312.91033 15.839 0.007
4314.92979 15.830 0.008
4314.92979 15.830 0.008
4316.83634 15.843 0.008
4316.83634 15.843 0.008
4319.87350 15.847 0.008
4319.87350 15.847 0.008
4320.90037 15.858 0.008
4320.90037 15.858 0.008
4326.84428 15.844 0.008
4326.84428 15.844 0.008
4327.82334 15.842 0.008
4327.82334 15.842 0.008
4328.83899 15.837 0.008
4328.83899 15.837 0.008
4329.84068 15.836 0.008
4329.84068 15.836 0.008
4330.86979 15.841 0.007
4330.86979 15.841 0.007
4333.87106 15.851 0.008
4333.87106 15.851 0.008
4338.91140 15.845 0.008
4338.91140 15.845 0.008
4340.78388 15.834 0.008
4340.78388 15.834 0.008
4341.77904 15.841 0.008
4341.77904 15.841 0.008
4342.83495 15.848 0.008
4342.83495 15.848 0.008
4343.77254 15.846 0.008
4343.77254 15.846 0.008
4344.75468 15.851 0.007
4344.75468 15.851 0.007
4345.80065 15.849 0.007
4345.80065 15.849 0.007
4347.78957 15.847 0.007
4347.78957 15.847 0.007
4349.80275 15.843 0.007
4349.80275 15.843 0.007
4351.83001 15.850 0.008
4351.83001 15.850 0.008
4353.76306 15.844 0.008
4353.76306 15.844 0.008
4359.70987 15.844 0.007
4359.70987 15.844 0.007
4361.71244 15.857 0.008
4361.71244 15.857 0.008
4362.73726 15.853 0.008
4362.73726 15.853 0.008
4364.59417 15.857 0.009
4364.59417 15.857 0.009
4367.69170 15.852 0.008
4367.69170 15.852 0.008
4370.68337 15.849 0.008
4370.68337 15.849 0.008
4372.74680 15.848 0.007
4372.74680 15.848 0.007
4376.66219 15.852 0.008
4376.66219 15.852 0.008
4378.62876 15.850 0.007
4378.62876 15.850 0.007
4379.65673 15.855 0.009
4379.65673 15.855 0.009
4380.76961 15.852 0.007
4380.76961 15.852 0.007
4382.69700 15.870 0.007
4382.69700 15.870 0.007
4386.67209 15.948 0.008
4386.67209 15.948 0.008
4388.67258 15.971 0.008
4388.67258 15.971 0.008
4390.68157 15.977 0.007
4390.68157 15.977 0.007
4393.65536 15.977 0.008
4393.65536 15.977 0.008
4395.69026 15.981 0.008
4395.69026 15.981 0.008
4398.65570 15.955 0.008
4398.65570 15.955 0.008
4400.67854 15.925 0.009
4400.67854 15.925 0.009
4403.70437 15.855 0.008
4403.70437 15.855 0.008
4407.64444 15.842 0.008
4407.64444 15.842 0.008
4408.69063 15.840 0.008
4408.69063 15.840 0.008
4410.71355 15.839 0.007
4410.71355 15.839 0.007
4415.69771 15.842 0.008
4415.69771 15.842 0.008
4418.60435 15.845 0.007
4418.60435 15.845 0.007
4422.66558 15.852 0.007
4422.66558 15.852 0.007
4424.66266 15.839 0.008
4424.66266 15.839 0.008
4427.54935 15.856 0.008
4427.54935 15.856 0.008
4429.59215 15.854 0.009
4429.59215 15.854 0.009
4431.57979 15.842 0.008
4431.57979 15.842 0.008
4433.58561 15.848 0.008
4433.58561 15.848 0.008
4435.57390 15.843 0.007
4435.57390 15.843 0.007
4437.66299 15.839 0.008
4437.66299 15.839 0.008
4439.57488 15.852 0.008
4439.57488 15.852 0.008
4441.61072 15.866 0.008
4441.61072 15.866 0.008
4443.60142 15.856 0.008
4443.60142 15.856 0.008
4449.65550 15.844 0.008
4449.65550 15.844 0.008
4451.61058 15.847 0.007
4451.61058 15.847 0.007
4453.59255 15.852 0.008
4453.59255 15.852 0.008
4456.59396 15.834 0.008
4456.59396 15.834 0.008
4459.54653 15.841 0.008
4459.54653 15.841 0.008
4464.58619 15.840 0.007
4464.58619 15.840 0.007
4465.55216 15.833 0.008
4465.55216 15.833 0.008
4470.57110 15.827 0.008
4470.57110 15.827 0.008
4474.60758 15.823 0.008
4474.60758 15.823 0.008
4476.58575 15.843 0.007
4476.58575 15.843 0.007
4479.61051 15.841 0.008
4479.61051 15.841 0.008
4481.59520 15.833 0.007
4481.59520 15.833 0.007
4484.61189 15.817 0.009
4484.61189 15.817 0.009
4487.63339 15.829 0.009
4487.63339 15.829 0.009
4609.90676 15.839 0.008
4609.90676 15.839 0.008
4643.89140 15.837 0.008
4643.89140 15.837 0.008
4649.94157 15.848 0.008
4649.94157 15.848 0.008
4655.93811 15.848 0.007
4655.93811 15.848 0.007
4661.90477 15.845 0.007
4661.90477 15.845 0.007
4662.78746 15.840 0.007
4662.78746 15.840 0.007
4662.90441 15.840 0.007
4662.90441 15.840 0.007
4663.75915 15.841 0.008
4663.75915 15.841 0.008
4663.94303 15.843 0.008
4663.94303 15.843 0.008
4665.83211 15.845 0.008
4665.83211 15.845 0.008
4665.92607 15.832 0.008
4665.92607 15.832 0.008
4666.91992 15.843 0.008
4666.91992 15.843 0.008
4670.91433 15.847 0.007
4670.91433 15.847 0.007
4671.82857 15.846 0.007
4671.82857 15.846 0.007
4672.88832 15.857 0.008
4672.88832 15.857 0.008
4675.90592 15.836 0.007
4675.90592 15.836 0.007
4681.88566 15.846 0.007
4681.88566 15.846 0.007
4683.88090 15.838 0.007
4683.88090 15.838 0.007
4685.86698 15.841 0.007
4685.86698 15.841 0.007
4688.81835 15.839 0.007
4688.81835 15.839 0.007
4690.74389 15.843 0.007
4690.74389 15.843 0.007
4691.74680 15.857 0.008
4691.74680 15.857 0.008
4693.90187 15.848 0.008
4693.90187 15.848 0.008
4696.87544 15.852 0.008
4696.87544 15.852 0.008
4698.76359 15.852 0.007
4698.76359 15.852 0.007
4699.75759 15.837 0.007
4699.75759 15.837 0.007
4700.79510 15.832 0.007
4700.79510 15.832 0.007
4701.80031 15.839 0.007
4701.80031 15.839 0.007
4702.86044 15.851 0.008
4702.86044 15.851 0.008
4703.75952 15.839 0.007
4703.75952 15.839 0.007
4704.77836 15.855 0.007
4704.77836 15.855 0.007
4705.78558 15.840 0.008
4705.78558 15.840 0.008
4707.77826 15.851 0.007
4707.77826 15.851 0.007
4708.84649 15.835 0.007
4708.84649 15.835 0.007
4710.76250 15.870 0.007
4710.76250 15.870 0.007
4716.76398 15.958 0.007
4716.76398 15.958 0.007
4719.77187 15.977 0.008
4719.77187 15.977 0.008
4721.76287 15.985 0.009
4721.76287 15.985 0.009
4724.77481 15.985 0.008
4724.77481 15.985 0.008
4726.67047 15.977 0.008
4726.67047 15.977 0.008
4729.68150 15.920 0.008
4729.68150 15.920 0.008
4731.77170 15.878 0.007
4731.77170 15.878 0.007
4734.75402 15.848 0.007
4734.75402 15.848 0.007
4739.66011 15.853 0.008
4739.66011 15.853 0.008
4741.68137 15.848 0.007
4741.68137 15.848 0.007
4741.73467 15.849 0.007
4741.73467 15.849 0.007
4747.60124 15.849 0.007
4747.60124 15.849 0.007
4749.60086 15.856 0.008
4749.60086 15.856 0.008
4753.66996 15.835 0.008
4753.66996 15.835 0.008
4755.66391 15.837 0.007
4755.66391 15.837 0.007
4757.64840 15.847 0.007
4757.64840 15.847 0.007
4759.66097 15.843 0.007
4759.66097 15.843 0.007
4761.63125 15.837 0.006
4761.63125 15.837 0.006
4763.64390 15.855 0.008
4763.64390 15.855 0.008
4766.61211 15.872 0.008
4766.61211 15.872 0.008
4769.65023 15.864 0.008
4769.65023 15.864 0.008
4771.56126 15.856 0.009
4771.56126 15.856 0.009
4773.68608 15.845 0.007
4773.68608 15.845 0.007
4775.67294 15.859 0.008
4775.67294 15.859 0.008
4777.60665 15.839 0.007
4777.60665 15.839 0.007
4779.64224 15.841 0.007
4779.64224 15.841 0.007
4783.57581 15.844 0.007
4783.57581 15.844 0.007
4785.60692 15.837 0.007
4785.60692 15.837 0.007
4787.56328 15.850 0.009
4787.56328 15.850 0.009
4789.54231 15.845 0.007
4789.54231 15.845 0.007
4790.62453 15.826 0.006
4790.62453 15.826 0.006
4791.62280 15.848 0.007
4791.62280 15.848 0.007
4793.52698 15.831 0.007
4793.52698 15.831 0.007
4795.54401 15.836 0.007
4795.54401 15.836 0.007
4797.53620 15.838 0.007
4797.53620 15.838 0.007
4798.59948 15.838 0.008
4798.59948 15.838 0.008
4800.64681 15.842 0.007
4800.64681 15.842 0.007
4803.53809 15.849 0.007
4803.53809 15.849 0.007
4804.58832 15.824 0.008
4804.58832 15.824 0.008
4806.59732 15.833 0.008
4806.59732 15.833 0.008
4808.55555 15.838 0.008
4808.55555 15.838 0.008
4810.56598 15.839 0.007
4810.56598 15.839 0.007
4813.60536 15.837 0.008
4813.60536 15.837 0.008
4815.58155 15.861 0.008
4815.58155 15.861 0.008
4817.59801 15.838 0.007
4817.59801 15.838 0.007
4819.59764 15.838 0.007
4819.59764 15.838 0.007
4821.63955 15.837 0.007
4821.63955 15.837 0.007
4823.60034 15.837 0.008
4823.60034 15.837 0.008
4825.62877 15.839 0.007
4825.62877 15.839 0.007
4833.56113 15.864 0.007
4833.56113 15.864 0.007
4835.58373 15.864 0.008
4835.58373 15.864 0.008
4839.60526 15.875 0.008
4839.60526 15.875 0.008
4842.57233 15.941 0.009
4842.57233 15.941 0.009
4844.58286 15.934 0.007
4844.58286 15.934 0.007
4847.63711 15.939 0.009
4847.63711 15.939 0.009
4849.59694 15.916 0.007
4849.59694 15.916 0.007
4853.59442 15.841 0.007
4853.59442 15.841 0.007
4856.58836 15.860 0.007
4856.58836 15.860 0.007
4865.56146 15.852 0.007
4865.56146 15.852 0.007
