2090.93675 19.662 0.185
2104.92126 20.192 0.144
2112.86953 19.717 0.134
2115.83829 19.427 0.123
2117.83725 19.734 0.111
2122.90004 19.733 0.114
2123.90820 19.674 0.117
2128.91500 20.055 0.232
2129.90238 19.968 0.140
2131.76841 19.547 0.108
2132.89295 19.707 0.116
2134.90003 19.646 0.126
2135.91276 19.656 0.100
2137.85699 19.867 0.164
2140.89785 19.620 0.100
2141.80927 19.489 0.129
2142.82938 19.816 0.147
2144.75914 19.504 0.086
2156.75816 19.648 0.138
2161.71668 19.637 0.123
2162.85498 19.841 0.147
2166.68662 19.647 0.110
2167.69664 19.512 0.105
2168.79640 19.490 0.102
2171.81120 19.658 0.082
2172.84718 19.528 0.084
2173.79062 19.467 0.076
2174.67924 19.718 0.120
2177.72776 19.605 0.107
2184.78377 19.861 0.176
2185.74733 19.611 0.176
2187.61689 19.444 0.126
2189.77372 19.431 0.123
2192.73930 19.611 0.066
2193.76649 19.591 0.069
2194.73107 19.635 0.101
2200.74818 19.639 0.079
2203.63630 19.551 0.084
2211.73840 19.986 0.154
2212.73214 19.779 0.158
2217.71743 19.877 0.188
2221.60646 20.032 0.188
2223.65691 19.645 0.132
2226.57212 19.685 0.139
2228.63507 19.639 0.105
2230.62209 19.767 0.128
2232.64359 19.645 0.101
2234.62783 19.677 0.123
2236.61694 19.777 0.122
2239.56575 19.736 0.130
2241.61736 19.503 0.092
2243.64783 19.707 0.124
2249.61508 19.603 0.075
2251.57181 19.652 0.111
2254.61137 20.119 0.157
2257.57337 19.774 0.122
2263.56848 20.119 0.162
2265.61715 19.596 0.091
2271.60645 19.856 0.148
2273.60509 19.393 0.109
2277.61204 19.680 0.096
2283.62681 19.656 0.115
2285.61178 19.649 0.101
2289.62563 19.618 0.080
2291.63166 19.680 0.087
2293.62745 19.770 0.141
2295.62435 20.092 0.159
2296.60681 19.678 0.168
2298.61462 19.740 0.140
2300.61227 19.556 0.118
2303.60179 20.006 0.188
2453.92961 19.773 0.188
2462.92622 19.689 0.133
2464.93651 20.022 0.123
2466.91943 19.702 0.168
2468.91525 19.572 0.101
2470.90458 19.717 0.097
2472.83817 19.858 0.158
2481.81114 19.865 0.218
2492.83601 19.568 0.117
2495.82402 19.687 0.136
2496.83460 19.772 0.106
2497.85801 19.731 0.128
2498.85750 19.806 0.123
2500.79639 19.842 0.150
2502.76622 19.635 0.114
2511.78477 19.551 0.129
2516.91207 19.556 0.140
2517.91003 19.581 0.105
2518.89296 19.648 0.124
2519.75585 19.493 0.082
2521.76713 19.710 0.115
2524.69866 19.703 0.139
2529.73456 19.693 0.093
2535.77873 19.636 0.110
2537.80438 19.746 0.172
2538.88764 19.694 0.158
2539.77839 20.054 0.166
2540.82733 19.625 0.123
2541.79382 19.664 0.099
2542.76010 19.614 0.100
2544.74471 19.618 0.092
2545.75735 19.600 0.114
2547.77133 19.865 0.123
2548.79418 19.736 0.108
2550.78913 19.736 0.111
2551.77717 19.554 0.100
2552.79195 19.685 0.126
2553.73250 19.493 0.121
2554.78540 19.907 0.136
2555.79299 20.412 0.189
2556.77303 19.609 0.092
2557.78727 19.603 0.107
2559.70326 19.553 0.081
2560.73530 19.648 0.082
2561.77668 19.615 0.101
2562.75028 19.640 0.114
2563.75745 19.895 0.155
2564.78508 19.691 0.115
2565.77316 19.709 0.134
2566.75315 19.655 0.150
2571.73649 20.038 0.185
2573.73972 19.660 0.135
2576.76791 19.567 0.109
2577.72906 19.663 0.140
2578.70638 19.555 0.135
2579.72192 19.573 0.134
2580.61432 19.672 0.117
2583.72188 19.787 0.136
2584.70819 19.632 0.134
2587.69211 19.672 0.099
2588.70474 19.776 0.138
2589.69740 19.910 0.153
2590.71074 19.649 0.109
2591.73319 19.531 0.105
2593.74119 19.777 0.146
2594.69619 19.409 0.111
2596.67050 19.847 0.193
2598.54955 19.954 0.178
2599.69918 19.765 0.154
2609.56064 19.649 0.136
2611.60871 19.706 0.171
2614.53626 20.236 0.260
2618.61413 19.506 0.106
2622.58158 19.754 0.130
2624.63235 19.558 0.129
2627.56435 19.516 0.136
2630.57759 20.229 0.276
2636.60357 19.754 0.141
2637.55049 19.566 0.118
2640.57360 19.709 0.168
2649.58555 19.659 0.099
2652.56853 19.644 0.122
2655.57921 20.536 0.455
2659.54724 19.798 0.140
2662.57270 19.739 0.147
2666.56609 19.670 0.137
2670.57268 19.628 0.138
2674.58128 19.734 0.123
2677.56689 19.478 0.132
2680.57340 20.176 0.248
2683.58060 19.647 0.150
2804.79605 19.495 0.173
2805.93706 19.535 0.150
2812.95081 19.867 0.345
2813.95154 19.759 0.315
2816.92679 19.554 0.115
2819.92232 19.476 0.090
2829.90627 19.637 0.110
2831.90695 19.851 0.133
2832.87115 19.776 0.120
2835.93857 19.516 0.121
2836.93727 19.696 0.169
2838.90201 19.563 0.152
2841.89414 19.768 0.113
2843.91718 19.915 0.151
2845.80225 19.816 0.157
2848.88887 19.798 0.173
2849.94259 19.510 0.113
2851.86493 19.561 0.128
2852.89809 19.729 0.142
2857.94497 19.739 0.363
2859.90404 19.649 0.088
2861.82987 19.581 0.083
2862.83993 19.513 0.117
2863.91609 19.589 0.166
2865.76440 19.648 0.107
2866.76039 19.666 0.109
2868.84974 19.607 0.105
2872.82075 19.651 0.082
2877.82968 19.515 0.078
2879.85263 19.643 0.080
2884.80155 19.565 0.068
2886.81416 19.620 0.105
2890.75860 20.030 0.214
2893.82704 19.682 0.110
2895.76130 19.598 0.083
2897.78781 19.763 0.106
2900.77708 19.638 0.076
2903.83398 19.608 0.076
2906.78246 19.893 0.088
2908.76019 19.719 0.105
2910.75448 19.643 0.087
2912.77321 19.668 0.082
2916.77448 19.581 0.074
2918.75585 19.574 0.103
2922.75331 19.621 0.124
2924.74957 19.794 0.144
2926.68518 19.546 0.109
2929.74683 19.613 0.091
2931.72388 19.864 0.098
2933.73452 19.615 0.068
2935.69875 19.671 0.104
2939.62629 19.473 0.096
2942.69935 19.674 0.110
2944.65183 19.654 0.161
2946.66582 19.614 0.111
2947.69957 19.652 0.152
2949.67788 19.892 0.150
2950.63036 19.455 0.086
2951.71049 19.676 0.117
2953.66617 19.482 0.104
2955.64304 19.567 0.138
2957.65916 19.843 0.141
2958.64879 19.823 0.111
2960.67693 19.268 0.082
2961.61999 19.417 0.123
2966.63331 19.647 0.088
2970.58085 19.580 0.099
2972.62354 19.666 0.118
2974.56105 19.964 0.154
2976.59434 19.460 0.112
2978.54362 19.617 0.149
2980.63608 19.643 0.137
2983.54873 19.683 0.151
2986.56610 19.603 0.094
2989.59554 19.627 0.129
2991.56465 19.834 0.156
2994.54569 19.629 0.111
2998.58458 19.751 0.152
3002.58521 19.463 0.112
3005.57645 19.883 0.152
3008.58399 19.417 0.099
3011.58740 19.951 0.220
3015.59741 20.008 0.129
3017.59903 19.540 0.089
3020.57294 19.600 0.093
3022.60062 19.830 0.183
3024.59964 19.689 0.099
3026.56999 19.721 0.116
3028.57091 19.375 0.089
3030.57874 19.857 0.121
3032.59161 19.530 0.114
3035.54966 19.640 0.123
3038.58234 19.822 0.188
3182.90681 19.716 0.087
3184.93696 19.574 0.135
3194.88186 19.910 0.129
3196.93748 19.498 0.089
3202.92455 19.506 0.115
3204.89451 19.659 0.096
3206.90746 19.590 0.113
3211.81904 19.690 0.107
3216.80969 19.554 0.141
3217.91800 20.173 0.236
3224.85629 19.702 0.090
3230.81180 19.489 0.062
3238.83904 19.734 0.134
3239.87862 19.675 0.094
3241.73993 19.943 0.147
3242.81626 19.833 0.128
3244.75329 19.572 0.117
3245.85712 19.576 0.121
3246.85406 19.530 0.103
3248.75906 19.722 0.111
3250.82025 19.992 0.094
3256.75707 19.646 0.105
3258.76663 19.782 0.137
3260.76121 19.537 0.091
3262.77080 19.635 0.080
3264.71710 19.621 0.064
3268.72135 19.786 0.093
3270.79126 19.699 0.096
3271.74911 19.631 0.093
3273.70772 19.792 0.135
3275.69865 19.378 0.123
3276.79213 19.590 0.126
3278.67250 19.477 0.108
3280.74060 19.604 0.072
3286.65821 19.613 0.081
3288.67182 19.660 0.084
3294.65865 19.570 0.100
3296.62603 19.600 0.085
3298.63546 19.464 0.096
3300.63561 20.308 0.194
3302.61666 19.402 0.093
3305.71250 19.810 0.100
3307.62916 20.286 0.253
3309.64987 20.015 0.114
3311.60564 19.544 0.085
3315.63930 19.691 0.096
3321.52540 19.653 0.175
3324.61069 19.681 0.105
3329.58259 19.612 0.092
3334.59908 19.719 0.165
3336.59767 19.679 0.118
3350.59798 20.104 0.132
3355.61510 19.645 0.092
3360.61592 19.552 0.098
3369.59874 19.708 0.117
3372.63328 19.705 0.088
3379.58895 19.682 0.128
3387.58577 19.524 0.106
3395.59435 19.431 0.112
3399.54397 19.987 0.220
3403.57602 19.359 0.107
3547.93959 19.636 0.112
3552.90406 19.629 0.141
3560.89930 20.017 0.103
3564.85254 19.947 0.130
3569.85948 20.039 0.136
3570.90609 19.664 0.123
3571.89755 19.368 0.107
3575.89856 19.935 0.127
3577.93300 19.662 0.098
3579.90057 19.628 0.092
3582.89679 19.540 0.097
3585.86732 19.936 0.075
3590.86161 19.560 0.059
3591.89872 19.591 0.064
3592.84753 19.897 0.070
3596.87610 19.637 0.093
3603.80739 19.379 0.074
3615.86835 19.782 0.095
3618.86822 19.714 0.080
3620.87189 19.697 0.076
3622.82918 19.704 0.106
3625.81544 19.666 0.083
3628.72302 19.514 0.117
3630.73645 19.988 0.165
3632.80049 19.533 0.140
3634.67319 19.561 0.081
3638.73872 19.499 0.082
3640.71823 19.448 0.064
3644.74662 19.583 0.065
3646.75631 19.817 0.134
3650.77206 19.761 0.086
3652.72453 19.800 0.086
3654.72732 19.852 0.096
3656.77183 19.421 0.081
3658.72998 19.675 0.105
3659.74185 19.774 0.173
3661.68837 19.422 0.084
3664.76212 19.655 0.074
3666.75734 19.732 0.104
3668.71263 19.993 0.135
3670.69419 19.796 0.110
3672.66218 19.605 0.084
3674.78553 19.676 0.097
3676.68819 19.691 0.089
3684.67892 19.790 0.097
3686.63940 19.744 0.109
3688.61216 19.619 0.081
3690.63846 19.378 0.105
3693.62397 19.599 0.108
3695.62093 19.556 0.078
3697.56889 19.572 0.113
3699.61495 19.448 0.071
3701.64437 20.244 0.154
3703.64931 19.594 0.074
3705.53312 19.700 0.073
3707.55916 19.807 0.120
3712.68287 19.527 0.090
3714.55466 19.667 0.106
3716.53863 19.628 0.129
3720.59796 19.660 0.117
3724.64083 19.704 0.119
3726.64100 19.739 0.121
3731.56769 19.554 0.102
3736.57346 19.669 0.093
3741.56392 19.577 0.094
3745.56760 19.683 0.139
3749.56510 19.828 0.258
3755.56454 20.036 0.238
3760.57228 19.884 0.141
3764.58599 19.647 0.099
3769.55528 19.739 0.107
3774.53513 19.877 0.182
3778.55262 19.901 0.158
3903.93572 19.748 0.099
3909.92929 19.698 0.089
3915.95079 19.579 0.143
3920.92252 19.770 0.083
3933.86007 19.857 0.112
3935.85647 19.540 0.092
3937.89465 19.423 0.111
3945.82731 19.903 0.118
3950.88195 19.679 0.083
3959.84321 19.684 0.129
3961.82445 20.551 0.316
3964.82885 19.667 0.061
3966.82144 19.437 0.062
3968.81457 19.614 0.076
3970.80615 19.853 0.078
3973.77735 19.742 0.086
3975.79420 19.610 0.081
3980.72290 19.833 0.138
3981.72282 19.809 0.106
3982.78867 19.292 0.081
3986.76436 19.624 0.103
3991.67391 19.688 0.101
3994.71903 19.696 0.093
3998.84525 19.485 0.084
4001.71151 19.577 0.068
4003.67550 19.773 0.081
4005.75011 19.562 0.072
4008.67389 19.638 0.056
4011.70179 20.042 0.136
4014.70747 19.902 0.177
4016.68141 19.635 0.097
4018.67726 19.756 0.105
4020.71657 19.711 0.086
4023.66668 19.413 0.075
4025.71494 19.565 0.081
4027.65511 19.985 0.123
4029.64023 19.822 0.106
4031.62441 19.585 0.075
4036.68296 20.156 0.155
4038.65612 19.824 0.122
4040.59566 19.613 0.096
4042.66357 19.685 0.105
4045.55652 20.331 0.278
4047.61753 19.773 0.121
4049.63186 19.506 0.069
4051.64076 19.749 0.118
4053.57826 19.663 0.063
4060.56370 19.729 0.085
4064.60639 19.684 0.077
4066.58320 19.528 0.074
4069.57702 19.837 0.121
4072.53373 19.877 0.187
4075.54923 19.629 0.091
4077.58405 19.936 0.135
4079.61138 19.661 0.107
4083.53862 19.916 0.170
4087.63269 19.950 0.107
4096.62134 19.519 0.105
4100.57528 20.257 0.248
4107.59248 19.552 0.121
4108.60135 19.699 0.087
4113.63375 19.919 0.126
4119.59446 19.498 0.107
4120.62571 19.615 0.081
4122.61823 19.714 0.097
4127.60624 19.946 0.125
4253.93347 19.683 0.163
4258.89658 19.575 0.156
4278.88504 19.803 0.153
4279.89275 19.524 0.160
4282.87911 19.642 0.136
4283.78713 19.536 0.139
4284.93680 19.699 0.135
4289.90753 19.558 0.106
4295.93484 19.763 0.106
4297.85540 19.752 0.111
4298.88802 19.681 0.132
4299.93193 19.666 0.075
4301.82582 19.661 0.074
4302.85454 19.684 0.120
4303.86338 19.948 0.121
4307.80332 19.674 0.088
4308.73523 19.617 0.115
4310.91426 19.565 0.105
4312.83143 19.862 0.112
4314.84653 19.531 0.110
4316.90579 19.749 0.141
4320.79853 19.786 0.125
4326.91944 19.655 0.133
4328.90726 20.106 0.205
4329.92549 19.785 0.136
4330.84789 19.640 0.082
4336.86602 19.780 0.179
4339.90969 19.636 0.141
4340.83624 19.542 0.111
4342.90341 19.624 0.115
4344.82806 19.713 0.121
4346.80124 20.091 0.197
4348.78502 19.659 0.088
4350.76186 19.619 0.074
4353.72003 19.740 0.122
4355.77873 19.532 0.106
4358.72191 19.698 0.117
4361.74094 19.531 0.095
4363.70099 19.701 0.118
4367.70797 19.643 0.137
4371.70909 19.880 0.132
4376.73139 19.687 0.099
4378.70179 19.605 0.093
4379.72927 19.735 0.123
4381.68770 19.731 0.129
4383.71662 19.595 0.097
4387.66297 19.829 0.104
4389.71649 19.736 0.170
4391.56430 19.819 0.161
4392.62678 19.628 0.089
4394.67958 19.780 0.105
4396.72151 19.848 0.147
4399.63580 19.497 0.194
4399.65577 19.446 0.160
4402.70939 19.636 0.107
4406.63238 19.492 0.127
4409.67219 19.490 0.097
4412.65969 20.021 0.154
4417.70697 19.658 0.101
4420.68602 19.753 0.119
4422.70038 19.635 0.102
4425.57353 19.481 0.104
4427.66344 19.780 0.141
4429.62525 19.673 0.176
4431.61232 19.721 0.166
4433.61826 19.813 0.135
4435.60655 19.771 0.141
4437.67780 20.142 0.282
4439.59942 19.429 0.137
4441.62548 19.686 0.114
4443.63422 19.796 0.159
4451.62540 19.602 0.110
4453.61127 20.009 0.203
4455.62345 19.690 0.160
4456.62680 19.969 0.248
4457.61929 19.545 0.123
4460.60418 19.744 0.170
4463.58549 19.512 0.111
4465.60916 19.676 0.110
4468.60858 19.639 0.099
4469.59377 19.804 0.120
4472.58401 19.723 0.106
4475.61200 19.610 0.114
4475.64915 19.682 0.141
4480.63252 19.618 0.117
4482.64382 19.300 0.114
4485.63699 19.629 0.158
4488.63745 19.514 0.173
4490.60460 19.654 0.127
4492.62771 19.559 0.108
4640.90960 19.633 0.147
4647.94010 20.240 0.223
4651.93578 19.552 0.111
4655.85651 19.688 0.113
4662.87860 19.787 0.106
4663.83264 19.807 0.152
4665.90040 19.577 0.126
4671.93420 19.811 0.135
4674.83572 19.736 0.117
4677.89813 19.721 0.087
4682.88829 19.677 0.139
4684.91060 19.592 0.092
4686.87080 19.534 0.071
4688.88679 20.165 0.113
4690.81226 19.639 0.088
4691.81557 19.512 0.092
4694.84762 19.693 0.160
4696.93081 19.716 0.237
4697.80634 19.990 0.182
4699.82712 19.605 0.093
4700.86125 19.635 0.088
4701.89563 19.610 0.105
4703.82843 19.560 0.102
4704.84653 19.823 0.120
4707.85761 19.569 0.088
4709.80624 19.687 0.083
4715.81105 19.598 0.099
4717.82500 19.567 0.066
4720.74472 19.649 0.093
4724.71043 19.765 0.143
4726.70302 19.714 0.106
4729.77023 19.671 0.107
4730.75980 19.941 0.092
4733.77421 19.604 0.082
4740.73517 19.622 0.087
4747.67491 19.894 0.123
4749.63335 19.648 0.146
4753.72037 19.744 0.161
4756.70722 19.792 0.129
4758.66693 19.590 0.080
4760.65348 19.657 0.078
4762.64360 19.670 0.117
4768.59921 19.708 0.140
4771.59396 19.548 0.105
4772.66506 20.081 0.157
4775.54718 20.181 0.299
4776.61119 19.419 0.151
4778.61345 19.751 0.104
4780.65408 19.741 0.141
4782.58330 19.538 0.090
4783.64646 19.661 0.105
4786.56647 19.488 0.109
4787.63356 19.606 0.179
4790.52735 19.962 0.118
4792.61583 19.724 0.128
4794.57948 19.623 0.086
4796.65334 19.810 0.122
4797.62912 20.034 0.168
4799.61427 19.457 0.093
4801.59052 19.666 0.092
4803.57069 19.627 0.101
4805.57626 19.845 0.131
4807.59067 19.568 0.123
4809.61569 19.451 0.099
4812.53350 19.780 0.227
4814.59549 19.767 0.148
4816.59762 19.684 0.108
4818.53949 19.491 0.119
4820.60031 19.582 0.101
4823.64578 19.497 0.119
4826.65461 19.745 0.115
4833.61305 19.754 0.115
4835.63601 19.456 0.110
4837.63331 20.019 0.230
4841.62318 19.383 0.116
4843.62055 19.795 0.182
4846.62608 19.610 0.113
4849.62985 19.760 0.136
4854.62662 20.354 0.170
4866.58561 19.500 0.108
4870.55843 19.694 0.141
4871.55029 20.051 0.232
4873.57392 19.705 0.135
