2086.89212 18.127 0.043
2103.89894 18.165 0.024
2105.92907 18.195 0.032
2106.89468 18.226 0.033
2112.84706 18.159 0.030
2116.87482 18.238 0.029
2123.82175 18.212 0.035
2124.84219 18.115 0.042
2128.82925 18.164 0.038
2129.86123 18.192 0.034
2130.84761 18.222 0.034
2131.84169 18.320 0.040
2132.81000 18.115 0.034
2133.89832 18.143 0.044
2135.84783 18.234 0.039
2137.89546 18.168 0.041
2140.81508 18.197 0.033
2142.75544 18.285 0.033
2143.82093 18.182 0.030
2144.82762 18.173 0.024
2155.88236 18.165 0.048
2156.82895 18.155 0.036
2162.76516 18.144 0.030
2166.75976 18.172 0.026
2167.76821 18.222 0.030
2168.71739 18.212 0.036
2171.74329 18.142 0.026
2172.74992 18.250 0.033
2177.64342 18.181 0.035
2184.70505 18.198 0.039
2185.66858 18.206 0.039
2186.69341 18.302 0.052
2187.68858 18.145 0.039
2190.69514 18.183 0.032
2192.66667 18.138 0.022
2193.68773 18.184 0.024
2194.65785 18.222 0.030
2203.55431 18.234 0.038
2206.61061 18.181 0.048
2211.64470 18.248 0.035
2212.64853 18.246 0.038
2213.65435 18.125 0.036
2214.64555 18.131 0.040
2215.65251 18.209 0.034
2219.68209 18.255 0.040
2222.73065 18.179 0.038
2224.71696 18.178 0.030
2228.56173 18.158 0.036
2231.64666 18.141 0.035
2232.51339 18.133 0.043
2233.61680 18.249 0.033
2235.66692 18.160 0.029
2238.55046 18.124 0.036
2240.65476 18.140 0.033
2242.62229 18.109 0.043
2248.61159 18.173 0.025
2250.58026 18.171 0.030
2253.57389 18.173 0.029
2255.61054 18.278 0.038
2258.57683 18.200 0.029
2263.58757 18.201 0.031
2266.56354 18.261 0.040
2271.56792 18.104 0.031
2273.56725 18.150 0.046
2275.60218 18.177 0.036
2276.56174 18.160 0.045
2278.59433 18.175 0.037
2280.59016 18.206 0.040
2284.59304 18.216 0.037
2290.60701 18.173 0.035
2293.56930 18.219 0.039
2295.56208 18.208 0.036
2297.56538 18.241 0.047
2299.56448 18.286 0.047
2301.55676 18.201 0.042
2445.91531 18.256 0.043
2460.88253 18.220 0.052
2463.91886 18.161 0.033
2465.93162 18.199 0.031
2467.90462 18.196 0.034
2469.90399 18.217 0.029
2471.89345 18.208 0.036
2472.92292 18.171 0.027
2473.89484 18.189 0.031
2481.90712 18.227 0.043
2483.89236 18.200 0.026
2486.88935 18.254 0.042
2488.88159 18.207 0.045
2489.92672 18.242 0.040
2492.90709 18.210 0.038
2495.89710 18.190 0.036
2496.90682 18.156 0.032
2497.93022 18.204 0.034
2498.77750 18.187 0.032
2499.86311 18.207 0.030
2500.86864 18.147 0.029
2501.85763 18.182 0.027
2502.83783 18.192 0.039
2508.74912 18.272 0.060
2516.78041 18.279 0.042
2517.82715 18.194 0.035
2518.79856 18.145 0.035
2519.83550 18.239 0.030
2520.79487 18.187 0.034
2521.82700 18.125 0.025
2524.82526 18.202 0.045
2526.78146 18.157 0.025
2534.83784 18.223 0.039
2535.81805 18.212 0.033
2537.70582 18.173 0.044
2538.80180 18.176 0.040
2539.70530 18.157 0.035
2541.71721 18.207 0.029
2542.68700 18.173 0.030
2544.66584 18.276 0.033
2545.68057 18.193 0.029
2547.69857 18.197 0.033
2548.71532 18.189 0.026
2550.71045 18.184 0.034
2552.71316 18.235 0.029
2554.70631 18.136 0.030
2555.71424 18.244 0.031
2556.69327 18.191 0.030
2557.70580 18.163 0.024
2558.66229 18.223 0.034
2559.61920 18.177 0.035
2560.65225 18.211 0.031
2562.67069 18.164 0.033
2563.67865 18.161 0.032
2564.69400 18.226 0.036
2565.68463 18.189 0.035
2566.66490 18.310 0.037
2568.69589 18.173 0.045
2571.64887 18.202 0.042
2573.66199 18.217 0.045
2574.64581 18.180 0.034
2576.65896 18.165 0.039
2577.63269 18.364 0.052
2578.63276 18.244 0.035
2579.63942 18.154 0.035
2580.65155 18.190 0.029
2583.62286 18.155 0.039
2584.63021 18.141 0.037
2586.62811 18.112 0.030
2587.61212 18.185 0.032
2588.72054 18.275 0.035
2589.60208 18.164 0.034
2591.64032 18.153 0.033
2593.60935 18.195 0.031
2594.61311 18.244 0.047
2596.58865 18.290 0.047
2597.57581 18.082 0.038
2598.64966 18.192 0.037
2599.60914 18.219 0.042
2607.63035 18.194 0.039
2610.55013 18.226 0.045
2613.54399 18.230 0.037
2615.57285 18.172 0.036
2619.56051 18.201 0.042
2621.56947 18.234 0.034
2625.55207 18.097 0.044
2628.54520 18.237 0.059
2632.55162 18.249 0.034
2636.54702 18.193 0.043
2639.54727 18.187 0.033
2642.55626 18.177 0.043
2646.56883 18.202 0.039
2651.54112 18.233 0.049
2654.55866 18.159 0.041
2657.56154 18.182 0.038
2660.55731 18.188 0.036
2671.55497 18.233 0.039
2673.56676 18.185 0.046
2676.52813 18.223 0.045
2679.54150 18.203 0.035
2777.90653 18.132 0.044
2804.87353 18.217 0.045
2811.90798 18.183 0.047
2814.94365 18.224 0.037
2817.93020 18.170 0.040
2825.91031 18.087 0.034
2831.78504 18.204 0.045
2832.75103 18.150 0.038
2832.92898 18.212 0.033
2833.86895 18.237 0.047
2835.87758 18.201 0.035
2837.87866 18.165 0.051
2838.93584 18.183 0.047
2840.82858 18.170 0.037
2843.83003 18.148 0.031
2844.87583 18.214 0.033
2845.92182 18.160 0.037
2849.85927 18.192 0.035
2850.89202 18.193 0.037
2851.93559 18.198 0.040
2852.80626 18.271 0.042
2853.94568 18.099 0.053
2854.83200 18.178 0.040
2856.81895 18.173 0.042
2858.91300 18.171 0.027
2860.87899 18.194 0.031
2861.75017 18.188 0.030
2862.92917 18.139 0.037
2863.83841 18.240 0.050
2865.83527 18.181 0.033
2866.88493 18.226 0.042
2867.82496 18.165 0.030
2868.77261 18.215 0.035
2869.90560 18.192 0.034
2870.81920 18.208 0.029
2871.86213 18.172 0.033
2875.80850 18.179 0.036
2876.77940 18.166 0.030
2879.74292 18.160 0.025
2883.82909 18.191 0.026
2885.76388 18.213 0.026
2888.81219 18.232 0.041
2892.80358 18.160 0.044
2894.73275 18.194 0.039
2896.72983 18.198 0.032
2898.75079 18.175 0.030
2900.74966 18.207 0.025
2902.74918 18.175 0.025
2905.75637 18.143 0.030
2907.75776 18.165 0.024
2909.74687 18.148 0.021
2911.73824 18.182 0.022
2915.70971 18.146 0.026
2917.73582 18.161 0.024
2921.73358 18.273 0.035
2923.75551 18.225 0.038
2925.71850 18.183 0.027
2927.71599 18.202 0.035
2930.73409 18.200 0.035
2932.74060 18.275 0.035
2934.72040 18.180 0.027
2937.64443 18.140 0.033
2939.69708 18.196 0.031
2940.63717 18.207 0.024
2941.68702 18.176 0.026
2942.63717 18.156 0.029
2943.60836 18.200 0.037
2944.59297 18.181 0.033
2945.60974 18.305 0.066
2947.61923 18.188 0.034
2949.60053 18.193 0.032
2950.64530 18.146 0.027
2951.63247 18.203 0.037
2952.66138 18.112 0.035
2954.68631 18.284 0.046
2956.63229 18.184 0.024
2958.62669 18.128 0.036
2961.59780 18.237 0.051
2965.63620 18.200 0.029
2968.59754 18.278 0.037
2970.61679 18.206 0.035
2972.60128 18.196 0.034
2974.60201 18.176 0.031
2976.55172 18.172 0.034
2978.57781 18.184 0.038
2980.59466 18.172 0.043
2982.53987 18.256 0.036
2984.63077 18.173 0.036
2986.64088 18.170 0.036
2988.53325 18.123 0.041
2991.60632 18.177 0.032
2994.58863 18.213 0.035
2997.56080 18.175 0.029
3001.57728 18.324 0.036
3005.53533 18.195 0.045
3008.56164 18.175 0.048
3011.56503 18.188 0.044
3016.59169 18.173 0.039
3018.57813 18.183 0.040
3020.60619 18.196 0.036
3021.61901 18.182 0.023
3023.57491 18.262 0.032
3025.57339 18.169 0.033
3027.60691 18.194 0.032
3029.57880 18.149 0.032
3031.58336 18.205 0.032
3033.58571 18.186 0.033
3037.53274 18.207 0.039
3164.93313 18.200 0.037
3177.92092 18.185 0.041
3183.91512 18.165 0.030
3193.88290 18.123 0.035
3195.94210 18.201 0.030
3197.91757 18.150 0.033
3201.87501 18.122 0.027
3203.88297 18.182 0.023
3206.82083 18.145 0.034
3210.89688 18.210 0.031
3211.88828 18.171 0.031
3215.66442 18.289 0.049
3216.73243 18.155 0.043
3217.93293 18.256 0.046
3218.91758 18.203 0.053
3223.83842 18.194 0.040
3226.82868 18.163 0.034
3229.83583 18.239 0.025
3231.81795 18.233 0.044
3239.79634 18.183 0.031
3240.79359 18.210 0.040
3241.81795 18.163 0.031
3242.71728 18.269 0.038
3243.85373 18.236 0.038
3244.83092 18.179 0.036
3245.78006 18.161 0.035
3246.77250 18.161 0.039
3247.76629 18.261 0.036
3249.73097 18.172 0.034
3251.74449 18.174 0.025
3254.73162 18.304 0.029
3257.74804 18.183 0.022
3259.66723 18.224 0.036
3261.70531 18.181 0.023
3263.68801 18.133 0.022
3265.72242 18.265 0.025
3267.71125 18.232 0.025
3269.78767 18.230 0.042
3270.74450 18.163 0.032
3271.66732 18.173 0.036
3272.72452 18.230 0.029
3274.71039 18.143 0.030
3276.71483 18.190 0.037
3277.75362 18.190 0.029
3279.68517 18.182 0.030
3281.64393 18.195 0.026
3283.64540 18.165 0.021
3287.61161 18.204 0.031
3289.62268 18.249 0.032
3293.59946 18.153 0.027
3295.61825 18.106 0.020
3297.60003 18.208 0.023
3299.65638 18.181 0.022
3301.63060 18.293 0.037
3303.69287 18.227 0.032
3306.62541 18.158 0.022
3308.61315 18.228 0.041
3310.61228 18.206 0.033
3312.65632 18.222 0.034
3314.56711 18.197 0.043
3320.60497 18.179 0.026
3323.54845 18.285 0.032
3327.55993 18.237 0.032
3330.55418 18.130 0.033
3335.59899 18.196 0.038
3338.60260 18.179 0.025
3349.59890 18.139 0.025
3353.57801 18.183 0.032
3359.55452 18.167 0.033
3363.56188 18.193 0.035
3367.62118 18.286 0.034
3372.55193 18.132 0.029
3376.53124 18.108 0.035
3378.59816 18.213 0.033
3386.56462 18.164 0.022
3390.57818 18.181 0.038
3398.55995 18.224 0.033
3402.54833 18.218 0.027
3528.94050 18.272 0.045
3541.93329 18.211 0.026
3547.91789 18.143 0.027
3554.92610 18.211 0.031
3560.94825 18.216 0.033
3564.91042 18.173 0.022
3568.84127 18.216 0.029
3570.78198 18.198 0.043
3571.80432 18.154 0.047
3573.84180 18.192 0.034
3574.88082 18.150 0.031
3577.83947 18.117 0.027
3578.89804 18.164 0.023
3579.80287 18.211 0.025
3581.84782 18.159 0.031
3581.87054 18.176 0.032
3582.83269 18.230 0.034
3583.83713 18.261 0.031
3584.80884 18.102 0.024
3586.81146 18.155 0.021
3588.82936 18.201 0.026
3589.82217 18.199 0.026
3591.87696 18.163 0.020
3593.81453 18.121 0.027
3596.89498 18.194 0.025
3601.81260 18.179 0.032
3607.81804 18.190 0.024
3614.78944 18.201 0.020
3617.76894 18.197 0.021
3619.70186 18.197 0.026
3621.72033 18.215 0.026
3624.86862 18.240 0.040
3626.71801 18.155 0.029
3629.67159 18.210 0.038
3631.73398 18.211 0.036
3633.71023 18.127 0.037
3637.65323 18.273 0.035
3639.70330 18.214 0.019
3641.69985 18.163 0.027
3643.72422 18.139 0.022
3646.65916 18.133 0.029
3650.66243 18.221 0.033
3650.68648 18.217 0.027
3651.73641 18.182 0.024
3653.73257 18.204 0.025
3655.69874 18.204 0.024
3657.64953 18.205 0.027
3658.65396 18.161 0.030
3659.64199 18.172 0.033
3660.67214 18.143 0.034
3663.56363 18.303 0.049
3665.63720 18.133 0.032
3668.57565 18.136 0.025
3669.70650 18.232 0.036
3671.63255 18.169 0.026
3673.67741 18.093 0.032
3675.66199 18.224 0.030
3681.63331 18.086 0.041
3683.65130 18.174 0.025
3685.65646 18.166 0.024
3687.65509 18.130 0.027
3689.60351 18.234 0.032
3692.57931 18.250 0.034
3694.56330 18.204 0.037
3696.56381 18.155 0.025
3698.59749 18.183 0.033
3700.57842 18.281 0.036
3702.58773 18.177 0.031
3704.59399 18.154 0.026
3706.61444 18.172 0.022
3708.58731 18.224 0.033
3711.59390 18.186 0.034
3714.52763 18.278 0.049
3718.60816 18.185 0.041
3721.56174 18.176 0.030
3724.56673 18.141 0.027
3726.58727 18.189 0.031
3728.56038 18.181 0.031
3734.56384 18.210 0.031
3737.57951 18.150 0.027
3742.53814 18.139 0.049
3746.56340 18.088 0.038
3751.54328 18.164 0.045
3756.55603 18.230 0.037
3761.60627 18.149 0.032
3766.53109 18.175 0.032
3772.55392 18.205 0.034
3776.55397 18.305 0.038
3871.87986 18.245 0.050
3901.94239 18.232 0.036
3906.94269 18.199 0.030
3913.91962 18.175 0.023
3918.88313 18.175 0.030
3931.91846 18.325 0.034
3934.86150 18.228 0.025
3936.86968 18.177 0.027
3938.85371 18.150 0.031
3944.90109 18.140 0.025
3946.86923 18.153 0.024
3951.88858 18.168 0.025
3955.85373 18.245 0.045
3958.83324 18.146 0.043
3960.83041 18.186 0.027
3963.82712 18.172 0.042
3965.81899 18.161 0.019
3967.83884 18.248 0.024
3969.80449 18.196 0.030
3971.78068 18.167 0.022
3974.78243 18.176 0.027
3979.73780 18.159 0.029
3980.62114 18.256 0.042
3981.64740 18.232 0.025
3983.83774 18.231 0.032
3987.78626 18.203 0.030
3990.79361 18.200 0.024
3993.73842 18.243 0.031
3995.74370 18.182 0.024
3999.75300 18.163 0.023
4002.72511 18.215 0.022
4004.67688 18.181 0.024
4006.70313 18.179 0.021
4007.56650 18.200 0.027
4008.57543 18.173 0.025
4009.74377 18.157 0.030
4013.70198 18.228 0.032
4015.70052 18.320 0.051
4018.69968 18.184 0.029
4019.68825 18.199 0.033
4021.68072 18.247 0.025
4024.65421 18.181 0.025
4026.63309 18.163 0.025
4028.62905 18.124 0.021
4030.64160 18.147 0.026
4032.69370 18.200 0.036
4037.66988 18.161 0.022
4039.60781 18.148 0.025
4041.60735 18.231 0.037
4043.59306 18.182 0.036
4046.60238 18.245 0.032
4048.56830 18.090 0.033
4050.61040 18.187 0.026
4052.56249 18.227 0.029
4054.61667 18.235 0.033
4058.62231 18.226 0.030
4060.52114 18.205 0.036
4064.51877 18.188 0.025
4066.56024 18.211 0.025
4069.51861 18.288 0.044
4073.60218 18.164 0.037
4077.52552 18.206 0.033
4082.52740 18.172 0.038
4085.56513 18.185 0.029
4092.56117 18.247 0.025
4096.58713 18.261 0.035
4100.58992 18.184 0.036
4105.55771 18.226 0.035
4108.53396 18.213 0.033
4113.61185 18.283 0.031
4120.58269 18.239 0.030
4126.58051 18.149 0.040
4252.92975 18.163 0.040
4255.84907 18.178 0.043
4268.90236 18.145 0.034
4275.92451 18.247 0.037
4279.80223 18.225 0.062
4282.81273 18.173 0.036
4283.86567 18.185 0.038
4285.92000 18.176 0.035
4291.94079 18.198 0.039
4292.85932 18.159 0.025
4295.86335 18.156 0.025
4296.89311 18.159 0.027
4297.92597 18.233 0.027
4299.86081 18.197 0.025
4300.88229 18.212 0.026
4301.90029 18.182 0.022
4302.92192 18.168 0.033
4307.90082 18.154 0.023
4308.66197 18.186 0.034
4308.86997 18.172 0.030
4310.84231 18.192 0.035
4311.82986 18.156 0.054
4312.90373 18.164 0.023
4314.92320 18.170 0.037
4316.82974 18.180 0.035
4319.86692 18.198 0.036
4320.89381 18.224 0.036
4326.83769 18.221 0.030
4327.81618 18.115 0.039
4328.83182 18.221 0.036
4329.83410 18.179 0.031
4330.86261 18.249 0.027
4333.86389 18.244 0.032
4338.90427 18.130 0.037
4340.77674 18.184 0.032
4341.77191 18.202 0.038
4342.82779 18.184 0.040
4343.76542 18.163 0.030
4344.74756 18.226 0.034
4345.79352 18.161 0.029
4347.78245 18.191 0.029
4349.79565 18.155 0.030
4351.82288 18.170 0.031
4353.75595 18.217 0.036
4357.70482 18.195 0.034
4359.70276 18.123 0.025
4361.70532 18.197 0.036
4362.72805 18.180 0.031
4364.58709 18.145 0.045
4367.68460 18.176 0.037
4370.67626 18.211 0.036
4372.73970 18.187 0.026
4376.65508 18.142 0.031
4378.62167 18.207 0.034
4379.64964 18.087 0.039
4380.76248 18.207 0.030
4382.68995 18.190 0.030
4386.66500 18.159 0.029
4388.66549 18.221 0.031
4390.67447 18.172 0.025
4393.64827 18.154 0.029
4395.68313 18.187 0.035
4398.64858 18.217 0.034
4400.67145 18.235 0.037
4403.69725 18.125 0.032
4407.63733 18.157 0.033
4408.68352 18.187 0.032
4410.70644 18.174 0.031
4415.69059 18.155 0.030
4418.59725 18.180 0.029
4422.65845 18.156 0.029
4424.65553 18.242 0.034
4427.54220 18.218 0.038
4429.56815 18.231 0.057
4431.57262 18.237 0.035
4433.57845 18.182 0.031
4435.56679 18.197 0.032
4437.65585 18.162 0.041
4439.56769 18.154 0.037
4441.60354 18.165 0.033
4443.59425 18.142 0.035
4449.64828 18.203 0.032
4451.60341 18.206 0.030
4453.58538 18.213 0.038
4456.58680 18.143 0.040
4459.53933 18.119 0.036
4464.54257 18.152 0.034
4464.57900 18.183 0.030
4464.59443 18.129 0.030
4465.54495 18.129 0.032
4465.59436 18.175 0.031
4466.56666 18.199 0.035
4466.59627 18.184 0.034
4467.56304 18.186 0.038
4468.58828 18.193 0.029
4468.62316 18.253 0.031
4469.58202 18.185 0.034
4469.60822 18.198 0.032
4470.54760 18.236 0.038
4470.56385 18.238 0.040
4471.53571 18.266 0.040
4472.54790 18.222 0.030
4472.56954 18.182 0.027
4476.57848 18.228 0.030
4479.60329 18.202 0.039
4481.58796 18.163 0.034
4484.60464 18.258 0.054
4487.62618 18.087 0.047
4609.89945 18.229 0.037
4643.88417 18.206 0.037
4649.93437 18.157 0.034
4655.94586 18.204 0.032
4661.89753 18.166 0.029
4662.78023 18.169 0.027
4662.89717 18.188 0.029
4663.75193 18.198 0.037
4663.93583 18.229 0.042
4665.82490 18.208 0.039
4665.91883 18.168 0.040
4666.91270 18.246 0.041
4670.90713 18.175 0.030
4671.82138 18.194 0.033
4672.88111 18.245 0.032
4675.89873 18.187 0.032
4681.87847 18.161 0.026
4683.87371 18.191 0.025
4685.85982 18.211 0.032
4688.81121 18.290 0.029
4690.73673 18.202 0.029
4691.73963 18.223 0.048
4693.89470 18.218 0.040
4696.84464 18.260 0.047
4698.75645 18.187 0.024
4699.75045 18.225 0.032
4700.78795 18.154 0.025
4701.79316 18.198 0.032
4702.85331 18.116 0.030
4703.75236 18.179 0.027
4704.77121 18.187 0.026
4705.77846 18.190 0.035
4707.77113 18.159 0.021
4708.83935 18.205 0.025
4710.75536 18.280 0.032
4716.75687 18.190 0.025
4719.74902 18.163 0.037
4721.73799 18.324 0.064
4724.76768 18.191 0.031
4726.66336 18.123 0.044
4729.67438 18.154 0.036
4730.70298 18.111 0.020
4731.72747 18.167 0.026
4731.76460 18.181 0.023
4733.70945 18.173 0.027
4733.80495 18.168 0.029
4734.66637 18.197 0.026
4734.74691 18.165 0.023
4736.67069 18.193 0.037
4736.71168 18.211 0.034
4737.77794 18.194 0.033
4738.75240 18.166 0.035
4739.65299 18.157 0.034
4741.72755 18.183 0.021
4747.59416 18.175 0.032
4749.59377 18.204 0.041
4753.66287 18.182 0.035
4755.65682 18.172 0.027
4757.64128 18.284 0.030
4759.65387 18.131 0.025
4761.62416 18.181 0.021
4763.63679 18.183 0.036
4766.60499 18.130 0.037
4769.64307 18.237 0.044
4771.55412 18.220 0.039
4772.59926 18.164 0.026
4772.67595 18.178 0.030
4773.56342 18.206 0.026
4773.67897 18.200 0.030
4774.53234 18.226 0.033
4774.65539 18.169 0.031
4775.53198 18.146 0.036
4775.66582 18.161 0.037
4776.54130 18.183 0.039
4777.50938 18.218 0.049
4777.59955 18.151 0.032
4779.63515 18.275 0.034
4781.58504 18.174 0.030
4783.56867 18.189 0.035
4785.59977 18.161 0.038
4787.55613 18.156 0.050
4789.53519 18.223 0.040
4790.61740 18.286 0.025
4791.61568 18.161 0.025
4793.51981 18.244 0.039
4795.53687 18.205 0.026
4797.52907 18.194 0.034
4798.59236 18.202 0.043
4800.63966 18.156 0.027
4803.53098 18.137 0.034
4804.58117 18.167 0.038
4805.54289 18.168 0.032
4806.59018 18.154 0.031
4806.62668 18.198 0.036
4807.54336 18.112 0.042
4807.60545 18.180 0.044
4808.54841 18.137 0.037
4808.61620 18.144 0.032
4809.55051 18.150 0.031
4809.63039 18.179 0.032
4810.55883 18.163 0.033
4811.56374 18.150 0.035
4812.63156 18.305 0.060
4813.59818 18.183 0.037
4815.57433 18.179 0.038
4817.59084 18.168 0.026
4819.59045 18.169 0.030
4821.63235 18.175 0.024
4822.57254 18.236 0.032
4823.53713 18.215 0.041
4823.59314 18.264 0.034
4824.54550 18.142 0.034
4824.62841 18.170 0.035
4825.56977 18.140 0.034
4825.62160 18.186 0.033
4826.58470 18.222 0.038
4832.59470 18.186 0.035
4835.57652 18.213 0.043
4839.59804 18.166 0.039
4842.56509 18.259 0.039
4844.57356 18.141 0.027
4847.62986 18.176 0.050
4849.58972 18.221 0.031
4853.58713 18.174 0.032
4856.58110 18.189 0.030
4865.55420 18.175 0.033
4935.92066 18.185 0.042
4937.92098 18.121 0.039
4940.92254 18.168 0.039
4952.92202 18.207 0.038
