2085.90914 18.597 0.072
2086.88843 18.897 0.074
2103.89525 18.668 0.036
2105.92315 18.530 0.042
2106.89098 18.751 0.056
2112.84336 18.855 0.050
2116.87111 18.560 0.041
2123.81803 18.515 0.045
2124.83847 18.897 0.122
2128.82553 18.523 0.049
2129.85750 18.557 0.047
2130.84387 18.560 0.052
2131.83748 18.619 0.050
2132.80627 18.608 0.057
2133.89460 18.586 0.066
2134.81000 18.586 0.061
2135.84408 18.837 0.074
2137.89208 18.466 0.054
2140.81134 18.546 0.047
2142.75205 18.640 0.048
2143.81755 18.602 0.046
2144.82425 18.874 0.046
2155.87863 18.655 0.074
2156.82521 18.565 0.053
2160.75460 18.546 0.052
2162.76139 18.600 0.043
2166.75600 18.560 0.038
2167.76446 18.567 0.039
2168.71363 18.554 0.041
2171.73955 18.528 0.036
2172.74617 18.634 0.046
2177.63966 18.617 0.051
2184.70130 18.593 0.061
2185.66480 18.841 0.068
2186.68965 18.510 0.062
2187.68483 18.539 0.058
2188.73199 18.533 0.049
2190.69136 18.450 0.040
2191.66474 18.637 0.048
2192.66325 18.601 0.035
2193.68432 18.544 0.033
2194.65442 18.629 0.041
2203.55089 18.572 0.049
2206.60721 18.608 0.070
2211.64130 18.957 0.068
2212.64513 18.500 0.045
2213.65095 18.593 0.057
2214.64214 18.938 0.084
2215.64912 18.517 0.046
2217.63582 18.942 0.081
2219.67868 18.592 0.049
2224.71356 18.577 0.047
2226.63643 18.595 0.069
2228.55833 18.662 0.055
2229.61659 18.566 0.050
2231.64326 18.670 0.057
2232.50999 18.693 0.074
2233.61341 18.510 0.044
2235.66353 18.574 0.040
2238.54707 18.604 0.051
2240.65138 18.754 0.061
2242.61889 18.538 0.056
2248.60354 18.520 0.035
2250.57686 18.590 0.042
2253.57050 18.536 0.036
2255.60716 18.608 0.049
2258.57346 18.533 0.041
2263.58419 18.664 0.048
2266.55498 18.706 0.059
2271.56456 18.574 0.047
2273.56390 18.586 0.072
2275.59883 18.629 0.059
2276.55838 18.533 0.064
2278.59096 18.635 0.056
2280.58682 18.690 0.060
2284.58970 18.572 0.052
2290.60368 18.515 0.049
2293.56596 18.510 0.049
2295.55870 18.859 0.065
2297.56199 18.619 0.067
2299.56109 18.481 0.056
2301.55335 18.646 0.069
2445.91192 18.574 0.062
2460.87884 18.542 0.070
2463.91518 18.607 0.047
2465.92794 18.575 0.041
2467.90093 18.763 0.049
2469.90031 18.585 0.041
2471.88975 18.615 0.043
2472.91922 18.621 0.042
2473.89113 18.595 0.041
2481.90282 18.612 0.064
2483.88864 18.525 0.037
2486.88565 18.561 0.052
2488.87656 18.616 0.065
2489.92299 18.471 0.049
2492.90335 18.575 0.043
2495.89338 18.496 0.048
2496.90310 18.580 0.042
2497.92651 18.503 0.043
2498.77378 18.546 0.047
2499.85936 18.740 0.046
2500.86493 18.558 0.041
2501.85389 18.536 0.037
2502.83412 18.701 0.054
2508.74536 18.772 0.090
2516.77666 18.642 0.062
2517.82340 18.601 0.050
2518.79484 18.532 0.046
2519.83174 18.775 0.048
2520.79113 18.534 0.042
2521.82327 18.499 0.036
2524.82152 18.608 0.068
2526.77770 18.579 0.035
2534.83408 18.493 0.049
2535.81429 18.565 0.042
2537.70207 18.835 0.081
2538.79803 18.508 0.047
2539.70185 18.536 0.049
2540.74273 18.601 0.070
2541.71375 18.548 0.041
2542.68354 18.557 0.040
2544.66208 18.610 0.042
2545.67711 18.578 0.037
2547.69512 18.498 0.041
2548.71156 18.540 0.036
2550.70669 18.531 0.042
2551.69333 18.580 0.039
2553.64905 18.627 0.064
2554.70257 18.658 0.045
2555.71050 18.516 0.042
2556.68952 18.538 0.040
2557.70206 18.845 0.042
2558.65854 18.560 0.047
2559.61544 18.506 0.048
2560.64850 18.655 0.045
2561.67405 18.590 0.080
2562.66694 18.590 0.049
2563.67487 18.900 0.063
2564.69026 18.558 0.046
2565.68116 18.599 0.049
2566.66144 18.861 0.055
2568.69242 18.693 0.077
2571.64511 18.620 0.070
2573.65854 18.546 0.062
2574.64237 18.626 0.054
2577.62924 18.589 0.061
2578.62931 18.542 0.045
2579.63596 18.541 0.051
2580.64808 18.619 0.042
2583.61939 18.557 0.054
2584.62675 18.625 0.049
2586.62397 18.518 0.043
2587.60838 18.492 0.046
2588.71680 18.489 0.046
2589.59832 18.667 0.052
2590.61345 18.573 0.054
2591.63659 18.518 0.046
2593.60559 18.564 0.042
2594.60936 18.441 0.056
2596.58489 18.594 0.064
2597.57206 18.571 0.050
2598.64593 18.545 0.051
2599.60541 18.635 0.066
2607.62660 18.674 0.064
2610.54642 18.562 0.058
2613.54032 18.599 0.054
2615.56917 18.607 0.050
2619.55687 18.549 0.055
2621.56577 18.877 0.058
2625.54841 18.541 0.061
2628.54178 18.486 0.072
2632.54820 18.561 0.048
2636.54337 18.612 0.061
2639.54386 18.560 0.051
2642.55261 18.632 0.063
2646.56543 18.573 0.051
2651.53746 18.502 0.066
2654.55527 18.576 0.061
2657.55813 18.642 0.056
2660.55391 18.628 0.054
2671.55158 18.628 0.057
2673.56338 18.827 0.079
2676.52475 18.725 0.079
2679.53811 18.911 0.062
2682.54043 18.903 0.084
2777.90295 18.562 0.067
2804.86989 18.559 0.069
2811.90436 18.592 0.081
2814.94001 18.614 0.048
2817.92658 18.519 0.050
2825.90438 18.571 0.055
2831.78143 18.803 0.075
2832.74739 18.496 0.055
2832.92536 18.567 0.045
2833.86530 18.562 0.062
2835.87395 18.584 0.051
2837.87502 18.541 0.074
2838.93218 18.642 0.067
2840.82492 18.666 0.064
2843.82636 18.560 0.046
2844.87219 18.524 0.044
2845.91818 18.742 0.065
2849.85561 18.581 0.049
2850.88837 18.554 0.049
2851.93194 18.512 0.053
2852.80262 18.648 0.061
2853.94203 18.544 0.053
2856.81529 18.499 0.052
2858.90934 18.543 0.036
2860.87534 18.560 0.042
2861.74651 18.507 0.037
2862.92552 18.675 0.059
2863.83472 18.679 0.073
2865.83162 18.563 0.044
2866.88126 18.554 0.057
2867.82127 18.559 0.038
2868.76894 18.548 0.046
2869.90194 18.547 0.043
2870.81554 18.538 0.036
2871.85846 18.759 0.052
2875.79802 18.594 0.057
2876.77573 18.529 0.041
2877.79763 18.816 0.048
2879.73926 18.577 0.036
2883.82540 18.641 0.036
2885.76020 18.601 0.045
2888.80852 18.570 0.045
2892.79988 18.582 0.062
2894.72904 18.588 0.051
2896.72614 18.514 0.038
2898.74712 18.522 0.038
2900.74596 18.538 0.032
2902.74548 18.542 0.036
2905.75268 18.552 0.039
2907.75408 18.628 0.036
2909.74319 18.868 0.039
2911.73455 18.524 0.030
2915.70602 18.910 0.049
2917.73213 18.624 0.037
2921.72988 18.599 0.050
2923.75183 18.554 0.051
2925.71480 18.518 0.036
2927.71233 18.594 0.047
2930.73038 18.581 0.046
2932.73689 18.702 0.047
2934.71672 18.528 0.036
2937.64073 18.552 0.045
2939.69337 18.584 0.041
2940.63350 18.525 0.031
2941.68332 18.868 0.041
2942.63345 18.565 0.045
2943.60468 18.551 0.049
2944.58927 18.565 0.043
2945.60604 18.534 0.065
2947.61554 18.811 0.060
2949.59685 18.543 0.043
2950.64160 18.777 0.048
2951.62878 18.568 0.049
2952.65771 18.569 0.053
2954.68263 18.515 0.051
2956.62862 18.560 0.031
2958.62303 18.499 0.046
2961.59410 18.604 0.074
2968.59386 18.574 0.047
2970.61311 18.720 0.044
2972.59760 18.568 0.042
2974.59835 18.536 0.041
2976.54805 18.686 0.052
2978.57415 18.593 0.068
2980.59102 18.547 0.061
2982.53624 18.912 0.064
2984.62711 18.545 0.054
2986.63724 18.542 0.048
2988.52960 18.818 0.098
2991.60267 18.630 0.042
2994.58439 18.556 0.041
2997.55718 18.556 0.038
3001.57363 18.641 0.048
3005.53170 18.834 0.093
3008.55336 18.864 0.081
3008.55802 18.845 0.080
3011.56139 18.682 0.064
3016.58805 18.579 0.052
3018.57452 18.449 0.043
3020.60257 18.563 0.040
3021.61538 18.528 0.031
3023.57128 18.647 0.041
3025.56979 18.768 0.060
3027.60330 18.649 0.046
3029.57520 18.540 0.042
3031.57974 18.945 0.061
3033.58211 18.515 0.040
3037.52913 18.871 0.074
3164.92956 18.571 0.048
3177.91731 18.790 0.069
3183.91153 18.560 0.042
3193.87929 18.692 0.056
3195.93849 18.547 0.038
3197.91395 19.018 0.064
3201.87137 18.581 0.046
3203.87932 18.835 0.038
3206.81719 18.956 0.063
3210.89322 18.714 0.049
3211.88465 18.577 0.038
3215.66076 18.696 0.072
3216.72877 18.611 0.067
3217.92930 18.694 0.057
3218.91393 18.584 0.073
3223.83478 18.515 0.045
3226.82503 18.823 0.059
3229.83216 18.795 0.043
3231.81430 18.614 0.063
3239.79267 18.531 0.041
3240.78993 18.674 0.059
3241.81429 18.626 0.042
3242.71361 18.554 0.045
3243.85006 18.684 0.050
3244.82725 18.607 0.056
3245.77639 18.674 0.058
3246.76884 18.602 0.061
3247.76260 18.660 0.050
3249.72731 18.648 0.054
3251.74083 18.518 0.033
3254.72795 18.562 0.036
3257.74436 18.557 0.030
3259.66354 18.597 0.042
3261.70164 18.589 0.034
3263.68434 18.553 0.031
3265.71873 18.536 0.031
3267.70757 18.760 0.038
3269.78399 18.611 0.059
3270.74081 18.759 0.052
3271.66364 18.502 0.040
3272.72083 18.621 0.039
3274.70670 18.575 0.043
3276.71113 18.575 0.052
3277.74427 18.524 0.040
3279.67659 18.631 0.042
3281.64027 18.496 0.035
3283.64171 18.500 0.027
3287.60793 18.526 0.037
3289.61900 18.635 0.043
3293.59579 18.444 0.030
3295.61458 18.532 0.026
3297.59633 18.513 0.030
3299.65270 18.788 0.038
3301.62694 18.570 0.049
3303.68919 18.555 0.043
3306.62174 18.507 0.029
3308.60946 18.956 0.076
3310.60859 18.516 0.044
3312.65261 18.551 0.042
3314.56347 18.712 0.063
3320.60130 18.561 0.036
3327.55626 18.619 0.043
3330.55049 18.684 0.052
3335.59532 18.464 0.047
3338.59893 18.571 0.036
3349.59526 18.552 0.036
3353.57435 18.588 0.043
3359.55088 18.534 0.042
3363.55822 18.821 0.057
3367.61754 18.642 0.044
3372.54829 18.547 0.036
3376.52760 18.464 0.059
3378.59455 18.557 0.045
3386.56098 18.869 0.040
3390.57456 18.558 0.054
3398.55632 18.571 0.041
3402.54472 18.505 0.035
3528.93692 18.498 0.049
3541.92972 18.519 0.035
3547.91431 18.632 0.041
3554.92252 18.605 0.045
3560.94464 18.519 0.039
3564.90680 18.555 0.031
3568.83766 18.518 0.034
3570.77838 18.667 0.065
3571.80071 18.458 0.061
3573.83820 18.706 0.064
3574.87719 18.521 0.042
3577.83586 18.557 0.042
3578.89443 18.774 0.040
3579.79927 18.635 0.035
3581.84420 18.754 0.049
3581.86691 18.917 0.057
3582.82909 18.697 0.055
3583.83350 18.571 0.044
3584.80520 18.979 0.049
3586.80784 18.550 0.028
3588.82573 18.600 0.035
3589.81854 18.570 0.035
3591.87334 18.570 0.027
3593.81090 18.689 0.044
3596.89136 18.555 0.037
3601.80899 18.648 0.048
3607.81440 18.666 0.036
3614.78579 18.601 0.029
3617.76529 18.557 0.032
3619.69821 18.759 0.045
3621.71667 18.578 0.037
3624.86497 18.569 0.052
3626.71435 18.540 0.039
3629.66796 18.524 0.051
3631.73033 18.502 0.049
3633.69564 18.547 0.052
3637.64955 18.555 0.045
3639.69963 18.587 0.027
3641.69619 18.624 0.036
3643.72056 18.624 0.034
3646.65552 18.573 0.041
3650.65877 18.565 0.041
3650.68281 18.542 0.036
3651.73275 18.733 0.036
3653.72891 18.545 0.033
3655.69509 18.515 0.030
3657.64587 18.750 0.046
3658.65030 18.607 0.042
3659.63835 18.646 0.050
3660.66847 18.612 0.049
3663.55998 18.815 0.076
3665.63356 18.546 0.037
3668.57198 18.558 0.037
3669.67074 18.583 0.049
3671.62890 18.541 0.043
3673.67376 18.619 0.051
3675.65834 18.562 0.037
3681.62964 18.437 0.049
3681.64927 18.629 0.062
3683.64765 18.884 0.050
3685.65278 18.524 0.035
3687.65145 18.585 0.039
3689.59984 18.817 0.049
3692.57568 18.800 0.055
3694.55966 18.726 0.055
3696.56018 18.470 0.031
3698.59387 18.457 0.042
3700.57480 18.575 0.046
3702.58409 18.596 0.041
3704.59036 18.545 0.041
3706.61079 18.706 0.033
3708.58367 18.629 0.045
3711.59026 18.662 0.056
3714.52401 18.611 0.088
3718.60452 18.576 0.052
3721.55342 18.621 0.049
3724.56310 18.600 0.042
3726.58366 18.557 0.040
3728.55677 18.531 0.041
3734.56022 18.547 0.044
3737.57590 18.537 0.041
3742.53452 18.573 0.074
3746.55980 18.547 0.055
3751.53618 18.492 0.066
3756.55244 18.642 0.049
3761.60271 18.816 0.057
3766.52751 18.652 0.066
3772.55033 18.522 0.045
3776.55040 18.553 0.048
3871.87630 18.608 0.067
3901.93882 18.753 0.058
3906.93909 18.512 0.036
3913.91603 18.600 0.031
3918.87954 18.569 0.037
3931.91488 18.546 0.048
3934.85790 18.501 0.031
3936.86610 18.897 0.050
3938.85009 18.604 0.046
3944.89748 18.591 0.037
3946.86561 18.582 0.042
3951.88502 18.542 0.046
3955.85015 18.543 0.057
3958.82667 18.506 0.055
3960.82682 18.580 0.038
3963.82353 18.511 0.055
3965.81541 18.810 0.030
3967.83526 18.660 0.034
3969.80090 18.527 0.036
3971.77709 18.906 0.043
3974.77883 18.803 0.054
3979.73419 18.475 0.035
3980.61754 18.561 0.057
3981.64383 18.518 0.032
3983.83415 18.548 0.050
3986.69571 18.807 0.062
3987.66675 18.597 0.038
3990.79002 18.487 0.033
3993.73482 18.557 0.042
3995.74009 18.570 0.029
3999.74936 18.564 0.032
4002.72150 18.596 0.030
4004.67329 18.617 0.036
4006.69950 18.856 0.036
4007.56288 18.592 0.040
4008.57181 18.569 0.036
4009.73327 18.621 0.041
4013.69838 18.565 0.043
4015.68067 18.554 0.058
4015.69690 18.470 0.051
4018.69606 18.614 0.042
4019.68463 18.541 0.044
4021.67712 18.546 0.034
4024.65059 18.532 0.034
4026.62947 18.599 0.037
4028.62543 18.507 0.030
4030.63799 18.672 0.041
4032.69009 18.919 0.060
4037.66628 18.559 0.031
4039.60422 18.525 0.033
4041.60374 18.764 0.067
4043.58944 18.591 0.050
4046.59877 18.436 0.039
4048.56467 18.567 0.047
4050.60679 18.530 0.036
4052.55889 18.652 0.039
4054.61307 18.564 0.040
4056.58516 18.645 0.049
4058.61871 18.630 0.042
4060.51755 18.601 0.049
4064.51518 18.476 0.040
4066.55665 18.538 0.038
4069.51502 18.697 0.079
4073.59859 18.843 0.063
4077.52194 18.532 0.053
4079.52388 18.796 0.082
4082.52384 18.451 0.055
4085.56155 18.590 0.039
4092.55760 18.612 0.032
4096.58355 18.831 0.048
4100.58634 18.506 0.047
4105.55417 18.564 0.048
4108.53042 18.633 0.057
4113.60831 18.717 0.044
4120.57914 18.540 0.034
4126.57697 18.583 0.058
4252.92626 18.509 0.059
4255.84555 18.612 0.061
4268.89906 18.657 0.052
4275.92119 18.598 0.054
4279.79887 18.621 0.084
4282.80943 18.510 0.049
4283.86237 18.572 0.058
4285.91669 18.777 0.058
4291.93747 18.692 0.059
4292.85599 18.528 0.034
4295.86004 18.549 0.037
4296.88980 18.518 0.037
4297.92266 18.592 0.039
4299.85747 18.573 0.033
4300.87896 18.624 0.039
4301.89697 18.546 0.031
4302.91858 18.586 0.044
4306.86321 18.501 0.052
4307.89749 18.526 0.032
4308.86662 18.619 0.042
4310.83897 18.537 0.049
4311.82652 18.603 0.074
4312.90040 18.550 0.033
4314.91987 18.809 0.059
4316.82641 18.509 0.045
4319.86359 18.579 0.049
4320.89045 18.628 0.049
4326.83432 18.646 0.043
4327.81259 18.564 0.057
4328.82822 18.589 0.048
4329.83076 18.545 0.044
4330.85900 18.576 0.038
4333.86030 18.570 0.044
4338.90068 18.548 0.055
4340.77316 18.509 0.042
4341.76831 18.547 0.054
4342.82417 18.514 0.048
4343.76181 18.562 0.043
4344.74396 18.552 0.041
4345.78995 18.536 0.036
4347.77884 18.547 0.039
4349.79203 18.857 0.050
4351.72913 18.576 0.054
4353.75235 18.590 0.055
4357.70122 18.568 0.050
4359.69915 18.467 0.036
4361.70171 18.813 0.061
4362.72443 18.567 0.049
4364.58347 18.565 0.060
4367.68098 18.613 0.056
4370.67263 18.620 0.050
4372.73610 18.573 0.035
4376.65149 18.597 0.049
4378.61807 18.621 0.049
4379.64603 18.637 0.055
4380.75888 18.530 0.037
4382.68633 18.586 0.041
4386.66139 18.545 0.036
4388.66187 18.589 0.043
4390.67086 18.830 0.044
4393.64464 18.842 0.055
4395.67952 18.538 0.043
4398.64496 18.469 0.044
4400.66784 18.537 0.049
4403.69363 18.583 0.046
4407.63372 18.582 0.049
4408.67990 18.548 0.049
4410.70284 18.860 0.055
4415.68697 18.591 0.042
4418.59364 18.592 0.039
4422.65487 18.617 0.045
4424.65193 18.547 0.044
4427.53863 18.539 0.051
4429.56456 18.677 0.079
4431.56900 18.641 0.052
4433.57486 18.591 0.042
4435.56321 18.572 0.043
4437.65225 18.624 0.063
4439.56412 18.645 0.056
4441.59995 18.488 0.045
4443.59068 18.518 0.047
4449.64470 18.530 0.040
4451.59983 18.705 0.043
4453.58181 18.556 0.052
4456.58324 18.567 0.061
4459.53574 18.553 0.059
4464.57543 18.564 0.041
4465.54136 18.543 0.049
4470.56029 18.617 0.059
4474.59679 18.846 0.074
4476.57493 18.556 0.039
4479.59974 18.580 0.057
4481.58441 18.506 0.043
4484.60109 18.676 0.081
4487.62265 18.651 0.072
4609.89594 18.528 0.057
4643.88061 18.831 0.063
4649.93082 18.530 0.045
4661.89396 18.592 0.039
4662.77668 18.509 0.037
4662.89360 18.559 0.039
4663.74837 18.493 0.049
4663.93227 18.865 0.061
4665.82132 18.538 0.056
4665.91527 18.563 0.059
4666.90913 18.784 0.066
4670.90358 18.526 0.043
4671.81782 18.544 0.047
4672.87754 18.869 0.050
4675.89515 18.640 0.046
4681.87488 18.579 0.032
4683.87013 18.527 0.039
4685.85625 18.566 0.044
4688.80759 18.514 0.036
4690.73315 18.792 0.044
4691.73602 18.548 0.053
4693.89111 18.582 0.054
4696.84103 18.425 0.061
4698.75286 18.512 0.031
4699.74687 18.634 0.045
4700.78438 18.524 0.035
4701.78958 18.747 0.050
4702.84972 18.577 0.047
4703.74876 18.587 0.046
4704.76761 18.767 0.040
4705.77485 18.514 0.046
4707.76752 18.868 0.039
4708.83578 18.518 0.030
4710.75175 18.850 0.043
4716.75326 18.709 0.046
4719.74543 18.601 0.061
4721.73439 18.624 0.055
4724.76409 18.587 0.046
4726.65976 18.574 0.052
4729.67074 18.527 0.052
4731.76099 18.591 0.036
4734.74331 18.570 0.033
4736.70809 18.921 0.061
4739.64937 18.747 0.057
4741.72395 18.592 0.033
4747.59056 18.520 0.041
4749.59013 18.581 0.057
4753.65929 18.702 0.067
4755.65321 18.614 0.044
4757.63765 18.491 0.036
4759.65027 18.521 0.040
4761.62054 18.535 0.028
4763.63318 18.604 0.053
4766.60140 18.560 0.051
4769.63947 18.625 0.052
4771.55054 18.562 0.053
4773.67535 18.491 0.036
4775.66219 18.518 0.049
4777.59594 18.833 0.055
4779.63153 18.636 0.051
4781.58145 18.542 0.045
4783.56507 18.757 0.061
4785.59617 18.590 0.051
4787.55254 18.689 0.097
4789.53158 18.588 0.057
4790.61380 18.544 0.031
4791.61210 18.588 0.039
4793.51623 18.550 0.056
4795.53328 18.427 0.033
4797.52548 18.601 0.049
4798.58878 18.597 0.055
4800.63607 18.776 0.048
4803.52739 18.918 0.066
4804.57757 18.662 0.061
4806.58659 18.780 0.054
4808.54482 18.587 0.049
4808.61232 18.537 0.047
4810.55526 18.574 0.049
4813.59461 18.602 0.051
4815.57074 18.680 0.057
4817.58728 18.554 0.038
4819.58688 18.519 0.040
4821.62878 18.546 0.032
4823.58957 18.698 0.047
4825.61801 18.433 0.042
4832.59113 18.613 0.047
4835.57295 18.697 0.063
4839.59446 18.474 0.048
4842.56152 18.469 0.049
4844.57001 18.597 0.044
4847.62632 18.659 0.085
4849.58618 18.792 0.050
4853.58361 18.459 0.044
4856.57754 18.591 0.041
4865.55067 18.588 0.051
4936.91655 18.683 0.065
4940.89923 18.654 0.055
4940.90309 18.660 0.052
4953.89694 18.567 0.053
4954.88836 18.466 0.036
