2085.90914 14.939 0.006
2085.90914 14.939 0.006
2086.88843 14.945 0.006
2086.88843 14.945 0.006
2103.89525 14.962 0.005
2103.89525 14.962 0.005
2105.92315 14.935 0.005
2105.92315 14.935 0.005
2106.89098 14.956 0.006
2106.89098 14.956 0.006
2112.84336 14.950 0.005
2112.84336 14.950 0.005
2116.87111 14.962 0.005
2116.87111 14.962 0.005
2123.81803 14.953 0.005
2123.81803 14.953 0.005
2124.83847 14.939 0.006
2124.83847 14.939 0.006
2128.82553 14.954 0.006
2128.82553 14.954 0.006
2131.83748 14.961 0.006
2131.83748 14.961 0.006
2132.80627 14.963 0.006
2132.80627 14.963 0.006
2133.89460 14.953 0.006
2133.89460 14.953 0.006
2134.81000 14.948 0.006
2134.81000 14.948 0.006
2135.84408 14.954 0.005
2135.84408 14.954 0.005
2137.89208 14.938 0.006
2137.89208 14.938 0.006
2142.75205 14.963 0.006
2142.75205 14.963 0.006
2143.81755 14.947 0.005
2143.81755 14.947 0.005
2144.82425 14.931 0.005
2144.82425 14.931 0.005
2160.75460 14.971 0.006
2160.75460 14.971 0.006
2162.76139 14.965 0.005
2162.76139 14.965 0.005
2166.75600 14.940 0.005
2166.75600 14.940 0.005
2167.76446 14.938 0.005
2167.76446 14.938 0.005
2168.71363 14.976 0.006
2168.71363 14.976 0.006
2171.73955 14.947 0.005
2171.73955 14.947 0.005
2172.74617 14.960 0.005
2172.74617 14.960 0.005
2177.63966 14.943 0.005
2177.63966 14.943 0.005
2184.70130 14.946 0.006
2184.70130 14.946 0.006
2185.66480 14.954 0.006
2185.66480 14.954 0.006
2186.68965 14.936 0.006
2186.68965 14.936 0.006
2187.68483 14.956 0.006
2187.68483 14.956 0.006
2188.73199 14.961 0.006
2188.73199 14.961 0.006
2190.69136 14.964 0.005
2190.69136 14.964 0.005
2191.66474 14.948 0.007
2191.66474 14.948 0.007
2192.66325 14.950 0.005
2192.66325 14.950 0.005
2193.68432 14.931 0.005
2193.68432 14.931 0.005
2194.65442 14.955 0.005
2194.65442 14.955 0.005
2203.55089 14.938 0.006
2203.55089 14.938 0.006
2206.60721 14.955 0.006
2206.60721 14.955 0.006
2211.64130 14.954 0.005
2211.64130 14.954 0.005
2212.64513 14.937 0.005
2212.64513 14.937 0.005
2213.65095 14.954 0.006
2213.65095 14.954 0.006
2214.64214 14.972 0.006
2214.64214 14.972 0.006
2215.64912 14.945 0.005
2215.64912 14.945 0.005
2217.63582 14.974 0.006
2217.63582 14.974 0.006
2224.71356 14.949 0.005
2224.71356 14.949 0.005
2226.63643 14.966 0.006
2226.63643 14.966 0.006
2228.55833 15.006 0.006
2228.55833 15.006 0.006
2229.61659 14.976 0.006
2229.61659 14.976 0.006
2232.50999 14.939 0.006
2232.50999 14.939 0.006
2233.61341 14.954 0.005
2233.61341 14.954 0.005
2235.66353 14.938 0.005
2235.66353 14.938 0.005
2238.54707 14.980 0.006
2238.54707 14.980 0.006
2242.61889 14.943 0.006
2242.61889 14.943 0.006
2248.60354 14.983 0.005
2248.60354 14.983 0.005
2250.57686 14.962 0.005
2250.57686 14.962 0.005
2253.57050 14.960 0.005
2253.57050 14.960 0.005
2255.60716 14.942 0.005
2255.60716 14.942 0.005
2258.57346 14.979 0.005
2258.57346 14.979 0.005
2263.58419 14.955 0.005
2263.58419 14.955 0.005
2266.55498 14.967 0.006
2266.55498 14.967 0.006
2271.56456 14.927 0.005
2271.56456 14.927 0.005
2273.56390 14.962 0.006
2273.56390 14.962 0.006
2275.59883 14.956 0.006
2275.59883 14.956 0.006
2276.55838 14.974 0.006
2276.55838 14.974 0.006
2278.59096 14.979 0.006
2278.59096 14.979 0.006
2280.58682 14.950 0.006
2280.58682 14.950 0.006
2284.58970 14.937 0.005
2284.58970 14.937 0.005
2290.60368 14.945 0.005
2290.60368 14.945 0.005
2293.56596 14.943 0.005
2293.56596 14.943 0.005
2295.55870 14.962 0.005
2295.55870 14.962 0.005
2297.56199 14.958 0.006
2297.56199 14.958 0.006
2299.56109 14.994 0.006
2299.56109 14.994 0.006
2301.55335 14.965 0.006
2301.55335 14.965 0.006
2445.91192 14.962 0.006
2445.91192 14.962 0.006
2460.87884 14.956 0.006
2460.87884 14.956 0.006
2463.91518 14.992 0.006
2463.91518 14.992 0.006
2465.92794 14.971 0.006
2465.92794 14.971 0.006
2467.90093 14.945 0.006
2467.90093 14.945 0.006
2469.90031 14.956 0.006
2469.90031 14.956 0.006
2471.88975 14.969 0.006
2471.88975 14.969 0.006
2472.91922 15.003 0.005
2472.91922 15.003 0.005
2473.89113 14.966 0.005
2473.89113 14.966 0.005
2481.90282 14.972 0.006
2481.90282 14.972 0.006
2483.88864 14.983 0.006
2483.88864 14.983 0.006
2486.88565 14.941 0.006
2486.88565 14.941 0.006
2488.87656 14.967 0.006
2488.87656 14.967 0.006
2489.92299 14.946 0.005
2489.92299 14.946 0.005
2492.90335 14.998 0.006
2492.90335 14.998 0.006
2495.89338 14.951 0.006
2495.89338 14.951 0.006
2496.90310 14.947 0.005
2496.90310 14.947 0.005
2497.92651 14.952 0.006
2497.92651 14.952 0.006
2498.77378 14.965 0.006
2498.77378 14.965 0.006
2499.85936 14.945 0.006
2499.85936 14.945 0.006
2500.86493 14.963 0.005
2500.86493 14.963 0.005
2501.85389 15.005 0.006
2501.85389 15.005 0.006
2502.83412 14.984 0.006
2502.83412 14.984 0.006
2508.74536 14.961 0.006
2508.74536 14.961 0.006
2516.77666 14.948 0.006
2516.77666 14.948 0.006
2517.82340 14.971 0.006
2517.82340 14.971 0.006
2518.79484 14.950 0.006
2518.79484 14.950 0.006
2519.83174 14.946 0.005
2519.83174 14.946 0.005
2520.79113 14.960 0.006
2520.79113 14.960 0.006
2521.82327 14.998 0.006
2521.82327 14.998 0.006
2524.82152 14.966 0.006
2524.82152 14.966 0.006
2526.77770 14.947 0.005
2526.77770 14.947 0.005
2534.83408 14.966 0.006
2534.83408 14.966 0.006
2535.81429 14.948 0.005
2535.81429 14.948 0.005
2537.70207 14.964 0.006
2537.70207 14.964 0.006
2538.79803 14.937 0.006
2538.79803 14.937 0.006
2539.70185 14.951 0.006
2539.70185 14.951 0.006
2540.74273 14.983 0.006
2540.74273 14.983 0.006
2541.71375 15.014 0.006
2541.71375 15.014 0.006
2542.68354 14.949 0.006
2542.68354 14.949 0.006
2544.66208 14.966 0.006
2544.66208 14.966 0.006
2545.67711 14.948 0.005
2545.67711 14.948 0.005
2547.69512 14.971 0.006
2547.69512 14.971 0.006
2548.71156 14.953 0.005
2548.71156 14.953 0.005
2550.70669 15.011 0.006
2550.70669 15.011 0.006
2551.69333 14.985 0.006
2551.69333 14.985 0.006
2553.64905 14.977 0.006
2553.64905 14.977 0.006
2554.70257 14.962 0.006
2554.70257 14.962 0.006
2555.71050 14.947 0.006
2555.71050 14.947 0.006
2556.68952 14.956 0.006
2556.68952 14.956 0.006
2557.70206 14.957 0.005
2557.70206 14.957 0.005
2558.65854 14.950 0.006
2558.65854 14.950 0.006
2559.61544 14.984 0.006
2559.61544 14.984 0.006
2560.64850 15.004 0.006
2560.64850 15.004 0.006
2561.67405 15.016 0.006
2561.67405 15.016 0.006
2562.66694 14.953 0.006
2562.66694 14.953 0.006
2563.67487 14.979 0.006
2563.67487 14.979 0.006
2564.69026 14.953 0.006
2564.69026 14.953 0.006
2565.68116 14.948 0.006
2565.68116 14.948 0.006
2566.66144 14.963 0.005
2566.66144 14.963 0.005
2568.69242 14.941 0.006
2568.69242 14.941 0.006
2571.64511 14.978 0.006
2571.64511 14.978 0.006
2573.65854 14.967 0.006
2573.65854 14.967 0.006
2574.64237 14.955 0.006
2574.64237 14.955 0.006
2577.62924 14.965 0.006
2577.62924 14.965 0.006
2578.62931 14.952 0.006
2578.62931 14.952 0.006
2579.63596 14.981 0.006
2579.63596 14.981 0.006
2580.64808 14.993 0.005
2580.64808 14.993 0.005
2583.61939 14.972 0.006
2583.61939 14.972 0.006
2584.62675 14.947 0.006
2584.62675 14.947 0.006
2586.62397 14.981 0.005
2586.62397 14.981 0.005
2587.60838 14.962 0.006
2587.60838 14.962 0.006
2588.71680 14.963 0.006
2588.71680 14.963 0.006
2589.59832 14.997 0.006
2589.59832 14.997 0.006
2590.61345 15.006 0.006
2590.61345 15.006 0.006
2591.63659 14.980 0.006
2591.63659 14.980 0.006
2593.60559 14.969 0.005
2593.60559 14.969 0.005
2594.60936 14.961 0.006
2594.60936 14.961 0.006
2596.58489 14.973 0.006
2596.58489 14.973 0.006
2597.57206 14.952 0.005
2597.57206 14.952 0.005
2598.64593 14.957 0.006
2598.64593 14.957 0.006
2599.60541 14.997 0.006
2599.60541 14.997 0.006
2607.62660 14.959 0.006
2607.62660 14.959 0.006
2610.54642 14.998 0.006
2610.54642 14.998 0.006
2613.54032 14.957 0.006
2613.54032 14.957 0.006
2615.56917 14.955 0.006
2615.56917 14.955 0.006
2619.55687 14.988 0.006
2619.55687 14.988 0.006
2621.56577 14.970 0.007
2621.56577 14.970 0.007
2625.54841 14.960 0.006
2625.54841 14.960 0.006
2628.54178 14.979 0.007
2628.54178 14.979 0.007
2632.54820 14.960 0.006
2632.54820 14.960 0.006
2636.54337 14.947 0.006
2636.54337 14.947 0.006
2639.54386 14.989 0.007
2639.54386 14.989 0.007
2642.55261 14.957 0.006
2642.55261 14.957 0.006
2646.56543 14.944 0.005
2646.56543 14.944 0.005
2651.53746 14.975 0.006
2651.53746 14.975 0.006
2654.55527 14.965 0.006
2654.55527 14.965 0.006
2657.55813 14.961 0.006
2657.55813 14.961 0.006
2660.55391 14.983 0.006
2660.55391 14.983 0.006
2671.55158 14.982 0.006
2671.55158 14.982 0.006
2673.56338 14.957 0.006
2673.56338 14.957 0.006
2676.52475 14.940 0.006
2676.52475 14.940 0.006
2679.53811 14.976 0.008
2679.53811 14.976 0.008
2682.54043 14.957 0.006
2682.54043 14.957 0.006
2777.90295 14.946 0.006
2777.90295 14.946 0.006
2804.86989 14.975 0.006
2804.86989 14.975 0.006
2811.90436 14.971 0.007
2811.90436 14.971 0.007
2814.94001 15.014 0.006
2814.94001 15.014 0.006
2817.92658 14.960 0.006
2817.92658 14.960 0.006
2825.90438 14.976 0.005
2825.90438 14.976 0.005
2831.78143 14.973 0.006
2831.78143 14.973 0.006
2832.74739 15.004 0.006
2832.74739 15.004 0.006
2832.92536 14.960 0.006
2832.92536 14.960 0.006
2833.86530 14.967 0.006
2833.86530 14.967 0.006
2835.87395 14.964 0.006
2835.87395 14.964 0.006
2837.87502 14.961 0.007
2837.87502 14.961 0.007
2838.93218 14.960 0.006
2838.93218 14.960 0.006
2840.82492 14.969 0.006
2840.82492 14.969 0.006
2843.82636 14.996 0.005
2843.82636 14.996 0.005
2844.87219 14.988 0.006
2844.87219 14.988 0.006
2845.91818 14.981 0.006
2845.91818 14.981 0.006
2849.85561 14.951 0.006
2849.85561 14.951 0.006
2850.88837 14.968 0.008
2850.88837 14.968 0.008
2851.93194 14.948 0.006
2851.93194 14.948 0.006
2852.80262 14.973 0.006
2852.80262 14.973 0.006
2853.94203 14.970 0.006
2853.94203 14.970 0.006
2856.81529 14.961 0.006
2856.81529 14.961 0.006
2858.90934 14.935 0.005
2858.90934 14.935 0.005
2860.87534 14.963 0.006
2860.87534 14.963 0.006
2861.74651 14.969 0.005
2861.74651 14.969 0.005
2862.92552 14.953 0.006
2862.92552 14.953 0.006
2863.83472 15.020 0.006
2863.83472 15.020 0.006
2865.83162 14.950 0.005
2865.83162 14.950 0.005
2866.88126 14.966 0.006
2866.88126 14.966 0.006
2867.82127 14.957 0.005
2867.82127 14.957 0.005
2868.76894 14.946 0.006
2868.76894 14.946 0.006
2869.90194 14.964 0.006
2869.90194 14.964 0.006
2870.81554 14.966 0.005
2870.81554 14.966 0.005
2871.85846 14.944 0.005
2871.85846 14.944 0.005
2875.79802 14.953 0.006
2875.79802 14.953 0.006
2876.77573 14.962 0.006
2876.77573 14.962 0.006
2877.79763 14.960 0.006
2877.79763 14.960 0.006
2879.73926 14.953 0.005
2879.73926 14.953 0.005
2883.82540 15.028 0.007
2883.82540 15.028 0.007
2885.76020 14.955 0.006
2885.76020 14.955 0.006
2888.80852 14.941 0.006
2888.80852 14.941 0.006
2892.79988 14.977 0.006
2892.79988 14.977 0.006
2894.72904 14.959 0.006
2894.72904 14.959 0.006
2896.72614 14.962 0.007
2896.72614 14.962 0.007
2898.74712 14.920 0.008
2898.74712 14.920 0.008
2900.74596 14.946 0.005
2900.74596 14.946 0.005
2902.74548 14.991 0.005
2902.74548 14.991 0.005
2905.75268 14.957 0.006
2905.75268 14.957 0.006
2907.75408 14.933 0.005
2907.75408 14.933 0.005
2909.74319 14.958 0.005
2909.74319 14.958 0.005
2911.73455 14.942 0.005
2911.73455 14.942 0.005
2915.70602 14.961 0.005
2915.70602 14.961 0.005
2917.73213 14.934 0.005
2917.73213 14.934 0.005
2921.72988 14.946 0.006
2921.72988 14.946 0.006
2923.75183 14.993 0.006
2923.75183 14.993 0.006
2925.71480 14.959 0.005
2925.71480 14.959 0.005
2927.71233 14.942 0.006
2927.71233 14.942 0.006
2930.73038 14.945 0.006
2930.73038 14.945 0.006
2932.73689 14.987 0.006
2932.73689 14.987 0.006
2934.71672 14.965 0.005
2934.71672 14.965 0.005
2937.64073 14.943 0.006
2937.64073 14.943 0.006
2939.69337 14.949 0.005
2939.69337 14.949 0.005
2940.63350 14.939 0.005
2940.63350 14.939 0.005
2941.68332 14.966 0.005
2941.68332 14.966 0.005
2942.63345 14.982 0.006
2942.63345 14.982 0.006
2943.60468 14.965 0.006
2943.60468 14.965 0.006
2944.58927 14.941 0.005
2944.58927 14.941 0.005
2945.60604 14.971 0.006
2945.60604 14.971 0.006
2947.61554 14.936 0.006
2947.61554 14.936 0.006
2949.59685 14.929 0.008
2949.59685 14.929 0.008
2950.64160 14.945 0.005
2950.64160 14.945 0.005
2951.62878 14.974 0.006
2951.62878 14.974 0.006
2952.65771 15.000 0.006
2952.65771 15.000 0.006
2954.68263 14.976 0.006
2954.68263 14.976 0.006
2956.62862 14.942 0.005
2956.62862 14.942 0.005
2958.62303 14.963 0.006
2958.62303 14.963 0.006
2961.59410 15.008 0.006
2961.59410 15.008 0.006
2968.59386 14.982 0.007
2968.59386 14.982 0.007
2970.61311 14.951 0.005
2970.61311 14.951 0.005
2972.59760 14.996 0.006
2972.59760 14.996 0.006
2974.59835 14.962 0.005
2974.59835 14.962 0.005
2976.54805 14.938 0.006
2976.54805 14.938 0.006
2978.57415 14.956 0.006
2978.57415 14.956 0.006
2980.59102 14.957 0.006
2980.59102 14.957 0.006
2982.53624 14.974 0.006
2982.53624 14.974 0.006
2984.62711 14.972 0.006
2984.62711 14.972 0.006
2986.63724 14.954 0.006
2986.63724 14.954 0.006
2988.52960 14.965 0.006
2988.52960 14.965 0.006
2991.60267 14.963 0.005
2991.60267 14.963 0.005
2994.58439 14.959 0.006
2994.58439 14.959 0.006
2997.55718 14.954 0.006
2997.55718 14.954 0.006
3001.57363 14.992 0.006
3001.57363 14.992 0.006
3005.53170 14.951 0.006
3005.53170 14.951 0.006
3008.55336 14.948 0.006
3008.55336 14.948 0.006
3008.55802 14.942 0.006
3008.55802 14.942 0.006
3011.56139 14.974 0.006
3011.56139 14.974 0.006
3016.58805 14.954 0.006
3016.58805 14.954 0.006
3018.57452 14.931 0.005
3018.57452 14.931 0.005
3020.60257 14.959 0.005
3020.60257 14.959 0.005
3021.61538 14.950 0.005
3021.61538 14.950 0.005
3023.57128 14.991 0.005
3023.57128 14.991 0.005
3025.56979 14.948 0.006
3025.56979 14.948 0.006
3027.60330 14.946 0.005
3027.60330 14.946 0.005
3029.57520 14.949 0.005
3029.57520 14.949 0.005
3031.57974 14.950 0.005
3031.57974 14.950 0.005
3033.58211 14.974 0.005
3033.58211 14.974 0.005
3164.92956 14.977 0.005
3164.92956 14.977 0.005
3177.91731 14.972 0.005
3177.91731 14.972 0.005
3183.91153 14.980 0.005
3183.91153 14.980 0.005
3193.87929 14.978 0.005
3193.87929 14.978 0.005
3195.93849 14.970 0.005
3195.93849 14.970 0.005
3197.91395 14.959 0.005
3197.91395 14.959 0.005
3201.87137 14.944 0.005
3201.87137 14.944 0.005
3203.87932 14.957 0.007
3203.87932 14.957 0.007
3206.81719 14.980 0.005
3206.81719 14.980 0.005
3210.89322 14.942 0.006
3210.89322 14.942 0.006
3211.88465 14.945 0.005
3211.88465 14.945 0.005
3215.66076 14.952 0.006
3215.66076 14.952 0.006
3216.72877 14.977 0.006
3216.72877 14.977 0.006
3217.92930 14.963 0.005
3217.92930 14.963 0.005
3218.91393 14.967 0.006
3218.91393 14.967 0.006
3223.83478 14.959 0.005
3223.83478 14.959 0.005
3226.82503 14.984 0.005
3226.82503 14.984 0.005
3229.83216 14.961 0.005
3229.83216 14.961 0.005
3231.81430 14.952 0.006
3231.81430 14.952 0.006
3239.79267 14.950 0.005
3239.79267 14.950 0.005
3240.78993 14.949 0.006
3240.78993 14.949 0.006
3241.81429 14.955 0.005
3241.81429 14.955 0.005
3242.71361 14.973 0.005
3242.71361 14.973 0.005
3243.85006 14.948 0.005
3243.85006 14.948 0.005
3244.82725 14.957 0.006
3244.82725 14.957 0.006
3245.77639 15.023 0.006
3245.77639 15.023 0.006
3246.76884 14.961 0.006
3246.76884 14.961 0.006
3247.76260 14.956 0.005
3247.76260 14.956 0.005
3249.72731 14.959 0.005
3249.72731 14.959 0.005
3251.74083 14.947 0.005
3251.74083 14.947 0.005
3254.72795 14.997 0.005
3254.72795 14.997 0.005
3257.74436 14.943 0.005
3257.74436 14.943 0.005
3259.66354 14.958 0.006
3259.66354 14.958 0.006
3261.70164 14.959 0.005
3261.70164 14.959 0.005
3263.68434 14.963 0.005
3263.68434 14.963 0.005
3265.71873 15.014 0.005
3265.71873 15.014 0.005
3267.70757 14.948 0.005
3267.70757 14.948 0.005
3269.78399 14.963 0.006
3269.78399 14.963 0.006
3270.74081 14.949 0.005
3270.74081 14.949 0.005
3271.66364 14.950 0.005
3271.66364 14.950 0.005
3272.72083 14.955 0.005
3272.72083 14.955 0.005
3274.70670 15.008 0.005
3274.70670 15.008 0.005
3276.71113 14.950 0.006
3276.71113 14.950 0.006
3277.74427 14.963 0.005
3277.74427 14.963 0.005
3279.67659 14.924 0.007
3279.67659 14.924 0.007
3281.64027 14.960 0.005
3281.64027 14.960 0.005
3283.64171 14.981 0.005
3283.64171 14.981 0.005
3287.60793 14.957 0.005
3287.60793 14.957 0.005
3289.61900 14.943 0.005
3289.61900 14.943 0.005
3293.59579 14.977 0.005
3293.59579 14.977 0.005
3295.61458 14.960 0.005
3295.61458 14.960 0.005
3297.59633 14.956 0.005
3297.59633 14.956 0.005
3299.65270 14.933 0.005
3299.65270 14.933 0.005
3301.62694 14.969 0.005
3301.62694 14.969 0.005
3303.68919 14.960 0.005
3303.68919 14.960 0.005
3306.62174 14.949 0.005
3306.62174 14.949 0.005
3308.60946 14.948 0.005
3308.60946 14.948 0.005
3310.60859 14.959 0.005
3310.60859 14.959 0.005
3312.65261 14.951 0.005
3312.65261 14.951 0.005
3314.56347 15.007 0.006
3314.56347 15.007 0.006
3320.60130 14.956 0.005
3320.60130 14.956 0.005
3327.55626 14.958 0.005
3327.55626 14.958 0.005
3330.55049 14.968 0.006
3330.55049 14.968 0.006
3335.59532 14.956 0.005
3335.59532 14.956 0.005
3338.59893 14.940 0.005
3338.59893 14.940 0.005
3349.59526 14.947 0.005
3349.59526 14.947 0.005
3353.57435 14.990 0.005
3353.57435 14.990 0.005
3359.55088 14.955 0.005
3359.55088 14.955 0.005
3363.55822 15.013 0.005
3363.55822 15.013 0.005
3367.61754 14.946 0.005
3367.61754 14.946 0.005
3372.54829 14.965 0.006
3372.54829 14.965 0.006
3376.52760 14.954 0.006
3376.52760 14.954 0.006
3378.59455 14.958 0.005
3378.59455 14.958 0.005
3386.56098 14.936 0.007
3386.56098 14.936 0.007
3390.57456 14.946 0.006
3390.57456 14.946 0.006
3402.54472 14.964 0.005
3402.54472 14.964 0.005
3528.93692 14.974 0.005
3528.93692 14.974 0.005
3541.92972 14.937 0.005
3541.92972 14.937 0.005
3547.91431 14.987 0.005
3547.91431 14.987 0.005
3554.92252 14.945 0.005
3554.92252 14.945 0.005
3560.94464 14.948 0.005
3560.94464 14.948 0.005
3564.90680 14.950 0.005
3564.90680 14.950 0.005
3568.83766 14.981 0.005
3568.83766 14.981 0.005
3570.77838 14.948 0.006
3570.77838 14.948 0.006
3571.80071 14.954 0.006
3571.80071 14.954 0.006
3573.83820 14.949 0.006
3573.83820 14.949 0.006
3574.87719 14.959 0.005
3574.87719 14.959 0.005
3577.83586 14.971 0.005
3577.83586 14.971 0.005
3578.89443 15.013 0.005
3578.89443 15.013 0.005
3579.79927 14.949 0.005
3579.79927 14.949 0.005
3581.84420 14.962 0.005
3581.84420 14.962 0.005
3581.86691 14.953 0.005
3581.86691 14.953 0.005
3582.82909 14.956 0.005
3582.82909 14.956 0.005
3583.83350 14.936 0.005
3583.83350 14.936 0.005
3584.80520 14.960 0.005
3584.80520 14.960 0.005
3586.80784 14.970 0.005
3586.80784 14.970 0.005
3588.82573 14.965 0.005
3588.82573 14.965 0.005
3589.81854 14.949 0.005
3589.81854 14.949 0.005
3591.87334 14.956 0.005
3591.87334 14.956 0.005
3593.81090 14.934 0.005
3593.81090 14.934 0.005
3596.89136 14.952 0.005
3596.89136 14.952 0.005
3601.80899 14.954 0.005
3601.80899 14.954 0.005
3607.81440 15.009 0.005
3607.81440 15.009 0.005
3614.78579 14.972 0.005
3614.78579 14.972 0.005
3617.76529 14.993 0.005
3617.76529 14.993 0.005
3619.69821 14.941 0.005
3619.69821 14.941 0.005
3621.71667 14.959 0.005
3621.71667 14.959 0.005
3624.86497 14.948 0.006
3624.86497 14.948 0.006
3626.71435 14.975 0.005
3626.71435 14.975 0.005
3629.66796 14.939 0.005
3629.66796 14.939 0.005
3631.73033 14.946 0.005
3631.73033 14.946 0.005
3633.69564 14.954 0.005
3633.69564 14.954 0.005
3637.64955 14.978 0.005
3637.64955 14.978 0.005
3639.69963 14.933 0.005
3639.69963 14.933 0.005
3641.69619 14.957 0.005
3641.69619 14.957 0.005
3643.72056 14.959 0.005
3643.72056 14.959 0.005
3646.65552 14.974 0.005
3646.65552 14.974 0.005
3650.65877 14.954 0.005
3650.65877 14.954 0.005
3650.68281 14.959 0.005
3650.68281 14.959 0.005
3651.73275 14.951 0.005
3651.73275 14.951 0.005
3653.72891 14.970 0.005
3653.72891 14.970 0.005
3655.69509 14.951 0.005
3655.69509 14.951 0.005
3657.64587 14.964 0.005
3657.64587 14.964 0.005
3658.65030 14.950 0.005
3658.65030 14.950 0.005
3659.63835 14.960 0.005
3659.63835 14.960 0.005
3660.66847 14.962 0.005
3660.66847 14.962 0.005
3663.55998 14.978 0.006
3663.55998 14.978 0.006
3665.63356 14.996 0.005
3665.63356 14.996 0.005
3668.57198 14.945 0.005
3668.57198 14.945 0.005
3669.67074 14.973 0.005
3669.67074 14.973 0.005
3671.62890 14.945 0.005
3671.62890 14.945 0.005
3673.67376 14.957 0.005
3673.67376 14.957 0.005
3675.65834 14.981 0.005
3675.65834 14.981 0.005
3681.62964 14.952 0.005
3681.62964 14.952 0.005
3681.64927 14.961 0.005
3681.64927 14.961 0.005
3683.64765 14.950 0.005
3683.64765 14.950 0.005
3685.65278 14.991 0.005
3685.65278 14.991 0.005
3687.65145 14.960 0.005
3687.65145 14.960 0.005
3689.59984 14.979 0.005
3689.59984 14.979 0.005
3692.57568 14.963 0.005
3692.57568 14.963 0.005
3694.55966 14.976 0.005
3694.55966 14.976 0.005
3696.56018 15.001 0.005
3696.56018 15.001 0.005
3698.59387 14.965 0.005
3698.59387 14.965 0.005
3700.57480 14.946 0.005
3700.57480 14.946 0.005
3702.58409 14.972 0.005
3702.58409 14.972 0.005
3704.59036 14.956 0.005
3704.59036 14.956 0.005
3706.61079 14.978 0.005
3706.61079 14.978 0.005
3708.58367 14.964 0.005
3708.58367 14.964 0.005
3711.59026 14.960 0.006
3711.59026 14.960 0.006
3714.52401 14.987 0.006
3714.52401 14.987 0.006
3718.60452 14.979 0.006
3718.60452 14.979 0.006
3721.55342 14.967 0.005
3721.55342 14.967 0.005
3724.56310 14.962 0.005
3724.56310 14.962 0.005
3726.58366 14.984 0.005
3726.58366 14.984 0.005
3728.55677 14.977 0.005
3728.55677 14.977 0.005
3734.56022 14.980 0.005
3734.56022 14.980 0.005
3737.57590 14.974 0.005
3737.57590 14.974 0.005
3742.53452 14.954 0.007
3742.53452 14.954 0.007
3746.55980 14.973 0.006
3746.55980 14.973 0.006
3751.53618 14.974 0.006
3751.53618 14.974 0.006
3756.55244 14.994 0.005
3756.55244 14.994 0.005
3761.60271 14.954 0.005
3761.60271 14.954 0.005
3766.52751 14.970 0.006
3766.52751 14.970 0.006
3772.55033 14.958 0.005
3772.55033 14.958 0.005
3776.55040 15.014 0.005
3776.55040 15.014 0.005
3871.87630 14.951 0.005
3871.87630 14.951 0.005
3901.93882 14.974 0.005
3901.93882 14.974 0.005
3906.93909 14.944 0.005
3906.93909 14.944 0.005
3913.91603 14.957 0.005
3913.91603 14.957 0.005
3918.87954 14.990 0.005
3918.87954 14.990 0.005
3931.91488 14.969 0.005
3931.91488 14.969 0.005
3934.85790 14.962 0.005
3934.85790 14.962 0.005
3936.86610 14.965 0.005
3936.86610 14.965 0.005
3938.85009 14.987 0.005
3938.85009 14.987 0.005
3944.89748 14.958 0.005
3944.89748 14.958 0.005
3946.86561 14.972 0.005
3946.86561 14.972 0.005
3951.88502 14.964 0.005
3951.88502 14.964 0.005
3955.85015 14.954 0.005
3955.85015 14.954 0.005
3958.82667 14.998 0.005
3958.82667 14.998 0.005
3960.82682 14.981 0.005
3960.82682 14.981 0.005
3963.82353 14.976 0.005
3963.82353 14.976 0.005
3965.81541 14.954 0.005
3965.81541 14.954 0.005
3967.83526 14.962 0.005
3967.83526 14.962 0.005
3969.80090 15.023 0.005
3969.80090 15.023 0.005
3971.77709 14.945 0.005
3971.77709 14.945 0.005
3974.77883 14.950 0.005
3974.77883 14.950 0.005
3979.73419 14.988 0.005
3979.73419 14.988 0.005
3980.61754 14.973 0.005
3980.61754 14.973 0.005
3981.64383 14.953 0.005
3981.64383 14.953 0.005
3983.83415 14.958 0.005
3983.83415 14.958 0.005
3986.69571 14.972 0.005
3986.69571 14.972 0.005
3987.66675 15.004 0.005
3987.66675 15.004 0.005
3990.79002 14.960 0.005
3990.79002 14.960 0.005
3993.73482 14.969 0.005
3993.73482 14.969 0.005
3995.74009 14.960 0.005
3995.74009 14.960 0.005
3999.74936 14.995 0.005
3999.74936 14.995 0.005
4002.72150 14.962 0.005
4002.72150 14.962 0.005
4004.67329 14.943 0.005
4004.67329 14.943 0.005
4006.69950 14.951 0.005
4006.69950 14.951 0.005
4007.56288 15.005 0.005
4007.56288 15.005 0.005
4008.57181 14.960 0.005
4008.57181 14.960 0.005
4009.73327 15.007 0.005
4009.73327 15.007 0.005
4013.69838 14.951 0.005
4013.69838 14.951 0.005
4015.68067 14.972 0.005
4015.68067 14.972 0.005
4015.69690 14.967 0.005
4015.69690 14.967 0.005
4018.69606 15.012 0.005
4018.69606 15.012 0.005
4019.68463 14.980 0.005
4019.68463 14.980 0.005
4021.67712 14.952 0.005
4021.67712 14.952 0.005
4024.65059 14.949 0.005
4024.65059 14.949 0.005
4026.62947 14.959 0.005
4026.62947 14.959 0.005
4028.62543 14.989 0.005
4028.62543 14.989 0.005
4030.63799 14.954 0.005
4030.63799 14.954 0.005
4032.69009 14.962 0.005
4032.69009 14.962 0.005
4037.66628 14.976 0.005
4037.66628 14.976 0.005
4039.60422 14.965 0.005
4039.60422 14.965 0.005
4041.60374 14.963 0.005
4041.60374 14.963 0.005
4043.58944 14.958 0.005
4043.58944 14.958 0.005
4046.59877 14.958 0.005
4046.59877 14.958 0.005
4048.56467 14.991 0.005
4048.56467 14.991 0.005
4050.60679 14.955 0.005
4050.60679 14.955 0.005
4052.55889 14.960 0.005
4052.55889 14.960 0.005
4054.61307 14.961 0.005
4054.61307 14.961 0.005
4056.58516 14.983 0.005
4056.58516 14.983 0.005
4058.61871 15.012 0.005
4058.61871 15.012 0.005
4060.51755 14.943 0.007
4060.51755 14.943 0.007
4064.51518 14.967 0.005
4064.51518 14.967 0.005
4066.55665 14.977 0.005
4066.55665 14.977 0.005
4069.51502 14.958 0.006
4069.51502 14.958 0.006
4073.59859 14.957 0.005
4073.59859 14.957 0.005
4077.52194 14.992 0.005
4077.52194 14.992 0.005
4079.52388 14.955 0.006
4079.52388 14.955 0.006
4082.52384 14.950 0.005
4082.52384 14.950 0.005
4085.56155 14.955 0.005
4085.56155 14.955 0.005
4092.55760 14.936 0.005
4092.55760 14.936 0.005
4096.58355 14.978 0.005
4096.58355 14.978 0.005
4100.58634 14.959 0.005
4100.58634 14.959 0.005
4105.55417 14.963 0.005
4105.55417 14.963 0.005
4108.53042 14.951 0.005
4108.53042 14.951 0.005
4113.60831 14.949 0.005
4113.60831 14.949 0.005
4120.57914 14.954 0.005
4120.57914 14.954 0.005
4126.57697 14.979 0.006
4126.57697 14.979 0.006
4252.92626 14.968 0.006
4252.92626 14.968 0.006
4255.84555 14.954 0.006
4255.84555 14.954 0.006
4268.89906 14.952 0.007
4268.89906 14.952 0.007
4275.92119 14.969 0.007
4275.92119 14.969 0.007
4279.79887 14.964 0.006
4279.79887 14.964 0.006
4282.80943 14.965 0.007
4282.80943 14.965 0.007
4285.91669 14.952 0.006
4285.91669 14.952 0.006
4291.93747 15.001 0.006
4291.93747 15.001 0.006
4292.85599 14.962 0.005
4292.85599 14.962 0.005
4295.86004 14.949 0.005
4295.86004 14.949 0.005
4296.88980 14.963 0.005
4296.88980 14.963 0.005
4297.92266 14.943 0.005
4297.92266 14.943 0.005
4299.85747 14.969 0.005
4299.85747 14.969 0.005
4300.87896 14.981 0.005
4300.87896 14.981 0.005
4301.89697 14.979 0.005
4301.89697 14.979 0.005
4302.91858 15.013 0.006
4302.91858 15.013 0.006
4306.86321 14.970 0.006
4306.86321 14.970 0.006
4307.89749 14.944 0.005
4307.89749 14.944 0.005
4308.65864 14.971 0.006
4308.65864 14.971 0.006
4308.86662 14.959 0.005
4308.86662 14.959 0.005
4310.83897 14.974 0.006
4310.83897 14.974 0.006
4311.82652 14.988 0.006
4311.82652 14.988 0.006
4312.90040 14.981 0.005
4312.90040 14.981 0.005
4314.91987 14.942 0.006
4314.91987 14.942 0.006
4316.82641 14.958 0.006
4316.82641 14.958 0.006
4319.86359 14.958 0.006
4319.86359 14.958 0.006
4320.89045 14.964 0.006
4320.89045 14.964 0.006
4326.83432 14.944 0.006
4326.83432 14.944 0.006
4327.81259 14.957 0.006
4327.81259 14.957 0.006
4328.82822 14.965 0.005
4328.82822 14.965 0.005
4329.83076 14.971 0.006
4329.83076 14.971 0.006
4330.85900 14.969 0.006
4330.85900 14.969 0.006
4333.86030 14.948 0.006
4333.86030 14.948 0.006
4338.90068 14.962 0.006
4338.90068 14.962 0.006
4340.77316 14.994 0.006
4340.77316 14.994 0.006
4341.76831 14.983 0.006
4341.76831 14.983 0.006
4342.82417 14.964 0.006
4342.82417 14.964 0.006
4343.76181 14.951 0.006
4343.76181 14.951 0.006
4344.74396 14.957 0.006
4344.74396 14.957 0.006
4345.78995 14.949 0.005
4345.78995 14.949 0.005
4347.77884 14.954 0.005
4347.77884 14.954 0.005
4349.79203 14.959 0.006
4349.79203 14.959 0.006
4351.72913 14.982 0.006
4351.72913 14.982 0.006
4353.75235 14.967 0.006
4353.75235 14.967 0.006
4357.70122 14.962 0.006
4357.70122 14.962 0.006
4359.69915 14.984 0.005
4359.69915 14.984 0.005
4361.70171 14.969 0.006
4361.70171 14.969 0.006
4362.72443 14.962 0.006
4362.72443 14.962 0.006
4364.58347 14.949 0.006
4364.58347 14.949 0.006
4367.68098 14.960 0.006
4367.68098 14.960 0.006
4370.67263 14.980 0.006
4370.67263 14.980 0.006
4372.73610 14.945 0.005
4372.73610 14.945 0.005
4376.65149 14.950 0.006
4376.65149 14.950 0.006
4378.61807 15.005 0.006
4378.61807 15.005 0.006
4379.64603 14.973 0.005
4379.64603 14.973 0.005
4380.75888 15.009 0.006
4380.75888 15.009 0.006
4382.68633 14.955 0.006
4382.68633 14.955 0.006
4386.66139 14.951 0.006
4386.66139 14.951 0.006
4388.66187 14.963 0.006
4388.66187 14.963 0.006
4390.67086 14.986 0.005
4390.67086 14.986 0.005
4393.64464 14.960 0.006
4393.64464 14.960 0.006
4395.67952 14.948 0.006
4395.67952 14.948 0.006
4398.64496 14.973 0.006
4398.64496 14.973 0.006
4400.66784 15.008 0.006
4400.66784 15.008 0.006
4403.69363 14.965 0.006
4403.69363 14.965 0.006
4407.63372 14.978 0.006
4407.63372 14.978 0.006
4408.67990 14.948 0.006
4408.67990 14.948 0.006
4410.70284 14.996 0.006
4410.70284 14.996 0.006
4415.68697 14.943 0.005
4415.68697 14.943 0.005
4418.59364 14.987 0.005
4418.59364 14.987 0.005
4422.65487 14.957 0.006
4422.65487 14.957 0.006
4424.65193 14.947 0.005
4424.65193 14.947 0.005
4427.53863 14.971 0.006
4427.53863 14.971 0.006
4429.56456 15.000 0.006
4429.56456 15.000 0.006
4431.56900 14.954 0.006
4431.56900 14.954 0.006
4433.57486 14.962 0.005
4433.57486 14.962 0.005
4435.56321 14.947 0.005
4435.56321 14.947 0.005
4437.65225 14.954 0.006
4437.65225 14.954 0.006
4439.56412 14.993 0.006
4439.56412 14.993 0.006
4441.59995 14.952 0.006
4441.59995 14.952 0.006
4443.59068 14.963 0.006
4443.59068 14.963 0.006
4449.64470 15.019 0.006
4449.64470 15.019 0.006
4451.59983 14.954 0.005
4451.59983 14.954 0.005
4453.58181 14.961 0.006
4453.58181 14.961 0.006
4456.58324 14.968 0.006
4456.58324 14.968 0.006
4459.53574 14.996 0.006
4459.53574 14.996 0.006
4464.57543 14.942 0.006
4464.57543 14.942 0.006
4465.54136 14.966 0.006
4465.54136 14.966 0.006
4470.56029 14.959 0.006
4470.56029 14.959 0.006
4474.59679 14.957 0.006
4474.59679 14.957 0.006
4476.57493 14.954 0.005
4476.57493 14.954 0.005
4479.59974 14.980 0.006
4479.59974 14.980 0.006
4481.58441 14.958 0.005
4481.58441 14.958 0.005
4484.60109 14.965 0.006
4484.60109 14.965 0.006
4487.62265 14.964 0.006
4487.62265 14.964 0.006
4609.89594 14.958 0.006
4609.89594 14.958 0.006
4643.88061 14.976 0.006
4643.88061 14.976 0.006
4649.93082 14.965 0.006
4649.93082 14.965 0.006
4661.89396 14.970 0.005
4661.89396 14.970 0.005
4662.77668 15.016 0.005
4662.77668 15.016 0.005
4662.89360 14.997 0.005
4662.89360 14.997 0.005
4663.74837 14.953 0.006
4663.74837 14.953 0.006
4663.93227 14.977 0.006
4663.93227 14.977 0.006
4665.82132 14.974 0.006
4665.82132 14.974 0.006
4665.91527 14.970 0.006
4665.91527 14.970 0.006
4666.90913 14.949 0.006
4666.90913 14.949 0.006
4670.90358 14.959 0.005
4670.90358 14.959 0.005
4671.81782 14.986 0.006
4671.81782 14.986 0.006
4672.87754 14.980 0.005
4672.87754 14.980 0.005
4675.89515 14.955 0.005
4675.89515 14.955 0.005
4681.87488 14.960 0.005
4681.87488 14.960 0.005
4683.87013 14.978 0.005
4683.87013 14.978 0.005
4685.85625 14.955 0.005
4685.85625 14.955 0.005
4688.80759 14.962 0.005
4688.80759 14.962 0.005
4690.73315 14.949 0.005
4690.73315 14.949 0.005
4691.73602 15.016 0.006
4691.73602 15.016 0.006
4693.89111 15.001 0.006
4693.89111 15.001 0.006
4696.84103 14.956 0.006
4696.84103 14.956 0.006
4698.75286 14.966 0.005
4698.75286 14.966 0.005
4699.74687 14.947 0.005
4699.74687 14.947 0.005
4700.78438 14.968 0.005
4700.78438 14.968 0.005
4701.78958 14.983 0.006
4701.78958 14.983 0.006
4702.84972 14.991 0.006
4702.84972 14.991 0.006
4703.74876 14.953 0.005
4703.74876 14.953 0.005
4704.76761 14.971 0.005
4704.76761 14.971 0.005
4705.77485 14.955 0.006
4705.77485 14.955 0.006
4707.76752 14.956 0.005
4707.76752 14.956 0.005
4708.83578 14.946 0.005
4708.83578 14.946 0.005
4710.75175 14.960 0.005
4710.75175 14.960 0.005
4716.75326 14.953 0.005
4716.75326 14.953 0.005
4719.74543 14.969 0.005
4719.74543 14.969 0.005
4721.73439 14.992 0.006
4721.73439 14.992 0.006
4724.76409 14.960 0.005
4724.76409 14.960 0.005
4726.65976 14.959 0.006
4726.65976 14.959 0.006
4729.67074 14.975 0.006
4729.67074 14.975 0.006
4731.76099 14.988 0.005
4731.76099 14.988 0.005
4734.74331 14.940 0.005
4734.74331 14.940 0.005
4736.70809 14.966 0.006
4736.70809 14.966 0.006
4739.64937 14.965 0.006
4739.64937 14.965 0.006
4741.72395 14.976 0.005
4741.72395 14.976 0.005
4747.59056 14.968 0.005
4747.59056 14.968 0.005
4749.59013 14.970 0.006
4749.59013 14.970 0.006
4753.65929 14.973 0.006
4753.65929 14.973 0.006
4755.65321 14.952 0.005
4755.65321 14.952 0.005
4757.63765 14.956 0.005
4757.63765 14.956 0.005
4759.65027 14.973 0.005
4759.65027 14.973 0.005
4761.62054 14.973 0.005
4761.62054 14.973 0.005
4763.63318 14.964 0.006
4763.63318 14.964 0.006
4766.60140 14.969 0.006
4766.60140 14.969 0.006
4769.63947 14.971 0.006
4769.63947 14.971 0.006
4771.55054 14.982 0.006
4771.55054 14.982 0.006
4773.67535 14.958 0.005
4773.67535 14.958 0.005
4775.66219 14.967 0.006
4775.66219 14.967 0.006
4777.59594 14.946 0.005
4777.59594 14.946 0.005
4779.63153 14.973 0.005
4779.63153 14.973 0.005
4781.58145 14.980 0.005
4781.58145 14.980 0.005
4783.56507 14.961 0.006
4783.56507 14.961 0.006
4785.59617 14.956 0.005
4785.59617 14.956 0.005
4787.55254 14.963 0.006
4787.55254 14.963 0.006
4789.53158 14.994 0.006
4789.53158 14.994 0.006
4790.61380 14.964 0.005
4790.61380 14.964 0.005
4791.61210 15.012 0.005
4791.61210 15.012 0.005
4793.51623 14.962 0.005
4793.51623 14.962 0.005
4795.53328 14.942 0.005
4795.53328 14.942 0.005
4797.52548 14.952 0.005
4797.52548 14.952 0.005
4798.58878 14.970 0.006
4798.58878 14.970 0.006
4800.63607 14.976 0.005
4800.63607 14.976 0.005
4803.52739 14.948 0.006
4803.52739 14.948 0.006
4804.57757 14.958 0.006
4804.57757 14.958 0.006
4806.58659 14.948 0.005
4806.58659 14.948 0.005
4808.54482 14.976 0.005
4808.54482 14.976 0.005
4808.61232 14.972 0.005
4808.61232 14.972 0.005
4810.55526 14.981 0.005
4810.55526 14.981 0.005
4813.59461 14.952 0.005
4813.59461 14.952 0.005
4815.57074 14.967 0.005
4815.57074 14.967 0.005
4817.58728 14.968 0.005
4817.58728 14.968 0.005
4819.58688 14.944 0.005
4819.58688 14.944 0.005
4821.62878 15.001 0.005
4821.62878 15.001 0.005
4823.58957 14.959 0.005
4823.58957 14.959 0.005
4825.61801 14.958 0.005
4825.61801 14.958 0.005
4832.59113 14.960 0.005
4832.59113 14.960 0.005
4835.57295 14.953 0.006
4835.57295 14.953 0.006
4839.59446 14.951 0.006
4839.59446 14.951 0.006
4842.56152 14.954 0.005
4842.56152 14.954 0.005
4844.57001 14.960 0.005
4844.57001 14.960 0.005
4847.62632 14.959 0.006
4847.62632 14.959 0.006
4849.58618 14.961 0.005
4849.58618 14.961 0.005
4853.58361 14.974 0.005
4853.58361 14.974 0.005
4856.57754 14.958 0.005
4856.57754 14.958 0.005
4936.91655 14.983 0.006
4936.91655 14.983 0.006
4940.89923 14.968 0.006
4940.89923 14.968 0.006
4940.90309 14.964 0.005
4940.90309 14.964 0.005
4953.89694 14.968 0.005
4953.89694 14.968 0.005
4954.88836 14.988 0.005
4954.88836 14.988 0.005
