2085.90914 17.928 0.040
2086.88843 17.925 0.033
2103.89525 17.919 0.021
2105.92315 17.955 0.030
2106.89098 17.854 0.028
2112.84336 17.948 0.025
2116.87111 17.982 0.027
2123.81803 17.874 0.027
2128.82553 17.900 0.031
2129.85750 17.948 0.029
2130.84387 17.943 0.031
2131.83748 17.955 0.030
2132.80627 17.963 0.035
2133.89460 18.000 0.041
2134.81000 17.912 0.034
2135.84408 17.937 0.033
2137.89208 17.909 0.034
2140.81134 17.941 0.029
2142.75205 17.938 0.028
2143.81755 17.943 0.027
2144.82425 17.860 0.021
2155.87863 17.905 0.038
2156.82521 18.027 0.034
2160.75460 17.921 0.032
2162.76139 17.990 0.027
2166.75600 17.925 0.024
2167.76446 17.913 0.024
2168.71363 17.941 0.026
2171.73955 17.886 0.023
2172.74617 17.950 0.031
2177.63966 17.878 0.034
2184.70130 17.972 0.036
2185.66480 18.007 0.034
2186.68965 17.961 0.040
2187.68483 17.904 0.035
2188.73199 17.978 0.031
2190.69136 17.929 0.027
2191.66474 17.889 0.026
2192.66325 17.888 0.021
2193.68432 17.932 0.021
2194.65442 17.885 0.028
2206.60721 17.915 0.039
2211.64130 17.967 0.030
2212.64513 17.894 0.028
2213.65095 17.960 0.033
2215.64912 17.885 0.027
2217.63582 17.953 0.034
2219.67868 18.016 0.030
2224.71356 17.893 0.026
2226.63643 17.958 0.039
2228.55833 17.891 0.035
2229.61659 17.977 0.031
2231.64326 17.946 0.031
2232.50999 17.961 0.041
2233.61341 17.914 0.027
2235.66353 17.895 0.024
2238.54707 17.908 0.029
2240.65138 17.908 0.030
2242.61889 17.937 0.033
2248.60354 17.922 0.022
2250.57686 17.918 0.024
2253.57050 17.927 0.023
2255.60716 17.890 0.028
2258.57346 17.835 0.023
2263.58419 17.888 0.025
2266.55498 18.006 0.032
2271.56456 17.888 0.026
2273.56390 17.931 0.040
2275.59883 17.882 0.031
2276.55838 17.980 0.039
2278.59096 17.855 0.028
2280.58682 17.883 0.030
2284.58970 17.955 0.031
2290.60368 17.927 0.030
2293.56596 17.999 0.031
2295.55870 17.917 0.029
2297.56199 17.877 0.035
2299.56109 17.941 0.035
2301.55335 18.002 0.039
2445.91192 17.851 0.033
2460.87884 17.910 0.040
2463.91518 17.892 0.026
2471.88975 17.905 0.025
2472.91922 17.992 0.024
2473.89113 17.865 0.024
2481.90282 17.946 0.038
2483.88864 17.909 0.024
2486.88565 17.899 0.031
2488.87656 17.985 0.039
2489.92299 17.944 0.031
2492.90335 17.952 0.027
2496.90310 17.881 0.024
2497.92651 17.942 0.028
2498.77378 18.027 0.031
2499.85936 17.905 0.025
2500.86493 17.911 0.025
2501.85389 17.919 0.024
2502.83412 17.918 0.030
2508.74536 17.991 0.046
2516.77666 17.902 0.034
2517.82340 17.922 0.029
2518.79484 17.942 0.029
2521.82327 17.926 0.024
2526.77770 17.945 0.023
2534.83408 17.921 0.031
2535.81429 18.039 0.029
2537.70207 17.978 0.039
2538.79803 17.937 0.030
2539.70185 17.956 0.031
2540.74273 17.908 0.039
2541.71375 17.931 0.025
2544.66208 17.895 0.024
2545.67711 17.899 0.023
2547.69512 17.915 0.027
2548.71156 17.966 0.024
2550.70669 17.893 0.027
2551.69333 17.894 0.024
2553.64905 17.868 0.034
2554.70257 17.945 0.026
2555.71050 17.982 0.029
2556.68952 17.893 0.024
2557.70206 17.908 0.022
2558.65854 17.983 0.030
2559.61544 17.951 0.031
2560.64850 17.924 0.025
2561.67405 17.945 0.045
2562.66694 17.933 0.030
2563.67487 17.945 0.029
2564.69026 17.930 0.028
2565.68116 17.938 0.029
2566.66144 17.898 0.026
2568.69242 17.927 0.039
2571.64511 17.911 0.039
2573.65854 17.901 0.036
2574.64237 17.945 0.031
2577.62924 17.833 0.032
2578.62931 17.960 0.029
2579.63596 17.920 0.031
2580.64808 17.895 0.024
2583.61939 17.900 0.031
2584.62675 17.899 0.028
2586.62397 17.859 0.025
2588.71680 17.989 0.031
2589.59832 17.911 0.029
2590.61345 17.937 0.032
2591.63659 17.951 0.030
2593.60559 17.891 0.025
2594.60936 17.911 0.043
2597.57206 17.855 0.030
2598.64593 17.919 0.031
2607.62660 17.890 0.034
2610.54642 17.962 0.035
2613.54032 17.914 0.031
2615.56917 18.063 0.033
2619.55687 17.911 0.032
2621.56577 17.940 0.028
2625.54841 18.010 0.039
2628.54178 17.864 0.043
2632.54820 17.892 0.029
2636.54337 17.913 0.035
2639.54386 17.952 0.031
2642.55261 17.886 0.035
2646.56543 18.007 0.031
2651.53746 18.036 0.046
2654.55527 17.923 0.035
2657.55813 17.934 0.031
2660.55391 17.886 0.030
2671.55158 17.873 0.031
2676.52475 17.995 0.042
2679.53811 17.898 0.027
2682.54043 17.974 0.038
2777.90295 18.023 0.042
2804.86989 17.919 0.039
2811.90436 17.949 0.046
2814.94001 17.982 0.029
2817.92658 17.995 0.032
2825.90438 17.881 0.030
2831.78143 17.915 0.033
2832.74739 17.911 0.033
2832.92536 17.891 0.026
2833.86530 17.965 0.039
2835.87395 17.938 0.031
2837.87502 17.941 0.045
2838.93218 17.921 0.037
2840.82492 17.973 0.038
2843.82636 17.884 0.026
2844.87219 17.951 0.029
2845.91818 17.930 0.034
2849.85561 17.940 0.029
2850.88837 17.937 0.031
2851.93194 17.939 0.033
2852.80262 17.930 0.032
2853.94203 17.908 0.031
2856.81529 17.922 0.032
2858.90934 17.910 0.023
2860.87534 17.967 0.027
2861.74651 17.914 0.024
2862.92552 17.895 0.031
2863.83472 17.864 0.037
2865.83162 17.898 0.026
2866.88126 17.952 0.034
2867.82127 17.920 0.024
2868.76894 17.956 0.029
2870.81554 17.906 0.023
2871.85846 17.935 0.027
2875.79802 17.906 0.033
2876.77573 17.956 0.027
2877.79763 17.956 0.025
2879.73926 17.898 0.022
2883.82540 17.925 0.022
2885.76020 17.920 0.027
2888.80852 17.916 0.027
2892.79988 17.953 0.037
2894.72904 17.967 0.031
2896.72614 17.930 0.025
2898.74712 17.910 0.025
2900.74596 17.902 0.021
2902.74548 17.918 0.023
2905.75268 17.896 0.024
2907.75408 17.912 0.023
2909.74319 17.919 0.019
2911.73455 17.907 0.020
2915.70602 17.919 0.024
2917.73213 17.918 0.023
2921.72988 17.907 0.031
2923.75183 17.923 0.030
2925.71480 17.899 0.024
2927.71233 17.922 0.029
2930.73038 17.948 0.028
2932.73689 17.882 0.026
2934.71672 17.996 0.024
2937.64073 17.906 0.028
2939.69337 17.911 0.025
2940.63350 17.923 0.021
2941.68332 17.943 0.021
2942.63345 17.871 0.026
2943.60468 17.899 0.030
2944.58927 17.952 0.031
2945.60604 17.938 0.040
2947.61554 17.935 0.030
2949.59685 17.907 0.027
2950.64160 17.916 0.025
2951.62878 17.927 0.030
2952.65771 17.917 0.031
2954.68263 17.981 0.033
2956.62862 17.895 0.020
2958.62303 17.907 0.030
2961.59410 17.909 0.041
2968.59386 17.961 0.030
2970.61311 17.895 0.024
2972.59760 17.897 0.025
2974.59835 17.993 0.028
2976.54805 17.890 0.029
2978.57415 17.953 0.039
2980.59102 17.965 0.039
2982.53624 17.896 0.029
2984.62711 17.990 0.035
2986.63724 17.910 0.030
2988.52960 17.946 0.047
2991.60267 18.011 0.027
2994.58439 17.979 0.027
2997.55718 17.930 0.025
3001.57363 17.983 0.029
3005.53170 17.929 0.044
3008.55336 18.016 0.039
3008.55802 17.999 0.040
3011.56139 17.975 0.037
3016.58805 17.876 0.031
3018.57452 17.930 0.029
3020.60257 17.914 0.025
3021.61538 17.981 0.021
3023.57128 17.931 0.025
3025.56979 17.942 0.031
3027.60330 17.946 0.027
3029.57520 17.933 0.027
3031.57974 17.988 0.030
3033.58211 17.909 0.025
3037.52913 17.947 0.035
3164.92956 17.926 0.029
3177.91731 17.899 0.033
3183.91153 17.923 0.027
3193.87929 17.933 0.031
3195.93849 17.912 0.024
3197.91395 17.896 0.026
3201.87137 17.990 0.029
3203.87932 17.997 0.022
3206.81719 17.966 0.030
3210.89322 17.914 0.026
3211.88465 17.925 0.024
3215.66076 17.935 0.039
3216.72877 17.973 0.040
3217.92930 17.908 0.031
3218.91393 17.949 0.045
3223.83478 17.962 0.030
3226.82503 17.927 0.029
3229.83216 17.896 0.023
3231.81430 17.957 0.039
3239.79267 17.942 0.027
3240.78993 17.905 0.031
3241.81429 17.937 0.025
3242.71361 17.945 0.029
3243.85006 17.989 0.031
3244.82725 17.931 0.033
3245.77639 17.891 0.031
3246.76884 17.952 0.039
3247.76260 17.942 0.028
3249.72731 17.910 0.030
3251.74083 17.963 0.023
3254.72795 17.918 0.024
3257.74436 17.911 0.020
3259.66354 17.955 0.027
3261.70164 17.920 0.022
3263.68434 17.950 0.020
3265.71873 17.932 0.021
3267.70757 17.994 0.022
3269.78399 17.968 0.037
3270.74081 17.932 0.028
3271.66364 17.952 0.027
3272.72083 17.943 0.024
3274.70670 17.934 0.028
3276.71113 17.925 0.032
3277.74427 17.939 0.028
3279.67659 17.983 0.026
3281.64027 17.907 0.023
3283.64171 18.003 0.020
3287.60793 18.045 0.027
3293.59579 17.895 0.021
3295.61458 17.908 0.018
3297.59633 17.952 0.019
3299.65270 17.952 0.020
3301.62694 17.943 0.031
3303.68919 17.948 0.028
3306.62174 17.949 0.020
3308.60946 17.916 0.032
3310.60859 17.916 0.025
3312.65261 17.941 0.025
3314.56347 17.894 0.032
3320.60130 17.944 0.024
3327.55626 17.985 0.026
3330.55049 17.988 0.031
3335.59532 17.929 0.031
3338.59893 17.891 0.023
3349.59526 17.927 0.023
3353.57435 18.032 0.030
3359.55088 17.931 0.027
3363.55822 17.978 0.031
3367.61754 17.905 0.026
3372.54829 17.936 0.024
3376.52760 17.928 0.040
3378.59455 17.936 0.028
3386.56098 17.959 0.021
3390.57456 18.005 0.036
3398.55632 17.950 0.027
3402.54472 17.931 0.023
3528.93692 17.946 0.032
3541.92972 17.885 0.022
3547.91431 17.912 0.024
3554.92252 17.919 0.027
3564.90680 17.936 0.021
3568.83766 17.906 0.022
3570.77838 17.968 0.038
3571.80071 17.901 0.038
3573.83820 17.941 0.034
3574.87719 17.894 0.026
3577.83586 17.887 0.025
3578.89443 17.944 0.022
3581.84420 17.944 0.026
3581.86691 17.957 0.026
3582.82909 17.988 0.032
3584.80520 18.045 0.022
3586.80784 17.922 0.018
3588.82573 17.967 0.022
3589.81854 17.914 0.022
3591.87334 17.962 0.018
3593.81090 17.964 0.024
3596.89136 17.919 0.024
3601.80899 17.939 0.027
3607.81440 17.904 0.022
3614.78579 17.922 0.018
3617.76529 17.871 0.019
3619.69821 18.003 0.024
3621.71667 17.912 0.023
3624.86497 17.888 0.032
3626.71435 17.978 0.025
3629.66796 17.891 0.031
3631.73033 17.933 0.031
3633.69564 17.934 0.032
3637.64955 17.898 0.026
3639.69963 17.935 0.017
3641.69619 17.948 0.023
3643.72056 17.915 0.021
3646.65552 17.909 0.025
3650.65877 17.958 0.027
3650.68281 17.946 0.024
3651.73275 17.939 0.021
3653.72891 17.954 0.023
3655.69509 17.953 0.021
3657.64587 17.897 0.024
3658.65030 17.914 0.026
3659.63835 17.931 0.030
3660.66847 17.927 0.029
3663.55998 17.949 0.036
3665.63356 17.918 0.024
3668.57198 17.915 0.024
3669.67074 17.981 0.031
3671.62890 17.907 0.027
3675.65834 17.952 0.024
3681.62964 18.015 0.036
3681.64927 18.033 0.039
3683.64765 17.910 0.024
3685.65278 17.894 0.023
3689.59984 17.985 0.026
3692.57568 18.063 0.036
3696.56018 17.917 0.024
3698.59387 17.922 0.030
3702.58409 17.979 0.027
3704.59036 17.987 0.027
3708.58367 17.951 0.028
3714.52401 17.897 0.047
3718.60452 17.937 0.032
3721.55342 17.910 0.028
3724.56310 17.902 0.025
3726.58366 17.923 0.024
3737.57590 17.948 0.025
3742.53452 18.017 0.046
3751.53618 17.974 0.047
3756.55244 17.989 0.030
3761.60271 17.984 0.028
3766.52751 17.914 0.034
3772.55033 17.887 0.026
3776.55040 17.969 0.029
3871.87630 17.970 0.039
3906.93909 17.910 0.022
3913.91603 17.891 0.019
3931.91488 18.017 0.031
3934.85790 17.929 0.021
3944.89748 17.915 0.023
3946.86561 17.947 0.025
3951.88502 18.029 0.031
3955.85015 17.934 0.036
3958.82667 17.984 0.037
3960.82682 17.935 0.023
3963.82353 17.923 0.034
3965.81541 17.953 0.017
3967.83526 17.895 0.019
3969.80090 17.919 0.023
3974.77883 17.902 0.028
3979.73419 17.891 0.024
3981.64383 17.952 0.021
3983.83415 17.937 0.031
3986.69571 17.869 0.029
3987.66675 17.928 0.023
3990.79002 17.922 0.022
3993.73482 17.944 0.031
3995.74009 17.906 0.018
3999.74936 17.906 0.021
4002.72150 17.900 0.017
4004.67329 17.942 0.023
4006.69950 17.944 0.019
4007.56288 17.927 0.024
4008.57181 17.946 0.024
4009.73327 17.941 0.026
4013.69838 17.906 0.026
4015.68067 17.944 0.036
4015.69690 17.912 0.034
4018.69606 17.908 0.024
4019.68463 17.935 0.028
4021.67712 17.941 0.022
4024.65059 17.937 0.023
4026.62947 17.937 0.023
4028.62543 17.936 0.021
4030.63799 17.909 0.024
4032.69009 17.996 0.029
4039.60422 17.947 0.023
4041.60374 18.048 0.038
4043.58944 17.888 0.029
4046.59877 17.963 0.028
4048.56467 17.925 0.029
4050.60679 17.902 0.023
4052.55889 17.926 0.023
4054.61307 17.971 0.026
4056.58516 17.922 0.028
4058.61871 17.973 0.026
4060.51755 17.915 0.029
4064.51518 17.981 0.028
4066.55665 17.917 0.024
4069.51502 17.875 0.039
4073.59859 17.859 0.030
4077.52194 17.998 0.034
4079.52388 17.923 0.039
4082.52384 17.944 0.036
4085.56155 17.913 0.024
4092.55760 17.890 0.020
4096.58355 17.914 0.024
4100.58634 17.882 0.029
4105.55417 17.929 0.030
4108.53042 17.967 0.034
4113.60831 17.939 0.025
4126.57697 17.929 0.035
4252.92626 17.947 0.037
4255.84555 17.917 0.034
4268.89906 17.871 0.028
4275.92119 17.923 0.031
4279.79887 17.956 0.046
4282.80943 17.906 0.031
4283.86237 17.990 0.036
4285.91669 17.898 0.029
4291.93747 17.891 0.031
4292.85599 17.915 0.022
4295.86004 17.919 0.023
4297.92266 17.934 0.024
4299.85747 17.919 0.021
4301.89697 17.912 0.024
4302.91858 17.918 0.027
4307.89749 17.939 0.024
4308.65864 17.898 0.029
4308.86662 17.904 0.024
4312.90040 17.893 0.021
4314.91987 17.930 0.030
4316.82641 17.948 0.030
4319.86359 17.899 0.029
4320.89045 17.977 0.031
4326.83432 17.951 0.026
4327.81259 17.961 0.035
4329.83076 17.899 0.031
4333.86030 17.943 0.028
4338.90068 17.886 0.031
4340.77316 17.972 0.027
4341.76831 17.920 0.031
4342.82417 17.899 0.030
4343.76181 17.923 0.026
4344.74396 17.901 0.025
4345.78995 17.877 0.023
4347.77884 17.954 0.025
4349.79203 17.924 0.025
4351.72913 17.986 0.035
4353.75235 17.950 0.033
4359.69915 17.868 0.023
4361.70171 17.902 0.030
4362.72443 17.913 0.030
4367.68098 17.963 0.033
4370.67263 18.033 0.036
4372.73610 17.890 0.022
4378.61807 17.954 0.030
4379.64603 17.935 0.031
4380.75888 17.928 0.024
4382.68633 17.920 0.026
4393.64464 17.891 0.027
4395.67952 17.947 0.029
4398.64496 17.930 0.029
4400.66784 17.932 0.031
4403.69363 17.873 0.028
4407.63372 17.947 0.031
4408.67990 17.914 0.030
4410.70284 17.945 0.028
4415.68697 17.914 0.026
4418.59364 17.916 0.024
4424.65193 17.896 0.026
4429.56456 17.927 0.044
4431.56900 17.919 0.031
4437.65225 17.976 0.038
4439.56412 17.887 0.031
4443.59068 17.919 0.031
4449.64470 17.885 0.025
4451.59983 17.918 0.024
4453.58181 17.941 0.032
4456.58324 17.944 0.035
4464.57543 17.920 0.027
4465.54136 17.921 0.031
4470.56029 17.962 0.035
4474.59679 17.952 0.037
4476.57493 17.913 0.026
4479.59974 17.911 0.038
4481.58441 17.952 0.029
4484.60109 18.071 0.061
4609.89594 17.993 0.036
4649.93082 18.008 0.031
4661.89396 17.888 0.024
4662.77668 17.979 0.024
4662.89360 17.886 0.024
4663.74837 17.947 0.031
4663.93227 17.880 0.030
4665.82132 17.943 0.039
4665.91527 17.943 0.035
4666.90913 17.995 0.036
4670.90358 17.918 0.027
4671.81782 17.920 0.029
4672.87754 17.931 0.024
4675.89515 17.915 0.026
4683.87013 17.927 0.025
4685.85625 17.937 0.028
4690.73315 17.895 0.022
4691.73602 17.936 0.038
4693.89111 17.932 0.032
4696.84103 18.010 0.043
4698.75286 17.906 0.021
4699.74687 17.980 0.027
4700.78438 17.929 0.024
4701.78958 17.883 0.026
4702.84972 17.868 0.027
4703.74876 17.952 0.028
4704.76761 17.890 0.022
4705.77485 17.980 0.031
4707.76752 17.889 0.020
4708.83578 17.914 0.021
4710.75175 17.918 0.022
4719.74543 17.849 0.031
4721.73439 17.894 0.030
4724.76409 17.952 0.027
4726.65976 17.862 0.029
4729.67074 18.002 0.036
4731.76099 17.916 0.022
4734.74331 17.906 0.020
4739.64937 17.971 0.031
4741.72395 17.875 0.020
4747.59056 17.920 0.025
4749.59013 18.025 0.036
4753.65929 17.895 0.034
4755.65321 17.938 0.025
4757.63765 17.913 0.023
4759.65027 17.948 0.026
4761.62054 17.930 0.018
4763.63318 17.922 0.031
4766.60140 17.956 0.031
4769.63947 17.968 0.032
4771.55054 17.986 0.034
4773.67535 17.912 0.024
4775.66219 17.897 0.031
4777.59594 17.931 0.027
4779.63153 17.933 0.028
4781.58145 17.910 0.027
4783.56507 17.935 0.031
4785.59617 17.949 0.030
4789.53158 18.035 0.036
4790.61380 17.916 0.019
4791.61210 17.922 0.024
4795.53328 17.892 0.022
4798.58878 17.811 0.030
4800.63607 17.926 0.025
4804.57757 17.940 0.034
4806.58659 18.024 0.030
4808.54482 17.952 0.031
4808.61232 17.895 0.028
4810.55526 17.904 0.030
4813.59461 17.914 0.029
4815.57074 17.878 0.030
4817.58728 17.918 0.024
4819.58688 17.930 0.026
4821.62878 17.905 0.022
4823.58957 17.930 0.026
4825.61801 17.905 0.028
4832.59113 17.935 0.028
4839.59446 17.941 0.032
4842.56152 17.911 0.032
4844.57001 17.921 0.025
4847.62632 17.876 0.043
4849.58618 17.934 0.025
4853.58361 17.928 0.029
4856.57754 17.905 0.025
4865.55067 17.907 0.028
4936.91655 17.998 0.038
4940.89923 17.912 0.031
4940.90309 17.896 0.029
4953.89694 17.892 0.030
4954.88836 17.914 0.024
