2086.92886 17.449 0.019
2104.86099 17.508 0.017
2106.92089 17.469 0.018
2113.84132 17.479 0.019
2114.85557 17.397 0.019
2115.91948 17.452 0.022
2116.90195 17.838 0.025
2117.90764 17.457 0.018
2122.84019 17.720 0.031
2123.85186 17.442 0.018
2124.90910 17.431 0.021
2128.85517 17.907 0.031
2129.88733 17.502 0.018
2130.83621 17.444 0.019
2131.82971 17.689 0.022
2132.83589 17.464 0.019
2133.92450 17.417 0.023
2134.84083 17.832 0.026
2135.87602 17.523 0.018
2136.87654 17.431 0.022
2137.91916 17.479 0.025
2140.84509 17.610 0.025
2142.89135 17.452 0.018
2143.85211 17.481 0.018
2144.81687 17.482 0.014
2156.85506 17.654 0.022
2160.78480 17.453 0.019
2162.79136 17.671 0.018
2165.77517 17.857 0.025
2166.78614 17.442 0.015
2167.75693 17.431 0.015
2168.74346 17.635 0.019
2171.76949 17.931 0.022
2172.77606 17.500 0.017
2173.73818 17.437 0.017
2177.66980 17.753 0.023
2185.69466 17.452 0.022
2187.67723 17.445 0.022
2190.72123 17.515 0.018
2192.69079 17.544 0.014
2193.71178 17.490 0.014
2194.68300 17.414 0.015
2200.69548 17.413 0.017
2201.74914 17.483 0.015
2206.63497 17.411 0.022
2211.67361 17.657 0.023
2213.68366 17.439 0.019
2214.67003 17.868 0.031
2215.68533 17.442 0.018
2217.66297 17.676 0.026
2222.75538 17.402 0.018
2225.62463 17.418 0.015
2226.67098 17.584 0.022
2228.58638 17.462 0.018
2230.52369 17.405 0.022
2232.53742 17.918 0.027
2234.57950 17.418 0.015
2236.56900 17.450 0.017
2238.57439 17.633 0.021
2241.56118 17.535 0.019
2243.59947 17.389 0.017
2248.64388 17.640 0.018
2250.62205 17.451 0.017
2253.60092 17.416 0.017
2256.58005 17.467 0.019
2258.62050 17.474 0.014
2265.63776 17.424 0.017
2270.59595 17.546 0.017
2272.59401 17.463 0.018
2274.57785 17.436 0.021
2276.54537 17.504 0.021
2280.55795 17.391 0.021
2285.59640 17.667 0.019
2289.59333 17.473 0.017
2291.59403 17.638 0.018
2293.59472 17.410 0.017
2295.59103 17.523 0.018
2297.59420 17.521 0.018
2299.59068 17.435 0.021
2301.58335 17.536 0.023
2466.86683 17.492 0.022
2467.93072 17.664 0.022
2469.92999 17.463 0.015
2471.91956 17.454 0.018
2472.90961 17.465 0.013
2473.93580 17.654 0.019
2481.89505 17.397 0.019
2483.91870 17.514 0.015
2486.91885 17.506 0.023
2488.93421 17.517 0.023
2490.79641 17.435 0.023
2492.93310 17.638 0.022
2495.92829 17.789 0.021
2496.93290 17.445 0.018
2498.80420 17.436 0.017
2499.88914 17.431 0.015
2500.89760 17.444 0.018
2501.88433 17.820 0.021
2502.86450 17.411 0.018
2508.77508 17.395 0.029
2516.80655 17.621 0.022
2517.85331 17.456 0.019
2518.82568 17.453 0.019
2519.82390 17.849 0.022
2520.82208 17.466 0.017
2521.81525 17.432 0.015
2524.81379 17.429 0.019
2526.80757 17.474 0.013
2529.80381 17.462 0.015
2534.86444 17.450 0.021
2535.80207 17.491 0.019
2537.73215 17.746 0.029
2538.83240 17.818 0.027
2539.72960 17.403 0.018
2540.77289 17.501 0.022
2541.74148 17.466 0.017
2542.71127 17.399 0.015
2544.69203 17.507 0.017
2545.70475 17.417 0.015
2547.72272 17.518 0.017
2548.74151 17.412 0.017
2550.73679 17.733 0.022
2551.72333 17.428 0.017
2552.73930 17.448 0.015
2553.68009 17.522 0.021
2554.73244 17.417 0.015
2555.74034 17.448 0.015
2556.71945 17.857 0.022
2557.73198 17.466 0.014
2558.68842 17.466 0.017
2559.64543 17.507 0.018
2560.67844 17.418 0.015
2561.72406 17.456 0.019
2562.69674 17.876 0.025
2563.70472 17.466 0.017
2564.72111 17.412 0.017
2565.71626 17.650 0.021
2566.69121 17.436 0.018
2568.76763 17.539 0.023
2571.67761 17.678 0.021
2572.75211 17.491 0.022
2573.69019 17.420 0.021
2574.67015 17.769 0.019
2576.70488 17.418 0.018
2577.66993 17.547 0.023
2578.65746 17.466 0.019
2579.66798 17.427 0.019
2580.67609 17.543 0.019
2583.64815 17.519 0.022
2584.65460 17.496 0.017
2586.65580 17.518 0.018
2587.63846 17.554 0.019
2589.62933 17.486 0.018
2590.64610 17.570 0.018
2591.67228 17.400 0.018
2593.63553 17.695 0.021
2594.64157 17.430 0.019
2596.61520 17.575 0.022
2597.60238 17.438 0.019
2598.68256 17.449 0.019
2599.63663 17.893 0.030
2607.65672 17.414 0.019
2610.57807 17.452 0.021
2613.57185 17.428 0.019
2615.60230 17.477 0.018
2619.58677 17.437 0.019
2621.59592 17.466 0.019
2625.57850 17.445 0.022
2627.54918 17.514 0.026
2630.56300 17.584 0.025
2635.57671 17.476 0.018
2637.57157 17.448 0.018
2640.54192 17.419 0.019
2642.58165 17.889 0.031
2646.59303 17.440 0.019
2651.56770 17.530 0.025
2654.59519 17.506 0.023
2657.54718 17.499 0.025
2661.55321 17.589 0.015
2664.58415 17.652 0.030
2667.54294 17.739 0.023
2668.57008 17.480 0.026
2672.56209 17.442 0.022
2676.55227 17.703 0.021
2679.56698 17.707 0.023
2683.54595 17.474 0.027
2777.93270 17.488 0.026
2804.86124 17.449 0.025
2805.87853 17.794 0.039
2811.93365 17.491 0.025
2815.90734 17.538 0.018
2825.93921 17.470 0.022
2830.84647 17.800 0.022
2831.81612 17.395 0.019
2832.78917 17.490 0.019
2833.89466 17.663 0.026
2834.94529 17.459 0.019
2836.90362 17.706 0.038
2838.84669 17.421 0.021
2840.85436 17.463 0.017
2843.85571 17.495 0.015
2844.90142 17.440 0.017
2845.94844 17.399 0.034
2849.88495 17.632 0.021
2850.91770 17.422 0.019
2852.84632 17.531 0.023
2854.85766 17.542 0.022
2857.86504 17.447 0.018
2858.93865 17.607 0.022
2860.90462 17.440 0.015
2861.77610 17.529 0.017
2862.89947 17.466 0.021
2863.86415 17.418 0.025
2865.82384 17.425 0.017
2867.81326 17.861 0.019
2868.81686 17.434 0.015
2869.80338 17.424 0.017
2870.84495 17.636 0.018
2871.88802 17.453 0.017
2872.84482 17.428 0.015
2875.83572 17.409 0.018
2876.80514 17.624 0.018
2879.73164 17.883 0.019
2883.85489 17.548 0.015
2885.79021 17.604 0.015
2890.72108 17.454 0.023
2893.77254 17.421 0.015
2895.82175 17.657 0.018
2897.72529 17.560 0.018
2899.76292 17.432 0.014
2903.78198 17.446 0.010
2906.73098 17.433 0.014
2908.70798 17.389 0.017
2910.70286 17.817 0.023
2912.70819 17.457 0.014
2916.72094 17.881 0.019
2918.69783 17.444 0.017
2922.69781 17.788 0.023
2924.63875 17.432 0.015
2926.63279 17.434 0.018
2929.69399 17.526 0.019
2931.66993 17.535 0.015
2933.68036 17.414 0.013
2935.64470 17.532 0.021
2937.67029 17.504 0.023
2939.68575 17.399 0.017
2940.66292 17.502 0.014
2941.63818 17.588 0.015
2942.66298 17.428 0.017
2943.63433 17.482 0.018
2944.61869 17.513 0.019
2946.61344 17.485 0.019
2947.64506 17.777 0.025
2949.62608 17.474 0.017
2950.57761 17.483 0.017
2951.65822 17.456 0.019
2953.60616 17.758 0.022
2955.59124 17.456 0.022
2957.60486 17.427 0.015
2960.62398 17.525 0.021
2962.65913 17.556 0.018
2965.66180 17.526 0.017
2968.62413 17.492 0.019
2970.64294 17.415 0.015
2972.64756 17.620 0.021
2975.55560 17.451 0.017
2977.65141 17.507 0.022
2979.59130 17.427 0.019
2981.63858 17.640 0.036
2983.57209 17.518 0.025
2986.58867 17.442 0.017
2988.56065 17.388 0.017
2991.59046 17.466 0.017
2994.57533 17.411 0.017
2997.58793 17.485 0.017
3000.57995 17.453 0.017
3003.56193 17.476 0.019
3006.54920 17.459 0.017
3009.54449 17.531 0.022
3013.54686 17.432 0.018
3015.58212 17.728 0.019
3018.55923 17.650 0.025
3020.59494 17.458 0.015
3022.54859 17.443 0.022
3024.54762 17.654 0.023
3025.60720 17.468 0.018
3027.63269 17.573 0.018
3029.60438 17.427 0.018
3031.60918 17.471 0.017
3034.53942 17.500 0.015
3037.55858 17.478 0.022
3179.92091 17.468 0.015
3183.94060 17.445 0.021
3193.90852 17.512 0.015
3196.88062 17.590 0.023
3197.94302 17.821 0.029
3202.86851 17.496 0.017
3203.90859 17.774 0.015
3206.84640 17.563 0.017
3210.92241 17.507 0.017
3211.87698 17.448 0.017
3215.81219 17.727 0.030
3216.75805 17.429 0.023
3217.80803 17.465 0.022
3223.86416 17.406 0.018
3228.78286 17.458 0.019
3229.86467 17.400 0.014
3231.84617 17.465 0.022
3238.78305 17.443 0.018
3239.82662 17.491 0.017
3240.81932 17.657 0.022
3241.80280 17.457 0.017
3242.74678 17.535 0.021
3243.87940 17.704 0.025
3244.85797 17.424 0.021
3245.80573 17.498 0.021
3246.79849 17.696 0.025
3247.80684 17.441 0.019
3249.75715 17.543 0.021
3251.77075 17.460 0.014
3254.75846 17.433 0.014
3257.78272 17.453 0.013
3259.69544 17.423 0.015
3261.73149 17.649 0.017
3263.72872 17.455 0.013
3265.75008 17.452 0.017
3267.73686 17.675 0.017
3270.69029 17.885 0.025
3271.69317 17.494 0.019
3273.65150 17.661 0.026
3275.64635 17.480 0.025
3276.74078 17.559 0.022
3277.77942 17.658 0.022
3279.71102 17.558 0.017
3281.66962 17.424 0.013
3283.67130 17.508 0.012
3287.63743 17.441 0.015
3289.65237 17.514 0.014
3291.59046 17.646 0.022
3293.62596 17.396 0.015
3295.64387 17.623 0.013
3298.58178 17.503 0.015
3300.58406 17.538 0.021
3302.56103 17.419 0.018
3305.66111 17.426 0.017
3307.57337 17.636 0.026
3309.59841 17.456 0.015
3311.55003 17.387 0.017
3314.59300 17.466 0.021
3320.63081 17.533 0.015
3323.57823 17.458 0.014
3327.58576 17.401 0.014
3330.58126 17.452 0.019
3335.62523 17.666 0.022
3338.57091 17.698 0.019
3350.54522 17.882 0.019
3353.60382 17.525 0.015
3359.58568 17.499 0.017
3363.58771 17.644 0.022
3367.64734 17.473 0.021
3372.58082 17.650 0.018
3376.55696 17.411 0.015
3380.54334 17.468 0.019
3386.59028 17.417 0.013
3395.53809 17.439 0.022
3398.58578 17.420 0.022
3402.58303 17.448 0.015
3543.89658 17.401 0.019
3551.92011 17.676 0.019
3558.90365 17.444 0.014
3562.89076 17.451 0.014
3568.88187 17.459 0.014
3570.84292 17.449 0.022
3571.83383 17.447 0.021
3573.87955 17.458 0.022
3575.83531 17.940 0.021
3577.89168 17.420 0.017
3578.92775 17.451 0.014
3579.83277 17.462 0.014
3581.90186 17.498 0.017
3582.85814 17.557 0.017
3583.86838 17.376 0.013
3584.83863 17.573 0.017
3585.88952 17.552 0.013
3586.84166 17.420 0.012
3588.85993 17.655 0.017
3590.81599 17.504 0.013
3592.78075 17.419 0.012
3594.82024 17.667 0.017
3600.90602 17.722 0.040
3602.76459 17.436 0.019
3607.84838 17.478 0.015
3614.82059 17.429 0.012
3617.80437 17.446 0.014
3619.78250 17.508 0.013
3621.77498 17.539 0.014
3630.65377 17.898 0.030
3632.65108 17.484 0.025
3634.72398 17.515 0.015
3637.68279 17.553 0.018
3639.73273 17.486 0.012
3641.72950 17.423 0.017
3643.82794 17.680 0.023
3644.76859 17.492 0.013
3646.69964 17.672 0.019
3650.72085 17.465 0.015
3652.65597 17.641 0.015
3654.63430 17.458 0.014
3656.65798 17.447 0.014
3657.71569 17.439 0.015
3658.69298 17.678 0.019
3659.67331 17.403 0.021
3661.62201 17.959 0.030
3663.64496 17.449 0.018
3665.67727 17.468 0.017
3668.62641 17.474 0.017
3670.57713 17.739 0.023
3672.61658 17.421 0.017
3674.67542 17.633 0.015
3676.61585 17.495 0.015
3682.59255 17.468 0.019
3684.58548 17.410 0.014
3686.57536 17.544 0.017
3688.54843 17.474 0.017
3690.55431 17.429 0.018
3692.60689 17.904 0.023
3694.59344 17.424 0.017
3696.58957 17.430 0.013
3698.62818 17.744 0.026
3700.63333 17.375 0.015
3702.62424 17.470 0.015
3704.62477 17.579 0.017
3706.63964 17.410 0.013
3708.62106 17.529 0.018
3712.57756 17.404 0.014
3714.58024 17.505 0.017
3718.56370 17.408 0.017
3721.59590 17.424 0.019
3725.62476 17.433 0.014
3730.54901 17.446 0.013
3734.61972 17.419 0.014
3738.57175 17.565 0.021
3742.56894 17.536 0.021
3747.56968 17.526 0.022
3751.57748 17.589 0.026
3762.55545 17.459 0.025
3766.56068 17.815 0.021
3772.58746 17.536 0.015
3777.53478 17.370 0.018
3871.90682 17.497 0.023
3902.92716 17.531 0.018
3907.92195 17.462 0.018
3913.94752 17.438 0.015
3918.91736 17.482 0.015
3932.86852 17.526 0.018
3934.88688 17.387 0.014
3936.89519 17.655 0.018
3938.87926 17.527 0.017
3945.88616 17.666 0.015
3950.83105 17.474 0.015
3957.78658 17.682 0.027
3959.77600 17.455 0.018
3961.77017 17.397 0.019
3964.77840 17.442 0.012
3966.77066 17.961 0.019
3968.76436 17.422 0.013
3970.75601 17.441 0.012
3973.72534 17.464 0.015
3975.73760 17.664 0.018
3980.67286 17.444 0.017
3981.67260 17.695 0.017
3982.73693 17.454 0.022
3986.71028 17.430 0.017
3991.73950 17.720 0.022
3994.65190 17.485 0.017
3998.68230 17.467 0.021
4001.65311 17.420 0.013
4003.62454 17.545 0.015
4004.70432 17.456 0.014
4005.69850 17.430 0.014
4007.59176 17.437 0.014
4008.60065 17.529 0.013
4011.65112 17.424 0.014
4014.63354 17.465 0.021
4016.63035 17.446 0.017
4018.62675 17.703 0.018
4020.63020 17.471 0.019
4023.61607 17.402 0.017
4025.61641 17.447 0.015
4027.60452 17.726 0.018
4029.58684 17.409 0.015
4031.57393 17.449 0.014
4033.66816 17.524 0.017
4038.56335 17.420 0.018
4040.54361 17.504 0.019
4042.57152 17.478 0.017
4046.62763 17.915 0.031
4049.53950 17.558 0.015
4051.58914 17.436 0.015
4053.63652 17.497 0.014
4055.52920 17.663 0.023
4057.60456 17.456 0.019
4059.60298 17.523 0.015
4063.54979 17.449 0.015
4065.60009 17.605 0.015
4067.59093 17.513 0.017
4069.54378 17.448 0.017
4071.55461 17.560 0.018
4074.55072 17.519 0.018
4077.55245 17.693 0.018
4079.55264 17.465 0.018
4082.55395 17.450 0.015
4085.63130 17.420 0.018
4092.58677 17.530 0.013
4097.62930 17.406 0.019
4100.62076 17.426 0.017
4105.58477 17.646 0.018
4111.62120 17.620 0.015
4115.54066 17.499 0.018
4120.57159 17.753 0.019
4124.58863 17.475 0.015
4128.60700 17.467 0.017
4253.87645 17.524 0.030
4255.87472 17.528 0.022
4268.93305 17.654 0.021
4275.94799 17.469 0.022
4279.84483 17.433 0.023
4282.83623 17.450 0.018
4283.85527 17.761 0.027
4284.88571 17.535 0.023
4289.86032 17.545 0.019
4292.89358 17.444 0.015
4295.88706 17.499 0.017
4296.91754 17.899 0.018
4297.94949 17.489 0.026
4299.88435 17.665 0.015
4300.90609 17.410 0.015
4301.92463 17.434 0.015
4302.94653 17.668 0.026
4306.94324 17.478 0.025
4307.85783 17.441 0.014
4308.68603 17.519 0.018
4308.89396 17.728 0.019
4310.86610 17.420 0.018
4311.86598 17.603 0.029
4312.92813 17.508 0.015
4316.85511 17.416 0.019
4320.88244 17.497 0.019
4326.86466 17.486 0.021
4327.88694 17.870 0.032
4328.85696 17.430 0.018
4329.85769 17.455 0.019
4330.88763 17.713 0.022
4332.90380 17.452 0.019
4334.88084 17.496 0.022
4339.87743 17.740 0.029
4340.80413 17.432 0.018
4341.79696 17.432 0.019
4342.87120 17.587 0.021
4343.79056 17.408 0.018
4344.77263 17.444 0.017
4346.72889 17.432 0.018
4348.73472 17.629 0.019
4350.71139 17.471 0.014
4353.66950 17.479 0.019
4354.79087 17.550 0.018
4359.72850 17.418 0.018
4362.67613 17.493 0.025
4363.63544 17.802 0.023
4365.69381 17.450 0.023
4369.68775 17.662 0.026
4371.67675 17.378 0.019
4376.68020 17.553 0.019
4378.64686 17.521 0.019
4379.67813 17.527 0.022
4381.63727 17.586 0.025
4382.71584 17.897 0.022
4386.69009 17.419 0.015
4388.69084 17.884 0.025
4390.69965 17.412 0.015
4393.69415 17.456 0.018
4396.66875 17.411 0.018
4398.67374 17.465 0.019
4400.69824 17.572 0.021
4404.67526 17.484 0.022
4407.66312 17.524 0.019
4410.69303 17.570 0.019
4415.67937 17.472 0.017
4418.62491 17.504 0.015
4421.68272 17.429 0.017
4423.68716 17.461 0.018
4426.56336 17.410 0.021
4428.58005 17.667 0.029
4430.64021 17.406 0.019
4432.62615 17.470 0.017
4434.63138 17.595 0.018
4436.60773 17.417 0.017
4438.67037 17.552 0.025
4442.56500 17.469 0.022
4444.58976 17.480 0.026
4450.62223 17.725 0.029
4452.59974 17.464 0.019
4454.53681 17.368 0.019
4455.60889 17.475 0.019
4457.54444 17.453 0.022
4459.56451 17.594 0.026
4462.59595 17.896 0.026
4466.62009 17.482 0.021
4471.55474 17.690 0.023
4475.54881 17.503 0.018
4480.58984 17.507 0.019
4482.59678 17.472 0.025
4485.60664 17.415 0.023
4488.60208 17.473 0.025
4609.92442 17.456 0.018
4643.90859 17.469 0.019
4650.94747 17.848 0.029
4655.92692 17.407 0.015
4662.80529 17.825 0.019
4662.92211 17.554 0.015
4663.77690 17.433 0.019
4663.92474 17.586 0.023
4665.85001 17.634 0.025
4665.94382 17.485 0.023
4666.94299 17.541 0.023
4670.93211 17.432 0.017
4671.90202 17.473 0.018
4676.93232 17.477 0.023
4677.84795 17.460 0.014
4682.82234 17.412 0.017
4684.86024 17.693 0.021
4686.82021 17.482 0.014
4688.83616 17.440 0.014
4690.76180 17.506 0.015
4691.76483 17.385 0.017
4693.91978 17.559 0.026
4696.91654 17.502 0.027
4697.83195 17.423 0.023
4698.78154 17.468 0.013
4699.77568 17.879 0.022
4700.81039 17.494 0.015
4701.81829 17.428 0.017
4703.77751 17.454 0.017
4704.79624 17.433 0.014
4705.80375 17.685 0.021
4707.79617 17.422 0.014
4709.75197 17.431 0.017
4710.78053 17.402 0.014
4715.76054 17.448 0.018
4716.84376 17.431 0.014
4717.71370 17.724 0.021
4719.80110 17.405 0.018
4721.79398 17.620 0.021
4724.67650 17.492 0.021
4725.75601 17.445 0.017
4728.76153 17.419 0.015
4733.73816 17.686 0.018
4740.67973 17.422 0.017
4741.71508 17.447 0.014
4747.61931 17.523 0.018
4749.61897 17.459 0.019
4753.68996 17.427 0.025
4755.68198 17.491 0.017
4757.66644 17.516 0.017
4759.68115 17.409 0.013
4761.64956 17.519 0.014
4763.66680 17.469 0.019
4767.60768 17.520 0.019
4770.67628 17.685 0.026
4772.61399 17.506 0.015
4774.56856 17.425 0.018
4776.56013 17.457 0.017
4777.66209 17.428 0.015
4780.53078 17.425 0.018
4781.64473 17.427 0.017
4783.59386 17.403 0.018
4785.62927 17.851 0.031
4787.58141 17.423 0.023
4789.56033 17.432 0.014
4791.54190 17.896 0.027
4793.54926 17.397 0.019
4795.56197 17.467 0.015
4797.55423 17.805 0.022
4798.61755 17.605 0.021
4800.66494 17.452 0.017
4802.57402 17.414 0.015
4803.55605 17.593 0.018
4804.61115 17.700 0.027
4805.53878 17.400 0.017
4805.59798 17.412 0.015
4806.58287 17.492 0.018
4806.62294 17.410 0.018
4807.53582 17.506 0.025
4807.60948 17.638 0.026
4808.57861 17.391 0.018
4808.62014 17.430 0.018
4809.56515 17.517 0.018
4809.63423 17.450 0.017
4810.54278 17.584 0.021
4811.58703 17.429 0.018
4812.62761 17.347 0.023
4813.56398 17.623 0.022
4815.59989 17.450 0.021
4816.54697 17.765 0.022
4818.59723 17.396 0.018
4820.53874 17.431 0.018
4822.59545 17.715 0.019
4824.58028 17.438 0.019
4826.63995 17.525 0.018
4833.57937 17.423 0.015
4835.60259 17.732 0.022
4837.61352 17.481 0.025
4841.58992 17.832 0.029
4843.58411 17.473 0.023
4844.53978 17.599 0.019
4846.59322 17.468 0.018
4847.54394 17.785 0.031
4848.62944 17.559 0.018
4849.54099 17.457 0.021
4849.64449 17.402 0.018
4850.58423 17.652 0.022
4850.61693 17.518 0.019
4850.64737 17.472 0.018
4854.60822 17.523 0.017
4856.62540 17.461 0.017
4862.57329 17.534 0.017
4868.56364 17.500 0.018
4948.92118 17.827 0.026
4954.92531 17.562 0.026
