2086.93259 18.627 0.052
2104.86474 18.603 0.036
2106.92466 19.086 0.071
2113.84509 18.670 0.056
2114.85938 18.742 0.059
2115.92323 18.539 0.044
2116.90570 18.545 0.044
2117.91138 18.647 0.043
2122.84394 18.593 0.067
2123.85559 18.632 0.045
2124.91287 18.952 0.081
2128.86338 18.653 0.063
2129.89111 18.602 0.044
2130.83996 18.909 0.061
2131.83349 18.657 0.052
2132.83967 18.597 0.044
2133.92826 18.537 0.060
2134.84463 18.515 0.056
2135.87980 18.571 0.039
2137.92254 18.615 0.057
2140.84889 18.501 0.049
2142.89473 19.016 0.070
2143.85548 18.607 0.041
2144.82025 18.563 0.031
2156.85887 18.566 0.043
2160.78859 18.965 0.059
2162.79516 18.655 0.038
2165.77897 18.562 0.049
2166.78994 19.004 0.053
2167.76071 18.770 0.044
2168.74725 18.565 0.040
2171.77329 18.628 0.039
2172.77988 18.948 0.051
2173.74200 18.907 0.051
2177.67358 18.658 0.051
2184.73505 18.672 0.062
2185.69848 18.994 0.084
2186.72339 18.487 0.056
2187.68104 18.496 0.052
2189.72514 18.522 0.065
2190.72505 18.940 0.057
2191.66060 19.102 0.060
2192.69417 18.632 0.031
2193.71519 18.559 0.031
2194.68640 18.624 0.036
2200.69889 18.537 0.039
2201.75254 18.627 0.035
2206.63838 18.565 0.056
2211.67702 18.552 0.041
2212.67609 18.533 0.048
2213.68707 18.577 0.051
2214.67343 18.629 0.063
2215.68873 18.752 0.054
2217.66637 18.626 0.056
2219.70955 18.593 0.043
2222.75876 18.482 0.049
2223.69851 18.529 0.040
2225.62803 18.562 0.039
2226.67437 18.801 0.063
2228.58978 18.556 0.043
2230.52709 18.588 0.056
2232.54082 18.579 0.043
2234.58290 18.604 0.042
2236.57237 18.629 0.045
2238.57778 18.609 0.048
2241.56458 18.511 0.041
2243.60284 18.592 0.044
2248.64727 18.528 0.035
2250.62542 18.772 0.045
2253.60431 18.576 0.044
2256.58342 18.640 0.050
2258.62387 18.537 0.032
2263.61514 18.745 0.056
2265.64114 18.643 0.039
2270.59931 18.544 0.039
2272.59738 18.631 0.045
2274.58121 18.698 0.058
2276.54874 18.563 0.060
2280.56131 18.796 0.068
2285.59976 18.678 0.044
2289.59666 18.558 0.035
2291.59738 18.526 0.035
2293.59810 18.750 0.053
2295.59443 18.584 0.047
2297.59758 18.618 0.044
2299.59407 18.788 0.058
2301.58673 18.490 0.052
2466.87056 18.665 0.059
2467.93449 18.649 0.049
2469.93375 18.743 0.038
2471.92330 18.589 0.039
2472.91339 18.574 0.035
2481.89882 18.858 0.067
2483.92245 18.533 0.033
2486.92265 18.930 0.075
2490.80016 18.544 0.058
2492.93689 19.082 0.088
2495.93209 18.425 0.034
2496.93669 18.599 0.044
2498.80798 18.637 0.041
2499.89293 18.683 0.040
2500.90138 18.590 0.041
2501.88811 18.590 0.035
2502.86827 18.523 0.049
2508.77888 18.576 0.076
2516.81034 18.771 0.056
2517.85712 18.758 0.052
2518.82949 18.584 0.047
2519.82770 18.545 0.036
2520.82587 18.548 0.042
2521.81905 18.558 0.034
2524.81756 18.618 0.044
2526.81136 18.621 0.030
2529.80761 18.998 0.052
2534.86827 18.980 0.071
2535.80586 18.953 0.059
2537.73596 18.644 0.058
2538.83588 18.582 0.052
2539.73303 18.609 0.043
2540.77668 18.693 0.058
2541.74494 19.176 0.062
2542.71473 18.644 0.040
2544.69585 18.579 0.036
2545.70821 18.641 0.039
2547.72620 19.007 0.054
2548.74530 18.562 0.040
2550.74059 18.543 0.036
2551.72714 18.530 0.036
2552.74312 18.692 0.041
2553.68388 18.918 0.066
2554.73626 18.542 0.034
2555.74415 18.613 0.039
2556.72325 18.588 0.036
2557.73576 18.568 0.032
2558.69224 18.614 0.040
2559.64922 18.844 0.058
2560.68223 18.768 0.042
2561.72785 18.618 0.054
2562.70057 18.624 0.042
2563.70853 18.641 0.045
2564.72493 18.574 0.047
2565.71972 19.103 0.067
2566.69468 18.607 0.045
2568.76375 18.445 0.049
2571.68141 19.050 0.060
2572.75558 18.626 0.053
2573.69366 18.624 0.054
2574.67361 18.585 0.034
2576.70835 18.596 0.043
2577.67336 19.197 0.092
2578.66093 18.846 0.058
2579.67145 18.537 0.048
2580.67953 18.566 0.040
2583.65159 19.130 0.076
2584.65805 18.728 0.048
2586.65925 18.639 0.044
2587.64225 18.608 0.043
2589.63311 18.840 0.051
2590.64989 18.590 0.040
2591.67606 18.655 0.049
2593.63931 18.582 0.043
2594.64535 18.692 0.053
2596.61898 18.760 0.058
2597.60617 18.621 0.069
2598.68636 18.548 0.050
2599.64043 18.568 0.050
2607.66051 19.172 0.076
2610.58184 18.589 0.051
2613.57559 18.674 0.053
2615.60601 18.528 0.040
2619.59049 18.858 0.056
2621.59966 18.563 0.045
2625.58221 18.940 0.079
2627.55291 18.610 0.068
2630.56642 18.525 0.053
2635.58013 18.572 0.035
2637.57499 18.934 0.051
2640.54533 18.551 0.043
2642.58509 18.587 0.049
2646.59643 18.547 0.042
2651.57139 18.620 0.060
2654.59860 18.577 0.052
2661.55661 18.998 0.044
2664.58752 18.541 0.056
2667.55734 19.038 0.068
2668.57348 18.635 0.062
2672.56547 18.554 0.053
2676.55610 18.584 0.042
2679.57036 19.243 0.079
2683.54960 18.616 0.062
2777.93635 18.879 0.088
2804.86491 18.637 0.075
2805.88219 18.654 0.075
2811.93733 18.604 0.053
2815.91101 18.598 0.039
2818.91874 18.631 0.041
2825.94289 19.089 0.086
2831.84832 18.741 0.060
2833.89837 18.561 0.059
2834.94896 18.555 0.054
2836.90732 18.547 0.061
2838.85038 18.878 0.071
2840.85803 18.616 0.042
2843.86374 18.945 0.045
2844.90510 18.658 0.042
2845.95215 18.712 0.147
2849.88866 19.100 0.067
2850.92140 18.628 0.047
2852.85002 18.650 0.057
2854.86138 18.635 0.056
2857.86875 18.561 0.042
2858.94236 18.604 0.062
2860.90837 18.605 0.034
2861.77981 18.721 0.039
2862.90318 18.628 0.050
2863.86786 18.530 0.066
2865.82756 18.613 0.040
2867.81699 18.885 0.044
2868.82059 18.763 0.042
2869.80711 18.637 0.040
2870.84865 18.605 0.036
2871.89172 18.606 0.040
2872.84854 18.599 0.036
2875.83945 18.612 0.044
2876.80887 18.605 0.034
2879.73539 18.676 0.033
2883.85859 18.558 0.033
2885.79927 18.926 0.035
2890.72482 18.558 0.057
2893.77629 18.587 0.040
2895.82548 18.622 0.039
2897.72902 18.625 0.045
2899.76664 18.618 0.033
2903.78571 18.885 0.031
2906.73473 18.638 0.033
2908.71172 18.619 0.040
2910.70661 18.973 0.053
2912.71191 18.583 0.032
2916.72467 18.976 0.040
2918.70159 18.623 0.041
2922.70154 18.957 0.067
2924.64250 18.618 0.036
2926.63654 18.574 0.044
2929.69774 18.646 0.045
2931.67368 18.601 0.033
2933.68411 18.698 0.031
2935.64844 18.620 0.047
2937.67405 18.554 0.049
2939.68949 18.706 0.044
2940.66668 19.043 0.042
2941.64190 18.597 0.029
2942.66673 18.611 0.042
2943.63808 18.571 0.041
2944.62242 18.672 0.049
2946.61720 19.228 0.076
2947.64881 18.624 0.045
2949.62981 18.551 0.039
2950.58133 18.589 0.042
2951.66197 18.614 0.047
2953.60988 18.667 0.045
2955.59493 18.557 0.058
2957.60857 18.612 0.034
2960.62772 18.569 0.041
2962.66287 18.572 0.041
2965.66552 18.651 0.042
2968.62782 18.543 0.045
2970.64666 18.874 0.053
2972.65129 18.659 0.047
2975.55932 18.628 0.041
2977.65512 18.620 0.057
2979.59502 18.590 0.049
2981.64229 18.661 0.087
2983.57581 18.592 0.050
2986.59238 18.623 0.039
2988.56436 19.053 0.058
2991.59800 18.556 0.040
2994.57904 19.062 0.057
2997.59163 18.510 0.035
3000.58413 19.045 0.057
3003.56561 18.643 0.043
3006.55291 19.031 0.057
3009.54818 18.613 0.052
3013.55054 18.593 0.041
3015.58579 18.589 0.039
3018.56289 18.918 0.068
3020.59862 18.605 0.039
3022.55225 18.501 0.049
3024.55130 19.110 0.078
3025.61086 18.644 0.044
3027.63638 18.593 0.039
3029.60803 18.905 0.062
3031.61283 18.648 0.042
3034.54306 18.578 0.034
3179.92455 18.633 0.036
3183.94427 18.429 0.053
3193.91217 18.659 0.039
3196.88427 18.572 0.041
3197.94670 18.512 0.061
3202.87216 18.579 0.039
3203.91666 18.679 0.029
3206.85007 19.233 0.071
3210.92609 18.627 0.040
3211.88067 18.725 0.041
3215.81587 18.536 0.060
3216.76174 18.819 0.070
3217.81171 18.631 0.056
3223.86787 18.640 0.047
3228.78656 18.581 0.045
3229.86838 18.784 0.039
3231.84991 18.573 0.063
3238.78678 18.639 0.041
3239.83032 18.697 0.043
3240.82304 18.665 0.047
3241.80649 18.618 0.038
3243.88313 18.655 0.049
3244.86170 18.523 0.043
3245.80945 18.648 0.053
3246.80219 18.641 0.044
3247.81055 18.530 0.040
3249.76087 18.645 0.048
3251.77445 18.586 0.030
3254.76217 19.011 0.042
3257.78648 18.556 0.027
3259.69916 18.600 0.034
3261.73524 18.798 0.036
3263.73244 18.611 0.027
3265.75380 18.615 0.034
3267.74059 18.687 0.034
3271.69692 18.532 0.042
3273.65522 18.897 0.068
3275.65009 18.539 0.052
3276.74451 18.695 0.077
3277.78316 18.635 0.048
3279.71475 18.649 0.035
3281.67335 18.547 0.031
3283.67503 18.600 0.026
3287.64117 18.533 0.031
3289.65611 18.586 0.031
3291.59421 19.042 0.070
3293.62973 18.414 0.032
3295.64763 18.627 0.027
3298.58550 18.500 0.031
3300.58778 18.590 0.048
3302.56475 18.653 0.047
3305.66484 18.586 0.038
3307.57710 18.570 0.056
3309.60215 19.061 0.054
3311.55772 18.628 0.042
3314.59673 18.608 0.053
3320.63453 18.794 0.041
3323.58193 18.657 0.036
3327.58948 19.055 0.048
3330.58497 18.601 0.045
3335.62893 18.608 0.052
3338.57463 18.621 0.041
3353.60752 18.583 0.034
3359.58941 18.632 0.036
3363.59140 18.947 0.062
3367.65102 18.569 0.048
3372.58447 18.546 0.035
3376.56064 18.571 0.038
3380.54703 18.730 0.053
3386.59393 19.046 0.042
3395.54174 18.578 0.057
3398.58944 19.096 0.087
3402.58667 18.619 0.038
3543.90020 18.658 0.054
3551.92375 18.696 0.043
3562.89438 18.925 0.040
3568.88551 18.866 0.042
3570.84660 18.639 0.054
3571.83753 18.568 0.054
3573.88320 18.676 0.062
3575.83897 19.022 0.053
3577.89536 18.604 0.045
3578.93141 18.594 0.033
3579.83644 18.640 0.031
3581.90552 18.668 0.043
3582.86181 18.667 0.036
3583.87205 18.580 0.036
3584.84230 18.687 0.043
3585.89319 18.560 0.026
3586.84532 18.776 0.030
3588.86361 18.648 0.041
3590.81968 18.627 0.030
3592.78444 18.674 0.029
3594.82390 18.677 0.036
3600.90970 18.551 0.056
3602.76825 18.728 0.053
3607.85209 18.583 0.030
3614.82431 18.615 0.026
3617.80806 18.817 0.035
3619.78617 18.593 0.029
3621.77867 18.565 0.032
3630.65747 18.753 0.061
3632.65477 18.498 0.045
3634.72766 18.635 0.035
3637.68648 18.579 0.036
3639.73642 18.487 0.024
3641.73319 18.961 0.056
3643.83164 18.679 0.051
3644.77229 18.631 0.027
3646.70337 18.595 0.038
3650.72455 18.604 0.036
3652.65968 18.592 0.031
3654.63800 18.717 0.036
3656.66167 18.563 0.032
3657.71941 18.568 0.036
3658.69670 18.675 0.045
3659.67703 19.259 0.089
3661.62571 18.640 0.054
3663.64864 18.571 0.043
3665.68098 19.024 0.051
3668.63010 18.587 0.039
3670.61094 18.493 0.049
3672.62030 18.708 0.041
3674.67913 18.551 0.030
3676.61956 18.589 0.035
3682.59624 18.436 0.041
3684.60962 18.699 0.035
3686.57904 18.717 0.042
3688.55212 18.614 0.041
3690.55803 18.868 0.056
3692.61058 18.635 0.042
3694.59712 18.652 0.039
3696.59325 18.618 0.033
3698.63185 18.627 0.058
3700.63703 18.608 0.042
3702.62792 18.563 0.035
3704.62844 18.551 0.033
3706.64330 18.669 0.033
3708.62474 18.615 0.043
3712.58124 18.630 0.035
3714.58392 18.601 0.038
3718.56738 18.572 0.040
3721.59955 18.646 0.058
3725.62846 18.907 0.044
3730.55267 18.610 0.029
3734.62336 18.548 0.032
3738.57539 18.545 0.048
3742.57257 18.531 0.048
3747.57331 18.663 0.054
3751.58111 18.643 0.060
3762.55906 18.624 0.060
3766.56431 18.637 0.033
3772.59110 18.811 0.041
3777.53839 18.604 0.054
3871.91041 18.985 0.080
3902.93077 18.620 0.044
3907.92558 19.239 0.068
3913.95118 18.924 0.079
3918.92098 18.652 0.034
3932.87215 18.643 0.041
3934.89054 18.648 0.034
3936.89881 18.555 0.034
3938.88293 18.620 0.041
3945.88981 18.615 0.031
3950.83466 18.623 0.033
3957.79020 18.724 0.059
3959.78180 18.671 0.043
3961.77381 18.899 0.065
3964.78205 18.661 0.026
3966.77429 18.677 0.032
3968.76801 18.755 0.035
3970.75965 18.574 0.025
3973.72898 18.682 0.041
3975.74123 18.622 0.035
3980.67650 19.155 0.072
3981.67626 18.611 0.032
3982.74059 18.649 0.056
3986.71393 19.027 0.061
3991.74315 18.824 0.047
3994.65553 18.557 0.040
3998.68597 19.037 0.066
4001.65674 18.526 0.027
4003.62820 18.659 0.033
4004.70796 18.882 0.042
4005.70217 18.636 0.030
4007.59542 18.591 0.039
4008.60429 18.648 0.029
4011.65478 18.666 0.041
4014.63718 18.502 0.048
4016.63397 19.018 0.053
4018.63043 18.576 0.035
4020.63385 18.486 0.044
4023.61974 18.594 0.045
4025.62008 18.579 0.040
4027.60819 18.618 0.035
4029.59049 18.656 0.035
4031.57758 18.600 0.034
4033.67183 18.841 0.045
4038.56700 18.540 0.041
4040.54725 18.818 0.060
4042.57517 18.498 0.039
4046.63128 18.703 0.061
4049.54314 18.528 0.031
4051.59278 18.648 0.038
4053.64019 18.603 0.031
4055.53285 18.585 0.049
4057.60819 18.795 0.068
4059.60662 18.612 0.036
4063.55339 18.612 0.038
4065.60374 18.623 0.034
4067.59457 18.649 0.038
4069.54743 18.581 0.041
4071.55824 18.726 0.045
4074.55436 18.613 0.041
4077.55607 18.561 0.034
4079.55628 18.537 0.039
4082.55758 19.096 0.052
4085.63490 18.527 0.041
4092.59037 18.641 0.029
4097.63291 18.502 0.040
4100.62437 18.703 0.044
4105.58841 18.857 0.051
4111.62478 19.132 0.052
4115.54425 18.585 0.042
4120.57518 18.550 0.043
4124.59221 18.627 0.036
4128.61057 18.716 0.042
4253.88230 18.662 0.078
4255.87829 18.546 0.051
4268.93635 18.610 0.040
4275.95128 18.951 0.086
4279.84813 18.626 0.062
4282.83953 19.119 0.074
4283.85859 18.678 0.059
4284.88903 18.548 0.049
4289.86363 18.595 0.040
4292.89692 18.601 0.033
4295.89039 18.610 0.039
4296.92087 18.648 0.032
4298.84414 18.644 0.039
4299.88766 18.799 0.038
4300.90941 18.748 0.040
4301.92796 18.585 0.029
4302.94985 18.622 0.075
4307.86117 18.634 0.032
4308.68938 18.585 0.042
4308.89728 18.549 0.036
4310.86944 18.640 0.048
4311.86935 18.701 0.076
4312.93146 18.649 0.040
4316.85847 18.602 0.044
4320.88580 18.620 0.044
4326.86803 18.644 0.050
4327.89059 18.513 0.054
4328.86060 18.705 0.050
4329.86103 18.807 0.054
4330.89126 18.574 0.038
4332.90745 18.569 0.043
4334.88447 18.536 0.051
4339.88108 18.534 0.053
4340.80776 18.546 0.043
4341.80059 18.646 0.051
4342.87485 18.723 0.049
4343.79423 18.588 0.042
4344.77629 18.592 0.040
4346.73251 18.582 0.038
4348.73836 19.114 0.056
4350.71502 18.629 0.033
4353.67316 18.532 0.041
4354.79454 18.889 0.049
4357.77818 18.548 0.048
4359.73214 18.596 0.047
4362.67981 18.572 0.052
4363.63910 18.606 0.039
4365.69746 18.568 0.056
4369.69140 18.643 0.054
4371.68040 18.626 0.050
4376.68386 18.518 0.039
4378.65051 18.803 0.051
4379.68178 18.595 0.047
4381.64094 18.551 0.050
4382.71949 18.627 0.039
4386.69374 18.567 0.036
4388.69449 18.556 0.039
4390.70333 19.157 0.056
4393.69783 18.602 0.036
4396.67240 19.168 0.077
4398.67739 18.549 0.050
4400.70189 18.605 0.043
4404.67890 18.664 0.050
4407.66679 18.545 0.045
4410.69669 18.574 0.040
4415.68302 18.651 0.042
4418.62856 18.568 0.035
4421.68637 18.627 0.039
4423.69081 18.458 0.039
4426.56702 18.786 0.061
4428.58369 18.585 0.057
4430.64385 18.634 0.053
4432.62978 19.103 0.061
4434.63503 18.559 0.039
4436.61135 18.568 0.041
4438.67401 18.997 0.061
4440.60710 18.521 0.044
4442.56866 18.482 0.053
4444.59341 18.856 0.075
4450.62586 18.917 0.076
4452.60335 18.674 0.059
4454.54039 18.602 0.053
4455.61251 18.628 0.048
4457.54805 18.704 0.060
4459.56813 18.578 0.054
4462.59956 19.145 0.072
4466.62369 18.626 0.049
4471.55836 18.566 0.042
4475.56187 18.580 0.041
4480.59342 19.074 0.067
4482.60036 18.428 0.057
4485.61024 18.673 0.065
4488.60568 18.546 0.058
4609.92795 18.715 0.054
4643.91219 18.591 0.043
4650.95105 18.961 0.092
4655.93052 18.570 0.035
4662.80890 18.712 0.038
4662.92573 18.998 0.047
4663.78052 19.071 0.074
4663.92835 18.545 0.051
4665.85363 18.658 0.056
4665.94745 18.624 0.062
4666.94658 18.489 0.061
4670.93573 18.682 0.043
4671.90563 18.515 0.041
4676.93592 18.576 0.059
4677.85155 18.618 0.032
4682.82597 18.617 0.040
4684.86388 18.575 0.040
4686.82383 18.992 0.039
4688.83981 18.601 0.032
4690.76542 18.625 0.033
4691.76848 18.558 0.042
4693.92343 18.575 0.068
4696.92018 18.503 0.062
4697.83560 18.553 0.058
4698.78520 18.885 0.032
4699.77934 18.894 0.051
4700.81404 18.615 0.035
4701.82193 18.542 0.039
4703.78115 18.631 0.038
4704.79990 18.880 0.040
4705.80741 18.622 0.043
4707.79983 18.570 0.032
4709.75565 18.615 0.035
4710.78418 18.823 0.047
4715.76417 18.631 0.044
4716.84742 19.013 0.045
4717.71734 19.034 0.052
4719.80475 18.647 0.043
4721.79766 18.601 0.042
4724.68016 18.446 0.043
4725.75968 18.583 0.040
4728.76521 18.908 0.048
4733.74180 18.575 0.033
4740.68338 18.626 0.042
4741.71874 18.880 0.036
4747.66412 19.129 0.057
4749.62266 18.569 0.052
4753.69362 18.669 0.069
4755.68563 18.598 0.040
4757.67012 18.631 0.038
4759.68480 18.888 0.036
4761.65322 18.599 0.027
4763.67044 18.420 0.040
4767.61133 18.561 0.041
4770.67993 18.789 0.070
4772.61765 18.624 0.036
4774.57224 18.611 0.036
4776.56380 18.612 0.043
4777.66575 18.946 0.052
4780.53443 18.633 0.047
4781.64838 18.619 0.042
4783.59750 19.145 0.075
4785.63292 18.584 0.057
4787.58506 18.682 0.076
4789.56399 19.076 0.051
4791.54555 18.615 0.049
4793.55294 18.576 0.042
4795.56562 19.107 0.051
4797.55788 18.593 0.043
4798.62119 18.617 0.044
4800.66859 18.875 0.051
4803.55969 18.572 0.038
4804.61480 18.532 0.053
4805.60161 18.541 0.036
4807.53947 18.926 0.078
4809.56880 18.593 0.044
4811.59068 18.458 0.042
4813.56763 18.989 0.068
4815.60354 18.438 0.045
4816.55059 18.573 0.038
4818.60087 18.764 0.052
4820.54239 18.573 0.051
4822.59907 18.559 0.035
4824.58388 18.545 0.045
4826.64355 18.499 0.035
4833.58296 18.565 0.038
4835.60621 18.602 0.047
4837.61711 18.830 0.067
4841.59353 18.510 0.050
4843.58772 18.926 0.083
4846.59681 18.570 0.044
4848.63304 18.844 0.047
4850.62052 18.531 0.039
4854.61191 19.051 0.053
4856.62899 18.461 0.033
4862.57687 18.639 0.038
4868.56724 18.582 0.041
