2104.88015 16.806 0.011
2112.92050 16.848 0.010
2115.89654 16.799 0.012
2116.92441 16.816 0.012
2117.88280 16.821 0.011
2122.86443 16.838 0.013
2123.87839 16.813 0.011
2124.93287 16.795 0.017
2128.87832 16.808 0.013
2130.81712 16.828 0.011
2131.81013 16.854 0.012
2132.85489 16.816 0.012
2133.86739 16.827 0.014
2134.86050 16.792 0.013
2135.89742 16.823 0.010
2136.90121 16.824 0.014
2140.86393 16.829 0.012
2141.77415 16.850 0.013
2142.87404 16.831 0.014
2143.88310 16.825 0.013
2144.79872 16.804 0.010
2156.72451 16.813 0.013
2160.80374 16.818 0.012
2162.81406 16.816 0.011
2166.80491 16.836 0.011
2167.73814 16.882 0.011
2168.76273 16.824 0.011
2172.80103 16.834 0.011
2173.75706 16.818 0.010
2174.74079 16.806 0.010
2177.68892 16.811 0.013
2184.75021 16.839 0.014
2186.73851 16.854 0.016
2187.65851 16.812 0.014
2189.74013 16.826 0.014
2190.74023 16.823 0.012
2191.64436 16.858 0.011
2192.70825 16.812 0.009
2193.73545 16.821 0.010
2194.70029 16.809 0.011
2200.71467 16.820 0.011
2203.60292 16.819 0.012
2206.65263 16.851 0.013
2208.69672 16.812 0.012
2211.70464 16.832 0.012
2212.69125 16.801 0.012
2214.69127 16.817 0.014
2215.72725 16.823 0.014
2217.68642 16.867 0.013
2219.72340 16.812 0.014
2222.77270 16.843 0.016
2223.67776 16.834 0.013
2228.60369 16.832 0.011
2230.54177 16.846 0.013
2232.55478 16.830 0.011
2234.59680 16.830 0.011
2236.58602 16.827 0.011
2239.53357 16.835 0.013
2241.57835 16.849 0.011
2243.61670 16.807 0.012
2249.57288 16.810 0.010
2251.62684 16.814 0.011
2254.58061 16.825 0.012
2256.59795 16.844 0.016
2259.61878 16.795 0.012
2262.62526 16.811 0.013
2264.61320 16.810 0.011
2266.61713 16.796 0.013
2271.59206 16.811 0.012
2273.59129 16.839 0.014
2276.58597 16.827 0.013
2280.57988 16.821 0.012
2285.57584 16.801 0.010
2289.61168 16.795 0.011
2291.61693 16.823 0.010
2293.61336 16.820 0.011
2295.61006 16.807 0.012
2297.61462 16.832 0.012
2299.60926 16.808 0.013
2301.60080 16.797 0.014
2453.88795 16.825 0.016
2460.93465 16.871 0.017
2464.89199 16.832 0.011
2466.88549 16.837 0.014
2468.87974 16.805 0.012
2470.87073 16.818 0.011
2472.89082 16.814 0.010
2481.87633 16.836 0.016
2483.93777 16.809 0.012
2486.93850 16.796 0.014
2489.82052 16.818 0.011
2490.81676 16.829 0.016
2496.80048 16.823 0.011
2497.82277 16.832 0.013
2498.82307 16.875 0.012
2499.90810 16.810 0.011
2500.91648 16.831 0.012
2501.91118 16.818 0.011
2502.88328 16.827 0.013
2508.79388 16.820 0.018
2516.82627 16.799 0.012
2517.87328 16.839 0.012
2518.84754 16.820 0.012
2519.79884 16.821 0.011
2520.84100 16.822 0.011
2521.79160 16.807 0.011
2524.79451 16.830 0.013
2526.82647 16.815 0.009
2529.78500 16.808 0.011
2535.74461 16.817 0.012
2537.75111 16.812 0.016
2538.85159 16.834 0.014
2539.74700 16.831 0.012
2540.79179 16.815 0.016
2541.75901 16.805 0.011
2542.72867 16.816 0.011
2544.71085 16.828 0.011
2545.72215 16.825 0.011
2547.74029 16.821 0.012
2548.76046 16.827 0.012
2550.75560 16.813 0.010
2551.74273 16.875 0.012
2552.75810 16.820 0.011
2553.69890 16.847 0.014
2554.75125 16.812 0.011
2555.75922 16.799 0.011
2556.73845 16.806 0.011
2557.75078 16.813 0.011
2558.70733 16.808 0.011
2559.66429 16.825 0.011
2560.69739 16.832 0.011
2561.74295 16.826 0.014
2562.71559 16.816 0.012
2563.72363 16.819 0.012
2564.74001 16.821 0.012
2565.73491 16.822 0.012
2566.71390 16.816 0.013
2571.70216 16.839 0.013
2572.76963 16.821 0.014
2573.70779 16.797 0.014
2574.68749 16.812 0.011
2576.73195 16.802 0.012
2577.69019 16.812 0.012
2578.67524 16.816 0.014
2579.68541 16.831 0.013
2580.69368 16.806 0.011
2583.66992 16.825 0.013
2584.67222 16.826 0.012
2587.65751 16.856 0.013
2588.66941 16.820 0.012
2589.66249 16.842 0.012
2590.67036 16.816 0.012
2591.69812 16.831 0.012
2593.65493 16.822 0.013
2594.66146 16.795 0.013
2596.63413 16.829 0.013
2597.62298 16.832 0.016
2598.70168 16.815 0.013
2599.66221 16.807 0.014
2608.56289 16.829 0.013
2610.59948 16.832 0.013
2613.59088 16.827 0.016
2615.62649 16.810 0.013
2620.59687 16.825 0.012
2622.54465 16.788 0.011
2625.59803 16.811 0.017
2629.53785 16.830 0.014
2632.57591 16.796 0.011
2636.57235 16.836 0.013
2639.57162 16.816 0.011
2643.54459 16.815 0.012
2649.55003 16.821 0.012
2651.58786 16.808 0.014
2655.54767 16.847 0.014
2658.55950 16.790 0.017
2661.57617 16.832 0.010
2665.53905 16.805 0.013
2669.56520 16.804 0.012
2674.54997 16.831 0.013
2676.57011 16.847 0.011
2677.53331 16.815 0.017
2680.54056 16.812 0.014
2683.56478 16.808 0.016
2804.84270 16.823 0.018
2805.89912 16.831 0.020
2811.95213 16.833 0.023
2815.92597 16.801 0.012
2818.93855 16.822 0.012
2829.87262 16.845 0.012
2831.86515 16.827 0.013
2832.81614 16.809 0.013
2833.91475 16.803 0.013
2835.90349 16.823 0.012
2837.90922 16.830 0.018
2840.89262 16.820 0.012
2843.87863 16.815 0.010
2844.91992 16.839 0.012
2848.82660 16.839 0.017
2849.90464 16.809 0.012
2850.93618 16.829 0.013
2852.86483 16.827 0.014
2854.87617 16.812 0.012
2857.88348 16.822 0.013
2859.87077 16.824 0.011
2860.92313 16.829 0.011
2861.79488 16.842 0.012
2862.88097 16.829 0.013
2863.88287 16.887 0.017
2865.80530 16.861 0.013
2867.79478 16.840 0.011
2868.83541 16.814 0.011
2869.85601 16.816 0.012
2870.86351 16.817 0.012
2872.78757 16.809 0.011
2875.85476 16.820 0.012
2876.88074 16.815 0.013
2877.85314 16.831 0.011
2879.81793 16.818 0.010
2884.76798 16.833 0.011
2886.78076 16.822 0.012
2890.73969 16.833 0.017
2893.79129 16.764 0.012
2895.80215 16.796 0.011
2897.74972 16.813 0.012
2899.78203 16.828 0.010
2903.80074 16.807 0.009
2906.74949 16.812 0.010
2908.72650 16.817 0.011
2910.72139 16.820 0.012
2912.72731 16.835 0.010
2916.73996 16.838 0.010
2918.71701 16.865 0.012
2922.71660 16.817 0.013
2924.71588 16.808 0.011
2926.65153 16.806 0.013
2929.71289 16.815 0.012
2931.68882 16.816 0.011
2933.70097 16.813 0.010
2935.66390 16.827 0.013
2937.68902 16.872 0.013
2939.66722 16.807 0.012
2940.68149 16.810 0.010
2941.65720 16.825 0.010
2942.68480 16.814 0.012
2943.65353 16.824 0.012
2944.63726 16.825 0.014
2946.63586 16.821 0.012
2947.66383 16.833 0.013
2949.64469 16.816 0.011
2950.59619 16.819 0.011
2951.67708 16.807 0.013
2953.62491 16.815 0.012
2955.60987 16.816 0.016
2957.62355 16.806 0.011
2960.64371 16.826 0.011
2965.68043 16.820 0.011
2968.64295 16.827 0.013
2971.65073 16.838 0.012
2973.63924 16.846 0.012
2975.53604 16.851 0.012
2977.63169 16.821 0.016
2979.61197 16.822 0.014
2982.56656 16.807 0.013
2986.60784 16.804 0.011
2988.58030 16.822 0.011
2990.59915 16.878 0.012
2993.60193 16.809 0.011
2997.54793 16.797 0.011
3000.60514 16.824 0.012
3003.58064 16.803 0.013
3006.57024 16.820 0.011
3009.56358 16.865 0.013
3013.57023 16.829 0.013
3017.56465 16.820 0.011
3020.53981 16.814 0.011
3022.56724 16.796 0.013
3024.56644 16.825 0.012
3026.53648 16.850 0.013
3028.53739 16.827 0.014
3030.54048 16.829 0.011
3032.55843 16.819 0.013
3034.55795 16.801 0.011
3038.54878 16.816 0.013
3179.94009 16.812 0.010
3184.90394 16.810 0.012
3193.92701 16.833 0.011
3196.89901 16.838 0.011
3202.89156 16.805 0.011
3203.93144 16.823 0.010
3206.87433 16.801 0.012
3210.94082 16.814 0.011
3211.85695 16.830 0.012
3216.77663 16.819 0.013
3217.82652 16.844 0.014
3224.82348 16.812 0.010
3228.80135 16.828 0.012
3230.77484 16.841 0.010
3238.80595 16.830 0.012
3239.84507 16.811 0.011
3240.84224 16.833 0.014
3241.78420 16.818 0.011
3242.77484 16.829 0.013
3243.89800 16.816 0.012
3244.87669 16.841 0.014
3245.82419 16.828 0.011
3246.82106 16.831 0.012
3247.82528 16.842 0.011
3249.77873 16.865 0.013
3251.79130 16.827 0.010
3254.77742 16.824 0.010
3257.80449 16.811 0.010
3261.75039 16.805 0.010
3263.74738 16.816 0.009
3265.77500 16.807 0.012
3267.75544 16.811 0.010
3270.70913 16.839 0.012
3271.71183 16.840 0.011
3273.67034 16.823 0.013
3275.66513 16.831 0.014
3276.75916 16.824 0.013
3277.79803 16.809 0.011
3279.72955 16.825 0.011
3281.69535 16.820 0.010
3283.68978 16.835 0.009
3287.65607 16.850 0.010
3289.67090 16.841 0.010
3291.60927 16.836 0.011
3294.62585 16.817 0.011
3296.59218 16.860 0.011
3300.60260 16.842 0.012
3302.58362 16.852 0.012
3305.67963 16.802 0.011
3307.59618 16.807 0.013
3309.61692 16.807 0.010
3311.57244 16.825 0.011
3314.61610 16.820 0.013
3320.64939 16.835 0.010
3323.60180 16.860 0.011
3327.62986 16.805 0.011
3330.60116 16.841 0.012
3335.64575 16.811 0.017
3338.55259 16.828 0.012
3350.56392 16.831 0.010
3357.60213 16.870 0.012
3361.60041 16.833 0.011
3363.60672 16.842 0.013
3369.58365 16.816 0.010
3372.59961 16.833 0.010
3376.57564 16.843 0.011
3380.56197 16.867 0.012
3386.60882 16.818 0.010
3395.56081 16.868 0.014
3399.58462 16.820 0.013
3402.60155 16.834 0.011
3543.91768 16.860 0.012
3551.94034 16.812 0.012
3558.92226 16.853 0.012
3562.91301 16.866 0.010
3568.90457 16.820 0.010
3570.86619 16.831 0.013
3571.85269 16.814 0.014
3573.89807 16.825 0.013
3575.85790 16.848 0.011
3577.91446 16.840 0.011
3579.85536 16.827 0.010
3581.92430 16.842 0.011
3582.87668 16.856 0.011
3583.89577 16.828 0.010
3584.86832 16.855 0.011
3585.85657 16.833 0.008
3586.88604 16.811 0.008
3588.88421 16.832 0.011
3590.84281 16.803 0.009
3592.80312 16.840 0.009
3594.84391 16.806 0.009
3600.93294 16.834 0.014
3603.75602 16.834 0.011
3608.81265 16.822 0.010
3614.84444 16.890 0.010
3615.84927 16.839 0.010
3618.82891 16.817 0.010
3620.85538 16.842 0.010
3622.80940 16.842 0.011
3625.75535 16.818 0.010
3628.77691 16.812 0.012
3630.69236 16.840 0.012
3632.66953 16.848 0.016
3634.70451 16.864 0.010
3637.70529 16.826 0.011
3640.67160 16.816 0.009
3644.70610 16.815 0.009
3646.72366 16.838 0.012
3650.73940 16.837 0.010
3652.68087 16.860 0.010
3654.65664 16.845 0.010
3656.70987 16.827 0.010
3657.73801 16.825 0.011
3658.71155 16.817 0.011
3659.69593 16.821 0.012
3660.70158 16.834 0.012
3663.69235 16.831 0.011
3665.72062 16.832 0.012
3668.64917 16.834 0.010
3668.67173 16.839 0.010
3670.66036 16.869 0.013
3672.59307 16.829 0.012
3674.75237 16.807 0.010
3676.63864 16.827 0.010
3682.61528 16.849 0.011
3684.63261 16.821 0.010
3686.59829 16.828 0.011
3688.57126 16.851 0.011
3690.58498 16.871 0.012
3693.58210 16.805 0.011
3695.57768 16.834 0.011
3698.55910 16.810 0.014
3701.60180 16.830 0.011
3703.61243 16.836 0.009
3705.58462 16.842 0.009
3707.58509 16.856 0.011
3712.60004 16.813 0.011
3715.55827 16.811 0.010
3719.63723 16.808 0.012
3722.58415 16.852 0.012
3725.66423 16.822 0.012
3730.56743 16.819 0.009
3735.57007 16.804 0.010
3739.56976 16.841 0.010
3743.54543 16.842 0.011
3748.54931 16.821 0.016
3753.54697 16.833 0.014
3758.56888 16.846 0.012
3762.57544 16.838 0.012
3768.53542 16.832 0.012
3773.53226 16.855 0.012
3777.55821 16.884 0.012
3871.92860 16.835 0.016
3902.94547 16.829 0.016
3907.94047 16.871 0.013
3915.91631 16.838 0.010
3918.93557 16.838 0.011
3933.82326 16.803 0.011
3934.90525 16.828 0.010
3936.91349 16.835 0.010
3938.89769 16.824 0.010
3945.86747 16.869 0.010
3950.84919 16.837 0.010
3957.80483 16.841 0.016
3959.80331 16.817 0.012
3961.78949 16.836 0.012
3964.79665 16.859 0.009
3966.78887 16.825 0.009
3968.78241 16.827 0.011
3970.77404 16.827 0.009
3973.74502 16.837 0.011
3975.75834 16.832 0.011
3980.69083 16.825 0.011
3981.69072 16.827 0.010
3982.75504 16.866 0.013
3986.73222 16.826 0.011
3989.82929 16.810 0.011
3991.77048 16.847 0.011
3994.67152 16.824 0.011
4001.67118 16.839 0.010
4003.64289 16.827 0.010
4004.73144 16.856 0.010
4005.71671 16.841 0.010
4007.60991 16.807 0.011
4008.61896 16.844 0.009
4011.66935 16.818 0.011
4014.66730 16.818 0.012
4016.64859 16.826 0.011
4018.64490 16.830 0.011
4020.68384 16.820 0.011
4023.63431 16.842 0.012
4025.63467 16.850 0.011
4027.62281 16.812 0.011
4029.60503 16.818 0.010
4031.59201 16.813 0.010
4036.62740 16.826 0.009
4038.58172 16.847 0.010
4040.56170 16.849 0.012
4042.63105 16.842 0.011
4044.67368 16.852 0.017
4047.58513 16.820 0.012
4049.55773 16.810 0.010
4051.60729 16.846 0.010
4053.61827 16.845 0.009
4055.54750 16.833 0.014
4057.58657 16.851 0.014
4059.62111 16.852 0.011
4063.61247 16.823 0.010
4066.52737 16.834 0.011
4068.59474 16.840 0.010
4071.53588 16.821 0.012
4074.57108 16.862 0.011
4077.62376 16.842 0.013
4079.57084 16.845 0.011
4083.57835 16.830 0.012
4087.60027 16.840 0.010
4095.56413 16.826 0.010
4095.60117 16.831 0.010
4098.58319 16.819 0.012
4102.55534 16.847 0.012
4107.55947 16.846 0.010
4112.55989 16.840 0.011
4119.54944 16.863 0.012
4122.57575 16.835 0.012
4128.57587 16.825 0.012
4253.89912 16.826 0.017
4255.91774 16.808 0.014
4258.93449 16.835 0.016
4273.92083 16.824 0.017
4279.77400 16.844 0.018
4282.74731 16.833 0.014
4282.91158 16.808 0.012
4283.83833 16.797 0.014
4284.90611 16.813 0.013
4289.87719 16.828 0.012
4292.91048 16.822 0.011
4295.90441 16.843 0.011
4296.93867 16.824 0.010
4298.85770 16.813 0.013
4299.90120 16.811 0.010
4300.92303 16.810 0.011
4301.94185 16.809 0.011
4303.83258 16.809 0.011
4307.72959 16.814 0.012
4308.70336 16.772 0.012
4308.91122 16.834 0.011
4310.88329 16.840 0.013
4311.88481 16.836 0.017
4314.81377 16.851 0.013
4316.87345 16.821 0.012
4320.85715 16.795 0.011
4326.88154 16.797 0.012
4327.90507 16.861 0.016
4328.87506 16.836 0.014
4329.87448 16.854 0.013
4330.90570 16.835 0.012
4332.92196 16.823 0.012
4334.91525 16.823 0.014
4339.86996 16.796 0.013
4340.82220 16.813 0.013
4341.81506 16.814 0.012
4342.88933 16.827 0.013
4343.80864 16.816 0.012
4344.79079 16.817 0.011
4346.76707 16.833 0.012
4348.75279 16.841 0.011
4350.72959 16.871 0.011
4353.68772 16.815 0.012
4355.74627 16.790 0.012
4358.68962 16.790 0.012
4359.74685 16.826 0.010
4362.69719 16.820 0.013
4365.67119 16.834 0.014
4369.72798 16.829 0.014
4371.69496 16.832 0.012
4376.69832 16.823 0.011
4378.66502 16.830 0.012
4379.69629 16.821 0.013
4381.65548 16.814 0.013
4383.68398 16.810 0.011
4386.70858 16.848 0.012
4388.70887 16.838 0.011
4390.71781 16.820 0.011
4394.60541 16.816 0.011
4396.68883 16.810 0.012
4398.69193 16.820 0.013
4402.67698 16.847 0.012
4404.69344 16.806 0.014
4407.70196 16.847 0.013
4409.71754 16.814 0.012
4411.71266 16.801 0.011
4415.71651 16.816 0.012
4417.66651 16.798 0.011
4420.65292 16.839 0.012
4422.68494 16.824 0.012
4424.68205 16.816 0.012
4427.56778 16.805 0.012
4429.61089 16.807 0.017
4433.60388 16.851 0.013
4435.59222 16.831 0.012
4438.65230 16.840 0.012
4440.62180 16.831 0.012
4442.58325 16.829 0.013
4444.60797 16.841 0.016
4452.61818 16.830 0.011
4454.63838 16.822 0.012
4455.58045 16.828 0.012
4457.58935 16.832 0.017
4460.54375 16.840 0.012
4463.60727 16.822 0.012
4467.59008 16.820 0.013
4470.58948 16.820 0.012
4474.63604 16.805 0.013
4476.61436 16.807 0.011
4481.62207 16.802 0.012
4483.64070 16.841 0.013
4485.62217 16.819 0.014
4488.62279 16.854 0.017
4492.61304 16.861 0.013
4643.92671 16.850 0.013
4655.90888 16.813 0.010
4661.92269 16.823 0.011
4662.84626 16.870 0.011
4662.94413 16.825 0.011
4663.79500 16.821 0.014
4665.86815 16.802 0.013
4671.84655 16.832 0.012
4677.86593 16.835 0.011
4682.84035 16.809 0.011
4684.87836 16.811 0.011
4686.83832 16.795 0.009
4688.85456 16.830 0.010
4690.77989 16.826 0.011
4691.78322 16.808 0.012
4694.82950 16.824 0.014
4697.77385 16.827 0.014
4699.79488 16.814 0.011
4700.82877 16.824 0.010
4701.83645 16.803 0.011
4703.79565 16.814 0.011
4704.81438 16.816 0.010
4705.82199 16.821 0.013
4707.83940 16.827 0.010
4709.77020 16.821 0.010
4715.77878 16.854 0.011
4717.73337 16.896 0.011
4720.71224 16.826 0.011
4722.72748 16.803 0.010
4725.73268 16.825 0.012
4730.72325 16.813 0.009
4730.78595 16.829 0.010
4733.75817 16.825 0.010
4736.67487 16.821 0.012
4737.78245 16.846 0.010
4738.76766 16.814 0.012
4739.62192 16.830 0.013
4740.64989 16.839 0.011
4740.70075 16.823 0.011
4741.66360 16.813 0.010
4743.69745 16.815 0.010
4747.58202 16.821 0.012
4748.63104 16.814 0.011
4748.68621 16.836 0.012
4749.65155 16.841 0.014
4750.71907 16.822 0.016
4753.62052 16.879 0.013
4754.59359 16.832 0.014
4754.64462 16.816 0.013
4755.62647 16.824 0.012
4756.65422 16.812 0.012
4757.60705 16.806 0.011
4758.63443 16.812 0.010
4759.62854 16.799 0.011
4760.62110 16.813 0.010
4762.61090 16.822 0.012
4767.64649 16.828 0.012
4770.69477 16.856 0.013
4772.63213 16.843 0.012
4774.60762 16.833 0.011
4776.57940 16.856 0.013
4778.58077 16.814 0.011
4780.57801 16.810 0.012
4782.55091 16.821 0.012
4783.61250 16.819 0.012
4786.53282 16.823 0.013
4787.59991 16.818 0.018
4789.57864 16.870 0.011
4791.56020 16.828 0.012
4793.56755 16.811 0.011
4795.58042 16.844 0.010
4797.57259 16.826 0.013
4798.63582 16.822 0.011
4801.53706 16.836 0.011
4802.62452 16.835 0.012
4803.59645 16.823 0.011
4805.53146 16.854 0.014
4807.55819 16.822 0.014
4809.58333 16.798 0.011
4811.60524 16.825 0.012
4814.56307 16.800 0.012
4816.56526 16.805 0.011
4818.57919 16.834 0.012
4820.55718 16.828 0.012
4822.61397 16.843 0.011
4824.59880 16.806 0.012
4831.57041 16.802 0.012
4833.59828 16.821 0.010
4835.62100 16.827 0.014
4839.62403 16.817 0.013
4842.59068 16.831 0.013
4844.60113 16.832 0.013
4847.65535 16.788 0.017
4849.61534 16.806 0.011
4853.61260 16.835 0.012
4854.54170 16.828 0.012
4855.62582 16.866 0.017
4856.53299 16.824 0.012
4859.52760 16.879 0.018
4862.52504 16.804 0.016
4862.52865 16.832 0.013
4862.58499 16.817 0.010
4862.59963 16.813 0.011
4863.53531 16.827 0.010
4864.52963 16.834 0.016
4864.56974 16.811 0.010
4865.52740 16.828 0.014
4865.57255 16.818 0.011
4866.53437 16.811 0.016
4866.54343 16.838 0.014
4866.57465 16.834 0.013
4867.58212 16.799 0.011
4868.54477 16.814 0.012
4868.58178 16.806 0.012
4870.52433 16.809 0.016
4871.52270 16.806 0.017
4874.51953 16.826 0.017
4876.54323 16.839 0.011
4947.92041 16.848 0.013
4953.92420 16.821 0.012
