2086.92886 16.764 0.013
2086.92886 16.764 0.013
2106.92089 16.768 0.013
2106.92089 16.768 0.013
2114.85557 16.759 0.016
2114.85557 16.759 0.016
2116.90195 16.848 0.013
2116.90195 16.848 0.013
2117.90764 16.732 0.013
2117.90764 16.732 0.013
2122.84019 16.776 0.016
2122.84019 16.776 0.016
2123.85186 16.731 0.012
2123.85186 16.731 0.012
2124.90910 16.830 0.014
2124.90910 16.830 0.014
2128.85517 16.862 0.024
2128.85517 16.862 0.024
2129.88733 16.746 0.012
2129.88733 16.746 0.012
2130.83621 16.766 0.016
2130.83621 16.766 0.016
2131.82971 16.763 0.013
2131.82971 16.763 0.013
2135.87602 16.768 0.014
2135.87602 16.768 0.014
2136.87654 16.839 0.016
2136.87654 16.839 0.016
2143.85211 16.796 0.013
2143.85211 16.796 0.013
2166.78614 16.770 0.012
2166.78614 16.770 0.012
2167.75693 16.749 0.012
2167.75693 16.749 0.012
2168.74346 16.797 0.012
2168.74346 16.797 0.012
2172.77606 16.809 0.012
2172.77606 16.809 0.012
2173.73818 16.738 0.017
2173.73818 16.738 0.017
2177.66980 16.757 0.013
2177.66980 16.757 0.013
2185.69466 16.768 0.014
2185.69466 16.768 0.014
2187.67723 16.746 0.016
2187.67723 16.746 0.016
2192.69079 16.796 0.011
2192.69079 16.796 0.011
2193.71178 16.766 0.011
2193.71178 16.766 0.011
2194.68300 16.771 0.012
2194.68300 16.771 0.012
2200.69548 16.827 0.013
2200.69548 16.827 0.013
2201.74914 16.744 0.011
2201.74914 16.744 0.011
2206.63497 16.808 0.016
2206.63497 16.808 0.016
2211.67361 16.723 0.013
2211.67361 16.723 0.013
2213.68366 16.707 0.013
2213.68366 16.707 0.013
2214.67003 16.773 0.016
2214.67003 16.773 0.016
2215.68533 16.733 0.013
2215.68533 16.733 0.013
2217.66297 16.726 0.014
2217.66297 16.726 0.014
2222.75538 16.759 0.013
2222.75538 16.759 0.013
2225.62463 16.731 0.011
2225.62463 16.731 0.011
2226.67098 16.754 0.013
2226.67098 16.754 0.013
2228.58638 16.749 0.013
2228.58638 16.749 0.013
2230.52369 16.897 0.017
2230.52369 16.897 0.017
2232.53742 16.771 0.013
2232.53742 16.771 0.013
2234.57950 16.814 0.012
2234.57950 16.814 0.012
2236.56900 16.758 0.012
2236.56900 16.758 0.012
2238.57439 16.798 0.013
2238.57439 16.798 0.013
2241.56118 16.734 0.012
2241.56118 16.734 0.012
2243.59947 16.753 0.012
2243.59947 16.753 0.012
2248.64388 16.840 0.012
2248.64388 16.840 0.012
2253.60092 16.726 0.012
2253.60092 16.726 0.012
2258.62050 16.758 0.011
2258.62050 16.758 0.011
2265.63776 16.745 0.012
2265.63776 16.745 0.012
2270.59595 16.750 0.011
2270.59595 16.750 0.011
2272.59401 16.840 0.013
2272.59401 16.840 0.013
2274.57785 16.747 0.014
2274.57785 16.747 0.014
2276.54537 16.821 0.014
2276.54537 16.821 0.014
2280.55795 16.801 0.016
2280.55795 16.801 0.016
2467.93072 16.776 0.013
2467.93072 16.776 0.013
2469.92999 16.873 0.012
2469.92999 16.873 0.012
2471.91956 16.746 0.012
2471.91956 16.746 0.012
2472.90961 16.766 0.009
2472.90961 16.766 0.009
2473.93580 16.888 0.013
2473.93580 16.888 0.013
2481.89505 16.881 0.016
2481.89505 16.881 0.016
2483.91870 16.765 0.012
2483.91870 16.765 0.012
2486.91885 16.756 0.014
2486.91885 16.756 0.014
2496.93290 16.757 0.012
2496.93290 16.757 0.012
2498.80420 16.750 0.012
2498.80420 16.750 0.012
2499.88914 16.760 0.012
2499.88914 16.760 0.012
2500.89760 16.759 0.013
2500.89760 16.759 0.013
2501.88433 16.876 0.013
2501.88433 16.876 0.013
2502.86450 16.749 0.013
2502.86450 16.749 0.013
2516.80655 16.753 0.013
2516.80655 16.753 0.013
2517.85331 16.863 0.014
2517.85331 16.863 0.014
2518.82568 16.737 0.013
2518.82568 16.737 0.013
2519.82390 16.733 0.012
2519.82390 16.733 0.012
2520.82208 16.751 0.012
2520.82208 16.751 0.012
2521.81525 16.875 0.012
2521.81525 16.875 0.012
2524.81379 16.734 0.013
2524.81379 16.734 0.013
2529.80381 16.880 0.012
2529.80381 16.880 0.012
2535.80207 16.755 0.013
2535.80207 16.755 0.013
2537.73215 16.877 0.016
2537.73215 16.877 0.016
2538.83240 16.743 0.013
2538.83240 16.743 0.013
2539.72960 16.760 0.012
2539.72960 16.760 0.012
2540.77289 16.738 0.014
2540.77289 16.738 0.014
2541.74148 16.878 0.013
2541.74148 16.878 0.013
2542.71127 16.743 0.012
2542.71127 16.743 0.012
2544.69203 16.754 0.012
2544.69203 16.754 0.012
2545.70475 16.866 0.012
2545.70475 16.866 0.012
2547.72272 16.753 0.012
2547.72272 16.753 0.012
2548.74151 16.756 0.012
2548.74151 16.756 0.012
2550.73679 16.743 0.012
2550.73679 16.743 0.012
2551.72333 16.762 0.012
2551.72333 16.762 0.012
2552.73930 16.755 0.011
2552.73930 16.755 0.011
2553.68009 16.869 0.014
2553.68009 16.869 0.014
2554.73244 16.743 0.012
2554.73244 16.743 0.012
2555.74034 16.750 0.012
2555.74034 16.750 0.012
2556.71945 16.742 0.012
2556.71945 16.742 0.012
2557.73198 16.873 0.012
2557.73198 16.873 0.012
2558.68842 16.748 0.012
2558.68842 16.748 0.012
2559.64543 16.734 0.012
2559.64543 16.734 0.012
2560.67844 16.745 0.012
2560.67844 16.745 0.012
2561.72406 16.865 0.014
2561.72406 16.865 0.014
2562.69674 16.733 0.012
2562.69674 16.733 0.012
2563.70472 16.750 0.012
2563.70472 16.750 0.012
2564.72111 16.743 0.012
2564.72111 16.743 0.012
2565.71626 16.876 0.013
2565.71626 16.876 0.013
2566.69121 16.738 0.012
2566.69121 16.738 0.012
2568.76763 16.734 0.014
2568.76763 16.734 0.014
2573.69019 16.900 0.016
2573.69019 16.900 0.016
2574.67015 16.743 0.011
2574.67015 16.743 0.011
2576.70488 16.739 0.013
2576.70488 16.739 0.013
2577.66993 16.865 0.016
2577.66993 16.865 0.016
2578.65746 16.757 0.013
2578.65746 16.757 0.013
2579.66798 16.761 0.013
2579.66798 16.761 0.013
2580.67609 16.747 0.012
2580.67609 16.747 0.012
2583.64815 16.757 0.014
2583.64815 16.757 0.014
2584.65460 16.745 0.012
2584.65460 16.745 0.012
2587.63846 16.763 0.013
2587.63846 16.763 0.013
2589.62933 16.868 0.013
2589.62933 16.868 0.013
2590.64610 16.735 0.012
2590.64610 16.735 0.012
2591.67228 16.765 0.013
2591.67228 16.765 0.013
2593.63553 16.881 0.013
2593.63553 16.881 0.013
2594.64157 16.731 0.013
2594.64157 16.731 0.013
2596.61520 16.727 0.013
2596.61520 16.727 0.013
2597.60238 16.849 0.014
2597.60238 16.849 0.014
2598.68256 16.734 0.013
2598.68256 16.734 0.013
2599.63663 16.776 0.014
2599.63663 16.776 0.014
2610.57807 16.754 0.016
2610.57807 16.754 0.016
2613.57185 16.891 0.014
2613.57185 16.891 0.014
2615.60230 16.769 0.012
2615.60230 16.769 0.012
2619.58677 16.774 0.020
2619.58677 16.774 0.020
2804.86124 16.750 0.016
2804.86124 16.750 0.016
2805.87853 16.782 0.020
2805.87853 16.782 0.020
2811.93365 16.773 0.016
2811.93365 16.773 0.016
2815.90734 16.756 0.012
2815.90734 16.756 0.012
2850.91770 16.769 0.013
2850.91770 16.769 0.013
2861.77610 16.739 0.012
2861.77610 16.739 0.012
2862.89947 16.769 0.013
2862.89947 16.769 0.013
2863.86415 16.746 0.016
2863.86415 16.746 0.016
2865.82384 16.730 0.012
2865.82384 16.730 0.012
2867.81326 16.746 0.011
2867.81326 16.746 0.011
2868.81686 16.751 0.012
2868.81686 16.751 0.012
2869.80338 16.735 0.012
2869.80338 16.735 0.012
2870.84495 16.745 0.012
2870.84495 16.745 0.012
2871.88802 16.758 0.012
2871.88802 16.758 0.012
2872.84482 16.755 0.011
2872.84482 16.755 0.011
2875.83572 16.763 0.013
2875.83572 16.763 0.013
2876.80514 16.759 0.012
2876.80514 16.759 0.012
2879.73164 16.765 0.011
2879.73164 16.765 0.011
2883.85489 16.772 0.011
2883.85489 16.772 0.011
2885.79021 16.743 0.011
2885.79021 16.743 0.011
2893.77254 16.744 0.012
2893.77254 16.744 0.012
2903.78198 16.725 0.008
2903.78198 16.725 0.008
2906.73098 16.742 0.011
2906.73098 16.742 0.011
2937.67029 16.754 0.014
2937.67029 16.754 0.014
2940.66292 16.773 0.011
2940.66292 16.773 0.011
2942.66298 16.748 0.012
2942.66298 16.748 0.012
2944.61869 16.774 0.013
2944.61869 16.774 0.013
2946.61344 16.756 0.013
2946.61344 16.756 0.013
2947.64506 16.769 0.013
2947.64506 16.769 0.013
2951.65822 16.764 0.013
2951.65822 16.764 0.013
2975.55560 16.757 0.012
2975.55560 16.757 0.012
2977.65141 16.745 0.014
2977.65141 16.745 0.014
2979.59130 16.760 0.014
2979.59130 16.760 0.014
3018.55923 16.744 0.013
3018.55923 16.744 0.013
3183.94060 16.773 0.014
3183.94060 16.773 0.014
3197.94302 16.753 0.013
3197.94302 16.753 0.013
3203.90859 16.754 0.009
3203.90859 16.754 0.009
3210.92241 16.803 0.011
3210.92241 16.803 0.011
3211.87698 16.729 0.014
3211.87698 16.729 0.014
3215.81219 16.759 0.016
3215.81219 16.759 0.016
3216.75805 16.759 0.014
3216.75805 16.759 0.014
3223.86416 16.763 0.012
3223.86416 16.763 0.012
3240.81932 16.807 0.013
3240.81932 16.807 0.013
3241.80280 16.744 0.011
3241.80280 16.744 0.011
3242.74678 16.850 0.014
3242.74678 16.850 0.014
3245.80573 16.787 0.013
3245.80573 16.787 0.013
3246.79849 16.845 0.014
3246.79849 16.845 0.014
3247.80684 16.764 0.013
3247.80684 16.764 0.013
3263.72872 16.742 0.009
3263.72872 16.742 0.009
3271.69317 16.755 0.018
3271.69317 16.755 0.018
3277.77942 16.769 0.013
3277.77942 16.769 0.013
3289.65237 16.769 0.011
3289.65237 16.769 0.011
3293.62596 16.772 0.014
3293.62596 16.772 0.014
3295.64387 16.758 0.008
3295.64387 16.758 0.008
3323.57823 16.692 0.011
3323.57823 16.692 0.011
3327.58576 16.768 0.011
3327.58576 16.768 0.011
3330.58126 16.881 0.016
3330.58126 16.881 0.016
3338.57091 16.885 0.013
3338.57091 16.885 0.013
3350.54522 16.843 0.011
3350.54522 16.843 0.011
3551.92011 16.794 0.012
3551.92011 16.794 0.012
3558.90365 16.762 0.011
3558.90365 16.762 0.011
3562.89076 16.754 0.011
3562.89076 16.754 0.011
3568.88187 16.747 0.011
3568.88187 16.747 0.011
3570.84292 16.763 0.014
3570.84292 16.763 0.014
3571.83383 16.829 0.014
3571.83383 16.829 0.014
3573.87955 16.874 0.017
3573.87955 16.874 0.017
3575.83531 16.809 0.011
3575.83531 16.809 0.011
3577.89168 16.862 0.013
3577.89168 16.862 0.013
3578.92775 16.739 0.011
3578.92775 16.739 0.011
3579.83277 16.781 0.011
3579.83277 16.781 0.011
3581.90186 16.855 0.012
3581.90186 16.855 0.012
3582.85814 16.728 0.011
3582.85814 16.728 0.011
3583.86838 16.770 0.011
3583.86838 16.770 0.011
3584.83863 16.737 0.011
3584.83863 16.737 0.011
3585.88952 16.853 0.011
3585.88952 16.853 0.011
3586.84166 16.740 0.009
3586.84166 16.740 0.009
3588.85993 16.764 0.011
3588.85993 16.764 0.011
3590.81599 16.747 0.009
3590.81599 16.747 0.009
3592.78075 16.758 0.009
3592.78075 16.758 0.009
3594.82024 16.726 0.011
3594.82024 16.726 0.011
3600.90602 16.746 0.021
3600.90602 16.746 0.021
3602.76459 16.754 0.013
3602.76459 16.754 0.013
3607.84838 16.767 0.011
3607.84838 16.767 0.011
3614.82059 16.729 0.009
3614.82059 16.729 0.009
3617.80437 16.885 0.011
3617.80437 16.885 0.011
3619.78250 16.765 0.009
3619.78250 16.765 0.009
3621.77498 16.849 0.011
3621.77498 16.849 0.011
3630.65377 16.781 0.014
3630.65377 16.781 0.014
3632.65108 16.738 0.023
3632.65108 16.738 0.023
3634.72398 16.735 0.011
3634.72398 16.735 0.011
3637.68279 16.841 0.012
3637.68279 16.841 0.012
3639.73273 16.777 0.009
3639.73273 16.777 0.009
3641.72950 16.857 0.013
3641.72950 16.857 0.013
3643.82794 16.789 0.014
3643.82794 16.789 0.014
3644.76859 16.739 0.011
3644.76859 16.739 0.011
3646.69964 16.740 0.012
3646.69964 16.740 0.012
3650.72085 16.723 0.011
3650.72085 16.723 0.011
3652.65597 16.750 0.009
3652.65597 16.750 0.009
3654.63430 16.740 0.011
3654.63430 16.740 0.011
3657.71569 16.848 0.012
3657.71569 16.848 0.012
3658.69298 16.748 0.012
3658.69298 16.748 0.012
3659.67331 16.790 0.014
3659.67331 16.790 0.014
3661.62201 16.805 0.013
3661.62201 16.805 0.013
3663.64496 16.833 0.013
3663.64496 16.833 0.013
3665.67727 16.867 0.012
3665.67727 16.867 0.012
3668.62641 16.726 0.011
3668.62641 16.726 0.011
3670.57713 16.775 0.013
3670.57713 16.775 0.013
3672.61658 16.744 0.012
3672.61658 16.744 0.012
3674.67542 16.749 0.011
3674.67542 16.749 0.011
3676.61585 16.757 0.011
3676.61585 16.757 0.011
3682.59255 16.743 0.012
3682.59255 16.743 0.012
3684.58548 16.739 0.011
3684.58548 16.739 0.011
3686.57536 16.762 0.011
3686.57536 16.762 0.011
3688.54843 16.758 0.011
3688.54843 16.758 0.011
3690.55431 16.763 0.020
3690.55431 16.763 0.020
3692.60689 16.731 0.012
3692.60689 16.731 0.012
3694.59344 16.749 0.012
3694.59344 16.749 0.012
3696.58957 16.754 0.009
3696.58957 16.754 0.009
3698.62818 16.757 0.014
3698.62818 16.757 0.014
3700.63333 16.758 0.013
3700.63333 16.758 0.013
3702.62424 16.739 0.011
3702.62424 16.739 0.011
3704.62477 16.757 0.011
3704.62477 16.757 0.011
3706.63964 16.717 0.009
3706.63964 16.717 0.009
3708.62106 16.776 0.012
3708.62106 16.776 0.012
3712.57756 16.757 0.011
3712.57756 16.757 0.011
3714.58024 16.748 0.011
3714.58024 16.748 0.011
3718.56370 16.740 0.012
3718.56370 16.740 0.012
3721.59590 16.838 0.013
3721.59590 16.838 0.013
3725.62476 16.834 0.011
3725.62476 16.834 0.011
3730.54901 16.739 0.009
3730.54901 16.739 0.009
3734.61972 16.727 0.009
3734.61972 16.727 0.009
3738.57175 16.724 0.012
3738.57175 16.724 0.012
3742.56894 16.740 0.013
3742.56894 16.740 0.013
3747.56968 16.767 0.014
3747.56968 16.767 0.014
3751.57748 16.737 0.017
3751.57748 16.737 0.017
3762.55545 16.724 0.014
3762.55545 16.724 0.014
3766.56068 16.743 0.011
3766.56068 16.743 0.011
3772.58746 16.757 0.012
3772.58746 16.757 0.012
3777.53478 16.847 0.021
3777.53478 16.847 0.021
3902.92716 16.891 0.013
3902.92716 16.891 0.013
3907.92195 16.753 0.012
3907.92195 16.753 0.012
3913.94752 16.767 0.011
3913.94752 16.767 0.011
3918.91736 16.915 0.011
3918.91736 16.915 0.011
3932.86852 16.773 0.011
3932.86852 16.773 0.011
3934.88688 16.889 0.011
3934.88688 16.889 0.011
3936.89519 16.777 0.011
3936.89519 16.777 0.011
3938.87926 16.899 0.012
3938.87926 16.899 0.012
3945.88616 16.753 0.009
3945.88616 16.753 0.009
3950.83105 16.903 0.017
3950.83105 16.903 0.017
3957.78658 16.772 0.014
3957.78658 16.772 0.014
3959.77600 16.747 0.012
3959.77600 16.747 0.012
3961.77017 16.770 0.013
3961.77017 16.770 0.013
3964.77840 16.757 0.009
3964.77840 16.757 0.009
3966.77066 16.876 0.011
3966.77066 16.876 0.011
3968.76436 16.753 0.009
3968.76436 16.753 0.009
3970.75601 16.864 0.009
3970.75601 16.864 0.009
3973.72534 16.765 0.011
3973.72534 16.765 0.011
3975.73760 16.771 0.011
3975.73760 16.771 0.011
3980.67286 16.764 0.012
3980.67286 16.764 0.012
3981.67260 16.753 0.009
3981.67260 16.753 0.009
3982.73693 16.840 0.021
3982.73693 16.840 0.021
3986.71028 16.836 0.012
3986.71028 16.836 0.012
3991.73950 16.743 0.012
3991.73950 16.743 0.012
3994.65190 16.835 0.014
3994.65190 16.835 0.014
3998.68230 16.823 0.013
3998.68230 16.823 0.013
4001.65311 16.769 0.009
4001.65311 16.769 0.009
4003.62454 16.759 0.011
4003.62454 16.759 0.011
4004.70432 16.757 0.009
4004.70432 16.757 0.009
4005.69850 16.766 0.009
4005.69850 16.766 0.009
4008.60065 16.762 0.009
4008.60065 16.762 0.009
4011.65112 16.762 0.011
4011.65112 16.762 0.011
4014.63354 16.806 0.013
4014.63354 16.806 0.013
4016.63035 16.792 0.012
4016.63035 16.792 0.012
4018.62675 16.798 0.011
4018.62675 16.798 0.011
4020.63020 16.753 0.012
4020.63020 16.753 0.012
4023.61607 16.752 0.012
4023.61607 16.752 0.012
4025.61641 16.751 0.011
4025.61641 16.751 0.011
4027.60452 16.773 0.011
4027.60452 16.773 0.011
4029.58684 16.793 0.011
4029.58684 16.793 0.011
4031.57393 16.752 0.009
4031.57393 16.752 0.009
4033.66816 16.764 0.011
4033.66816 16.764 0.011
4038.56335 16.803 0.012
4038.56335 16.803 0.012
4040.54361 16.758 0.012
4040.54361 16.758 0.012
4042.57152 16.783 0.012
4042.57152 16.783 0.012
4046.62763 16.894 0.014
4046.62763 16.894 0.014
4049.53950 16.770 0.009
4049.53950 16.770 0.009
4051.58914 16.730 0.011
4051.58914 16.730 0.011
4053.63652 16.741 0.009
4053.63652 16.741 0.009
4055.52920 16.764 0.013
4055.52920 16.764 0.013
4057.60456 16.705 0.012
4057.60456 16.705 0.012
4059.60298 16.770 0.011
4059.60298 16.770 0.011
4063.54979 16.732 0.011
4063.54979 16.732 0.011
4065.60009 16.732 0.009
4065.60009 16.732 0.009
4067.59093 16.745 0.011
4067.59093 16.745 0.011
4069.54378 16.766 0.012
4069.54378 16.766 0.012
4071.55461 16.757 0.011
4071.55461 16.757 0.011
4074.55072 16.846 0.014
4074.55072 16.846 0.014
4077.55245 16.764 0.011
4077.55245 16.764 0.011
4079.55264 16.729 0.012
4079.55264 16.729 0.012
4082.55395 16.890 0.012
4082.55395 16.890 0.012
4085.63130 16.772 0.013
4085.63130 16.772 0.013
4092.58677 16.769 0.009
4092.58677 16.769 0.009
4097.62930 16.750 0.014
4097.62930 16.750 0.014
4100.62076 16.787 0.012
4100.62076 16.787 0.012
4105.58477 16.766 0.017
4105.58477 16.766 0.017
4111.62120 16.738 0.009
4111.62120 16.738 0.009
4115.54066 16.754 0.012
4115.54066 16.754 0.012
4120.57159 16.748 0.016
4120.57159 16.748 0.016
4124.58863 16.771 0.011
4124.58863 16.771 0.011
4253.87645 16.754 0.018
4253.87645 16.754 0.018
4255.87472 16.770 0.014
4255.87472 16.770 0.014
4268.93305 16.766 0.017
4268.93305 16.766 0.017
4275.94799 16.767 0.014
4275.94799 16.767 0.014
4279.84483 16.730 0.014
4279.84483 16.730 0.014
4282.83623 16.746 0.013
4282.83623 16.746 0.013
4283.85527 16.757 0.014
4283.85527 16.757 0.014
4284.88571 16.751 0.014
4284.88571 16.751 0.014
4289.86032 16.734 0.012
4289.86032 16.734 0.012
4292.89358 16.746 0.011
4292.89358 16.746 0.011
4295.88706 16.747 0.012
4295.88706 16.747 0.012
4296.91754 16.759 0.011
4296.91754 16.759 0.011
4297.94949 16.743 0.016
4297.94949 16.743 0.016
4299.88435 16.735 0.011
4299.88435 16.735 0.011
4300.90609 16.763 0.011
4300.90609 16.763 0.011
4301.92463 16.765 0.011
4301.92463 16.765 0.011
4302.94653 16.749 0.014
4302.94653 16.749 0.014
4306.94324 16.766 0.016
4306.94324 16.766 0.016
4307.85783 16.756 0.011
4307.85783 16.756 0.011
4308.68603 16.765 0.012
4308.68603 16.765 0.012
4308.89396 16.760 0.012
4308.89396 16.760 0.012
4310.86610 16.728 0.012
4310.86610 16.728 0.012
4311.86598 16.744 0.017
4311.86598 16.744 0.017
4312.92813 16.751 0.011
4312.92813 16.751 0.011
4316.85511 16.749 0.013
4316.85511 16.749 0.013
4320.88244 16.767 0.013
4320.88244 16.767 0.013
4326.86466 16.731 0.013
4326.86466 16.731 0.013
4327.88694 16.765 0.016
4327.88694 16.765 0.016
4328.85696 16.760 0.013
4328.85696 16.760 0.013
4329.85769 16.776 0.013
4329.85769 16.776 0.013
4330.88763 16.746 0.013
4330.88763 16.746 0.013
4332.90380 16.762 0.013
4332.90380 16.762 0.013
4334.88084 16.726 0.014
4334.88084 16.726 0.014
4339.87743 16.748 0.016
4339.87743 16.748 0.016
4340.80413 16.750 0.013
4340.80413 16.750 0.013
4341.79696 16.774 0.013
4341.79696 16.774 0.013
4342.87120 16.754 0.013
4342.87120 16.754 0.013
4343.79056 16.739 0.013
4343.79056 16.739 0.013
4344.77263 16.748 0.012
4344.77263 16.748 0.012
4346.72889 16.773 0.013
4346.72889 16.773 0.013
4348.73472 16.758 0.012
4348.73472 16.758 0.012
4350.71139 16.751 0.011
4350.71139 16.751 0.011
4353.66950 16.756 0.013
4353.66950 16.756 0.013
4354.79087 16.737 0.012
4354.79087 16.737 0.012
4359.72850 16.741 0.012
4359.72850 16.741 0.012
4362.67613 16.760 0.016
4362.67613 16.760 0.016
4363.63544 16.740 0.013
4363.63544 16.740 0.013
4365.69381 16.765 0.016
4365.69381 16.765 0.016
4369.68775 16.754 0.014
4369.68775 16.754 0.014
4371.67675 16.770 0.014
4371.67675 16.770 0.014
4376.68020 16.776 0.013
4376.68020 16.776 0.013
4378.64686 16.756 0.013
4378.64686 16.756 0.013
4379.67813 16.760 0.014
4379.67813 16.760 0.014
4381.63727 16.767 0.014
4381.63727 16.767 0.014
4382.71584 16.741 0.012
4382.71584 16.741 0.012
4386.69009 16.751 0.012
4386.69009 16.751 0.012
4388.69084 16.767 0.012
4388.69084 16.767 0.012
4390.69965 16.753 0.011
4390.69965 16.753 0.011
4393.69415 16.755 0.012
4393.69415 16.755 0.012
4396.66875 16.741 0.013
4396.66875 16.741 0.013
4398.67374 16.762 0.013
4398.67374 16.762 0.013
4400.69824 16.761 0.013
4400.69824 16.761 0.013
4404.67526 16.780 0.014
4404.67526 16.780 0.014
4407.66312 16.767 0.013
4407.66312 16.767 0.013
4410.69303 16.761 0.012
4410.69303 16.761 0.012
4415.67937 16.755 0.012
4415.67937 16.755 0.012
4418.62491 16.742 0.011
4418.62491 16.742 0.011
4421.68272 16.777 0.012
4421.68272 16.777 0.012
4423.68716 16.775 0.013
4423.68716 16.775 0.013
4426.56336 16.745 0.014
4426.56336 16.745 0.014
4428.58005 16.743 0.016
4428.58005 16.743 0.016
4430.64021 16.746 0.013
4430.64021 16.746 0.013
4432.62615 16.751 0.012
4432.62615 16.751 0.012
4434.63138 16.743 0.012
4434.63138 16.743 0.012
4436.60773 16.766 0.012
4436.60773 16.766 0.012
4438.67037 16.757 0.014
4438.67037 16.757 0.014
4442.56500 16.727 0.014
4442.56500 16.727 0.014
4444.58976 16.763 0.016
4444.58976 16.763 0.016
4450.62223 16.777 0.016
4450.62223 16.777 0.016
4452.59974 16.765 0.013
4452.59974 16.765 0.013
4454.53681 16.751 0.013
4454.53681 16.751 0.013
4455.60889 16.782 0.013
4455.60889 16.782 0.013
4457.54444 16.777 0.014
4457.54444 16.777 0.014
4459.56451 16.762 0.014
4459.56451 16.762 0.014
4462.59595 16.757 0.013
4462.59595 16.757 0.013
4466.62009 16.759 0.013
4466.62009 16.759 0.013
4471.55474 16.773 0.013
4471.55474 16.773 0.013
4475.54881 16.757 0.012
4475.54881 16.757 0.012
4482.59678 16.741 0.018
4482.59678 16.741 0.018
4485.60664 16.780 0.016
4485.60664 16.780 0.016
4488.60208 16.777 0.016
4488.60208 16.777 0.016
4609.92442 16.755 0.013
4609.92442 16.755 0.013
4643.90859 16.792 0.013
4643.90859 16.792 0.013
4650.94747 16.774 0.014
4650.94747 16.774 0.014
4655.92692 16.751 0.011
4655.92692 16.751 0.011
4662.80529 16.745 0.011
4662.80529 16.745 0.011
4662.92211 16.749 0.011
4662.92211 16.749 0.011
4663.77690 16.841 0.016
4663.77690 16.841 0.016
4663.92474 16.760 0.014
4663.92474 16.760 0.014
4665.85001 16.773 0.014
4665.85001 16.773 0.014
4665.94382 16.733 0.014
4665.94382 16.733 0.014
4666.94299 16.736 0.014
4666.94299 16.736 0.014
4670.93211 16.745 0.012
4670.93211 16.745 0.012
4671.90202 16.760 0.012
4671.90202 16.760 0.012
4676.93232 16.764 0.016
4676.93232 16.764 0.016
4677.84795 16.738 0.011
4677.84795 16.738 0.011
4682.82234 16.749 0.012
4682.82234 16.749 0.012
4684.86024 16.741 0.013
4684.86024 16.741 0.013
4686.82021 16.744 0.011
4686.82021 16.744 0.011
4688.83616 16.728 0.011
4688.83616 16.728 0.011
4690.76180 16.753 0.011
4690.76180 16.753 0.011
4691.76483 16.845 0.013
4691.76483 16.845 0.013
4696.91654 16.770 0.017
4696.91654 16.770 0.017
4697.83195 16.732 0.014
4697.83195 16.732 0.014
4698.78154 16.745 0.009
4698.78154 16.745 0.009
4699.77568 16.822 0.012
4699.77568 16.822 0.012
4700.81039 16.752 0.011
4700.81039 16.752 0.011
4701.81829 16.752 0.012
4701.81829 16.752 0.012
4703.77751 16.801 0.012
4703.77751 16.801 0.012
4704.79624 16.734 0.011
4704.79624 16.734 0.011
4705.80375 16.742 0.012
4705.80375 16.742 0.012
4707.79617 16.776 0.011
4707.79617 16.776 0.011
4709.75197 16.754 0.012
4709.75197 16.754 0.012
4710.78053 16.776 0.011
4710.78053 16.776 0.011
4715.76054 16.828 0.014
4715.76054 16.828 0.014
4716.84376 16.751 0.011
4716.84376 16.751 0.011
4717.71370 16.778 0.012
4717.71370 16.778 0.012
4719.80110 16.767 0.012
4719.80110 16.767 0.012
4721.79398 16.761 0.012
4721.79398 16.761 0.012
4724.67650 16.757 0.013
4724.67650 16.757 0.013
4725.75601 16.752 0.012
4725.75601 16.752 0.012
4728.76153 16.736 0.012
4728.76153 16.736 0.012
4733.73816 16.762 0.011
4733.73816 16.762 0.011
4740.67973 16.758 0.012
4740.67973 16.758 0.012
4741.71508 16.753 0.011
4741.71508 16.753 0.011
4747.61931 16.844 0.012
4747.61931 16.844 0.012
4749.61897 16.774 0.013
4749.61897 16.774 0.013
4753.68996 16.771 0.017
4753.68996 16.771 0.017
4755.68198 16.793 0.012
4755.68198 16.793 0.012
4757.66644 16.733 0.011
4757.66644 16.733 0.011
4759.68115 16.793 0.011
4759.68115 16.793 0.011
4761.64956 16.745 0.009
4761.64956 16.745 0.009
4763.66680 16.800 0.013
4763.66680 16.800 0.013
4767.60768 16.802 0.016
4767.60768 16.802 0.016
4770.67628 16.780 0.014
4770.67628 16.780 0.014
4772.61399 16.728 0.011
4772.61399 16.728 0.011
4774.56856 16.721 0.012
4774.56856 16.721 0.012
4776.56013 16.743 0.012
4776.56013 16.743 0.012
4777.66209 16.756 0.012
4777.66209 16.756 0.012
4780.53078 16.730 0.012
4780.53078 16.730 0.012
4781.64473 16.764 0.012
4781.64473 16.764 0.012
4783.59386 16.823 0.013
4783.59386 16.823 0.013
4785.62927 16.752 0.014
4785.62927 16.752 0.014
4787.58141 16.825 0.017
4787.58141 16.825 0.017
4789.56033 16.755 0.011
4789.56033 16.755 0.011
4791.54190 16.841 0.018
4791.54190 16.841 0.018
4793.54926 16.778 0.013
4793.54926 16.778 0.013
4795.56197 16.840 0.012
4795.56197 16.840 0.012
4797.55423 16.754 0.012
4797.55423 16.754 0.012
4798.61755 16.775 0.013
4798.61755 16.775 0.013
4800.66494 16.750 0.012
4800.66494 16.750 0.012
4802.57402 16.764 0.018
4802.57402 16.764 0.018
4803.55605 16.797 0.012
4803.55605 16.797 0.012
4804.61115 16.776 0.014
4804.61115 16.776 0.014
4805.53878 16.745 0.012
4805.53878 16.745 0.012
4805.59798 16.756 0.012
4805.59798 16.756 0.012
4806.58287 16.759 0.012
4806.58287 16.759 0.012
4806.62294 16.745 0.013
4806.62294 16.745 0.013
4807.53582 16.764 0.016
4807.53582 16.764 0.016
4807.60948 16.772 0.014
4807.60948 16.772 0.014
4808.57861 16.728 0.012
4808.57861 16.728 0.012
4808.62014 16.731 0.012
4808.62014 16.731 0.012
4809.56515 16.765 0.012
4809.56515 16.765 0.012
4809.63423 16.747 0.012
4809.63423 16.747 0.012
4810.54278 16.769 0.013
4810.54278 16.769 0.013
4811.58703 16.770 0.013
4811.58703 16.770 0.013
4812.62761 16.739 0.016
4812.62761 16.739 0.016
4813.56398 16.747 0.013
4813.56398 16.747 0.013
4815.59989 16.769 0.013
4815.59989 16.769 0.013
4816.54697 16.756 0.012
4816.54697 16.756 0.012
4818.59723 16.752 0.012
4818.59723 16.752 0.012
4820.53874 16.746 0.012
4820.53874 16.746 0.012
4822.59545 16.763 0.012
4822.59545 16.763 0.012
4824.58028 16.737 0.013
4824.58028 16.737 0.013
4826.63995 16.749 0.012
4826.63995 16.749 0.012
4833.57937 16.759 0.011
4833.57937 16.759 0.011
4835.60259 16.780 0.013
4835.60259 16.780 0.013
4837.61352 16.776 0.016
4837.61352 16.776 0.016
4841.58992 16.762 0.013
4841.58992 16.762 0.013
4843.58411 16.782 0.014
4843.58411 16.782 0.014
4844.53978 16.747 0.012
4844.53978 16.747 0.012
4846.59322 16.754 0.012
4846.59322 16.754 0.012
4847.54394 16.767 0.014
4847.54394 16.767 0.014
4848.62944 16.763 0.011
4848.62944 16.763 0.011
4849.54099 16.787 0.013
4849.54099 16.787 0.013
4849.64449 16.761 0.013
4849.64449 16.761 0.013
4850.58423 16.760 0.012
4850.58423 16.760 0.012
4850.61693 16.777 0.012
4850.61693 16.777 0.012
4850.64737 16.749 0.012
4850.64737 16.749 0.012
4854.60822 16.765 0.012
4854.60822 16.765 0.012
4856.62540 16.755 0.011
4856.62540 16.755 0.011
4862.57329 16.768 0.012
4862.57329 16.768 0.012
4868.56364 16.759 0.012
4868.56364 16.759 0.012
4948.92118 16.906 0.014
4948.92118 16.906 0.014
4954.92531 16.788 0.017
4954.92531 16.788 0.017
