2104.88767 19.003 0.051
2112.88129 18.988 0.076
2115.84972 19.068 0.086
2116.93213 19.124 0.073
2117.84885 18.960 0.054
2123.88620 19.009 0.068
2125.77122 18.778 0.100
2128.88581 19.201 0.108
2129.91370 18.902 0.056
2130.89077 18.826 0.052
2131.77972 19.082 0.073
2132.86261 18.846 0.063
2133.83554 19.259 0.098
2134.86812 19.157 0.099
2136.90886 19.315 0.096
2137.86743 19.270 0.124
2140.87149 19.030 0.072
2141.78171 19.198 0.110
2142.84013 19.173 0.078
2143.89115 19.014 0.075
2144.77115 19.392 0.072
2156.73197 18.895 0.069
2160.81159 18.725 0.052
2161.69043 18.949 0.066
2162.82389 19.089 0.059
2166.65190 19.034 0.070
2167.70798 19.154 0.063
2168.77030 19.184 0.077
2171.77734 19.094 0.055
2172.82107 19.245 0.068
2173.76457 19.036 0.053
2174.69095 19.084 0.062
2177.69643 19.272 0.084
2184.75769 19.015 0.078
2186.74600 19.196 0.107
2189.74761 18.911 0.082
2190.74773 18.947 0.059
2191.62172 19.236 0.076
2192.71543 19.024 0.042
2193.74265 18.886 0.038
2194.70734 19.212 0.067
2200.72236 19.228 0.064
2203.61028 19.007 0.065
2208.70678 19.372 0.115
2211.71333 19.241 0.087
2212.69916 18.858 0.053
2217.69372 19.021 0.080
2219.73049 19.023 0.084
2221.58238 19.269 0.100
2223.63245 19.010 0.078
2225.65008 19.006 0.058
2227.54333 19.189 0.127
2228.61131 19.008 0.061
2230.59841 19.141 0.073
2232.61869 19.096 0.063
2234.60403 19.019 0.066
2236.59316 18.983 0.066
2239.54204 18.960 0.079
2241.58563 19.079 0.071
2243.62385 18.914 0.064
2249.58473 19.081 0.051
2251.58632 18.785 0.054
2254.58770 18.913 0.050
2256.60590 19.132 0.085
2263.54437 19.222 0.104
2265.57973 19.099 0.062
2270.60412 19.068 0.055
2274.58499 18.864 0.073
2276.59569 18.976 0.073
2278.57238 19.120 0.073
2283.60250 19.154 0.068
2285.62406 18.819 0.048
2290.55570 19.173 0.082
2292.61545 19.353 0.105
2294.62002 19.235 0.102
2296.58030 19.166 0.115
2298.58883 19.098 0.095
2300.58406 19.386 0.106
2303.56784 19.127 0.116
2453.89625 18.842 0.081
2462.90003 19.034 0.071
2464.90063 18.964 0.052
2466.89304 19.138 0.102
2468.88906 19.194 0.074
2470.87826 18.880 0.045
2472.86067 18.808 0.050
2483.94583 19.171 0.113
2488.76591 18.969 0.078
2489.82819 18.976 0.077
2490.82421 19.342 0.130
2492.80987 19.069 0.078
2496.80802 19.150 0.063
2497.83077 19.059 0.077
2498.83094 18.999 0.052
2499.91866 19.182 0.062
2500.92439 19.158 0.079
2501.91505 19.019 0.058
2502.89093 19.160 0.071
2511.75530 18.941 0.083
2516.88066 19.259 0.091
2517.88117 19.104 0.066
2518.85706 18.928 0.059
2519.76845 19.093 0.060
2520.84878 19.028 0.064
2521.73861 19.078 0.069
2524.76424 19.214 0.102
2529.74608 19.286 0.075
2535.75240 19.207 0.083
2537.75890 18.903 0.087
2537.77786 18.851 0.084
2538.85556 19.002 0.084
2538.86357 18.994 0.089
2539.75416 18.925 0.062
2540.80108 18.733 0.078
2541.76953 19.145 0.079
2542.73595 18.874 0.054
2544.71853 19.106 0.056
2545.73333 18.896 0.047
2547.74735 19.041 0.064
2548.76803 18.992 0.061
2550.76308 19.024 0.054
2551.75051 19.141 0.064
2552.76564 19.272 0.077
2553.70641 19.062 0.077
2554.75890 19.134 0.065
2555.76685 19.109 0.057
2556.74601 19.007 0.052
2557.75840 19.174 0.063
2558.71485 19.037 0.056
2559.67198 19.092 0.065
2560.70502 19.162 0.065
2561.75047 18.998 0.084
2562.72321 18.973 0.060
2563.73118 19.207 0.082
2564.75856 18.911 0.069
2565.74872 18.907 0.062
2566.72356 19.082 0.074
2573.71515 18.747 0.076
2574.70263 19.236 0.068
2576.74181 18.815 0.052
2577.70029 19.116 0.087
2578.68226 19.019 0.082
2579.69284 19.377 0.098
2580.70443 19.298 0.085
2583.68122 19.041 0.071
2584.68389 19.079 0.066
2587.66546 19.075 0.071
2588.67807 19.159 0.077
2589.67022 19.091 0.068
2590.67867 19.150 0.074
2591.70595 19.150 0.077
2593.66300 19.154 0.080
2594.66996 19.123 0.077
2596.64393 19.128 0.122
2597.63094 18.935 0.082
2598.70932 18.842 0.054
2599.67292 19.121 0.093
2609.53326 19.198 0.087
2611.58250 19.201 0.134
2614.54742 19.125 0.083
2618.57899 19.225 0.085
2622.55575 19.040 0.064
2626.51961 19.137 0.185
2629.56539 19.068 0.096
2640.54918 19.220 0.089
2643.55184 19.294 0.077
2649.55804 19.067 0.064
2652.54372 19.219 0.106
2655.55505 19.265 0.120
2658.53191 18.945 0.132
2662.53548 18.757 0.084
2665.54633 18.927 0.064
2670.53266 18.868 0.090
2674.55711 19.323 0.093
2677.54066 19.185 0.126
2678.68220 19.332 0.112
2680.54778 19.212 0.110
2684.52736 19.314 0.138
2804.81291 18.957 0.120
2805.90829 19.036 0.128
2812.92327 19.191 0.095
2815.93368 19.177 0.064
2818.94600 19.311 0.096
2829.88032 19.088 0.068
2831.88117 19.094 0.080
2832.84518 19.008 0.063
2833.92227 18.910 0.078
2836.91140 18.847 0.082
2837.92567 19.342 0.141
2838.91330 19.130 0.100
2840.86203 19.108 0.066
2843.88617 19.162 0.071
2844.92741 19.035 0.061
2848.85333 19.390 0.136
2849.91211 19.039 0.064
2851.83909 19.189 0.088
2852.87225 18.909 0.074
2854.88359 19.123 0.065
2857.89097 19.202 0.078
2859.87826 18.956 0.053
2860.93062 19.220 0.066
2861.80252 18.873 0.051
2862.85125 19.303 0.100
2863.89027 19.068 0.098
2865.77558 19.101 0.088
2866.77157 18.935 0.060
2872.79503 19.068 0.050
2879.82665 19.134 0.049
2884.77547 19.160 0.054
2886.78834 18.848 0.056
2888.73154 18.804 0.045
2890.77001 19.024 0.092
2893.79874 19.103 0.069
2895.77264 19.150 0.057
2897.75716 18.998 0.061
2899.78950 19.010 0.048
2903.80849 19.003 0.039
2908.73463 19.085 0.058
2910.72888 19.038 0.070
2912.73472 19.091 0.052
2916.74758 18.940 0.040
2918.72459 19.062 0.063
2922.72752 18.875 0.064
2924.72378 18.998 0.065
2926.65919 19.214 0.091
2929.72057 19.157 0.072
2931.69806 19.263 0.060
2933.70861 18.983 0.041
2935.67273 19.021 0.065
2937.70220 19.180 0.087
2939.63751 19.225 0.078
2941.66473 19.034 0.051
2943.66093 19.042 0.064
2944.66341 18.953 0.073
2946.64350 18.997 0.060
2947.67129 18.875 0.074
2949.65217 18.958 0.056
2951.68471 19.143 0.078
2953.63270 19.155 0.075
2955.61731 18.819 0.076
2957.63356 19.095 0.059
2960.65119 18.855 0.053
2964.66383 18.874 0.064
2966.60761 18.987 0.050
2969.63290 19.195 0.090
2971.65973 19.148 0.079
2974.53449 18.878 0.063
2976.56758 19.247 0.092
2978.55544 19.096 0.089
2980.61027 18.937 0.083
2982.57499 18.937 0.068
2984.60583 19.026 0.092
2986.61838 18.765 0.053
2989.56988 19.157 0.074
2992.58602 19.239 0.079
2996.59137 19.104 0.060
2999.58820 18.923 0.061
3003.53243 19.072 0.124
3006.57932 19.177 0.058
3009.57140 19.202 0.091
3013.58386 19.027 0.071
3017.57255 18.916 0.056
3020.54730 19.184 0.064
3022.57492 18.824 0.063
3024.57402 18.951 0.064
3026.54425 19.153 0.071
3028.54503 19.127 0.083
3030.54877 18.986 0.064
3032.56591 19.130 0.073
3034.56543 19.126 0.057
3038.55650 18.949 0.073
3180.91941 18.941 0.051
3184.91124 19.026 0.071
3193.93543 18.957 0.056
3196.90640 19.001 0.057
3202.89893 18.994 0.060
3204.86899 18.915 0.065
3206.88181 19.078 0.075
3211.79327 19.246 0.084
3211.83016 19.098 0.058
3216.78405 19.019 0.087
3217.83415 18.998 0.107
3222.87684 19.157 0.070
3224.83081 19.040 0.051
3228.80874 19.079 0.074
3230.78629 19.203 0.050
3238.81330 18.873 0.056
3239.85268 19.117 0.058
3241.75486 19.038 0.057
3242.79077 18.933 0.068
3244.72778 19.053 0.069
3245.83161 19.138 0.070
3246.82857 18.867 0.060
3248.73338 19.066 0.058
3250.79432 19.212 0.058
3253.74796 19.161 0.081
3256.73101 19.186 0.069
3260.70371 19.101 0.069
3262.73960 19.026 0.041
3264.69136 19.062 0.042
3266.76228 19.106 0.064
3268.69575 18.955 0.044
3270.75960 19.002 0.059
3271.72337 18.844 0.051
3273.68219 18.899 0.058
3275.67265 19.191 0.103
3276.76670 18.948 0.078
3278.63126 19.059 0.083
3280.67881 19.205 0.053
3282.66953 19.083 0.035
3286.63257 19.068 0.053
3288.64627 19.090 0.047
3291.62141 19.099 0.067
3294.63326 19.078 0.058
3296.60054 19.178 0.071
3298.60946 18.779 0.045
3300.61000 19.022 0.064
3302.59111 19.197 0.078
3305.68707 18.944 0.051
3307.60361 18.952 0.084
3309.62434 18.948 0.049
3311.57997 19.070 0.054
3315.61344 19.044 0.051
3320.65688 19.029 0.049
3323.61359 18.967 0.049
3324.62334 19.041 0.058
3329.55680 18.767 0.046
3334.57305 18.928 0.063
3336.56893 19.040 0.064
3341.61586 19.072 0.061
3350.57158 19.128 0.056
3354.60359 18.952 0.055
3360.58346 18.935 0.056
3366.62304 19.035 0.067
3372.60755 18.934 0.051
3376.58331 19.018 0.057
3379.60072 19.018 0.064
3387.53617 18.957 0.094
3395.56851 19.417 0.122
3399.55534 18.828 0.074
3403.54645 19.273 0.101
3543.92508 19.106 0.073
3552.87607 19.102 0.084
3558.92966 19.044 0.052
3562.92416 18.934 0.040
3568.91568 18.807 0.049
3570.87546 18.849 0.071
3571.86406 18.892 0.080
3573.90992 19.070 0.108
3575.86900 19.108 0.064
3578.93919 19.146 0.061
3579.86681 19.077 0.055
3581.93576 19.120 0.063
3582.76410 19.324 0.064
3589.84655 18.909 0.051
3590.87684 18.979 0.040
3592.81848 18.967 0.036
3594.85580 19.112 0.055
3603.76733 18.969 0.048
3607.86000 18.881 0.045
3617.81627 19.036 0.045
3619.79220 19.109 0.045
3621.78930 19.115 0.052
3621.83474 19.043 0.051
3625.78767 18.936 0.046
3628.73787 18.895 0.069
3630.70444 19.042 0.067
3632.73337 18.967 0.070
3634.64690 19.352 0.075
3637.72111 19.170 0.077
3640.68651 19.246 0.057
3642.68446 18.986 0.072
3644.71730 19.174 0.047
3646.73105 19.241 0.075
3650.74673 19.164 0.049
3652.69519 19.133 0.051
3654.66844 19.131 0.052
3656.74207 18.910 0.051
3657.74546 18.941 0.047
3659.70721 18.743 0.077
3661.63379 18.910 0.060
3664.70390 18.983 0.038
3666.70291 19.342 0.065
3668.68719 19.158 0.060
3670.66783 19.000 0.055
3672.62802 18.977 0.055
3674.75988 19.059 0.051
3676.65324 19.185 0.061
3682.62678 19.138 0.106
3684.64037 18.834 0.043
3686.60990 19.020 0.057
3688.58275 19.082 0.058
3690.59630 19.131 0.069
3693.59448 19.033 0.065
3695.59052 19.075 0.068
3697.58100 18.939 0.066
3699.58078 19.261 0.066
3701.61482 18.942 0.054
3703.61988 18.989 0.043
3705.63021 19.210 0.057
3707.59675 19.196 0.057
3712.65738 18.987 0.058
3715.59832 18.952 0.046
3717.57698 18.973 0.073
3720.61273 18.937 0.066
3724.58202 19.234 0.073
3726.60238 18.788 0.047
3731.54224 19.069 0.078
3735.58124 19.284 0.059
3739.54373 18.987 0.068
3743.55780 19.314 0.102
3748.56140 18.863 0.090
3753.55842 19.051 0.084
3759.56326 18.884 0.062
3763.54807 19.223 0.063
3769.52589 19.249 0.105
3773.55180 19.119 0.072
3778.52654 19.195 0.095
3903.91027 18.990 0.062
3908.92829 18.958 0.040
3915.92364 19.193 0.058
3918.94296 19.361 0.100
3933.83470 19.080 0.057
3935.83112 19.102 0.050
3937.86903 19.217 0.078
3945.83844 18.915 0.054
3950.85647 18.834 0.041
3957.81195 18.870 0.078
3959.81176 19.207 0.076
3961.79675 18.931 0.065
3964.80385 19.036 0.038
3966.79638 19.028 0.042
3968.78967 19.162 0.057
3970.78122 19.090 0.041
3973.75220 19.119 0.058
3975.76550 18.851 0.051
3980.69799 18.807 0.052
3981.69793 19.197 0.054
3982.76228 19.136 0.074
3986.73934 18.955 0.056
3989.84205 18.863 0.061
3991.78023 19.218 0.074
3994.69200 18.940 0.054
3998.81948 19.320 0.070
4001.68657 19.036 0.041
4003.65014 19.106 0.048
4005.72511 18.973 0.042
4007.61903 19.025 0.058
4008.64902 18.809 0.035
4011.67667 18.785 0.041
4014.67472 19.098 0.074
4016.65584 18.981 0.058
4018.65224 19.138 0.066
4020.69152 19.356 0.076
4023.64167 19.310 0.095
4025.64200 19.072 0.058
4027.63016 19.094 0.054
4029.61232 19.039 0.050
4031.59928 19.151 0.058
4036.65807 18.869 0.052
4038.63119 18.978 0.053
4040.56947 19.035 0.075
4042.63833 18.901 0.051
4045.52089 19.252 0.101
4047.59246 18.930 0.067
4049.56510 19.099 0.051
4051.61472 19.149 0.065
4053.58912 19.173 0.042
4055.55471 19.149 0.094
4057.55779 19.156 0.083
4060.53604 18.947 0.048
4064.58124 18.976 0.038
4066.53857 18.848 0.054
4068.60268 18.981 0.048
4071.57063 18.952 0.062
4073.57754 19.190 0.092
4075.62259 18.802 0.046
4077.59504 18.936 0.057
4079.57846 19.210 0.070
4083.54960 18.980 0.068
4087.60765 19.268 0.064
4095.57174 19.115 0.054
4100.54916 18.743 0.053
4105.62583 18.984 0.053
4107.56693 19.089 0.057
4108.61301 18.884 0.046
4112.56729 19.344 0.080
4119.56933 19.075 0.065
4120.60012 19.139 0.053
4122.58873 19.121 0.069
4127.58096 19.087 0.059
4253.90653 19.320 0.124
4255.92663 19.002 0.094
4258.90763 19.039 0.100
4273.92774 19.122 0.103
4279.75670 18.968 0.105
4282.84327 18.983 0.067
4283.81139 19.317 0.104
4284.91315 19.175 0.091
4289.88401 19.112 0.076
4292.91747 19.170 0.053
4295.91131 19.100 0.060
4296.94560 19.124 0.077
4298.86466 19.044 0.075
4299.90808 18.935 0.042
4300.93034 18.869 0.047
4302.83082 18.811 0.048
4303.83958 19.143 0.056
4307.78017 19.087 0.064
4308.71132 19.165 0.078
4308.91872 18.857 0.045
4310.89043 18.944 0.074
4314.82095 19.295 0.092
4316.88081 18.985 0.068
4320.81252 19.046 0.083
4326.89074 19.139 0.079
4327.91239 18.966 0.087
4328.88230 19.129 0.099
4329.89850 19.133 0.075
4330.93128 19.070 0.092
4331.88029 19.058 0.085
4333.91447 18.974 0.066
4336.87691 18.800 0.071
4339.88476 18.863 0.076
4340.86964 19.146 0.080
4342.84244 19.107 0.084
4344.80292 19.019 0.058
4346.77629 19.084 0.064
4348.76000 19.190 0.062
4350.73682 19.188 0.058
4353.69505 19.066 0.071
4355.75370 18.897 0.063
4358.69688 19.113 0.070
4362.70465 18.880 0.064
4363.71193 18.810 0.057
4365.70135 18.976 0.089
4369.73544 18.978 0.085
4370.69551 19.145 0.091
4373.70716 19.128 0.064
4376.70558 19.020 0.071
4378.67246 19.207 0.070
4379.70406 19.078 0.087
4381.66275 19.154 0.100
4383.69138 19.146 0.067
4386.71751 19.070 0.058
4388.71617 18.881 0.061
4391.53930 19.109 0.079
4394.63354 19.170 0.070
4396.69639 18.863 0.061
4398.69925 19.157 0.087
4402.68423 18.872 0.052
4404.70086 19.192 0.089
4409.68846 19.278 0.079
4412.63316 19.198 0.087
4415.72425 18.975 0.083
4417.67423 19.262 0.072
4420.66103 19.048 0.070
4423.65117 19.153 0.076
4426.53272 18.911 0.086
4426.70472 19.255 0.115
4428.59166 19.351 0.112
4430.61158 18.985 0.061
4432.59747 18.966 0.055
4434.63890 19.224 0.064
4436.61553 19.256 0.076
4438.62341 19.032 0.073
4440.62928 19.141 0.086
4442.59072 19.142 0.082
4444.61525 18.997 0.081
4450.59353 19.038 0.082
4452.62545 18.835 0.060
4454.60665 19.008 0.069
4456.60153 19.250 0.114
4457.63037 19.018 0.084
4460.57901 18.759 0.058
4462.60392 19.151 0.083
4464.59852 19.173 0.069
4471.57180 19.010 0.069
4473.55975 19.341 0.097
4475.62307 19.184 0.081
4480.60705 19.009 0.071
4482.60925 19.136 0.109
4484.61953 19.099 0.128
4486.63132 19.029 0.096
4490.56050 19.122 0.070
4643.93391 19.077 0.074
4651.91033 18.809 0.055
4655.83128 19.175 0.061
4661.92997 19.254 0.087
4662.85359 18.937 0.045
4663.80224 19.129 0.089
4665.87537 19.106 0.092
4671.90931 19.035 0.068
4674.81408 19.168 0.082
4677.87314 19.092 0.065
4682.84751 18.859 0.073
4682.85852 18.865 0.053
4684.88560 19.062 0.057
4686.84565 19.087 0.045
4688.86179 18.836 0.043
4690.78730 18.963 0.058
4691.79054 19.189 0.078
4694.76518 19.079 0.117
4699.80213 19.204 0.065
4700.83611 19.198 0.059
4701.84385 18.957 0.058
4702.74990 19.152 0.084
4703.80314 18.999 0.060
4704.82151 19.017 0.051
4705.82923 19.195 0.093
4707.81042 18.995 0.061
4709.78107 18.937 0.043
4715.78603 18.850 0.052
4717.74067 19.150 0.063
4720.71969 19.055 0.064
4724.68399 19.226 0.097
4726.67804 19.221 0.083
4730.73244 19.194 0.045
4740.70985 18.873 0.046
4743.70756 18.835 0.038
4748.69371 18.853 0.048
4750.72641 19.156 0.125
4754.65198 19.185 0.091
4756.68213 18.940 0.064
4758.64172 19.204 0.058
4760.62844 19.188 0.058
4762.61842 19.113 0.071
4767.67470 19.060 0.068
4771.56895 19.335 0.089
4772.63953 19.035 0.071
4774.63599 19.204 0.081
4776.58642 19.027 0.089
4778.58871 18.969 0.055
4780.60640 19.081 0.078
4782.55818 19.273 0.078
4783.61989 19.050 0.077
4786.54088 18.902 0.069
4789.60400 19.011 0.051
4791.56820 19.120 0.064
4793.57492 19.137 0.065
4795.60919 19.122 0.057
4797.58230 19.139 0.090
4799.58873 19.066 0.083
4801.56534 18.900 0.051
4802.63208 19.138 0.076
4803.60452 19.060 0.060
4805.54700 19.060 0.063
4807.56556 18.724 0.072
4809.59063 18.911 0.051
4811.61256 19.145 0.085
4814.57030 19.088 0.078
4816.57252 19.248 0.074
4818.55037 19.270 0.096
4820.56454 19.027 0.066
4822.63733 19.204 0.068
4824.60624 19.132 0.084
4831.58235 19.051 0.079
4834.61592 19.117 0.102
4838.61517 18.851 0.059
4841.59769 18.895 0.073
4843.59515 18.949 0.081
4846.60087 18.755 0.056
4848.63717 19.016 0.060
4850.62467 19.127 0.071
4853.62038 19.112 0.078
4856.59611 19.071 0.071
4864.57375 19.242 0.073
4868.59351 19.010 0.070
4870.53299 19.126 0.102
4873.54864 19.046 0.076
