2090.93315 19.626 0.159
2104.91767 19.484 0.070
2112.86594 19.464 0.092
2115.83472 19.575 0.128
2117.83368 19.601 0.083
2123.90464 19.666 0.118
2128.91146 19.292 0.096
2129.89883 19.491 0.083
2131.76486 19.380 0.094
2132.88939 19.492 0.099
2134.89647 19.538 0.101
2135.90919 19.366 0.070
2137.85367 19.501 0.115
2140.89430 19.394 0.076
2141.80572 19.435 0.118
2142.82606 19.541 0.100
2144.75582 19.346 0.067
2156.75457 19.406 0.105
2161.71316 19.749 0.162
2162.85143 19.404 0.092
2166.68310 19.418 0.086
2167.69310 19.366 0.077
2168.79286 19.224 0.072
2169.79019 19.458 0.105
2171.80767 19.355 0.060
2172.84364 19.134 0.056
2173.78710 19.575 0.080
2174.67572 19.510 0.087
2177.72424 19.585 0.089
2184.78026 19.521 0.132
2185.74383 19.360 0.118
2187.61337 19.073 0.075
2189.77020 19.295 0.092
2192.73601 19.466 0.055
2193.76317 19.221 0.058
2194.72779 19.536 0.084
2200.74488 19.544 0.067
2203.63300 19.239 0.062
2211.73510 19.506 0.096
2212.72885 19.304 0.093
2217.71414 19.507 0.099
2221.60315 19.526 0.091
2223.65359 19.347 0.085
2226.56884 19.509 0.112
2228.63176 19.177 0.063
2230.61878 19.359 0.076
2232.63932 19.438 0.078
2234.62452 19.257 0.073
2236.61362 19.439 0.083
2239.56245 19.320 0.086
2241.61399 19.693 0.106
2243.64452 19.340 0.112
2249.61176 19.434 0.060
2251.56848 19.418 0.082
2254.60805 19.407 0.070
2257.57006 19.619 0.092
2263.56515 19.425 0.081
2265.61380 19.518 0.075
2271.60312 19.532 0.100
2273.60175 19.408 0.110
2277.60869 19.531 0.077
2283.62347 19.296 0.080
2289.62230 19.375 0.062
2291.62830 19.333 0.075
2293.62403 19.630 0.106
2295.62091 19.424 0.083
2296.60338 19.472 0.128
2298.61119 19.380 0.092
2300.60885 19.519 0.099
2303.59836 19.321 0.089
2453.92600 19.347 0.115
2462.92263 19.469 0.101
2464.93292 19.152 0.051
2466.91583 19.324 0.134
2468.91166 19.445 0.084
2470.90099 19.438 0.067
2472.83461 19.647 0.122
2481.80758 19.547 0.150
2485.84274 19.388 0.109
2489.85100 19.308 0.106
2492.83245 19.401 0.096
2495.82049 19.463 0.088
2496.83106 19.338 0.064
2497.85445 19.136 0.072
2498.85396 19.580 0.079
2500.79285 19.534 0.112
2501.93769 19.307 0.110
2502.76266 19.409 0.083
2511.78123 19.540 0.115
2516.90853 19.459 0.110
2517.90646 19.463 0.085
2518.87973 19.415 0.086
2519.75230 19.081 0.027
2521.76359 19.241 0.067
2524.69512 19.490 0.105
2529.73102 19.333 0.057
2535.77522 19.477 0.088
2537.80085 19.468 0.129
2538.88428 19.399 0.111
2539.77506 19.603 0.096
2540.82382 19.576 0.111
2541.79046 19.419 0.074
2542.75675 19.462 0.075
2544.74118 19.496 0.080
2545.75401 19.499 0.083
2547.76800 19.334 0.065
2548.79066 19.493 0.086
2550.78561 19.468 0.090
2551.77362 19.314 0.067
2552.78839 19.233 0.072
2553.72897 19.295 0.100
2554.78188 19.292 0.067
2555.78949 19.199 0.059
2556.76950 19.421 0.066
2557.78376 19.287 0.073
2558.73760 19.521 0.080
2560.73179 19.325 0.058
2561.77315 19.467 0.086
2563.75393 19.435 0.093
2564.78174 19.645 0.115
2565.76979 19.409 0.090
2566.74979 19.642 0.118
2571.73297 19.353 0.088
2573.73635 19.250 0.086
2574.72355 19.262 0.067
2576.76457 19.348 0.086
2577.72571 19.427 0.106
2578.70303 19.477 0.111
2579.71857 19.214 0.084
2580.61098 19.472 0.090
2583.71853 19.505 0.112
2584.70482 19.317 0.091
2587.68860 19.267 0.063
2588.70120 19.402 0.089
2589.69387 19.270 0.077
2590.70721 19.206 0.070
2591.72965 19.469 0.090
2593.73765 19.528 0.111
2594.69266 19.561 0.123
2596.66697 19.491 0.146
2598.54602 19.308 0.081
2599.69565 19.483 0.112
2609.55707 19.206 0.079
2611.60520 19.319 0.102
2618.61065 19.520 0.089
2622.57809 19.388 0.080
2624.62886 19.775 0.144
2627.56086 19.424 0.111
2630.57420 19.510 0.128
2636.60017 19.461 0.095
2637.54708 19.404 0.096
2640.57022 19.296 0.089
2649.58205 19.611 0.094
2652.56511 19.399 0.097
2655.57581 19.444 0.149
2659.53909 19.406 0.089
2662.56928 19.272 0.087
2666.55975 19.254 0.080
2670.56924 19.121 0.082
2674.57785 19.445 0.086
2677.56344 19.309 0.105
2683.57704 19.278 0.099
2804.79248 19.679 0.240
2805.93353 19.590 0.157
2812.94726 19.501 0.168
2813.94800 19.767 0.200
2816.92328 19.384 0.096
2819.91878 19.233 0.064
2829.90273 19.499 0.087
2831.90343 19.492 0.092
2832.86764 19.481 0.083
2833.94533 19.286 0.118
2835.93506 19.411 0.098
2836.93375 19.329 0.105
2838.89850 19.576 0.148
2841.89061 19.322 0.070
2843.91366 19.530 0.089
2844.94977 19.416 0.156
2848.88536 19.568 0.120
2849.93910 19.514 0.095
2851.86142 19.366 0.105
2852.89457 19.365 0.092
2854.90590 19.523 0.073
2859.90054 19.361 0.061
2861.82637 19.442 0.066
2862.83643 19.809 0.138
2863.91261 19.577 0.147
2865.76091 19.382 0.114
2866.75688 19.513 0.094
2868.84624 19.435 0.075
2869.92859 19.370 0.092
2872.81727 19.389 0.062
2877.82622 19.326 0.065
2879.84914 19.483 0.066
2884.79808 19.482 0.060
2886.81068 19.255 0.071
2890.75515 19.421 0.109
2893.82357 19.439 0.084
2895.75782 19.518 0.069
2897.78434 19.473 0.099
2900.77362 19.608 0.063
2903.83052 19.453 0.064
2906.77899 19.570 0.064
2908.75670 19.316 0.064
2910.75104 19.220 0.067
2916.77102 19.231 0.050
2918.75239 19.281 0.076
2922.74984 19.513 0.108
2924.74610 19.358 0.089
2926.68168 19.344 0.079
2929.74335 19.427 0.073
2931.72043 19.429 0.058
2933.73106 19.453 0.054
2935.69528 19.275 0.067
2939.62282 19.404 0.089
2942.69588 19.394 0.077
2944.64836 19.682 0.133
2946.66237 19.384 0.075
2947.69610 19.450 0.110
2949.67439 19.348 0.083
2950.62689 19.422 0.076
2951.70701 19.382 0.089
2953.66270 19.388 0.088
2955.63959 19.907 0.179
2957.65571 19.366 0.080
2958.64532 19.535 0.077
2960.67346 19.563 0.098
2961.61654 19.478 0.123
2966.62984 19.484 0.073
2970.57738 19.188 0.058
2972.62006 19.508 0.092
2974.55757 19.513 0.105
2976.59085 19.423 0.102
2978.54012 19.367 0.111
2980.63261 19.540 0.109
2983.54528 19.295 0.091
2986.56263 19.353 0.071
2989.59202 19.421 0.094
2991.56115 19.300 0.090
2994.54219 19.344 0.082
2998.58111 19.191 0.078
3002.58168 19.739 0.150
3005.57296 19.330 0.081
3008.58049 19.425 0.092
3011.58389 19.340 0.119
3015.59389 19.615 0.083
3017.59553 19.360 0.070
3020.56940 19.254 0.061
3022.59709 19.433 0.112
3024.59608 19.554 0.089
3026.56647 19.266 0.073
3028.56737 19.275 0.073
3030.57522 19.468 0.075
3032.58808 19.434 0.101
3035.54611 19.669 0.131
3038.57881 19.510 0.140
3180.94140 19.518 0.077
3184.93342 19.275 0.076
3194.87835 19.347 0.070
3196.93398 19.659 0.100
3202.92105 19.600 0.089
3204.89104 19.569 0.092
3206.90399 19.190 0.072
3211.81555 19.151 0.069
3216.80620 19.381 0.112
3217.91452 19.149 0.080
3224.85279 19.419 0.065
3230.80833 19.381 0.057
3238.83556 19.441 0.101
3239.87516 19.165 0.061
3241.73646 19.191 0.073
3242.81282 19.645 0.117
3244.74982 19.211 0.088
3245.85365 19.524 0.114
3246.85061 19.501 0.095
3248.75560 19.484 0.081
3250.81678 19.312 0.051
3253.77049 19.839 0.125
3256.75361 19.657 0.096
3258.76318 19.404 0.086
3260.75775 19.420 0.075
3262.76736 19.398 0.062
3264.71364 19.528 0.057
3266.78463 19.276 0.068
3268.71789 19.270 0.054
3270.78779 19.553 0.080
3271.74564 19.286 0.069
3273.70428 19.422 0.098
3276.78869 19.448 0.108
3278.66904 19.611 0.109
3280.70102 19.674 0.078
3282.69606 19.382 0.049
3286.65476 19.605 0.081
3288.66837 19.593 0.081
3291.64356 19.416 0.081
3294.65520 19.737 0.107
3296.62258 19.164 0.052
3298.63200 19.302 0.062
3300.63215 19.444 0.083
3302.61320 19.656 0.115
3305.70904 19.425 0.069
3307.62573 19.540 0.144
3309.64639 19.268 0.055
3311.60217 19.463 0.066
3315.63583 19.372 0.071
3321.52197 19.909 0.204
3324.60722 19.383 0.083
3329.57913 19.356 0.067
3334.59560 19.547 0.150
3336.59419 19.519 0.098
3350.59451 19.371 0.061
3355.61159 19.329 0.064
3360.61242 19.416 0.074
3369.59525 19.481 0.085
3372.62976 19.506 0.072
3379.58544 19.444 0.089
3387.58227 19.264 0.084
3395.59081 19.386 0.105
3399.54046 19.515 0.128
3403.57245 19.654 0.129
3544.95004 19.369 0.102
3547.93611 19.759 0.110
3552.90058 19.611 0.147
3560.88624 19.465 0.057
3564.84906 19.208 0.060
3569.85602 19.225 0.060
3570.90263 19.122 0.070
3571.89409 19.456 0.096
3573.93707 19.103 0.090
3575.89512 19.257 0.067
3577.92952 19.439 0.076
3579.89710 19.394 0.065
3582.89334 19.580 0.099
3585.86386 19.514 0.048
3590.85816 19.601 0.063
3591.89527 19.286 0.045
3592.84408 19.378 0.042
3596.87264 19.453 0.076
3603.80392 19.259 0.062
3608.85039 19.356 0.065
3615.86492 19.543 0.071
3618.86481 19.540 0.067
3620.86845 19.344 0.051
3622.82574 19.101 0.060
3625.81202 19.205 0.056
3628.71959 19.717 0.129
3630.73302 19.158 0.081
3634.66975 19.463 0.083
3638.73531 19.442 0.070
3640.71482 19.383 0.058
3644.74322 19.352 0.048
3646.75289 19.686 0.110
3650.76864 19.247 0.054
3652.72113 19.231 0.055
3654.72389 19.262 0.057
3656.76842 19.450 0.077
3658.72658 19.214 0.065
3659.73841 19.389 0.103
3661.68496 19.497 0.087
3664.75872 19.463 0.057
3666.75393 19.446 0.084
3668.70921 19.434 0.080
3670.69075 19.416 0.083
3672.65874 19.471 0.080
3674.78209 19.325 0.064
3676.68476 19.296 0.070
3682.65561 19.283 0.093
3684.67548 19.174 0.057
3686.63598 19.435 0.084
3688.60875 19.319 0.061
3690.63503 19.230 0.092
3693.62054 19.377 0.087
3695.61748 19.408 0.068
3697.56543 19.407 0.095
3699.61152 19.626 0.083
3701.64093 19.308 0.067
3703.64588 19.505 0.064
3705.52970 19.354 0.058
3707.55571 19.511 0.092
3712.67943 19.469 0.085
3714.55123 19.300 0.080
3716.53515 19.590 0.128
3720.59451 19.276 0.082
3724.63736 19.360 0.082
3726.63754 19.599 0.087
3731.56419 19.379 0.078
3736.56997 19.452 0.069
3741.56043 19.476 0.079
3745.56413 19.278 0.092
3755.56103 19.437 0.127
3760.56879 19.438 0.085
3764.58251 19.316 0.069
3769.55178 19.289 0.067
3774.53163 19.747 0.149
3778.54912 19.301 0.091
3903.93219 19.197 0.059
3909.92578 19.283 0.063
3915.94624 19.347 0.069
3920.91903 19.360 0.057
3933.85662 19.432 0.070
3935.85300 19.569 0.095
3937.89118 19.374 0.078
3945.82386 19.565 0.091
3950.87855 19.311 0.055
3957.84442 19.370 0.128
3959.83982 19.404 0.091
3961.82102 19.267 0.096
3964.82542 19.302 0.041
3966.81803 19.311 0.055
3968.81116 19.492 0.063
3970.80275 19.576 0.058
3973.77396 19.575 0.071
3975.79079 19.268 0.060
3980.71950 19.268 0.076
3981.71943 19.596 0.079
3982.78529 19.527 0.094
3986.76097 19.164 0.062
3991.67054 19.471 0.078
3994.71565 19.532 0.084
3998.84189 19.621 0.089
4001.70813 19.535 0.060
4003.67210 19.472 0.058
4005.74675 19.315 0.052
4008.67052 19.372 0.047
4011.69841 19.564 0.099
4014.70407 19.311 0.111
4016.67802 19.293 0.076
4018.67387 19.365 0.075
4020.71320 19.463 0.063
4023.66331 19.621 0.092
4025.71157 19.449 0.069
4027.65173 19.344 0.065
4029.63686 19.464 0.082
4031.62101 19.462 0.067
4036.67959 19.412 0.063
4038.65275 19.540 0.080
4040.59229 19.142 0.061
4042.66020 19.297 0.075
4045.55314 19.486 0.125
4047.61413 19.526 0.100
4049.62848 19.180 0.051
4051.63736 19.509 0.096
4053.57488 19.514 0.058
4055.57634 19.472 0.118
4057.54349 19.529 0.125
4060.55855 19.572 0.074
4064.60300 19.373 0.051
4066.57980 19.735 0.083
4069.57362 19.728 0.108
4072.53034 19.333 0.121
4075.54580 19.364 0.076
4077.58065 19.738 0.110
4079.60798 19.354 0.073
4083.53522 19.362 0.099
4087.62927 19.449 0.073
4096.61790 19.360 0.101
4100.57186 19.349 0.099
4107.58905 19.205 0.066
4108.59790 19.519 0.065
4113.63030 19.484 0.080
4119.59103 19.766 0.142
4120.62229 19.392 0.058
4122.61477 19.584 0.082
4127.60279 19.457 0.068
4253.92997 19.233 0.091
4258.89322 19.351 0.112
4278.88170 19.292 0.080
4279.88941 19.270 0.114
4282.87576 19.480 0.107
4283.78380 19.293 0.106
4284.93349 19.263 0.080
4289.90419 19.434 0.098
4292.93759 19.248 0.051
4295.93152 19.359 0.065
4297.85208 19.403 0.085
4298.88472 19.393 0.086
4299.92862 19.639 0.067
4302.85122 19.364 0.078
4303.86008 19.257 0.055
4307.80002 19.416 0.068
4308.73194 19.176 0.076
4310.91095 19.596 0.115
4312.82811 19.358 0.064
4314.84325 19.169 0.072
4316.90251 19.566 0.092
4320.79525 19.436 0.080
4326.91614 19.226 0.084
4328.90386 19.514 0.102
4329.92219 19.446 0.091
4330.84451 19.340 0.060
4332.93266 19.456 0.147
4336.86262 19.363 0.099
4339.90628 19.315 0.102
4340.83284 19.427 0.091
4342.90002 19.371 0.083
4344.82468 19.392 0.088
4346.79785 19.465 0.097
4348.78162 19.435 0.070
4350.75850 19.375 0.060
4353.71665 19.618 0.105
4355.77535 19.409 0.087
4358.71854 19.393 0.086
4361.73758 19.368 0.077
4363.69760 19.242 0.076
4367.70460 19.519 0.100
4371.70569 19.300 0.073
4376.72802 19.409 0.077
4378.69840 19.559 0.092
4379.72587 19.502 0.105
4381.68433 19.561 0.099
4383.71323 19.415 0.072
4387.65961 19.474 0.064
4392.62340 19.492 0.070
4394.67617 19.397 0.068
4396.71813 19.355 0.084
4399.63241 19.069 0.107
4402.70601 19.212 0.068
4406.62898 19.406 0.115
4409.66878 19.597 0.093
4412.65629 19.420 0.089
4417.70361 19.646 0.089
4420.68262 19.627 0.105
4422.69698 19.451 0.078
4425.57015 19.438 0.086
4427.66006 19.219 0.074
4429.62185 19.304 0.112
4431.60894 19.390 0.102
4433.61484 19.639 0.105
4435.60315 19.250 0.074
4437.67440 19.418 0.131
4439.58617 19.355 0.121
4441.62205 19.540 0.092
4443.63081 19.261 0.083
4451.62198 19.363 0.079
4453.60786 19.311 0.097
4455.62003 19.386 0.099
4456.62338 19.359 0.126
4457.61588 19.119 0.095
4460.60076 19.100 0.088
4463.58204 19.344 0.075
4465.60573 19.231 0.068
4468.60517 19.272 0.067
4469.59034 19.597 0.091
4472.58058 19.608 0.089
4475.60856 19.680 0.108
4475.64571 19.457 0.105
4480.62908 19.622 0.112
4482.64036 19.257 0.098
4485.63355 19.355 0.113
4488.63400 19.230 0.121
4490.60116 19.280 0.088
4492.62423 19.471 0.094
4640.90614 19.144 0.089
4647.93666 19.318 0.089
4651.93233 19.175 0.071
4655.85305 19.407 0.078
4662.87517 19.325 0.063
4663.82900 19.538 0.113
4665.89699 19.378 0.096
4671.93078 19.492 0.096
4674.83228 19.558 0.086
4677.89471 19.602 0.067
4682.88486 19.496 0.099
4684.90719 19.206 0.054
4686.86738 19.307 0.052
4688.88339 19.597 0.064
4690.80885 19.623 0.082
4691.81217 19.437 0.090
4694.84422 19.322 0.099
4696.92741 19.586 0.174
4697.80292 19.192 0.086
4699.82373 19.402 0.070
4700.85784 19.255 0.054
4701.89223 19.320 0.071
4703.82503 19.134 0.067
4704.84315 19.340 0.077
4707.85422 19.408 0.073
4709.80287 19.475 0.059
4715.80766 19.510 0.080
4717.82160 19.500 0.057
4720.74132 19.693 0.089
4724.70707 19.283 0.086
4726.69962 19.414 0.073
4729.75446 19.410 0.091
4729.76683 19.430 0.074
4730.75643 19.284 0.048
4733.77081 19.147 0.048
4740.73179 19.661 0.074
4747.67155 19.624 0.087
4749.62996 19.234 0.099
4753.71701 19.515 0.120
4756.70383 19.393 0.079
4758.66354 19.342 0.057
4760.65010 19.225 0.051
4762.64024 19.244 0.078
4768.59581 19.373 0.090
4771.59057 19.275 0.070
4772.66167 19.581 0.087
4776.60781 19.316 0.098
4778.61007 19.507 0.077
4780.65070 19.413 0.093
4782.57990 19.194 0.062
4783.64308 19.597 0.102
4786.56308 19.250 0.082
4790.52396 19.231 0.054
4792.61241 19.606 0.112
4794.57608 19.521 0.068
4796.64995 19.306 0.067
4797.62572 19.455 0.086
4799.61087 19.483 0.092
4801.58709 19.366 0.066
4803.56730 19.238 0.067
4805.57285 19.573 0.088
4807.58726 19.266 0.089
4809.61227 19.420 0.082
4814.59208 19.451 0.107
4816.59422 19.470 0.082
4818.53606 19.254 0.090
4820.59688 19.255 0.070
4823.64237 19.494 0.091
4826.65117 19.518 0.085
4833.60961 19.666 0.097
4835.63259 19.553 0.102
4837.62988 19.422 0.114
4841.61975 19.683 0.129
4843.61713 19.359 0.102
4846.62263 19.478 0.089
4849.62639 19.154 0.068
4854.62315 19.239 0.056
4863.55357 19.506 0.073
4866.58215 19.458 0.101
4870.55497 19.175 0.086
4871.54680 19.655 0.147
4873.57043 19.274 0.081
