2090.92954 18.894 0.079
2104.91405 19.119 0.047
2112.86240 18.963 0.055
2115.83117 18.924 0.063
2117.83011 18.893 0.046
2123.90108 19.005 0.066
2125.79231 19.174 0.131
2128.90790 18.999 0.075
2129.89529 19.197 0.066
2131.76130 19.113 0.066
2132.88583 18.964 0.062
2134.89220 19.025 0.071
2135.90561 18.938 0.053
2137.85036 18.897 0.062
2140.89074 18.890 0.049
2141.80215 19.131 0.088
2142.82277 18.914 0.057
2144.75251 18.934 0.049
2156.75104 19.162 0.091
2161.70964 19.210 0.098
2162.84788 19.026 0.063
2167.68959 18.820 0.047
2171.80414 19.110 0.052
2172.84011 19.038 0.055
2173.78357 19.274 0.060
2174.67219 18.864 0.052
2177.72074 18.954 0.057
2184.77674 19.162 0.084
2185.74030 18.917 0.087
2187.60987 18.890 0.065
2189.76668 19.115 0.087
2192.73271 18.953 0.036
2193.75988 19.247 0.055
2194.72448 19.032 0.055
2200.74159 18.828 0.041
2203.62970 19.188 0.060
2208.73748 19.148 0.068
2211.73179 19.107 0.081
2212.72555 19.054 0.063
2217.71086 18.965 0.066
2221.59985 19.191 0.065
2223.65029 19.237 0.076
2226.56553 19.230 0.094
2228.62846 19.213 0.065
2230.61547 18.999 0.060
2232.63601 18.964 0.059
2234.62121 18.996 0.059
2236.61030 19.025 0.057
2239.55917 19.082 0.069
2241.61069 19.125 0.074
2243.64121 19.279 0.091
2249.60844 18.853 0.041
2251.56516 19.110 0.066
2254.60471 19.024 0.059
2257.56674 18.778 0.049
2263.56183 19.035 0.056
2265.61047 18.919 0.044
2271.59977 19.137 0.074
2273.59841 19.175 0.091
2277.60535 18.909 0.047
2283.62011 19.341 0.084
2285.60505 18.898 0.053
2289.61894 19.080 0.053
2291.62494 19.064 0.057
2293.62063 19.216 0.068
2295.61749 18.868 0.056
2296.59994 19.069 0.096
2298.60776 19.509 0.118
2300.60543 18.779 0.053
2303.59494 19.148 0.090
2453.92242 19.217 0.100
2462.91905 18.947 0.065
2464.92935 18.940 0.044
2470.89740 19.188 0.057
2472.83101 18.620 0.052
2481.80401 19.030 0.097
2485.83916 19.071 0.081
2489.84746 18.896 0.068
2492.82889 18.875 0.065
2495.81694 19.316 0.087
2496.82752 19.034 0.053
2497.85093 18.839 0.059
2498.85040 19.193 0.057
2500.78932 19.192 0.079
2501.93414 19.155 0.081
2502.75909 19.006 0.065
2511.77767 18.979 0.076
2516.90497 19.149 0.085
2517.90293 18.894 0.050
2518.87618 19.080 0.078
2519.74875 18.843 0.044
2521.76007 19.013 0.057
2524.69159 18.787 0.063
2529.72746 18.874 0.041
2535.77167 19.177 0.074
2537.79732 18.785 0.071
2538.88095 19.115 0.088
2539.77171 18.908 0.072
2540.82031 19.184 0.076
2541.78711 18.954 0.052
2542.75340 18.994 0.053
2544.73767 18.958 0.057
2545.76812 19.031 0.062
2547.76465 18.946 0.049
2548.78713 19.171 0.066
2550.78209 19.272 0.075
2551.77010 19.094 0.057
2552.78487 18.829 0.050
2553.72546 19.188 0.087
2554.77835 18.920 0.050
2555.78595 19.228 0.063
2556.76596 19.021 0.060
2557.78023 18.860 0.052
2558.73407 19.078 0.055
2559.69619 18.854 0.043
2560.72828 19.233 0.062
2561.76963 19.098 0.066
2562.74322 18.845 0.062
2563.75040 19.096 0.066
2564.77839 18.966 0.062
2565.76645 19.130 0.065
2566.74645 19.157 0.078
2571.72945 18.988 0.065
2573.73303 19.236 0.094
2574.72021 18.949 0.052
2576.76122 19.025 0.063
2577.72235 18.929 0.072
2578.69969 19.036 0.078
2579.71522 18.967 0.074
2580.60763 19.057 0.068
2583.71517 19.211 0.084
2584.70145 18.929 0.060
2587.68507 18.950 0.050
2588.69765 19.156 0.066
2589.69035 18.909 0.055
2590.70367 19.159 0.069
2591.72612 19.113 0.069
2593.73411 19.180 0.079
2594.68913 18.905 0.072
2596.66339 18.978 0.091
2598.54247 19.163 0.081
2599.69209 18.972 0.079
2609.55352 18.911 0.068
2611.60169 19.010 0.084
2614.52927 19.113 0.091
2618.60715 19.077 0.066
2622.57461 19.256 0.075
2627.55737 19.134 0.091
2630.57079 19.190 0.091
2636.59679 18.985 0.075
2637.54369 19.244 0.088
2640.56684 19.048 0.071
2643.58114 19.145 0.057
2649.57853 18.889 0.050
2652.56170 19.187 0.087
2655.57241 19.348 0.132
2659.53567 18.890 0.060
2662.55675 19.231 0.097
2666.55566 19.058 0.075
2670.56581 19.170 0.093
2674.57442 18.961 0.057
2677.56001 19.054 0.091
2680.56652 19.228 0.094
2683.57348 19.052 0.085
2804.78895 19.290 0.182
2805.92997 19.070 0.107
2812.94372 19.360 0.119
2813.94445 19.001 0.075
2816.91973 19.015 0.082
2819.91524 18.817 0.052
2829.89920 18.924 0.053
2831.89991 18.927 0.056
2832.86411 19.187 0.068
2833.94181 19.108 0.104
2835.93153 19.166 0.076
2836.93022 18.939 0.071
2841.88711 18.909 0.052
2843.91013 19.050 0.059
2844.94628 18.942 0.085
2848.88184 19.029 0.082
2851.85793 18.847 0.062
2852.89110 19.148 0.081
2854.90241 18.849 0.046
2857.93798 19.151 0.090
2859.89705 18.857 0.044
2861.82289 18.864 0.044
2862.83293 19.084 0.078
2863.90911 19.090 0.090
2865.75741 19.178 0.085
2866.75338 18.861 0.059
2868.84277 18.998 0.053
2869.92508 18.910 0.056
2872.81378 19.167 0.055
2877.82275 19.164 0.057
2879.84566 18.853 0.044
2884.79460 18.988 0.043
2886.80718 18.906 0.053
2890.75169 19.232 0.104
2893.82010 19.015 0.060
2895.75434 19.099 0.052
2897.78085 19.177 0.075
2900.77015 19.111 0.044
2903.82708 19.009 0.049
2906.77554 18.910 0.040
2908.75324 19.024 0.055
2910.74758 19.031 0.057
2912.75758 19.094 0.055
2916.76755 18.904 0.038
2918.74892 19.003 0.062
2922.74638 19.157 0.078
2924.74265 18.962 0.063
2926.67822 18.808 0.055
2929.73987 18.936 0.047
2931.71698 18.840 0.038
2933.72760 18.965 0.038
2935.69183 19.062 0.062
2939.61935 19.192 0.076
2942.69241 19.179 0.065
2944.64489 19.197 0.081
2946.65888 18.840 0.047
2947.69264 19.128 0.081
2949.67093 19.234 0.075
2950.62344 18.981 0.056
2951.70354 18.934 0.057
2953.65921 19.050 0.065
2955.63615 19.070 0.082
2957.65223 19.110 0.060
2958.64185 18.940 0.053
2960.66998 19.256 0.069
2961.61308 18.875 0.075
2966.62637 18.796 0.046
2970.57390 19.027 0.057
2972.61662 19.091 0.065
2974.55409 19.109 0.071
2976.58736 18.881 0.059
2978.53663 18.837 0.075
2980.62913 19.002 0.063
2983.54181 18.968 0.066
2986.55915 18.999 0.055
2989.58852 19.204 0.071
2994.53868 19.133 0.085
2998.57762 18.971 0.066
3002.57818 19.244 0.091
3005.56945 18.987 0.059
3008.57697 18.963 0.066
3011.58040 18.828 0.074
3015.59036 19.141 0.060
3017.59200 19.160 0.059
3020.56591 19.022 0.052
3022.59357 19.153 0.075
3024.59258 19.187 0.066
3026.56296 18.844 0.056
3028.56385 18.965 0.055
3030.57169 19.095 0.060
3032.58454 19.059 0.060
3035.54259 19.022 0.075
3038.57526 19.042 0.087
3180.93788 18.966 0.044
3184.92990 19.169 0.071
3194.87482 19.057 0.059
3196.93047 18.920 0.055
3202.91755 19.211 0.063
3204.88753 19.023 0.059
3206.90046 18.923 0.053
3211.81207 19.207 0.074
3216.80272 19.362 0.116
3217.91101 19.165 0.090
3224.84930 19.077 0.044
3228.82730 18.977 0.071
3230.80485 18.978 0.040
3238.83210 18.878 0.056
3239.87169 19.219 0.068
3241.73299 19.117 0.063
3242.80934 19.094 0.059
3245.85017 19.130 0.072
3246.84714 18.855 0.055
3248.75212 18.839 0.046
3250.81329 19.042 0.043
3253.76701 18.927 0.060
3256.75015 19.157 0.062
3258.75971 18.802 0.046
3260.75430 19.015 0.060
3262.76392 19.142 0.049
3264.71017 19.068 0.040
3266.78114 19.189 0.066
3268.71440 18.980 0.044
3270.78043 19.034 0.050
3271.74220 19.259 0.060
3273.70083 19.082 0.065
3275.69172 18.777 0.059
3276.78525 19.208 0.091
3278.66560 19.007 0.066
3280.69756 19.001 0.044
3282.69261 19.163 0.043
3286.65134 19.177 0.059
3288.66492 19.010 0.050
3291.64012 19.245 0.085
3294.65176 19.048 0.053
3296.61911 19.171 0.052
3298.62856 19.121 0.055
3300.62869 18.917 0.050
3302.60972 19.145 0.075
3305.70556 18.979 0.047
3307.62226 19.026 0.093
3309.64293 19.199 0.052
3311.59872 19.081 0.050
3315.63237 18.948 0.046
3321.51851 19.195 0.100
3324.60374 18.986 0.056
3329.57567 19.136 0.056
3334.59211 18.958 0.082
3336.59075 19.410 0.088
3350.59103 19.008 0.043
3355.60811 18.914 0.044
3360.60893 18.940 0.044
3369.59176 19.362 0.074
3372.62625 19.062 0.047
3379.58191 19.128 0.068
3387.57875 19.044 0.074
3395.58727 18.896 0.066
3403.56895 18.948 0.075
3527.94193 18.916 0.065
3544.94656 19.241 0.072
3547.93262 19.002 0.055
3552.89708 18.947 0.076
3558.95072 19.198 0.137
3562.94286 19.013 0.043
3569.85256 19.024 0.050
3570.89917 18.860 0.063
3571.89061 19.142 0.075
3573.93361 18.731 0.060
3575.89166 18.903 0.052
3577.92606 18.925 0.049
3579.89365 19.094 0.046
3582.88987 18.946 0.052
3585.86041 18.935 0.033
3590.85471 18.821 0.036
3591.89181 19.155 0.041
3592.84064 18.948 0.031
3596.86920 19.195 0.060
3603.80049 19.112 0.055
3608.84695 19.048 0.050
3615.86149 18.871 0.043
3618.86138 19.131 0.049
3620.86502 18.917 0.038
3622.82232 19.095 0.062
3625.80859 18.848 0.043
3628.71616 19.187 0.078
3630.72963 19.056 0.079
3632.75668 18.920 0.057
3634.66635 18.938 0.053
3638.73186 19.262 0.057
3640.71139 19.033 0.040
3644.73981 18.996 0.036
3646.74945 19.250 0.078
3650.76523 18.853 0.037
3652.71771 18.853 0.038
3654.72044 18.949 0.044
3656.76503 19.153 0.057
3658.72316 19.160 0.063
3659.73502 18.892 0.057
3661.68155 18.959 0.057
3664.75531 19.065 0.043
3666.75051 19.138 0.062
3668.70579 19.247 0.065
3670.68730 19.146 0.069
3672.65532 18.875 0.047
3674.77869 19.228 0.056
3676.68134 19.030 0.047
3682.65219 18.921 0.063
3684.67203 19.016 0.050
3686.63254 19.069 0.065
3688.60534 19.285 0.063
3690.63160 19.006 0.091
3693.61713 19.201 0.076
3695.61405 19.244 0.063
3697.56199 18.974 0.068
3699.60809 19.102 0.056
3701.63748 19.095 0.053
3703.64241 19.138 0.049
3705.52625 19.060 0.050
3707.55227 18.854 0.056
3712.67596 18.943 0.057
3714.54779 19.021 0.068
3716.53169 19.010 0.078
3720.59106 19.237 0.078
3724.63391 19.045 0.057
3726.63408 19.127 0.060
3731.56074 19.003 0.059
3736.56651 19.095 0.050
3741.55696 19.133 0.065
3745.56067 19.408 0.104
3755.55753 19.256 0.107
3760.56531 19.056 0.063
3764.57900 19.113 0.059
3769.54830 18.964 0.053
3774.52812 18.893 0.078
3778.54560 19.211 0.088
3903.92868 19.048 0.053
3909.92232 18.918 0.041
3915.94192 19.274 0.056
3920.91553 19.238 0.053
3933.85317 19.126 0.052
3935.84951 19.145 0.057
3937.88773 18.811 0.049
3945.82043 19.165 0.076
3950.87512 19.244 0.066
3957.84102 19.044 0.100
3959.83641 18.879 0.062
3961.81764 19.036 0.075
3964.82202 18.942 0.033
3966.81465 18.975 0.041
3968.80777 19.146 0.049
3970.79936 19.119 0.043
3973.77059 19.042 0.046
3975.78739 19.256 0.066
3980.71612 19.112 0.063
3981.71606 19.043 0.053
3982.78190 19.046 0.065
3986.75759 19.083 0.059
3991.66709 18.783 0.044
3994.71229 18.755 0.043
3998.83850 19.183 0.071
4001.70474 18.944 0.044
4003.66871 19.100 0.043
4005.74338 19.242 0.049
4008.66715 19.055 0.034
4011.69504 18.959 0.055
4014.70072 18.847 0.069
4016.67464 18.887 0.057
4018.67050 19.077 0.060
4020.70982 19.210 0.056
4023.65993 18.980 0.050
4025.70820 19.214 0.056
4027.64836 19.216 0.063
4029.63348 18.963 0.053
4031.61762 18.977 0.050
4036.67622 19.012 0.047
4038.64938 19.165 0.060
4040.58891 19.190 0.066
4042.65680 19.161 0.069
4045.54975 19.098 0.087
4047.61076 19.177 0.075
4049.62509 18.873 0.038
4051.63397 18.899 0.056
4053.57148 19.081 0.046
4055.57294 19.430 0.115
4060.55517 19.118 0.059
4064.59959 18.929 0.036
4066.57642 18.874 0.044
4069.57021 18.925 0.052
4072.52694 19.376 0.123
4075.54239 19.149 0.063
4077.57727 19.270 0.075
4079.60458 18.746 0.043
4083.53181 19.072 0.082
4087.62586 19.322 0.062
4096.61448 19.143 0.093
4100.56845 19.265 0.085
4107.58562 19.199 0.065
4108.59446 19.065 0.049
4113.62685 19.100 0.057
4119.58762 18.864 0.057
4120.61884 19.112 0.047
4122.61132 19.056 0.059
4127.59933 19.095 0.052
4253.92648 18.907 0.068
4258.88987 19.065 0.091
4273.94459 19.066 0.103
4278.87835 19.090 0.075
4279.88608 19.350 0.128
4282.86012 19.247 0.101
4283.78046 18.865 0.081
4284.93014 18.928 0.062
4289.90087 18.832 0.062
4292.93428 19.252 0.053
4295.92821 19.115 0.059
4297.84875 19.152 0.082
4298.88142 19.075 0.094
4299.92529 18.910 0.041
4300.94733 19.094 0.075
4302.84790 19.215 0.074
4303.85677 18.986 0.047
4307.79672 19.146 0.056
4308.72863 18.883 0.066
4310.90764 19.102 0.072
4312.82482 19.189 0.059
4314.83993 19.276 0.082
4316.89922 18.965 0.056
4320.79195 19.055 0.068
4326.91285 18.988 0.066
4328.90045 19.133 0.074
4329.91892 18.867 0.060
4330.84111 19.115 0.052
4332.92928 19.233 0.097
4336.83996 18.851 0.076
4339.90290 18.893 0.088
4340.82943 19.174 0.076
4342.89664 19.159 0.072
4344.82129 19.129 0.068
4346.79443 18.855 0.055
4348.77822 18.954 0.053
4350.75512 19.030 0.044
4353.71327 18.918 0.052
4355.77194 19.063 0.068
4358.71515 18.950 0.060
4361.73419 18.834 0.049
4363.69419 18.958 0.059
4367.70121 19.170 0.076
4371.70231 18.940 0.065
4376.72463 18.839 0.046
4378.69501 18.941 0.053
4379.72248 19.218 0.082
4381.68093 18.973 0.063
4383.70983 18.957 0.046
4387.65624 19.066 0.049
4392.62001 19.112 0.055
4394.67277 19.218 0.057
4396.71473 18.843 0.052
4399.62842 19.198 0.126
4402.70263 19.107 0.059
4406.62560 18.999 0.071
4409.66541 19.205 0.063
4412.65290 19.056 0.063
4417.70022 19.173 0.056
4420.67924 19.100 0.065
4422.69361 19.156 0.063
4425.56675 19.151 0.068
4427.65669 19.118 0.065
4429.61843 19.207 0.098
4431.60552 18.949 0.068
4433.61145 18.910 0.062
4435.59976 19.075 0.062
4437.67099 19.028 0.088
4439.58275 19.309 0.097
4441.61866 18.907 0.057
4443.62741 18.907 0.062
4451.61857 18.840 0.044
4453.60442 18.853 0.063
4455.61663 19.004 0.063
4456.61995 18.691 0.066
4457.61247 19.047 0.100
4460.59735 19.077 0.085
4463.57863 18.919 0.052
4465.60229 19.142 0.059
4468.60175 18.926 0.050
4469.58690 19.215 0.066
4472.57715 19.128 0.053
4475.60514 18.990 0.056
4475.64225 19.102 0.074
4480.62565 18.986 0.059
4482.63691 19.161 0.088
4485.63010 18.925 0.074
4488.63054 19.051 0.101
4490.59771 18.977 0.059
4492.62077 19.402 0.096
4640.90269 18.919 0.066
4647.93320 19.178 0.078
4651.92890 19.168 0.069
4655.84961 18.957 0.055
4662.87173 19.131 0.052
4663.82045 18.987 0.076
4665.89354 18.873 0.065
4671.92737 19.026 0.059
4674.82887 19.193 0.068
4677.89127 19.106 0.049
4682.88143 19.169 0.072
4684.90381 19.205 0.060
4686.86398 19.263 0.050
4688.87999 18.924 0.040
4690.80545 18.965 0.050
4691.80875 19.250 0.076
4694.84083 19.034 0.072
4696.92402 19.067 0.115
4697.79956 18.986 0.066
4699.82035 19.229 0.060
4700.85446 18.983 0.043
4701.88884 18.983 0.053
4703.82162 18.801 0.052
4704.83976 19.194 0.069
4707.85084 19.108 0.056
4709.79947 19.220 0.052
4715.80426 19.026 0.052
4717.75920 18.926 0.044
4720.73793 18.848 0.047
4724.70369 19.027 0.076
4726.69625 19.029 0.055
4729.75110 19.198 0.079
4729.76345 19.079 0.057
4730.75306 18.937 0.036
4733.76745 18.864 0.041
4740.72842 18.974 0.041
4747.66815 19.060 0.055
4749.62657 19.116 0.091
4753.71365 18.932 0.081
4756.70044 19.196 0.069
4758.66017 19.224 0.056
4760.64672 18.891 0.040
4762.63686 18.985 0.065
4768.59244 19.179 0.076
4771.58721 19.234 0.072
4772.65831 19.022 0.056
4775.54039 18.858 0.081
4776.60443 18.914 0.068
4778.60670 19.313 0.071
4780.64729 18.860 0.066
4782.57651 18.859 0.050
4783.63968 19.081 0.075
4786.55967 19.211 0.079
4790.52058 18.929 0.050
4792.60903 18.934 0.053
4794.57269 19.049 0.052
4796.64656 19.133 0.056
4797.62232 18.985 0.057
4799.60749 18.986 0.066
4801.58369 19.119 0.055
4803.56390 19.328 0.068
4805.56944 18.848 0.046
4807.58384 19.084 0.084
4809.60889 19.037 0.055
4812.52671 18.824 0.103
4814.58869 19.146 0.078
4816.59080 19.071 0.057
4818.53267 19.205 0.103
4820.59346 18.985 0.056
4823.63894 18.857 0.047
4826.64774 19.196 0.059
4833.60618 19.104 0.059
4835.62918 19.081 0.071
4837.62643 19.076 0.072
4841.61633 19.245 0.088
4843.61368 18.820 0.068
4846.61918 19.344 0.078
4849.62295 18.980 0.063
4854.61966 19.119 0.053
4863.55012 18.950 0.043
4866.57871 19.049 0.072
4870.55150 18.839 0.063
4871.54333 19.109 0.093
4873.56695 18.963 0.068
