 466.60768 19.238 0.043
 466.63721 19.364 0.046
 467.55509 18.996 0.043
 467.58453 19.168 0.051
 467.61400 19.129 0.038
 467.64351 19.084 0.043
 469.56447 19.253 0.062
 469.60307 19.248 0.044
 469.63470 19.329 0.057
 471.61700 19.425 0.060
 471.63221 19.359 0.061
 472.54917 18.891 0.043
 472.56390 19.161 0.063
 472.57858 19.048 0.044
 472.59322 19.052 0.047
 622.89574 19.251 0.057
 624.92230 18.950 0.042
 625.90975 19.268 0.054
 626.88126 18.925 0.040
 627.86750 19.087 0.063
 628.90858 19.078 0.049
 629.90635 19.230 0.051
 631.93731 18.964 0.070
 632.87784 19.244 0.057
 633.91328 19.122 0.051
 635.90811 19.049 0.046
 643.87714 19.021 0.044
 645.84885 19.142 0.057
 647.80658 18.961 0.088
 649.80396 19.053 0.067
 656.86433 19.428 0.053
 657.83662 19.190 0.073
 658.87690 18.931 0.067
 663.78318 19.468 0.101
 664.88811 19.378 0.052
 665.83537 18.977 0.032
 666.84592 19.460 0.048
 667.86517 19.405 0.045
 668.83596 19.032 0.030
 670.80152 18.998 0.045
 671.82359 19.344 0.034
 672.82914 19.075 0.030
 673.79650 19.264 0.043
 684.75691 19.161 0.043
 685.81177 18.787 0.043
 686.71305 19.265 0.057
 687.79440 19.130 0.041
 688.73641 19.263 0.036
 689.76358 19.025 0.038
 697.72972 18.677 0.037
 698.80082 19.397 0.051
 699.69985 19.022 0.038
 700.74062 19.324 0.043
 701.71283 19.217 0.046
 704.74087 18.988 0.054
 706.70652 19.428 0.090
 707.74408 18.995 0.066
 708.76823 19.360 0.071
 712.76879 19.042 0.044
 713.75015 19.190 0.039
 714.76512 19.004 0.035
 715.73069 19.299 0.047
 716.69876 19.075 0.043
 726.69895 18.979 0.037
 728.69208 19.103 0.045
 729.69424 19.151 0.049
 730.67863 19.236 0.048
 733.64507 19.136 0.063
 739.66506 19.452 0.062
 741.63086 18.964 0.033
 742.60712 19.176 0.048
 744.65421 19.340 0.050
 745.60515 19.148 0.042
 746.79592 18.834 0.043
 747.66646 19.322 0.046
 748.62817 18.954 0.042
 749.63357 19.283 0.064
 750.62739 19.098 0.044
 751.63586 19.395 0.064
 752.75024 19.390 0.064
 753.68587 19.010 0.043
 759.64375 19.292 0.050
 760.66939 19.096 0.039
 761.64546 19.489 0.055
 761.75070 18.921 0.052
 762.63682 19.155 0.060
 762.66637 19.226 0.084
 763.65303 18.849 0.045
 763.76379 18.954 0.060
 765.58509 18.753 0.058
 766.62257 19.457 0.099
 766.72544 19.456 0.090
 767.63007 18.994 0.067
 767.69172 19.257 0.095
 767.76798 19.205 0.070
 769.61290 19.225 0.058
 769.68663 19.441 0.060
 770.61905 19.115 0.058
 771.65211 19.440 0.059
 772.61396 19.017 0.047
 773.61909 19.234 0.049
 773.77128 19.126 0.069
 774.61207 19.194 0.050
 775.56996 18.771 0.036
 776.65089 19.370 0.057
 777.62515 19.140 0.057
 778.62851 19.306 0.063
 779.65547 19.493 0.062
 779.76575 19.414 0.074
 780.65528 19.206 0.058
 781.56963 19.226 0.058
 781.75009 19.434 0.072
 782.63516 19.022 0.063
 782.76449 19.320 0.104
 783.55212 19.320 0.043
 784.59412 19.202 0.049
 785.62095 18.921 0.041
 785.76653 19.253 0.050
 786.62462 19.272 0.041
 787.70507 19.152 0.052
 788.63792 19.471 0.059
 788.66347 19.297 0.052
 790.58661 19.061 0.047
 792.56456 19.067 0.052
 795.62924 18.999 0.059
 796.55817 19.195 0.070
 796.74348 19.388 0.106
 797.71829 19.257 0.058
 798.58097 19.321 0.055
 799.71891 19.352 0.061
 800.63394 19.052 0.041
 802.69395 19.453 0.103
 805.62126 19.394 0.089
 806.63144 19.292 0.058
 808.56288 19.397 0.088
 816.69387 19.248 0.046
 817.60394 18.892 0.037
 819.56671 18.980 0.043
 820.64304 19.490 0.060
 822.56358 19.176 0.050
 824.58941 18.990 0.058
 825.66254 19.659 0.111
 828.62270 19.341 0.044
 829.58930 19.064 0.042
 832.59618 19.186 0.051
 833.61606 19.292 0.051
 834.58565 19.228 0.056
 836.56377 19.130 0.067
 838.59676 19.236 0.057
 840.60652 19.831 0.100
 845.55792 19.383 0.063
 850.58140 19.340 0.070
 855.58639 19.272 0.082
 859.57419 19.397 0.060
 866.53872 18.918 0.048
 962.94253 19.241 0.088
 966.94200 18.771 0.051
 970.91842 19.264 0.060
 976.89904 19.476 0.077
 986.85346 19.343 0.068
 987.86703 19.306 0.062
 991.93533 19.388 0.050
 996.93903 19.379 0.057
 998.91008 18.992 0.046
1004.80871 18.938 0.056
1006.83728 19.152 0.057
1020.90678 18.946 0.065
1035.75950 19.348 0.058
1037.78870 19.287 0.055
1041.79686 19.203 0.045
1045.75859 19.352 0.050
1052.78269 19.341 0.062
1055.65588 19.159 0.047
1058.86788 19.340 0.098
1059.78587 18.977 0.057
1061.73861 18.884 0.043
1064.82254 18.888 0.090
1072.70409 19.229 0.048
1076.68185 19.244 0.048
1078.69243 18.948 0.045
1081.70497 19.114 0.042
1084.64316 19.140 0.043
1087.66305 19.199 0.048
1090.71945 19.023 0.049
1092.75155 19.318 0.063
1094.65822 19.274 0.042
1102.62837 19.144 0.047
1106.72326 19.444 0.041
1110.64238 18.823 0.055
1116.60086 19.167 0.050
1120.58946 19.455 0.067
1126.66478 19.205 0.045
1129.56321 19.056 0.049
1132.54629 19.288 0.066
1135.59638 19.399 0.055
1138.64605 19.375 0.048
1140.62343 19.460 0.051
1144.68102 19.140 0.053
1151.56063 19.100 0.055
1155.56223 19.228 0.049
1159.55767 18.883 0.045
1162.59008 19.387 0.049
1164.70365 18.998 0.048
1170.56205 19.169 0.049
1178.67215 19.269 0.062
1182.68401 19.609 0.067
1183.72237 19.482 0.068
1185.70555 19.406 0.055
1188.70484 19.218 0.057
1191.58861 18.938 0.049
1202.60371 19.348 0.072
1205.55513 19.023 0.051
1211.57559 19.593 0.113
1217.58622 19.178 0.057
1220.58873 19.238 0.055
1229.54146 19.287 0.086
1238.53770 19.471 0.153
1327.92187 19.269 0.094
1330.83856 19.084 0.070
1335.89032 18.829 0.052
1340.90985 18.879 0.045
1348.94593 19.384 0.070
1354.91947 19.076 0.055
1360.93920 19.169 0.059
1365.93542 19.505 0.076
1367.85891 19.075 0.068
1374.93102 18.967 0.066
1394.86717 18.915 0.058
1395.89865 19.345 0.062
1397.82032 19.417 0.087
1401.84735 18.961 0.050
1402.93230 19.659 0.072
1407.85536 19.229 0.055
1412.75068 18.999 0.052
1417.90904 19.363 0.057
1430.74164 18.991 0.060
1432.75235 19.042 0.039
1435.70875 18.892 0.058
1439.67523 19.145 0.052
1442.67891 18.933 0.042
1447.75411 19.009 0.075
1451.69034 19.149 0.054
1455.71005 19.018 0.059
1460.75077 18.936 0.053
1462.65640 18.803 0.047
1470.66266 19.414 0.057
1471.78179 19.199 0.054
1472.64988 19.010 0.052
1475.65556 19.364 0.064
1477.58464 19.355 0.071
1481.60239 19.050 0.067
1484.65135 19.002 0.045
1487.64643 19.420 0.053
1490.68522 19.318 0.054
1492.58486 19.379 0.071
1495.54166 19.222 0.057
1499.57029 19.457 0.085
1502.56839 19.307 0.062
1505.63498 19.479 0.079
1508.57036 18.988 0.046
1509.54665 19.215 0.057
1512.64851 19.283 0.075
1515.62321 19.188 0.054
1517.62670 19.253 0.062
1520.61385 19.156 0.051
1524.56157 19.249 0.072
1526.60168 19.003 0.052
1531.65327 18.946 0.049
1543.61075 18.990 0.043
1546.62558 19.313 0.059
1551.58737 19.211 0.051
1555.62085 19.207 0.058
1562.59946 19.018 0.065
1569.57862 19.075 0.047
1575.60445 18.875 0.038
1580.57942 19.034 0.046
1583.58208 19.341 0.060
1587.56188 18.798 0.046
1597.54734 18.952 0.057
1603.55545 19.603 0.081
1608.53117 19.256 0.070
1703.91603 19.264 0.070
1705.92157 19.175 0.070
1716.88193 18.911 0.053
1717.89233 19.251 0.066
1729.92801 19.025 0.036
1732.89781 19.417 0.059
1740.84883 19.151 0.063
1742.89660 19.238 0.071
1744.86576 19.480 0.080
1745.88996 19.117 0.063
1749.87042 19.372 0.044
1750.84233 19.140 0.062
1751.85419 19.198 0.043
1752.81551 19.426 0.063
1753.81658 18.857 0.043
1754.84324 19.274 0.063
1755.80858 18.986 0.065
1756.83806 19.172 0.090
1757.78726 19.113 0.073
1758.79176 19.027 0.052
1759.83612 19.422 0.065
1761.81717 19.399 0.056
1762.80355 19.305 0.064
1763.80655 18.992 0.043
1764.79905 19.328 0.044
1765.79352 18.990 0.059
1766.73455 19.383 0.090
1768.81367 19.032 0.059
1769.72305 19.256 0.061
1771.83910 19.237 0.090
1772.78148 19.029 0.043
1773.74881 19.329 0.056
1776.77161 19.045 0.051
1784.74825 18.983 0.044
1788.81377 19.337 0.052
1803.77411 19.275 0.053
1806.76822 19.195 0.060
1808.83786 19.151 0.072
1811.76625 19.191 0.037
1814.81309 19.182 0.050
1817.77874 18.890 0.030
1822.65620 19.478 0.059
1826.80731 19.087 0.064
1829.74960 18.814 0.043
1846.79759 19.027 0.053
1850.75432 19.416 0.074
1854.81040 18.810 0.034
1858.73427 18.934 0.058
1862.73316 19.447 0.055
1867.75763 19.505 0.064
1871.76421 18.904 0.043
2086.89212 19.503 0.142
2103.89894 18.978 0.045
2105.92907 19.149 0.073
2106.89468 19.320 0.087
2112.84706 18.933 0.067
2123.82175 19.212 0.081
2128.82925 19.188 0.094
2130.84761 19.453 0.098
2131.84169 19.133 0.082
2132.81000 18.985 0.072
2156.82895 19.166 0.085
2166.75976 18.979 0.051
2167.76821 19.268 0.072
2168.71739 19.004 0.074
2172.74992 19.293 0.074
2177.64342 19.259 0.089
2185.66858 19.197 0.087
2186.69341 19.208 0.118
2187.68858 19.119 0.090
2190.69514 19.107 0.068
2194.65785 19.286 0.066
2203.55431 19.384 0.104
2206.61061 19.406 0.139
2211.64470 19.244 0.080
2212.64853 19.021 0.073
2213.65435 19.568 0.111
2214.64555 19.316 0.102
2215.65251 18.845 0.054
2217.63922 19.117 0.089
2228.56173 19.261 0.086
2238.55046 19.235 0.087
2263.58757 19.134 0.065
2460.88253 19.763 0.191
2463.91886 19.214 0.073
2465.93162 19.220 0.066
2467.90462 18.738 0.050
2469.90399 19.007 0.052
2471.89345 19.172 0.078
2472.92292 18.822 0.043
2473.89484 19.213 0.067
2481.90712 19.074 0.084
2483.89236 19.121 0.053
2486.88935 19.157 0.087
2488.88159 19.154 0.101
2489.92672 18.973 0.072
2492.90709 19.368 0.098
2496.90682 19.016 0.058
2497.93022 19.166 0.071
2498.77750 19.066 0.061
2499.86311 18.832 0.045
2500.86864 19.376 0.072
2501.85763 19.044 0.052
2502.83783 19.354 0.100
2508.74912 19.030 0.107
2516.78041 18.936 0.068
2517.82715 19.365 0.087
2518.79856 19.036 0.072
2519.83550 19.456 0.075
2520.79487 19.239 0.078
2521.82700 18.880 0.044
2524.82526 19.438 0.131
2526.78146 19.272 0.058
2535.81805 19.179 0.070
2538.80180 18.923 0.072
2539.70530 19.306 0.087
2541.71721 19.266 0.065
2542.68700 19.025 0.057
2544.66584 19.163 0.068
2545.68057 18.891 0.046
2547.69857 18.999 0.063
2548.71532 19.388 0.067
2550.71045 18.980 0.062
2552.71316 18.998 0.052
2554.70631 19.259 0.072
2555.71424 18.907 0.051
2556.69327 19.260 0.067
2557.70580 18.998 0.043
2558.66229 19.314 0.076
2559.61920 19.008 0.066
2560.65225 19.364 0.074
2562.67069 18.932 0.057
2563.67865 19.206 0.070
2564.69400 19.171 0.074
2565.68463 19.432 0.093
2566.66490 19.217 0.072
2568.69589 19.208 0.104
2574.64581 19.026 0.065
2576.65896 19.101 0.085
2577.63269 18.996 0.086
2578.63276 19.434 0.088
2579.63942 18.893 0.061
2580.65155 19.303 0.068
2583.62286 19.219 0.091
2584.63021 18.917 0.068
2587.61212 19.420 0.087
2589.60208 18.831 0.053
2591.64032 19.114 0.069
2593.60935 19.226 0.069
2596.58865 18.938 0.078
2597.57581 19.368 0.108
2598.64966 19.123 0.074
2599.60914 18.960 0.073
2607.63035 19.558 0.119
2613.54399 19.125 0.078
2619.56051 19.590 0.151
2625.55207 19.370 0.129
2642.55626 19.200 0.106
2671.55497 19.777 0.144
2673.56676 19.482 0.135
2676.52813 19.432 0.120
2679.54150 19.102 0.072
2777.90653 18.946 0.083
2804.87353 18.804 0.069
2817.93020 19.627 0.133
2837.87866 19.645 0.192
2849.85927 19.301 0.086
2854.83200 19.412 0.112
2869.90560 19.374 0.089
2896.72983 19.341 0.081
2898.75079 19.293 0.074
2900.74966 19.540 0.078
2937.64443 19.202 0.077
2940.63717 19.163 0.050
2943.60836 19.053 0.074
2944.59297 19.513 0.099
2947.61923 19.302 0.084
2949.60053 19.337 0.080
3193.88290 19.047 0.078
3203.88297 18.969 0.041
3206.82083 19.471 0.109
3211.88828 19.264 0.079
3226.82868 19.295 0.088
3229.83583 19.177 0.053
3231.81795 19.173 0.096
3239.79634 19.031 0.063
3240.79359 19.417 0.114
3241.81795 19.216 0.072
3242.71728 19.692 0.133
3244.83092 19.063 0.078
3246.77250 19.030 0.082
3249.73097 18.807 0.054
3251.74449 19.014 0.048
3259.66723 19.643 0.129
3261.70531 18.899 0.043
3263.68801 19.071 0.044
3265.72242 19.297 0.057
3271.66732 18.761 0.057
3276.71483 18.944 0.069
3281.64393 19.429 0.071
3283.64540 18.921 0.036
3287.61161 19.261 0.072
3293.59946 18.984 0.053
3295.61825 19.149 0.045
3297.60003 19.041 0.042
3306.62541 19.245 0.052
3308.61315 19.604 0.132
3310.61228 18.988 0.059
3323.54845 19.272 0.072
3327.55993 18.858 0.053
3330.55418 19.401 0.097
3402.54833 19.391 0.076
3547.91789 18.970 0.053
3564.91042 19.147 0.048
3570.78198 19.030 0.093
3574.88082 19.034 0.061
3578.89804 19.138 0.047
3579.80287 19.031 0.049
3581.84782 19.209 0.072
3581.87054 19.288 0.078
3582.83269 19.300 0.085
3583.83713 19.237 0.067
3586.81146 19.026 0.043
3588.82936 19.134 0.056
3589.82217 19.002 0.049
3591.87696 19.069 0.038
3593.81453 19.073 0.059
3601.81260 19.016 0.063
3607.81804 19.183 0.057
3614.78944 19.342 0.048
3617.76894 19.432 0.056
3619.70186 19.390 0.071
3621.72033 19.499 0.076
3626.71801 19.362 0.080
3629.67159 19.131 0.078
3631.73398 19.431 0.099
3641.69985 19.231 0.068
3643.72422 19.244 0.053
3646.65916 19.285 0.076
3650.66243 18.798 0.054
3650.68648 18.785 0.045
3655.69874 18.827 0.039
3657.64953 18.811 0.044
3658.65396 19.245 0.075
3659.64199 19.071 0.071
3660.67214 19.011 0.071
3663.56363 19.144 0.106
3665.63720 19.456 0.100
3668.57565 19.371 0.071
3669.70650 19.226 0.088
3671.63255 19.238 0.066
3675.66199 19.614 0.096
3683.65130 19.227 0.061
3685.65646 19.231 0.059
3687.65509 19.077 0.061
3689.60351 18.939 0.057
3692.57931 19.441 0.094
3694.56330 19.123 0.094
3696.56381 19.073 0.054
3698.59749 19.369 0.090
3702.58773 19.319 0.082
3871.87986 19.322 0.128
3913.91962 19.284 0.056
3931.91846 19.140 0.065
3938.85371 19.365 0.089
3944.90109 19.469 0.074
3946.86923 18.844 0.042
3951.88858 18.728 0.038
3955.85373 19.344 0.118
3958.83324 18.821 0.075
3971.78068 19.388 0.059
3979.73780 19.250 0.080
3981.64740 19.095 0.050
3987.78626 19.168 0.063
3995.74370 19.209 0.057
4002.72511 19.081 0.043
4004.67688 18.999 0.046
4006.70313 19.142 0.045
4008.57543 19.140 0.056
4009.74377 19.073 0.068
4013.70198 19.295 0.076
4015.70052 19.091 0.096
4018.69968 19.166 0.064
4019.68825 19.218 0.080
4021.68072 19.074 0.050
4024.65421 18.945 0.047
4026.63309 19.106 0.053
4028.62905 19.134 0.050
4030.64160 19.369 0.077
4032.69370 19.600 0.125
4039.60781 19.328 0.069
4041.60735 18.844 0.060
4043.59306 19.020 0.072
4046.60238 18.939 0.055
4048.56830 19.162 0.083
4050.61040 19.107 0.057
4052.56249 19.519 0.084
4054.61667 19.349 0.083
4066.56024 19.268 0.062
4297.92597 19.197 0.061
4302.92192 19.424 0.096
4312.90373 19.131 0.048
4314.92320 19.444 0.107
4320.89381 19.025 0.071
4326.83769 19.451 0.086
4327.81618 18.974 0.083
4338.90427 19.526 0.118
4341.77191 19.169 0.082
4342.82779 18.778 0.068
4344.74756 18.955 0.059
4345.79352 19.372 0.076
4347.78245 19.091 0.057
4349.79565 19.042 0.063
4351.82288 19.235 0.078
4353.75595 19.331 0.096
4359.70276 19.036 0.057
4361.70532 19.072 0.075
4362.72805 19.386 0.087
4367.68460 19.340 0.100
4372.73970 19.344 0.065
4378.62167 19.012 0.065
4379.64964 19.552 0.135
4380.76248 19.320 0.072
4382.68995 19.345 0.074
4395.68313 19.135 0.076
4398.64858 18.895 0.058
4400.67145 19.138 0.077
4403.69725 19.005 0.067
4410.70644 19.145 0.070
4415.69059 18.999 0.058
4429.56815 19.472 0.191
4437.65585 19.078 0.090
4443.59425 19.379 0.104
4451.60341 19.147 0.065
4453.58538 19.512 0.117
4456.58680 19.097 0.092
4464.54257 19.145 0.081
4464.57900 19.151 0.065
4464.59443 19.103 0.068
4465.59436 19.167 0.069
4466.56666 19.102 0.073
4466.59627 18.998 0.068
4467.56304 19.446 0.116
4468.62316 19.224 0.069
4469.58202 19.001 0.069
4469.60822 19.157 0.072
4470.54760 19.203 0.087
4470.56385 19.368 0.105
4472.56954 19.155 0.062
4476.57848 19.111 0.060
4479.60329 18.921 0.082
4663.93583 19.276 0.096
4665.91883 19.029 0.080
4666.91270 19.449 0.110
4670.90713 19.119 0.061
4672.88111 18.911 0.051
4675.89873 19.396 0.081
4683.87371 19.303 0.062
4685.85982 19.363 0.080
4693.89470 19.211 0.093
4696.84464 18.968 0.088
4698.75645 19.060 0.045
4699.75045 19.364 0.084
4700.78795 19.259 0.059
4701.79316 18.977 0.065
4702.85331 19.628 0.111
4703.75236 19.071 0.060
4704.77121 19.526 0.078
4705.77846 19.114 0.078
4707.77113 19.349 0.055
4708.83935 19.269 0.060
4710.75536 19.346 0.075
4719.74902 19.480 0.110
4721.73799 19.266 0.139
4724.76768 19.192 0.069
4726.66336 19.179 0.111
4729.67438 19.148 0.081
4731.72747 19.477 0.083
4731.76460 19.440 0.067
4733.70945 18.955 0.054
4733.80495 19.135 0.065
4734.66637 19.297 0.067
4734.74691 19.423 0.064
4738.75240 18.955 0.070
4739.65299 19.155 0.079
4741.72755 19.328 0.051
4747.59416 18.944 0.058
4749.59377 19.263 0.096
4753.66287 19.406 0.095
4755.65682 18.910 0.048
4757.64128 18.935 0.049
4759.65387 19.144 0.056
4761.62416 19.215 0.047
4763.63679 19.176 0.087
4766.60499 19.371 0.110
4769.64307 19.144 0.096
4772.67595 19.060 0.062
4773.67897 19.387 0.080
4774.53234 18.926 0.055
4774.65539 19.150 0.070
4775.66582 19.620 0.133
4777.59955 18.984 0.060
4779.63515 19.118 0.071
4781.58504 19.104 0.063
4785.59977 19.267 0.098
4791.61568 19.017 0.052
4797.52907 19.451 0.100
4798.59236 19.416 0.127
4800.63966 19.232 0.066
4804.58117 18.995 0.075
4806.59018 18.994 0.063
4806.62668 19.016 0.074
4807.54336 19.498 0.147
4807.60545 19.316 0.121
4808.61620 19.253 0.081
4809.63039 18.821 0.053
4811.56374 18.929 0.067
4812.63156 19.344 0.150
4813.59818 19.258 0.092
4815.57433 19.339 0.104
4817.59084 19.408 0.076
4819.59045 19.595 0.103
4821.63235 18.995 0.049
4823.59314 19.127 0.068
4824.62841 19.759 0.143
4825.56977 19.133 0.086
4825.62160 19.462 0.101
4826.58470 18.837 0.066
4832.59470 19.512 0.113
4842.56509 19.276 0.095
4844.57356 19.387 0.079
4847.62986 19.346 0.141
4849.58972 19.484 0.090
4853.58713 19.072 0.069
4856.58110 19.409 0.084
4935.92066 19.054 0.079
4937.92098 19.276 0.096
4940.92254 18.934 0.065
4952.92202 19.189 0.078
