2086.92153 19.267 0.091
2104.85361 19.105 0.055
2106.91348 19.362 0.096
2113.83393 19.183 0.087
2114.84820 19.224 0.099
2115.90842 19.446 0.101
2116.89452 19.364 0.074
2117.90023 19.383 0.082
2123.84320 19.446 0.092
2128.84777 19.616 0.144
2129.87992 19.225 0.082
2130.82878 18.998 0.067
2131.82228 19.340 0.087
2132.82847 19.363 0.103
2133.91705 19.179 0.114
2134.83340 19.273 0.094
2135.86858 19.108 0.068
2136.86775 19.597 0.142
2137.91239 19.284 0.116
2140.83763 19.380 0.096
2142.88455 19.480 0.104
2143.83858 19.338 0.078
2144.81010 19.141 0.050
2155.90109 19.786 0.208
2156.84762 19.207 0.077
2162.78389 19.301 0.062
2166.77868 18.972 0.052
2167.74947 19.472 0.084
2168.73598 19.441 0.088
2171.76202 19.504 0.084
2172.76860 19.361 0.080
2173.73069 19.329 0.070
2177.66232 19.344 0.096
2184.72372 19.298 0.110
2185.68718 19.600 0.137
2187.66977 19.438 0.127
2190.71373 19.365 0.089
2191.65554 19.059 0.064
2192.68396 19.090 0.046
2193.70496 19.562 0.070
2194.67620 19.495 0.082
2201.74231 19.139 0.061
2206.62815 19.669 0.175
2211.66680 19.637 0.099
2212.66586 19.614 0.126
2213.67685 19.232 0.103
2214.66322 19.253 0.111
2215.67850 19.260 0.086
2217.65616 19.178 0.098
2219.69933 19.180 0.076
2222.74855 19.572 0.147
2223.68828 19.139 0.081
2225.61782 19.382 0.073
2226.66414 19.418 0.100
2228.57957 19.721 0.122
2230.51686 19.414 0.146
2232.53064 19.616 0.126
2234.57271 19.438 0.084
2236.56221 19.101 0.063
2238.56759 19.725 0.121
2241.55440 19.427 0.112
2243.59267 19.488 0.092
2248.63710 19.318 0.069
2250.61151 19.029 0.056
2253.59101 19.134 0.071
2256.57329 19.383 0.099
2258.61374 19.245 0.059
2263.60502 19.118 0.085
2265.63101 19.450 0.081
2270.58923 19.412 0.078
2272.58728 19.189 0.081
2274.57113 19.341 0.107
2276.53865 19.045 0.068
2280.55122 19.230 0.110
2285.58971 19.208 0.075
2289.58665 19.340 0.084
2291.58735 19.499 0.089
2293.58791 19.288 0.088
2295.58425 19.401 0.096
2297.58741 19.373 0.094
2299.58389 19.217 0.092
2301.57657 19.262 0.105
2460.90851 19.403 0.127
2463.93761 19.175 0.070
2466.85945 19.076 0.086
2467.92334 19.384 0.093
2469.92262 19.488 0.072
2471.91215 19.292 0.080
2472.90223 19.048 0.049
2473.92843 19.617 0.086
2481.88768 18.983 0.077
2483.91131 19.481 0.072
2486.91145 19.285 0.109
2488.91341 19.465 0.134
2496.92549 19.339 0.079
2498.79675 19.105 0.060
2499.88173 19.235 0.069
2500.89014 19.687 0.126
2501.87689 19.446 0.076
2502.85706 19.253 0.094
2508.76765 19.479 0.185
2516.79912 19.007 0.077
2517.84587 19.405 0.097
2518.81819 19.412 0.095
2519.81645 19.309 0.065
2520.81462 19.279 0.081
2521.80778 19.319 0.066
2524.80631 19.399 0.107
2526.80011 19.655 0.073
2529.79635 19.290 0.072
2534.85695 19.079 0.086
2535.79458 19.546 0.105
2537.72465 19.274 0.108
2538.82549 19.354 0.108
2539.72265 19.538 0.101
2540.76541 19.449 0.128
2541.73454 19.385 0.082
2542.70435 19.203 0.065
2544.68455 19.406 0.078
2545.69781 19.358 0.069
2547.71580 19.055 0.063
2548.73404 19.408 0.085
2550.72932 19.277 0.069
2551.71584 19.140 0.058
2552.73183 19.398 0.063
2553.67260 19.554 0.123
2554.72497 19.487 0.088
2555.73288 19.248 0.070
2556.71196 19.179 0.060
2557.72450 19.552 0.070
2558.68095 19.387 0.077
2559.63798 19.116 0.072
2560.67095 19.175 0.058
2561.71657 19.624 0.126
2562.68930 19.509 0.097
2563.69722 19.317 0.082
2564.71362 19.328 0.093
2565.70935 19.335 0.087
2566.68429 19.377 0.084
2568.75335 19.281 0.121
2571.67013 19.515 0.098
2572.77733 19.220 0.120
2573.68325 19.292 0.112
2574.66321 19.635 0.093
2576.69796 19.370 0.095
2577.66299 19.226 0.098
2578.65052 19.248 0.084
2579.66106 19.404 0.099
2580.66917 19.366 0.082
2583.64121 19.683 0.137
2584.64769 19.581 0.113
2586.66313 19.128 0.066
2587.63100 19.408 0.088
2589.62189 19.416 0.085
2590.63867 19.250 0.087
2591.66483 19.054 0.072
2593.62810 19.482 0.095
2594.63411 19.282 0.100
2596.60776 19.462 0.114
2597.59493 19.539 0.150
2598.67513 19.388 0.100
2599.62921 19.283 0.107
2607.64930 19.377 0.111
2610.57065 19.490 0.110
2613.56455 19.063 0.070
2615.59498 19.361 0.074
2619.57948 19.357 0.099
2621.58853 19.172 0.094
2625.57120 19.236 0.115
2627.54189 19.414 0.122
2630.55615 19.298 0.124
2635.56986 19.089 0.058
2637.56475 19.437 0.084
2640.53508 19.264 0.089
2642.57483 19.423 0.112
2646.58618 19.481 0.100
2651.56047 19.456 0.132
2654.58456 19.644 0.162
2657.54036 19.202 0.108
2661.53687 19.305 0.064
2664.57735 19.320 0.118
2667.53616 19.485 0.133
2672.55530 19.728 0.197
2676.54550 19.230 0.086
2679.56021 19.276 0.080
2683.53877 19.246 0.118
2777.92553 19.054 0.082
2804.85406 19.396 0.165
2805.87134 19.316 0.153
2811.92647 19.328 0.108
2815.90009 19.407 0.077
2817.94873 19.499 0.214
2825.93196 19.239 0.099
2830.83926 19.081 0.076
2831.80886 19.545 0.120
2832.76957 19.454 0.103
2832.94747 19.637 0.141
2833.88741 19.308 0.113
2834.93806 19.425 0.106
2838.83943 19.333 0.115
2840.84711 19.581 0.098
2843.84842 19.248 0.068
2844.89415 19.170 0.063
2845.94117 19.268 0.104
2849.87768 19.205 0.079
2850.91043 19.653 0.131
2852.83903 19.141 0.105
2854.85034 19.453 0.122
2857.85776 19.197 0.073
2858.93138 19.112 0.057
2860.89731 19.427 0.078
2861.76875 19.198 0.058
2862.89217 19.129 0.081
2863.85684 19.325 0.117
2865.81655 19.326 0.079
2867.80597 19.563 0.081
2868.80956 19.385 0.077
2869.79609 19.293 0.068
2870.83760 19.176 0.059
2871.88072 19.015 0.057
2872.83755 19.479 0.070
2875.82839 19.145 0.070
2876.79780 19.565 0.079
2879.72431 19.134 0.058
2883.84753 19.257 0.057
2885.78286 19.500 0.066
2890.71377 19.380 0.134
2893.76519 19.241 0.070
2895.81442 19.354 0.071
2897.71794 19.253 0.073
2899.75560 19.454 0.070
2903.77136 19.537 0.056
2906.72361 19.121 0.051
2908.70062 19.394 0.085
2910.69548 19.148 0.069
2912.70084 19.549 0.080
2916.71358 19.379 0.062
2918.69046 19.146 0.063
2922.69044 19.314 0.088
2924.63142 19.575 0.113
2926.62544 19.302 0.090
2929.68661 19.667 0.109
2931.66256 19.271 0.053
2933.67302 19.646 0.069
2935.63736 19.388 0.099
2937.66296 19.407 0.108
2939.67843 19.548 0.110
2940.65556 19.269 0.050
2941.63083 19.082 0.047
2942.65562 19.627 0.103
2943.62697 19.340 0.092
2944.61135 19.221 0.076
2946.60608 19.513 0.106
2947.63769 19.469 0.096
2949.61876 19.209 0.067
2950.57032 19.556 0.109
2951.65088 19.604 0.117
2953.59882 19.176 0.068
2955.58392 19.617 0.137
2957.59754 19.275 0.059
2960.61667 19.934 0.165
2962.65182 19.231 0.072
2965.65449 19.393 0.079
2968.61683 19.361 0.108
2970.63565 19.499 0.087
2972.64021 19.239 0.093
2975.54830 19.203 0.065
2977.64410 19.230 0.107
2979.58399 19.394 0.102
2981.63128 19.215 0.151
2983.56480 19.394 0.092
2986.58140 19.494 0.087
2988.55338 19.435 0.103
2991.57953 19.569 0.112
2994.56595 19.180 0.071
2997.58066 19.406 0.079
3000.57236 19.543 0.095
3003.55468 18.960 0.068
3006.54197 19.375 0.081
3009.53724 19.575 0.154
3013.53965 19.563 0.119
3015.57491 19.406 0.094
3018.55200 19.434 0.111
3020.58772 19.323 0.078
3024.54039 19.257 0.104
3025.60001 19.294 0.081
3027.62550 19.373 0.080
3029.59718 19.358 0.084
3031.60201 19.442 0.089
3034.53225 19.250 0.081
3037.55144 19.336 0.113
3183.93344 19.517 0.115
3193.90132 19.364 0.075
3196.87341 19.491 0.077
3197.93581 19.361 0.099
3199.93449 19.174 0.116
3202.86127 19.309 0.079
3203.90135 19.126 0.046
3204.94686 19.341 0.102
3206.83917 19.490 0.096
3210.91514 19.380 0.084
3211.86974 19.213 0.075
3215.80488 19.390 0.136
3216.75078 19.621 0.155
3217.80073 19.505 0.127
3223.85690 19.455 0.106
3228.77557 19.236 0.086
3229.85740 19.324 0.061
3231.83890 19.450 0.124
3238.77575 19.175 0.063
3239.81930 19.518 0.081
3240.81200 19.464 0.108
3241.79549 19.304 0.072
3242.73945 19.128 0.064
3243.87206 18.937 0.068
3244.85067 19.893 0.200
3245.79842 19.308 0.096
3246.79117 19.254 0.082
3247.79953 19.022 0.073
3249.74984 19.444 0.104
3251.76341 19.108 0.046
3254.75108 19.306 0.062
3257.77540 19.555 0.064
3259.68813 19.216 0.061
3261.72417 19.525 0.072
3263.72140 19.309 0.051
3265.74273 19.165 0.066
3267.72949 19.657 0.089
3270.68294 19.457 0.087
3271.68586 19.382 0.090
3273.64418 18.929 0.073
3275.63007 19.632 0.145
3276.73343 19.726 0.141
3277.77208 19.294 0.085
3279.70370 19.400 0.073
3281.66225 19.210 0.047
3283.66393 19.628 0.058
3287.63009 19.701 0.104
3289.64504 19.250 0.054
3291.57800 19.258 0.081
3295.63653 19.131 0.038
3298.57442 19.460 0.070
3300.57673 19.597 0.116
3302.55371 19.405 0.106
3305.65373 19.312 0.080
3307.56602 19.199 0.107
3309.59110 19.554 0.085
3311.54272 19.240 0.072
3314.58567 20.106 0.265
3320.62349 19.352 0.064
3323.57092 19.499 0.088
3327.57844 19.743 0.093
3330.57393 19.236 0.090
3335.61794 19.209 0.089
3338.56361 19.333 0.071
3350.53794 19.526 0.078
3353.59651 19.266 0.067
3359.57838 19.616 0.103
3363.58049 19.586 0.122
3367.64009 19.041 0.073
3372.57356 19.516 0.083
3376.54970 19.651 0.084
3380.53613 19.207 0.108
3386.58308 19.367 0.057
3395.53091 19.206 0.128
3398.57862 19.173 0.087
3402.57585 19.197 0.074
3543.88948 19.289 0.084
3551.91296 19.545 0.098
3554.94420 19.319 0.095
3561.95140 19.554 0.138
3564.92910 19.525 0.061
3568.87470 19.423 0.088
3570.83573 19.164 0.101
3571.82667 19.182 0.106
3573.87237 19.970 0.225
3575.82813 19.171 0.063
3577.88450 19.393 0.094
3578.92054 19.391 0.065
3579.82559 19.284 0.056
3581.89467 19.343 0.095
3582.85097 19.185 0.095
3583.86119 19.245 0.063
3585.88230 19.500 0.054
3586.83446 19.289 0.048
3588.85274 19.288 0.067
3590.80879 19.520 0.064
3592.77354 19.068 0.036
3594.81303 19.454 0.070
3597.85295 19.272 0.076
3600.88915 19.313 0.136
3602.75000 19.780 0.171
3607.84113 19.586 0.075
3614.81334 19.266 0.053
3617.79714 19.486 0.062
3619.77522 19.178 0.055
3621.76772 19.440 0.070
3628.79458 19.049 0.096
3630.64647 19.333 0.110
3632.64381 19.116 0.101
3634.71671 19.388 0.071
3637.67552 19.373 0.087
3639.72545 19.401 0.048
3641.72221 19.162 0.064
3643.82063 19.895 0.166
3644.76131 19.370 0.049
3646.69235 19.191 0.072
3650.71358 19.113 0.052
3652.64871 19.379 0.056
3654.62702 19.103 0.054
3656.65072 19.360 0.075
3657.70841 19.575 0.081
3658.68572 19.429 0.099
3659.66604 19.157 0.086
3661.61473 19.420 0.106
3663.63769 19.016 0.076
3665.67000 19.454 0.076
3668.61917 19.417 0.101
3670.56986 19.484 0.108
3672.60931 19.084 0.071
3674.66816 19.436 0.064
3676.60857 19.106 0.062
3682.58531 19.741 0.120
3684.57820 19.242 0.061
3686.56809 19.718 0.107
3688.54115 19.226 0.065
3690.54705 19.521 0.133
3692.59962 19.473 0.103
3694.58619 19.040 0.052
3696.58233 19.454 0.064
3698.61606 19.649 0.134
3700.62609 19.356 0.086
3702.61702 19.228 0.074
3704.61753 19.508 0.097
3706.63241 19.403 0.061
3708.61381 18.993 0.068
3712.57033 19.208 0.058
3714.57303 19.450 0.091
3718.55650 19.442 0.093
3721.58868 19.080 0.076
3725.61758 19.205 0.052
3730.54182 19.206 0.051
3734.61251 19.166 0.053
3738.56458 19.299 0.083
3742.56175 19.163 0.095
3747.56253 19.211 0.097
3751.57033 19.482 0.136
3762.54834 19.353 0.121
3766.55357 19.178 0.058
3772.58033 19.351 0.071
3777.52767 19.585 0.145
3871.89974 19.043 0.086
3902.92003 19.285 0.090
3907.91487 19.072 0.065
3913.94042 19.440 0.059
3918.91019 19.443 0.068
3931.94175 19.893 0.172
3934.87970 19.097 0.053
3936.88802 19.650 0.101
3938.87205 19.385 0.084
3945.87897 19.390 0.067
3950.82390 19.274 0.062
3957.77944 19.820 0.203
3959.76889 19.365 0.090
3961.76302 19.521 0.123
3964.77127 19.137 0.044
3966.76352 19.426 0.059
3968.75719 19.362 0.062
3970.74888 19.678 0.066
3973.71818 18.951 0.058
3975.73044 19.335 0.068
3980.66569 19.348 0.086
3981.66545 19.166 0.061
3982.72979 19.069 0.081
3986.70312 19.182 0.079
3991.73234 18.965 0.065
3994.64474 19.309 0.079
3998.67513 19.355 0.094
4001.64593 19.511 0.069
4003.61736 19.339 0.083
4004.69715 19.099 0.054
4005.69130 19.398 0.057
4007.58456 19.221 0.065
4008.59344 19.061 0.043
4011.64394 19.368 0.072
4014.62637 19.949 0.204
4016.62315 19.340 0.079
4018.61955 19.622 0.093
4020.62300 19.595 0.117
4023.60886 19.698 0.122
4025.60923 19.120 0.067
4027.59736 19.601 0.105
4029.57966 19.310 0.072
4031.56675 19.587 0.082
4033.66099 19.437 0.075
4038.55618 19.636 0.120
4042.56434 19.374 0.082
4044.58735 19.107 0.106
4046.62044 19.325 0.087
4049.53237 19.502 0.071
4051.58195 19.409 0.082
4053.62938 19.164 0.049
4055.52203 19.501 0.138
4057.59738 19.045 0.091
4059.59585 19.519 0.078
4063.54088 19.646 0.096
4065.59293 19.542 0.078
4067.58378 19.651 0.096
4069.53666 19.672 0.111
4071.54748 19.298 0.077
4074.54357 19.333 0.082
4077.54530 19.449 0.074
4079.54548 18.999 0.060
4082.54683 19.527 0.085
4085.62418 19.332 0.092
4092.57966 19.304 0.053
4097.62224 19.287 0.083
4100.61370 19.322 0.082
4105.57770 19.238 0.082
4111.61414 19.177 0.050
4115.53361 19.167 0.080
4120.56452 19.187 0.064
4124.58160 19.135 0.063
4128.59999 19.374 0.079
4252.94769 19.307 0.112
4255.86769 19.418 0.108
4268.92644 19.409 0.081
4275.94137 19.279 0.097
4279.83820 19.091 0.098
4282.82960 19.256 0.084
4283.84865 19.179 0.100
4284.87907 19.264 0.102
4285.94449 19.293 0.095
4292.88693 19.234 0.056
4295.88040 19.295 0.073
4296.91088 19.338 0.055
4297.94282 19.259 0.066
4299.87768 19.404 0.063
4300.89942 19.334 0.064
4301.91797 19.285 0.051
4302.93987 19.203 0.072
4306.93658 19.074 0.069
4307.85114 19.624 0.081
4308.67933 19.468 0.096
4308.88727 19.434 0.081
4310.85942 19.202 0.074
4311.85928 19.196 0.120
4312.92146 19.633 0.087
4314.94054 19.461 0.141
4316.84842 19.528 0.131
4320.87573 19.106 0.067
4326.85794 19.338 0.103
4327.83410 19.235 0.124
4328.84984 19.196 0.076
4329.85096 19.262 0.078
4330.88048 19.556 0.093
4332.89669 19.327 0.091
4334.87368 19.385 0.095
4338.92611 19.309 0.096
4340.79695 19.260 0.081
4341.78983 19.162 0.084
4342.86400 19.166 0.082
4343.78338 19.484 0.089
4344.76546 19.432 0.090
4346.72175 19.385 0.101
4348.72754 19.385 0.080
4350.70420 19.032 0.050
4352.80632 19.405 0.106
4353.66233 19.238 0.082
4354.78367 19.255 0.068
4357.76735 19.403 0.099
4359.72131 19.091 0.071
4362.66896 19.358 0.134
4363.62824 19.187 0.078
4365.68662 19.694 0.151
4369.68060 19.547 0.147
4371.66955 19.282 0.090
4376.67301 19.169 0.076
4378.63963 19.607 0.112
4379.67093 19.413 0.122
4381.63008 19.213 0.103
4382.70864 19.612 0.090
4386.68289 19.267 0.070
4388.68361 19.427 0.080
4390.69245 19.138 0.055
4393.68700 19.460 0.105
4396.66156 19.510 0.112
4398.66655 19.256 0.085
4400.69106 19.694 0.123
4404.66806 19.401 0.107
4407.65595 19.207 0.072
4410.68586 19.500 0.094
4415.67219 19.386 0.071
4418.61771 19.514 0.076
4421.67552 19.216 0.071
4423.67997 19.448 0.110
4426.55618 19.780 0.158
4428.57287 19.256 0.109
4430.63309 19.140 0.074
4432.61899 19.600 0.094
4434.62426 19.158 0.069
4436.60056 19.465 0.082
4438.66322 19.266 0.101
4440.59635 19.439 0.107
4442.55787 19.316 0.111
4444.58267 19.529 0.149
4450.61510 19.545 0.143
4452.59264 19.057 0.069
4454.52968 19.617 0.180
4455.60178 19.461 0.099
4457.53731 19.991 0.220
4459.55740 19.386 0.108
4462.58885 19.551 0.110
4466.61300 19.155 0.079
4471.54766 19.473 0.111
4475.54173 19.522 0.120
4480.58275 19.517 0.111
4482.58971 19.512 0.152
4485.59278 19.266 0.112
4488.59503 19.032 0.097
4609.91743 19.446 0.111
4643.90154 19.023 0.071
4650.94042 19.334 0.073
4655.91983 19.455 0.080
4662.79821 19.390 0.067
4662.91503 19.596 0.084
4663.76980 19.457 0.109
4663.91765 19.286 0.093
4665.84291 19.205 0.099
4665.93674 19.316 0.099
4666.93588 19.098 0.085
4670.92500 19.043 0.062
4671.89492 19.568 0.111
4676.92519 19.473 0.126
4677.84080 19.369 0.062
4682.81523 19.189 0.067
4684.85309 19.509 0.085
4686.81308 19.306 0.054
4688.82904 19.532 0.076
4690.75464 19.327 0.066
4691.75767 19.355 0.106
4693.91264 19.162 0.093
4696.88632 19.147 0.115
4697.82483 19.698 0.143
4698.77439 19.479 0.063
4699.76852 19.329 0.069
4700.80323 19.270 0.072
4701.81114 19.185 0.072
4703.77036 19.354 0.080
4704.78910 19.184 0.053
4705.79660 19.151 0.076
4707.78899 19.493 0.068
4709.74481 19.118 0.058
4710.77338 19.644 0.087
4715.75334 19.562 0.101
4716.77905 19.811 0.084
4717.70510 19.225 0.079
4719.79393 19.262 0.114
4721.78677 19.385 0.127
4724.66933 19.369 0.097
4725.74880 19.487 0.093
4728.75439 19.561 0.096
4733.73096 19.410 0.073
4740.67253 19.178 0.067
4741.70791 19.603 0.070
4743.75648 19.460 0.066
4747.61211 19.252 0.083
4749.61179 19.333 0.106
4753.68276 19.225 0.097
4755.67478 19.528 0.091
4757.65927 19.213 0.064
4759.67397 19.527 0.066
4761.64235 19.278 0.048
4763.65960 19.644 0.122
4767.60052 19.657 0.109
4770.66906 19.203 0.085
4772.60680 19.395 0.072
4774.56136 19.244 0.073
4776.55297 19.597 0.101
4777.65491 19.554 0.108
4780.52361 19.547 0.114
4781.63756 19.570 0.100
4783.58669 19.220 0.085
4785.62207 19.282 0.104
4789.55318 19.752 0.104
4791.53470 19.355 0.095
4793.54212 19.280 0.082
4795.55482 19.444 0.075
4797.54708 19.166 0.075
4798.61042 19.064 0.071
4800.65780 19.332 0.079
4803.54891 19.488 0.091
4804.60400 19.349 0.112
4805.59086 19.200 0.070
4807.52867 19.489 0.148
4809.55802 19.337 0.081
4811.57992 19.115 0.071
4813.55685 19.398 0.116
4815.59277 19.174 0.091
4816.53985 19.547 0.105
4818.59012 19.372 0.095
4820.53162 19.391 0.110
4822.58838 19.544 0.097
4824.57320 19.158 0.093
4826.63284 19.714 0.109
4833.57228 19.134 0.067
4835.59549 19.637 0.142
4836.63561 19.240 0.103
4837.56251 19.221 0.117
4837.60646 19.412 0.127
4838.60656 19.200 0.083
4839.58508 19.517 0.129
4841.55724 19.127 0.087
4841.58281 19.228 0.098
4842.53474 19.061 0.114
4842.60683 19.314 0.122
4843.52893 19.721 0.238
4843.57704 19.594 0.144
4844.52683 19.310 0.188
4844.61721 19.427 0.096
4846.58616 19.240 0.083
4847.62249 19.141 0.108
4848.62240 19.672 0.101
4850.60987 19.342 0.089
4854.60110 19.324 0.086
4856.61834 19.075 0.061
4862.56626 19.329 0.072
4868.55663 19.287 0.092
4935.91263 19.225 0.097
4937.91334 19.394 0.090
4940.91475 19.537 0.115
4954.91770 19.479 0.108
