2086.92886 18.912 0.065
2104.86099 18.937 0.047
2106.92089 19.084 0.067
2113.84132 19.032 0.069
2114.85557 19.052 0.074
2115.91948 18.968 0.075
2116.90195 19.147 0.073
2117.90764 19.057 0.066
2123.85186 18.844 0.052
2128.85517 18.932 0.075
2129.88733 19.120 0.066
2130.83621 18.941 0.067
2131.82971 18.661 0.047
2132.83589 19.147 0.075
2133.92450 18.985 0.087
2134.84083 19.188 0.082
2135.87602 18.964 0.059
2136.87654 18.755 0.063
2137.91916 19.140 0.098
2140.84509 19.077 0.081
2142.89135 19.167 0.075
2143.85211 19.065 0.062
2144.81687 18.692 0.034
2156.85506 18.893 0.059
2160.78480 19.037 0.070
2162.79136 18.715 0.040
2165.77517 18.962 0.062
2166.78614 19.098 0.056
2167.75693 18.837 0.047
2168.74346 19.171 0.067
2171.76949 19.124 0.058
2172.77606 18.827 0.046
2173.73818 19.128 0.062
2177.66980 18.833 0.056
2185.69466 18.716 0.061
2187.67723 18.987 0.082
2190.72123 18.881 0.054
2192.69079 18.930 0.038
2193.71178 18.783 0.035
2194.68300 19.124 0.055
2200.69548 19.091 0.061
2201.74914 18.860 0.040
2206.63497 18.836 0.073
2211.67361 18.784 0.058
2213.68366 18.889 0.065
2214.67003 18.876 0.073
2215.68533 19.019 0.066
2217.66297 19.009 0.077
2222.75538 18.780 0.055
2225.62463 19.092 0.054
2226.67098 19.032 0.070
2228.58638 19.048 0.067
2230.52369 19.235 0.101
2232.53742 19.085 0.070
2234.57950 18.797 0.043
2236.56900 18.965 0.055
2238.57439 19.041 0.063
2241.56118 18.938 0.061
2243.59947 19.202 0.071
2248.64388 18.903 0.048
2250.62205 18.842 0.048
2253.60092 18.868 0.052
2256.58005 19.084 0.070
2258.62050 18.772 0.038
2265.63776 19.025 0.059
2270.59595 19.053 0.056
2272.59401 19.091 0.067
2274.57785 19.233 0.093
2276.54537 18.778 0.059
2280.55795 19.022 0.082
2285.59640 19.152 0.066
2289.59333 18.828 0.047
2291.59403 18.968 0.051
2293.59472 19.142 0.067
2295.59103 19.212 0.073
2297.59420 18.776 0.047
2299.59068 18.976 0.073
2301.58335 18.997 0.075
2466.86683 19.205 0.090
2467.93072 19.043 0.067
2469.92999 19.115 0.051
2471.91956 18.722 0.047
2472.90961 19.123 0.051
2473.93580 18.893 0.047
2481.89505 18.846 0.063
2483.91870 18.948 0.044
2486.91885 18.879 0.069
2488.93421 19.081 0.082
2490.79641 19.000 0.083
2492.93310 18.743 0.050
2496.93290 19.038 0.058
2498.80420 18.984 0.051
2499.88914 18.889 0.043
2500.89760 19.053 0.062
2501.88433 18.976 0.051
2502.86450 18.766 0.051
2508.77508 19.137 0.122
2516.80655 19.004 0.066
2517.85331 18.929 0.061
2518.82568 19.020 0.066
2519.82390 19.018 0.051
2520.82208 18.782 0.046
2521.81525 19.063 0.052
2524.81379 19.228 0.083
2526.80757 18.983 0.038
2529.80381 19.032 0.052
2534.86444 19.204 0.085
2535.80207 18.969 0.061
2537.73215 19.057 0.083
2538.83240 18.875 0.066
2539.72960 18.981 0.061
2540.77289 18.911 0.069
2541.74148 18.852 0.048
2542.71127 19.005 0.051
2544.69203 19.055 0.052
2545.70475 18.879 0.044
2547.72272 19.047 0.054
2548.74151 18.905 0.050
2550.73679 19.013 0.059
2551.72333 18.837 0.044
2552.73930 19.042 0.051
2553.68009 18.842 0.058
2554.73244 18.870 0.044
2555.74034 19.161 0.056
2556.71945 18.808 0.044
2557.73198 19.054 0.046
2558.68842 18.972 0.054
2559.64543 18.925 0.055
2560.67844 19.155 0.056
2561.72406 18.878 0.061
2562.69674 19.214 0.073
2563.70472 18.929 0.052
2564.72111 18.767 0.050
2565.71626 19.026 0.063
2566.69121 18.876 0.052
2568.76763 19.157 0.086
2571.67761 19.004 0.061
2572.75211 18.846 0.061
2573.69019 19.018 0.075
2574.67015 18.896 0.043
2576.70488 18.943 0.058
2577.66993 18.698 0.056
2578.65746 19.079 0.067
2579.66798 19.046 0.070
2580.67609 18.937 0.055
2583.64815 19.118 0.078
2584.65460 18.888 0.048
2586.65580 19.011 0.058
2587.63846 18.850 0.051
2589.62933 18.995 0.055
2590.64610 18.750 0.046
2591.67228 19.088 0.071
2593.63553 19.148 0.063
2594.64157 18.925 0.067
2596.61520 19.150 0.079
2597.60238 18.936 0.065
2598.68256 18.712 0.054
2599.63663 19.020 0.073
2607.65672 18.992 0.063
2610.57807 18.910 0.063
2613.57185 18.728 0.051
2615.60230 18.909 0.052
2619.58677 19.249 0.081
2621.59592 18.750 0.051
2625.57850 19.007 0.077
2627.54918 19.095 0.097
2630.56300 19.132 0.086
2635.57671 19.024 0.058
2640.54192 18.999 0.065
2642.58165 18.799 0.063
2646.59303 19.070 0.066
2651.56770 19.025 0.086
2654.59519 19.033 0.078
2657.54718 18.840 0.071
2661.55321 18.997 0.042
2664.58415 19.112 0.099
2667.54294 18.977 0.061
2668.57008 18.717 0.071
2672.56209 19.042 0.079
2676.55227 18.786 0.047
2679.56698 19.112 0.067
2683.54595 18.903 0.086
2777.93270 18.952 0.087
2804.86124 18.924 0.086
2805.87853 18.819 0.095
2811.93365 18.797 0.071
2815.90734 18.932 0.054
2825.93921 18.941 0.075
2830.84647 19.165 0.073
2831.81612 18.759 0.058
2832.78917 18.985 0.062
2833.89466 19.012 0.081
2834.94529 18.807 0.056
2836.90362 18.762 0.094
2838.84669 18.943 0.074
2840.85436 19.151 0.063
2843.85571 19.031 0.051
2844.90142 18.812 0.047
2845.94844 18.948 0.127
2849.88495 18.867 0.055
2850.91770 18.809 0.055
2852.84632 18.856 0.073
2854.85766 18.869 0.063
2857.86504 18.849 0.052
2858.93865 18.854 0.056
2860.90462 18.825 0.040
2861.77610 19.050 0.051
2862.89947 18.941 0.066
2863.86415 18.899 0.083
2865.82384 18.824 0.048
2867.81326 18.859 0.040
2868.81686 18.916 0.044
2869.80338 19.033 0.055
2870.84495 18.882 0.046
2871.88802 19.130 0.061
2872.84482 18.923 0.044
2875.83572 18.935 0.058
2876.80514 19.128 0.054
2879.73164 19.080 0.047
2883.85489 18.824 0.038
2885.79021 18.914 0.036
2890.72108 18.914 0.079
2893.77254 18.909 0.047
2895.82175 19.048 0.050
2897.72529 18.997 0.055
2899.76292 18.809 0.039
2903.78198 19.084 0.036
2906.73098 18.901 0.040
2908.70798 18.997 0.055
2910.70286 19.061 0.061
2912.70819 18.972 0.044
2916.72094 18.923 0.040
2918.69783 19.068 0.063
2922.69781 18.889 0.058
2924.63875 18.802 0.043
2926.63279 18.926 0.061
2929.69399 19.017 0.065
2931.66993 19.038 0.046
2933.68036 19.169 0.044
2935.64470 18.783 0.055
2937.67029 18.880 0.071
2939.68575 19.024 0.056
2940.66292 18.797 0.032
2941.63818 19.093 0.042
2942.66298 18.937 0.054
2943.63433 18.904 0.055
2944.61869 19.007 0.065
2946.61344 19.049 0.070
2947.64506 18.920 0.059
2949.62608 19.143 0.062
2950.57761 18.805 0.048
2951.65822 18.965 0.061
2953.60616 18.712 0.047
2955.59124 18.832 0.069
2957.60486 19.074 0.051
2962.65913 19.028 0.059
2965.66180 19.116 0.061
2968.62413 18.959 0.065
2970.64294 19.069 0.054
2972.64756 19.099 0.067
2975.55560 19.038 0.056
2977.65141 18.935 0.067
2979.59130 18.752 0.055
2981.63858 19.010 0.117
2983.57209 19.007 0.087
2986.58867 18.971 0.051
2988.56065 19.072 0.059
2991.59046 18.989 0.052
2994.57533 18.906 0.054
2997.58793 18.850 0.047
3000.57995 18.796 0.047
3003.56193 19.116 0.071
3006.54920 19.076 0.058
3009.54449 19.036 0.077
3013.54686 18.809 0.051
3015.58212 18.885 0.048
3018.55923 18.855 0.063
3020.59494 18.913 0.046
3022.54859 19.094 0.083
3024.54762 19.233 0.086
3025.60720 19.005 0.056
3027.63269 19.046 0.055
3029.60438 18.779 0.052
3031.60918 18.831 0.048
3034.53942 18.852 0.042
3037.55858 19.142 0.083
3179.92091 18.764 0.038
3183.94060 19.122 0.079
3193.90852 19.077 0.051
3196.88062 19.058 0.079
3197.94302 18.997 0.075
3202.86851 18.782 0.042
3203.90859 19.132 0.043
3206.84640 18.810 0.047
3210.92241 19.068 0.058
3211.87698 19.155 0.065
3215.81219 18.908 0.079
3216.75805 19.202 0.103
3217.80803 18.966 0.074
3223.86416 18.871 0.055
3228.78286 18.764 0.054
3229.86467 19.016 0.044
3231.84617 18.690 0.061
3238.78305 18.903 0.056
3239.82662 18.804 0.046
3240.81932 19.032 0.065
3241.80280 18.774 0.043
3242.74678 19.067 0.075
3243.87940 18.985 0.071
3244.85797 18.809 0.063
3245.80573 19.015 0.071
3246.79849 18.843 0.061
3247.80684 19.213 0.085
3249.75715 18.772 0.055
3251.77075 18.850 0.039
3254.75846 18.807 0.036
3257.78272 18.723 0.031
3259.69544 18.751 0.039
3261.73149 18.894 0.042
3263.72872 19.071 0.039
3265.75008 19.093 0.058
3267.73686 18.757 0.039
3270.69029 19.076 0.066
3271.69317 19.063 0.071
3273.65150 19.005 0.082
3275.64635 19.054 0.090
3276.74078 18.991 0.074
3277.77942 18.878 0.061
3279.71102 18.946 0.047
3281.66962 19.066 0.046
3283.67130 19.164 0.040
3287.63743 18.935 0.051
3289.65237 19.013 0.044
3291.59046 19.124 0.075
3293.62596 18.847 0.047
3295.64387 18.870 0.030
3298.58178 18.760 0.040
3300.58406 18.940 0.065
3302.56103 18.877 0.058
3305.66111 18.944 0.054
3307.57337 18.978 0.083
3309.59841 19.046 0.051
3311.55003 18.773 0.048
3314.59300 19.169 0.087
3320.63081 19.136 0.052
3323.57823 18.903 0.046
3327.58576 19.182 0.054
3330.58126 19.073 0.071
3335.62523 19.233 0.081
3338.57091 19.006 0.054
3350.54522 18.733 0.038
3353.60382 18.842 0.039
3359.58568 19.030 0.052
3363.58771 18.731 0.051
3367.64734 19.018 0.070
3372.58082 19.079 0.054
3376.55696 18.836 0.043
3380.54334 18.973 0.067
3386.59028 18.904 0.038
3395.53809 19.007 0.082
3398.58578 19.004 0.081
3402.58303 18.783 0.042
3543.89658 19.056 0.077
3551.92011 19.028 0.058
3558.90365 18.713 0.034
3562.89076 18.891 0.039
3568.88187 18.819 0.040
3570.84292 18.808 0.067
3571.83383 18.939 0.070
3573.87955 18.934 0.077
3575.83531 18.969 0.047
3577.89168 19.090 0.065
3578.92775 18.972 0.046
3579.83277 19.175 0.048
3581.90186 18.849 0.048
3582.85814 19.028 0.056
3583.86838 18.920 0.042
3585.88952 19.062 0.039
3586.84166 18.887 0.031
3588.85993 18.974 0.047
3590.81599 19.090 0.043
3592.78075 19.062 0.038
3594.82024 18.722 0.035
3600.90602 19.069 0.131
3602.76459 18.918 0.066
3607.84838 18.818 0.040
3614.82059 19.041 0.036
3617.80437 18.765 0.035
3619.78250 18.993 0.039
3621.77498 18.922 0.039
3630.65377 18.789 0.063
3632.65108 18.875 0.078
3634.72398 19.135 0.051
3637.68279 19.029 0.056
3639.73273 19.048 0.034
3641.72950 18.846 0.051
3643.82794 18.815 0.058
3644.76859 19.123 0.039
3646.69964 18.773 0.046
3650.72085 19.048 0.052
3652.65597 19.138 0.046
3654.63430 19.159 0.050
3656.65798 18.759 0.039
3657.71569 19.071 0.056
3658.69298 18.951 0.055
3659.67331 18.738 0.062
3661.62201 18.773 0.061
3663.64496 18.992 0.066
3665.67727 19.086 0.061
3668.62641 18.985 0.054
3670.57713 18.955 0.065
3672.61658 19.151 0.067
3674.67542 18.797 0.036
3676.61585 18.949 0.047
3682.59255 18.824 0.058
3684.58548 18.874 0.040
3686.57536 18.925 0.051
3688.54843 19.034 0.056
3690.55431 19.034 0.067
3692.60689 18.838 0.048
3694.59344 18.920 0.051
3696.58957 19.074 0.043
3698.62818 18.877 0.066
3700.63333 18.889 0.050
3702.62424 18.966 0.050
3704.62477 19.154 0.056
3706.63964 18.876 0.039
3708.62106 18.751 0.048
3712.57756 19.116 0.052
3714.58024 19.096 0.056
3718.56370 18.756 0.046
3721.59590 18.763 0.054
3725.62476 19.089 0.050
3730.54901 19.050 0.039
3734.61972 18.909 0.040
3738.57175 19.061 0.066
3742.56894 18.758 0.054
3747.56968 18.783 0.063
3751.57748 19.093 0.090
3762.55545 18.950 0.081
3766.56068 19.089 0.054
3772.58746 19.041 0.051
3777.53478 18.947 0.066
3871.90682 18.791 0.071
3902.92716 18.960 0.061
3913.94752 18.827 0.047
3918.91736 18.767 0.038
3932.86852 19.079 0.061
3934.88688 18.707 0.038
3936.89519 18.945 0.047
3938.87926 18.989 0.055
3945.88616 19.158 0.048
3950.83105 19.214 0.062
3957.78658 18.685 0.063
3959.77600 19.007 0.065
3961.77017 19.021 0.073
3964.77840 18.925 0.031
3966.77066 19.015 0.043
3968.76436 19.296 0.056
3970.75601 18.812 0.031
3973.72534 19.065 0.056
3975.73760 18.838 0.044
3980.67286 18.794 0.051
3981.67260 19.063 0.048
3982.73693 19.089 0.086
3986.71028 19.143 0.067
3991.73950 18.683 0.047
3994.65190 19.060 0.059
3998.68230 18.948 0.067
4001.65311 18.772 0.035
4003.62454 18.982 0.047
4004.70432 18.749 0.035
4005.69850 19.117 0.048
4007.59176 19.048 0.051
4008.60065 18.848 0.034
4011.65112 18.847 0.042
4014.63354 18.758 0.058
4016.63035 18.888 0.054
4018.62675 19.151 0.061
4023.61607 18.946 0.059
4025.61641 19.087 0.058
4027.60452 18.735 0.040
4029.58684 18.815 0.044
4031.57393 18.899 0.043
4033.66816 19.096 0.061
4038.56335 19.280 0.081
4040.54361 18.863 0.056
4042.57152 18.918 0.054
4046.62763 19.137 0.086
4049.53950 19.023 0.047
4051.58914 19.346 0.075
4053.63652 18.757 0.034
4055.52920 18.967 0.071
4057.60456 18.956 0.063
4059.60298 19.086 0.051
4063.54979 18.767 0.044
4065.60009 18.920 0.042
4067.59093 19.031 0.052
4069.54378 19.256 0.074
4071.55461 18.849 0.047
4074.55072 18.931 0.058
4077.55245 19.063 0.052
4079.55264 18.767 0.048
4082.55395 18.964 0.048
4085.63130 19.248 0.082
4092.58677 18.800 0.032
4097.62930 18.801 0.061
4100.62076 18.932 0.054
4105.58477 18.752 0.043
4111.62120 19.071 0.046
4115.54066 18.936 0.055
4120.57159 18.941 0.047
4124.58863 19.100 0.058
4128.60700 18.906 0.051
4253.87645 18.709 0.078
4255.87472 18.810 0.061
4268.93305 18.985 0.055
4275.94799 19.067 0.081
4279.84483 18.866 0.075
4282.83623 19.102 0.066
4283.85527 19.008 0.077
4284.88571 18.769 0.061
4289.86032 18.820 0.050
4292.89358 18.771 0.040
4295.88706 18.944 0.048
4296.91754 19.117 0.043
4297.94949 18.893 0.083
4299.88435 18.944 0.038
4300.90609 18.733 0.038
4301.92463 19.138 0.054
4302.94653 19.007 0.078
4306.94324 19.185 0.099
4307.85783 18.838 0.038
4308.68603 19.161 0.062
4308.89396 18.868 0.046
4310.86610 18.848 0.054
4311.86598 19.267 0.115
4312.92813 18.985 0.044
4316.85511 19.164 0.073
4320.88244 18.941 0.061
4326.86466 18.697 0.051
4327.88694 19.048 0.087
4328.85696 18.908 0.056
4329.85769 19.121 0.070
4330.88763 19.003 0.059
4332.90380 19.104 0.073
4334.88084 18.753 0.059
4339.87743 18.877 0.071
4340.80413 19.051 0.063
4341.79696 18.800 0.056
4342.87120 19.077 0.065
4343.79056 18.916 0.056
4344.77263 18.731 0.043
4346.72889 18.793 0.048
4348.73472 18.948 0.051
4350.71139 19.093 0.046
4353.66950 18.911 0.058
4354.79087 18.840 0.047
4359.72850 18.707 0.047
4362.67613 18.789 0.071
4363.63544 19.147 0.067
4365.69381 19.025 0.085
4369.68775 18.949 0.074
4371.67675 19.030 0.075
4376.68020 19.072 0.063
4378.64686 19.137 0.066
4379.67813 18.905 0.063
4381.63727 18.968 0.073
4382.71584 18.883 0.046
4386.69009 19.077 0.051
4388.69084 18.713 0.046
4390.69965 18.944 0.046
4393.69415 18.950 0.058
4396.66875 18.956 0.058
4398.67374 18.854 0.059
4400.69824 18.921 0.058
4404.67526 19.143 0.083
4407.66312 19.049 0.066
4410.69303 19.041 0.059
4415.67937 19.074 0.056
4418.62491 18.953 0.044
4421.68272 18.947 0.050
4423.68716 19.144 0.067
4426.56336 18.953 0.067
4428.58005 19.122 0.095
4430.64021 19.040 0.071
4432.62615 18.678 0.040
4434.63138 18.876 0.048
4436.60773 19.095 0.059
4438.67037 19.104 0.086
4442.56500 18.813 0.066
4444.58976 18.881 0.082
4450.62223 18.838 0.070
4452.59974 18.844 0.055
4454.53681 19.107 0.079
4455.60889 18.867 0.055
4457.54444 18.874 0.071
4459.56451 19.027 0.082
4462.59595 19.035 0.065
4466.62009 18.674 0.052
4471.55474 18.829 0.055
4475.54881 19.104 0.061
4480.58984 18.992 0.065
4482.59678 19.093 0.095
4485.60664 19.170 0.099
4488.60208 19.264 0.111
4609.92442 19.162 0.073
4643.90859 19.100 0.073
4650.94747 18.752 0.061
4655.92692 18.849 0.042
4662.80529 18.893 0.042
4662.92211 18.944 0.043
4663.77690 18.967 0.063
4663.92474 18.836 0.063
4665.85001 18.888 0.067
4665.94382 18.963 0.077
4666.94299 18.668 0.058
4670.93211 19.029 0.056
4671.90202 18.640 0.044
4676.93232 18.777 0.066
4677.84795 19.101 0.047
4682.82234 19.126 0.063
4684.86024 18.757 0.048
4686.82021 18.873 0.034
4688.83616 19.000 0.044
4690.76180 19.046 0.044
4691.76483 18.744 0.047
4693.91978 19.067 0.093
4696.91654 19.019 0.098
4697.83195 18.723 0.069
4698.78154 19.025 0.038
4699.77568 18.740 0.043
4700.81039 19.073 0.051
4701.81829 19.001 0.058
4703.77751 19.042 0.061
4704.79624 18.860 0.036
4705.80375 19.069 0.062
4707.79617 18.708 0.035
4709.75197 18.921 0.050
4710.78053 18.774 0.040
4715.76054 18.805 0.052
4716.84376 19.065 0.047
4717.71370 18.849 0.048
4719.80110 18.982 0.063
4721.79398 19.024 0.062
4724.67650 18.915 0.063
4725.75601 18.856 0.050
4733.73816 18.755 0.040
4740.67973 18.927 0.055
4741.71508 18.774 0.034
4747.61931 18.934 0.051
4749.61897 19.106 0.073
4753.68996 18.902 0.085
4755.68198 19.086 0.061
4757.66644 19.079 0.055
4759.68115 18.677 0.032
4761.64956 18.845 0.034
4763.66680 19.033 0.066
4767.60768 19.193 0.074
4770.67628 18.997 0.077
4772.61399 18.895 0.044
4774.56856 18.696 0.046
4776.56013 18.891 0.050
4777.66209 18.774 0.043
4780.53078 19.203 0.078
4781.64473 19.096 0.063
4783.59386 19.075 0.070
4785.62927 18.744 0.063
4789.56033 18.854 0.043
4791.54190 19.081 0.074
4793.54926 19.071 0.071
4795.56197 18.732 0.039
4797.55423 18.949 0.052
4798.61755 18.715 0.048
4800.66494 18.940 0.052
4802.57402 18.903 0.051
4803.55605 18.851 0.047
4804.61115 19.067 0.085
4805.53878 18.764 0.048
4805.59798 18.977 0.054
4806.58287 19.112 0.069
4806.62294 19.008 0.067
4807.53582 19.006 0.090
4807.60948 18.912 0.075
4808.57861 18.760 0.051
4808.62014 18.825 0.052
4809.56515 18.988 0.061
4809.63423 19.101 0.062
4810.54278 18.878 0.061
4811.58703 18.752 0.052
4812.62761 19.195 0.109
4813.56398 18.773 0.058
4815.59989 19.040 0.074
4816.54697 18.733 0.047
4818.59723 18.832 0.054
4820.53874 18.916 0.058
4822.59545 19.031 0.055
4824.58028 18.763 0.052
4826.63995 18.910 0.051
4833.57937 19.125 0.058
4835.60259 19.152 0.073
4837.61352 18.822 0.073
4841.58992 19.025 0.075
4843.58411 19.176 0.095
4844.53978 18.835 0.051
4846.59322 18.962 0.058
4847.54394 18.798 0.070
4848.62944 19.137 0.059
4849.54099 18.780 0.058
4849.64449 19.034 0.066
4850.58423 18.783 0.052
4850.61693 18.729 0.050
4850.64737 18.684 0.047
4854.60822 19.106 0.059
4856.62540 19.142 0.059
4862.57329 18.923 0.047
4868.56364 18.745 0.047
4948.92118 18.767 0.056
4954.92531 19.139 0.098
