 626.92236 19.079 0.045
 627.88806 19.271 0.057
 631.90353 19.158 0.062
 632.89828 18.813 0.046
 635.87420 18.775 0.035
 643.84355 19.183 0.049
 645.86970 19.446 0.063
 647.82750 18.885 0.070
 649.83240 19.484 0.096
 656.88490 19.198 0.041
 657.88876 19.012 0.048
 658.89750 19.300 0.073
 665.86454 19.255 0.045
 666.86662 19.092 0.034
 667.88563 18.876 0.032
 668.85644 19.469 0.046
 670.82209 19.186 0.051
 671.84455 19.254 0.029
 672.84951 19.081 0.028
 673.76255 19.155 0.039
 684.77748 19.180 0.049
 685.77799 18.991 0.040
 686.73406 19.326 0.056
 687.89535 19.250 0.046
 688.86325 19.096 0.038
 689.72982 19.259 0.040
 697.69565 18.927 0.042
 698.71092 19.072 0.061
 699.72173 19.229 0.044
 700.70681 19.049 0.035
 701.67847 19.020 0.038
 704.67302 18.823 0.045
 706.67140 19.466 0.116
 706.76589 19.220 0.077
 707.70196 19.058 0.054
 708.69944 19.269 0.076
 712.69978 19.252 0.047
 713.71402 19.091 0.044
 714.73055 19.054 0.030
 715.77140 19.311 0.050
 716.75394 19.153 0.039
 720.66095 19.143 0.060
 726.72108 19.014 0.033
 728.71418 19.133 0.038
 729.65857 18.930 0.037
 730.60992 19.255 0.063
 733.66954 19.200 0.074
 739.69173 18.844 0.039
 741.65530 19.137 0.051
 742.64913 18.913 0.036
 744.61763 19.156 0.055
 745.65752 18.855 0.035
 746.60233 19.212 0.048
 747.56011 19.063 0.060
 748.55677 18.997 0.055
 749.56319 19.326 0.110
 750.53742 19.399 0.109
 751.56756 18.845 0.049
 752.77132 18.938 0.039
 753.71106 19.314 0.054
 754.74258 19.089 0.055
 755.56627 19.223 0.056
 759.56890 19.212 0.047
 760.57325 19.006 0.039
 761.56849 19.284 0.056
 762.56648 19.168 0.060
 762.69675 19.331 0.080
 762.77515 19.194 0.078
 763.58547 19.217 0.069
 763.72971 19.223 0.056
 764.66350 19.089 0.083
 765.54885 19.144 0.071
 766.58577 19.118 0.065
 766.65231 19.049 0.062
 767.56020 18.912 0.071
 767.71384 19.084 0.076
 769.54510 19.110 0.048
 770.64137 18.904 0.041
 771.61758 19.294 0.051
 772.54561 19.077 0.049
 773.56823 18.937 0.040
 774.63805 19.111 0.050
 775.59093 19.227 0.047
 776.67190 19.066 0.053
 777.58885 19.307 0.050
 778.56200 19.276 0.076
 778.65350 19.382 0.089
 779.62136 19.191 0.067
 780.60968 19.173 0.105
 780.71526 19.130 0.074
 781.59773 19.353 0.059
 782.59538 19.084 0.054
 783.57511 18.918 0.033
 784.61472 19.348 0.062
 785.58560 19.092 0.051
 786.59030 18.906 0.036
 787.67068 19.375 0.055
 787.75649 18.953 0.045
 788.60232 19.173 0.046
 790.55230 19.211 0.074
 795.56410 19.025 0.047
 796.61368 18.952 0.052
 797.68416 19.243 0.052
 798.60159 19.005 0.040
 800.59948 19.212 0.040
 802.58000 18.824 0.041
 805.58605 18.867 0.052
 806.59683 19.327 0.096
 817.62428 18.978 0.044
 819.66540 19.177 0.042
 820.66437 19.141 0.051
 822.58433 19.251 0.051
 823.66164 19.205 0.061
 824.60975 18.920 0.054
 824.67256 19.090 0.067
 825.68294 19.228 0.107
 828.64298 19.124 0.052
 829.60958 19.271 0.062
 832.61648 19.300 0.057
 833.63661 19.061 0.041
 834.65079 18.814 0.044
 836.58417 19.189 0.066
 838.55727 19.271 0.080
 840.57274 18.854 0.046
 845.57840 19.129 0.041
 850.54587 19.263 0.090
 855.55254 19.117 0.070
 856.54041 18.890 0.055
 859.54006 18.935 0.044
 860.57237 19.127 0.060
 866.55969 19.209 0.083
 876.52823 19.365 0.064
 962.90893 19.041 0.055
 986.87520 19.267 0.056
 987.88751 19.071 0.045
 991.90141 18.794 0.038
 996.86759 19.127 0.025
 998.87483 19.178 0.054
1003.80598 18.912 0.059
1005.83141 19.306 0.075
1008.86458 19.336 0.067
1020.82745 19.154 0.050
1025.80710 19.116 0.060
1035.78197 18.908 0.042
1037.80920 19.192 0.053
1038.90825 19.132 0.068
1041.87866 19.119 0.043
1045.77979 19.364 0.054
1049.80021 19.313 0.056
1052.81056 19.270 0.059
1055.68031 19.288 0.049
1058.83214 19.209 0.064
1059.81098 19.309 0.083
1064.75414 19.217 0.061
1068.74598 19.267 0.054
1075.79109 19.197 0.045
1078.71287 19.221 0.046
1080.65892 19.368 0.057
1083.75124 19.230 0.039
1086.60176 19.319 0.063
1090.68488 19.232 0.070
1092.68494 19.036 0.051
1094.68110 18.961 0.032
1102.64969 19.236 0.053
1107.61803 18.976 0.035
1112.72420 19.292 0.059
1117.59963 19.017 0.054
1122.61118 19.079 0.049
1128.55978 19.253 0.070
1132.59016 18.875 0.040
1135.65880 19.120 0.043
1138.61161 19.156 0.044
1140.64401 19.200 0.053
1144.64701 19.178 0.061
1151.58148 19.015 0.043
1157.64681 19.007 0.051
1160.63831 19.183 0.060
1163.72024 19.303 0.058
1166.68726 19.146 0.043
1170.61619 19.072 0.040
1175.67732 19.184 0.070
1179.67502 19.252 0.064
1183.68389 19.051 0.052
1186.67773 19.009 0.035
1189.56628 19.000 0.038
1192.61088 19.031 0.044
1202.55746 18.886 0.053
1206.56109 19.298 0.068
1212.55263 18.962 0.070
1216.55870 19.394 0.097
1220.55488 19.377 0.070
1227.55050 19.065 0.077
1233.53804 19.093 0.079
1329.79949 19.389 0.100
1330.90965 19.143 0.077
1335.85481 19.284 0.079
1340.93068 19.050 0.047
1347.91200 18.993 0.049
1355.90091 19.408 0.096
1365.90181 19.228 0.064
1367.87934 19.248 0.079
1369.86702 18.921 0.053
1374.86593 19.326 0.073
1395.83152 19.331 0.076
1397.85487 19.047 0.053
1401.86854 18.891 0.038
1407.87583 19.000 0.047
1412.77381 19.168 0.056
1418.81388 19.232 0.053
1430.70787 19.211 0.063
1432.77276 18.914 0.038
1438.72565 18.930 0.031
1441.83272 19.154 0.039
1447.68917 19.089 0.078
1451.65522 19.007 0.046
1454.62946 19.097 0.063
1459.67503 19.292 0.067
1461.64987 19.241 0.059
1462.70825 19.378 0.058
1470.59708 19.353 0.079
1475.62114 18.992 0.052
1478.56976 19.106 0.061
1479.58593 19.032 0.057
1484.58517 19.157 0.057
1487.61220 19.300 0.059
1490.64791 19.281 0.063
1492.55068 19.352 0.083
1495.59999 18.844 0.039
1509.56707 19.189 0.049
1512.66923 19.260 0.071
1516.56893 19.096 0.041
1518.63885 19.260 0.062
1520.66672 19.019 0.053
1523.58406 19.144 0.116
1526.56696 19.103 0.047
1531.67426 19.304 0.061
1546.59038 18.951 0.038
1551.55342 19.093 0.046
1556.59417 19.209 0.072
1567.59053 18.928 0.086
1571.58500 18.929 0.042
1576.57385 19.121 0.071
1582.58456 19.225 0.055
1585.55840 19.357 0.082
1589.56026 19.243 0.069
1599.54021 19.173 0.083
1602.53002 19.245 0.091
1607.52414 19.305 0.091
1702.89469 19.225 0.074
1703.93661 18.924 0.051
1716.90261 18.807 0.048
1728.89407 19.186 0.061
1731.88065 19.139 0.035
1740.86928 19.285 0.076
1742.87087 19.246 0.063
1743.86711 19.059 0.052
1744.88617 19.092 0.058
1749.83657 19.132 0.037
1750.86304 19.126 0.058
1751.82030 19.191 0.045
1752.83609 19.277 0.060
1753.83716 18.964 0.046
1754.80935 19.251 0.053
1755.82920 19.267 0.098
1756.85835 19.114 0.100
1757.80777 18.963 0.067
1758.81238 19.287 0.062
1759.80224 19.217 0.054
1761.84164 19.108 0.051
1762.82400 19.251 0.058
1763.82968 18.965 0.036
1764.81942 19.218 0.041
1765.81560 19.298 0.071
1766.76889 18.760 0.061
1768.77985 19.222 0.064
1769.68872 18.832 0.048
1771.78203 19.241 0.088
1772.80192 19.069 0.043
1773.76917 19.293 0.056
1775.85301 19.046 0.039
1784.83735 19.251 0.063
1788.74070 18.904 0.053
1803.79483 19.240 0.058
1808.80371 19.338 0.049
1811.78690 19.073 0.033
1814.83372 18.887 0.039
1817.79961 18.949 0.033
1821.60149 19.161 0.082
1823.75900 18.966 0.029
1828.84547 19.265 0.061
1829.77024 18.952 0.046
1845.72556 19.039 0.034
1845.78591 19.125 0.047
1847.79392 19.036 0.039
1848.61296 18.787 0.036
1848.72270 18.892 0.042
1851.60426 18.906 0.053
1851.70669 19.006 0.067
1854.59403 18.893 0.047
1854.64835 18.992 0.043
1854.77630 18.998 0.040
1859.74028 19.156 0.054
1860.73637 19.258 0.070
1863.57351 18.977 0.044
1863.72395 19.119 0.063
1866.57634 19.007 0.036
1869.66389 19.205 0.047
1869.72088 19.277 0.075
1871.78471 18.818 0.036
1872.56450 19.004 0.049
2090.90645 19.116 0.093
2105.90431 19.053 0.062
2106.86900 19.099 0.082
2113.84931 18.826 0.056
2116.85251 18.897 0.050
2123.79926 19.215 0.080
2128.80717 18.978 0.079
2129.83914 18.882 0.053
2130.86372 19.222 0.076
2131.85700 19.230 0.099
2133.87603 19.502 0.158
2134.79108 19.221 0.101
2135.82375 19.062 0.069
2136.84410 19.295 0.095
2137.79775 18.961 0.066
2140.79271 19.114 0.076
2141.82752 19.203 0.114
2142.76949 19.253 0.072
2143.80029 19.415 0.093
2144.84635 18.891 0.050
2155.86014 19.548 0.168
2156.80676 19.139 0.084
2160.73173 18.803 0.061
2162.74263 19.288 0.076
2166.73725 18.978 0.055
2167.78340 18.970 0.056
2172.72763 18.980 0.059
2173.70817 19.107 0.061
2177.59917 19.205 0.111
2184.68234 19.357 0.116
2185.64629 18.733 0.057
2187.70370 19.357 0.121
2188.66169 18.966 0.086
2190.67272 19.352 0.073
2191.68098 19.018 0.068
2192.64577 19.164 0.053
2193.66687 19.283 0.060
2194.63500 19.060 0.062
2195.70179 18.880 0.043
2200.61254 18.993 0.068
2201.64961 18.745 0.048
2203.70608 19.206 0.063
2211.62361 19.318 0.095
2212.62461 19.192 0.087
2213.63301 19.069 0.087
2214.61722 19.462 0.124
2215.63166 19.306 0.087
2217.61865 19.095 0.095
2219.66111 19.147 0.087
2222.62968 19.159 0.101
2224.69634 19.225 0.071
2226.61688 19.017 0.080
2228.54117 19.044 0.098
2229.59938 18.913 0.067
2231.55103 19.184 0.093
2233.59528 19.295 0.079
2235.64129 19.075 0.053
2238.52990 19.038 0.092
2240.63375 19.144 0.071
2242.60155 18.905 0.065
2244.61975 19.077 0.074
2248.58257 18.978 0.046
2250.54997 19.211 0.096
2252.60744 19.292 0.095
2255.58555 19.118 0.074
2257.60724 19.031 0.059
2262.59787 19.252 0.079
2266.58731 19.209 0.096
2272.56490 19.152 0.072
2274.55052 19.471 0.106
2277.58557 18.822 0.051
2283.58242 18.959 0.067
2290.57714 19.371 0.094
2292.58769 19.309 0.105
2294.59085 19.231 0.093
2298.56767 19.540 0.162
2300.56644 19.434 0.130
2303.54996 19.281 0.128
2445.89193 19.382 0.129
2458.93304 19.421 0.110
2463.89667 18.808 0.060
2465.90934 19.131 0.063
2467.88219 19.199 0.080
2469.88184 18.895 0.053
2470.91616 19.287 0.062
2471.92738 19.117 0.073
2473.86735 19.388 0.083
2483.83976 19.295 0.071
2486.85724 19.330 0.116
2489.90382 19.519 0.116
2492.88488 19.474 0.130
2496.88449 19.353 0.083
2497.90793 19.141 0.072
2498.91078 18.864 0.043
2499.84089 19.122 0.076
2500.84534 19.014 0.059
2501.83527 18.953 0.051
2502.81508 19.259 0.082
2503.83059 19.108 0.067
2516.75779 18.939 0.078
2517.80457 19.321 0.081
2518.77555 19.218 0.070
2519.85437 19.202 0.066
2520.77256 19.310 0.082
2521.84378 19.413 0.070
2524.84155 19.247 0.104
2526.75915 19.022 0.047
2534.81620 19.190 0.071
2535.83613 19.115 0.077
2537.68350 19.149 0.114
2538.77710 19.020 0.069
2539.68434 19.313 0.084
2541.69625 18.980 0.056
2542.66605 19.142 0.064
2544.64357 18.791 0.044
2545.65977 19.421 0.077
2547.67763 18.936 0.068
2548.69307 19.165 0.074
2550.68799 19.269 0.090
2551.67470 18.999 0.053
2552.69084 19.299 0.068
2554.68402 18.823 0.048
2555.69196 19.164 0.065
2556.67087 19.187 0.070
2557.68345 18.938 0.047
2558.63995 19.253 0.079
2559.59667 19.218 0.087
2560.62987 18.949 0.058
2561.65550 19.245 0.122
2562.64833 19.235 0.072
2563.65612 19.150 0.070
2564.67174 19.488 0.104
2565.65870 19.294 0.075
2566.64369 19.048 0.066
2568.67503 19.178 0.108
2571.62651 19.190 0.118
2572.72400 19.167 0.096
2573.64103 18.727 0.065
2574.62492 19.295 0.088
2576.62455 18.952 0.089
2577.61057 19.116 0.106
2578.60887 19.246 0.093
2579.61826 18.937 0.063
2580.63034 19.340 0.081
2583.60170 19.578 0.152
2584.60921 19.189 0.108
2587.58964 19.279 0.093
2588.61850 19.070 0.076
2589.57961 19.420 0.092
2590.59439 19.291 0.104
2591.59555 19.128 0.071
2593.58615 19.274 0.066
2594.58990 18.921 0.078
2596.56607 19.156 0.103
2597.55341 18.850 0.078
2598.60633 18.878 0.055
2599.58547 19.325 0.142
2607.60638 19.179 0.105
2610.52671 18.988 0.089
2613.51888 18.953 0.073
2615.55069 19.308 0.120
2619.53015 19.030 0.088
2621.54678 19.349 0.092
2623.59473 19.040 0.073
2626.53830 18.975 0.065
2629.54488 19.064 0.106
2635.54596 19.095 0.051
2639.52641 18.712 0.101
2641.57196 19.359 0.089
2646.55782 19.524 0.138
2650.57034 19.144 0.072
2654.53775 19.264 0.130
2656.58581 19.253 0.101
2660.53155 19.161 0.112
2664.55642 19.033 0.095
2669.52911 19.135 0.086
2673.54609 19.279 0.118
2675.56197 19.343 0.103
2678.56229 19.225 0.117
2682.52203 19.212 0.150
2777.88447 18.987 0.102
2804.89045 19.306 0.121
2810.92282 19.385 0.098
2814.92038 19.275 0.074
2817.90833 19.253 0.090
2825.88407 18.859 0.075
2830.92254 19.251 0.098
2831.76280 18.911 0.085
2832.72829 19.086 0.088
2833.84637 19.273 0.114
2834.85412 18.928 0.087
2837.85229 19.061 0.101
2839.88805 19.287 0.084
2841.86874 18.874 0.053
2844.85400 18.933 0.044
2845.89996 19.539 0.141
2848.93697 19.069 0.115
2850.87007 19.061 0.079
2851.91336 18.847 0.053
2852.78400 19.235 0.073
2853.92389 19.096 0.064
2856.79707 19.134 0.099
2858.89110 19.183 0.060
2860.85718 18.906 0.057
2861.72813 19.298 0.067
2862.90715 19.295 0.099
2863.81623 18.899 0.075
2865.85017 19.265 0.064
2866.86289 19.086 0.085
2867.84384 19.294 0.082
2868.78757 19.171 0.061
2870.79725 19.223 0.064
2872.75467 18.913 0.043
2876.75744 19.315 0.074
2877.77929 19.324 0.085
2879.78805 18.986 0.044
2883.80643 19.178 0.050
2885.74162 18.778 0.054
2888.78984 18.947 0.067
2892.78146 19.481 0.128
2894.74773 18.976 0.064
2896.74486 19.449 0.083
2898.76577 18.963 0.052
2900.72775 19.031 0.047
2902.72728 19.267 0.064
2905.73445 19.279 0.072
2907.73571 18.920 0.049
2909.72470 19.154 0.051
2911.71617 19.227 0.048
2915.68756 19.140 0.063
2917.71355 19.341 0.061
2921.71145 19.326 0.080
2923.73276 18.807 0.050
2925.69630 19.106 0.057
2927.69373 19.327 0.090
2930.71161 19.190 0.070
2932.71797 18.968 0.056
2934.69806 19.219 0.062
2937.61857 19.211 0.092
2939.71219 18.954 0.057
2940.61519 19.184 0.054
2941.60882 19.035 0.051
2942.61500 19.328 0.070
2943.56739 19.224 0.090
2944.57082 18.991 0.056
2945.58759 19.355 0.128
2947.58440 19.058 0.077
2949.57856 19.246 0.076
2951.61031 18.806 0.061
2952.63771 19.324 0.084
2954.66427 19.005 0.079
2956.61034 19.210 0.054
2958.59501 19.378 0.076
2961.57582 19.329 0.125
2965.60421 19.317 0.056
2968.57532 19.280 0.090
2970.59466 18.823 0.051
2974.57313 19.294 0.089
2976.52905 18.930 0.071
2977.59605 19.404 0.119
2979.56036 19.002 0.086
2981.60539 19.235 0.128
2987.62911 19.373 0.083
2989.55140 18.989 0.066
2992.55319 18.927 0.073
2995.59605 18.926 0.045
2998.55403 18.973 0.080
3001.55533 19.079 0.069
3004.54730 19.053 0.075
3007.55342 19.020 0.058
3010.55256 19.137 0.065
3016.56968 19.278 0.095
3019.58313 19.336 0.098
3021.59706 18.992 0.047
3023.55240 19.172 0.080
3025.54974 19.466 0.109
3027.58503 18.982 0.062
3029.55695 19.095 0.071
3031.56130 19.397 0.114
3033.56379 19.054 0.064
3036.58099 19.150 0.096
3040.54401 19.400 0.116
3160.84150 19.114 0.101
3183.89340 19.346 0.083
3193.86117 18.953 0.076
3195.92015 19.187 0.077
3197.89573 19.035 0.078
3201.85317 19.278 0.071
3203.86033 18.970 0.045
3204.92393 18.970 0.062
3210.87494 18.933 0.055
3211.90321 19.286 0.070
3215.68167 18.943 0.087
3216.70294 19.461 0.156
3217.77892 19.211 0.095
3218.88896 19.202 0.129
3223.81647 19.230 0.100
3226.80497 19.502 0.130
3229.81405 19.459 0.079
3231.76471 18.899 0.082
3239.77426 19.291 0.079
3240.76361 19.021 0.077
3241.83281 18.875 0.067
3242.69530 19.259 0.078
3243.82793 19.090 0.077
3244.80901 18.957 0.066
3245.75445 19.205 0.078
3246.75073 19.222 0.075
3247.74207 19.108 0.087
3249.70918 19.234 0.082
3251.72192 19.339 0.065
3254.70926 19.405 0.092
3256.77512 18.994 0.061
3260.68530 19.077 0.079
3262.72124 19.153 0.045
3264.67293 19.129 0.051
3266.74393 19.022 0.073
3268.67724 19.103 0.052
3270.65758 19.222 0.084
3271.64504 19.286 0.093
3272.70187 18.906 0.054
3274.68403 19.187 0.081
3276.69288 19.155 0.079
3277.72570 19.323 0.094
3279.65830 19.171 0.064
3281.61774 19.071 0.050
3283.62356 19.271 0.051
3287.58963 19.094 0.073
3289.60060 19.166 0.062
3293.57761 19.193 0.062
3295.59635 19.132 0.040
3297.57764 18.906 0.042
3299.63453 19.185 0.056
3301.60864 19.230 0.106
3303.67078 19.285 0.092
3306.60342 19.169 0.051
3308.59130 19.302 0.112
3310.59043 18.845 0.068
3312.59271 19.105 0.067
3314.54508 19.114 0.110
3320.58283 19.348 0.070
3321.57855 19.343 0.092
3327.53764 19.100 0.088
3330.53156 19.411 0.108
3335.57260 18.864 0.065
3338.57963 19.229 0.069
3349.57673 19.303 0.055
3353.55408 19.272 0.089
3360.56269 19.084 0.083
3363.53457 19.061 0.079
3367.59776 19.011 0.060
3375.53075 19.576 0.136
3378.57631 19.245 0.073
3386.54267 18.888 0.045
3390.55112 19.432 0.109
3398.53811 19.170 0.076
3402.52621 18.864 0.066
3538.93504 19.226 0.081
3547.89635 18.824 0.058
3554.90454 19.034 0.079
3561.87072 19.223 0.050
3561.92372 19.221 0.048
3564.88706 19.481 0.073
3569.90914 18.799 0.047
3570.72262 19.148 0.107
3571.77940 18.928 0.094
3573.81609 19.125 0.083
3574.86256 19.266 0.075
3577.82114 19.267 0.074
3578.87931 18.959 0.048
3581.82567 19.109 0.052
3582.81005 19.320 0.081
3583.81890 19.349 0.083
3584.79054 18.902 0.051
3586.78900 19.195 0.043
3588.79298 18.999 0.043
3591.85446 18.966 0.036
3593.82864 19.085 0.059
3596.80232 18.990 0.065
3601.79071 19.328 0.071
3607.76809 19.174 0.050
3614.76595 19.148 0.040
3617.74292 19.215 0.059
3619.67427 18.946 0.060
3621.70129 19.130 0.059
3624.80284 19.303 0.084
3626.69822 19.499 0.088
3633.67595 18.965 0.083
3636.75898 19.166 0.087
3638.65246 19.028 0.062
3641.68150 19.077 0.053
3643.70219 19.205 0.065
3646.63543 19.147 0.067
3650.64026 18.939 0.054
3651.71426 18.773 0.040
3653.68544 19.069 0.053
3655.67665 19.329 0.068
3657.60506 19.102 0.065
3658.63180 19.300 0.087
3659.62102 18.940 0.073
3661.59212 19.470 0.147
3663.57883 18.791 0.072
3665.59549 19.137 0.056
3668.55345 19.040 0.061
3669.65591 19.056 0.067
3671.60873 19.122 0.075
3673.65726 18.935 0.076
3675.63963 19.031 0.048
3683.62901 19.221 0.074
3685.63043 18.915 0.049
3687.62874 19.172 0.061
3689.57971 19.267 0.068
3692.55166 19.198 0.069
3694.54504 19.205 0.090
3696.53684 19.166 0.051
3698.57890 18.910 0.073
3700.55810 18.876 0.054
3702.56523 19.343 0.087
3704.56638 18.721 0.057
3706.57590 19.317 0.061
3708.56488 19.279 0.083
3711.57153 19.131 0.070
3713.59401 19.135 0.060
3717.56195 18.840 0.076
3721.52618 19.135 0.140
3724.53127 19.286 0.080
3726.52768 18.831 0.055
3728.53419 19.210 0.075
3734.54534 19.220 0.071
3740.55873 19.246 0.061
3746.53946 19.215 0.104
3761.58737 19.059 0.060
3765.55348 19.273 0.051
3771.56542 18.810 0.055
3776.52483 19.033 0.091
3780.54912 18.818 0.071
3871.86172 18.920 0.085
3900.94809 18.760 0.074
3905.94263 19.250 0.081
3913.90154 19.418 0.063
3917.93852 19.208 0.063
3931.88474 19.035 0.077
3933.92955 19.276 0.078
3936.85132 19.275 0.063
3938.83532 19.251 0.086
3944.88302 18.985 0.054
3946.84757 19.065 0.049
3951.87013 19.182 0.056
3955.83091 19.247 0.098
3958.81232 19.572 0.123
3960.81241 18.957 0.050
3963.80913 18.943 0.075
3965.80103 19.025 0.034
3967.82072 19.188 0.047
3969.78656 18.926 0.050
3971.76223 19.079 0.046
3974.76441 19.250 0.079
3979.71982 19.256 0.078
3980.60247 19.210 0.098
3981.62950 18.855 0.041
3983.89915 19.464 0.093
3987.76770 19.116 0.058
3990.77559 18.998 0.045
3993.71850 19.052 0.061
3999.73442 19.272 0.056
4002.70713 19.177 0.044
4004.65882 19.321 0.058
4006.68514 19.040 0.043
4007.54651 19.318 0.076
4008.55737 19.024 0.050
4009.68088 19.228 0.069
4013.68176 18.931 0.063
4015.66616 19.053 0.098
4017.68047 19.359 0.089
4018.71980 19.290 0.075
4019.66929 19.049 0.067
4021.66269 19.317 0.060
4024.63610 19.240 0.060
4026.61506 19.397 0.070
4028.61087 19.070 0.048
4030.62001 19.249 0.058
4032.67515 18.747 0.051
4037.63539 19.146 0.053
4039.58967 19.307 0.064
4041.58195 19.033 0.070
4043.57488 19.037 0.070
4046.56770 19.164 0.075
4048.55010 19.184 0.089
4050.59238 19.116 0.058
4052.54423 19.266 0.074
4054.59858 18.864 0.051
4056.57055 19.009 0.075
4058.57207 19.280 0.087
4061.56759 19.234 0.060
4065.51713 19.119 0.078
4068.51724 19.041 0.073
4070.53581 19.367 0.094
4073.56171 18.848 0.067
4076.62889 18.905 0.066
4078.58888 19.054 0.050
4080.59951 19.530 0.103
4085.54704 19.008 0.068
4092.54199 18.847 0.043
4096.55352 19.137 0.076
4099.59664 19.471 0.108
4104.58751 18.969 0.078
4111.57548 18.858 0.037
4120.53254 19.052 0.063
4126.55741 19.110 0.083
4252.91154 19.015 0.083
4255.82730 18.796 0.085
4268.94014 19.081 0.062
4275.90759 18.846 0.064
4279.78530 19.431 0.183
4282.79591 19.320 0.103
4283.87929 19.298 0.114
4283.93413 19.273 0.095
4285.90307 19.444 0.108
4291.92358 18.864 0.066
4293.89165 19.085 0.052
4296.87616 19.044 0.048
4297.90876 18.886 0.054
4299.84378 19.050 0.050
4300.86516 18.955 0.050
4301.88320 19.230 0.052
4302.89920 19.176 0.070
4306.84685 19.006 0.061
4307.88311 19.253 0.050
4308.64468 18.938 0.073
4308.85110 19.206 0.072
4310.82475 19.342 0.100
4311.81211 19.082 0.105
4312.88598 19.062 0.050
4314.90531 19.142 0.079
4316.81231 19.040 0.070
4319.84426 18.862 0.054
4320.90807 19.396 0.101
4326.82031 19.265 0.083
4327.79820 19.225 0.105
4328.81384 19.088 0.075
4329.81731 19.226 0.085
4330.91317 19.058 0.076
4333.87875 19.341 0.088
4338.88277 18.964 0.075
4340.75448 19.065 0.068
4341.75059 18.841 0.071
4342.77491 19.155 0.083
4343.74392 19.184 0.061
4344.72612 18.849 0.052
4345.77211 19.367 0.099
4347.76101 18.956 0.047
4349.77421 19.240 0.065
4354.74141 19.474 0.117
4356.74449 19.085 0.075
4357.68196 19.283 0.071
4359.67990 19.161 0.092
4362.64743 18.949 0.095
4365.71965 19.294 0.118
4369.63419 18.784 0.098
4372.65763 18.849 0.042
4375.62008 18.864 0.084
4377.73666 19.219 0.058
4379.62814 19.319 0.104
4380.72397 19.278 0.066
4382.66829 18.922 0.063
4386.64329 19.456 0.093
4388.64411 18.851 0.058
4390.65312 19.158 0.059
4392.67756 19.244 0.067
4395.65876 19.395 0.108
4397.69953 19.268 0.085
4400.64995 19.091 0.082
4403.63856 19.088 0.077
4407.61578 18.820 0.060
4408.64102 19.178 0.074
4410.72455 18.962 0.061
4412.68556 19.322 0.094
4416.67068 19.025 0.056
4418.67958 19.228 0.063
4421.61319 19.233 0.092
4423.69485 18.931 0.061
4425.62571 19.095 0.108
4427.63758 19.289 0.077
4429.54647 19.132 0.116
4431.55102 19.191 0.086
4433.55699 19.276 0.086
4435.54096 18.836 0.060
4437.61311 19.237 0.098
4439.54615 19.611 0.145
4441.58189 19.076 0.080
4443.60898 19.180 0.084
4449.62587 19.307 0.074
4451.58151 18.897 0.046
4453.56385 19.181 0.089
4456.56538 19.226 0.101
4458.56629 19.304 0.091
4464.55748 19.061 0.067
4472.55162 19.236 0.075
4475.57107 19.477 0.083
4478.57770 19.131 0.090
4481.55933 19.356 0.105
4484.55987 19.040 0.099
4486.60823 18.900 0.084
4502.56048 18.871 0.069
4609.87294 19.460 0.104
4638.93787 19.366 0.085
4643.86269 19.169 0.093
4648.92879 19.182 0.072
4652.92199 19.149 0.073
4656.90275 18.952 0.050
4662.75900 18.887 0.059
4663.73061 19.198 0.086
4665.80358 18.940 0.070
4666.89136 18.906 0.069
4670.88564 19.282 0.083
4671.87193 19.144 0.077
4672.85988 18.927 0.055
4675.86622 18.909 0.061
4681.85720 19.031 0.049
4683.83138 19.539 0.128
4685.83852 19.209 0.101
4687.87412 19.084 0.061
4688.78974 19.224 0.054
4689.74749 19.233 0.063
4690.71516 18.959 0.044
4691.71819 19.168 0.083
4693.87325 19.086 0.083
4696.79487 19.353 0.145
4698.73499 19.264 0.075
4700.76642 18.925 0.050
4701.72060 19.243 0.092
4701.77162 19.259 0.064
4702.83173 19.248 0.068
4703.73096 18.846 0.051
4704.74984 19.312 0.063
4705.75701 19.077 0.065
4707.74914 19.330 0.062
4708.81790 19.243 0.056
4710.73153 19.191 0.058
4716.73546 18.856 0.041
4719.72758 18.803 0.067
4721.71627 19.064 0.092
4725.70371 18.943 0.059
4728.73182 19.047 0.064
4731.73296 18.933 0.049
4734.72004 19.136 0.061
4741.68620 18.898 0.043
4747.56355 19.034 0.071
4749.57211 19.293 0.113
4753.64142 19.010 0.083
4755.63017 19.159 0.069
4757.61966 19.154 0.068
4759.63232 19.111 0.062
4761.59751 19.171 0.047
4763.61510 18.969 0.068
4766.58304 18.862 0.081
4769.62141 19.068 0.080
4771.66635 19.251 0.063
4773.65753 19.095 0.063
4775.64415 19.047 0.100
4777.57607 19.302 0.102
4779.59661 19.033 0.056
4781.56352 19.104 0.074
4783.54541 19.208 0.091
4785.57802 18.851 0.065
4786.63527 19.281 0.090
4788.59339 18.961 0.058
4790.59566 19.178 0.044
4792.57381 19.228 0.069
4794.55427 18.908 0.047
4796.62422 19.271 0.070
4798.57097 19.520 0.126
4800.61815 19.165 0.060
4802.59561 19.253 0.078
4804.61874 19.101 0.095
4806.60465 19.263 0.096
4808.52613 19.047 0.100
4810.59144 18.978 0.066
4813.57669 18.989 0.072
4815.54900 19.321 0.097
4817.56942 18.995 0.052
4819.56336 19.033 0.070
4821.64699 19.179 0.053
4824.55142 19.207 0.084
4826.60118 18.900 0.059
4832.56861 19.027 0.062
4834.59359 19.498 0.130
4837.58485 19.215 0.103
4841.56102 18.992 0.075
4843.55532 19.035 0.095
4845.55283 19.068 0.082
4846.56011 19.159 0.078
4848.60068 19.191 0.069
4850.58797 19.334 0.103
4854.56907 19.134 0.084
4862.55120 19.238 0.063
4866.55206 18.984 0.074
