 621.84012 19.224 0.119
 625.93130 19.350 0.068
 626.92310 19.250 0.061
 627.88879 19.288 0.070
 631.90427 19.080 0.061
 632.89902 19.329 0.084
 635.87494 19.346 0.072
 643.84429 19.433 0.074
 645.87044 19.156 0.058
 647.82824 19.406 0.121
 649.83313 19.217 0.086
 656.88564 19.502 0.062
 657.88949 19.461 0.091
 658.89824 19.239 0.081
 665.86528 19.643 0.077
 666.86736 19.547 0.064
 667.88637 19.429 0.061
 668.85718 19.173 0.044
 670.82283 19.451 0.077
 671.84528 19.403 0.040
 672.85024 19.382 0.044
 673.76329 19.105 0.044
 684.77822 19.431 0.074
 685.77873 19.405 0.080
 686.73480 19.268 0.061
 687.89609 19.205 0.056
 688.86399 19.147 0.047
 689.73056 19.494 0.058
 697.69639 19.414 0.074
 698.71166 19.502 0.097
 699.72246 19.375 0.055
 700.70754 19.158 0.043
 701.67921 19.757 0.085
 704.67376 19.233 0.076
 706.67214 19.757 0.183
 706.76663 19.261 0.090
 707.70270 19.294 0.079
 708.70018 19.373 0.104
 712.70052 19.513 0.073
 713.71475 19.316 0.058
 714.73128 19.239 0.042
 715.77214 19.068 0.049
 716.75468 19.455 0.060
 720.66169 19.617 0.108
 726.72181 19.581 0.069
 728.71492 19.247 0.050
 729.65930 19.502 0.068
 730.61066 19.612 0.087
 733.67028 19.210 0.072
 739.69247 19.667 0.101
 741.65603 19.324 0.070
 742.64987 19.149 0.051
 744.61836 19.512 0.085
 745.65826 19.439 0.069
 746.60307 19.230 0.060
 747.56085 19.492 0.109
 748.55751 19.426 0.099
 749.56392 19.474 0.140
 750.53815 19.212 0.104
 751.56829 19.148 0.074
 752.77206 19.209 0.058
 753.71180 19.630 0.081
 754.74332 19.677 0.111
 755.56701 19.209 0.065
 759.56963 19.364 0.068
 760.57399 19.129 0.055
 761.56922 19.481 0.078
 762.56721 19.519 0.094
 762.69749 19.283 0.086
 762.77588 18.944 0.078
 763.58621 19.461 0.094
 763.73045 19.403 0.082
 764.66424 19.200 0.101
 765.54958 18.893 0.065
 766.58651 19.560 0.114
 766.65304 18.892 0.068
 767.56093 19.407 0.124
 767.71457 19.891 0.188
 769.54584 19.114 0.057
 770.64211 19.101 0.060
 771.61832 19.694 0.088
 772.54635 19.495 0.080
 773.56897 19.345 0.061
 774.63878 19.280 0.065
 775.59166 19.098 0.050
 776.67264 19.510 0.089
 777.58959 19.502 0.074
 778.56273 19.243 0.091
 778.65423 19.744 0.144
 779.62210 19.333 0.092
 780.61042 19.245 0.122
 780.71599 18.980 0.081
 781.59847 19.392 0.068
 782.59612 19.378 0.081
 783.57585 19.230 0.051
 784.61546 19.296 0.079
 785.58634 19.482 0.079
 786.59103 19.434 0.067
 787.67142 19.458 0.073
 787.75723 19.478 0.102
 788.60305 19.231 0.057
 790.55304 19.491 0.100
 795.56484 19.413 0.083
 796.61442 19.446 0.102
 797.68489 19.367 0.072
 798.60233 19.177 0.055
 800.60022 19.464 0.062
 802.58074 19.014 0.059
 805.58679 19.659 0.116
 806.59757 19.195 0.093
 817.62502 19.032 0.049
 819.66613 19.516 0.069
 820.66511 19.497 0.082
 822.58506 19.028 0.047
 823.66237 19.685 0.100
 824.61048 19.356 0.092
 824.67330 19.457 0.108
 825.68367 19.569 0.159
 828.64372 19.598 0.093
 829.61031 19.517 0.094
 832.61722 19.543 0.087
 833.63734 19.483 0.068
 834.65153 19.645 0.113
 836.58490 18.967 0.065
 838.55801 19.277 0.099
 840.57347 19.150 0.071
 845.57914 19.033 0.047
 850.54661 19.379 0.114
 855.55328 19.841 0.162
 856.54115 19.316 0.090
 859.54080 19.059 0.058
 860.57311 19.471 0.094
 866.56043 19.433 0.100
 876.52897 19.332 0.069
 962.90967 19.647 0.109
 986.87594 19.489 0.083
 987.88824 19.460 0.085
 991.90214 19.566 0.088
 996.86832 19.426 0.042
 998.87556 19.181 0.069
1003.80672 19.222 0.093
1005.83215 19.487 0.105
1008.86532 19.289 0.086
1020.82819 19.115 0.059
1025.80783 19.302 0.084
1035.78271 18.946 0.053
1037.80993 19.548 0.090
1038.90899 19.541 0.117
1041.87940 19.201 0.054
1045.78053 19.479 0.066
1049.80094 19.027 0.056
1052.81130 19.401 0.078
1055.68105 19.469 0.070
1058.83287 19.208 0.076
1059.81172 19.038 0.069
1064.75488 19.550 0.100
1068.74672 19.040 0.050
1071.77471 19.332 0.058
1075.79182 19.435 0.068
1078.71361 19.442 0.062
1080.65965 19.329 0.066
1083.75198 19.679 0.073
1086.60250 19.653 0.102
1090.68561 19.320 0.084
1092.68568 19.533 0.095
1094.68184 19.326 0.051
1102.65043 19.308 0.066
1107.61877 19.460 0.061
1112.72494 19.557 0.086
1117.60037 19.283 0.072
1122.61192 19.286 0.070
1128.56051 19.930 0.157
1132.59090 19.169 0.056
1135.65954 19.376 0.068
1138.61234 19.819 0.097
1140.64475 19.592 0.084
1144.64775 19.496 0.091
1151.58221 19.099 0.056
1154.60179 19.463 0.086
1157.64755 19.738 0.127
1160.63904 19.118 0.070
1163.72098 19.403 0.080
1166.68800 19.117 0.051
1170.61693 19.152 0.054
1175.67806 19.060 0.073
1179.67576 19.170 0.074
1183.68463 19.650 0.104
1186.67846 19.547 0.068
1189.56702 19.373 0.064
1192.61161 19.238 0.060
1202.55820 19.188 0.081
1206.56183 19.439 0.095
1212.55337 19.179 0.101
1216.55943 19.254 0.088
1220.55562 19.314 0.080
1227.55124 19.598 0.129
1233.53878 19.435 0.125
1329.80023 19.432 0.114
1330.91038 19.488 0.112
1335.85555 19.332 0.105
1340.93142 19.366 0.073
1347.91274 19.318 0.084
1355.90165 19.324 0.096
1365.90254 19.191 0.072
1367.88008 19.484 0.112
1369.86775 19.267 0.084
1374.86667 19.196 0.070
1395.83226 19.638 0.105
1397.85561 19.247 0.070
1401.86928 19.441 0.076
1407.87657 19.141 0.060
1412.77454 19.762 0.109
1418.81462 19.551 0.080
1430.70861 19.308 0.073
1432.77350 19.506 0.071
1438.72639 19.335 0.054
1441.83345 19.561 0.068
1447.68990 19.410 0.118
1451.65596 19.467 0.078
1454.63020 19.401 0.089
1459.67577 19.538 0.093
1461.65061 19.256 0.068
1462.70898 19.345 0.067
1470.59781 19.333 0.112
1475.62188 19.312 0.084
1478.57049 19.526 0.099
1479.58666 19.329 0.082
1484.58590 19.326 0.077
1487.61294 19.375 0.083
1490.64865 19.168 0.068
1492.55141 19.683 0.125
1495.60073 19.245 0.063
1498.56661 19.183 0.076
1502.58978 19.536 0.092
1505.65688 19.666 0.127
1509.56781 19.649 0.090
1512.66996 19.461 0.102
1516.56966 19.463 0.063
1518.63959 19.136 0.065
1520.66745 19.407 0.090
1523.58479 19.122 0.132
1526.56770 19.309 0.069
1531.67499 19.436 0.084
1546.59111 19.155 0.054
1551.55415 19.303 0.066
1556.59491 19.346 0.092
1567.59127 19.505 0.160
1571.58574 19.624 0.091
1576.57459 19.487 0.117
1582.58529 19.475 0.081
1585.55913 19.386 0.088
1589.56100 19.386 0.092
1599.54095 19.567 0.139
1602.53076 19.322 0.107
1607.52487 18.967 0.074
1702.89543 19.514 0.115
1703.93735 19.230 0.080
1716.90334 19.710 0.126
1728.89480 19.334 0.076
1731.88139 19.224 0.044
1740.87001 19.349 0.100
1742.87161 19.439 0.087
1743.86785 19.410 0.091
1744.88691 19.596 0.107
1749.83731 19.454 0.058
1750.86377 19.354 0.084
1751.82104 19.421 0.063
1752.83683 19.675 0.095
1753.83790 19.572 0.094
1754.81009 19.327 0.066
1755.82994 19.172 0.114
1756.85908 19.902 0.266
1757.80851 19.411 0.114
1758.81311 19.482 0.088
1759.80297 19.304 0.062
1761.84238 19.497 0.086
1762.82474 19.472 0.088
1763.83042 19.281 0.054
1764.82016 19.166 0.045
1765.81634 19.618 0.116
1766.76963 19.563 0.133
1768.78059 19.335 0.082
1769.68946 19.669 0.117
1771.78276 19.600 0.132
1772.80266 19.389 0.067
1773.76991 19.102 0.054
1775.85375 19.573 0.076
1784.83809 19.457 0.083
1788.74144 19.572 0.096
1803.79557 19.424 0.082
1808.80445 19.466 0.066
1811.78764 19.250 0.047
1814.83446 19.518 0.074
1817.80034 19.624 0.070
1821.60223 19.501 0.112
1823.75974 19.544 0.058
1828.84620 19.603 0.097
1829.77098 19.176 0.068
1845.72630 19.522 0.063
1845.78665 19.440 0.078
1847.79466 19.655 0.088
1848.61370 19.799 0.111
1848.72344 19.153 0.066
1851.60499 19.296 0.084
1851.70743 19.353 0.103
1854.59477 19.630 0.107
1854.64908 19.452 0.080
1854.77704 19.314 0.062
1859.74102 19.464 0.083
1860.73711 19.532 0.113
1863.57424 19.591 0.089
1863.72469 19.451 0.101
1866.57708 19.020 0.041
1869.66462 19.551 0.076
1869.72161 19.438 0.104
1871.78545 19.349 0.065
1872.56523 19.508 0.089
2090.90645 19.192 0.101
2105.90431 19.429 0.087
2106.86900 19.208 0.089
2113.84931 19.068 0.067
2116.85251 19.461 0.081
2123.79926 19.558 0.110
2127.81422 19.485 0.165
2128.80717 19.687 0.151
2129.83914 19.529 0.095
2130.86372 19.455 0.095
2131.85700 19.173 0.092
2133.87603 19.665 0.176
2134.79108 19.405 0.112
2135.82375 19.324 0.090
2136.84410 19.022 0.076
2137.79775 19.667 0.124
2140.79271 19.372 0.096
2141.82752 19.306 0.123
2142.76949 19.547 0.094
2143.80029 19.334 0.086
2144.84635 19.396 0.079
2155.86014 19.238 0.124
2156.80676 19.588 0.126
2160.73173 19.493 0.110
2162.74263 19.396 0.080
2166.73725 19.472 0.085
2167.78340 19.495 0.089
2171.72201 19.475 0.080
2172.72763 19.317 0.079
2173.70817 19.043 0.059
2177.59917 19.120 0.100
2184.68234 19.406 0.121
2185.64629 19.246 0.089
2187.70370 18.969 0.086
2188.66169 19.296 0.112
2190.67272 19.262 0.068
2191.68098 19.106 0.071
2192.64577 19.765 0.090
2193.66687 19.446 0.069
2194.63500 19.371 0.080
2195.70179 19.212 0.059
2200.61254 19.115 0.074
2201.64961 19.285 0.076
2203.70608 19.387 0.076
2211.62361 19.471 0.112
2212.62461 19.534 0.117
2213.63301 19.190 0.096
2214.61722 19.220 0.096
2215.63166 19.377 0.095
2217.61865 19.394 0.126
2219.66111 19.176 0.089
2222.62968 19.484 0.133
2224.69634 19.068 0.063
2226.61688 19.579 0.132
2228.54117 19.122 0.100
2229.59938 19.641 0.127
2231.55103 19.467 0.117
2233.59528 19.092 0.066
2235.64129 19.508 0.080
2238.52990 19.867 0.192
2240.63375 19.580 0.106
2242.60155 19.147 0.082
2244.61975 19.748 0.137
2248.58257 19.519 0.074
2250.54997 19.183 0.092
2252.60744 18.912 0.067
2255.58555 19.355 0.090
2257.60724 19.295 0.076
2262.59787 19.553 0.105
2266.58731 19.002 0.079
2272.56490 19.369 0.092
2274.55052 19.219 0.086
2277.58557 19.418 0.087
2283.58242 19.353 0.093
2290.57714 19.544 0.109
2292.58769 19.282 0.102
2294.59085 19.207 0.093
2298.56767 19.175 0.113
2300.56644 19.342 0.122
2303.54996 18.978 0.097
2445.89193 19.453 0.135
2458.93304 19.517 0.118
2463.89667 19.392 0.100
2465.90934 19.388 0.078
2467.88219 19.623 0.111
2469.88184 19.393 0.080
2470.91616 19.293 0.062
2471.92738 19.024 0.067
2473.86735 19.428 0.085
2483.83976 19.367 0.077
2486.85724 19.530 0.134
2489.90382 19.261 0.092
2492.88488 19.492 0.125
2496.88449 19.595 0.102
2497.90793 19.450 0.096
2498.91078 19.175 0.058
2499.84089 19.392 0.092
2500.84534 19.542 0.095
2501.83527 19.468 0.081
2502.81508 19.193 0.079
2503.83059 19.013 0.062
2516.75779 19.234 0.100
2517.80457 19.009 0.062
2518.77555 19.499 0.088
2519.85437 19.624 0.096
2520.77256 19.237 0.076
2521.84378 19.299 0.064
2524.84155 19.414 0.117
2526.75915 19.129 0.049
2534.81620 19.416 0.086
2535.83613 19.245 0.088
2537.68350 19.645 0.170
2538.77710 19.426 0.100
2539.68434 19.151 0.072
2541.69625 19.494 0.086
2542.66605 19.337 0.074
2544.64357 19.072 0.054
2545.65977 19.591 0.086
2547.67763 19.253 0.086
2548.69307 19.327 0.082
2550.68799 19.630 0.117
2551.67470 19.427 0.072
2552.69084 19.335 0.069
2554.68402 19.094 0.059
2555.69196 19.517 0.085
2556.67087 19.491 0.088
2557.68345 19.223 0.059
2558.63995 18.935 0.059
2559.59667 19.639 0.124
2560.62987 19.345 0.079
2561.65550 19.568 0.157
2562.64833 19.283 0.073
2563.65612 19.068 0.064
2564.67174 19.452 0.101
2565.65870 19.484 0.088
2566.64369 19.346 0.086
2568.67503 19.204 0.109
2571.62651 19.321 0.127
2572.72400 19.317 0.109
2573.64103 19.565 0.136
2574.62492 19.461 0.100
2576.62455 19.141 0.099
2577.61057 19.195 0.110
2578.60887 19.569 0.119
2579.61826 19.480 0.099
2580.63034 19.384 0.083
2583.60170 19.544 0.143
2584.60921 19.261 0.113
2587.58964 19.447 0.106
2588.61850 19.491 0.108
2589.57961 19.336 0.083
2590.59439 19.060 0.081
2591.59555 19.254 0.080
2593.58615 19.360 0.072
2594.58990 19.285 0.105
2596.56607 19.509 0.137
2597.55341 19.401 0.128
2598.60633 19.531 0.096
2599.58547 19.349 0.140
2607.60638 19.408 0.119
2610.52671 19.474 0.131
2613.51888 19.149 0.084
2615.55069 19.453 0.127
2619.53015 19.483 0.121
2621.54678 19.409 0.093
2623.59473 19.138 0.076
2626.53830 19.436 0.090
2629.54488 19.503 0.150
2635.54596 19.475 0.066
2639.52641 19.527 0.204
2641.57196 19.282 0.078
2646.55782 19.300 0.107
2650.57034 19.363 0.083
2654.53775 19.298 0.126
2656.58581 19.220 0.093
2660.53155 19.187 0.111
2664.55642 19.173 0.103
2669.52911 19.155 0.085
2673.54609 19.200 0.102
2675.56197 18.872 0.064
2678.56229 19.526 0.141
2682.52203 19.376 0.160
2777.88447 19.469 0.154
2804.89045 19.278 0.122
2810.92282 19.222 0.084
2814.92038 19.118 0.065
2817.90833 19.325 0.096
2825.88407 19.665 0.153
2830.92254 19.488 0.119
2831.76280 19.360 0.133
2832.72829 19.346 0.112
2833.84637 19.313 0.117
2834.85412 19.434 0.134
2837.85229 19.229 0.115
2839.88805 19.521 0.106
2841.86874 19.304 0.077
2844.85400 19.391 0.066
2845.89996 19.540 0.135
2848.93697 19.457 0.154
2850.87007 19.463 0.107
2851.91336 19.202 0.071
2852.78400 19.537 0.099
2853.92389 19.631 0.104
2856.79707 19.107 0.094
2858.89110 19.509 0.080
2860.85718 19.226 0.077
2861.72813 19.504 0.082
2862.90715 19.682 0.136
2863.81623 19.409 0.117
2865.85017 19.155 0.059
2866.86289 19.096 0.081
2867.84384 19.527 0.101
2868.78757 19.362 0.071
2870.79725 19.099 0.058
2872.75467 19.455 0.067
2876.75744 19.540 0.089
2877.77929 19.387 0.085
2879.78805 19.133 0.050
2883.80643 19.270 0.054
2885.74162 19.646 0.107
2888.78984 19.153 0.077
2892.78146 19.130 0.090
2894.74773 19.464 0.095
2896.74486 19.436 0.081
2898.76577 19.099 0.059
2900.72775 19.459 0.067
2902.72728 19.162 0.059
2905.73445 19.376 0.079
2907.73571 19.048 0.055
2909.72470 19.508 0.066
2911.71617 19.166 0.047
2915.68756 19.291 0.071
2917.71355 19.623 0.079
2921.71145 19.060 0.064
2923.73276 19.462 0.086
2925.69630 19.125 0.058
2927.69373 19.504 0.104
2930.71161 19.135 0.066
2932.71797 19.585 0.095
2934.69806 19.214 0.061
2937.61857 19.379 0.104
2939.71219 19.290 0.076
2940.61519 19.479 0.068
2941.60882 19.481 0.073
2942.61500 19.392 0.073
2943.56739 19.122 0.083
2944.57082 19.675 0.100
2945.58759 19.441 0.136
2947.58440 19.197 0.085
2949.57856 19.474 0.093
2951.61031 19.401 0.103
2952.63771 19.352 0.082
2954.66427 19.598 0.131
2956.61034 19.348 0.060
2958.59501 19.571 0.089
2961.57582 19.287 0.114
2965.60421 19.398 0.059
2968.57532 19.534 0.109
2970.59466 19.283 0.074
2974.57313 19.483 0.101
2976.52905 19.208 0.089
2977.59605 19.766 0.155
2979.56036 19.531 0.130
2981.60539 19.118 0.111
2987.62911 19.561 0.092
2989.55140 19.220 0.077
2992.55319 19.573 0.119
2995.59605 19.202 0.055
2998.55403 19.252 0.096
3001.55533 19.569 0.102
3004.54730 18.943 0.065
3007.55342 19.473 0.083
3010.55256 19.683 0.102
3016.56968 19.613 0.124
3019.58313 19.284 0.087
3021.59706 19.555 0.072
3023.55240 19.135 0.070
3025.54974 19.548 0.108
3027.58503 19.276 0.077
3029.55695 19.524 0.097
3031.56130 19.327 0.096
3033.56379 19.492 0.088
3036.58099 19.060 0.082
3040.54401 19.300 0.101
3160.84150 19.370 0.125
3183.89340 19.627 0.100
3193.86117 19.212 0.088
3195.92015 19.202 0.074
3197.89573 19.431 0.106
3201.85317 19.590 0.091
3203.86033 19.180 0.053
3204.92393 19.474 0.095
3210.87494 19.821 0.116
3211.90321 19.513 0.082
3215.68167 19.420 0.126
3216.70294 19.064 0.103
3217.77892 19.245 0.093
3218.88896 19.251 0.128
3223.81647 18.967 0.072
3226.80497 19.003 0.077
3229.81405 19.416 0.072
3231.76471 19.220 0.104
3239.77426 19.390 0.081
3240.76361 19.317 0.094
3241.83281 19.036 0.072
3242.69530 19.653 0.103
3243.82793 19.494 0.105
3244.80901 19.291 0.084
3245.75445 19.249 0.076
3246.75073 19.151 0.067
3247.74207 19.549 0.122
3249.70918 19.285 0.081
3251.72192 19.618 0.078
3254.70926 19.238 0.071
3256.77512 19.523 0.095
3260.68530 19.639 0.121
3262.72124 19.485 0.059
3264.67293 18.983 0.044
3266.74393 19.298 0.084
3268.67724 19.225 0.056
3270.65758 19.636 0.115
3271.64504 19.228 0.082
3272.70187 19.383 0.080
3274.68403 19.570 0.107
3276.69288 19.605 0.114
3277.72570 19.326 0.092
3279.65830 19.572 0.089
3281.61774 19.295 0.061
3283.62356 19.530 0.062
3287.58963 19.107 0.072
3289.60060 19.440 0.078
3293.57761 19.612 0.084
3295.59635 19.256 0.044
3297.57764 19.365 0.063
3299.63453 19.456 0.072
3301.60864 18.972 0.080
3303.67078 19.616 0.117
3306.60342 19.254 0.053
3308.59130 19.391 0.115
3310.59043 19.151 0.087
3312.59271 19.344 0.081
3314.54508 19.460 0.143
3320.58283 19.259 0.063
3321.57855 19.598 0.109
3327.53764 19.350 0.104
3330.53156 19.739 0.139
3335.57260 19.540 0.113
3338.57963 19.217 0.065
3349.57673 19.518 0.064
3353.55408 19.750 0.127
3360.56269 19.325 0.093
3363.53457 19.476 0.112
3367.59776 19.163 0.064
3375.53075 19.273 0.100
3378.57631 19.348 0.077
3386.54267 19.608 0.080
3390.55112 18.881 0.062
3398.53811 19.489 0.091
3402.52621 19.714 0.137
3538.93504 19.155 0.076
3547.89635 19.293 0.086
3554.90454 19.446 0.109
3561.87072 19.346 0.056
3561.92372 19.313 0.050
3564.88706 19.541 0.074
3569.90914 19.477 0.084
3570.72262 18.983 0.091
3571.77940 19.325 0.132
3573.81609 19.278 0.094
3574.86256 19.432 0.085
3577.82114 19.676 0.102
3578.87931 19.458 0.072
3581.82567 19.665 0.085
3582.81005 19.340 0.079
3583.81890 19.489 0.094
3584.79054 19.184 0.062
3586.78900 19.417 0.053
3588.79298 19.446 0.062
3591.85446 19.558 0.060
3593.82864 19.404 0.078
3596.80232 19.486 0.096
3601.79071 19.346 0.072
3607.76809 19.325 0.056
3614.76595 19.452 0.050
3617.74292 19.066 0.050
3619.67427 19.510 0.095
3621.70129 19.307 0.066
3624.80284 19.657 0.109
3626.69822 19.210 0.066
3633.67595 19.251 0.104
3636.75898 18.967 0.069
3638.65246 19.504 0.091
3641.68150 19.595 0.079
3643.70219 19.557 0.085
3646.63543 19.745 0.109
3650.64026 19.666 0.095
3651.71426 19.422 0.067
3653.68544 19.388 0.067
3655.67665 19.347 0.067
3657.60506 19.250 0.070
3658.63180 19.141 0.072
3659.62102 19.496 0.115
3661.59212 19.609 0.158
3663.57883 19.122 0.093
3665.59549 19.484 0.074
3668.55345 19.420 0.080
3669.65591 19.590 0.102
3671.60873 19.090 0.068
3673.65726 19.309 0.100
3675.63963 19.553 0.072
3683.62901 19.715 0.110
3685.63043 19.334 0.067
3687.62874 19.032 0.051
3689.57971 19.307 0.069
3692.55166 19.676 0.102
3694.54504 19.507 0.112
3696.53684 19.397 0.061
3698.57890 19.570 0.126
3700.55810 19.408 0.082
3702.56523 19.655 0.109
3704.56638 19.086 0.076
3706.57590 19.740 0.085
3708.56488 19.387 0.086
3711.57153 19.689 0.113
3713.59401 19.335 0.070
3717.56195 19.674 0.154
3721.52618 19.300 0.167
3724.53127 19.162 0.071
3726.52768 19.441 0.093
3728.53419 19.150 0.070
3734.54534 19.666 0.103
3740.55873 19.399 0.068
3746.53946 19.145 0.096
3761.58737 19.186 0.064
3765.55348 19.371 0.055
3771.56542 19.227 0.079
3776.52483 19.671 0.162
3780.54912 19.160 0.100
3871.86172 19.298 0.119
3900.94809 19.421 0.133
3905.94263 19.118 0.071
3913.90154 19.410 0.062
3917.93852 19.513 0.080
3931.88474 19.704 0.136
3933.92955 19.325 0.077
3936.85132 19.355 0.066
3938.83532 19.133 0.072
3944.88302 19.560 0.089
3946.84757 19.391 0.063
3951.87013 19.311 0.061
3955.83091 19.441 0.112
3958.81232 19.325 0.095
3960.81241 19.267 0.065
3963.80913 19.643 0.137
3965.80103 19.254 0.040
3967.82072 19.578 0.066
3969.78656 19.456 0.076
3971.76223 19.665 0.072
3974.76441 19.382 0.083
3979.71982 19.064 0.061
3980.60247 19.624 0.139
3981.62950 19.423 0.066
3983.89915 19.445 0.087
3987.76770 19.442 0.077
3990.77559 19.470 0.066
3993.71850 19.085 0.060
3995.72422 19.584 0.073
3999.73442 19.637 0.074
4002.70713 19.212 0.044
4004.65882 19.598 0.072
4006.68514 19.383 0.057
4007.54651 19.674 0.105
4008.55737 19.524 0.079
4009.68088 19.583 0.088
4013.68176 19.610 0.113
4015.66616 19.246 0.114
4017.68047 19.038 0.064
4018.71980 19.410 0.082
4019.66929 19.562 0.103
4021.66269 19.121 0.049
4024.63610 19.263 0.060
4026.61506 19.443 0.071
4028.61087 19.444 0.064
4030.62001 19.160 0.053
4032.67515 19.384 0.085
4037.63539 19.460 0.067
4039.58967 19.192 0.057
4041.58195 19.367 0.091
4043.57488 19.311 0.088
4046.56770 19.569 0.104
4048.55010 19.215 0.089
4050.59238 19.659 0.091
4052.54423 19.206 0.068
4054.59858 19.315 0.073
4056.57055 19.188 0.082
4058.57207 18.906 0.060
4061.56759 19.385 0.067
4065.51713 19.250 0.085
4068.51724 19.445 0.103
4070.53581 19.591 0.113
4073.56171 19.454 0.110
4076.62889 18.859 0.061
4078.58888 19.576 0.076
4080.59951 19.429 0.088
4085.54704 19.254 0.081
4092.54199 19.439 0.068
4096.55352 19.286 0.082
4099.59664 19.351 0.091
4104.58751 19.576 0.131
4111.57548 19.459 0.061
4120.53254 19.681 0.106
4126.55741 19.782 0.144
4252.91154 19.421 0.115
4255.82730 19.721 0.193
4268.94014 19.008 0.057
4275.90759 19.604 0.125
4279.78530 19.191 0.144
4282.79591 19.322 0.101
4283.87929 19.456 0.126
4283.93413 19.938 0.166
4285.90307 19.300 0.093
4291.92358 19.301 0.096
4293.89165 19.452 0.068
4296.87616 18.983 0.045
4297.90876 19.715 0.104
4299.84378 19.291 0.060
4300.86516 19.188 0.059
4301.88320 19.265 0.053
4302.89920 19.550 0.094
4306.84685 19.553 0.093
4307.88311 19.500 0.061
4308.64468 19.154 0.086
4308.85110 19.357 0.078
4310.82475 19.388 0.103
4311.81211 19.682 0.177
4312.88598 19.440 0.067
4314.90531 19.251 0.084
4316.81231 19.491 0.101
4319.84426 19.043 0.060
4320.90807 19.293 0.088
4326.82031 19.421 0.091
4327.79820 19.278 0.105
4328.81384 19.082 0.071
4329.81731 19.767 0.134
4330.91317 19.532 0.107
4333.87875 19.170 0.071
4338.88277 19.117 0.084
4340.75448 19.435 0.094
4341.75059 19.265 0.100
4342.77491 19.030 0.071
4343.74392 19.550 0.082
4344.72612 19.579 0.095
4345.77211 19.327 0.091
4347.76101 19.392 0.067
4349.77421 19.510 0.081
4354.74141 19.529 0.116
4356.74449 19.122 0.070
4357.68196 19.480 0.081
4359.67990 19.218 0.092
4362.64743 19.463 0.143
4365.71965 19.211 0.106
4369.63419 19.066 0.118
4372.65763 19.523 0.073
4375.62008 19.601 0.154
4377.73666 19.504 0.072
4379.62814 19.665 0.132
4380.72397 19.535 0.081
4382.66829 19.162 0.072
4386.64329 19.385 0.079
4388.64411 19.029 0.065
4390.65312 19.462 0.073
4392.67756 19.252 0.064
4395.65876 19.325 0.097
4397.69953 19.305 0.085
4400.64995 19.362 0.101
4403.63856 19.659 0.121
4407.61578 19.220 0.080
4408.64102 19.523 0.099
4410.72455 19.452 0.092
4412.68556 19.048 0.069
4416.67068 19.156 0.061
4418.67958 19.551 0.081
4421.61319 19.244 0.088
4423.69485 19.457 0.092
4425.62571 19.147 0.108
4427.63758 19.431 0.086
4429.54647 19.216 0.121
4431.55102 19.558 0.111
4433.55699 19.379 0.090
4435.54096 19.579 0.109
4437.61311 19.502 0.117
4439.54615 18.951 0.076
4441.58189 19.460 0.106
4443.60898 19.305 0.089
4449.62587 19.108 0.059
4451.58151 19.523 0.076
4453.56385 19.016 0.074
4456.56538 19.576 0.131
4458.56629 19.228 0.084
4464.55748 19.655 0.104
4472.55162 18.918 0.054
4475.57107 19.516 0.082
4478.57770 19.454 0.113
4481.55933 19.139 0.082
4484.55987 19.507 0.147
4486.60823 19.341 0.123
4502.56048 19.432 0.108
4609.87294 19.574 0.115
4638.93787 19.494 0.093
4643.86269 19.112 0.083
4648.92879 19.186 0.072
4652.92199 19.293 0.081
4656.90275 19.461 0.078
4662.75900 19.059 0.070
4663.73061 19.564 0.113
4665.80358 19.352 0.103
4666.89136 19.259 0.092
4670.88564 19.605 0.107
4671.87193 19.372 0.094
4672.85988 19.061 0.061
4675.86622 19.473 0.099
4681.85720 19.193 0.054
4683.83138 19.633 0.131
4685.83852 19.293 0.102
4687.87412 19.741 0.112
4688.78974 19.379 0.060
4689.74749 19.263 0.062
4690.71516 19.318 0.059
4691.71819 19.553 0.110
4693.87325 19.379 0.106
4696.79487 19.399 0.146
4698.73499 19.342 0.076
4700.76642 19.543 0.082
4701.72060 19.584 0.114
4701.77162 19.618 0.087
4702.83173 19.498 0.083
4703.73096 19.326 0.076
4704.74984 19.039 0.048
4705.75701 19.491 0.088
4707.74914 19.414 0.064
4708.81790 19.357 0.060
4710.73153 19.507 0.072
4716.73546 19.504 0.068
4721.71627 19.179 0.095
4725.70371 19.526 0.099
4728.73182 19.560 0.092
4731.73296 19.440 0.073
4734.72004 19.580 0.086
4741.68620 19.081 0.047
4747.56355 19.670 0.119
4749.57211 19.085 0.089
4753.64142 19.315 0.105
4755.63017 19.076 0.063
4757.61966 19.318 0.077
4759.63232 19.021 0.056
4761.59751 19.507 0.060
4763.61510 19.183 0.077
4766.58304 19.461 0.136
4769.62141 19.035 0.073
4771.66635 19.627 0.085
4773.65753 19.306 0.076
4775.64415 19.392 0.125
4777.57607 19.258 0.093
4779.59661 19.785 0.113
4781.56352 19.492 0.103
4783.54541 19.627 0.129
4785.57802 19.453 0.108
4786.63527 19.454 0.104
4788.59339 19.643 0.105
4790.59566 19.460 0.057
4792.57381 18.996 0.055
4794.55427 19.528 0.083
4796.62422 19.227 0.070
4798.57097 19.559 0.125
4800.61815 19.397 0.071
4802.59561 19.127 0.070
4804.61874 19.462 0.125
4806.60465 19.130 0.082
4808.52613 19.525 0.149
4810.59144 19.134 0.074
4813.57669 19.591 0.122
4815.54900 19.163 0.083
4817.56942 19.659 0.093
4819.56336 19.218 0.080
4821.64699 19.068 0.046
4824.55142 19.383 0.094
4826.60118 19.670 0.111
4832.56861 19.317 0.076
4834.59359 19.131 0.093
4837.58485 19.429 0.121
4841.56102 19.345 0.102
4843.55532 19.315 0.119
4845.55283 19.210 0.088
4846.56011 19.433 0.094
4848.60068 19.173 0.063
4850.58797 19.232 0.091
4854.56907 19.457 0.107
4862.55120 19.133 0.056
4866.55206 19.380 0.102
