 622.87668 19.450 0.110
 624.90324 19.388 0.089
 625.89068 19.478 0.080
 626.86221 19.438 0.089
 627.84843 19.474 0.092
 628.88951 19.252 0.064
 629.88732 19.417 0.095
 631.91826 19.381 0.091
 632.85877 19.128 0.072
 633.89420 19.120 0.061
 635.88906 19.315 0.068
 643.85807 19.406 0.095
 645.82980 19.157 0.075
 647.78750 19.303 0.118
 649.78491 18.941 0.075
 652.83211 19.567 0.105
 656.84526 19.462 0.072
 657.81752 19.191 0.087
 658.85783 19.311 0.111
 663.76408 19.411 0.107
 664.86900 19.074 0.059
 665.81629 19.349 0.058
 666.82685 19.254 0.064
 667.84607 19.416 0.075
 668.81689 19.250 0.046
 670.78247 19.250 0.083
 671.80451 19.284 0.046
 672.81006 19.335 0.050
 673.77744 19.590 0.083
 684.73782 19.213 0.065
 685.79268 19.290 0.069
 686.69394 19.412 0.109
 687.77530 19.401 0.067
 688.71734 19.296 0.053
 689.74449 19.313 0.056
 697.71061 19.069 0.053
 698.78172 19.097 0.054
 699.68076 19.369 0.064
 700.72154 19.468 0.072
 701.69377 19.154 0.067
 704.72174 19.453 0.095
 706.68741 19.292 0.095
 707.72497 19.249 0.100
 708.74912 19.386 0.098
 712.74966 19.299 0.064
 713.73103 19.503 0.072
 714.74601 19.267 0.054
 715.71157 19.146 0.068
 716.67965 19.433 0.069
 726.66227 19.312 0.075
 728.67298 19.072 0.057
 729.67511 19.116 0.059
 730.65948 19.278 0.075
 733.62597 19.290 0.099
 739.64594 19.361 0.093
 741.61173 19.439 0.059
 742.58798 19.477 0.092
 744.63510 19.223 0.069
 745.58603 19.125 0.064
 746.77684 19.363 0.085
 747.64731 19.312 0.072
 748.60904 19.197 0.076
 749.61443 19.368 0.101
 750.60827 19.241 0.078
 751.61668 19.576 0.119
 752.73110 19.460 0.103
 753.66673 19.400 0.088
 759.62457 19.126 0.062
 760.65024 19.312 0.070
 761.62629 19.350 0.072
 761.73155 19.427 0.129
 762.61767 19.477 0.117
 762.64723 19.303 0.088
 763.63389 19.163 0.072
 763.74464 19.295 0.095
 764.72059 19.210 0.119
 765.56596 19.389 0.129
 766.60340 19.429 0.128
 766.70629 19.806 0.180
 767.61094 19.463 0.140
 767.67256 19.258 0.125
 767.77318 19.393 0.153
 769.59377 19.456 0.113
 769.66749 19.371 0.090
 770.59990 19.370 0.082
 771.63297 19.349 0.075
 772.59482 19.399 0.086
 773.59991 19.485 0.084
 773.75213 19.195 0.089
 774.59292 19.320 0.081
 775.55082 19.224 0.063
 776.63172 19.154 0.067
 777.60599 19.271 0.067
 778.60939 19.300 0.093
 779.63627 19.268 0.078
 779.74659 19.415 0.092
 780.63613 19.436 0.105
 781.55046 19.187 0.064
 781.72880 19.148 0.076
 782.61385 19.628 0.128
 782.73983 19.469 0.114
 783.53301 19.418 0.081
 784.57494 19.373 0.085
 785.60181 19.435 0.087
 785.74738 19.397 0.074
 786.60548 19.545 0.081
 787.68592 19.344 0.079
 788.61876 19.351 0.085
 788.64430 19.299 0.075
 790.56745 19.535 0.101
 792.54541 19.259 0.085
 795.61010 19.517 0.108
 796.53899 19.111 0.099
 796.72437 19.431 0.135
 797.69915 19.487 0.104
 798.56180 19.304 0.080
 799.69975 19.213 0.077
 800.61473 19.608 0.103
 802.67479 19.305 0.122
 805.60211 19.523 0.123
 806.61230 19.255 0.106
 808.54371 19.343 0.114
 816.67470 19.275 0.072
 817.58478 19.391 0.068
 819.54758 19.327 0.084
 820.62388 19.146 0.078
 822.54445 19.160 0.086
 824.57024 19.026 0.081
 825.64337 19.227 0.091
 828.60354 19.435 0.065
 829.57014 19.300 0.078
 832.57704 19.484 0.097
 833.59691 19.407 0.101
 834.56651 19.372 0.109
 836.54464 19.430 0.112
 838.57761 19.087 0.080
 840.58737 19.415 0.105
 845.53910 19.254 0.085
 850.56223 19.318 0.086
 855.56724 19.044 0.093
 859.55504 19.260 0.081
 866.51962 19.756 0.160
 962.92347 19.183 0.086
 966.92296 19.302 0.074
 970.89935 19.404 0.092
 976.87999 19.569 0.136
 986.83434 19.457 0.124
 987.84798 19.213 0.080
 991.91600 19.399 0.081
 996.91992 19.354 0.086
 998.89103 19.253 0.088
1004.78961 19.408 0.105
1006.81822 19.395 0.114
1020.88769 19.477 0.113
1025.92547 18.987 0.072
1035.74040 19.162 0.071
1037.76960 19.352 0.083
1041.77777 19.259 0.067
1045.73948 19.094 0.067
1048.72066 19.394 0.092
1052.76353 19.357 0.078
1055.63682 19.259 0.078
1058.84878 19.199 0.102
1059.76676 18.934 0.080
1061.71954 19.305 0.089
1064.80343 19.717 0.176
1068.70483 19.379 0.084
1072.68496 19.538 0.076
1076.66276 19.400 0.075
1078.67331 19.347 0.078
1081.68586 19.483 0.082
1084.62404 19.423 0.076
1087.64393 19.476 0.085
1090.70032 19.341 0.081
1092.73242 19.178 0.081
1094.63912 19.365 0.076
1102.60928 19.723 0.103
1106.70414 19.066 0.040
1110.62324 18.970 0.090
1116.58172 19.504 0.092
1120.57030 19.775 0.158
1126.64564 19.264 0.071
1129.54410 19.416 0.110
1132.52716 19.378 0.114
1135.57723 19.307 0.081
1138.62691 19.555 0.089
1140.60434 19.182 0.061
1144.66189 19.229 0.084
1151.54148 19.337 0.096
1155.54310 19.498 0.092
1159.53855 19.526 0.117
1162.57095 19.271 0.071
1164.68452 19.175 0.085
1170.54293 19.242 0.074
1178.65298 19.602 0.123
1182.66488 19.240 0.074
1183.70323 19.340 0.098
1185.68637 19.051 0.062
1188.68572 19.458 0.101
1191.56946 19.683 0.136
1202.58455 19.126 0.095
1205.53599 19.286 0.084
1211.55645 19.318 0.103
1217.56709 19.357 0.089
1220.56956 19.167 0.080
1229.52229 19.312 0.115
1238.51858 19.156 0.139
1327.90283 19.094 0.118
1330.81953 19.130 0.091
1335.87127 19.210 0.101
1340.89077 19.184 0.082
1348.92682 19.376 0.086
1354.90042 19.320 0.096
1360.92015 19.337 0.102
1365.91636 19.406 0.107
1367.83986 19.311 0.108
1374.91191 19.359 0.090
1394.84809 19.387 0.099
1395.87957 19.552 0.110
1397.80128 19.281 0.089
1401.82831 19.264 0.074
1402.91320 19.089 0.064
1407.83628 19.183 0.071
1412.73158 19.297 0.082
1417.88992 19.575 0.108
1430.72254 19.335 0.100
1432.73323 19.450 0.068
1435.68968 19.365 0.112
1439.65609 19.032 0.065
1442.65977 19.390 0.084
1447.73499 19.497 0.164
1451.67121 19.339 0.075
1455.69092 19.315 0.091
1460.73165 19.291 0.080
1462.63727 19.591 0.129
1470.64350 19.171 0.071
1471.77030 19.318 0.086
1472.63072 19.384 0.099
1475.63646 19.147 0.076
1477.56552 19.265 0.106
1481.58330 19.257 0.092
1484.63218 19.308 0.080
1487.62732 19.181 0.069
1490.66605 19.492 0.102
1492.56571 19.354 0.108
1495.52250 19.199 0.081
1499.55115 19.215 0.114
1502.54927 19.352 0.130
1505.61582 19.256 0.107
1508.55118 19.300 0.086
1509.52747 19.193 0.077
1512.62935 19.649 0.154
1515.60399 19.242 0.074
1517.60746 19.216 0.080
1520.59471 19.322 0.083
1524.54242 19.530 0.137
1526.58256 19.205 0.067
1531.63413 19.264 0.105
1543.59161 19.457 0.105
1546.60645 19.246 0.068
1551.56821 19.365 0.084
1555.60175 19.621 0.117
1562.58032 19.321 0.110
1569.55945 19.537 0.093
1575.58527 19.362 0.071
1580.56029 19.074 0.072
1583.56295 19.448 0.087
1587.54274 19.578 0.119
1597.52822 19.128 0.100
1603.53633 19.268 0.095
1608.51205 19.218 0.110
1701.89386 19.289 0.087
1703.89699 19.372 0.098
1705.90248 19.087 0.079
1716.86289 19.376 0.110
1717.87326 19.248 0.087
1718.85927 19.431 0.156
1729.90892 19.415 0.064
1732.87870 19.368 0.101
1740.82978 19.365 0.102
1742.87754 19.574 0.124
1744.84664 19.322 0.088
1745.87090 19.408 0.080
1749.85132 19.239 0.058
1750.82327 19.286 0.085
1751.83508 19.370 0.075
1752.79644 19.189 0.075
1753.79748 19.232 0.081
1754.82417 19.385 0.095
1755.78953 19.353 0.119
1756.81900 19.423 0.162
1757.76818 19.357 0.117
1758.77270 19.376 0.083
1759.81705 19.355 0.076
1761.79806 19.496 0.107
1762.78447 19.376 0.116
1763.78748 19.465 0.098
1764.77996 19.354 0.064
1765.77447 19.282 0.077
1766.71550 19.357 0.122
1768.79458 19.333 0.100
1769.70396 19.059 0.075
1771.82004 19.053 0.113
1772.76242 19.240 0.070
1773.72973 19.118 0.075
1776.75253 19.636 0.110
1784.72919 19.363 0.083
1788.79468 19.278 0.064
1803.75498 19.307 0.090
1806.74913 19.465 0.098
1808.81874 19.472 0.123
1811.74713 19.525 0.071
1814.79397 19.144 0.058
1817.75962 19.362 0.061
1822.63707 19.301 0.076
1826.78816 19.191 0.076
1829.73042 19.440 0.100
1846.77841 19.225 0.082
1850.73520 19.387 0.113
1854.79124 19.293 0.062
1858.71512 19.352 0.100
1862.71400 19.220 0.065
1867.73843 19.317 0.103
1871.74499 19.277 0.063
2085.90914 19.432 0.145
2086.88843 19.127 0.092
2103.89525 19.399 0.067
2105.92315 19.237 0.076
2106.89098 19.536 0.111
2112.84336 19.347 0.076
2116.87111 19.300 0.075
2123.81803 19.605 0.112
2128.82553 19.332 0.100
2129.85750 19.314 0.086
2130.84387 19.204 0.089
2131.83748 19.048 0.072
2132.80627 19.312 0.106
2133.89460 19.349 0.131
2134.81000 19.241 0.104
2135.84408 19.479 0.127
2137.89208 19.400 0.122
2140.81134 19.528 0.106
2142.75205 19.350 0.088
2143.81755 19.174 0.070
2144.82425 19.110 0.056
2155.87863 19.360 0.139
2156.82521 19.460 0.115
2160.75460 19.245 0.097
2162.76139 19.261 0.074
2166.75600 19.342 0.074
2167.76446 19.368 0.074
2168.71363 19.339 0.081
2171.73955 19.345 0.071
2172.74617 19.424 0.089
2177.63966 19.421 0.102
2184.70130 19.508 0.130
2185.66480 19.275 0.097
2186.68965 19.326 0.129
2187.68483 19.530 0.137
2188.73199 19.507 0.115
2190.69136 19.344 0.086
2191.66474 19.403 0.091
2192.66325 19.484 0.072
2193.68432 19.491 0.072
2194.65442 19.183 0.066
2203.55089 19.238 0.092
2206.60721 19.500 0.159
2211.64130 19.188 0.080
2212.64513 19.128 0.074
2213.65095 18.964 0.080
2214.64214 19.301 0.118
2215.64912 19.421 0.098
2217.63582 19.367 0.113
2219.67868 19.540 0.105
2224.71356 19.360 0.084
2226.63643 19.170 0.113
2228.55833 19.374 0.103
2229.61659 19.361 0.100
2231.64326 19.246 0.092
2232.50999 19.310 0.130
2233.61341 19.300 0.084
2235.66353 19.300 0.070
2238.54707 19.208 0.087
2240.65138 18.742 0.058
2242.61889 19.285 0.102
2248.60354 19.267 0.062
2250.57686 19.387 0.080
2253.57050 19.577 0.082
2255.60716 19.268 0.088
2258.57346 19.312 0.081
2263.58419 19.343 0.084
2266.55498 19.379 0.106
2271.56456 19.538 0.105
2273.56390 19.132 0.112
2275.59883 19.191 0.088
2276.55838 19.711 0.184
2278.59096 19.379 0.102
2280.58682 19.281 0.099
2284.58970 19.663 0.125
2290.60368 19.430 0.104
2293.56596 19.383 0.098
2295.55870 19.375 0.096
2297.56199 19.024 0.093
2299.56109 19.308 0.110
2301.55335 19.243 0.111
2445.91192 19.343 0.123
2460.87884 18.950 0.102
2463.91518 19.406 0.097
2465.92794 19.275 0.078
2467.90093 19.391 0.089
2469.90031 19.252 0.074
2471.88975 19.575 0.100
2472.91922 19.194 0.069
2473.89113 19.184 0.070
2481.90282 19.336 0.119
2483.88864 19.476 0.083
2486.88565 19.446 0.112
2488.87656 19.352 0.132
2489.92299 19.459 0.114
2492.90335 19.118 0.068
2496.90310 19.246 0.075
2497.92651 19.310 0.083
2498.77378 19.288 0.089
2499.85936 19.411 0.083
2500.86493 19.375 0.079
2501.85389 19.337 0.073
2502.83412 19.383 0.098
2508.74536 19.212 0.135
2516.77666 19.350 0.118
2517.82340 19.393 0.102
2518.79484 19.463 0.104
2519.83174 19.330 0.078
2520.79113 19.343 0.084
2521.82327 19.252 0.067
2524.82152 19.311 0.126
2526.77770 19.079 0.053
2534.83408 19.341 0.106
2535.81429 19.304 0.077
2537.70207 19.246 0.119
2538.79803 19.302 0.092
2539.70185 19.364 0.102
2540.74273 19.389 0.141
2541.71375 19.336 0.080
2542.68354 19.040 0.063
2544.66208 19.531 0.092
2545.67711 19.295 0.068
2547.69512 19.219 0.077
2548.71156 19.348 0.072
2550.70669 19.345 0.083
2551.69333 19.530 0.089
2553.64905 19.446 0.132
2554.70257 19.460 0.091
2555.71050 19.201 0.074
2556.68952 19.130 0.067
2557.70206 19.329 0.062
2558.65854 19.326 0.092
2559.61544 19.142 0.084
2560.64850 19.162 0.070
2561.67405 19.346 0.154
2562.66694 19.460 0.106
2563.67487 19.293 0.089
2564.69026 19.326 0.086
2565.68116 19.399 0.095
2566.66144 19.568 0.102
2568.69242 19.183 0.118
2571.64511 19.413 0.138
2573.65854 19.212 0.113
2574.64237 19.397 0.105
2577.62924 19.112 0.096
2578.62931 19.259 0.084
2579.63596 19.316 0.101
2580.64808 19.207 0.069
2583.61939 19.455 0.118
2584.62675 19.449 0.103
2586.62397 19.324 0.087
2587.60838 19.383 0.099
2588.71680 19.091 0.074
2589.59832 19.289 0.091
2590.61345 19.028 0.080
2591.63659 19.153 0.075
2593.60559 19.303 0.078
2594.60936 19.261 0.111
2596.58489 19.411 0.128
2597.57206 19.483 0.111
2598.64593 19.507 0.118
2599.60541 19.308 0.119
2607.62660 19.282 0.118
2610.54642 19.304 0.124
2613.54032 19.590 0.144
2615.56917 19.295 0.102
2619.55687 19.514 0.144
2621.56577 19.041 0.073
2625.54841 19.231 0.125
2628.54178 19.345 0.167
2632.54820 19.618 0.130
2636.54337 19.380 0.127
2639.54386 19.184 0.093
2642.55261 19.167 0.114
2646.56543 19.198 0.101
2651.53746 19.070 0.123
2654.55527 19.477 0.150
2657.55813 19.185 0.102
2660.55391 19.386 0.117
2671.55158 19.215 0.105
2673.56338 19.384 0.140
2676.52475 19.390 0.159
2679.53811 19.367 0.107
2682.54043 18.999 0.096
2777.90295 19.252 0.119
2804.86989 19.343 0.128
2811.90436 19.154 0.133
2814.94001 19.587 0.112
2817.92658 19.351 0.103
2831.78143 19.170 0.097
2832.74739 19.192 0.095
2832.92536 19.556 0.111
2833.86530 19.071 0.091
2835.87395 19.691 0.128
2837.87502 19.137 0.126
2838.93218 19.064 0.102
2840.82492 19.283 0.109
2843.82636 19.235 0.077
2844.87219 19.604 0.111
2845.91818 19.478 0.122
2849.85561 19.438 0.107
2850.88837 19.408 0.106
2851.93194 19.188 0.098
2852.80262 19.576 0.133
2853.94203 19.240 0.095
2856.81529 19.100 0.085
2858.90934 19.537 0.084
2860.87534 19.133 0.067
2861.74651 19.426 0.079
2862.92552 19.336 0.105
2863.83472 19.345 0.124
2865.83162 19.566 0.106
2866.88126 19.456 0.127
2867.82127 19.262 0.068
2868.76894 19.329 0.086
2869.90194 19.228 0.082
2870.81554 19.409 0.073
2871.85846 19.453 0.095
2875.79802 19.339 0.106
2876.77573 19.209 0.070
2877.79763 19.221 0.069
2879.73926 19.373 0.066
2883.82540 19.417 0.072
2885.76020 19.223 0.075
2888.80852 19.440 0.095
2892.79988 19.659 0.167
2894.72904 19.265 0.088
2896.72614 19.542 0.085
2898.74712 19.330 0.072
2900.74596 19.572 0.074
2902.74548 19.211 0.061
2905.75268 19.401 0.077
2907.75408 19.246 0.058
2909.74319 19.352 0.060
2911.73455 19.358 0.057
2915.70602 19.378 0.071
2917.73213 19.168 0.058
2921.72988 19.128 0.077
2923.75183 19.306 0.098
2925.71480 19.190 0.065
2927.71233 19.429 0.092
2930.73038 19.167 0.073
2932.73689 19.418 0.086
2934.71672 19.067 0.054
2937.64073 18.995 0.063
2939.69337 19.275 0.076
2940.63350 19.345 0.061
2941.68332 19.274 0.062
2942.63345 19.288 0.080
2943.60468 19.355 0.097
2944.58927 19.518 0.095
2945.60604 19.312 0.130
2947.61554 19.577 0.114
2949.59685 19.288 0.079
2950.64160 19.206 0.066
2951.62878 19.139 0.080
2952.65771 19.224 0.096
2954.68263 19.432 0.113
2956.62862 19.337 0.059
2958.62303 19.375 0.097
2961.59410 19.360 0.145
2968.59386 19.182 0.078
2970.61311 19.442 0.084
2972.59760 19.271 0.075
2974.59835 19.598 0.101
2976.54805 19.170 0.077
2978.57415 19.431 0.142
2980.59102 19.370 0.126
2982.53624 19.512 0.110
2984.62711 19.407 0.119
2986.63724 19.195 0.085
2988.52960 19.171 0.127
2991.60267 19.431 0.086
2994.58439 19.380 0.087
2997.55718 19.434 0.084
3001.57363 19.425 0.095
3005.53170 19.551 0.183
3008.55336 19.211 0.111
3008.55802 19.313 0.124
3011.56139 19.590 0.148
3016.58805 19.228 0.092
3018.57452 18.994 0.070
3020.60257 19.351 0.078
3021.61538 19.357 0.060
3023.57128 19.574 0.092
3025.56979 19.160 0.086
3027.60330 19.305 0.079
3029.57520 19.238 0.079
3031.57974 18.988 0.065
3033.58211 19.226 0.076
3037.52913 19.266 0.113
3164.92956 19.806 0.137
3183.91153 19.640 0.111
3193.87929 19.329 0.095
3195.93849 19.449 0.082
3197.91395 19.380 0.085
3201.87137 19.179 0.077
3203.87932 19.020 0.043
3206.81719 19.551 0.107
3210.89322 19.770 0.123
3211.88465 19.290 0.067
3215.66076 19.727 0.176
3216.72877 19.499 0.143
3217.92930 18.970 0.072
3218.91393 19.254 0.125
3223.83478 19.407 0.101
3226.82503 19.530 0.108
3229.83216 19.209 0.063
3231.81430 19.421 0.127
3239.79267 19.338 0.077
3240.78993 19.172 0.089
3241.81429 19.336 0.074
3242.71361 19.852 0.139
3243.85006 19.467 0.099
3244.82725 19.698 0.152
3245.77639 19.308 0.102
3246.76884 19.127 0.102
3247.76260 19.363 0.093
3249.72731 19.316 0.098
3251.74083 19.051 0.052
3254.72795 19.189 0.060
3257.74436 19.378 0.058
3259.66354 19.568 0.099
3261.70164 19.567 0.071
3263.68434 19.627 0.075
3265.71873 19.434 0.059
3267.70757 19.366 0.064
3269.78399 19.121 0.090
3270.74081 19.280 0.081
3271.66364 19.162 0.073
3272.72083 19.203 0.064
3274.70670 19.357 0.083
3276.71113 19.478 0.120
3277.74427 19.618 0.103
3279.67659 19.187 0.068
3281.64027 19.620 0.089
3283.64171 19.468 0.058
3287.60793 19.088 0.063
3289.61900 19.122 0.062
3293.59579 19.351 0.068
3295.61458 19.427 0.057
3297.59633 19.377 0.059
3299.65270 19.495 0.074
3301.62694 19.119 0.074
3303.68919 19.419 0.096
3306.62174 19.280 0.057
3308.60946 19.259 0.100
3310.60859 19.168 0.073
3312.65261 19.499 0.093
3314.56347 18.863 0.072
3320.60130 19.259 0.066
3327.55626 19.634 0.105
3330.55049 19.200 0.080
3335.59532 19.563 0.126
3338.59893 19.493 0.078
3349.59526 19.244 0.066
3353.57435 19.694 0.115
3359.55088 19.289 0.079
3363.55822 19.219 0.085
3367.61754 19.207 0.078
3372.54829 19.390 0.075
3376.52760 19.380 0.143
3378.59455 19.237 0.086
3386.56098 19.323 0.063
3390.57456 19.004 0.086
3398.55632 19.191 0.077
3402.54472 19.194 0.065
3528.93692 19.533 0.125
3541.92972 19.361 0.070
3547.91431 19.496 0.090
3554.92252 19.304 0.083
3560.94464 19.197 0.074
3564.90680 19.097 0.050
3568.83766 19.144 0.059
3570.77838 19.405 0.124
3571.80071 19.616 0.175
3573.83820 19.280 0.108
3574.87719 19.285 0.086
3577.83586 19.481 0.095
3578.89443 19.502 0.079
3579.79927 19.278 0.061
3581.84420 19.263 0.077
3581.86691 18.979 0.061
3582.82909 19.691 0.138
3583.83350 19.256 0.082
3586.80784 19.401 0.056
3588.82573 19.324 0.069
3589.81854 19.447 0.075
3591.87334 19.577 0.066
3593.81090 19.231 0.073
3596.89136 19.511 0.090
3601.80899 19.389 0.093
3607.81440 19.479 0.077
3614.78579 19.363 0.056
3617.76529 19.393 0.066
3619.69821 19.282 0.070
3621.71667 19.552 0.084
3624.86497 19.343 0.107
3626.71435 19.416 0.085
3629.66796 19.403 0.113
3631.73033 19.206 0.096
3633.69564 19.393 0.112
3637.64955 19.300 0.083
3639.69963 19.545 0.062
3641.69619 19.189 0.057
3643.72056 19.559 0.080
3646.65552 19.361 0.086
3650.65877 19.269 0.074
3650.68281 19.177 0.059
3651.73275 19.305 0.061
3653.72891 19.419 0.071
3655.69509 19.597 0.073
3657.64587 19.346 0.076
3658.65030 19.350 0.079
3659.63835 19.480 0.105
3660.66847 19.681 0.123
3663.55998 19.480 0.133
3665.63356 19.395 0.076
3668.57198 19.697 0.101
3669.67074 19.408 0.102
3671.62890 19.486 0.098
3673.67376 19.642 0.135
3675.65834 19.221 0.066
3683.64765 19.280 0.072
3685.65278 19.662 0.098
3687.65145 19.385 0.078
3689.59984 19.343 0.078
3692.57568 19.276 0.083
3694.55966 19.576 0.114
3696.56018 19.132 0.055
3698.59387 19.286 0.089
3700.57480 19.317 0.087
3702.58409 19.245 0.073
3704.59036 19.618 0.106
3706.61079 19.167 0.050
3708.58367 19.184 0.073
3711.59026 19.112 0.084
3714.52401 19.026 0.123
3718.60452 19.506 0.120
3721.55342 19.348 0.092
3724.56310 19.258 0.074
3726.58366 19.520 0.093
3728.55677 19.058 0.065
3734.56022 19.396 0.092
3737.57590 19.140 0.070
3742.53452 19.200 0.135
3746.55980 19.409 0.127
3751.53618 19.920 0.240
3756.55244 19.220 0.081
3761.60271 19.358 0.089
3766.52751 19.235 0.112
3772.55033 19.136 0.074
3776.55040 19.296 0.086
3871.87630 19.282 0.111
3901.93882 19.313 0.093
3906.93909 19.269 0.063
3913.91603 19.332 0.055
3918.87954 19.191 0.064
3931.91488 19.583 0.118
3934.85790 19.339 0.062
3936.86610 19.401 0.077
3938.85009 19.484 0.096
3944.89748 19.158 0.059
3946.86561 19.231 0.073
3951.88502 19.281 0.088
3955.85015 19.504 0.131
3958.82667 19.077 0.089
3960.82682 19.292 0.068
3963.82353 19.339 0.114
3965.81541 19.375 0.047
3967.83526 19.259 0.054
3969.80090 19.442 0.075
3971.77709 19.359 0.060
3974.77883 19.248 0.077
3979.73419 19.166 0.061
3980.61754 19.648 0.141
3981.64383 19.340 0.060
3983.83415 19.793 0.143
3986.69571 19.276 0.088
3987.66675 19.429 0.074
3990.79002 19.303 0.062
3993.73482 19.170 0.073
3995.74009 19.531 0.067
3999.74936 19.683 0.080
4002.72150 19.305 0.052
4004.67329 19.261 0.063
4006.69950 19.273 0.050
4007.56288 19.342 0.071
4008.57181 19.387 0.073
4009.73327 19.445 0.085
4013.69838 19.317 0.086
4015.68067 19.180 0.100
4015.69690 19.248 0.105
4018.69606 19.232 0.070
4019.68463 19.342 0.086
4021.67712 19.614 0.079
4024.65059 19.569 0.081
4026.62947 19.212 0.063
4028.62543 19.280 0.055
4030.63799 19.435 0.077
4032.69009 19.203 0.075
4037.66628 19.310 0.059
4039.60422 19.126 0.053
4041.60374 19.482 0.126
4043.58944 19.168 0.083
4046.59877 19.420 0.090
4048.56467 19.440 0.100
4050.60679 19.715 0.099
4052.55889 19.307 0.067
4054.61307 19.328 0.077
4056.58516 19.328 0.085
4058.61871 19.176 0.071
4060.51755 19.116 0.074
4064.51518 19.539 0.098
4066.55665 19.342 0.075
4069.51502 19.061 0.106
4073.59859 19.421 0.108
4077.52194 19.480 0.123
4079.52388 19.437 0.148
4082.52384 19.581 0.155
4085.56155 19.531 0.096
4092.55760 19.190 0.054
4096.58355 19.257 0.071
4100.58634 19.292 0.100
4105.55417 19.243 0.091
4108.53042 19.143 0.096
4113.60831 19.729 0.107
4120.57914 18.997 0.053
4126.57697 19.413 0.123
4252.92626 19.348 0.137
4255.84555 19.311 0.114
4268.89906 19.414 0.105
4275.92119 19.186 0.088
4279.79887 19.233 0.138
4282.80943 19.218 0.097
4283.86237 19.270 0.112
4285.91669 19.514 0.116
4291.93747 19.397 0.111
4292.85599 19.055 0.053
4295.86004 19.348 0.069
4296.88980 19.289 0.069
4297.92266 19.295 0.071
4299.85747 19.484 0.067
4300.87896 19.299 0.072
4301.89697 19.295 0.056
4302.91858 19.129 0.070
4306.86321 19.045 0.084
4307.89749 19.277 0.062
4308.65864 19.341 0.096
4308.86662 19.375 0.083
4310.83897 19.237 0.093
4311.82652 19.418 0.161
4312.90040 19.421 0.070
4314.91987 19.245 0.089
4316.82641 19.251 0.092
4319.86359 19.256 0.090
4320.89045 19.113 0.079
4326.83432 19.473 0.090
4327.81259 19.122 0.092
4328.82822 19.128 0.084
4329.83076 19.328 0.091
4330.85900 19.373 0.077
4333.86030 19.510 0.105
4338.90068 19.150 0.101
4340.77316 19.042 0.071
4341.76831 19.271 0.102
4342.82417 19.270 0.098
4343.76181 19.313 0.085
4344.74396 19.090 0.066
4345.78995 19.323 0.074
4347.77884 19.441 0.086
4349.79203 19.276 0.073
4351.72913 19.433 0.123
4353.75235 19.180 0.093
4357.70122 19.094 0.081
4359.69915 19.335 0.079
4361.70171 19.180 0.090
4362.72443 19.227 0.089
4364.58347 19.203 0.110
4367.68098 19.716 0.152
4370.67263 19.198 0.086
4372.73610 19.372 0.071
4376.65149 19.515 0.117
4378.61807 19.176 0.089
4379.64603 19.455 0.125
4380.75888 19.333 0.076
4382.68633 19.333 0.083
4386.66139 19.312 0.078
4388.66187 19.103 0.066
4390.67086 19.416 0.073
4393.64464 19.269 0.095
4395.67952 19.352 0.096
4398.64496 19.545 0.116
4400.66784 19.264 0.091
4403.69363 19.358 0.095
4407.63372 19.374 0.106
4408.67990 19.368 0.097
4410.70284 19.283 0.084
4415.68697 19.207 0.076
4418.59364 19.138 0.065
4422.65487 19.267 0.079
4424.65193 19.426 0.095
4427.53863 19.366 0.116
4429.56456 19.272 0.138
4431.56900 19.481 0.116
4433.57486 19.387 0.085
4435.56321 19.141 0.073
4437.65225 19.293 0.118
4439.56412 19.226 0.091
4441.59995 19.204 0.083
4443.59068 19.453 0.113
4449.64470 19.060 0.066
4451.59983 19.413 0.083
4453.58181 19.046 0.085
4456.58324 19.517 0.138
4459.53574 19.424 0.126
4464.57543 19.433 0.095
4465.54136 19.465 0.111
4470.56029 19.272 0.109
4474.59679 19.375 0.129
4476.57493 19.449 0.093
4479.59974 19.085 0.099
4481.58441 19.487 0.114
4484.60109 19.319 0.165
4487.62265 19.327 0.153
4609.89594 19.242 0.110
4643.88061 19.260 0.098
4649.93082 19.146 0.087
4661.89396 19.316 0.081
4662.77668 19.469 0.077
4662.89360 19.313 0.077
4663.74837 19.110 0.093
4663.93227 19.454 0.118
4665.82132 19.291 0.115
4665.91527 19.304 0.121
4666.90913 19.187 0.106
4670.90358 19.251 0.088
4671.81782 19.477 0.108
4672.87754 19.329 0.083
4675.89515 19.246 0.086
4681.87488 19.557 0.081
4683.87013 19.101 0.067
4685.85625 19.297 0.091
4688.80759 19.224 0.069
4690.73315 19.257 0.065
4691.73602 19.171 0.105
4693.89111 19.298 0.108
4696.84103 19.049 0.106
4698.75286 19.378 0.069
4699.74687 19.177 0.071
4700.78438 19.178 0.067
4701.78958 19.188 0.075
4702.84972 19.149 0.079
4703.74876 19.436 0.090
4704.76761 19.142 0.059
4705.77485 19.119 0.077
4707.76752 19.398 0.066
4708.83578 19.472 0.075
4710.75175 19.577 0.090
4716.75326 19.372 0.087
4719.74543 18.850 0.078
4721.73439 19.476 0.119
4724.76409 19.401 0.092
4726.65976 19.089 0.086
4729.67074 19.655 0.159
4731.76099 19.057 0.052
4734.74331 19.293 0.059
4736.70809 19.279 0.087
4739.64937 19.008 0.077
4741.72395 19.511 0.072
4747.59056 19.246 0.080
4749.59013 19.474 0.135
4753.65929 18.973 0.087
4755.65321 19.332 0.081
4757.63765 19.284 0.070
4759.65027 19.434 0.089
4761.62054 19.401 0.057
4763.63318 19.566 0.130
4766.60140 19.318 0.097
4769.63947 19.197 0.095
4771.55054 19.472 0.133
4773.67535 19.337 0.073
4775.66219 19.192 0.091
4777.59594 19.264 0.085
4779.63153 19.270 0.077
4781.58145 19.439 0.101
4783.56507 19.215 0.097
4785.59617 19.316 0.091
4789.53158 19.372 0.117
4790.61380 19.382 0.055
4791.61210 19.257 0.063
4793.51623 19.331 0.118
4795.53328 19.335 0.069
4797.52548 19.367 0.095
4798.58878 19.260 0.098
4800.63607 19.092 0.068
4803.52739 19.139 0.095
4804.57757 19.128 0.095
4806.58659 19.475 0.095
4808.54482 19.222 0.088
4808.61232 19.260 0.088
4810.55526 19.520 0.110
4813.59461 19.103 0.078
4815.57074 19.286 0.096
4817.58728 19.161 0.064
4819.58688 19.378 0.083
4821.62878 19.385 0.072
4823.58957 19.426 0.098
4825.61801 19.342 0.090
4832.59113 19.215 0.082
4835.57295 19.271 0.109
4839.59446 19.219 0.103
4842.56152 19.337 0.110
4844.57001 19.231 0.075
4847.62632 19.528 0.188
4849.58618 19.198 0.071
4853.58361 19.216 0.085
4856.57754 19.347 0.086
4865.55067 19.474 0.111
4936.91655 19.551 0.184
4940.89923 18.973 0.086
4940.90309 19.457 0.123
4953.89694 19.350 0.114
4954.88836 19.300 0.091
