 625.93060 17.753 0.017
 626.92239 17.759 0.018
 627.88809 17.840 0.020
 631.90356 17.768 0.021
 632.89832 17.801 0.022
 635.87423 17.804 0.019
 643.84358 17.733 0.018
 645.86973 17.830 0.019
 647.82753 17.830 0.031
 649.83243 17.858 0.025
 656.88493 17.785 0.016
 657.88879 17.844 0.020
 658.89753 17.797 0.022
 665.86457 17.763 0.017
 666.86665 17.732 0.015
 667.88566 17.800 0.016
 668.85647 17.817 0.015
 670.82212 17.792 0.019
 671.84458 17.804 0.013
 672.84954 17.830 0.014
 673.76259 17.764 0.016
 684.77751 17.864 0.019
 685.77802 17.741 0.017
 686.73409 17.841 0.020
 687.89538 17.853 0.018
 688.86328 17.817 0.016
 689.72985 17.823 0.016
 697.69569 17.789 0.020
 698.71095 17.809 0.022
 699.72176 17.840 0.017
 700.70684 17.779 0.016
 701.67850 17.806 0.017
 704.67305 17.798 0.022
 706.67143 17.866 0.031
 706.76592 17.802 0.025
 707.70199 17.735 0.020
 708.69947 17.716 0.022
 712.69981 17.789 0.017
 713.71405 17.770 0.018
 714.73058 17.841 0.015
 715.77143 17.782 0.017
 716.75397 17.796 0.016
 720.66099 17.741 0.020
 726.72111 17.769 0.015
 728.71421 17.749 0.016
 729.65860 17.763 0.017
 730.60995 17.819 0.021
 733.66957 17.825 0.025
 739.69177 17.786 0.020
 741.65533 17.787 0.020
 742.64916 17.796 0.018
 744.61766 17.786 0.020
 745.65755 17.767 0.018
 746.60236 17.799 0.018
 747.56015 17.777 0.023
 748.55680 17.802 0.023
 749.56322 17.786 0.032
 750.53745 17.780 0.029
 751.56759 17.842 0.023
 752.77135 17.819 0.018
 753.71109 17.791 0.018
 754.74261 17.850 0.022
 755.56630 17.691 0.018
 759.56893 17.744 0.017
 760.57328 17.786 0.018
 761.56852 17.797 0.020
 762.56651 17.787 0.021
 762.69678 17.856 0.025
 762.77518 17.783 0.026
 763.58550 17.861 0.025
 763.72974 17.788 0.020
 764.66353 17.846 0.030
 765.54888 17.821 0.026
 766.58580 17.818 0.024
 766.65234 17.877 0.026
 767.56023 17.800 0.030
 767.71387 17.823 0.028
 769.54513 17.758 0.019
 770.64140 17.793 0.020
 771.61761 17.806 0.018
 772.54564 17.717 0.019
 773.56826 17.811 0.018
 774.63808 17.822 0.020
 775.59096 17.758 0.017
 776.67193 17.806 0.020
 777.58888 17.791 0.017
 778.56203 17.859 0.025
 778.65353 17.812 0.025
 779.62139 17.769 0.022
 780.60971 17.856 0.034
 780.71529 17.803 0.025
 781.59776 17.821 0.019
 782.59541 17.798 0.020
 783.57514 17.810 0.017
 784.61475 17.801 0.019
 785.58563 17.741 0.019
 786.59033 17.801 0.017
 787.67072 17.804 0.018
 787.75652 17.842 0.020
 788.60235 17.750 0.016
 790.55234 17.692 0.022
 795.56413 17.755 0.019
 796.61371 17.828 0.023
 797.68419 17.839 0.019
 798.60162 17.793 0.017
 800.59951 17.780 0.016
 802.58003 17.783 0.020
 805.58608 17.745 0.021
 806.59686 17.801 0.028
 817.62431 17.771 0.019
 819.66543 17.767 0.017
 820.66440 17.791 0.019
 822.58436 17.767 0.018
 823.66167 17.760 0.020
 824.60978 17.802 0.022
 824.67259 17.783 0.024
 825.68297 17.799 0.032
 828.64301 17.858 0.020
 829.60961 17.792 0.020
 832.61651 17.794 0.019
 833.63664 17.769 0.017
 834.65082 17.742 0.020
 836.58420 17.778 0.022
 838.55730 17.859 0.025
 840.57277 17.774 0.020
 845.57843 17.786 0.016
 850.54590 17.828 0.028
 855.55257 17.765 0.023
 856.54044 17.808 0.024
 859.54009 17.790 0.020
 860.57241 17.801 0.021
 866.55972 17.902 0.027
 876.52826 17.842 0.019
 962.90896 17.764 0.021
 986.87523 17.798 0.019
 987.88754 17.789 0.019
 991.90144 17.756 0.019
 996.86762 17.758 0.010
 998.87486 17.703 0.019
1003.80601 17.875 0.026
1005.83144 17.794 0.023
1008.86461 17.709 0.020
1020.82748 17.796 0.019
1025.80713 17.711 0.020
1035.78200 17.758 0.019
1037.80923 17.810 0.020
1038.90828 17.747 0.023
1041.87869 17.768 0.017
1045.77982 17.753 0.017
1049.80024 17.836 0.019
1052.81059 17.840 0.020
1055.68034 17.764 0.017
1058.83217 17.835 0.021
1059.81101 17.775 0.022
1064.75417 17.825 0.020
1068.74601 17.758 0.018
1071.77400 17.786 0.017
1075.79112 17.752 0.017
1078.71290 17.852 0.017
1080.65895 17.862 0.018
1083.75127 17.771 0.014
1086.60179 17.790 0.020
1090.68491 17.750 0.021
1092.68497 17.792 0.020
1094.68113 17.780 0.015
1102.64972 17.783 0.018
1107.61806 17.716 0.015
1112.72423 17.807 0.020
1117.59966 17.776 0.020
1122.61121 17.723 0.018
1128.55981 17.829 0.023
1132.59019 17.779 0.018
1135.65883 17.757 0.016
1138.61164 17.831 0.018
1140.64404 17.712 0.018
1144.64704 17.858 0.022
1151.58151 17.781 0.018
1154.60108 17.774 0.020
1157.64684 17.801 0.021
1160.63834 17.778 0.020
1163.72027 17.734 0.018
1166.68729 17.815 0.016
1170.61623 17.721 0.016
1175.67735 17.714 0.022
1179.67505 17.853 0.021
1183.68392 17.766 0.020
1186.67776 17.792 0.016
1189.56631 17.797 0.017
1192.61091 17.719 0.017
1202.55749 17.779 0.023
1206.56112 17.790 0.021
1212.55266 17.801 0.028
1216.55873 17.771 0.024
1220.55491 17.738 0.020
1227.55053 17.780 0.027
1233.53807 17.806 0.029
1329.79952 17.779 0.027
1330.90968 17.689 0.023
1335.85484 17.841 0.025
1340.93071 17.752 0.019
1347.91203 17.811 0.020
1355.90094 17.774 0.025
1365.90184 17.783 0.021
1367.87937 17.764 0.024
1369.86705 17.821 0.022
1374.86596 17.802 0.021
1395.83155 17.776 0.022
1397.85490 17.835 0.021
1401.86857 17.819 0.019
1407.87586 17.774 0.020
1412.77384 17.776 0.020
1418.81391 17.807 0.019
1430.70790 17.829 0.020
1432.77279 17.803 0.018
1438.72568 17.785 0.016
1441.83275 17.735 0.016
1447.68920 17.810 0.028
1451.65525 17.809 0.019
1454.62949 17.745 0.021
1459.67506 17.769 0.020
1461.64990 17.797 0.020
1462.70828 17.804 0.019
1470.59711 17.775 0.023
1475.62118 17.823 0.021
1478.56979 17.802 0.022
1479.58596 17.730 0.020
1484.58520 17.800 0.020
1487.61223 17.746 0.019
1490.64794 17.744 0.020
1492.55071 17.794 0.023
1495.60002 17.806 0.020
1498.56590 17.822 0.022
1502.58907 17.704 0.019
1505.65617 17.725 0.022
1509.56710 17.746 0.018
1512.66926 17.752 0.022
1516.56896 17.790 0.017
1518.63888 17.772 0.020
1520.66675 17.745 0.020
1523.58409 17.791 0.038
1526.56700 17.769 0.018
1531.67429 17.824 0.020
1546.59041 17.790 0.017
1551.55345 17.806 0.019
1556.59420 17.793 0.023
1567.59056 17.803 0.037
1571.58503 17.791 0.019
1576.57388 17.832 0.025
1582.58459 17.741 0.019
1585.55843 17.691 0.021
1589.56029 17.831 0.023
1599.54024 17.756 0.025
1602.53005 17.757 0.028
1607.52417 17.859 0.028
1702.89472 17.733 0.022
1703.93664 17.785 0.021
1716.90264 17.866 0.024
1728.89410 17.736 0.020
1731.88068 17.793 0.015
1740.86931 17.712 0.022
1742.87091 17.753 0.020
1743.86714 17.707 0.019
1744.88620 17.840 0.022
1749.83660 17.783 0.015
1750.86307 17.786 0.020
1751.82033 17.846 0.017
1752.83612 17.782 0.019
1753.83719 17.807 0.020
1754.80938 17.753 0.018
1755.82923 17.798 0.031
1756.85838 17.831 0.036
1757.80780 17.775 0.026
1758.81241 17.788 0.020
1759.80227 17.745 0.018
1761.84167 17.822 0.020
1762.82403 17.743 0.019
1763.82971 17.778 0.016
1764.81945 17.825 0.016
1765.81563 17.804 0.021
1766.76892 17.829 0.029
1768.77988 17.775 0.021
1769.68875 17.725 0.021
1771.78206 17.799 0.027
1772.80195 17.777 0.018
1773.76920 17.788 0.019
1775.85304 17.720 0.016
1784.83738 17.790 0.020
1788.74073 17.811 0.021
1803.79486 17.771 0.020
1808.80375 17.721 0.016
1811.78693 17.799 0.015
1814.83375 17.785 0.019
1817.79964 17.755 0.015
1821.60152 17.760 0.026
1823.75903 17.754 0.014
1828.84550 17.802 0.020
1829.77027 17.738 0.020
1845.72560 17.790 0.016
1845.78594 17.817 0.019
1847.79395 17.835 0.017
1848.61299 17.840 0.020
1848.72273 17.809 0.020
1851.60429 17.757 0.022
1851.70672 17.799 0.026
1854.59406 17.829 0.021
1854.64838 17.775 0.019
1854.77634 17.792 0.018
1859.74031 17.801 0.020
1860.73640 17.772 0.022
1863.57354 17.787 0.020
1863.72398 17.715 0.022
1866.57637 17.758 0.016
1869.66392 17.761 0.017
1869.72091 17.772 0.023
1871.78474 17.810 0.019
1872.56453 17.731 0.020
2090.90645 17.742 0.028
2105.90431 17.800 0.022
2106.86900 17.799 0.026
2113.84931 17.804 0.023
2116.85251 17.818 0.020
2123.79926 17.814 0.024
2127.81422 17.759 0.034
2128.80717 17.817 0.028
2129.83914 17.821 0.022
2130.86372 17.771 0.022
2131.85700 17.813 0.028
2133.87603 17.732 0.031
2134.79108 17.793 0.027
2135.82375 17.697 0.020
2136.84410 17.788 0.025
2137.79775 17.770 0.023
2140.79271 17.730 0.023
2141.82752 17.793 0.031
2142.76949 17.791 0.021
2143.80029 17.798 0.022
2144.84635 17.811 0.020
2155.86014 17.752 0.032
2156.80676 17.841 0.026
2160.73173 17.771 0.025
2162.74263 17.787 0.020
2166.73725 17.800 0.020
2167.78340 17.734 0.020
2171.72201 17.804 0.019
2172.72763 17.761 0.021
2173.70817 17.808 0.020
2177.59917 17.778 0.030
2184.68234 17.731 0.027
2185.64629 17.791 0.025
2187.70370 17.710 0.027
2188.66169 17.809 0.030
2190.67272 17.792 0.020
2191.68098 17.773 0.023
2192.64577 17.804 0.019
2193.66687 17.809 0.019
2194.63500 17.766 0.021
2195.70179 17.805 0.018
2200.61254 17.805 0.024
2201.64961 17.761 0.020
2203.70608 17.818 0.020
2211.62361 17.758 0.024
2212.62461 17.731 0.024
2213.63301 17.772 0.027
2214.61722 17.760 0.027
2215.63166 17.759 0.023
2217.61865 17.739 0.028
2219.66111 17.760 0.025
2222.62968 17.775 0.028
2224.69634 17.774 0.020
2226.61688 17.787 0.027
2228.54117 17.791 0.030
2229.59938 17.743 0.024
2231.55103 17.723 0.025
2233.59528 17.764 0.021
2235.64129 17.791 0.019
2238.52990 17.729 0.028
2240.63375 17.819 0.023
2242.60155 17.785 0.024
2244.61975 17.758 0.023
2248.58257 17.790 0.018
2250.54997 17.743 0.026
2252.60744 17.763 0.024
2255.58555 17.825 0.024
2257.60724 17.809 0.021
2262.59787 17.748 0.021
2266.58731 17.745 0.025
2272.56490 17.793 0.023
2274.55052 17.736 0.023
2277.58557 17.770 0.020
2283.58242 17.822 0.024
2290.57714 17.776 0.023
2292.58769 17.788 0.026
2294.59085 17.745 0.025
2298.56767 17.770 0.031
2300.56644 17.789 0.030
2303.54996 17.805 0.033
2445.89193 17.822 0.032
2458.93304 17.740 0.025
2463.89667 17.837 0.025
2465.90934 17.784 0.020
2467.88219 17.765 0.022
2469.88184 17.763 0.020
2470.91616 17.751 0.019
2471.92738 17.846 0.024
2473.86735 17.790 0.021
2483.83976 17.799 0.021
2486.85724 17.819 0.030
2489.90382 17.767 0.024
2492.88488 17.830 0.029
2496.88449 17.790 0.021
2497.90793 17.759 0.023
2498.91078 17.777 0.020
2499.84089 17.810 0.024
2500.84534 17.786 0.021
2501.83527 17.773 0.020
2502.81508 17.743 0.022
2503.83059 17.797 0.022
2516.75779 17.842 0.029
2517.80457 17.770 0.022
2518.77555 17.799 0.021
2519.85437 17.788 0.021
2520.77256 17.818 0.022
2521.84378 17.803 0.020
2524.84155 17.823 0.028
2526.75915 17.799 0.018
2534.81620 17.775 0.021
2535.83613 17.758 0.024
2537.68350 17.808 0.032
2538.77710 17.839 0.025
2539.68434 17.753 0.022
2541.69625 17.781 0.020
2542.66605 17.780 0.020
2544.64357 17.765 0.020
2545.65977 17.806 0.020
2547.67763 17.757 0.024
2548.69307 17.792 0.022
2550.68799 17.805 0.024
2551.67470 17.761 0.020
2552.69084 17.740 0.019
2554.68402 17.756 0.020
2555.69196 17.796 0.021
2556.67087 17.763 0.021
2557.68345 17.813 0.020
2558.63995 17.784 0.022
2559.59667 17.793 0.024
2560.62987 17.803 0.022
2561.65550 17.796 0.032
2562.64833 17.767 0.020
2563.65612 17.762 0.021
2564.67174 17.747 0.023
2565.65870 17.807 0.021
2566.64369 17.725 0.021
2568.67503 17.866 0.033
2571.62651 17.796 0.033
2572.72400 17.804 0.029
2573.64103 17.813 0.028
2574.62492 17.813 0.024
2576.62455 17.793 0.030
2577.61057 17.788 0.031
2578.60887 17.750 0.024
2579.61826 17.699 0.021
2580.63034 17.803 0.022
2583.60170 17.792 0.030
2584.60921 17.789 0.030
2587.58964 17.805 0.025
2588.61850 17.772 0.024
2589.57961 17.798 0.022
2590.59439 17.803 0.027
2591.59555 17.776 0.023
2593.58615 17.763 0.020
2594.58990 17.760 0.027
2596.56607 17.711 0.028
2597.55341 17.756 0.029
2598.60633 17.768 0.022
2599.58547 17.836 0.036
2607.60638 17.854 0.031
2610.52671 17.815 0.030
2613.51888 17.782 0.025
2615.55069 17.805 0.029
2619.53015 17.837 0.028
2621.54678 17.764 0.023
2623.59473 17.777 0.023
2626.53830 17.737 0.021
2629.54488 17.768 0.033
2635.54596 17.817 0.019
2639.52641 17.747 0.041
2641.57196 17.798 0.022
2646.55782 17.731 0.027
2650.57034 17.813 0.022
2654.53775 17.833 0.034
2656.58581 17.754 0.026
2660.53155 17.778 0.032
2664.55642 17.709 0.028
2669.52911 17.789 0.026
2673.54609 17.794 0.029
2675.56197 17.803 0.026
2678.56229 17.790 0.030
2682.52203 17.809 0.039
2777.88447 17.766 0.033
2804.89045 17.777 0.031
2810.92282 17.778 0.024
2814.92038 17.760 0.021
2817.90833 17.757 0.024
2825.88407 17.775 0.028
2830.92254 17.793 0.027
2831.76280 17.768 0.031
2832.72829 17.815 0.028
2833.84637 17.797 0.031
2834.85412 17.790 0.031
2837.85229 17.724 0.031
2839.88805 17.768 0.023
2841.86874 17.813 0.022
2844.85400 17.788 0.019
2845.89996 17.834 0.030
2848.93697 17.819 0.035
2850.87007 17.817 0.026
2851.91336 17.815 0.022
2852.78400 17.737 0.020
2853.92389 17.786 0.022
2856.79707 17.790 0.029
2858.89110 17.815 0.020
2860.85718 17.803 0.023
2861.72813 17.765 0.020
2862.90715 17.768 0.026
2863.81623 17.834 0.029
2865.85017 17.786 0.020
2866.86289 17.786 0.026
2867.84384 17.747 0.022
2868.78757 17.783 0.020
2870.79725 17.819 0.020
2872.75467 17.815 0.019
2876.75744 17.791 0.021
2877.77929 17.809 0.023
2879.78805 17.764 0.018
2883.80643 17.801 0.018
2885.74162 17.819 0.023
2888.78984 17.781 0.024
2892.78146 17.791 0.028
2894.74773 17.800 0.023
2896.74486 17.762 0.020
2898.76577 17.781 0.020
2900.72775 17.801 0.019
2902.72728 17.806 0.020
2905.73445 17.815 0.021
2907.73571 17.845 0.021
2909.72470 17.789 0.018
2911.71617 17.771 0.017
2915.68756 17.807 0.021
2917.71355 17.821 0.020
2921.71145 17.772 0.022
2923.73276 17.806 0.021
2925.69630 17.822 0.020
2927.69373 17.788 0.024
2930.71161 17.798 0.022
2932.71797 17.754 0.021
2934.69806 17.767 0.020
2937.61857 17.831 0.027
2939.71219 17.790 0.022
2940.61519 17.790 0.019
2941.60882 17.771 0.019
2942.61500 17.807 0.020
2943.56739 17.743 0.025
2944.57082 17.783 0.021
2945.58759 17.738 0.030
2947.58440 17.828 0.026
2949.57856 17.795 0.023
2951.61031 17.775 0.026
2952.63771 17.826 0.023
2954.66427 17.786 0.027
2956.61034 17.776 0.019
2958.59501 17.779 0.020
2961.57582 17.724 0.029
2965.60421 17.805 0.018
2968.57532 17.751 0.024
2970.59466 17.794 0.022
2974.57313 17.765 0.023
2976.52905 17.773 0.026
2977.59605 17.801 0.028
2979.56036 17.801 0.028
2981.60539 17.749 0.033
2987.62911 17.809 0.022
2989.55140 17.779 0.023
2992.55319 17.829 0.027
2995.59605 17.776 0.019
2998.55403 17.777 0.027
3001.55533 17.802 0.023
3004.54730 17.787 0.024
3007.55342 17.815 0.021
3010.55256 17.757 0.021
3016.56968 17.764 0.025
3019.58313 17.767 0.024
3021.59706 17.801 0.018
3023.55240 17.785 0.023
3025.54974 17.823 0.025
3027.58503 17.813 0.022
3029.55695 17.741 0.022
3031.56130 17.840 0.028
3033.56379 17.756 0.020
3036.58099 17.802 0.028
3040.54401 17.815 0.028
3160.84150 17.811 0.032
3183.89340 17.788 0.022
3193.86117 17.856 0.028
3195.92015 17.777 0.023
3197.89573 17.806 0.026
3201.85317 17.748 0.020
3203.86033 17.808 0.019
3204.92393 17.793 0.023
3210.87494 17.815 0.021
3211.90321 17.796 0.020
3215.68167 17.782 0.030
3216.70294 17.770 0.033
3217.77892 17.829 0.027
3218.88896 17.886 0.039
3223.81647 17.844 0.028
3226.80497 17.810 0.027
3229.81405 17.769 0.020
3231.76471 17.794 0.030
3239.77426 17.818 0.022
3240.76361 17.775 0.025
3241.83281 17.792 0.025
3242.69530 17.808 0.022
3243.82793 17.815 0.025
3244.80901 17.773 0.024
3245.75445 17.836 0.023
3246.75073 17.763 0.021
3247.74207 17.780 0.026
3249.70918 17.769 0.023
3251.72192 17.767 0.018
3254.70926 17.858 0.023
3256.77512 17.765 0.022
3260.68530 17.805 0.025
3262.72124 17.803 0.017
3264.67293 17.810 0.019
3266.74393 17.788 0.024
3268.67724 17.811 0.020
3270.65758 17.809 0.024
3271.64504 17.806 0.025
3272.70187 17.847 0.022
3274.68403 17.789 0.024
3276.69288 17.746 0.023
3277.72570 17.808 0.026
3279.65830 17.791 0.020
3281.61774 17.783 0.018
3283.62356 17.757 0.016
3287.58963 17.774 0.023
3289.60060 17.806 0.020
3293.57761 17.692 0.018
3295.59635 17.825 0.015
3297.57764 17.796 0.017
3299.63453 17.749 0.018
3301.60864 17.809 0.030
3303.67078 17.787 0.025
3306.60342 17.752 0.017
3308.59130 17.726 0.027
3310.59043 17.826 0.027
3312.59271 17.814 0.022
3314.54508 17.840 0.034
3320.58283 17.780 0.020
3321.57855 17.813 0.023
3327.53764 17.838 0.028
3330.53156 17.800 0.026
3335.57260 17.786 0.025
3338.57963 17.801 0.021
3349.57673 17.852 0.017
3353.55408 17.795 0.024
3360.56269 17.845 0.026
3363.53457 17.763 0.026
3367.59776 17.830 0.022
3375.53075 17.780 0.027
3378.57631 17.831 0.022
3386.54267 17.763 0.019
3390.55112 17.821 0.026
3398.53811 17.816 0.023
3402.52621 17.792 0.025
3538.93504 17.831 0.024
3547.89635 17.758 0.023
3554.90454 17.780 0.025
3561.87072 17.797 0.017
3561.92372 17.700 0.015
3564.88706 17.751 0.018
3569.90914 17.756 0.020
3570.72262 17.809 0.032
3571.77940 17.760 0.032
3573.81609 17.829 0.026
3574.86256 17.777 0.021
3577.82114 17.840 0.021
3578.87931 17.853 0.020
3581.82567 17.730 0.018
3582.81005 17.799 0.021
3583.81890 17.817 0.021
3584.79054 17.755 0.019
3586.78900 17.796 0.015
3588.79298 17.810 0.017
3591.85446 17.788 0.016
3593.82864 17.805 0.020
3596.80232 17.787 0.022
3601.79071 17.784 0.020
3607.76809 17.788 0.017
3614.76595 17.729 0.015
3617.74292 17.828 0.019
3619.67427 17.831 0.022
3621.70129 17.751 0.019
3624.80284 17.746 0.021
3626.69822 17.737 0.020
3633.67595 17.810 0.029
3636.75898 17.822 0.026
3638.65246 17.795 0.021
3641.68150 17.737 0.018
3643.70219 17.793 0.020
3646.63543 17.788 0.020
3650.64026 17.795 0.020
3651.71426 17.806 0.019
3653.68544 17.796 0.020
3655.67665 17.794 0.020
3657.60506 17.782 0.021
3658.63180 17.755 0.023
3661.59212 17.830 0.033
3663.57883 17.829 0.029
3665.59549 17.767 0.019
3668.55345 17.819 0.021
3669.65591 17.773 0.022
3671.60873 17.774 0.023
3673.65726 17.741 0.026
3675.63963 17.778 0.019
3683.62901 17.751 0.021
3685.63043 17.779 0.020
3687.62874 17.848 0.020
3689.57971 17.782 0.020
3692.55166 17.784 0.020
3694.54504 17.810 0.026
3696.53684 17.818 0.018
3698.57890 17.784 0.027
3700.55810 17.764 0.021
3702.56523 17.777 0.022
3704.56638 17.844 0.026
3706.57590 17.771 0.018
3708.56488 17.719 0.021
3711.57153 17.819 0.023
3713.59401 17.767 0.020
3717.56195 17.741 0.028
3721.52618 17.779 0.042
3724.53127 17.778 0.022
3726.52768 17.819 0.023
3728.53419 17.797 0.022
3734.54534 17.791 0.021
3740.55873 17.785 0.019
3746.53946 17.831 0.030
3761.58737 17.751 0.020
3765.55348 17.798 0.017
3771.56542 17.707 0.022
3776.52483 17.835 0.032
3780.54912 17.747 0.028
3871.86172 17.747 0.030
3900.94809 17.778 0.031
3905.94263 17.789 0.022
3913.90154 17.783 0.018
3917.93852 17.714 0.018
3931.88474 17.770 0.025
3933.92955 17.790 0.021
3936.85132 17.734 0.019
3938.83532 17.808 0.023
3944.88302 17.806 0.020
3946.84757 17.721 0.017
3951.87013 17.765 0.018
3955.83091 17.831 0.027
3958.81232 17.783 0.025
3960.81241 17.792 0.020
3963.80913 17.747 0.026
3965.80103 17.818 0.015
3967.82072 17.802 0.016
3969.78656 17.839 0.020
3971.76223 17.787 0.017
3974.76441 17.731 0.020
3979.71982 17.805 0.021
3980.60247 17.748 0.026
3981.62950 17.792 0.018
3983.89915 17.809 0.021
3987.76770 17.822 0.020
3990.77559 17.793 0.018
3993.71850 17.727 0.020
3995.72422 17.783 0.018
3999.73442 17.861 0.019
4002.70713 17.787 0.016
4004.65882 17.804 0.018
4006.68514 17.765 0.017
4007.54651 17.768 0.020
4008.55737 17.811 0.019
4009.68088 17.799 0.020
4013.68176 17.764 0.023
4015.66616 17.766 0.030
4017.68047 17.806 0.022
4018.71980 17.813 0.022
4019.66929 17.790 0.022
4021.66269 17.802 0.018
4024.63610 17.827 0.019
4026.61506 17.799 0.019
4028.61087 17.813 0.018
4030.62001 17.791 0.018
4032.67515 17.793 0.022
4037.63539 17.781 0.018
4039.58967 17.792 0.019
4041.58195 17.806 0.024
4043.57488 17.762 0.023
4046.56770 17.763 0.022
4048.55010 17.783 0.026
4050.59238 17.806 0.020
4052.54423 17.743 0.020
4054.59858 17.754 0.020
4056.57055 17.785 0.024
4058.57207 17.732 0.021
4061.56759 17.799 0.019
4065.51713 17.767 0.024
4068.51724 17.780 0.024
4070.53581 17.737 0.022
4073.56171 17.788 0.026
4076.62889 17.742 0.023
4078.58888 17.794 0.019
4080.59951 17.804 0.022
4085.54704 17.738 0.022
4092.54199 17.780 0.018
4096.55352 17.835 0.024
4099.59664 17.779 0.023
4104.58751 17.830 0.028
4111.57548 17.804 0.017
4120.53254 17.725 0.020
4126.55741 17.780 0.025
4252.91154 17.802 0.028
4255.82730 17.759 0.033
4268.94014 17.800 0.021
4275.90759 17.807 0.026
4279.78530 17.784 0.039
4282.79591 17.770 0.026
4283.87929 17.745 0.028
4283.93413 17.775 0.026
4285.90307 17.823 0.026
4291.92358 17.745 0.024
4293.89165 17.770 0.019
4296.87616 17.719 0.018
4297.90876 17.776 0.021
4299.84378 17.821 0.019
4300.86516 17.793 0.020
4301.88320 17.754 0.017
4302.89920 17.840 0.022
4306.84685 17.720 0.020
4307.88311 17.847 0.018
4308.64468 17.852 0.027
4308.85110 17.772 0.021
4310.82475 17.746 0.025
4311.81211 17.729 0.031
4312.88598 17.813 0.019
4314.90531 17.727 0.023
4316.81231 17.801 0.024
4319.84426 17.838 0.022
4320.90807 17.804 0.025
4326.82031 17.722 0.022
4327.79820 17.820 0.029
4328.81384 17.745 0.023
4329.81731 17.763 0.024
4330.91317 17.814 0.025
4333.87875 17.779 0.023
4338.88277 17.786 0.026
4340.75448 17.788 0.023
4341.75059 17.703 0.025
4342.77491 17.788 0.025
4343.74392 17.743 0.020
4344.72612 17.819 0.022
4345.77211 17.776 0.024
4347.76101 17.811 0.020
4349.77421 17.831 0.020
4354.74141 17.815 0.026
4356.74449 17.810 0.024
4357.68196 17.784 0.020
4359.67990 17.780 0.026
4362.64743 17.761 0.031
4365.71965 17.785 0.029
4369.63419 17.805 0.039
4372.65763 17.773 0.019
4375.62008 17.770 0.030
4377.73666 17.813 0.020
4379.62814 17.807 0.027
4380.72397 17.796 0.020
4382.66829 17.768 0.023
4386.64329 17.816 0.022
4388.64411 17.732 0.022
4390.65312 17.763 0.020
4392.67756 17.797 0.020
4395.65876 17.782 0.026
4397.69953 17.819 0.024
4400.64995 17.745 0.025
4403.63856 17.774 0.024
4407.61578 17.810 0.024
4408.64102 17.726 0.021
4410.72455 17.762 0.022
4412.68556 17.820 0.025
4416.67068 17.813 0.020
4418.67958 17.771 0.020
4421.61319 17.735 0.024
4423.69485 17.727 0.022
4425.62571 17.782 0.032
4427.63758 17.793 0.022
4429.54647 17.728 0.032
4431.55102 17.795 0.025
4433.55699 17.818 0.023
4435.54096 17.725 0.023
4437.61311 17.782 0.027
4439.54615 17.786 0.028
4441.58189 17.804 0.026
4443.60898 17.745 0.024
4449.62587 17.822 0.021
4451.58151 17.799 0.020
4453.56385 17.758 0.025
4456.56538 17.829 0.028
4458.56629 17.797 0.024
4464.55748 17.785 0.022
4472.55162 17.806 0.021
4475.57107 17.791 0.020
4478.57770 17.807 0.026
4481.55933 17.797 0.026
4484.55987 17.794 0.032
4486.60823 17.762 0.030
4502.56048 17.757 0.024
4609.87294 17.798 0.024
4638.93787 17.727 0.020
4643.86269 17.743 0.025
4648.92879 17.754 0.021
4652.92199 17.833 0.023
4656.90275 17.757 0.019
4662.75900 17.762 0.023
4663.73061 17.862 0.026
4665.80358 17.812 0.026
4666.89136 17.726 0.025
4670.88564 17.787 0.022
4671.87193 17.786 0.023
4672.85988 17.825 0.021
4675.86622 17.797 0.023
4681.85720 17.769 0.018
4683.83138 17.767 0.026
4685.83852 17.796 0.027
4687.87412 17.832 0.020
4688.78974 17.765 0.018
4689.74749 17.803 0.020
4690.71516 17.728 0.017
4691.71819 17.795 0.024
4693.87325 17.745 0.025
4696.79487 17.834 0.035
4698.73499 17.834 0.021
4700.76642 17.768 0.020
4701.72060 17.880 0.026
4701.77162 17.795 0.020
4702.83173 17.809 0.020
4703.73096 17.753 0.020
4704.74984 17.802 0.019
4705.75701 17.729 0.020
4707.74914 17.783 0.018
4708.81790 17.745 0.018
4710.73153 17.748 0.018
4716.73546 17.835 0.019
4719.72758 17.775 0.026
4721.71627 17.799 0.028
4725.70371 17.758 0.021
4728.73182 17.783 0.021
4731.73296 17.810 0.020
4734.72004 17.805 0.020
4741.68620 17.781 0.018
4747.56355 17.715 0.022
4749.57211 17.809 0.029
4753.64142 17.799 0.027
4755.63017 17.757 0.020
4757.61966 17.813 0.022
4759.63232 17.815 0.020
4761.59751 17.818 0.017
4763.61510 17.820 0.024
4766.58304 17.806 0.030
4769.62141 17.786 0.025
4771.66635 17.821 0.020
4773.65753 17.785 0.020
4775.64415 17.795 0.031
4777.57607 17.817 0.026
4779.59661 17.821 0.020
4781.56352 17.774 0.023
4783.54541 17.814 0.026
4785.57802 17.725 0.024
4786.63527 17.798 0.024
4788.59339 17.779 0.021
4790.59566 17.770 0.016
4792.57381 17.790 0.020
4794.55427 17.816 0.020
4796.62422 17.799 0.020
4798.57097 17.819 0.027
4800.61815 17.766 0.020
4802.59561 17.738 0.021
4804.61874 17.796 0.029
4806.60465 17.848 0.027
4808.52613 17.878 0.034
4810.59144 17.777 0.023
4813.57669 17.832 0.026
4815.54900 17.722 0.023
4817.56942 17.743 0.020
4819.56336 17.735 0.022
4821.64699 17.787 0.018
4824.55142 17.811 0.024
4826.60118 17.804 0.022
4832.56861 17.780 0.020
4834.59359 17.754 0.027
4837.58485 17.832 0.030
4841.56102 17.808 0.026
4843.55532 17.811 0.031
4845.55283 17.796 0.026
4846.56011 17.805 0.023
4848.60068 17.811 0.020
4850.58797 17.712 0.023
4854.56907 17.787 0.024
4862.55120 17.763 0.019
4866.55206 17.769 0.024
