2090.91376 19.596 0.127
2106.87633 18.945 0.066
2113.85668 19.298 0.088
2116.85990 19.558 0.085
2123.80672 19.146 0.073
2127.82167 19.205 0.123
2128.81459 19.133 0.081
2129.84653 19.030 0.065
2130.87679 19.194 0.067
2131.86441 19.053 0.077
2132.79478 18.995 0.081
2133.88345 18.955 0.089
2134.79853 19.460 0.118
2135.83120 19.095 0.081
2136.85155 19.260 0.091
2137.84021 19.504 0.133
2140.80018 19.321 0.079
2141.83496 19.238 0.113
2142.77636 19.363 0.075
2143.80715 19.404 0.079
2144.85761 19.476 0.083
2156.81428 18.929 0.071
2160.73923 19.316 0.088
2162.75018 19.394 0.073
2165.72853 19.487 0.099
2166.74476 19.421 0.066
2167.79094 19.469 0.080
2171.72851 19.107 0.050
2172.73517 19.102 0.066
2173.71573 19.024 0.048
2177.60665 19.860 0.199
2184.68990 19.478 0.118
2185.65382 19.299 0.092
2187.71123 19.547 0.126
2188.66922 19.463 0.118
2190.68025 19.466 0.081
2191.69096 19.295 0.079
2192.65267 19.210 0.050
2193.67381 19.290 0.059
2194.64193 19.138 0.065
2200.61946 18.724 0.050
2201.65653 18.900 0.050
2203.71301 18.978 0.046
2211.63053 19.444 0.094
2212.63152 19.518 0.094
2213.63992 19.607 0.157
2214.62413 19.205 0.097
2215.63857 19.281 0.081
2217.62555 19.231 0.105
2219.66800 19.291 0.079
2224.70321 19.238 0.079
2228.54805 19.520 0.117
2229.60627 19.072 0.065
2231.55793 19.490 0.103
2238.53679 19.315 0.090
2240.64062 19.304 0.082
2242.60840 19.359 0.104
2245.52418 18.985 0.084
2248.58938 19.042 0.046
2250.56096 18.944 0.057
2252.61428 18.992 0.063
2255.59235 19.051 0.076
2257.61407 19.359 0.074
2262.60465 19.399 0.090
2266.59409 19.278 0.102
2272.57166 18.987 0.064
2274.55728 19.182 0.091
2277.59230 18.971 0.051
2283.58914 19.468 0.097
2290.58821 19.208 0.088
2296.56380 19.100 0.121
2300.57319 19.022 0.083
2445.89869 19.257 0.091
2458.94033 19.121 0.083
2463.90400 19.406 0.093
2465.91670 19.468 0.079
2467.88951 19.395 0.086
2469.88917 19.361 0.080
2470.92347 19.279 0.060
2471.93477 19.345 0.079
2473.87472 19.134 0.056
2483.84716 19.385 0.078
2486.86462 19.334 0.113
2489.91121 19.434 0.095
2496.89192 19.294 0.076
2497.91538 19.176 0.076
2498.91819 19.170 0.058
2499.84832 19.038 0.057
2500.85279 19.008 0.066
2501.84272 18.901 0.048
2502.82254 18.768 0.054
2516.76528 19.264 0.095
2517.81206 19.359 0.087
2518.78306 19.302 0.070
2519.86188 19.334 0.078
2520.78006 19.179 0.064
2521.85129 19.169 0.059
2524.84906 19.122 0.068
2526.76663 18.832 0.040
2534.82320 19.399 0.088
2535.84368 19.458 0.106
2538.78466 19.353 0.090
2539.69136 19.267 0.090
2540.71003 19.164 0.100
2541.70327 19.261 0.072
2542.67306 19.062 0.058
2544.65112 18.988 0.050
2545.66680 19.004 0.053
2547.68465 19.020 0.070
2548.70059 19.103 0.060
2550.69551 18.954 0.056
2551.68222 19.075 0.057
2552.69836 19.035 0.050
2554.69156 19.249 0.060
2555.69948 19.340 0.074
2556.67840 19.372 0.077
2557.69100 19.393 0.066
2558.64749 19.336 0.084
2559.60423 19.337 0.093
2561.66303 19.143 0.135
2562.65588 19.350 0.086
2563.66368 19.233 0.077
2564.67927 19.384 0.093
2565.66572 19.285 0.079
2566.65070 19.223 0.081
2568.68207 19.178 0.098
2573.64804 19.178 0.094
2574.63192 19.089 0.069
2576.63157 19.100 0.085
2577.61758 19.292 0.111
2578.61589 19.369 0.092
2579.62529 19.499 0.100
2580.63735 19.429 0.079
2583.60871 19.238 0.108
2584.61623 19.326 0.110
2587.59714 19.209 0.082
2588.62602 19.239 0.092
2589.58711 19.138 0.078
2590.60190 19.174 0.100
2591.60308 19.151 0.076
2593.59365 19.053 0.060
2594.59740 18.943 0.090
2596.57356 18.897 0.071
2597.56092 18.951 0.079
2598.61383 18.880 0.059
2599.59293 18.970 0.073
2613.52621 19.308 0.081
2615.55805 19.171 0.073
2619.53746 18.952 0.086
2621.55421 18.781 0.052
2623.60202 18.862 0.067
2626.54559 19.572 0.103
2629.55176 19.513 0.146
2635.55283 19.405 0.066
2639.53325 19.192 0.117
2641.57918 19.219 0.070
2646.54185 18.874 0.071
2650.57754 18.683 0.050
2654.54456 19.645 0.147
2656.59258 19.485 0.135
2660.54243 19.305 0.089
2664.56318 19.229 0.123
2669.54033 19.109 0.079
2777.89152 19.581 0.158
2804.89756 19.514 0.167
2810.92994 19.419 0.115
2814.92749 19.407 0.093
2817.91551 19.170 0.096
2825.89124 18.839 0.067
2831.77000 19.592 0.157
2832.73548 19.260 0.097
2833.85354 19.569 0.153
2837.85949 19.374 0.145
2839.89526 19.321 0.070
2841.87599 19.188 0.069
2844.86123 19.094 0.054
2848.94423 19.250 0.130
2850.87736 18.952 0.062
2851.92066 18.984 0.067
2852.79127 19.489 0.115
2856.80437 19.336 0.113
2858.89842 19.242 0.061
2860.86448 19.308 0.081
2861.73545 19.285 0.072
2862.91446 19.449 0.107
2863.82356 19.411 0.132
2865.85809 19.242 0.079
2866.87024 19.306 0.106
2867.85119 19.332 0.079
2868.79489 19.225 0.068
2870.80460 19.068 0.056
2872.76201 18.992 0.048
2876.76477 19.107 0.064
2883.81381 19.310 0.058
2885.74897 19.219 0.066
2888.79725 19.174 0.096
2892.78885 19.167 0.094
2894.75515 19.167 0.074
2896.75228 19.054 0.062
2898.77317 18.983 0.066
2900.73515 19.041 0.046
2902.73468 19.268 0.059
2905.74186 19.378 0.074
2907.74310 19.242 0.066
2909.73211 19.444 0.059
2911.72360 19.201 0.048
2915.69495 19.181 0.066
2917.72095 18.988 0.050
2921.71887 18.898 0.060
2923.74015 18.938 0.062
2925.70372 19.199 0.067
2927.70115 19.318 0.082
2930.71900 19.430 0.083
2934.70547 19.406 0.079
2937.62603 19.196 0.083
2939.71959 19.171 0.065
2940.62259 18.954 0.042
2942.62240 18.940 0.047
2943.57480 18.605 0.054
2944.57823 18.727 0.045
2945.59500 18.883 0.079
2947.59182 19.429 0.098
2949.58593 19.400 0.102
2951.61771 19.478 0.131
2952.64511 19.590 0.106
2954.67163 19.499 0.125
2956.61767 19.363 0.059
2958.60716 19.364 0.088
2965.62146 19.190 0.065
2968.58267 18.932 0.068
2970.60200 18.742 0.043
2972.58614 19.057 0.064
2974.58046 19.344 0.083
2976.53638 19.357 0.098
2977.60340 19.567 0.144
2979.56769 19.497 0.125
2981.61271 19.505 0.181
2984.56131 19.373 0.115
2987.63637 19.286 0.077
2989.55866 19.126 0.068
2995.60330 18.997 0.043
2998.56372 19.266 0.093
3001.56259 19.476 0.093
3004.55453 19.366 0.088
3007.56218 19.338 0.075
3010.55975 19.332 0.081
3016.57687 19.122 0.081
3019.59029 19.186 0.074
3023.55952 19.059 0.060
3025.55851 19.058 0.069
3160.84857 19.285 0.108
3183.90056 19.317 0.085
3193.86834 19.072 0.078
3195.92735 19.175 0.066
3197.90290 19.065 0.075
3201.86037 19.078 0.063
3203.86752 19.264 0.061
3204.93595 19.164 0.062
3210.88219 19.418 0.082
3211.91042 19.188 0.078
3215.68891 18.875 0.079
3216.71312 18.819 0.082
3217.78620 19.154 0.079
3223.82373 18.791 0.057
3226.81227 19.367 0.112
3240.77092 19.120 0.079
3241.84014 19.386 0.121
3242.70266 18.750 0.055
3243.83526 19.008 0.064
3245.76179 18.798 0.060
3246.75807 18.747 0.058
3247.74943 19.323 0.095
3249.71654 19.491 0.106
3251.72930 19.494 0.080
3254.71664 19.571 0.088
3256.78250 19.406 0.078
3260.69265 19.335 0.081
3262.72861 19.236 0.047
3264.68034 18.953 0.042
3266.75132 19.118 0.067
3268.68462 18.660 0.037
3270.66494 19.373 0.093
3271.65243 19.440 0.091
3272.70930 19.360 0.074
3274.69140 19.432 0.079
3276.70026 19.445 0.105
3277.73311 19.469 0.132
3279.66570 19.406 0.079
3281.62516 19.351 0.068
3283.63095 19.191 0.049
3287.59704 18.903 0.053
3289.60799 18.907 0.051
3293.58499 19.297 0.066
3295.60376 19.408 0.054
3297.58501 19.486 0.073
3299.64191 19.555 0.090
3301.61605 19.381 0.123
3303.67821 19.470 0.108
3306.61082 19.306 0.054
3308.59865 19.139 0.091
3310.59781 19.054 0.065
3312.60010 19.122 0.066
3314.55250 18.823 0.079
3320.59022 19.253 0.064
3321.58589 19.439 0.091
3323.53380 19.336 0.086
3327.54497 19.425 0.099
3330.53893 19.133 0.090
3335.57999 19.332 0.101
3338.58698 19.125 0.062
3349.58406 19.737 0.076
3353.56134 19.654 0.134
3367.60499 19.019 0.063
3375.53796 19.666 0.113
3378.58349 19.459 0.084
3386.54985 19.111 0.053
3390.55826 19.096 0.098
3398.54524 19.682 0.097
3538.94208 19.228 0.086
3547.90342 18.969 0.064
3554.91164 19.391 0.096
3561.87780 19.300 0.053
3561.93086 19.325 0.056
3564.89417 19.166 0.055
3569.91629 19.176 0.074
3570.72977 19.855 0.217
3571.78655 19.527 0.163
3573.82329 19.420 0.103
3574.86972 19.304 0.082
3577.82832 19.656 0.097
3578.88646 19.330 0.062
3581.83285 19.436 0.092
3582.81723 19.465 0.084
3583.82612 19.406 0.074
3584.79779 19.233 0.055
3586.79621 19.088 0.042
3588.81825 18.991 0.050
3591.86169 19.137 0.043
3593.83585 18.898 0.051
3596.85380 18.995 0.072
3601.79797 19.406 0.080
3607.77536 19.336 0.057
3614.77323 19.056 0.039
3617.75022 18.886 0.046
3619.68160 19.589 0.099
3621.70862 19.271 0.062
3624.81014 19.521 0.101
3626.70556 19.180 0.059
3633.68327 19.194 0.086
3636.76634 19.398 0.102
3638.65981 19.132 0.066
3641.68884 18.964 0.047
3643.70954 19.041 0.051
3646.64280 19.384 0.079
3650.64760 19.114 0.064
3651.72157 19.215 0.058
3653.69277 19.371 0.070
3655.68399 19.244 0.059
3657.61237 19.176 0.064
3658.63914 19.241 0.079
3659.63058 19.109 0.074
3661.59945 18.864 0.086
3665.60279 19.155 0.063
3668.56079 19.459 0.079
3669.66327 19.469 0.091
3671.61606 19.552 0.093
3673.66620 19.548 0.115
3675.64696 19.480 0.073
3683.63631 19.346 0.074
3685.63773 19.151 0.061
3687.63608 18.913 0.050
3689.58833 18.792 0.052
3692.55896 19.259 0.083
3694.55231 19.280 0.085
3696.54412 19.538 0.078
3698.58622 19.337 0.093
3700.56539 19.477 0.090
3702.57249 19.275 0.087
3704.57441 19.336 0.076
3706.58316 19.265 0.055
3708.57212 19.126 0.071
3711.57877 19.048 0.061
3713.60128 18.857 0.046
3717.56919 19.511 0.147
3721.53340 19.608 0.168
3724.53846 19.399 0.072
3726.53488 19.244 0.069
3728.54136 19.302 0.074
3734.55253 19.146 0.063
3740.56586 18.741 0.040
3746.54658 19.127 0.116
3750.54432 19.756 0.179
3756.54100 19.374 0.110
3761.59442 19.174 0.077
3765.56052 18.979 0.038
3771.57245 19.268 0.079
3776.53184 19.398 0.106
3780.55609 19.132 0.122
3871.86865 19.735 0.189
3901.93120 19.310 0.081
3905.94968 19.312 0.117
3913.90860 19.039 0.050
3917.94561 18.944 0.057
3931.90743 19.535 0.139
3933.93667 19.163 0.063
3936.85845 19.275 0.065
3938.84246 18.949 0.065
3944.89018 18.974 0.063
3946.85810 19.347 0.065
3951.87722 19.361 0.067
3955.83803 19.106 0.086
3958.81947 19.073 0.072
3960.81954 19.231 0.057
3963.81628 19.069 0.076
3965.80819 18.846 0.029
3967.82788 18.862 0.034
3969.79376 19.439 0.071
3971.76941 19.485 0.062
3974.77160 19.205 0.068
3979.72702 19.237 0.066
3980.60963 18.705 0.060
3981.63670 18.833 0.041
3983.90633 19.457 0.091
3987.77488 19.061 0.060
3990.78282 18.834 0.043
3993.72571 19.593 0.108
3995.73147 19.516 0.068
3999.74165 19.363 0.058
4002.71434 19.282 0.046
4004.66607 19.117 0.051
4006.69235 19.184 0.048
4008.56461 19.367 0.072
4009.69041 18.940 0.055
4013.69095 18.821 0.059
4015.67345 19.511 0.150
4018.72702 19.608 0.097
4019.67737 19.392 0.093
4021.66996 19.393 0.061
4024.64332 19.545 0.085
4026.62232 19.283 0.072
4028.61812 19.112 0.047
4030.62886 19.185 0.062
4032.68241 18.993 0.059
4037.64264 18.731 0.037
4039.59688 19.449 0.079
4041.58918 19.191 0.077
4043.58207 19.365 0.098
4046.57490 19.264 0.094
4048.55729 19.204 0.076
4050.59960 19.230 0.060
4052.55146 19.105 0.055
4054.60576 19.221 0.066
4056.57779 18.976 0.064
4058.57928 19.001 0.055
4061.57479 19.021 0.053
4065.52434 19.309 0.070
4068.52442 19.352 0.075
4070.54300 19.187 0.069
4073.56889 19.301 0.121
4076.63602 19.268 0.098
4078.59600 19.149 0.051
4080.60667 19.049 0.059
4085.55416 19.049 0.071
4092.54906 19.327 0.063
4096.56061 19.277 0.078
4099.60371 19.244 0.090
4104.59456 19.001 0.084
4111.58249 18.991 0.045
4120.53952 19.380 0.086
4126.56931 19.110 0.075
4252.91846 19.190 0.087
4268.94672 19.091 0.073
4275.91420 19.451 0.121
4279.79188 19.173 0.135
4282.80253 18.931 0.071
4283.88589 19.122 0.087
4283.94074 19.172 0.092
4285.90972 19.001 0.073
4291.93024 18.689 0.059
4293.89830 19.510 0.073
4296.88283 19.523 0.074
4297.91542 19.489 0.075
4299.85045 19.401 0.061
4300.87181 19.366 0.072
4301.88988 19.394 0.053
4302.90586 19.401 0.103
4306.85355 19.338 0.085
4307.88982 19.147 0.046
4308.65140 19.408 0.098
4308.85781 19.081 0.061
4310.83143 18.879 0.071
4311.81884 18.803 0.084
4312.89270 18.905 0.047
4314.91204 18.945 0.062
4316.81907 19.355 0.092
4319.85100 19.525 0.085
4326.82707 19.479 0.079
4327.80536 19.207 0.089
4328.82103 19.254 0.079
4329.82405 19.118 0.067
4330.92034 19.308 0.071
4331.92403 19.279 0.096
4333.88595 19.239 0.072
4338.88999 19.043 0.078
4340.76171 19.423 0.095
4341.75777 19.528 0.122
4342.78209 19.415 0.098
4343.75112 19.343 0.067
4344.73332 19.381 0.082
4345.77931 19.465 0.089
4347.76820 19.456 0.076
4349.78144 19.306 0.064
4351.71802 19.164 0.074
4354.74864 19.254 0.069
4357.68916 18.937 0.048
4359.68713 18.945 0.066
4362.65468 19.303 0.112
4363.61189 19.271 0.102
4365.72687 19.668 0.163
4369.64141 19.247 0.109
4372.66489 19.294 0.063
4377.74391 19.260 0.060
4379.63537 18.986 0.081
4380.73123 19.260 0.067
4382.67552 18.943 0.057
4386.65051 19.109 0.057
4388.65135 19.500 0.090
4390.66034 19.352 0.068
4392.68483 19.345 0.060
4395.66881 19.283 0.092
4397.70678 19.382 0.087
4400.65721 19.266 0.100
4403.64580 19.061 0.066
4407.62301 18.951 0.058
4408.64826 19.009 0.060
4410.73179 19.051 0.060
4412.69281 18.993 0.058
4416.67792 19.374 0.070
4418.68681 19.456 0.068
4421.62041 19.404 0.091
4423.70206 19.389 0.088
4425.63292 19.377 0.124
4427.64554 19.250 0.086
4429.55366 19.081 0.101
4431.55820 18.893 0.054
4433.56417 19.061 0.064
4435.54813 19.365 0.081
4437.64136 19.193 0.102
4439.55330 19.327 0.110
4441.58908 19.487 0.093
4443.61609 19.305 0.088
4449.63383 19.419 0.079
4451.58862 19.195 0.063
4453.57096 19.143 0.078
4456.57249 18.875 0.067
4458.57336 18.727 0.049
4464.56458 19.399 0.084
4472.55867 19.407 0.079
4475.57810 19.142 0.056
4478.58471 19.147 0.079
4481.56638 19.064 0.069
4484.56688 18.681 0.073
4486.61519 18.817 0.074
4502.56706 19.360 0.093
4609.87981 19.378 0.088
4638.94485 19.106 0.080
4643.86971 19.394 0.085
4648.93580 19.465 0.103
4652.92905 19.230 0.089
4656.90979 19.082 0.052
4662.76605 19.482 0.085
4665.81064 19.504 0.124
4666.89842 19.369 0.107
4670.89274 19.340 0.082
4671.87903 19.347 0.085
4672.86698 19.352 0.078
4675.87330 19.410 0.093
4681.86432 19.163 0.053
4685.84563 18.915 0.061
4687.88126 18.873 0.053
4688.79691 19.401 0.075
4689.75465 19.390 0.074
4690.72232 19.385 0.065
4691.72535 19.391 0.096
4693.88043 19.492 0.100
4696.82531 19.330 0.127
4698.74217 19.182 0.057
4700.77361 19.186 0.059
4701.77879 19.170 0.057
4702.83890 19.254 0.074
4703.73816 19.024 0.050
4704.75702 19.003 0.048
4705.76423 18.983 0.055
4707.75634 18.998 0.038
4708.82507 18.989 0.041
4710.74101 19.460 0.079
4716.74267 19.428 0.062
4719.73479 19.087 0.093
4721.72352 19.218 0.072
4725.71096 18.980 0.060
4728.73904 19.040 0.061
4731.74460 18.873 0.040
4734.72730 19.366 0.061
4741.69345 19.394 0.056
4747.57082 18.981 0.067
4749.57934 18.677 0.061
4753.64866 18.762 0.061
4755.63740 19.499 0.091
4757.62693 19.601 0.103
4759.63959 19.507 0.090
4761.60481 19.423 0.056
4763.62238 19.478 0.119
4766.59027 19.284 0.105
4769.62865 19.202 0.081
4771.67359 19.318 0.066
4773.66481 19.107 0.060
4775.65139 18.816 0.081
4777.58332 18.943 0.059
4779.60386 19.315 0.077
4781.57074 19.445 0.089
4783.55262 19.548 0.173
4785.58522 19.629 0.144
4788.60062 19.270 0.078
4790.60288 19.433 0.059
4792.58101 19.307 0.074
4794.56145 19.152 0.058
4796.63144 19.391 0.072
4798.57815 18.916 0.078
4800.62530 19.077 0.055
4802.60278 18.916 0.055
4804.62594 18.803 0.063
4806.61185 19.141 0.078
4808.53332 19.493 0.115
4810.59858 19.294 0.080
4813.58389 19.428 0.103
4815.55610 19.406 0.102
4817.57654 19.288 0.065
4819.57045 19.119 0.072
4821.65412 19.497 0.066
4824.55851 19.089 0.078
4826.60828 19.073 0.066
4832.57569 19.508 0.093
4834.60063 19.400 0.113
4837.59187 19.340 0.110
4841.56807 19.281 0.090
4843.56235 19.380 0.106
4845.55986 19.162 0.110
4846.56714 19.232 0.074
4848.60768 19.158 0.060
4850.59498 19.110 0.077
4854.57619 19.016 0.057
4866.55900 19.386 0.101
