 466.54309 19.453 0.039
 466.55219 19.415 0.040
 466.56743 19.518 0.045
 466.59802 19.526 0.037
 466.62756 19.483 0.043
 467.54541 19.375 0.044
 467.57489 19.238 0.040
 467.60437 19.407 0.040
 467.63386 19.365 0.038
 469.55478 19.243 0.053
 469.59340 19.400 0.046
 469.62506 19.427 0.047
 471.60732 19.291 0.051
 472.53948 19.117 0.053
 472.55426 19.273 0.047
 472.56893 19.427 0.048
 472.58356 19.187 0.042
 622.88575 19.203 0.057
 624.91234 19.157 0.043
 625.89978 19.557 0.047
 626.87128 19.230 0.039
 627.85752 19.248 0.047
 628.89860 19.336 0.044
 629.89640 19.117 0.041
 631.92736 19.165 0.048
 632.86788 19.384 0.051
 633.90332 19.361 0.042
 635.89816 19.458 0.045
 643.86717 19.261 0.048
 645.83887 19.456 0.049
 647.79661 19.265 0.079
 649.79401 19.114 0.056
 652.84120 19.404 0.052
 656.85436 19.228 0.033
 657.82662 19.423 0.057
 658.86693 19.152 0.053
 663.77321 19.437 0.075
 664.87814 19.222 0.040
 665.82539 19.372 0.031
 666.83595 19.132 0.033
 667.85518 19.374 0.039
 668.82601 19.251 0.029
 670.79157 19.395 0.044
 671.81361 19.189 0.024
 672.81915 19.577 0.032
 673.78653 19.121 0.034
 684.74691 19.195 0.034
 685.80177 19.238 0.039
 686.70305 19.165 0.042
 687.78440 19.364 0.039
 688.72642 19.197 0.029
 689.75358 19.210 0.032
 697.71973 19.379 0.041
 698.79084 19.422 0.040
 699.68985 19.476 0.035
 700.73063 19.442 0.040
 701.70286 19.117 0.037
 704.73085 19.260 0.044
 706.69651 19.167 0.068
 707.73408 19.337 0.057
 708.75824 19.164 0.047
 712.75879 19.465 0.055
 713.74016 19.273 0.031
 714.75512 19.197 0.029
 715.72068 19.442 0.040
 716.68876 19.112 0.030
 726.67137 19.038 0.035
 728.68208 19.184 0.035
 729.68424 19.483 0.039
 730.66860 19.450 0.038
 733.63508 19.370 0.052
 739.65503 19.470 0.056
 741.62084 19.189 0.030
 742.59710 19.296 0.043
 744.64421 19.413 0.042
 745.59513 19.203 0.037
 746.78593 19.299 0.044
 747.65645 19.523 0.043
 748.61821 19.187 0.042
 749.62356 19.322 0.057
 750.61741 19.352 0.044
 751.62582 19.354 0.055
 752.74022 19.291 0.049
 753.67586 19.286 0.044
 759.63373 19.524 0.044
 760.65939 19.316 0.035
 761.63543 19.213 0.037
 761.74068 19.058 0.047
 762.62680 19.402 0.049
 762.65636 19.483 0.059
 763.64303 19.124 0.044
 763.75378 19.210 0.051
 765.57509 19.447 0.067
 766.61257 19.332 0.068
 766.71543 19.245 0.061
 767.62006 19.503 0.079
 767.68171 19.437 0.084
 769.60289 19.326 0.049
 769.67663 19.473 0.056
 770.60903 19.359 0.048
 771.64210 19.197 0.046
 772.60392 19.375 0.044
 773.60906 19.179 0.038
 773.76126 19.316 0.057
 774.60204 19.648 0.054
 775.55996 19.149 0.036
 776.64088 19.122 0.038
 777.61513 19.392 0.046
 778.61850 19.109 0.048
 779.64546 19.675 0.080
 779.75573 19.253 0.052
 780.64526 19.346 0.051
 781.55957 19.458 0.052
 781.74006 19.394 0.064
 782.62509 19.313 0.063
 782.74896 19.569 0.071
 783.54212 19.021 0.029
 784.58412 19.423 0.044
 784.67610 19.407 0.044
 785.61093 19.437 0.046
 785.75653 19.491 0.047
 786.63151 19.253 0.038
 787.69507 19.235 0.044
 788.62788 19.256 0.043
 788.65345 19.351 0.055
 790.57659 19.180 0.043
 792.55455 19.298 0.043
 795.61923 19.346 0.048
 796.54814 19.754 0.083
 796.73350 19.271 0.078
 797.70829 19.562 0.061
 798.57094 19.283 0.043
 799.70890 19.187 0.043
 800.62393 19.241 0.039
 802.68390 19.205 0.079
 805.61125 19.160 0.044
 806.62144 19.018 0.047
 808.55286 19.299 0.056
 816.68385 19.160 0.038
 817.59393 19.336 0.035
 819.55671 19.407 0.046
 820.63301 19.265 0.044
 822.55359 19.361 0.050
 824.57941 19.460 0.059
 825.65252 19.576 0.065
 828.61265 19.170 0.033
 829.57929 19.528 0.046
 832.58618 19.490 0.056
 833.60607 19.241 0.045
 834.57565 19.365 0.052
 836.55378 19.370 0.077
 838.58677 19.099 0.043
 840.59652 19.311 0.058
 845.54808 19.205 0.046
 850.57136 19.164 0.055
 855.57638 19.050 0.056
 859.56419 19.387 0.058
 866.52874 19.417 0.060
 962.93257 19.222 0.053
 966.93206 19.354 0.048
 970.90844 19.271 0.047
 976.88909 19.321 0.064
 986.84346 19.314 0.054
 987.85707 19.197 0.045
 991.92510 19.463 0.046
 996.92905 19.273 0.043
 998.90013 19.547 0.057
1004.79871 19.170 0.049
1006.82730 19.126 0.046
1020.89678 19.362 0.049
1025.93457 19.227 0.047
1035.74952 19.536 0.051
1037.77872 19.284 0.045
1041.78687 19.248 0.039
1045.74858 19.329 0.041
1048.72977 19.342 0.061
1052.77267 19.265 0.043
1055.64592 19.255 0.037
1058.85787 19.289 0.059
1059.77588 19.318 0.057
1061.72864 19.079 0.047
1064.81255 19.238 0.070
1068.71395 19.450 0.048
1072.69411 19.559 0.041
1076.67187 19.121 0.035
1078.68242 19.243 0.039
1081.69496 19.326 0.040
1084.63314 19.296 0.040
1087.65304 19.346 0.040
1090.70941 19.170 0.043
1092.74154 19.425 0.056
1094.64821 19.308 0.037
1102.61839 19.405 0.044
1106.71325 19.147 0.026
1110.63237 19.422 0.059
1116.59085 19.033 0.037
1120.57944 19.389 0.051
1126.65477 19.207 0.037
1129.55321 19.425 0.056
1132.53630 19.569 0.060
1135.58636 19.268 0.044
1138.63603 19.410 0.041
1140.61344 19.385 0.037
1144.67102 19.198 0.046
1151.55061 19.119 0.040
1155.55222 19.339 0.046
1159.54766 19.236 0.048
1162.58006 19.351 0.036
1164.69363 19.063 0.051
1170.55207 19.647 0.054
1178.66211 19.352 0.047
1182.67402 19.524 0.047
1183.71237 19.635 0.066
1185.69552 19.455 0.046
1188.69483 19.533 0.057
1191.57859 19.284 0.054
1202.59370 19.513 0.061
1205.54512 19.313 0.048
1211.56561 19.129 0.056
1217.57623 19.529 0.049
1220.57872 19.270 0.048
1229.53144 19.506 0.070
1238.52772 19.137 0.077
1327.91191 19.106 0.068
1330.82862 19.184 0.059
1335.88037 19.053 0.046
1340.89987 19.058 0.044
1348.93596 19.207 0.039
1354.90951 19.256 0.056
1360.92924 19.228 0.050
1365.92545 19.208 0.051
1367.84895 19.144 0.052
1374.92103 19.210 0.056
1394.85722 19.103 0.049
1395.88867 19.088 0.042
1397.81037 19.197 0.060
1401.83740 19.468 0.051
1402.92231 19.230 0.042
1407.84538 19.192 0.050
1412.74070 19.089 0.042
1417.89902 19.304 0.045
1430.73164 19.447 0.055
1432.74232 19.189 0.038
1435.69877 19.465 0.054
1439.66522 19.089 0.042
1442.66891 19.294 0.043
1447.74410 18.983 0.056
1451.68030 19.217 0.043
1455.70002 19.455 0.062
1460.74076 19.445 0.048
1462.64639 19.369 0.048
1470.65265 19.379 0.046
1472.63985 19.375 0.054
1475.64558 19.293 0.053
1477.57464 19.357 0.063
1481.59240 19.258 0.046
1484.64132 19.099 0.039
1487.63644 19.604 0.050
1490.67520 19.284 0.044
1492.57485 19.473 0.057
1495.53164 19.433 0.050
1499.56029 19.079 0.054
1502.55838 19.422 0.056
1505.62497 19.342 0.059
1508.56035 19.266 0.042
1509.53660 19.412 0.066
1512.63848 19.418 0.071
1515.61317 19.442 0.060
1517.61668 19.622 0.051
1520.60385 19.519 0.054
1524.55155 19.265 0.054
1526.59168 19.265 0.047
1531.64326 19.174 0.050
1543.60074 19.362 0.045
1546.61556 19.198 0.041
1551.57734 19.175 0.041
1555.61087 19.445 0.050
1562.58944 19.552 0.063
1569.56859 19.149 0.045
1575.59443 19.425 0.039
1580.56942 19.435 0.053
1583.57210 19.286 0.042
1587.55189 19.440 0.047
1597.53736 19.308 0.055
1603.54544 19.400 0.057
1608.52116 19.172 0.054
1703.90608 19.005 0.052
1705.91158 19.289 0.053
1716.87200 19.671 0.068
1717.88236 19.413 0.055
1729.91805 19.506 0.035
1732.88781 19.281 0.044
1740.83885 19.033 0.044
1742.88664 19.241 0.053
1744.85576 19.336 0.050
1745.88002 19.134 0.041
1749.86044 19.475 0.039
1750.83236 19.294 0.052
1751.84419 19.450 0.039
1752.80552 19.240 0.047
1753.80659 19.337 0.048
1754.83326 19.389 0.051
1755.79862 19.038 0.052
1756.82810 19.217 0.081
1757.77729 19.218 0.071
1758.78178 19.450 0.046
1759.82615 19.278 0.041
1761.80719 19.458 0.049
1762.79357 19.380 0.053
1763.79658 19.597 0.050
1764.78909 19.370 0.037
1765.78355 19.131 0.037
1766.72459 19.417 0.063
1768.80370 19.362 0.052
1769.71308 19.372 0.050
1771.82915 19.220 0.074
1772.77152 19.293 0.043
1773.73883 19.413 0.051
1776.76163 19.389 0.048
1784.73828 19.223 0.045
1788.80378 19.554 0.041
1803.76410 19.774 0.066
1806.75824 19.410 0.055
1808.82785 19.002 0.044
1811.75627 19.423 0.033
1814.80309 19.318 0.037
1817.76875 19.245 0.030
1822.64619 19.232 0.040
1826.79729 19.471 0.052
1829.73953 19.283 0.046
1846.78757 19.288 0.046
1850.74432 19.073 0.044
1854.80038 19.220 0.037
1858.72424 19.437 0.061
1862.72314 19.112 0.040
1867.74757 19.273 0.051
1871.75417 19.394 0.046
2085.90914 19.240 0.126
2086.88843 19.353 0.114
2103.89525 19.194 0.058
2105.92315 19.359 0.089
2106.89098 19.298 0.093
2112.84336 19.324 0.077
2116.87111 19.384 0.084
2123.81803 19.157 0.078
2128.82553 19.055 0.080
2129.85750 19.442 0.102
2130.84387 19.176 0.090
2131.83748 19.824 0.149
2132.80627 19.389 0.117
2133.89460 19.186 0.116
2134.81000 19.344 0.120
2135.84408 19.274 0.109
2137.89208 19.292 0.114
2140.81134 19.104 0.076
2142.75205 19.319 0.088
2143.81755 19.220 0.079
2144.82425 19.309 0.067
2155.87863 19.277 0.131
2156.82521 19.403 0.114
2160.75460 19.268 0.102
2162.76139 19.362 0.085
2166.75600 19.390 0.081
2167.76446 19.197 0.067
2168.71363 19.482 0.097
2171.73955 19.287 0.070
2172.74617 19.266 0.081
2177.63966 19.306 0.096
2184.70130 19.332 0.118
2185.66480 19.035 0.083
2186.68965 19.623 0.179
2187.68483 19.446 0.133
2188.73199 19.230 0.094
2190.69136 19.113 0.073
2191.66474 19.602 0.115
2192.66325 19.208 0.060
2193.68432 19.378 0.068
2194.65442 19.409 0.085
2203.55089 19.354 0.107
2206.60721 19.269 0.135
2211.64130 19.253 0.091
2212.64513 19.231 0.086
2213.65095 19.636 0.152
2214.64214 19.196 0.111
2215.64912 19.155 0.083
2217.63582 19.311 0.114
2219.67868 19.433 0.102
2224.71356 19.314 0.088
2226.63643 19.380 0.147
2228.55833 19.495 0.118
2229.61659 19.160 0.089
2231.64326 19.375 0.110
2232.50999 19.202 0.124
2233.61341 19.523 0.111
2235.66353 19.077 0.062
2238.54707 19.509 0.119
2240.65138 19.015 0.077
2242.61889 19.369 0.118
2248.60354 19.533 0.083
2250.57686 19.472 0.091
2253.57050 19.365 0.073
2255.60716 19.064 0.077
2258.57346 19.464 0.096
2263.58419 19.258 0.083
2266.55498 19.380 0.109
2271.56456 19.402 0.102
2273.56390 19.068 0.115
2275.59883 19.207 0.096
2276.55838 19.182 0.119
2278.59096 19.426 0.111
2280.58682 19.251 0.100
2284.58970 19.442 0.110
2290.60368 19.101 0.081
2293.56596 19.705 0.136
2295.55870 19.314 0.095
2297.56199 18.907 0.087
2299.56109 19.321 0.115
2301.55335 19.396 0.133
2445.91192 19.423 0.133
2460.87884 19.299 0.143
2463.91518 19.269 0.087
2465.92794 19.342 0.083
2467.90093 19.413 0.093
2469.90031 19.312 0.079
2471.88975 19.164 0.072
2472.91922 19.430 0.089
2473.89113 19.197 0.073
2481.90282 19.214 0.115
2483.88864 19.174 0.067
2486.88565 19.105 0.086
2488.87656 19.175 0.113
2489.92299 19.309 0.105
2492.90335 19.477 0.096
2496.90310 19.052 0.065
2497.92651 19.449 0.097
2498.77378 19.247 0.089
2499.85936 19.548 0.098
2500.86493 19.422 0.089
2501.85389 19.114 0.062
2502.83412 19.347 0.099
2508.74536 18.956 0.109
2516.77666 19.144 0.101
2517.82340 19.506 0.114
2518.79484 19.205 0.086
2519.83174 19.471 0.091
2520.79113 19.256 0.080
2521.82327 19.156 0.066
2524.82152 19.404 0.144
2526.77770 19.312 0.067
2534.83408 19.507 0.126
2535.81429 19.236 0.077
2537.70207 19.166 0.112
2538.79803 19.111 0.080
2539.70185 19.531 0.119
2540.74273 19.373 0.145
2541.71375 19.465 0.090
2542.68354 19.267 0.078
2544.66208 19.419 0.086
2545.67711 19.146 0.062
2547.69512 19.209 0.079
2548.71156 19.092 0.059
2550.70669 19.222 0.079
2551.69333 19.472 0.088
2553.64905 19.187 0.111
2554.70257 19.421 0.091
2555.71050 19.187 0.079
2556.68952 19.358 0.083
2557.70206 19.404 0.070
2558.65854 19.304 0.093
2559.61544 19.255 0.095
2560.64850 19.137 0.069
2561.67405 19.513 0.190
2562.66694 19.349 0.099
2563.67487 19.185 0.083
2564.69026 19.464 0.104
2565.68116 19.179 0.082
2566.66144 19.397 0.092
2568.69242 19.075 0.111
2571.64511 19.334 0.137
2573.65854 19.318 0.127
2574.64237 19.440 0.112
2577.62924 19.277 0.117
2578.62931 19.305 0.091
2579.63596 19.471 0.119
2580.64808 19.143 0.068
2583.61939 19.449 0.123
2584.62675 19.346 0.097
2586.62397 19.282 0.088
2587.60838 19.222 0.089
2588.71680 19.153 0.082
2589.59832 19.391 0.102
2590.61345 19.159 0.095
2591.63659 19.519 0.114
2593.60559 19.398 0.088
2594.60936 19.557 0.158
2596.58489 19.460 0.145
2597.57206 19.230 0.093
2598.64593 19.198 0.096
2599.60541 19.501 0.147
2607.62660 19.217 0.110
2610.54642 19.211 0.108
2613.54032 19.282 0.103
2615.56917 19.112 0.083
2619.55687 19.415 0.125
2621.56577 19.346 0.090
2625.54841 19.091 0.106
2628.54178 19.281 0.155
2632.54820 19.367 0.103
2636.54337 19.457 0.134
2639.54386 19.419 0.113
2642.55261 19.219 0.113
2646.56543 19.512 0.120
2651.53746 19.352 0.149
2654.55527 19.214 0.111
2657.55813 19.151 0.090
2660.55391 19.129 0.089
2671.55158 19.296 0.108
2673.56338 19.456 0.148
2676.52475 19.451 0.156
2679.53811 19.353 0.095
2682.54043 19.139 0.107
2777.90295 19.425 0.150
2804.86989 19.099 0.113
2811.90436 19.367 0.166
2814.94001 19.140 0.077
2817.92658 19.505 0.123
2831.78143 19.256 0.114
2832.74739 19.351 0.117
2832.92536 19.407 0.094
2833.86530 19.199 0.114
2835.87395 19.355 0.102
2837.87502 19.289 0.151
2838.93218 19.413 0.138
2840.82492 19.435 0.136
2843.82636 19.213 0.084
2844.87219 19.133 0.078
2845.91818 19.479 0.134
2849.85561 19.171 0.084
2850.88837 19.368 0.106
2851.93194 19.184 0.100
2852.80262 19.512 0.133
2853.94203 19.417 0.121
2856.81529 19.207 0.100
2858.90934 19.338 0.071
2860.87534 19.403 0.090
2861.74651 19.132 0.065
2862.92552 19.401 0.115
2863.83472 19.175 0.119
2865.83162 19.443 0.098
2866.88126 19.100 0.096
2867.82127 19.425 0.082
2868.76894 19.155 0.079
2869.90194 19.102 0.075
2870.81554 19.342 0.075
2871.85846 19.196 0.080
2875.79802 19.673 0.155
2876.77573 19.138 0.072
2879.73926 19.428 0.074
2883.82540 19.314 0.065
2885.76020 19.431 0.097
2888.80852 19.246 0.083
2892.79988 19.431 0.137
2894.72904 19.383 0.105
2896.72614 19.179 0.070
2898.74712 19.159 0.069
2900.74596 19.298 0.063
2902.74548 19.394 0.075
2905.75268 19.326 0.079
2907.75408 19.386 0.075
2909.74319 19.806 0.095
2911.73455 19.142 0.050
2915.70602 19.265 0.069
2917.73213 19.376 0.074
2921.72988 19.077 0.080
2923.75183 19.160 0.087
2925.71480 19.239 0.072
2927.71233 19.286 0.090
2930.73038 19.332 0.090
2932.73689 19.416 0.092
2934.71672 19.537 0.086
2937.64073 19.450 0.105
2939.69337 19.348 0.083
2940.63350 19.296 0.060
2941.68332 19.216 0.057
2942.63345 19.339 0.090
2943.60468 19.179 0.089
2944.58927 19.390 0.091
2945.60604 19.274 0.134
2947.61554 19.249 0.090
2949.59685 19.456 0.098
2950.64160 19.316 0.079
2951.62878 19.336 0.098
2952.65771 19.326 0.107
2954.68263 19.358 0.112
2956.62862 19.580 0.074
2958.62303 19.055 0.078
2961.59410 19.158 0.126
2968.59386 19.237 0.088
2970.61311 19.295 0.075
2972.59760 19.304 0.082
2974.59835 19.411 0.090
2976.54805 19.395 0.102
2978.57415 19.180 0.116
2980.59102 19.134 0.109
2982.53624 19.301 0.096
2984.62711 19.301 0.112
2986.63724 19.374 0.104
2988.52960 19.250 0.152
2991.60267 19.444 0.090
2994.58439 19.301 0.081
2997.55718 19.253 0.072
3001.57363 19.225 0.083
3005.53170 19.205 0.138
3008.55336 19.111 0.105
3008.55802 19.075 0.103
3011.56139 19.473 0.138
3016.58805 19.558 0.130
3018.57452 19.072 0.079
3020.60257 19.217 0.074
3021.61538 19.480 0.071
3023.57128 19.164 0.068
3025.56979 19.145 0.088
3027.60330 19.564 0.107
3029.57520 19.247 0.081
3031.57974 19.506 0.108
3033.58211 19.174 0.074
3037.52913 19.281 0.112
3164.92956 19.255 0.090
3183.91153 19.373 0.091
3193.87929 19.543 0.126
3195.93849 19.517 0.093
3197.91395 18.944 0.064
3201.87137 19.342 0.096
3203.87932 19.501 0.072
3206.81719 19.337 0.097
3210.89322 19.537 0.107
3211.88465 19.275 0.075
3215.66076 19.408 0.144
3216.72877 19.263 0.129
3217.92930 19.057 0.082
3218.91393 19.176 0.133
3223.83478 19.539 0.118
3226.82503 19.197 0.087
3229.83216 19.131 0.061
3239.79267 19.132 0.072
3240.78993 19.310 0.109
3241.81429 19.240 0.075
3242.71361 19.412 0.102
3243.85006 19.443 0.107
3245.77639 19.530 0.132
3246.76884 19.176 0.114
3247.76260 19.581 0.118
3249.72731 19.108 0.085
3251.74083 19.402 0.073
3254.72795 19.328 0.076
3257.74436 19.500 0.070
3259.66354 19.448 0.095
3261.70164 19.120 0.056
3263.68434 19.380 0.064
3265.71873 19.302 0.067
3267.70757 19.483 0.079
3269.78399 19.082 0.097
3270.74081 19.316 0.091
3271.66364 19.118 0.073
3272.72083 19.363 0.078
3274.70670 19.386 0.094
3276.71113 19.174 0.095
3277.74427 19.468 0.098
3279.67659 19.238 0.076
3281.64027 19.177 0.067
3283.64171 19.160 0.051
3287.60793 19.515 0.099
3289.61900 19.384 0.090
3293.59579 19.443 0.081
3295.61458 19.404 0.061
3297.59633 19.222 0.058
3299.65270 19.561 0.082
3301.62694 19.207 0.091
3303.68919 19.227 0.081
3306.62174 19.147 0.053
3308.60946 19.131 0.096
3310.60859 19.254 0.083
3312.65261 19.353 0.086
3314.56347 19.423 0.126
3320.60130 19.374 0.077
3327.55626 19.497 0.096
3330.55049 19.129 0.082
3335.59532 19.360 0.108
3338.59893 19.203 0.067
3349.59526 19.410 0.081
3353.57435 19.216 0.079
3359.55088 19.475 0.102
3363.55822 19.196 0.086
3367.61754 19.536 0.103
3372.54829 19.333 0.074
3376.52760 19.250 0.131
3378.59455 19.234 0.089
3386.56098 19.433 0.071
3390.57456 19.219 0.106
3398.55632 19.175 0.075
3402.54472 19.151 0.067
3528.93692 19.230 0.101
3541.92972 19.517 0.087
3547.91431 19.091 0.064
3554.92252 19.374 0.093
3560.94464 19.154 0.068
3564.90680 19.260 0.061
3568.83766 19.403 0.077
3570.77838 19.351 0.127
3571.80071 18.978 0.101
3573.83820 19.814 0.178
3574.87719 19.392 0.093
3577.83586 19.146 0.073
3578.89443 19.369 0.072
3579.79927 19.220 0.060
3581.84420 19.428 0.094
3581.86691 19.376 0.090
3582.82909 19.064 0.081
3583.83350 19.425 0.099
3586.80784 19.282 0.054
3588.82573 19.255 0.065
3589.81854 19.291 0.068
3591.87334 19.156 0.046
3593.81090 19.260 0.075
3596.89136 19.492 0.089
3601.80899 19.308 0.088
3607.81440 19.019 0.053
3614.78579 19.307 0.056
3617.76529 19.194 0.056
3619.69821 19.158 0.066
3621.71667 19.216 0.067
3624.86497 19.449 0.120
3626.71435 19.232 0.074
3629.66796 19.212 0.099
3631.73033 19.188 0.096
3633.69564 19.434 0.121
3637.64955 19.442 0.102
3639.69963 19.260 0.048
3641.69619 19.323 0.068
3643.72056 19.455 0.074
3646.65552 19.137 0.072
3650.65877 19.259 0.080
3650.68281 19.473 0.084
3651.73275 19.166 0.056
3653.72891 19.285 0.066
3655.69509 19.366 0.065
3657.64587 19.394 0.086
3658.65030 19.279 0.080
3659.63835 19.151 0.084
3660.66847 19.598 0.122
3663.55998 19.408 0.133
3665.63356 19.385 0.081
3668.57198 19.369 0.080
3669.67074 19.091 0.080
3671.62890 19.232 0.084
3673.67376 19.218 0.091
3675.65834 19.308 0.075
3683.64765 19.384 0.082
3685.65278 19.455 0.081
3687.65145 19.555 0.097
3689.59984 19.137 0.067
3692.57568 19.460 0.104
3694.55966 19.549 0.119
3696.56018 19.136 0.056
3698.59387 19.157 0.082
3700.57480 19.271 0.088
3702.58409 19.420 0.090
3704.59036 19.509 0.101
3706.61079 19.273 0.056
3708.58367 19.180 0.078
3711.59026 19.128 0.088
3714.52401 19.677 0.236
3718.60452 19.308 0.103
3721.55342 19.131 0.079
3724.56310 19.439 0.091
3726.58366 19.177 0.070
3728.55677 19.357 0.086
3734.56022 19.570 0.113
3737.57590 19.427 0.090
3742.53452 19.241 0.138
3746.55980 19.037 0.091
3751.53618 19.077 0.118
3756.55244 19.253 0.087
3761.60271 19.133 0.078
3766.52751 19.177 0.106
3772.55033 19.297 0.089
3776.55040 19.137 0.081
3871.87630 19.619 0.172
3901.93882 19.506 0.118
3906.93909 19.496 0.085
3913.91603 19.297 0.058
3918.87954 19.804 0.114
3931.91488 19.261 0.091
3934.85790 19.278 0.063
3936.86610 19.496 0.089
3938.85009 19.330 0.091
3944.89748 19.140 0.063
3946.86561 19.505 0.098
3951.88502 19.485 0.111
3955.85015 19.261 0.117
3958.82667 19.533 0.146
3960.82682 19.195 0.067
3963.82353 19.852 0.190
3965.81541 19.134 0.041
3967.83526 19.191 0.054
3969.80090 19.229 0.067
3971.77709 19.480 0.073
3974.77883 19.229 0.084
3979.73419 19.251 0.071
3980.61754 19.613 0.151
3981.64383 19.236 0.061
3983.83415 19.428 0.112
3986.69571 19.274 0.099
3987.66675 19.116 0.060
3990.79002 19.258 0.066
3993.73482 19.476 0.101
3995.74009 19.596 0.072
3999.74936 19.279 0.061
4002.72150 19.210 0.051
4004.67329 19.331 0.072
4006.69950 19.518 0.067
4007.56288 19.649 0.104
4008.57181 19.259 0.074
4009.73327 19.379 0.086
4013.69838 19.379 0.091
4015.68067 19.389 0.126
4015.69690 19.536 0.144
4018.69606 19.432 0.090
4019.68463 19.464 0.104
4021.67712 19.352 0.071
4024.65059 19.177 0.062
4026.62947 19.125 0.062
4028.62543 19.443 0.070
4030.63799 19.421 0.085
4032.69009 19.134 0.076
4037.66628 19.184 0.056
4039.60422 19.077 0.056
4041.60374 19.127 0.100
4043.58944 19.254 0.096
4046.59877 19.177 0.079
4048.56467 19.162 0.084
4050.60679 19.510 0.088
4052.55889 19.612 0.095
4054.61307 19.147 0.069
4056.58516 19.003 0.070
4058.61871 19.456 0.091
4060.51755 19.437 0.110
4064.51518 19.045 0.070
4066.55665 19.242 0.075
4069.51502 19.466 0.167
4073.59859 19.335 0.101
4077.52194 19.461 0.127
4079.52388 19.416 0.152
4082.52384 19.486 0.146
4085.56155 19.429 0.088
4092.55760 19.420 0.069
4096.58355 19.217 0.072
4100.58634 19.297 0.101
4105.55417 19.313 0.099
4108.53042 19.438 0.126
4113.60831 19.280 0.078
4120.57914 19.495 0.084
4126.57697 19.151 0.102
4252.92626 19.450 0.140
4255.84555 19.245 0.111
4268.89906 19.154 0.085
4275.92119 19.262 0.096
4279.79887 19.134 0.129
4282.80943 19.351 0.107
4283.86237 19.302 0.114
4285.91669 19.286 0.095
4291.93747 19.508 0.121
4292.85599 19.356 0.068
4295.86004 19.281 0.067
4296.88980 19.621 0.097
4297.92266 19.379 0.078
4299.85747 19.290 0.059
4300.87896 19.238 0.068
4301.89697 19.534 0.070
4302.91858 19.246 0.081
4306.86321 19.242 0.102
4307.89749 19.287 0.060
4308.65864 19.409 0.104
4308.86662 19.119 0.068
4310.83897 19.235 0.092
4311.82652 19.177 0.126
4312.90040 19.348 0.065
4314.91987 19.372 0.102
4316.82641 19.517 0.114
4319.86359 19.396 0.103
4320.89045 19.322 0.095
4326.83432 19.562 0.099
4327.81259 19.266 0.107
4328.82822 19.215 0.084
4329.83076 19.341 0.090
4330.85900 19.201 0.066
4333.86030 19.212 0.080
4338.90068 19.107 0.090
4340.77316 18.993 0.064
4341.76831 19.420 0.118
4342.82417 19.368 0.102
4343.76181 19.383 0.088
4344.74396 19.445 0.090
4345.78995 19.155 0.061
4347.77884 19.233 0.071
4349.79203 19.412 0.083
4351.72913 19.393 0.119
4353.75235 19.440 0.120
4357.70122 19.146 0.087
4359.69915 19.195 0.067
4361.70171 19.518 0.120
4362.72443 19.156 0.085
4364.58347 19.228 0.113
4367.68098 19.132 0.090
4370.67263 19.463 0.107
4372.73610 19.216 0.059
4376.65149 19.290 0.095
4378.61807 19.447 0.109
4379.64603 19.607 0.139
4380.75888 19.173 0.064
4382.68633 19.173 0.073
4386.66139 19.402 0.082
4388.66187 19.548 0.100
4390.67086 19.389 0.071
4393.64464 19.417 0.102
4395.67952 19.331 0.090
4398.64496 19.443 0.103
4400.66784 19.380 0.103
4403.69363 19.393 0.095
4407.63372 19.326 0.100
4408.67990 19.487 0.110
4410.70284 19.271 0.080
4415.68697 19.200 0.071
4418.59364 19.327 0.076
4422.65487 19.201 0.075
4424.65193 19.181 0.074
4427.53863 19.410 0.116
4429.56456 19.166 0.127
4431.56900 19.436 0.112
4433.57486 19.418 0.088
4435.56321 19.435 0.094
4437.65225 19.004 0.088
4439.56412 19.062 0.082
4441.59995 19.227 0.085
4443.59068 19.346 0.102
4449.64470 19.315 0.079
4451.59983 19.250 0.069
4453.58181 19.328 0.108
4456.58324 19.203 0.104
4459.53574 19.187 0.105
4464.57543 19.160 0.071
4465.54136 19.285 0.092
4470.56029 19.198 0.101
4474.59679 19.190 0.105
4476.57493 19.285 0.078
4479.59974 19.200 0.102
4481.58441 19.250 0.085
4484.60109 19.351 0.154
4487.62265 19.146 0.119
4609.89594 19.519 0.142
4643.88061 19.128 0.087
4649.93082 19.642 0.126
4661.89396 19.133 0.065
4662.77668 19.266 0.069
4662.89360 19.460 0.085
4663.74837 19.122 0.090
4663.93227 19.173 0.087
4665.82132 19.280 0.112
4665.91527 19.307 0.115
4666.90913 19.255 0.107
4670.90358 19.307 0.089
4671.81782 19.279 0.090
4672.87754 19.395 0.084
4675.89515 19.493 0.102
4681.87488 19.335 0.063
4683.87013 19.201 0.071
4685.85625 19.019 0.068
4688.80759 19.139 0.061
4690.73315 19.183 0.062
4691.73602 19.363 0.114
4693.89111 19.077 0.085
4696.84103 19.572 0.173
4698.75286 19.191 0.058
4699.74687 19.424 0.090
4700.78438 19.268 0.069
4701.78958 19.617 0.111
4702.84972 19.464 0.103
4703.74876 19.233 0.080
4704.76761 19.404 0.074
4705.77485 19.270 0.091
4707.76752 19.391 0.062
4708.83578 19.169 0.055
4710.75175 19.373 0.074
4716.75326 19.444 0.090
4719.74543 18.977 0.087
4721.73439 19.432 0.114
4724.76409 19.263 0.080
4726.65976 19.470 0.121
4729.67074 19.288 0.112
4731.76099 19.313 0.066
4734.74331 19.436 0.067
4736.70809 19.419 0.100
4739.64937 19.511 0.120
4741.72395 19.465 0.069
4747.59056 18.989 0.064
4749.59013 19.562 0.143
4753.65929 19.512 0.143
4755.65321 18.996 0.062
4757.63765 19.262 0.068
4759.65027 19.289 0.079
4761.62054 19.420 0.059
4763.63318 19.495 0.121
4766.60140 19.575 0.125
4769.63947 19.172 0.090
4771.55054 19.325 0.111
4773.67535 19.505 0.085
4775.66219 19.045 0.080
4777.59594 19.195 0.079
4779.63153 19.183 0.079
4781.58145 19.299 0.089
4783.56507 19.377 0.108
4785.59617 19.294 0.096
4789.53158 19.122 0.094
4790.61380 19.191 0.050
4791.61210 19.295 0.070
4793.51623 19.292 0.113
4795.53328 19.526 0.084
4797.52548 19.208 0.083
4798.58878 19.474 0.125
4800.63607 19.160 0.067
4803.52739 19.280 0.099
4804.57757 19.206 0.102
4806.58659 19.426 0.094
4808.54482 19.339 0.099
4808.61232 19.501 0.108
4810.55526 19.403 0.103
4813.59461 19.343 0.095
4815.57074 19.328 0.099
4817.58728 19.176 0.066
4819.58688 19.213 0.073
4821.62878 19.414 0.070
4823.58957 19.404 0.092
4825.61801 19.140 0.076
4832.59113 19.257 0.084
4835.57295 19.242 0.106
4839.59446 19.401 0.112
4842.56152 19.154 0.090
4844.57001 19.303 0.077
4847.62632 19.082 0.120
4849.58618 19.251 0.073
4853.58361 19.674 0.128
4856.57754 19.289 0.076
4865.55067 19.488 0.109
4936.91655 19.213 0.117
4940.89923 19.526 0.129
4940.90309 19.253 0.093
4953.89694 19.113 0.089
4954.88836 19.492 0.096
