 621.86193 19.461 0.120
 627.91111 19.080 0.057
 628.92045 18.953 0.046
 632.92074 18.791 0.050
 633.92524 18.683 0.034
 635.92035 18.761 0.051
 643.88911 19.269 0.045
 645.89260 19.175 0.063
 649.86192 18.848 0.056
 656.90767 19.092 0.039
 657.84888 19.160 0.058
 658.92052 19.220 0.061
 664.81187 18.951 0.039
 664.90041 19.250 0.052
 665.88741 19.112 0.043
 666.89793 19.087 0.046
 667.90875 18.911 0.040
 668.87934 18.966 0.032
 670.84498 18.701 0.039
 671.86753 18.721 0.025
 672.92104 18.780 0.031
 673.72330 19.170 0.067
 684.80008 19.061 0.045
 686.78102 18.790 0.033
 689.77585 18.595 0.030
 697.74188 19.340 0.044
 699.74437 19.091 0.039
 700.75299 19.205 0.044
 701.72542 18.988 0.044
 704.69773 18.670 0.068
 706.72146 18.608 0.051
 707.75748 18.568 0.043
 708.72498 18.697 0.058
 712.72533 19.234 0.047
 713.76306 19.099 0.044
 714.77842 19.361 0.048
 716.71205 19.150 0.041
 720.68764 18.973 0.049
 726.74503 18.745 0.033
 728.64380 19.202 0.041
 729.71073 19.259 0.042
 730.63484 19.176 0.071
 733.69682 19.200 0.065
 739.76175 19.234 0.072
 741.68834 18.977 0.050
 742.77877 19.171 0.057
 745.68190 18.594 0.030
 747.62080 19.102 0.056
 748.58233 19.327 0.067
 749.59003 19.242 0.092
 750.58461 19.267 0.063
 751.59173 19.433 0.083
 753.73488 19.218 0.049
 754.70148 19.228 0.061
 755.59053 18.948 0.051
 759.59656 18.693 0.039
 760.60294 18.713 0.034
 761.59987 18.773 0.036
 762.59050 18.591 0.041
 762.72502 18.976 0.056
 763.60949 18.735 0.042
 763.69008 18.652 0.038
 764.69669 18.781 0.067
 765.64078 18.907 0.058
 766.53702 19.278 0.090
 766.67760 18.711 0.054
 767.58607 19.352 0.094
 767.64479 19.150 0.068
 767.73948 18.779 0.054
 769.56904 19.414 0.065
 770.55680 19.361 0.062
 771.57136 19.268 0.071
 772.57007 19.275 0.063
 772.75127 19.352 0.065
 773.63193 19.003 0.049
 774.66196 18.915 0.044
 775.61428 19.009 0.039
 776.60353 19.035 0.049
 776.75612 19.216 0.057
 777.54819 18.795 0.050
 778.58599 18.842 0.061
 778.67694 19.148 0.084
 779.56637 18.727 0.050
 779.72116 19.060 0.050
 780.57035 18.677 0.043
 780.73931 19.047 0.054
 781.62101 18.709 0.034
 782.55560 18.943 0.053
 782.65524 18.677 0.047
 783.60139 18.821 0.031
 784.64686 18.615 0.030
 785.54326 19.319 0.057
 786.54947 19.154 0.042
 787.63116 19.227 0.055
 788.55940 19.293 0.047
 790.59893 19.142 0.047
 795.58684 19.016 0.045
 796.57410 18.910 0.076
 796.70148 19.146 0.090
 797.55493 18.864 0.041
 798.62438 18.900 0.036
 800.55951 18.759 0.035
 802.65117 18.618 0.045
 806.55726 19.389 0.066
 808.57553 19.489 0.102
 816.65179 19.087 0.042
 817.64705 19.082 0.058
 819.62621 18.930 0.045
 822.61258 18.716 0.034
 824.63257 18.868 0.061
 825.62029 19.163 0.070
 828.66562 19.086 0.055
 829.63227 19.364 0.067
 830.54971 19.263 0.097
 832.63910 19.270 0.059
 834.54133 19.208 0.075
 836.60677 18.950 0.054
 838.62562 19.008 0.051
 840.61855 18.773 0.056
 842.62995 18.748 0.043
 843.62082 18.651 0.039
 845.60504 19.138 0.036
 850.59366 19.142 0.059
 855.59841 18.962 0.078
 856.56317 18.859 0.074
 858.53109 18.723 0.058
 860.53283 18.883 0.059
 867.52902 19.041 0.077
 874.52777 18.884 0.051
 963.91125 19.259 0.058
 986.89762 19.153 0.053
 987.90985 19.094 0.050
 996.89649 19.010 0.042
 998.82885 19.351 0.069
1003.83086 19.210 0.079
1005.85512 18.992 0.058
1008.88809 19.005 0.074
1020.85133 19.330 0.058
1025.83699 19.208 0.062
1035.80471 19.197 0.053
1037.83179 19.133 0.051
1038.84994 19.224 0.062
1041.83815 19.155 0.044
1045.80249 18.973 0.042
1049.83139 18.759 0.037
1053.72271 19.221 0.049
1058.79076 19.129 0.061
1059.83639 19.229 0.061
1061.82282 19.276 0.067
1064.77929 19.060 0.054
1069.69269 19.163 0.050
1074.67389 19.044 0.057
1077.66834 19.057 0.038
1079.67039 19.044 0.054
1081.71758 18.982 0.035
1084.65655 18.758 0.034
1087.67598 18.929 0.039
1090.64394 19.350 0.092
1092.70801 19.118 0.055
1094.70382 19.194 0.048
1095.73427 19.195 0.054
1102.67312 18.909 0.033
1107.64134 19.154 0.042
1112.68447 19.244 0.062
1117.62299 18.984 0.042
1122.63738 18.578 0.050
1128.58741 19.207 0.061
1132.61334 19.264 0.050
1138.65846 19.094 0.042
1140.66684 18.943 0.042
1144.69346 18.888 0.046
1151.60476 19.415 0.061
1154.56187 19.036 0.055
1157.57160 18.948 0.048
1160.59641 18.646 0.038
1163.67481 19.041 0.065
1164.72040 18.675 0.037
1170.57534 19.220 0.056
1178.69790 19.046 0.068
1182.69632 19.034 0.048
1185.63907 18.673 0.034
1187.67559 18.956 0.050
1190.54500 19.109 0.050
1202.62064 18.633 0.043
1208.59116 19.030 0.081
1211.59353 19.139 0.072
1216.58154 18.971 0.052
1219.58595 18.779 0.061
1228.53694 19.155 0.083
1235.53096 18.904 0.065
1329.82336 18.957 0.074
1330.93373 19.072 0.061
1335.90366 18.749 0.051
1347.93539 19.182 0.071
1349.93075 19.135 0.060
1355.92364 18.569 0.049
1366.87981 19.151 0.051
1367.90181 18.929 0.069
1369.89473 18.940 0.051
1374.88860 18.774 0.047
1395.85487 19.142 0.056
1397.87767 19.088 0.053
1401.89203 19.072 0.049
1402.88977 19.142 0.048
1407.90013 19.097 0.052
1412.79880 18.932 0.048
1418.77277 19.140 0.049
1432.79528 18.929 0.036
1435.72096 19.184 0.069
1439.81873 19.254 0.045
1442.78313 19.132 0.043
1447.71206 18.666 0.057
1451.70271 19.238 0.057
1454.70102 19.440 0.076
1460.64512 18.946 0.057
1462.66902 19.044 0.052
1470.62028 19.144 0.060
1475.66807 19.273 0.058
1478.59427 19.004 0.052
1481.60746 18.920 0.051
1484.60910 18.618 0.042
1487.56819 19.206 0.076
1489.59158 19.184 0.050
1491.65372 19.340 0.068
1494.70171 19.279 0.058
1495.55481 18.963 0.046
1499.52697 18.761 0.069
1502.61187 18.849 0.056
1506.60690 19.312 0.077
1509.59047 19.244 0.052
1514.66676 19.305 0.073
1517.58350 18.869 0.047
1520.62632 18.919 0.046
1522.65503 18.986 0.068
1525.55065 19.012 0.055
1528.64859 19.232 0.051
1544.58136 19.076 0.046
1546.63782 18.905 0.043
1551.59982 19.285 0.064
1555.57801 19.116 0.065
1562.61222 18.832 0.058
1568.58568 19.197 0.065
1573.58068 19.124 0.077
1579.56425 18.771 0.050
1581.59154 18.817 0.040
1584.57637 19.151 0.059
1586.58746 19.125 0.050
1588.56097 19.262 0.120
1592.58411 19.224 0.084
1597.55958 18.792 0.043
1602.55674 18.529 0.045
1607.54695 19.355 0.082
1706.91708 19.231 0.079
1730.93324 18.911 0.040
1738.88428 19.184 0.053
1740.89196 19.070 0.071
1744.90888 19.270 0.069
1745.90203 19.098 0.055
1749.88263 18.946 0.034
1750.88593 18.993 0.046
1751.86647 18.837 0.037
1752.85881 18.706 0.042
1753.85961 18.669 0.039
1754.85556 18.660 0.046
1755.85185 19.324 0.088
1756.88151 19.117 0.106
1757.83059 19.293 0.074
1758.83513 19.220 0.053
1759.84827 19.290 0.048
1761.86440 19.191 0.053
1762.84682 19.127 0.058
1763.85234 19.223 0.047
1764.84207 19.171 0.043
1765.83844 19.010 0.050
1766.81218 18.983 0.060
1768.82599 18.993 0.058
1769.74113 18.729 0.039
1773.80208 19.208 0.050
1775.81360 19.172 0.049
1785.79063 18.982 0.033
1788.82580 18.787 0.045
1789.75846 18.634 0.025
1803.86208 19.118 0.050
1809.78579 18.764 0.028
1812.75970 19.270 0.045
1815.81612 19.385 0.062
1821.71272 19.128 0.055
1823.78200 19.068 0.044
1829.70706 18.977 0.049
1830.77405 18.534 0.042
1843.78453 18.974 0.048
1843.81883 19.093 0.050
1847.62315 19.301 0.058
1847.71227 18.678 0.040
1848.61992 19.280 0.056
1848.72965 18.673 0.036
1851.59624 18.837 0.055
1851.69849 19.050 0.076
1852.72655 19.242 0.052
1856.53986 18.894 0.075
1856.69148 19.239 0.073
1860.74347 19.072 0.064
1861.57929 18.946 0.062
1861.68830 18.832 0.052
1864.71841 18.807 0.046
1865.61689 18.773 0.035
1865.72444 18.831 0.040
1866.58348 19.311 0.047
1869.67103 19.191 0.043
1869.72801 18.598 0.042
1870.51686 19.061 0.051
1870.66422 19.175 0.058
1873.69699 19.120 0.052
2104.86893 19.168 0.058
2112.90925 19.019 0.057
2114.86864 18.733 0.056
2115.88530 18.833 0.056
2116.90965 18.818 0.051
2117.87158 19.225 0.062
2123.86163 19.121 0.066
2128.86705 18.967 0.085
2130.80588 18.695 0.043
2131.79887 18.718 0.047
2132.84364 18.784 0.065
2133.85465 18.614 0.056
2135.88360 18.840 0.051
2136.88995 19.139 0.094
2140.85269 19.291 0.096
2141.76288 19.162 0.104
2142.85738 19.104 0.074
2143.86078 19.155 0.064
2144.78859 19.034 0.049
2156.71325 19.032 0.074
2160.79248 19.141 0.081
2162.80283 18.999 0.055
2165.79026 18.990 0.068
2166.79366 19.025 0.056
2167.72690 18.816 0.051
2168.75147 18.656 0.045
2172.78359 19.145 0.067
2173.74576 19.252 0.066
2174.72951 19.186 0.051
2177.67763 19.133 0.076
2184.73896 18.865 0.076
2185.70239 18.943 0.085
2187.64725 19.233 0.098
2189.72882 18.779 0.078
2190.72891 19.144 0.069
2191.63918 19.150 0.079
2192.69813 19.189 0.045
2193.71907 19.269 0.058
2194.69015 19.275 0.067
2200.70457 19.067 0.067
2203.59279 18.743 0.050
2206.64251 18.899 0.076
2208.68660 18.994 0.069
2211.69452 19.385 0.084
2212.68113 19.237 0.081
2214.68112 19.459 0.130
2215.71713 19.271 0.104
2217.67628 18.984 0.095
2219.71326 19.123 0.093
2222.76258 19.012 0.076
2223.66767 18.820 0.066
2225.63187 18.763 0.045
2227.52601 19.018 0.112
2228.59359 19.226 0.088
2230.53167 19.140 0.083
2232.54469 19.116 0.067
2234.58670 19.081 0.060
2236.57594 19.143 0.075
2239.52346 18.783 0.080
2241.56825 18.722 0.060
2243.60662 18.638 0.046
2249.56276 19.118 0.059
2251.61287 19.166 0.061
2254.55604 19.103 0.067
2256.58785 19.021 0.078
2259.60873 18.889 0.060
2262.61522 18.828 0.064
2266.60706 19.235 0.080
2271.58199 19.195 0.087
2273.58124 19.161 0.094
2276.57588 19.088 0.094
2280.56984 18.812 0.067
2285.56577 19.303 0.072
2289.60164 19.220 0.065
2291.60688 19.207 0.067
2293.60315 19.129 0.071
2295.59986 19.110 0.074
2297.60443 19.073 0.062
2299.59907 19.073 0.079
2301.59061 18.866 0.084
2453.87676 18.870 0.101
2460.92341 19.266 0.130
2464.88078 19.124 0.066
2466.87431 19.043 0.084
2468.86857 18.994 0.061
2470.85951 18.823 0.045
2472.87959 18.812 0.045
2474.85038 19.091 0.064
2481.86388 19.411 0.129
2483.92648 19.179 0.059
2486.92728 19.136 0.097
2489.80806 18.683 0.047
2490.80555 18.850 0.079
2497.80189 18.953 0.063
2498.81183 19.101 0.061
2499.89685 19.175 0.062
2500.90525 19.159 0.073
2501.89178 19.169 0.065
2502.87203 19.160 0.081
2508.78263 18.594 0.069
2516.81503 19.278 0.094
2517.86201 19.308 0.085
2518.83627 19.177 0.079
2519.78757 19.156 0.062
2520.82973 19.203 0.079
2521.78032 19.047 0.059
2524.78327 18.953 0.071
2526.81522 18.917 0.042
2529.77375 18.622 0.037
2535.73336 19.147 0.078
2537.73986 18.991 0.079
2538.84030 19.192 0.097
2539.73671 19.142 0.066
2540.78054 19.073 0.081
2541.74875 19.007 0.054
2542.71837 18.927 0.056
2544.69961 18.835 0.050
2545.71188 18.734 0.042
2547.73000 18.674 0.042
2548.74917 18.684 0.047
2550.74434 19.201 0.067
2551.73092 19.195 0.068
2552.74686 19.339 0.068
2553.68764 19.044 0.083
2554.74001 19.154 0.058
2555.74797 19.287 0.073
2556.72719 19.140 0.058
2557.73953 19.072 0.055
2558.69608 19.122 0.066
2559.65299 18.931 0.060
2560.68613 18.952 0.051
2562.70433 18.995 0.061
2563.71234 18.858 0.055
2564.72875 18.865 0.057
2565.72465 18.722 0.053
2566.70361 18.683 0.047
2568.77140 18.617 0.054
2571.69088 19.169 0.072
2572.75934 19.314 0.103
2573.69748 19.432 0.126
2574.67722 19.223 0.058
2576.72169 19.154 0.064
2577.67993 19.009 0.078
2578.66498 19.048 0.070
2579.67512 19.042 0.071
2580.68340 18.848 0.050
2583.65963 18.765 0.060
2584.66194 18.697 0.044
2587.64623 19.243 0.083
2588.65812 19.488 0.099
2589.63710 19.269 0.073
2590.65409 19.342 0.082
2591.68687 19.345 0.083
2593.64365 19.157 0.079
2594.64932 19.117 0.083
2596.62285 19.002 0.074
2597.61011 18.836 0.067
2598.69044 19.117 0.090
2599.65094 18.923 0.070
2608.55159 19.094 0.086
2610.58827 19.047 0.083
2613.57984 19.018 0.084
2615.61096 19.133 0.072
2620.58584 18.824 0.066
2622.53355 19.261 0.078
2625.58699 19.319 0.134
2629.52762 19.117 0.098
2632.56569 19.090 0.058
2636.56212 18.968 0.076
2639.56139 18.751 0.050
2643.53435 19.246 0.102
2649.53902 19.175 0.076
2651.57560 18.960 0.090
2655.53292 18.927 0.131
2658.54930 18.729 0.072
2661.56186 18.746 0.042
2665.52880 19.178 0.140
2669.55497 19.171 0.084
2674.53847 19.002 0.088
2676.55992 18.940 0.062
2678.64248 18.990 0.069
2680.52963 18.772 0.080
2683.55379 19.307 0.128
2804.83169 19.243 0.132
2805.88811 19.075 0.116
2811.94114 19.000 0.084
2815.91496 18.678 0.045
2818.92286 19.397 0.084
2829.86160 18.875 0.056
2831.85182 18.597 0.050
2832.80514 19.107 0.076
2833.90371 18.692 0.064
2835.89245 18.880 0.058
2838.87637 19.229 0.101
2840.88159 19.291 0.078
2843.86755 19.152 0.059
2844.90892 19.157 0.079
2848.81557 18.818 0.088
2849.89360 18.907 0.057
2850.92515 18.901 0.061
2852.85378 18.668 0.066
2854.86513 18.857 0.065
2857.87244 19.355 0.093
2859.85556 19.230 0.071
2860.91208 19.277 0.067
2861.78382 19.183 0.060
2862.86991 19.213 0.080
2863.87183 19.015 0.109
2865.79423 18.808 0.084
2867.78374 18.748 0.047
2868.82438 18.789 0.047
2869.84574 18.803 0.050
2870.85242 18.739 0.044
2872.77654 19.395 0.067
2875.84369 19.337 0.084
2876.81264 19.281 0.067
2877.84213 19.329 0.073
2879.80688 19.159 0.050
2884.75690 18.913 0.045
2886.76270 18.809 0.054
2890.72865 19.484 0.146
2893.78019 19.329 0.079
2895.79104 19.216 0.057
2897.73864 19.230 0.081
2899.77094 19.104 0.046
2903.78965 18.995 0.037
2906.73842 18.643 0.033
2908.71543 18.866 0.056
2910.71027 19.346 0.081
2912.71555 19.113 0.052
2916.72891 19.193 0.050
2918.70595 18.993 0.065
2922.70548 18.823 0.057
2924.64631 18.676 0.047
2926.64042 19.351 0.093
2929.70185 19.272 0.077
2931.67771 19.308 0.063
2933.68998 19.193 0.048
2935.65286 19.086 0.074
2937.67801 19.013 0.073
2939.65620 18.917 0.056
2940.67049 18.889 0.041
2941.64615 18.790 0.036
2942.67377 18.737 0.058
2943.64249 18.603 0.043
2944.62625 18.829 0.061
2946.62483 19.331 0.079
2947.65283 19.427 0.100
2949.63369 19.277 0.076
2950.58518 19.170 0.076
2951.66609 19.173 0.082
2953.61389 19.108 0.066
2955.59889 19.031 0.081
2957.61255 18.901 0.046
2965.66943 18.655 0.038
2968.63197 19.341 0.093
2971.63975 19.195 0.078
2973.62828 19.243 0.074
2975.52504 18.833 0.055
2977.62069 19.048 0.078
2979.60097 18.923 0.074
2982.55556 19.011 0.067
2984.58677 19.440 0.141
2986.59690 19.325 0.073
2988.56934 19.269 0.073
2990.58817 19.177 0.076
2993.59020 19.074 0.057
2997.53396 18.761 0.059
3000.58963 18.676 0.044
3003.56967 19.134 0.080
3006.55930 19.496 0.090
3009.55264 19.251 0.098
3013.55927 18.913 0.062
3017.55372 18.838 0.058
3020.52884 18.752 0.077
3022.55635 19.126 0.084
3024.55548 19.283 0.089
3026.52557 19.534 0.203
3028.52643 19.390 0.233
3030.52954 19.005 0.088
3032.54752 19.063 0.085
3034.54706 18.982 0.050
3038.53788 18.656 0.069
3179.92918 19.198 0.081
3184.89307 19.139 0.097
3193.91608 18.735 0.052
3196.88807 19.325 0.073
3202.87601 19.134 0.063
3203.92049 19.195 0.047
3206.86340 19.130 0.074
3210.92988 18.870 0.049
3211.84597 18.564 0.041
3215.82003 19.270 0.126
3216.76569 19.414 0.123
3217.81555 19.288 0.097
3224.81248 19.010 0.049
3228.79038 18.665 0.052
3230.76389 19.037 0.053
3238.79496 19.172 0.070
3239.83411 19.221 0.074
3240.83124 19.320 0.110
3241.77320 19.054 0.056
3242.76389 18.977 0.072
3244.86571 19.110 0.077
3245.81321 18.923 0.063
3246.81004 18.941 0.066
3247.81429 18.792 0.051
3249.76777 18.802 0.058
3251.78032 19.219 0.053
3254.76641 19.307 0.060
3257.79349 19.299 0.055
3259.70375 19.188 0.082
3261.73943 18.973 0.047
3263.73634 18.916 0.038
3265.76174 18.823 0.051
3267.74444 18.565 0.033
3270.69815 19.278 0.082
3271.70083 19.248 0.077
3273.65933 19.183 0.099
3275.65412 19.131 0.103
3276.74817 18.858 0.084
3277.78707 19.262 0.076
3279.71858 19.104 0.058
3281.68436 18.749 0.045
3283.67877 18.662 0.028
3287.64505 19.382 0.079
3289.65987 19.251 0.057
3291.59824 19.366 0.083
3294.61478 19.149 0.063
3296.58117 19.059 0.056
3298.58903 18.812 0.043
3300.59164 18.743 0.058
3302.57262 18.942 0.062
3305.66862 18.742 0.050
3307.58519 19.310 0.121
3309.60593 19.218 0.071
3311.56148 19.014 0.058
3314.60050 19.239 0.102
3320.63842 18.819 0.042
3323.59078 19.069 0.059
3327.61889 19.333 0.068
3330.59012 19.236 0.082
3335.63476 19.090 0.084
3338.54163 18.628 0.050
3350.55292 19.095 0.055
3357.59002 18.864 0.051
3361.58944 18.592 0.040
3363.59573 18.894 0.060
3369.57269 19.308 0.067
3372.58869 19.272 0.064
3376.56470 18.860 0.050
3380.55105 18.627 0.048
3386.59788 19.382 0.062
3395.54989 18.860 0.079
3399.57376 18.527 0.052
3402.59063 18.813 0.043
3530.94180 19.008 0.063
3543.90686 19.257 0.079
3551.92763 18.847 0.047
3558.91138 19.197 0.069
3562.89827 19.199 0.055
3568.89373 18.902 0.050
3570.85157 18.620 0.050
3571.84183 18.610 0.058
3573.88723 18.714 0.067
3575.84703 19.222 0.066
3577.90361 19.198 0.076
3579.84446 19.219 0.054
3581.91342 19.211 0.064
3582.86583 19.278 0.063
3583.88487 19.155 0.053
3586.87519 18.976 0.033
3588.87334 18.877 0.060
3590.83195 18.635 0.030
3592.79223 19.256 0.048
3594.83302 19.174 0.053
3600.92207 19.314 0.091
3602.78089 19.116 0.095
3603.74512 18.846 0.050
3608.80171 18.749 0.036
3614.83355 19.307 0.051
3615.81927 19.539 0.107
3618.81798 19.227 0.067
3620.84447 19.080 0.050
3622.79850 18.889 0.066
3625.74443 18.757 0.037
3628.76600 18.608 0.048
3630.68146 19.227 0.087
3632.65860 19.280 0.114
3634.68912 19.162 0.061
3637.69439 19.123 0.063
3640.65950 18.876 0.043
3642.70292 18.993 0.070
3644.69522 18.633 0.028
3646.71272 18.628 0.043
3650.72847 19.274 0.060
3652.66993 19.183 0.055
3654.64573 19.206 0.057
3656.69895 19.167 0.058
3657.72709 19.263 0.065
3658.70066 19.001 0.061
3659.68498 18.865 0.068
3660.69070 19.032 0.067
3663.68141 18.685 0.053
3665.70969 18.522 0.042
3668.63828 19.158 0.066
3668.66082 19.286 0.064
3670.64943 19.201 0.076
3672.58213 19.135 0.087
3674.74143 19.245 0.054
3676.62772 18.940 0.046
3682.60442 18.553 0.050
3684.62171 19.004 0.049
3686.58740 19.103 0.059
3688.56036 19.359 0.076
3690.57405 19.158 0.073
3693.57119 19.160 0.077
3695.56679 18.963 0.049
3698.54237 18.690 0.059
3701.59092 18.702 0.045
3703.60152 19.025 0.044
3705.57374 19.148 0.044
3707.57420 19.266 0.068
3712.58918 19.184 0.058
3715.54742 18.929 0.050
3719.62634 18.786 0.053
3722.57331 19.004 0.071
3725.65334 18.797 0.067
3730.55654 19.301 0.050
3735.55919 18.925 0.052
3738.58032 18.924 0.066
3743.53457 19.217 0.090
3748.53847 18.914 0.096
3753.53611 18.866 0.077
3758.55806 18.734 0.067
3762.56462 19.006 0.093
3768.52458 19.420 0.167
3773.52141 19.302 0.205
3777.54738 18.777 0.052
3871.91468 18.934 0.080
3902.93466 19.283 0.093
3907.92965 19.117 0.072
3915.90550 19.022 0.050
3918.92477 19.146 0.058
3932.87619 18.735 0.057
3934.89438 18.775 0.045
3936.90263 19.048 0.057
3938.88683 19.129 0.058
3945.85657 19.132 0.051
3950.83848 18.716 0.037
3957.79408 19.231 0.111
3959.78818 19.170 0.080
3961.77875 19.038 0.076
3964.78589 19.013 0.040
3966.77812 18.849 0.038
3968.77168 18.706 0.039
3970.76330 19.049 0.040
3973.73264 19.108 0.057
3975.74488 19.231 0.058
3980.68010 18.874 0.064
3981.67996 18.886 0.048
3982.74428 19.133 0.093
3986.72148 18.638 0.043
3989.81851 18.832 0.055
3991.75970 19.099 0.071
3994.66070 19.481 0.117
3998.69184 19.061 0.079
4001.66039 18.904 0.039
4003.63216 18.594 0.033
4004.72067 18.739 0.040
4005.70594 18.751 0.035
4007.59917 19.032 0.057
4008.60817 19.191 0.048
4011.65860 19.268 0.070
4014.64102 19.244 0.106
4016.63780 19.051 0.066
4018.63413 18.936 0.055
4020.66683 18.827 0.051
4023.62355 18.640 0.048
4025.62390 19.033 0.058
4027.61199 19.147 0.064
4029.59427 19.221 0.064
4031.58126 19.141 0.061
4036.61664 19.131 0.058
4038.57095 18.854 0.048
4040.55094 18.628 0.047
4042.62027 18.658 0.042
4044.66292 18.788 0.079
4047.57121 19.044 0.064
4049.54699 19.139 0.056
4051.59653 19.281 0.077
4053.60749 19.166 0.045
4055.53669 18.899 0.072
4057.57582 18.934 0.071
4059.61035 18.954 0.053
4063.60174 18.911 0.050
4066.51659 19.263 0.110
4068.58338 19.359 0.065
4071.52507 19.071 0.118
4074.56035 18.966 0.060
4077.61304 19.063 0.078
4079.56013 18.663 0.042
4083.56762 19.175 0.084
4087.58952 19.266 0.069
4095.55344 18.993 0.050
4095.59042 19.011 0.053
4098.57249 18.811 0.054
4102.54463 18.972 0.070
4107.54877 19.339 0.077
4112.54917 19.152 0.069
4119.53874 18.672 0.048
4122.56503 19.235 0.093
4128.56255 19.124 0.089
4253.88619 18.734 0.095
4255.90703 18.929 0.082
4258.92455 19.185 0.098
4273.91086 18.796 0.071
4278.93452 19.205 0.086
4281.76178 19.110 0.091
4282.90164 19.121 0.070
4283.82833 19.155 0.091
4284.89281 19.180 0.088
4289.86723 18.940 0.063
4292.90051 18.824 0.042
4295.89443 18.919 0.050
4296.92866 18.838 0.036
4298.84773 19.186 0.067
4299.89120 19.120 0.049
4300.91304 19.266 0.060
4301.93190 19.149 0.050
4303.82258 19.056 0.060
4307.71959 18.812 0.049
4308.69339 19.187 0.079
4308.90124 18.984 0.055
4310.87332 18.866 0.063
4311.87481 18.676 0.068
4312.93510 18.816 0.045
4314.80375 19.203 0.088
4316.86347 18.952 0.077
4320.84716 19.211 0.064
4326.87154 19.096 0.076
4327.89427 19.141 0.097
4328.86435 18.948 0.066
4329.86447 18.955 0.064
4330.89495 18.927 0.056
4332.91117 18.771 0.052
4334.88815 18.890 0.082
4339.85917 19.288 0.090
4340.81145 19.111 0.076
4341.80428 19.200 0.084
4342.87856 19.142 0.075
4343.79790 19.058 0.069
4344.78004 18.925 0.053
4346.75629 18.823 0.053
4348.74202 18.792 0.048
4350.71876 19.176 0.059
4353.67693 19.103 0.076
4355.73549 19.524 0.127
4358.67884 19.271 0.086
4359.73609 19.129 0.067
4365.64367 19.094 0.107
4369.71718 18.975 0.078
4371.68416 19.118 0.090
4376.68754 19.115 0.059
4378.65421 18.949 0.063
4379.68551 19.036 0.069
4381.64468 18.863 0.069
4383.67320 18.851 0.045
4386.69779 18.789 0.050
4388.69811 18.947 0.056
4390.70706 19.185 0.059
4394.59464 19.128 0.068
4396.67800 19.148 0.072
4398.68113 19.058 0.075
4402.66622 18.861 0.044
4404.68266 18.795 0.063
4407.69117 18.906 0.056
4409.70675 19.113 0.066
4411.70188 19.139 0.060
4415.70574 19.255 0.099
4417.65573 19.016 0.049
4420.64215 18.887 0.067
4422.67417 18.908 0.053
4424.67126 18.678 0.049
4427.55702 19.187 0.084
4429.60009 19.205 0.122
4431.58723 19.287 0.100
4433.59314 19.188 0.082
4435.58146 18.977 0.061
4438.64156 18.998 0.071
4440.61104 18.892 0.061
4442.57252 18.912 0.078
4444.59724 18.946 0.084
4452.60739 19.177 0.077
4454.62760 19.089 0.080
4455.56968 18.962 0.067
4457.57862 18.715 0.070
4460.53302 18.771 0.069
4463.59654 18.875 0.053
4467.57933 19.207 0.081
4470.57876 19.351 0.091
4474.62883 19.082 0.069
4476.60714 18.993 0.058
4481.60284 18.800 0.061
4483.63004 18.886 0.073
4485.61495 19.123 0.095
4488.61211 19.155 0.121
4492.60228 19.037 0.073
4609.93185 18.943 0.075
4643.91597 19.196 0.086
4652.94007 18.877 0.068
4655.89817 18.898 0.052
4661.91195 19.246 0.079
4662.83557 19.116 0.053
4662.93341 19.155 0.050
4663.78426 18.999 0.085
4665.85740 19.196 0.096
4670.93933 19.040 0.084
4671.83579 18.715 0.050
4673.93786 18.732 0.065
4677.85523 19.114 0.052
4682.82959 19.176 0.078
4684.86761 19.024 0.060
4686.82755 18.950 0.042
4688.84377 19.007 0.048
4690.76916 18.855 0.043
4691.77245 19.037 0.069
4694.81873 19.527 0.158
4697.76309 19.073 0.091
4699.78412 19.089 0.063
4700.81800 19.148 0.060
4701.82570 19.170 0.072
4703.78487 19.123 0.070
4704.80361 18.991 0.042
4705.81119 18.997 0.067
4707.82861 18.823 0.045
4709.75941 18.793 0.042
4715.76797 19.173 0.078
4717.72257 19.156 0.064
4720.70148 19.076 0.075
4722.71667 18.994 0.058
4725.72188 18.918 0.062
4730.71244 19.181 0.047
4730.77520 18.791 0.034
4733.74740 19.158 0.056
4740.68994 18.990 0.057
4743.68668 18.964 0.050
4748.67543 19.094 0.061
4750.70829 19.208 0.088
4754.63385 19.255 0.097
4756.64343 19.011 0.060
4758.62364 18.985 0.050
4760.61030 18.973 0.050
4762.60009 18.870 0.058
4767.63571 19.313 0.078
4770.68398 19.243 0.117
4772.62138 19.118 0.067
4774.59684 19.015 0.055
4776.56865 19.074 0.073
4778.56999 18.944 0.051
4780.56725 18.802 0.061
4782.54015 18.978 0.077
4783.60173 18.751 0.059
4789.56787 19.111 0.060
4791.54943 19.224 0.094
4793.55677 19.144 0.078
4795.56970 19.084 0.056
4797.56186 18.863 0.060
4798.62506 18.981 0.060
4801.52632 19.001 0.060
4802.61377 18.770 0.049
4803.58567 18.857 0.055
4805.52068 19.094 0.136
4807.54741 19.203 0.092
4809.57262 19.034 0.067
4811.59448 19.242 0.084
4814.55237 19.025 0.065
4816.55446 18.975 0.054
4818.56847 18.892 0.053
4820.54648 18.860 0.059
4822.60321 18.789 0.044
4824.58803 19.061 0.076
4831.55970 19.103 0.072
4833.58752 19.067 0.058
4835.61027 19.119 0.065
4839.61329 18.968 0.080
4842.57997 18.853 0.073
4844.59044 19.022 0.074
4847.64462 19.318 0.154
4849.60461 19.127 0.067
4853.60188 19.255 0.093
4855.61507 19.061 0.084
4859.60735 18.823 0.065
4862.58889 18.719 0.044
4868.57111 19.245 0.084
