2090.92954 18.469 0.054
2104.91405 18.598 0.030
2112.86240 18.618 0.040
2115.83117 18.592 0.047
2117.83011 18.502 0.033
2123.90108 18.830 0.056
2125.79231 18.548 0.070
2128.90790 18.678 0.054
2129.89529 18.746 0.043
2131.76130 18.508 0.039
2132.88583 18.449 0.039
2134.89220 18.858 0.058
2135.90561 18.546 0.036
2137.85036 18.716 0.050
2140.89074 18.450 0.032
2141.80215 18.641 0.056
2142.82277 18.725 0.047
2144.75251 18.612 0.036
2156.75104 18.633 0.056
2161.70964 18.876 0.071
2162.84788 18.636 0.043
2167.68959 18.539 0.037
2168.78934 18.711 0.043
2171.80414 18.760 0.037
2172.84011 18.458 0.032
2173.78357 18.794 0.039
2174.67219 18.743 0.046
2177.72074 18.820 0.050
2184.77674 18.788 0.058
2185.74030 18.424 0.053
2187.60987 18.740 0.054
2189.76668 18.718 0.056
2192.73271 18.744 0.030
2193.75988 18.456 0.027
2194.72448 18.623 0.036
2200.74159 18.776 0.037
2203.62970 18.857 0.044
2208.73748 18.701 0.043
2211.73179 18.648 0.051
2212.72555 18.570 0.040
2217.71086 18.485 0.041
2221.59985 18.665 0.040
2223.65029 18.595 0.041
2226.56553 18.663 0.056
2228.62846 18.487 0.033
2230.61547 18.588 0.040
2232.63601 18.754 0.047
2234.62121 18.642 0.043
2236.61030 18.598 0.039
2239.55917 18.557 0.041
2241.61069 18.555 0.043
2243.64121 18.474 0.043
2249.60844 18.636 0.033
2251.56516 18.632 0.041
2254.60471 18.596 0.037
2257.56674 18.503 0.036
2263.56183 18.554 0.034
2265.61047 18.578 0.032
2271.59977 18.737 0.049
2273.59841 18.516 0.047
2277.60535 18.640 0.036
2283.62011 18.519 0.039
2289.61894 18.734 0.037
2291.62494 18.683 0.039
2293.62063 18.455 0.033
2295.61749 18.681 0.043
2296.59994 18.628 0.061
2298.60776 18.539 0.047
2300.60543 18.761 0.050
2303.59494 18.745 0.060
2453.92242 18.535 0.050
2462.91905 18.735 0.050
2464.92935 18.624 0.032
2470.89740 18.771 0.037
2472.83101 18.415 0.040
2481.80401 18.700 0.068
2485.83916 18.549 0.049
2489.84746 18.786 0.058
2492.82889 18.760 0.054
2495.81694 18.495 0.040
2496.82752 18.695 0.037
2497.85093 18.793 0.053
2498.85040 18.467 0.030
2500.78932 18.783 0.051
2501.93414 18.799 0.058
2502.75909 18.637 0.044
2511.77767 18.593 0.051
2516.90497 18.649 0.053
2517.90293 18.717 0.041
2518.87618 18.673 0.051
2519.74875 18.574 0.033
2521.76007 18.731 0.041
2524.69159 18.709 0.056
2529.72746 18.694 0.033
2535.77167 18.458 0.037
2537.79732 18.731 0.064
2538.88095 18.828 0.066
2539.77171 18.703 0.057
2540.82031 18.542 0.043
2541.78711 18.697 0.039
2542.75340 18.769 0.041
2544.73767 18.725 0.046
2545.76812 18.588 0.040
2547.76465 18.718 0.039
2548.78713 18.536 0.037
2550.78209 18.699 0.044
2551.77010 18.590 0.036
2552.78487 18.759 0.046
2553.72546 18.550 0.049
2554.77835 18.783 0.041
2555.78595 18.736 0.041
2556.76596 18.569 0.039
2557.78023 18.692 0.044
2558.73407 18.675 0.037
2559.69619 18.609 0.033
2560.72828 18.775 0.040
2561.76963 18.505 0.039
2562.74322 18.636 0.049
2563.75040 18.771 0.049
2564.77839 18.594 0.043
2565.76645 18.762 0.046
2566.74645 18.440 0.039
2571.72945 18.618 0.046
2573.73303 18.692 0.056
2574.72021 18.530 0.034
2576.76122 18.660 0.046
2577.72235 18.572 0.051
2578.69969 18.699 0.056
2579.71522 18.536 0.049
2580.60763 18.561 0.040
2583.71517 18.641 0.049
2584.70145 18.727 0.049
2587.68507 18.658 0.037
2588.69765 18.545 0.039
2589.69035 18.753 0.046
2590.70367 18.614 0.041
2591.72612 18.773 0.049
2593.73411 18.554 0.044
2594.68913 18.696 0.058
2596.66339 18.503 0.058
2598.54247 18.842 0.054
2599.69209 18.717 0.061
2609.55352 18.577 0.047
2611.60169 18.545 0.050
2614.52927 18.612 0.054
2618.60715 18.317 0.033
2622.57461 18.582 0.039
2627.55737 18.639 0.058
2630.57079 18.603 0.050
2636.59679 18.752 0.056
2637.54369 18.755 0.057
2640.56684 18.673 0.047
2643.58114 18.542 0.033
2649.57853 18.583 0.036
2652.56170 18.713 0.051
2655.57241 18.640 0.067
2659.53567 18.498 0.040
2662.55675 18.617 0.050
2666.55566 18.786 0.051
2670.56581 18.743 0.057
2674.57442 18.514 0.036
2677.56001 18.420 0.046
2680.56652 18.598 0.047
2683.57348 18.669 0.054
2804.78895 18.472 0.081
2805.92997 18.517 0.061
2812.94372 18.927 0.078
2813.94445 18.498 0.046
2816.91973 18.545 0.053
2819.91524 18.709 0.043
2829.89920 18.576 0.039
2831.89991 18.502 0.039
2832.86411 18.605 0.039
2833.94181 18.819 0.078
2835.93153 18.736 0.050
2836.93022 18.474 0.046
2841.88711 18.817 0.047
2843.91013 18.772 0.044
2844.94628 18.426 0.051
2848.88184 18.674 0.057
2851.85793 18.688 0.053
2852.89110 18.542 0.046
2854.90241 18.771 0.040
2857.93798 18.469 0.046
2859.89705 18.780 0.040
2861.82289 18.510 0.030
2862.83293 18.728 0.053
2863.90911 18.517 0.054
2865.75741 18.844 0.061
2866.75338 18.443 0.037
2868.84277 18.567 0.034
2869.92508 18.727 0.046
2872.81378 18.639 0.034
2877.82275 18.630 0.034
2879.84566 18.555 0.033
2884.79460 18.408 0.026
2886.80718 18.825 0.049
2890.75169 18.698 0.061
2893.82010 18.664 0.043
2895.75434 18.649 0.034
2897.78085 18.561 0.041
2900.77015 18.630 0.030
2903.82708 18.590 0.034
2906.77554 18.551 0.029
2908.75324 18.585 0.037
2910.74758 18.737 0.044
2912.75758 18.720 0.039
2916.76755 18.473 0.027
2918.74892 18.693 0.046
2922.74638 18.665 0.050
2924.74265 18.562 0.044
2926.67822 18.749 0.050
2929.73987 18.484 0.032
2931.71698 18.762 0.036
2933.72760 18.743 0.032
2935.69183 18.597 0.041
2939.61935 18.810 0.054
2942.69241 18.481 0.034
2944.64489 18.854 0.060
2946.65888 18.677 0.041
2947.69264 18.568 0.047
2949.67093 18.707 0.046
2950.62344 18.604 0.041
2951.70354 18.586 0.041
2953.65921 18.601 0.043
2955.63615 18.693 0.058
2957.65223 18.771 0.044
2958.64185 18.620 0.039
2960.66998 18.745 0.041
2961.61308 18.505 0.051
2966.62637 18.534 0.036
2970.57390 18.662 0.040
2972.61662 18.574 0.040
2974.55409 18.694 0.049
2976.58736 18.850 0.057
2978.53663 18.594 0.054
2980.62913 18.627 0.046
2983.54181 18.619 0.046
2986.55915 18.692 0.040
2989.58852 18.838 0.049
2994.53868 18.784 0.060
2998.57762 18.679 0.049
3002.57818 18.695 0.056
3005.56945 18.620 0.041
3008.57697 18.587 0.046
3011.58040 18.634 0.060
3015.59036 18.846 0.047
3017.59200 18.668 0.037
3020.56591 18.808 0.041
3022.59357 18.668 0.047
3024.59258 18.505 0.036
3026.56296 18.737 0.047
3028.56385 18.763 0.046
3030.57169 18.676 0.043
3032.58454 18.525 0.039
3035.54259 18.595 0.050
3038.57526 18.729 0.061
3180.93788 18.768 0.039
3184.92990 18.546 0.040
3194.87482 18.435 0.033
3196.93047 18.745 0.046
3202.91755 18.513 0.034
3204.88753 18.745 0.044
3206.90046 18.753 0.044
3211.81207 18.628 0.044
3216.80272 18.627 0.058
3217.91101 18.532 0.049
3224.84930 18.680 0.033
3228.82730 18.611 0.051
3230.80485 18.761 0.033
3238.83210 18.717 0.046
3239.87169 18.530 0.037
3241.73299 18.823 0.049
3242.80934 18.510 0.037
3245.85017 18.645 0.044
3246.84714 18.632 0.043
3248.75212 18.657 0.039
3250.81329 18.574 0.027
3253.76701 18.552 0.043
3256.75015 18.638 0.040
3258.75971 18.522 0.034
3260.75430 18.521 0.039
3262.76392 18.749 0.034
3264.71017 18.582 0.026
3266.78114 18.694 0.041
3268.71440 18.620 0.033
3270.78043 18.596 0.036
3271.74220 18.568 0.033
3273.70083 18.681 0.046
3275.69172 18.861 0.063
3276.78525 18.539 0.050
3278.66560 18.738 0.050
3280.69756 18.754 0.034
3282.69261 18.574 0.026
3286.65134 18.744 0.039
3288.66492 18.700 0.036
3291.64012 18.744 0.053
3294.65176 18.774 0.041
3296.61911 18.633 0.032
3298.62856 18.559 0.032
3300.62869 18.472 0.034
3302.60972 18.835 0.054
3305.70556 18.466 0.030
3307.62226 18.740 0.071
3309.64293 18.635 0.032
3311.59872 18.627 0.033
3315.63237 18.783 0.040
3321.51851 18.815 0.070
3324.60374 18.517 0.037
3329.57567 18.603 0.034
3334.59211 18.716 0.066
3336.59075 18.804 0.051
3350.59103 18.466 0.029
3355.60811 18.495 0.030
3360.60893 18.504 0.032
3369.59176 18.579 0.037
3372.62625 18.745 0.037
3379.58191 18.577 0.041
3387.57875 18.618 0.050
3395.58727 18.669 0.053
3403.56895 18.747 0.060
3527.94193 18.706 0.053
3544.94656 18.543 0.037
3547.93262 18.568 0.036
3552.89708 18.485 0.049
3558.95072 18.539 0.073
3562.94286 18.416 0.026
3569.85256 18.760 0.040
3570.89917 18.389 0.040
3571.89061 18.666 0.049
3573.93361 18.827 0.064
3575.89166 18.368 0.030
3577.92606 18.915 0.044
3579.89365 18.661 0.032
3582.88987 18.709 0.041
3585.86041 18.838 0.027
3590.85471 18.772 0.033
3591.89181 18.572 0.025
3592.84064 18.638 0.023
3596.86920 18.636 0.036
3603.80049 18.771 0.039
3608.84695 18.653 0.033
3615.86149 18.466 0.029
3618.86138 18.608 0.030
3620.86502 18.471 0.025
3622.82232 18.759 0.043
3625.80859 18.445 0.030
3628.71616 18.471 0.040
3630.72963 18.874 0.064
3632.75668 18.691 0.044
3634.66635 18.619 0.039
3638.73186 18.791 0.037
3640.71139 18.659 0.029
3644.73981 18.596 0.025
3646.74945 18.656 0.044
3650.76523 18.701 0.033
3652.71771 18.651 0.033
3654.72044 18.625 0.034
3656.76503 18.792 0.041
3658.72316 18.625 0.040
3659.73502 18.766 0.053
3661.68155 18.694 0.047
3664.75531 18.684 0.030
3666.75051 18.680 0.041
3668.70579 18.541 0.034
3670.68730 18.610 0.043
3672.65532 18.720 0.040
3674.77869 18.644 0.033
3676.68134 18.487 0.030
3682.65219 18.696 0.050
3684.67203 18.614 0.036
3686.63254 18.448 0.037
3688.60534 18.830 0.041
3690.63160 18.620 0.063
3693.61713 18.751 0.050
3695.61405 18.486 0.032
3697.56199 18.692 0.053
3699.60809 18.660 0.037
3701.63748 18.750 0.039
3703.64241 18.731 0.033
3705.52625 18.658 0.034
3707.55227 18.829 0.054
3712.67596 18.659 0.041
3714.54779 18.565 0.043
3716.53169 18.569 0.051
3720.59106 18.758 0.050
3724.63391 18.641 0.039
3726.63408 18.626 0.037
3731.56074 18.470 0.037
3736.56651 18.485 0.030
3741.55696 18.787 0.047
3745.56067 18.649 0.053
3755.55753 18.621 0.058
3760.56531 18.630 0.040
3764.57900 18.817 0.043
3769.54830 18.706 0.041
3774.52812 18.425 0.049
3778.54560 18.590 0.049
3903.92868 18.803 0.041
3909.92232 18.646 0.033
3915.94192 18.645 0.032
3920.91553 18.573 0.029
3933.85317 18.477 0.030
3935.84951 18.827 0.044
3937.88773 18.812 0.047
3945.82043 18.731 0.050
3950.87512 18.844 0.044
3957.84102 18.664 0.070
3959.83641 18.493 0.043
3961.81764 18.850 0.061
3964.82202 18.683 0.026
3966.81465 18.739 0.032
3968.80777 18.556 0.029
3970.79936 18.458 0.025
3973.77059 18.471 0.027
3975.78739 18.604 0.036
3980.71612 18.717 0.044
3981.71606 18.577 0.034
3982.78190 18.710 0.046
3986.75759 18.415 0.032
3991.66709 18.597 0.036
3994.71229 18.664 0.039
3998.83850 18.550 0.040
4001.70474 18.878 0.040
4003.66871 18.723 0.030
4005.74338 18.541 0.026
4008.66715 18.606 0.023
4011.69504 18.764 0.044
4014.70072 18.951 0.074
4016.67464 18.693 0.047
4018.67050 18.451 0.034
4020.70982 18.649 0.034
4023.65993 18.428 0.030
4025.70820 18.587 0.032
4027.64836 18.784 0.043
4029.63348 18.606 0.039
4031.61762 18.408 0.030
4036.67622 18.478 0.029
4038.64938 18.726 0.041
4040.58891 18.579 0.037
4042.65680 18.759 0.046
4045.54975 18.551 0.053
4047.61076 18.619 0.046
4049.62509 18.511 0.027
4051.63397 18.643 0.044
4053.57148 18.547 0.029
4055.57294 18.519 0.050
4060.55517 18.632 0.037
4064.59959 18.810 0.032
4066.57642 18.662 0.036
4069.57021 18.791 0.044
4072.52694 18.626 0.061
4075.54239 18.777 0.046
4077.57727 18.768 0.049
4079.60458 18.676 0.040
4083.53181 18.927 0.070
4087.62586 18.844 0.040
4096.61448 18.582 0.054
4100.56845 18.750 0.054
4107.58562 18.603 0.037
4108.59446 18.678 0.034
4113.62685 18.676 0.039
4119.58762 18.905 0.058
4120.61884 18.589 0.029
4122.61132 18.532 0.034
4127.59933 18.759 0.037
4253.92648 18.779 0.058
4258.88987 18.771 0.067
4273.94459 18.693 0.068
4278.87835 18.646 0.049
4279.88608 18.673 0.066
4282.86012 18.675 0.057
4283.78046 18.434 0.051
4284.93014 18.788 0.051
4289.90087 18.550 0.046
4292.93428 18.639 0.030
4295.92821 18.695 0.039
4297.84875 18.671 0.050
4298.88142 18.511 0.053
4299.92529 18.696 0.033
4300.94733 18.624 0.047
4302.84790 18.705 0.044
4303.85677 18.796 0.037
4307.79672 18.603 0.034
4308.72863 18.650 0.049
4310.90764 18.777 0.050
4312.82482 18.625 0.036
4314.83993 18.464 0.039
4316.89922 18.481 0.034
4320.79195 18.521 0.040
4326.91285 18.890 0.058
4328.90045 18.735 0.049
4329.91892 18.389 0.037
4330.84111 18.660 0.033
4332.92928 18.575 0.050
4336.83996 18.609 0.058
4339.90290 18.755 0.073
4340.82943 18.661 0.046
4342.89664 18.562 0.041
4344.82129 18.740 0.046
4346.79443 18.523 0.040
4348.77822 18.709 0.041
4350.75512 18.702 0.032
4353.71327 18.745 0.043
4355.77194 18.747 0.049
4358.71515 18.719 0.046
4361.73419 18.789 0.044
4363.69419 18.650 0.041
4367.70121 18.518 0.041
4371.70231 18.725 0.051
4376.72463 18.728 0.040
4378.69501 18.564 0.036
4379.72248 18.727 0.051
4381.68093 18.523 0.040
4383.70983 18.543 0.032
4387.65624 18.716 0.034
4391.55753 18.634 0.049
4392.62001 18.646 0.034
4394.67277 18.548 0.032
4396.71473 18.455 0.036
4399.62842 18.428 0.061
4402.70263 18.658 0.040
4406.62560 18.867 0.058
4409.66541 18.389 0.032
4412.65290 18.504 0.039
4417.70022 18.561 0.033
4420.67924 18.621 0.041
4422.69361 18.480 0.034
4425.56675 18.556 0.039
4427.65669 18.475 0.037
4429.61843 18.716 0.061
4431.60552 18.499 0.044
4433.61145 18.690 0.050
4435.59976 18.663 0.043
4437.67099 18.869 0.075
4439.58275 18.590 0.050
4441.61866 18.554 0.041
4443.62741 18.558 0.044
4451.61857 18.616 0.036
4453.60442 18.800 0.058
4455.61663 18.690 0.047
4456.61995 18.675 0.061
4457.61247 18.577 0.064
4460.59735 18.573 0.053
4463.57863 18.717 0.041
4465.60229 18.676 0.040
4468.60175 18.660 0.039
4469.58690 18.756 0.044
4472.57715 18.451 0.030
4475.60514 18.601 0.040
4475.64225 18.656 0.050
4480.62565 18.557 0.040
4482.63691 18.575 0.050
4485.63010 18.515 0.050
4488.63054 18.715 0.073
4490.59771 18.438 0.036
4492.62077 18.849 0.054
4640.90269 18.760 0.053
4647.93320 18.521 0.041
4651.92890 18.653 0.041
4655.84961 18.786 0.044
4662.87173 18.697 0.034
4663.82045 18.623 0.050
4665.89354 18.712 0.053
4671.92737 18.662 0.040
4674.82887 18.494 0.034
4677.89127 18.556 0.029
4682.88143 18.565 0.040
4684.90381 18.482 0.032
4686.86398 18.693 0.030
4688.87999 18.626 0.030
4690.80545 18.504 0.032
4691.80875 18.603 0.040
4694.84083 18.740 0.051
4696.92402 18.946 0.097
4697.79956 18.821 0.054
4699.82035 18.744 0.037
4700.85446 18.472 0.027
4701.88884 18.615 0.037
4703.82162 18.653 0.043
4704.83976 18.685 0.043
4707.85084 18.769 0.040
4709.79947 18.589 0.029
4715.80426 18.791 0.039
4717.75920 18.630 0.032
4720.73793 18.628 0.037
4724.70369 18.917 0.066
4726.69625 18.680 0.037
4729.75110 18.797 0.054
4729.76345 18.648 0.037
4730.75306 18.604 0.026
4733.76745 18.707 0.034
4740.72842 18.461 0.026
4747.66815 18.702 0.037
4749.62657 18.469 0.047
4753.71365 18.558 0.056
4756.70044 18.610 0.040
4758.66017 18.681 0.033
4760.64672 18.734 0.033
4762.63686 18.544 0.040
4768.59244 18.622 0.043
4771.58721 18.645 0.039
4772.65831 18.457 0.033
4775.54039 18.434 0.053
4776.60443 18.732 0.054
4778.60670 18.656 0.037
4780.64729 18.550 0.049
4782.57651 18.829 0.046
4783.63968 18.592 0.047
4786.55967 18.579 0.043
4790.52058 18.793 0.041
4792.60903 18.741 0.043
4794.57269 18.629 0.033
4796.64656 18.664 0.037
4797.62232 18.810 0.049
4799.60749 18.561 0.043
4801.58369 18.634 0.034
4803.56390 18.767 0.040
4805.56944 18.779 0.040
4807.58384 18.767 0.061
4809.60889 18.647 0.037
4812.52671 18.395 0.067
4814.58869 18.637 0.049
4816.59080 18.687 0.040
4818.53267 18.720 0.064
4820.59346 18.626 0.039
4823.63894 18.765 0.043
4826.64774 18.629 0.036
4833.60618 18.603 0.037
4835.62918 18.505 0.041
4837.62643 18.685 0.051
4841.61633 18.677 0.051
4843.61368 18.520 0.050
4846.61918 18.693 0.043
4849.62295 18.827 0.053
4854.61966 18.700 0.034
4863.55012 18.825 0.037
4866.57871 18.449 0.039
4870.55150 18.595 0.049
4871.54333 18.723 0.061
4873.56695 18.831 0.054
