2090.88084 19.004 0.097
2103.93377 19.315 0.067
2105.88549 19.228 0.080
2106.85009 19.209 0.084
2116.83405 19.688 0.108
2123.78089 19.564 0.121
2127.79399 19.496 0.153
2128.78877 19.448 0.127
2129.82019 19.385 0.090
2130.78727 19.204 0.077
2131.87574 19.275 0.098
2132.76867 19.397 0.128
2134.77232 19.478 0.133
2135.80524 19.449 0.101
2136.82148 19.260 0.093
2137.77956 19.150 0.088
2140.77337 19.628 0.115
2142.78684 19.630 0.130
2143.78181 19.426 0.083
2144.87411 19.357 0.077
2155.84177 19.272 0.111
2156.78837 19.609 0.119
2160.69750 19.249 0.096
2162.72426 19.283 0.081
2166.71870 19.519 0.106
2167.80205 19.226 0.077
2171.70354 19.575 0.107
2172.70917 19.589 0.109
2173.68979 19.563 0.093
2178.63622 19.446 0.120
2184.66379 19.326 0.110
2185.62785 19.338 0.095
2187.72228 19.313 0.120
2188.64317 19.449 0.137
2190.65421 19.239 0.066
2191.70315 19.430 0.086
2192.62819 19.244 0.057
2193.64619 19.090 0.056
2194.61768 19.662 0.123
2195.68348 19.614 0.088
2201.63111 19.243 0.071
2203.66754 19.544 0.094
2204.62368 19.394 0.115
2211.60529 19.418 0.125
2212.60582 19.416 0.100
2213.61408 19.444 0.127
2214.59947 19.394 0.110
2215.61391 19.206 0.100
2217.59892 19.214 0.091
2219.64357 19.626 0.155
2222.61243 19.379 0.124
2224.66823 19.193 0.070
2226.59970 19.567 0.157
2228.52401 19.538 0.138
2229.58227 19.575 0.116
2231.53376 19.351 0.117
2233.53856 19.516 0.128
2235.62390 19.553 0.077
2237.54338 19.461 0.130
2240.59899 19.147 0.078
2242.58083 19.576 0.124
2244.60245 19.505 0.099
2250.53287 19.516 0.136
2252.57399 19.318 0.088
2255.55901 19.255 0.085
2257.58822 19.108 0.063
2262.58060 19.579 0.110
2266.53553 19.734 0.199
2271.54229 19.202 0.080
2273.54535 19.201 0.119
2275.57840 19.640 0.153
2277.56273 19.434 0.089
2280.53044 19.223 0.188
2284.57087 19.462 0.104
2289.56457 19.283 0.080
2293.53669 19.558 0.162
2295.53632 19.283 0.110
2297.53787 19.201 0.119
2301.53507 19.423 0.157
2444.91440 19.489 0.128
2458.91372 19.469 0.110
2463.87733 19.430 0.090
2465.88981 19.165 0.076
2467.86379 19.499 0.117
2468.92702 19.550 0.100
2471.87147 19.269 0.080
2473.84901 19.337 0.077
2483.82133 19.347 0.085
2486.83694 19.419 0.129
2488.82851 19.237 0.118
2489.88505 19.132 0.081
2492.86656 19.592 0.129
2496.86599 19.236 0.066
2497.88844 19.140 0.076
2498.89200 19.348 0.071
2499.82243 19.454 0.095
2500.82685 19.417 0.101
2501.81685 19.392 0.084
2502.79661 19.353 0.086
2511.82051 19.256 0.089
2516.85461 19.432 0.118
2517.78275 19.421 0.091
2518.75708 19.230 0.086
2520.75408 19.112 0.063
2526.74064 19.344 0.057
2534.79879 19.351 0.097
2535.85493 19.329 0.108
2538.75363 19.442 0.104
2539.66681 19.392 0.098
2540.68395 19.455 0.150
2541.67227 19.231 0.077
2542.64835 19.221 0.077
2544.62517 19.551 0.098
2545.64238 19.597 0.100
2548.67464 19.443 0.093
2550.66940 19.231 0.076
2551.65610 19.089 0.064
2552.67217 19.699 0.101
2554.66554 19.430 0.073
2555.67333 19.435 0.086
2556.65243 19.443 0.103
2557.66468 19.357 0.063
2558.62155 19.291 0.106
2559.57745 19.595 0.138
2560.61128 19.685 0.137
2561.63699 19.613 0.191
2562.62956 19.495 0.103
2563.63758 19.425 0.152
2564.65318 19.313 0.097
2565.63888 19.329 0.081
2566.62622 19.238 0.087
2568.62895 19.601 0.152
2571.61379 19.546 0.182
2573.61458 19.245 0.117
2573.62263 19.360 0.113
2574.60686 19.317 0.109
2575.62419 19.061 0.068
2577.59156 19.549 0.149
2578.58933 19.556 0.148
2579.60064 19.496 0.104
2583.58399 19.459 0.109
2584.59182 19.641 0.157
2587.57098 19.412 0.109
2588.59910 19.344 0.093
2589.55618 19.326 0.099
2590.57560 19.003 0.090
2591.57686 19.371 0.098
2593.56688 19.370 0.087
2594.57123 19.771 0.163
2596.54640 19.259 0.101
2597.53472 19.302 0.096
2598.58179 19.202 0.077
2599.56400 19.348 0.137
2606.64871 19.252 0.098
2609.59165 19.424 0.100
2611.56180 19.371 0.143
2614.56715 19.164 0.077
2618.56037 19.349 0.099
2620.55820 19.437 0.129
2623.56580 19.331 0.115
2626.55739 19.751 0.167
2632.53057 19.676 0.168
2636.52567 19.431 0.227
2638.55951 19.385 0.150
2641.54982 19.471 0.117
2645.55940 19.585 0.114
2650.55192 19.479 0.116
2653.56149 19.179 0.107
2659.57506 19.666 0.139
2667.56117 19.415 0.120
2671.53037 19.094 0.099
2673.52733 19.614 0.226
2675.54284 19.657 0.166
2681.55189 19.413 0.123
2777.86616 19.317 0.126
2804.90906 19.349 0.170
2809.93222 19.549 0.124
2813.91772 19.322 0.089
2817.89015 19.692 0.162
2820.94072 19.237 0.093
2829.93943 19.271 0.085
2831.74138 19.482 0.150
2831.93762 19.138 0.079
2832.88267 19.464 0.093
2833.79803 19.356 0.132
2835.91218 19.364 0.096
2837.83413 19.508 0.183
2838.85475 19.458 0.144
2839.84646 19.221 0.126
2844.83584 19.291 0.063
2845.83216 19.211 0.083
2848.91885 19.356 0.117
2850.85033 19.437 0.104
2851.89493 19.396 0.093
2852.92811 19.334 0.110
2853.90580 19.259 0.088
2856.77874 19.525 0.135
2858.87294 19.482 0.089
2859.93396 19.571 0.109
2860.83811 19.318 0.077
2861.70720 19.286 0.074
2862.81454 19.183 0.087
2863.79721 19.816 0.214
2865.87051 19.536 0.109
2866.82953 19.684 0.154
2867.76555 19.388 0.067
2869.81097 19.208 0.068
2875.76078 19.243 0.089
2877.76107 19.242 0.065
2883.78807 19.373 0.059
2885.72320 19.147 0.075
2888.77140 19.508 0.081
2892.75785 19.261 0.119
2894.76645 19.206 0.086
2896.76788 19.499 0.084
2898.78418 19.445 0.077
2900.70836 19.250 0.064
2902.70917 19.445 0.084
2905.71625 19.418 0.079
2907.71293 19.374 0.069
2909.70466 19.179 0.050
2911.69776 19.553 0.065
2915.66940 19.241 0.068
2917.69483 19.179 0.053
2921.68995 19.458 0.105
2923.70634 19.261 0.080
2925.67758 19.141 0.068
2927.67512 19.551 0.113
2930.69295 19.316 0.073
2932.69575 19.195 0.068
2934.67419 19.446 0.080
2937.59976 19.476 0.111
2940.59658 19.127 0.049
2942.59660 19.608 0.093
2944.55253 19.390 0.113
2946.54404 19.337 0.104
2947.56610 19.323 0.096
2951.59186 19.528 0.155
2952.61891 19.373 0.099
2954.64609 19.592 0.150
2956.59203 19.155 0.057
2958.57678 19.384 0.088
2961.53105 19.437 0.145
2964.56802 19.030 0.085
2966.57069 19.592 0.089
2969.60757 19.324 0.084
2971.62119 19.332 0.091
2973.60900 19.124 0.067
2975.58335 19.534 0.095
2977.57592 19.504 0.157
2979.54195 19.256 0.108
2981.58673 19.402 0.157
2985.64101 19.389 0.108
2987.53862 19.249 0.090
2990.56263 19.695 0.108
2992.53234 19.367 0.133
2995.57659 19.280 0.053
2998.53384 19.535 0.170
3001.53589 19.381 0.118
3004.52731 19.366 0.207
3007.53504 19.616 0.130
3010.53428 19.337 0.119
3016.55147 19.236 0.095
3019.55527 19.253 0.067
3021.57875 19.247 0.065
3023.53313 19.727 0.189
3025.53046 19.303 0.138
3027.56665 19.399 0.115
3029.53028 19.313 0.158
3031.53343 19.542 0.128
3033.54564 19.314 0.078
3035.57901 19.300 0.085
3133.90911 19.826 0.169
3160.82145 19.296 0.107
3175.93232 19.563 0.080
3182.93651 19.548 0.068
3185.92638 19.320 0.066
3191.93276 19.566 0.091
3195.90210 19.294 0.074
3197.87771 19.344 0.088
3199.91118 19.679 0.153
3203.83987 19.269 0.064
3204.90586 19.250 0.076
3206.94305 19.483 0.129
3210.85688 19.389 0.080
3211.92148 19.418 0.087
3216.68469 19.428 0.129
3218.80115 19.261 0.114
3226.78692 19.364 0.095
3229.79200 19.622 0.095
3231.74634 19.675 0.149
3238.91030 19.407 0.096
3240.73460 19.449 0.098
3242.67727 19.211 0.081
3243.80993 19.259 0.097
3244.79094 19.161 0.084
3245.73645 19.464 0.090
3246.72894 19.425 0.105
3247.72406 19.553 0.129
3248.77046 19.388 0.087
3250.77364 19.295 0.067
3256.71185 19.380 0.079
3258.67647 19.257 0.084
3262.69880 19.481 0.056
3264.65447 19.320 0.058
3266.72547 19.237 0.071
3268.65521 19.559 0.076
3270.62892 19.347 0.103
3271.62666 19.481 0.093
3272.67618 19.434 0.111
3274.66579 19.355 0.085
3276.65817 19.614 0.121
3277.65961 19.693 0.199
3278.70774 19.447 0.173
3280.65636 19.316 0.060
3282.64690 19.146 0.036
3288.62783 19.233 0.064
3292.60215 19.655 0.095
3295.57788 19.398 0.053
3297.55950 19.135 0.064
3299.61645 19.554 0.074
3301.59043 19.603 0.136
3303.65270 19.336 0.089
3306.58358 19.258 0.065
3308.57320 19.746 0.155
3310.57224 19.323 0.098
3312.57449 19.261 0.081
3315.59502 19.487 0.077
3320.55830 19.045 0.080
3321.56030 19.209 0.077
3324.58460 19.370 0.077
3329.53805 19.093 0.077
3334.52849 19.507 0.157
3336.55006 19.339 0.089
3349.55839 19.533 0.074
3352.59417 19.352 0.080
3362.54610 19.216 0.098
3367.57580 19.374 0.095
3372.52708 19.458 0.180
3378.55367 19.167 0.073
3385.55266 19.285 0.100
3389.55143 19.185 0.085
3397.56473 19.394 0.154
3400.55153 19.615 0.156
3544.92774 19.361 0.080
3552.93373 19.249 0.095
3561.90143 19.321 0.061
3564.86865 19.458 0.080
3569.88720 19.140 0.060
3570.70251 19.593 0.167
3572.93425 19.653 0.142
3574.84077 19.640 0.115
3576.82330 19.319 0.100
3577.85889 19.325 0.078
3578.85739 19.155 0.058
3580.91757 19.571 0.095
3581.80391 19.604 0.085
3582.78685 19.507 0.096
3583.80092 19.406 0.093
3585.82851 19.184 0.044
3589.79670 19.391 0.069
3591.81097 19.349 0.058
3593.84993 19.246 0.075
3596.72883 19.392 0.093
3601.76898 19.140 0.059
3603.83716 19.389 0.083
3608.77825 19.269 0.058
3615.79286 19.416 0.069
3618.79016 19.365 0.070
3620.82192 19.497 0.078
3622.77363 19.337 0.077
3626.67369 19.555 0.109
3629.70017 19.329 0.115
3631.70674 19.450 0.140
3633.64649 19.623 0.158
3636.73690 19.442 0.091
3638.67488 19.281 0.089
3641.65942 19.636 0.093
3643.68401 19.453 0.118
3646.61165 19.361 0.090
3649.60361 19.725 0.090
3650.61329 19.312 0.073
3651.69240 19.584 0.090
3653.65877 19.335 0.069
3655.65424 19.225 0.071
3657.58705 19.635 0.130
3658.58864 19.857 0.160
3659.60264 19.427 0.104
3660.64217 19.308 0.090
3664.66122 19.195 0.050
3666.68475 19.811 0.104
3669.63786 19.400 0.127
3671.58320 18.963 0.069
3673.62703 19.399 0.117
3675.62153 19.592 0.085
3681.57268 19.450 0.124
3683.60267 19.523 0.086
3685.59946 19.315 0.068
3687.60450 19.290 0.081
3689.55763 19.671 0.105
3692.52918 19.349 0.084
3694.52643 19.005 0.089
3696.51872 19.441 0.084
3698.51468 19.199 0.143
3700.53566 19.593 0.117
3702.54157 19.244 0.108
3704.58660 19.108 0.075
3706.54890 19.443 0.076
3708.54233 19.646 0.135
3711.54976 19.238 0.085
3713.57213 19.698 0.111
3719.54305 19.172 0.084
3722.55118 19.702 0.130
3725.59184 19.372 0.058
3727.55455 19.054 0.081
3732.59947 19.519 0.105
3740.54053 19.544 0.100
3745.53382 19.657 0.198
3749.53579 19.351 0.170
3760.53689 19.101 0.087
3765.52519 19.309 0.097
3771.54360 19.535 0.119
3775.54848 19.243 0.100
3780.53101 19.826 0.162
3870.88581 19.526 0.169
3871.84165 19.707 0.205
3900.93011 19.377 0.079
3904.94367 19.141 0.065
3912.94381 19.275 0.068
3917.91294 19.385 0.067
3921.89571 19.648 0.142
3931.86684 19.498 0.096
3933.89363 19.367 0.061
3935.88997 19.423 0.079
3937.85079 19.558 0.123
3944.86502 19.102 0.063
3946.82988 19.507 0.068
3951.85173 19.205 0.058
3955.81313 19.373 0.129
3958.79471 19.226 0.079
3960.79473 19.565 0.080
3963.79148 19.372 0.083
3965.78331 19.297 0.045
3967.79708 19.193 0.044
3969.76899 19.542 0.067
3971.74451 19.349 0.068
3974.74669 19.149 0.067
3979.70215 19.369 0.076
3980.58476 19.317 0.104
3981.60901 19.303 0.063
3983.87047 19.157 0.077
3987.74999 19.265 0.090
3990.75728 19.194 0.060
3993.68506 19.551 0.113
3993.70713 19.519 0.091
3995.70484 19.501 0.059
3999.71221 19.354 0.057
4002.68939 19.350 0.054
4004.64105 19.354 0.078
4006.66747 19.157 0.100
4007.66026 19.694 0.089
4008.53946 19.461 0.081
4009.64855 19.840 0.138
4013.66392 19.072 0.090
4015.64368 19.467 0.148
4017.66250 19.321 0.073
4019.65147 19.337 0.086
4021.64488 19.328 0.066
4024.61827 19.485 0.078
4026.59721 19.443 0.081
4028.59300 19.322 0.061
4030.60224 19.378 0.067
4032.63881 19.735 0.134
4037.56734 19.140 0.087
4039.57189 19.615 0.091
4041.56398 19.655 0.125
4043.55584 19.488 0.103
4046.52944 19.591 0.099
4048.53238 19.561 0.153
4050.55381 19.562 0.089
4052.52617 19.180 0.068
4054.58073 19.268 0.091
4056.55267 19.315 0.093
4059.51428 19.154 0.080
4061.53152 19.411 0.079
4065.56691 19.641 0.085
4067.52727 19.415 0.090
4069.55133 19.151 0.076
4072.60860 19.420 0.094
4076.61109 19.142 0.081
4078.56968 19.128 0.060
4080.58168 19.399 0.093
4087.56366 19.594 0.099
4093.58317 19.177 0.060
4099.57877 19.304 0.091
4103.60566 19.734 0.160
4111.55777 19.469 0.076
4124.55258 19.593 0.101
4132.55467 19.178 0.120
4252.89377 19.191 0.105
4255.80794 19.530 0.183
4273.89396 19.560 0.153
4278.91677 19.146 0.075
4279.86923 19.530 0.160
4282.77597 19.509 0.136
4283.89293 19.183 0.098
4285.88619 19.201 0.087
4289.94264 19.400 0.090
4291.90667 19.487 0.117
4293.87474 19.185 0.065
4296.85894 19.474 0.069
4297.89173 19.448 0.076
4299.82684 19.302 0.064
4300.84816 19.253 0.066
4301.86627 19.169 0.044
4302.88241 19.225 0.070
4303.90684 19.442 0.079
4306.82307 19.449 0.103
4307.86611 19.355 0.064
4308.62776 19.650 0.121
4308.78234 19.137 0.065
4310.80632 19.374 0.113
4311.79450 19.345 0.142
4312.86887 19.590 0.080
4316.79570 19.138 0.085
4319.82498 19.559 0.099
4326.80108 19.540 0.099
4327.78036 19.490 0.128
4328.79612 19.330 0.103
4329.88172 19.424 0.121
4331.86252 19.507 0.101
4333.89681 19.266 0.084
4338.86505 19.634 0.168
4340.73675 19.214 0.090
4341.73287 19.434 0.115
4342.75708 19.656 0.130
4343.72618 19.570 0.094
4345.75429 19.502 0.094
4347.74319 19.286 0.061
4349.73488 19.293 0.068
4351.69301 19.414 0.099
4354.72370 19.269 0.081
4356.72613 19.168 0.077
4358.75602 19.610 0.126
4361.68390 19.294 0.083
4363.58682 19.429 0.138
4364.71041 19.081 0.090
4367.66310 19.361 0.108
4371.62869 19.149 0.081
4373.64704 19.568 0.096
4377.71874 19.417 0.073
4379.61046 19.189 0.103
4380.70629 19.143 0.067
4382.65040 19.476 0.101
4384.68155 19.695 0.130
4387.69563 19.276 0.063
4390.63542 19.521 0.083
4392.65960 19.436 0.074
4395.64100 19.184 0.096
4400.61113 19.586 0.137
4403.62021 19.118 0.083
4408.62327 19.299 0.077
4411.63588 19.159 0.069
4416.65072 19.355 0.078
4421.65357 19.301 0.091
4424.57352 19.469 0.109
4426.61203 19.372 0.113
4428.55102 19.567 0.162
4430.58955 19.614 0.146
4432.63353 19.442 0.104
4434.60244 19.351 0.087
4436.57879 19.431 0.086
4438.60131 19.385 0.109
4440.57485 19.385 0.104
4441.56387 19.158 0.081
4443.52333 19.063 0.095
4450.55378 19.426 0.108
4453.54578 19.577 0.127
4456.54731 19.452 0.128
4463.55922 19.566 0.134
4466.54335 19.253 0.089
4476.54019 19.342 0.104
4479.57291 19.413 0.127
4483.56668 19.284 0.096
4486.58665 19.310 0.142
4492.58410 19.099 0.085
4609.85514 19.231 0.104
4630.93314 19.502 0.105
4638.92010 19.153 0.078
4645.94089 19.460 0.107
4652.89499 19.253 0.105
4658.85719 19.176 0.108
4661.87623 19.707 0.121
4662.72318 19.271 0.093
4663.71273 19.401 0.127
4664.72561 19.171 0.128
4665.78589 19.232 0.099
4666.87370 19.304 0.101
4670.86797 19.541 0.103
4671.80023 19.550 0.115
4672.84221 19.269 0.076
4675.84858 19.214 0.079
4681.83957 19.271 0.063
4683.81274 19.278 0.088
4685.82084 19.440 0.095
4687.85638 19.494 0.085
4689.72972 19.141 0.070
4690.69735 19.425 0.084
4691.70038 19.566 0.157
4693.85549 19.456 0.130
4696.77709 19.301 0.109
4698.71722 19.298 0.069
4700.74862 19.677 0.089
4701.70290 19.454 0.076
4701.75381 19.418 0.073
4702.81383 19.406 0.083
4703.71311 19.408 0.084
4704.73207 19.250 0.068
4705.73928 19.272 0.065
4708.80012 19.573 0.079
4710.71382 19.429 0.068
4716.71690 19.636 0.085
4719.70974 19.656 0.193
4721.68032 19.173 0.089
4725.68562 19.362 0.089
4728.70725 19.165 0.076
4734.69287 19.340 0.070
4743.66750 19.365 0.080
4748.65736 19.441 0.086
4750.65910 19.411 0.105
4750.69029 19.449 0.140
4754.61597 19.570 0.105
4756.62528 19.607 0.110
4758.60573 19.447 0.074
4760.56122 19.226 0.080
4760.59239 19.279 0.090
4761.59360 19.244 0.056
4762.56877 19.655 0.113
4762.68032 19.144 0.063
4763.60205 19.440 0.091
4766.56526 19.084 0.090
4769.60294 19.201 0.097
4771.64834 19.663 0.093
4773.61936 19.493 0.081
4775.62293 19.266 0.091
4777.55642 19.484 0.117
4779.55770 19.504 0.110
4781.54580 19.298 0.091
4782.61643 19.411 0.107
4783.52605 19.252 0.093
4785.56007 19.437 0.124
4786.60006 19.635 0.127
4788.57434 19.516 0.085
4790.55657 19.275 0.063
4792.53245 19.269 0.081
4794.53625 19.555 0.093
4796.60598 19.501 0.077
4798.55186 19.208 0.081
4800.57158 19.266 0.075
4802.57761 19.330 0.083
4804.54511 19.607 0.158
4808.56768 19.139 0.088
4810.57360 19.368 0.086
4813.53526 19.316 0.117
4815.52624 19.556 0.229
4817.55142 19.064 0.068
4819.54538 19.532 0.110
4820.58827 19.502 0.101
4821.60638 19.467 0.084
4822.57622 19.444 0.090
4822.63308 19.461 0.097
4823.54962 19.315 0.078
4823.57151 19.262 0.068
4824.54165 19.074 0.085
4824.64036 19.379 0.098
4825.59214 19.401 0.098
4826.59727 19.256 0.085
4832.55056 19.148 0.075
4834.57564 19.237 0.093
4837.56690 19.150 0.117
4841.53268 19.332 0.165
4843.53738 19.585 0.152
4845.53493 19.767 0.186
4846.54228 19.440 0.108
4848.58285 19.220 0.071
4849.56793 19.254 0.079
4853.56554 19.568 0.108
4856.54652 19.379 0.095
4865.53296 19.073 0.087
4937.90575 19.546 0.103
4940.90696 19.351 0.104
4947.91283 19.505 0.113
4948.90971 19.510 0.107
4949.91032 19.273 0.100
4950.91875 19.228 0.085
4951.90056 19.256 0.147
4953.88509 19.440 0.107
