 626.92513 19.232 0.066
 627.89082 19.090 0.063
 631.90630 19.372 0.082
 632.90105 19.123 0.071
 635.87697 19.043 0.058
 643.84632 19.234 0.080
 645.87247 19.308 0.078
 647.83027 19.293 0.117
 649.83516 19.078 0.089
 656.88767 19.215 0.054
 657.89152 19.196 0.079
 658.90027 19.370 0.102
 665.86731 19.130 0.054
 666.86939 19.207 0.054
 667.88840 19.043 0.051
 668.85921 19.321 0.055
 670.82486 19.409 0.073
 671.84731 19.187 0.037
 672.85227 19.412 0.047
 673.76532 19.084 0.044
 684.78025 19.044 0.055
 685.78076 19.190 0.067
 686.73683 19.246 0.063
 687.89812 19.236 0.059
 688.86602 19.102 0.054
 689.73259 19.171 0.045
 697.69842 19.046 0.054
 698.71369 19.320 0.087
 699.72450 19.333 0.053
 700.70957 18.985 0.043
 701.68124 19.150 0.054
 704.67579 19.238 0.080
 706.67417 18.942 0.088
 706.76866 19.161 0.091
 707.70473 19.274 0.078
 708.70221 19.011 0.086
 712.70255 19.256 0.078
 713.71679 19.215 0.052
 714.73331 19.019 0.038
 715.77417 19.158 0.055
 716.75671 19.364 0.054
 720.66372 19.383 0.087
 726.72384 19.363 0.055
 728.71695 19.134 0.049
 729.66133 19.374 0.066
 730.61269 18.997 0.070
 733.67231 18.918 0.068
 739.69450 19.055 0.058
 741.65807 19.050 0.060
 742.65190 19.295 0.064
 744.62039 19.111 0.062
 745.66029 19.329 0.064
 746.60510 19.170 0.059
 747.56288 19.301 0.102
 748.55954 19.362 0.109
 749.56596 19.119 0.119
 751.57032 19.163 0.081
 752.77409 19.337 0.069
 753.71383 19.205 0.061
 754.74535 19.344 0.103
 755.56904 19.228 0.073
 759.57167 19.226 0.056
 760.57602 18.994 0.049
 761.57125 19.401 0.071
 762.56924 19.186 0.079
 762.69952 19.245 0.085
 762.77792 19.218 0.097
 763.58824 19.082 0.081
 763.73248 19.239 0.077
 765.55161 19.294 0.106
 766.58854 18.978 0.078
 766.65507 18.899 0.074
 767.56296 19.454 0.143
 767.71660 18.923 0.096
 769.54787 19.361 0.073
 770.64414 19.369 0.086
 771.62035 19.127 0.055
 772.54838 19.509 0.094
 773.57100 19.097 0.059
 774.64082 19.241 0.069
 775.59369 19.499 0.084
 776.67467 19.345 0.096
 777.59162 19.141 0.063
 778.56476 19.188 0.104
 778.65627 19.263 0.092
 779.62413 19.239 0.097
 780.71802 19.154 0.087
 781.60050 19.273 0.070
 782.59815 19.098 0.078
 783.57788 19.329 0.062
 784.61749 19.446 0.087
 785.58837 19.136 0.065
 786.59306 19.292 0.062
 787.67345 19.330 0.066
 787.75926 19.335 0.083
 788.60508 19.035 0.060
 790.55507 18.965 0.065
 795.56687 19.427 0.083
 796.61645 18.919 0.063
 797.68693 19.006 0.058
 798.60436 19.137 0.055
 800.60225 19.427 0.068
 802.58277 19.243 0.076
 805.58882 19.207 0.080
 806.59960 19.401 0.122
 817.62705 19.421 0.073
 819.66817 19.219 0.054
 820.66714 19.278 0.070
 822.58710 19.224 0.062
 823.66440 19.368 0.081
 824.61251 18.872 0.067
 824.67533 19.213 0.096
 825.68570 19.419 0.143
 828.64575 19.331 0.083
 829.61234 19.065 0.069
 832.61925 19.116 0.061
 833.63938 19.311 0.064
 834.65356 19.191 0.083
 836.58693 19.132 0.083
 838.56004 19.303 0.101
 840.57550 19.198 0.083
 845.58117 19.056 0.057
 855.55531 19.119 0.095
 856.54318 19.067 0.078
 859.54283 18.961 0.062
 860.57514 19.201 0.087
 866.56246 19.495 0.109
 876.53100 19.059 0.060
 962.91170 19.385 0.094
 986.87797 19.004 0.058
 987.89028 19.447 0.095
 991.90417 19.183 0.066
 996.87035 19.131 0.038
 998.87759 19.256 0.083
1003.80875 19.170 0.096
1005.83418 19.439 0.133
1008.86735 19.181 0.088
1020.83022 19.304 0.068
1025.80986 19.373 0.096
1035.78474 19.112 0.058
1037.81196 19.319 0.085
1038.91102 19.042 0.083
1041.88143 19.150 0.057
1045.78256 19.066 0.053
1049.80297 18.928 0.047
1052.81333 19.117 0.067
1055.68308 19.416 0.074
1058.83490 19.297 0.083
1059.81375 19.209 0.079
1064.75691 19.136 0.075
1068.74875 19.021 0.052
1071.77674 19.117 0.056
1075.79385 19.271 0.064
1078.71564 19.149 0.054
1080.66168 19.384 0.077
1083.75401 19.542 0.073
1086.60453 19.236 0.077
1090.68764 19.436 0.093
1092.68771 19.093 0.068
1094.68387 19.150 0.050
1102.65246 19.155 0.065
1107.62080 19.109 0.050
1112.72697 19.172 0.064
1117.60240 19.099 0.061
1122.61395 19.141 0.070
1128.56254 19.224 0.089
1132.59293 19.175 0.067
1135.66157 19.223 0.060
1138.61437 19.161 0.059
1140.64678 19.382 0.072
1144.64978 19.098 0.071
1151.58424 19.372 0.079
1154.60382 19.304 0.083
1157.64958 19.153 0.080
1160.64107 19.129 0.084
1163.72301 19.273 0.072
1166.69003 18.849 0.045
1170.61896 19.374 0.070
1175.68009 19.207 0.090
1179.67779 19.381 0.108
1183.68666 19.074 0.074
1186.68049 19.019 0.049
1189.56905 19.358 0.070
1192.61364 19.248 0.069
1202.56023 19.151 0.079
1206.56386 19.178 0.093
1212.55540 19.070 0.093
1216.56146 19.220 0.098
1220.55765 19.370 0.088
1227.55327 19.334 0.090
1233.54081 19.434 0.133
1329.80226 19.532 0.146
1330.91241 19.117 0.093
1335.85758 19.469 0.135
1340.93345 19.133 0.071
1347.91477 19.207 0.080
1355.90368 19.087 0.084
1365.90457 19.307 0.083
1367.88211 19.357 0.117
1369.86978 19.233 0.086
1374.86870 19.172 0.069
1395.83429 19.226 0.078
1397.85764 19.233 0.075
1401.87131 19.360 0.068
1407.87860 19.367 0.084
1412.77657 19.271 0.079
1418.81665 19.144 0.060
1430.71064 19.366 0.085
1432.77553 19.176 0.054
1438.72842 19.102 0.053
1441.83548 19.003 0.048
1447.69193 19.168 0.093
1451.65799 19.286 0.074
1454.63223 19.368 0.085
1459.67780 19.239 0.088
1461.65264 19.081 0.069
1462.71101 19.067 0.056
1470.59984 19.070 0.079
1475.62391 19.027 0.078
1478.57252 19.084 0.079
1479.58870 19.425 0.099
1484.58793 19.146 0.073
1487.61497 19.197 0.067
1490.65068 19.322 0.083
1492.55344 18.974 0.079
1495.60276 18.954 0.053
1498.56864 19.522 0.114
1502.59181 19.255 0.081
1505.65891 19.332 0.094
1509.56984 19.351 0.075
1512.67199 19.236 0.090
1516.57169 19.182 0.057
1518.64162 19.509 0.105
1520.66948 19.148 0.076
1523.58682 19.172 0.117
1526.56973 19.450 0.077
1531.67702 19.018 0.065
1546.59314 19.209 0.062
1551.55618 19.510 0.079
1556.59694 19.176 0.090
1571.58777 19.393 0.078
1576.57662 19.291 0.098
1582.58732 19.137 0.070
1585.56116 19.046 0.076
1589.56303 19.429 0.107
1599.54298 19.048 0.089
1602.53279 19.105 0.097
1607.52690 19.160 0.095
1702.89746 19.303 0.100
1703.93938 19.196 0.083
1716.90537 19.555 0.121
1728.89683 19.145 0.072
1731.88342 19.080 0.048
1740.87204 19.110 0.086
1742.87364 19.188 0.083
1743.86988 19.498 0.117
1744.88894 19.414 0.106
1749.83934 19.260 0.054
1750.86580 19.225 0.079
1751.82307 19.238 0.060
1752.83886 19.333 0.080
1753.83993 19.021 0.066
1754.81212 19.309 0.073
1756.86112 19.042 0.119
1757.81054 19.366 0.116
1758.81514 19.197 0.079
1759.80500 19.182 0.057
1761.84441 19.295 0.074
1762.82677 19.544 0.102
1763.83245 19.452 0.071
1764.82219 19.211 0.054
1765.81837 19.698 0.129
1768.78262 19.336 0.101
1769.69149 19.035 0.083
1771.78479 19.342 0.124
1772.80469 19.150 0.062
1773.77194 19.326 0.078
1775.85578 19.132 0.057
1784.84012 19.069 0.074
1788.74347 19.258 0.078
1803.79760 19.309 0.077
1808.80648 19.072 0.055
1811.78967 18.998 0.045
1814.83649 18.959 0.048
1817.80237 19.445 0.072
1823.76177 19.296 0.051
1828.84823 19.259 0.084
1829.77301 19.333 0.084
1845.72833 19.374 0.063
1845.78868 19.406 0.076
1847.79669 19.247 0.069
1848.61573 19.119 0.063
1848.72547 19.209 0.078
1851.60702 19.135 0.081
1854.59680 19.032 0.067
1854.65111 18.961 0.054
1854.77907 19.339 0.068
1859.74305 19.501 0.095
1860.73914 18.920 0.078
1863.57627 19.426 0.086
1863.72672 19.075 0.077
1866.57911 19.305 0.061
1869.66665 19.269 0.060
1869.72364 18.958 0.068
1871.78748 19.104 0.057
1872.56726 19.166 0.073
2090.91009 19.023 0.080
2105.90800 19.325 0.072
2106.87266 19.310 0.085
2113.85299 19.280 0.090
2116.85618 19.342 0.072
2123.80297 19.109 0.074
2128.81086 19.006 0.080
2129.84280 19.198 0.072
2130.86743 19.470 0.091
2131.86068 19.252 0.096
2132.79103 19.233 0.099
2133.87969 19.188 0.103
2134.79477 19.212 0.093
2135.82746 19.558 0.119
2136.84778 19.199 0.084
2137.80614 19.193 0.082
2140.79640 19.032 0.071
2141.83120 19.359 0.122
2142.77289 18.941 0.054
2143.80368 19.260 0.071
2144.85414 19.305 0.071
2155.86384 19.309 0.136
2156.81048 19.037 0.072
2160.73544 19.257 0.086
2162.74635 19.213 0.056
2166.74094 19.109 0.056
2167.78710 19.116 0.063
2172.73134 19.089 0.064
2173.71189 19.380 0.071
2184.68608 19.460 0.119
2185.65000 19.173 0.081
2187.70741 19.443 0.114
2188.66540 19.009 0.083
2190.67644 19.244 0.071
2191.68606 18.993 0.063
2192.64916 19.315 0.058
2193.67027 19.117 0.051
2194.63842 19.137 0.066
2200.61595 19.596 0.109
2203.70948 19.352 0.069
2211.62702 19.440 0.106
2212.62802 19.196 0.079
2213.63641 19.153 0.100
2214.62061 19.460 0.124
2215.63505 19.090 0.073
2217.62205 19.233 0.109
2219.66450 19.134 0.076
2224.69973 19.035 0.080
2226.62028 19.086 0.089
2228.54454 19.256 0.109
2229.60277 19.055 0.069
2231.55444 19.045 0.073
2233.59868 19.382 0.083
2235.64469 19.171 0.058
2238.53331 19.487 0.119
2242.60493 19.245 0.086
2244.62312 19.374 0.092
2248.58593 19.103 0.047
2250.55334 19.107 0.076
2252.61082 19.240 0.082
2255.58892 19.383 0.091
2257.61062 19.024 0.056
2262.60125 19.090 0.069
2266.59068 19.461 0.137
2272.56828 19.300 0.085
2274.55389 19.341 0.112
2277.58892 19.179 0.067
2283.58576 19.264 0.083
2290.58486 19.048 0.069
2292.59103 19.212 0.092
2294.59425 19.430 0.119
2296.56044 19.166 0.124
2298.57107 19.306 0.116
2300.56983 19.200 0.108
2303.55335 19.052 0.102
2445.89533 19.153 0.086
2458.93668 19.047 0.071
2463.90033 19.083 0.072
2465.91302 19.349 0.074
2467.88584 19.400 0.087
2469.88549 19.135 0.064
2470.91979 19.472 0.071
2471.93106 19.127 0.065
2473.87102 19.171 0.066
2483.84343 19.257 0.067
2486.86091 19.284 0.101
2489.90749 19.330 0.094
2492.88857 19.765 0.149
2496.88818 19.087 0.063
2497.91163 19.323 0.080
2498.91446 19.245 0.064
2499.84456 19.267 0.076
2500.84903 19.268 0.075
2501.83897 19.106 0.056
2502.81878 19.242 0.077
2503.83427 19.249 0.071
2516.76148 19.361 0.110
2517.80830 19.219 0.076
2518.77925 19.349 0.084
2519.85808 19.260 0.073
2520.77627 19.079 0.061
2521.84748 19.198 0.064
2524.84526 19.303 0.102
2526.76283 19.231 0.054
2534.81965 19.157 0.071
2535.83984 19.053 0.082
2537.68720 19.493 0.142
2538.78082 19.267 0.082
2539.68780 19.134 0.076
2540.70622 19.362 0.110
2541.69971 19.184 0.070
2542.66949 19.219 0.067
2544.64730 19.112 0.055
2545.66323 19.359 0.071
2547.68109 19.083 0.070
2548.69676 19.372 0.080
2550.69171 19.155 0.066
2551.67838 19.291 0.066
2552.69454 19.201 0.057
2554.68773 19.274 0.068
2555.69568 19.198 0.064
2556.67458 19.155 0.062
2557.68715 19.245 0.056
2558.64365 19.114 0.066
2560.63358 19.130 0.066
2561.65921 18.916 0.088
2563.65986 19.002 0.058
2564.67544 18.969 0.062
2565.66216 19.302 0.071
2566.64713 18.991 0.063
2568.67851 19.383 0.126
2571.63025 19.205 0.121
2572.72748 19.197 0.099
2573.64449 19.243 0.096
2574.62836 19.056 0.068
2577.61401 19.111 0.095
2578.61232 19.238 0.090
2579.62174 19.234 0.079
2580.63378 19.079 0.057
2583.60516 19.310 0.115
2584.61266 19.280 0.105
2587.59333 19.146 0.073
2588.62222 18.927 0.072
2589.58330 19.433 0.094
2590.59808 19.188 0.105
2591.59927 19.074 0.069
2593.58985 19.115 0.059
2594.59361 19.275 0.108
2596.56978 19.320 0.099
2597.55711 18.980 0.098
2598.61003 19.354 0.083
2599.58916 19.152 0.110
2607.61006 19.090 0.092
2613.52250 19.187 0.083
2615.55430 19.164 0.083
2619.53377 19.445 0.136
2621.55047 19.175 0.076
2623.59837 19.351 0.105
2626.54194 19.132 0.077
2629.54831 19.039 0.092
2635.54939 19.185 0.061
2639.52982 19.309 0.144
2641.57557 19.295 0.080
2646.53843 19.081 0.118
2650.57394 19.382 0.103
2654.54115 19.561 0.144
2656.58920 19.285 0.099
2660.53494 19.369 0.124
2664.55981 19.231 0.108
2669.53697 19.317 0.082
2673.54946 19.147 0.107
2675.56536 19.155 0.076
2678.56568 19.591 0.166
2682.52558 19.538 0.169
2777.88803 19.176 0.111
2804.89401 19.280 0.126
2810.92639 19.400 0.098
2814.92392 19.015 0.063
2817.91192 18.975 0.073
2825.88767 19.051 0.078
2830.92616 19.150 0.112
2831.76639 19.237 0.105
2832.73188 19.007 0.075
2833.84995 19.303 0.119
2834.85851 19.352 0.110
2837.85589 19.220 0.120
2839.89164 19.236 0.063
2841.87235 19.137 0.066
2844.85760 18.969 0.045
2848.94059 19.107 0.108
2850.87371 19.157 0.072
2851.91699 19.293 0.076
2852.78762 19.445 0.102
2853.92751 19.031 0.065
2856.80067 19.407 0.120
2858.89473 19.303 0.065
2860.86080 19.187 0.071
2861.73177 19.226 0.059
2862.91078 19.511 0.116
2863.81986 19.217 0.099
2865.85378 19.226 0.064
2866.86652 19.144 0.087
2867.84748 19.299 0.073
2868.79121 19.064 0.057
2870.80087 19.242 0.061
2872.75829 19.312 0.060
2876.76105 19.101 0.061
2877.78292 19.168 0.063
2879.79168 19.078 0.048
2883.81007 19.468 0.066
2885.74524 19.197 0.078
2888.79350 19.211 0.096
2892.78511 19.331 0.105
2894.75139 19.221 0.073
2896.74854 19.069 0.055
2898.76941 19.105 0.066
2900.73139 19.194 0.054
2902.73093 19.366 0.063
2905.73811 19.339 0.072
2907.73935 19.239 0.063
2909.72834 19.174 0.048
2911.71984 19.232 0.049
2915.69121 19.283 0.068
2917.71718 19.142 0.052
2921.71511 19.318 0.077
2923.73640 19.062 0.062
2925.69997 19.100 0.056
2927.69736 19.255 0.082
2930.71526 19.336 0.077
2932.72162 19.227 0.072
2934.70172 19.099 0.057
2937.62225 19.412 0.096
2939.71583 19.160 0.068
2940.61885 19.334 0.055
2941.61245 19.196 0.060
2942.61866 19.217 0.058
2943.57103 19.197 0.083
2944.57446 19.182 0.064
2945.59127 19.226 0.099
2947.58805 19.081 0.072
2949.58220 19.115 0.071
2951.61395 19.381 0.100
2952.64135 19.167 0.082
2954.66790 19.343 0.106
2956.61395 19.268 0.056
2965.60785 19.299 0.056
2968.57894 19.170 0.081
2970.59828 19.459 0.083
2972.58243 19.220 0.068
2974.57676 19.243 0.080
2976.53267 19.110 0.083
2977.59969 19.098 0.090
2979.56399 19.078 0.090
2981.60903 19.269 0.133
2987.63272 19.312 0.081
2989.55500 19.420 0.095
2992.55823 19.233 0.090
2995.59964 19.395 0.063
2998.55764 19.398 0.114
3001.55893 19.113 0.069
3004.55089 19.147 0.077
3007.55700 19.095 0.062
3010.55612 19.079 0.066
3016.57326 19.159 0.083
3019.58670 19.083 0.075
3021.60065 19.208 0.054
3023.55595 19.170 0.072
3025.55494 19.484 0.098
3027.58859 19.142 0.064
3029.56051 19.124 0.071
3031.56487 19.249 0.090
3033.56735 19.181 0.069
3036.58455 19.461 0.121
3040.54757 18.995 0.078
3160.84505 19.376 0.133
3183.89699 19.093 0.065
3193.86473 19.349 0.094
3195.92374 19.213 0.082
3197.89929 19.198 0.078
3201.85677 19.244 0.065
3203.86390 19.060 0.046
3204.92753 19.244 0.071
3210.87855 19.215 0.068
3211.90679 19.111 0.066
3215.68528 19.146 0.111
3216.70653 19.376 0.130
3217.78252 19.262 0.089
3223.82008 19.208 0.086
3226.80861 19.226 0.080
3229.81768 19.280 0.067
3231.76832 19.258 0.102
3239.77787 19.294 0.072
3240.76722 19.064 0.078
3241.83643 19.082 0.070
3242.69892 19.289 0.090
3243.83156 19.243 0.082
3244.81264 19.105 0.087
3245.75808 19.159 0.076
3246.75436 19.252 0.086
3247.74572 19.358 0.104
3249.71282 19.246 0.084
3251.72558 19.283 0.061
3254.71290 19.185 0.072
3256.77877 19.400 0.080
3258.69860 19.228 0.093
3260.68892 18.954 0.073
3262.72487 19.177 0.047
3264.67657 19.269 0.054
3266.74757 19.065 0.061
3268.68089 19.153 0.052
3270.66121 19.128 0.073
3271.64869 19.316 0.094
3272.70551 19.221 0.064
3274.68765 19.245 0.089
3276.69652 19.226 0.078
3277.72935 19.387 0.120
3279.66195 19.201 0.065
3281.62139 19.211 0.057
3283.62718 19.159 0.044
3287.59327 19.024 0.067
3289.60426 19.211 0.068
3293.58126 19.530 0.082
3295.59999 19.166 0.041
3297.58128 19.157 0.054
3299.63817 19.248 0.067
3301.61228 19.183 0.093
3303.67445 19.157 0.087
3306.60707 19.134 0.048
3308.59491 19.412 0.109
3310.59407 19.146 0.084
3312.59635 19.159 0.071
3314.54873 18.979 0.089
3320.58649 19.199 0.062
3321.58216 19.306 0.074
3323.53008 19.397 0.091
3327.54124 19.184 0.082
3330.53521 19.210 0.083
3335.57624 19.287 0.088
3338.58325 19.210 0.062
3349.58037 19.310 0.051
3353.55769 19.276 0.095
3360.56630 19.096 0.065
3363.53817 19.105 0.090
3367.60135 19.131 0.064
3375.53435 19.084 0.073
3378.57990 18.955 0.054
3386.54625 19.244 0.058
3390.55470 19.408 0.122
3398.54167 19.243 0.073
3402.52976 18.923 0.062
3538.93856 19.157 0.086
3547.89990 19.409 0.086
3554.90809 19.017 0.065
3561.87424 19.256 0.048
3561.92727 19.382 0.057
3564.89061 19.210 0.052
3569.91269 19.310 0.076
3570.72619 19.232 0.111
3571.78297 19.564 0.176
3573.81967 18.751 0.058
3574.86613 19.086 0.068
3577.82470 19.440 0.086
3578.88284 19.096 0.054
3581.82925 19.084 0.060
3582.81363 19.280 0.081
3583.82250 18.965 0.054
3584.79415 19.324 0.063
3586.79257 19.228 0.045
3588.79654 19.339 0.058
3591.85806 19.340 0.053
3593.83222 19.344 0.074
3596.80589 19.195 0.072
3601.79430 19.271 0.073
3607.77166 19.285 0.054
3614.76952 19.168 0.039
3617.74651 19.354 0.063
3619.67790 18.963 0.054
3621.70490 19.089 0.057
3624.80645 19.252 0.077
3626.70184 19.207 0.065
3633.67956 19.271 0.097
3636.76261 19.232 0.090
3638.65607 19.315 0.083
3641.68511 19.302 0.062
3643.70581 19.293 0.065
3646.63906 19.063 0.059
3650.64388 19.503 0.087
3651.71787 19.148 0.054
3653.68904 19.302 0.067
3655.68024 19.044 0.054
3657.60866 19.128 0.064
3658.63539 19.283 0.082
3659.62684 19.249 0.093
3661.59572 19.462 0.139
3663.58245 19.175 0.095
3665.59910 19.130 0.056
3668.55707 19.220 0.069
3669.65953 19.283 0.083
3671.61233 19.167 0.072
3673.66246 19.380 0.102
3675.64324 19.326 0.064
3683.63260 19.410 0.083
3685.63402 19.003 0.056
3687.63237 19.056 0.059
3689.58462 19.085 0.063
3692.55525 19.268 0.081
3694.54860 19.291 0.089
3696.54042 19.365 0.065
3698.58252 19.255 0.093
3700.56169 18.955 0.060
3702.56885 19.323 0.098
3704.57073 19.076 0.065
3706.57950 19.081 0.053
3708.56846 19.261 0.084
3711.57511 19.161 0.081
3713.59761 19.387 0.073
3717.56553 19.144 0.109
3721.52975 19.198 0.123
3724.53483 19.275 0.079
3726.53127 19.320 0.091
3728.53776 18.986 0.058
3734.54892 18.988 0.055
3740.56227 19.225 0.061
3746.54302 19.291 0.114
3750.54078 18.883 0.092
3761.59090 19.076 0.062
3765.55701 19.426 0.058
3771.56896 19.477 0.099
3776.52837 19.552 0.138
3780.55263 19.363 0.136
3871.86521 19.069 0.103
3901.92772 19.134 0.075
3905.94615 19.066 0.076
3913.90506 18.968 0.046
3917.94205 19.433 0.082
3931.88828 19.068 0.071
3933.93310 19.263 0.077
3936.85487 19.327 0.067
3938.83886 19.241 0.080
3944.88659 19.490 0.089
3946.85113 19.093 0.052
3951.87362 19.172 0.054
3955.83444 19.507 0.120
3958.81586 19.395 0.111
3960.81594 19.278 0.060
3963.81265 19.162 0.092
3965.80458 19.053 0.034
3967.82426 19.116 0.043
3969.79011 19.264 0.058
3971.76579 19.267 0.055
3974.76796 19.300 0.074
3979.72338 19.464 0.079
3980.60600 19.040 0.076
3981.63304 19.377 0.067
3983.90269 19.389 0.090
3987.77123 19.092 0.054
3990.77917 19.120 0.053
3993.72205 19.296 0.079
3995.72778 19.167 0.055
3999.73798 19.353 0.058
4002.71067 19.167 0.043
4004.66239 19.282 0.058
4006.68871 19.158 0.050
4007.55006 19.100 0.063
4008.56094 19.307 0.060
4009.68670 19.272 0.074
4013.68728 19.292 0.082
4015.66974 19.188 0.102
4017.71873 19.206 0.065
4018.72333 19.493 0.092
4019.67369 19.051 0.073
4021.66628 19.106 0.047
4024.63964 19.141 0.062
4026.61865 19.178 0.058
4028.61442 19.526 0.066
4030.62517 19.180 0.055
4032.67872 19.256 0.083
4037.63895 19.223 0.057
4039.59322 19.276 0.062
4041.58551 19.136 0.075
4043.57842 18.938 0.068
4046.57126 19.004 0.070
4048.55363 19.201 0.083
4050.59594 19.341 0.070
4052.54779 19.395 0.076
4054.60212 19.099 0.065
4056.57413 19.422 0.095
4058.57564 19.462 0.099
4061.57114 19.229 0.060
4065.52070 19.097 0.064
4068.52078 18.980 0.060
4070.53937 19.309 0.083
4073.56525 19.261 0.130
4076.63242 18.996 0.083
4078.59239 19.306 0.064
4080.60305 19.264 0.077
4085.55057 19.354 0.101
4092.54551 19.160 0.053
4096.55705 19.100 0.062
4099.60018 19.298 0.102
4104.59104 19.162 0.102
4111.57898 19.249 0.054
4120.53602 19.182 0.081
4126.56584 19.087 0.072
4252.91504 19.293 0.099
4255.83078 19.232 0.110
4268.94343 19.271 0.081
4275.91090 19.181 0.110
4279.78859 19.205 0.129
4282.79923 19.121 0.083
4283.88259 19.216 0.105
4283.93743 19.189 0.087
4285.90638 19.238 0.085
4291.92691 19.196 0.084
4293.89496 19.234 0.057
4296.87949 19.168 0.057
4297.91208 19.123 0.054
4299.84710 19.007 0.043
4300.86848 19.204 0.060
4301.88655 19.287 0.052
4302.90252 19.253 0.082
4306.85020 19.319 0.078
4307.88646 19.166 0.049
4308.64802 19.191 0.079
4308.85444 19.161 0.065
4310.82807 19.151 0.084
4311.81546 19.436 0.140
4312.88931 19.208 0.057
4314.90865 19.326 0.087
4316.81566 19.287 0.089
4319.84760 19.326 0.079
4320.91142 19.414 0.100
4326.82365 19.095 0.065
4327.80175 19.131 0.097
4328.81738 19.325 0.094
4329.82065 19.008 0.067
4330.91672 19.052 0.060
4333.88232 19.080 0.066
4338.88634 19.084 0.084
4340.75806 19.188 0.079
4341.75414 19.410 0.114
4342.77846 19.097 0.082
4343.74746 19.199 0.069
4344.72968 19.474 0.088
4345.77565 19.165 0.072
4347.76456 19.256 0.060
4349.77777 19.250 0.066
4351.71434 19.064 0.075
4354.74497 18.983 0.066
4356.74805 19.218 0.081
4357.68550 19.372 0.076
4359.68348 19.052 0.074
4363.60821 19.227 0.097
4365.72319 19.209 0.110
4369.63777 19.161 0.107
4372.66120 19.073 0.050
4377.74025 19.363 0.067
4379.63170 19.403 0.107
4380.72754 19.207 0.070
4382.67184 19.401 0.085
4386.64684 19.155 0.063
4388.64768 19.256 0.079
4390.65668 19.449 0.076
4392.68114 19.181 0.064
4395.66513 19.382 0.105
4397.70308 19.154 0.076
4400.65353 19.011 0.078
4403.64212 19.150 0.074
4407.61935 19.265 0.077
4408.64458 19.068 0.065
4410.72812 19.262 0.080
4412.68915 19.286 0.091
4416.67426 19.165 0.063
4418.68314 19.228 0.057
4421.61675 19.248 0.080
4423.69841 19.226 0.082
4425.62926 19.207 0.121
4427.64190 19.115 0.081
4429.55004 19.095 0.103
4431.55458 19.161 0.079
4433.56055 19.167 0.071
4435.54450 18.953 0.063
4437.62924 19.480 0.129
4439.54969 19.181 0.091
4441.58545 19.025 0.072
4443.61250 19.010 0.070
4449.63022 19.223 0.073
4451.58504 19.280 0.066
4453.56739 19.316 0.088
4456.56891 19.279 0.096
4458.56980 19.102 0.078
4464.56101 19.356 0.089
4472.55514 19.457 0.082
4475.57457 19.356 0.073
4478.58120 19.561 0.114
4481.56285 19.246 0.090
4484.56336 19.538 0.177
4486.61170 19.435 0.146
4502.56379 19.293 0.096
4609.87640 19.058 0.064
4638.94137 19.376 0.101
4643.86619 19.540 0.102
4648.93227 19.172 0.068
4652.92552 19.410 0.098
4656.90626 19.092 0.054
4662.76252 19.184 0.065
4663.73415 19.079 0.078
4665.80711 19.492 0.124
4666.89489 18.985 0.077
4670.88918 19.084 0.068
4671.87548 19.156 0.076
4672.86340 19.138 0.069
4675.86973 19.195 0.083
4681.86073 19.248 0.056
4685.84205 19.196 0.089
4687.87766 19.455 0.088
4688.79329 19.076 0.052
4689.75104 19.440 0.078
4690.71873 18.991 0.048
4691.72173 19.298 0.093
4693.87681 19.315 0.090
4696.82167 18.907 0.088
4698.73855 19.236 0.066
4700.76997 19.324 0.062
4701.72413 19.158 0.080
4701.77516 19.245 0.064
4702.83527 19.169 0.064
4703.73452 19.467 0.085
4704.75339 19.272 0.060
4705.76059 19.190 0.066
4707.75268 19.088 0.050
4708.82144 19.227 0.053
4710.73735 19.107 0.056
4716.73901 19.138 0.050
4719.73115 19.334 0.106
4721.71984 19.028 0.065
4725.70729 19.281 0.077
4728.73538 19.287 0.077
4731.74094 19.292 0.063
4734.72362 19.193 0.060
4738.77279 19.218 0.068
4740.65497 18.999 0.051
4741.68977 19.305 0.057
4743.72669 19.035 0.044
4747.56712 19.260 0.087
4749.57566 19.163 0.094
4750.68194 19.099 0.076
4753.63755 19.228 0.090
4753.64499 19.148 0.098
4755.63375 19.378 0.080
4756.59441 19.226 0.083
4756.76110 19.482 0.113
4757.62325 19.280 0.075
4757.75194 19.143 0.075
4758.57875 19.176 0.065
4758.72281 19.540 0.091
4759.63591 19.125 0.071
4759.73871 19.148 0.056
4760.55728 19.181 0.071
4760.69470 19.378 0.072
4761.60111 19.148 0.043
4761.70394 19.200 0.057
4762.54665 19.417 0.083
4763.61870 19.261 0.082
4766.58659 19.249 0.096
4769.62497 19.156 0.086
4771.66992 19.231 0.059
4773.66112 19.068 0.070
4775.64772 19.214 0.106
4777.57964 19.328 0.094
4779.60019 19.164 0.064
4781.56711 19.377 0.079
4783.54896 19.305 0.109
4785.58160 19.360 0.116
4786.63882 19.234 0.104
4788.59697 19.342 0.074
4790.59923 19.312 0.050
4792.57736 19.251 0.075
4794.55782 19.069 0.054
4796.62780 19.256 0.064
4798.57453 19.411 0.109
4800.62168 19.011 0.055
4802.59915 19.209 0.074
4804.62230 19.254 0.101
4806.60820 19.126 0.082
4808.52969 19.158 0.095
4810.59499 19.187 0.082
4813.58028 19.168 0.086
4815.55252 19.605 0.120
4817.57295 19.318 0.067
4819.56688 19.125 0.071
4821.65053 19.472 0.067
4824.55494 19.103 0.079
4826.60471 19.407 0.085
4832.57212 19.128 0.071
4834.59710 19.360 0.114
4837.58835 19.288 0.111
4841.56456 18.960 0.073
4843.55883 19.242 0.112
4845.55634 19.273 0.100
4846.56362 19.169 0.076
4848.60418 19.296 0.070
4850.59148 19.171 0.079
4854.57257 19.232 0.076
4862.55652 19.176 0.058
4866.55555 19.047 0.081
4949.92206 19.029 0.078
