2090.86042 18.894 0.072
2103.91463 18.961 0.044
2104.93320 19.189 0.057
2106.83106 19.123 0.068
2113.89653 19.099 0.081
2116.81506 18.780 0.046
2117.91592 19.061 0.061
2123.76226 19.039 0.075
2124.77939 19.036 0.107
2127.76264 19.312 0.107
2128.77003 18.885 0.071
2129.78088 19.224 0.064
2130.76793 19.147 0.070
2131.89433 19.002 0.083
2134.75361 19.050 0.072
2135.78652 19.073 0.064
2137.75987 18.780 0.060
2140.74401 19.202 0.096
2142.80505 19.210 0.072
2143.76019 18.923 0.054
2144.89488 18.782 0.049
2155.82083 19.086 0.091
2156.76966 18.847 0.068
2157.82309 19.392 0.120
2160.67833 18.862 0.058
2162.70540 18.991 0.048
2166.69810 18.985 0.064
2171.69014 18.762 0.045
2172.69053 19.085 0.065
2173.66951 18.869 0.049
2174.77818 19.106 0.047
2175.67306 18.848 0.062
2184.64495 19.346 0.120
2187.74085 19.083 0.083
2190.63529 18.785 0.043
2191.72720 19.163 0.066
2192.61074 18.772 0.040
2193.62892 19.164 0.062
2194.59782 18.889 0.058
2195.66486 19.176 0.066
2200.75942 19.299 0.065
2201.61341 19.212 0.066
2204.60456 19.088 0.070
2208.64869 19.227 0.083
2211.58390 18.848 0.068
2212.58771 19.105 0.074
2213.59527 18.866 0.075
2214.58181 19.257 0.093
2215.59635 18.853 0.061
2217.58181 18.923 0.079
2219.62125 19.021 0.078
2224.65115 18.844 0.055
2228.50692 18.863 0.107
2229.51245 19.102 0.111
2231.51652 19.262 0.127
2233.51891 19.162 0.095
2235.52141 19.096 0.068
2237.52588 19.101 0.095
2242.55720 18.967 0.063
2244.55299 19.066 0.081
2249.62809 18.988 0.053
2251.63374 18.987 0.071
2253.60949 19.156 0.076
2256.54965 19.234 0.116
2259.59033 19.249 0.086
2265.56217 19.158 0.065
2270.56809 19.231 0.119
2272.54675 18.989 0.067
2274.52774 19.001 0.157
2277.53973 18.924 0.075
2278.55000 19.178 0.114
2283.55530 18.843 0.079
2289.53466 18.943 0.076
2292.56984 18.947 0.074
2294.57245 18.795 0.060
2296.53868 18.804 0.104
2298.54375 18.785 0.087
2300.53402 18.893 0.100
2440.92353 18.880 0.068
2458.89045 19.093 0.068
2462.93797 19.119 0.090
2465.87098 18.965 0.068
2466.93249 19.021 0.091
2467.84495 18.834 0.056
2469.84450 19.045 0.062
2471.85279 18.888 0.056
2473.83024 18.975 0.064
2486.81560 18.873 0.075
2489.86627 19.464 0.123
2492.84777 19.026 0.081
2495.83567 18.788 0.062
2496.84613 19.174 0.059
2497.86968 18.818 0.055
2498.86942 19.137 0.068
2499.80368 18.890 0.057
2500.80812 19.207 0.074
2501.79806 18.834 0.047
2502.77789 19.149 0.070
2503.78724 18.815 0.045
2511.80174 19.069 0.071
2516.83489 18.958 0.070
2517.76345 19.097 0.068
2518.73833 18.799 0.046
2520.73528 18.832 0.045
2526.72157 18.991 0.043
2534.78106 19.203 0.074
2535.87373 18.941 0.072
2538.74104 19.132 0.089
2539.63193 18.807 0.078
2541.65422 18.856 0.058
2542.63081 19.248 0.086
2544.60624 19.191 0.074
2545.62363 18.942 0.063
2547.64133 19.066 0.098
2548.65064 19.130 0.075
2550.64592 19.211 0.090
2551.63706 19.059 0.063
2552.64137 18.962 0.055
2554.64664 18.744 0.043
2555.65435 19.254 0.074
2556.63292 18.803 0.056
2557.64575 19.084 0.046
2558.60277 18.773 0.059
2559.55860 18.914 0.071
2560.59247 18.804 0.071
2562.60958 18.985 0.073
2563.61863 19.200 0.078
2564.63346 19.001 0.078
2565.62126 19.121 0.068
2566.60862 18.946 0.073
2568.60892 19.014 0.091
2571.58800 18.929 0.104
2572.70515 19.113 0.089
2573.59548 18.852 0.084
2574.58935 19.103 0.084
2575.59575 18.795 0.061
2577.57287 18.871 0.085
2578.56113 19.018 0.081
2579.57963 18.881 0.058
2580.57078 19.177 0.090
2583.56623 18.803 0.060
2584.57427 19.378 0.125
2586.68409 18.835 0.056
2587.55185 19.021 0.076
2588.73770 18.857 0.063
2589.53698 19.018 0.077
2590.55644 19.051 0.098
2591.55780 19.036 0.075
2593.54762 19.245 0.108
2594.55199 18.831 0.065
2596.52749 18.760 0.079
2597.51581 19.147 0.088
2598.56173 18.943 0.061
2599.53923 19.195 0.093
2606.61063 19.004 0.069
2609.57272 18.920 0.063
2611.53930 18.821 0.078
2614.58585 19.108 0.057
2620.53921 19.255 0.084
2623.54265 19.079 0.087
2627.51941 19.215 0.363
2630.52782 18.862 0.109
2635.52649 19.126 0.083
2638.53438 18.956 0.090
2641.52467 19.066 0.226
2645.54193 18.877 0.060
2650.53282 19.023 0.121
2653.53955 18.851 0.080
2656.56764 19.004 0.095
2659.55760 19.147 0.081
2664.53035 18.686 0.120
2675.52556 18.941 0.096
2681.53322 18.910 0.074
2804.92872 18.843 0.084
2809.91379 19.118 0.081
2813.89275 19.212 0.089
2816.93815 18.919 0.071
2819.94171 18.963 0.062
2829.92103 18.910 0.056
2831.72288 18.950 0.106
2831.91925 18.884 0.058
2833.72572 18.801 0.069
2837.81567 19.071 0.120
2839.82635 18.916 0.061
2841.85042 19.089 0.068
2843.92876 19.130 0.077
2845.81379 19.138 0.078
2848.90035 19.040 0.078
2850.83192 18.926 0.063
2851.87646 19.165 0.101
2852.90968 18.960 0.075
2854.92494 19.065 0.061
2858.85451 19.078 0.059
2859.91545 18.795 0.047
2861.68857 19.192 0.065
2862.75962 19.031 0.090
2863.77837 18.765 0.074
2865.88881 18.978 0.094
2866.80681 19.278 0.101
2867.74719 18.833 0.048
2869.77386 18.884 0.050
2871.81445 19.060 0.059
2874.75170 19.128 0.085
2875.70461 19.041 0.067
2877.74267 19.007 0.054
2883.76954 19.117 0.046
2885.70459 19.012 0.060
2888.75225 18.949 0.057
2892.73897 19.009 0.111
2894.78487 19.091 0.076
2896.78621 19.043 0.061
2899.72795 18.745 0.045
2902.69062 19.157 0.068
2905.69766 18.898 0.053
2907.69463 18.882 0.053
2909.68552 18.982 0.047
2911.67930 18.967 0.045
2915.65098 18.998 0.058
2917.66646 19.059 0.061
2921.66655 19.048 0.077
2923.68759 19.161 0.069
2925.65894 19.156 0.081
2927.64905 19.200 0.077
2930.67409 19.137 0.079
2932.67728 19.074 0.058
2934.65541 19.101 0.063
2937.58062 18.912 0.077
2940.56124 19.161 0.064
2941.59031 18.835 0.043
2943.58574 18.875 0.066
2945.56927 18.823 0.081
2947.54767 18.895 0.074
2950.66042 18.899 0.058
2952.59624 19.098 0.065
2954.62241 18.823 0.080
2955.56163 19.122 0.091
2957.57515 19.093 0.062
2960.58539 18.900 0.070
2963.66158 19.292 0.109
2966.58878 18.895 0.048
2969.56228 19.276 0.087
2971.60252 18.874 0.057
2973.59000 18.802 0.046
2975.56371 18.761 0.048
2979.51940 18.962 0.167
2981.56767 19.000 0.110
2983.60409 19.003 0.078
2990.54095 18.901 0.073
2993.56463 19.069 0.057
2996.57197 18.876 0.051
2999.56612 19.179 0.069
3002.55482 19.029 0.091
3005.55039 18.951 0.069
3008.53431 19.018 0.088
3016.53288 19.103 0.116
3019.53077 19.245 0.177
3021.56018 19.086 0.054
3022.61149 18.777 0.056
3024.61137 18.865 0.052
3026.58063 18.838 0.057
3028.58161 19.073 0.069
3030.58963 18.900 0.052
3033.52727 19.086 0.096
3035.56049 19.229 0.081
3133.89053 19.032 0.083
3160.80292 19.012 0.090
3174.93383 18.892 0.044
3182.91822 19.018 0.047
3185.90795 19.076 0.061
3191.91016 18.867 0.052
3195.88332 18.825 0.050
3197.85935 18.863 0.059
3199.89025 18.849 0.067
3202.93655 18.947 0.064
3204.84617 19.238 0.080
3206.91896 19.014 0.079
3210.83178 18.826 0.042
3211.93965 19.248 0.095
3216.67256 18.912 0.084
3218.78274 18.823 0.089
3223.77317 19.479 0.113
3229.76915 18.840 0.048
3230.82734 19.164 0.055
3238.89169 18.920 0.058
3240.72550 19.131 0.068
3242.65880 19.118 0.090
3243.60526 18.950 0.089
3244.77263 18.891 0.065
3246.71070 19.041 0.076
3247.70544 19.096 0.085
3248.71448 18.735 0.047
3250.75385 18.836 0.050
3253.71030 19.199 0.064
3255.71918 19.292 0.080
3257.72535 19.098 0.053
3259.64489 19.126 0.069
3261.67251 19.154 0.056
3263.66591 19.313 0.051
3265.70016 18.839 0.042
3267.68499 18.867 0.050
3270.72144 19.097 0.072
3271.60812 18.873 0.055
3272.65349 19.159 0.067
3274.64028 19.116 0.085
3276.62652 19.139 0.097
3277.63644 19.140 0.099
3278.68933 19.035 0.094
3280.62746 19.199 0.059
3282.62838 19.202 0.045
3286.59160 19.049 0.068
3288.60935 18.896 0.054
3292.57947 19.170 0.073
3294.59616 18.754 0.048
3296.56258 18.970 0.049
3297.54076 19.293 0.089
3299.59805 19.290 0.055
3301.57025 19.137 0.100
3303.63274 18.648 0.055
3306.56517 19.371 0.113
3308.55056 19.191 0.100
3310.55380 18.907 0.068
3312.55591 19.166 0.079
3315.56293 18.950 0.054
3320.53575 18.970 0.067
3321.54151 18.953 0.080
3324.53491 18.989 0.083
3329.51923 19.104 0.077
3334.55344 19.105 0.068
3336.52512 18.793 0.068
3352.57556 19.021 0.055
3362.52712 18.981 0.082
3367.55717 19.238 0.076
3378.53519 19.090 0.094
3385.53410 19.067 0.101
3389.53295 19.188 0.092
3397.54620 19.407 0.127
3400.53295 19.116 0.104
3523.92224 18.851 0.067
3544.90585 18.905 0.057
3552.91547 19.074 0.088
3560.91956 19.173 0.052
3564.82853 19.162 0.063
3572.85128 18.813 0.066
3574.81261 18.795 0.055
3576.80034 18.708 0.046
3578.83531 18.825 0.039
3580.80627 18.849 0.066
3582.74191 18.838 0.047
3583.78244 19.020 0.063
3585.80621 19.191 0.040
3589.77794 19.095 0.055
3591.78379 19.178 0.050
3594.77958 19.090 0.053
3597.80973 18.921 0.054
3601.74321 18.923 0.055
3603.81885 18.927 0.049
3608.75598 19.074 0.041
3615.76914 19.290 0.059
3618.76895 18.967 0.048
3620.80329 18.913 0.037
3626.64914 18.886 0.056
3629.72492 18.759 0.058
3631.68128 18.748 0.068
3636.71846 19.252 0.069
3638.69316 19.086 0.057
3641.63257 18.852 0.055
3643.66550 19.071 0.075
3648.60163 19.207 0.072
3651.67018 19.267 0.054
3653.63648 19.181 0.063
3655.63191 19.229 0.062
3657.56855 19.249 0.091
3659.58397 19.455 0.128
3660.60266 18.855 0.064
3662.64921 19.111 0.096
3664.61812 19.037 0.040
3666.61647 19.108 0.050
3669.61540 18.791 0.055
3671.55649 19.021 0.075
3673.60829 19.166 0.082
3675.60301 19.050 0.050
3681.54992 19.005 0.087
3683.58032 19.067 0.060
3685.57692 19.143 0.061
3687.57940 19.149 0.066
3689.53521 19.191 0.063
3691.55220 19.177 0.077
3693.54038 19.247 0.101
3695.63991 19.306 0.065
3697.64035 18.900 0.071
3699.56104 19.494 0.087
3701.51890 19.195 0.101
3703.53804 18.867 0.060
3705.54373 18.829 0.035
3707.52948 18.778 0.063
3711.52292 18.840 0.090
3713.52483 19.103 0.090
3716.55492 19.376 0.123
3720.54332 18.712 0.065
3722.52891 18.781 0.092
3725.53768 19.083 0.051
3727.53205 19.183 0.088
3732.55315 19.077 0.064
3736.54376 19.063 0.064
3741.53432 19.080 0.115
3747.53511 18.778 0.083
3752.53284 18.956 0.100
3763.52490 19.086 0.098
3771.52095 18.867 0.126
3775.52643 19.019 0.091
3779.54101 18.946 0.111
3870.86230 18.848 0.088
3900.91174 19.026 0.065
3904.92534 18.762 0.039
3909.94438 19.095 0.062
3917.89454 18.986 0.052
3920.94156 19.183 0.053
3931.84476 19.071 0.073
3933.87534 19.094 0.047
3935.87171 19.028 0.048
3937.82837 19.099 0.079
3941.80159 19.045 0.058
3944.82209 18.897 0.053
3946.81061 18.883 0.036
3951.83254 19.136 0.054
3955.77974 19.374 0.135
3958.77520 19.011 0.063
3960.77670 19.154 0.055
3963.77340 19.010 0.054
3965.76521 18.949 0.034
3967.75529 18.896 0.036
3969.74912 18.919 0.039
3971.72610 19.100 0.048
3974.72868 19.166 0.054
3976.74116 18.909 0.040
3980.56397 19.262 0.108
3981.58356 19.153 0.070
3983.85239 19.359 0.083
3987.72320 19.146 0.067
3990.72059 18.861 0.046
3993.66623 19.262 0.087
3995.68325 18.874 0.037
3999.69361 18.791 0.036
4002.67132 19.229 0.053
4004.62293 19.118 0.058
4006.64265 19.174 0.050
4007.64205 19.030 0.055
4008.52125 19.125 0.062
4009.63048 19.137 0.077
4013.60931 19.021 0.081
4015.62180 19.198 0.104
4017.62897 19.144 0.062
4019.63059 19.081 0.060
4021.62666 19.147 0.054
4024.59833 18.929 0.042
4026.57888 18.983 0.052
4028.57478 19.121 0.057
4030.58072 18.977 0.048
4032.60646 19.277 0.076
4039.55373 18.838 0.050
4041.54581 18.989 0.084
4043.53747 18.815 0.070
4045.60380 18.997 0.073
4047.53176 18.989 0.062
4048.51425 19.290 0.090
4050.51263 19.130 0.069
4052.50803 18.963 0.084
4054.51530 18.854 0.062
4058.51868 18.678 0.065
4061.51327 19.000 0.093
4065.54850 19.261 0.058
4067.54517 19.002 0.066
4070.51741 18.974 0.095
4072.54431 19.034 0.080
4075.56095 19.141 0.091
4078.55142 19.283 0.074
4080.56326 19.239 0.068
4083.58545 18.914 0.070
4087.54545 19.091 0.071
4093.56276 19.147 0.057
4099.55741 19.111 0.071
4102.56331 19.138 0.088
4111.53965 18.906 0.051
4124.53392 18.716 0.072
4132.52863 19.058 0.109
4252.85384 19.066 0.118
4255.77815 18.992 0.113
4258.94178 19.114 0.107
4272.92590 18.822 0.070
4278.89966 18.968 0.056
4279.85220 19.088 0.102
4282.75474 18.956 0.074
4282.91895 18.999 0.067
4283.90994 18.776 0.066
4285.86929 18.906 0.057
4289.92572 18.875 0.060
4293.85040 18.878 0.050
4295.94957 19.105 0.095
4297.87475 19.080 0.068
4298.90660 19.093 0.079
4299.95054 19.062 0.105
4300.83095 19.209 0.062
4301.84918 19.070 0.038
4302.86532 18.787 0.050
4303.87413 19.080 0.053
4307.82932 19.158 0.053
4307.91984 19.103 0.045
4308.61038 19.089 0.080
4309.83951 19.132 0.063
4310.78879 18.785 0.062
4311.77713 19.143 0.119
4312.85029 18.976 0.059
4314.87042 19.072 0.085
4316.77298 18.942 0.073
4319.80635 19.009 0.057
4326.78336 19.032 0.064
4327.76223 18.825 0.066
4328.77806 19.072 0.097
4328.92222 19.303 0.103
4330.82303 19.178 0.063
4331.89891 19.203 0.091
4334.85100 18.978 0.057
4336.89691 18.842 0.080
4339.92077 19.154 0.091
4340.85157 18.846 0.062
4341.71468 19.024 0.080
4342.73901 18.873 0.064
4343.70811 19.093 0.053
4344.70803 18.747 0.047
4345.73594 19.022 0.077
4347.72509 19.183 0.052
4349.71668 19.071 0.044
4351.67445 19.102 0.054
4354.70557 18.907 0.048
4356.70363 19.021 0.063
4358.73762 19.047 0.069
4361.65298 19.067 0.077
4363.54723 19.219 0.108
4367.63115 18.947 0.071
4371.64704 18.975 0.069
4377.67956 19.067 0.058
4379.59219 18.969 0.070
4380.68514 18.796 0.044
4381.70269 19.096 0.066
4384.63171 18.864 0.058
4387.67744 19.132 0.054
4390.61731 18.915 0.058
4392.64150 18.979 0.045
4395.60216 19.170 0.065
4397.66332 18.803 0.057
4399.69728 18.787 0.075
4403.60178 18.858 0.053
4406.66054 19.122 0.083
4408.60511 19.163 0.061
4411.61760 19.069 0.068
4416.63186 18.889 0.045
4419.56978 19.157 0.080
4421.57564 19.137 0.069
4424.63247 18.974 0.060
4426.59345 18.977 0.078
4428.53269 18.882 0.083
4430.57114 19.048 0.072
4432.57912 19.003 0.060
4434.58407 19.169 0.063
4436.54929 19.133 0.076
4438.58214 19.116 0.062
4440.54116 19.046 0.073
4442.53584 19.104 0.088
4448.58310 18.910 0.065
4450.57154 18.782 0.067
4453.52602 19.091 0.140
4456.52884 19.096 0.139
4463.53999 19.237 0.084
4474.56321 18.921 0.076
4476.62661 19.195 0.059
4478.53608 19.212 0.096
4480.55487 19.346 0.098
4482.56735 18.796 0.069
4486.55025 18.786 0.073
4490.57866 18.945 0.061
4609.83697 19.179 0.100
4628.93157 19.141 0.061
4638.90119 18.938 0.058
4644.93571 19.022 0.053
4648.95165 19.113 0.149
4652.87679 19.242 0.076
4656.88484 19.181 0.084
4662.71937 19.223 0.086
4662.74103 19.249 0.100
4663.68704 18.891 0.066
4664.70730 19.108 0.101
4665.76779 18.987 0.086
4666.83606 18.960 0.094
4670.84984 18.876 0.071
4671.85404 18.982 0.069
4672.82412 18.814 0.045
4675.83055 19.101 0.058
4679.79543 19.016 0.067
4681.82142 19.157 0.046
4683.78156 19.214 0.066
4684.83113 19.113 0.053
4685.80277 18.939 0.058
4687.81428 18.727 0.040
4689.71150 18.967 0.057
4690.67917 19.116 0.075
4691.68167 18.882 0.073
4693.83719 19.010 0.073
4696.75902 19.292 0.109
4698.69905 19.224 0.069
4700.73042 19.256 0.055
4701.68479 18.867 0.045
4702.69754 19.162 0.058
4703.69495 18.975 0.059
4704.71388 19.107 0.055
4705.67667 18.940 0.053
4708.78200 18.852 0.048
4710.69492 18.746 0.034
4716.69872 18.970 0.060
4719.69115 19.068 0.091
4721.69818 19.240 0.090
4725.66704 18.825 0.059
4728.68705 19.056 0.063
4731.68542 18.925 0.051
4734.67165 19.246 0.062
4743.64724 19.025 0.054
4748.63925 18.925 0.049
4750.64086 18.792 0.064
4754.59780 18.907 0.076
4756.60705 18.966 0.068
4758.58753 18.907 0.054
4760.57429 19.102 0.065
4762.55058 19.047 0.062
4766.54717 19.122 0.091
4768.67839 19.087 0.063
4771.63007 18.953 0.050
4773.58055 18.954 0.052
4775.60507 19.009 0.062
4776.62433 19.082 0.111
4778.63478 18.766 0.048
4781.52753 19.112 0.082
4782.59786 18.805 0.055
4785.54193 19.349 0.105
4786.58176 18.831 0.071
4788.55617 18.996 0.056
4790.53824 18.953 0.048
4792.51400 19.081 0.088
4794.51772 19.079 0.087
4796.56705 19.009 0.053
4798.53361 19.122 0.082
4800.52753 18.973 0.071
4802.55569 19.281 0.076
4804.52243 19.083 0.118
4806.53193 19.100 0.094
4808.59400 19.131 0.081
4810.52429 19.236 0.135
4812.54413 19.297 0.127
4814.53380 19.063 0.087
4817.53330 19.129 0.076
4819.52722 19.018 0.118
4821.58346 19.242 0.061
4823.55335 19.155 0.063
4825.57368 19.079 0.070
4832.53026 18.992 0.178
4834.55726 19.091 0.087
4836.56519 19.084 0.086
4838.53792 19.241 0.103
4842.54306 18.992 0.088
4844.54375 19.208 0.082
4847.59873 19.336 0.102
4849.54957 19.105 0.082
4853.54710 19.195 0.087
4854.55039 18.780 0.051
4859.53565 19.235 0.113
4864.54731 19.139 0.078
