2174.70605 19.298 0.076
2177.71156 19.496 0.092
2194.72085 19.396 0.089
2203.62383 18.962 0.059
2212.71265 19.244 0.084
2217.70724 19.159 0.099
2227.55683 19.067 0.119
2228.62482 19.464 0.096
2239.55552 19.293 0.099
2464.91563 19.421 0.079
2466.90806 19.176 0.096
2470.89327 18.882 0.052
2496.82341 19.318 0.076
2497.84666 19.137 0.090
2498.84602 19.168 0.065
2501.93011 19.088 0.068
2502.90598 19.399 0.093
2516.89573 19.694 0.155
2517.89629 19.345 0.082
2518.87215 19.148 0.087
2519.78355 19.386 0.079
2520.86383 19.344 0.098
2521.75372 19.055 0.062
2524.77936 19.205 0.093
2535.76749 19.051 0.073
2538.87733 19.382 0.129
2539.76792 18.993 0.067
2540.81622 19.561 0.133
2541.78327 19.417 0.090
2542.74968 19.122 0.070
2544.73362 19.330 0.073
2545.74709 19.156 0.070
2547.76110 19.282 0.070
2548.78316 19.282 0.076
2550.77817 19.142 0.064
2551.76563 19.334 0.076
2552.78078 19.192 0.067
2553.72153 19.101 0.083
2554.77403 19.283 0.077
2555.78198 19.287 0.073
2556.76190 19.124 0.096
2557.77617 19.369 0.084
2558.72997 19.262 0.067
2559.69209 18.963 0.051
2560.72431 19.009 0.052
2561.76559 19.275 0.108
2562.73906 19.262 0.073
2563.74629 19.077 0.068
2565.76244 19.393 0.098
2566.73731 19.218 0.089
2573.72891 19.260 0.114
2574.71641 19.167 0.071
2576.75559 19.271 0.090
2577.71401 18.953 0.087
2578.69600 19.340 0.107
2579.70660 19.407 0.101
2580.72271 18.988 0.071
2583.71107 19.149 0.095
2584.69767 18.863 0.061
2587.68053 19.087 0.062
2589.68620 19.346 0.080
2590.69908 19.192 0.076
2593.67806 19.292 0.110
2596.65906 19.143 0.113
2597.64671 19.061 0.077
2599.68801 19.251 0.121
2614.56223 19.114 0.074
2629.57906 18.877 0.077
2804.82757 19.154 0.153
2805.92296 19.114 0.127
2843.90605 19.064 0.062
3228.82340 19.162 0.080
3239.86731 19.491 0.090
3244.74247 19.014 0.073
3296.61526 18.894 0.043
3298.62412 19.301 0.062
3300.62469 19.066 0.068
3329.57149 19.406 0.079
3341.63052 19.074 0.062
3552.89285 19.523 0.148
3558.94413 19.506 0.113
3562.93861 19.310 0.061
3568.93014 19.608 0.113
3570.88994 19.326 0.101
3571.87854 19.298 0.101
3573.92436 19.173 0.105
3575.88358 19.386 0.087
3579.88132 19.387 0.067
3582.77856 19.354 0.076
3589.86105 19.135 0.068
3590.89132 19.332 0.056
3592.83297 19.498 0.064
3594.89330 19.135 0.073
3603.78187 19.377 0.071
3607.87457 19.481 0.093
3617.83087 19.409 0.067
3619.80677 18.929 0.045
3621.80386 19.181 0.052
3621.84931 19.273 0.056
3625.80224 19.110 0.053
3628.75241 19.249 0.098
3630.71900 19.325 0.129
3632.75273 18.946 0.065
3634.66146 19.290 0.099
3637.73569 19.297 0.080
3640.70112 19.406 0.071
3642.69903 19.217 0.090
3644.73191 19.321 0.056
3646.74561 19.018 0.076
3650.76130 18.926 0.043
3652.70974 19.280 0.056
3654.68300 19.368 0.064
3656.75659 19.185 0.080
3657.76000 18.890 0.051
3659.72179 19.275 0.096
3661.64840 19.415 0.098
3664.71843 19.079 0.048
3666.71747 19.214 0.065
3668.70175 19.384 0.083
3670.68312 19.156 0.076
3672.64254 19.303 0.076
3674.77448 18.947 0.046
3676.66778 19.338 0.071
3682.64386 19.403 0.090
3684.66794 18.912 0.051
3686.62446 19.335 0.080
3688.59726 19.475 0.082
3693.60904 18.940 0.062
3695.60505 19.369 0.076
3697.59556 19.049 0.074
3699.59533 19.366 0.082
3701.62940 19.125 0.067
3703.63438 19.321 0.061
3705.64476 18.929 0.040
3707.61132 19.207 0.053
3712.67191 18.927 0.055
3715.61281 19.166 0.080
3717.59146 19.380 0.095
3720.62723 19.262 0.077
3724.59649 19.115 0.067
3726.61687 18.822 0.052
3731.55666 19.193 0.077
3735.59567 19.286 0.064
3739.55821 18.957 0.052
3743.57225 18.943 0.061
3748.57585 19.441 0.182
3753.57284 19.070 0.083
3759.57764 19.092 0.076
3763.56255 19.230 0.071
3769.54032 19.401 0.099
3773.56621 19.209 0.084
3778.54091 18.841 0.071
3903.92467 19.573 0.095
3908.94792 19.242 0.079
3915.93804 19.346 0.062
3920.90890 18.899 0.046
3933.84915 19.062 0.051
3935.84560 19.319 0.071
3937.88351 19.067 0.074
3945.85288 19.173 0.056
3950.87076 19.261 0.065
3957.82868 19.510 0.130
3959.83253 19.189 0.082
3961.81112 19.107 0.095
3964.81819 19.099 0.040
3966.81073 19.348 0.059
3968.80399 19.041 0.052
3970.79555 19.275 0.052
3973.76655 19.388 0.065
3975.77987 18.780 0.043
3980.71238 19.380 0.087
3981.71222 19.122 0.056
3982.77665 18.999 0.064
3986.75372 19.539 0.096
3989.85642 19.119 0.071
3991.79463 19.536 0.127
3994.70640 19.370 0.086
3998.83387 19.334 0.089
4001.70093 19.252 0.070
4003.66454 19.451 0.064
4005.73946 19.262 0.056
4007.63804 19.388 0.082
4008.66339 19.170 0.040
4011.69108 19.313 0.089
4014.68908 19.343 0.114
4016.67024 19.066 0.104
4018.66664 19.312 0.077
4020.70589 18.819 0.049
4023.65607 18.996 0.055
4025.70426 19.098 0.053
4027.64451 19.139 0.061
4029.62672 19.256 0.068
4031.61367 19.609 0.090
4036.67243 19.249 0.062
4038.64555 19.297 0.068
4040.58387 19.036 0.068
4042.65276 19.425 0.095
4047.60686 19.035 0.073
4049.57947 19.233 0.065
4051.62911 18.914 0.070
4053.60351 19.240 0.049
4055.56906 19.158 0.092
4057.57210 19.245 0.107
4060.55108 19.308 0.079
4064.59553 19.148 0.049
4066.55291 19.358 0.077
4068.62025 19.121 0.055
4071.58497 19.003 0.065
4073.59188 19.616 0.126
4075.63692 19.101 0.068
4077.60935 19.367 0.107
4079.59282 19.112 0.067
4083.56389 19.275 0.092
4087.62196 19.383 0.071
4095.58602 19.199 0.065
4100.56341 19.342 0.104
4105.64010 19.290 0.080
4107.58118 19.275 0.067
4108.62727 19.303 0.068
4112.58154 19.032 0.059
4119.58352 19.066 0.077
4120.61432 19.131 0.055
4122.60295 19.528 0.086
4127.59518 19.183 0.064
4253.92071 19.292 0.113
4255.94090 19.120 0.120
4258.92084 19.152 0.114
4273.94097 18.876 0.099
4279.77001 18.915 0.113
4282.85657 19.192 0.086
4283.82468 19.042 0.086
4284.92646 19.402 0.119
4289.89727 19.154 0.082
4292.93075 19.283 0.064
4295.92457 19.311 0.076
4297.84478 18.964 0.065
4298.87794 19.457 0.129
4299.92139 19.416 0.073
4300.94363 19.051 0.064
4302.84413 19.317 0.083
4303.85287 19.260 0.079
4307.79347 18.937 0.055
4308.72467 19.347 0.095
4308.93205 18.972 0.052
4310.90377 19.189 0.086
4314.83427 18.901 0.065
4316.89413 18.975 0.062
4320.83996 19.276 0.087
4326.90407 19.415 0.105
4327.92674 19.374 0.119
4328.89665 19.228 0.093
4329.91182 19.099 0.073
4331.89461 19.414 0.114
4333.92882 19.566 0.148
4336.89130 19.406 0.129
4339.89913 18.950 0.090
4340.88398 19.327 0.086
4342.85680 18.916 0.068
4344.81730 19.376 0.095
4346.79069 19.481 0.098
4348.77437 19.198 0.065
4350.75120 19.336 0.062
4353.70942 19.457 0.090
4355.76809 19.181 0.082
4358.71127 19.274 0.087
4362.71906 19.023 0.067
4363.72628 19.430 0.098
4365.71578 19.056 0.095
4369.74984 19.191 0.095
4370.70995 19.503 0.126
4373.72221 18.843 0.052
4376.71998 19.030 0.068
4378.68686 19.292 0.082
4379.71851 19.117 0.089
4381.67713 19.245 0.093
4383.70580 19.008 0.058
4386.73194 19.146 0.070
4388.73059 19.297 0.086
4391.55370 19.536 0.119
4394.64795 19.615 0.099
4396.71081 19.252 0.098
4398.71361 19.493 0.136
4402.69859 19.439 0.084
4404.71525 18.975 0.082
4409.70280 19.398 0.096
4412.64749 19.345 0.090
4415.73862 18.928 0.074
4417.68862 19.122 0.065
4420.67536 19.223 0.086
4423.66556 19.365 0.089
4426.54714 19.264 0.113
4428.60602 18.967 0.083
4430.62595 19.238 0.080
4432.61188 19.188 0.064
4434.65326 19.280 0.087
4436.62988 19.325 0.082
4438.63777 18.986 0.083
4440.64362 19.371 0.114
4442.60508 18.917 0.073
4444.62960 19.382 0.126
4450.60784 19.411 0.123
4452.63979 19.089 0.084
4454.62099 19.440 0.114
4456.61588 18.989 0.092
4457.64468 19.273 0.108
4460.59333 19.351 0.105
4462.61823 19.158 0.093
4464.61282 19.305 0.090
4471.58609 19.346 0.084
4473.57401 19.083 0.084
4475.63736 19.204 0.093
4480.62132 19.344 0.110
4482.62349 19.342 0.151
4484.63380 19.058 0.132
4486.64560 19.335 0.132
4490.57477 19.194 0.083
4643.94816 19.010 0.093
4651.92464 19.231 0.083
4655.84556 19.297 0.080
4661.94424 19.022 0.074
4663.81658 19.076 0.095
4665.88966 19.145 0.092
4671.92362 18.964 0.067
4677.88749 18.959 0.049
4682.87284 19.295 0.101
4684.89993 19.174 0.059
4686.86000 19.378 0.065
4688.87614 18.940 0.045
4690.80162 19.179 0.071
4691.80487 19.045 0.071
4694.81467 19.225 0.119
4699.81651 19.440 0.084
4700.85042 19.280 0.065
4701.85824 19.238 0.079
4703.81753 19.310 0.079
4704.83586 19.464 0.102
4707.82479 19.292 0.062
4709.79542 19.006 0.048
4715.80043 19.104 0.062
4717.75502 19.182 0.062
4720.73408 19.278 0.074
4724.69840 19.281 0.089
4726.69240 19.285 0.090
4730.74680 19.462 0.064
4740.72428 19.143 0.053
4743.72198 19.040 0.048
4748.70810 19.306 0.076
4750.74084 19.007 0.102
4754.66643 19.450 0.093
4756.69655 19.194 0.079
4758.65612 19.256 0.062
4760.64282 19.024 0.052
4762.63282 19.337 0.095
4767.68906 19.125 0.068
4771.58334 19.799 0.155
4772.65398 19.477 0.110
4774.65036 19.089 0.071
4776.60081 19.306 0.101
4778.60311 19.521 0.089
4780.62079 19.106 0.084
4782.57259 19.497 0.099
4783.63430 19.417 0.096
4786.55523 19.315 0.093
4789.61838 19.271 0.065
4791.58260 18.992 0.055
4793.58927 19.363 0.083
4795.62357 18.964 0.052
4797.59668 19.181 0.089
4799.60307 19.365 0.087
4801.57969 19.148 0.061
4802.64642 18.999 0.065
4803.61885 19.365 0.092
4805.56138 18.944 0.052
4807.57991 19.331 0.099
4809.60496 18.840 0.052
4811.62691 19.238 0.098
4814.58465 19.419 0.113
4816.58688 18.988 0.061
4818.56471 19.223 0.074
4820.57889 19.306 0.079
4822.65160 19.303 0.082
4824.62052 19.255 0.093
4831.59669 19.420 0.120
4834.63019 19.280 0.138
4838.62944 19.465 0.116
4841.61202 19.462 0.127
4843.60947 19.300 0.114
4846.61512 19.284 0.092
4848.65144 19.251 0.083
4850.63891 19.193 0.077
4853.63461 19.462 0.119
4856.61033 19.330 0.090
4864.58801 19.045 0.062
4868.60776 19.067 0.082
4870.54717 19.144 0.095
4873.56285 19.284 0.102
