 622.87809 19.759 0.130
 624.90464 19.808 0.101
 625.89209 19.579 0.072
 626.86362 19.572 0.092
 627.84983 19.689 0.099
 628.89092 19.718 0.083
 629.88872 19.810 0.115
 631.91967 19.665 0.095
 632.86018 19.789 0.114
 633.89560 19.913 0.099
 635.89047 19.732 0.088
 643.85948 19.687 0.096
 645.83120 19.632 0.094
 647.78891 19.849 0.190
 649.78632 19.694 0.138
 652.83352 19.897 0.113
 656.84667 19.740 0.081
 657.81893 19.913 0.126
 658.85923 19.776 0.142
 663.76549 19.755 0.126
 664.87041 19.671 0.084
 665.81770 19.780 0.069
 666.82825 19.927 0.098
 667.84748 19.710 0.079
 668.81829 19.619 0.056
 670.78388 19.795 0.117
 671.80592 19.686 0.055
 672.81147 19.731 0.057
 673.77884 20.034 0.100
 684.73923 19.564 0.079
 685.79409 19.876 0.109
 686.69534 19.994 0.153
 687.77670 19.768 0.073
 688.71875 19.604 0.056
 689.74589 19.797 0.069
 697.71202 19.567 0.079
 698.78313 19.676 0.081
 699.68217 19.791 0.071
 700.72294 19.906 0.091
 701.69518 19.674 0.094
 704.72315 19.663 0.089
 706.68881 19.871 0.152
 707.72638 19.855 0.121
 708.75052 19.748 0.105
 712.75107 19.868 0.090
 713.73244 19.766 0.069
 714.74742 19.694 0.066
 715.71298 19.630 0.089
 716.68106 19.834 0.079
 726.66367 19.556 0.081
 728.67438 19.990 0.102
 729.67652 19.980 0.102
 730.66089 19.693 0.080
 733.62738 19.581 0.107
 739.64734 19.770 0.116
 741.61314 19.666 0.062
 742.58939 19.784 0.099
 744.63651 19.724 0.090
 745.58744 19.838 0.102
 746.77825 19.890 0.108
 747.64872 19.784 0.089
 748.61045 19.766 0.102
 749.61583 19.798 0.128
 750.60968 19.603 0.090
 751.61808 19.592 0.099
 752.73250 19.619 0.098
 753.66813 20.019 0.126
 759.62598 19.781 0.084
 760.65165 19.649 0.079
 761.62770 19.878 0.093
 761.73296 19.812 0.146
 762.61908 19.850 0.130
 762.64864 19.882 0.126
 763.63530 19.840 0.103
 763.74604 20.163 0.170
 764.72200 20.172 0.233
 765.56737 20.257 0.232
 766.60481 19.789 0.144
 766.70770 19.812 0.155
 767.61235 19.522 0.135
 767.67397 20.281 0.277
 767.77459 19.813 0.177
 769.59518 20.119 0.160
 769.66889 19.597 0.091
 770.60131 19.924 0.119
 771.63438 19.698 0.091
 772.59622 19.799 0.102
 773.60132 19.670 0.083
 773.75354 19.687 0.147
 774.59433 19.899 0.113
 775.55223 19.630 0.076
 776.63313 19.736 0.090
 777.60740 19.803 0.093
 778.61079 19.600 0.109
 779.63767 20.034 0.137
 779.74799 19.569 0.092
 780.63754 19.899 0.118
 781.55187 19.713 0.090
 781.73021 20.263 0.178
 782.61525 19.852 0.122
 782.74123 19.748 0.128
 783.53442 19.720 0.082
 784.57635 19.744 0.092
 785.60322 19.660 0.098
 785.74879 19.821 0.099
 786.60689 19.468 0.068
 787.68733 19.549 0.084
 788.62017 20.076 0.119
 788.64571 20.369 0.161
 790.56886 19.755 0.102
 792.54682 19.590 0.096
 795.61151 19.541 0.091
 796.54040 19.813 0.165
 796.72578 19.509 0.141
 797.70056 19.992 0.131
 798.56321 19.695 0.086
 799.70116 19.454 0.087
 800.61614 19.788 0.095
 802.67620 20.106 0.200
 805.60352 19.685 0.120
 806.61371 20.120 0.181
 808.54512 20.244 0.208
 816.67611 19.764 0.096
 817.58619 19.864 0.090
 819.54899 19.720 0.097
 820.62529 19.795 0.105
 822.54586 20.190 0.174
 824.57165 19.522 0.109
 825.64478 19.649 0.131
 828.60495 19.560 0.067
 829.57154 19.952 0.117
 832.57845 19.707 0.093
 833.59832 19.904 0.130
 834.56792 20.133 0.178
 836.54605 20.119 0.175
 838.57902 19.804 0.127
 840.58878 19.964 0.133
 845.54050 19.354 0.079
 850.56364 19.626 0.114
 855.56865 19.627 0.133
 859.55645 19.806 0.124
 866.52102 19.619 0.110
 962.92487 19.549 0.097
 966.92436 19.872 0.102
 970.90076 19.816 0.120
 976.88140 19.945 0.174
 986.83575 19.664 0.122
 987.84939 19.742 0.106
 991.91741 19.641 0.083
 996.92133 19.684 0.099
 998.89244 20.047 0.134
1004.79102 19.949 0.142
1006.81963 20.007 0.151
1020.88909 20.156 0.151
1025.92688 19.431 0.084
1035.74180 20.178 0.150
1037.77101 19.589 0.093
1041.77918 19.846 0.096
1045.74088 19.650 0.087
1048.72207 19.918 0.126
1052.76494 20.076 0.116
1055.63823 20.118 0.140
1058.85019 19.832 0.138
1059.76817 19.591 0.116
1061.72095 19.870 0.120
1064.80484 19.467 0.116
1068.70624 20.060 0.128
1072.68637 20.007 0.090
1076.66417 20.199 0.124
1078.67472 19.782 0.092
1081.68727 19.901 0.100
1084.62544 19.762 0.088
1087.64534 19.757 0.095
1090.70173 20.051 0.136
1092.73383 19.614 0.104
1094.64052 19.562 0.079
1102.61069 20.078 0.115
1106.70554 19.915 0.067
1110.62465 19.662 0.137
1116.58313 19.854 0.101
1120.57171 19.418 0.091
1126.64705 19.776 0.090
1129.54551 19.908 0.137
1132.52857 19.835 0.136
1135.57863 19.715 0.092
1138.62832 19.687 0.083
1140.60575 19.813 0.089
1144.66330 19.484 0.091
1151.54289 19.629 0.100
1155.54451 19.986 0.116
1159.53996 20.039 0.167
1162.57236 19.816 0.096
1164.68592 19.824 0.111
1170.54434 20.082 0.126
1178.65438 19.293 0.077
1182.66629 19.506 0.082
1183.70464 19.446 0.096
1185.68778 19.526 0.088
1188.68713 19.725 0.111
1191.57087 19.825 0.132
1202.58596 19.783 0.138
1205.53740 19.918 0.115
1211.55785 19.649 0.125
1217.56850 20.039 0.134
1220.57097 19.575 0.099
1229.52370 19.908 0.169
1238.51999 19.831 0.201
1327.90424 19.439 0.157
1330.82093 19.726 0.136
1335.87268 19.754 0.144
1340.89218 19.726 0.109
1348.92823 19.674 0.095
1354.90183 20.050 0.143
1360.92156 19.806 0.128
1365.91776 20.025 0.150
1367.84127 19.758 0.134
1374.91332 19.725 0.110
1394.84950 19.695 0.115
1395.88098 19.530 0.090
1397.80269 20.009 0.135
1401.82972 19.852 0.103
1402.91461 19.790 0.096
1407.83769 19.884 0.115
1412.73299 19.999 0.138
1417.89133 19.965 0.117
1430.72395 19.525 0.110
1432.73464 19.725 0.079
1435.69109 19.867 0.140
1439.65750 19.819 0.103
1442.66118 19.598 0.090
1447.73640 19.786 0.149
1451.67261 19.821 0.101
1455.69233 19.880 0.119
1460.73306 20.114 0.134
1462.63868 19.605 0.112
1470.64490 19.540 0.089
1471.77171 19.598 0.096
1472.63212 19.872 0.132
1475.63786 19.914 0.132
1477.56693 19.423 0.108
1481.58470 19.752 0.107
1484.63359 20.017 0.125
1487.62872 19.658 0.087
1490.66746 19.936 0.117
1492.56712 19.913 0.150
1495.52391 19.772 0.112
1499.55255 19.662 0.140
1502.55068 19.610 0.124
1505.61723 19.889 0.158
1508.55259 19.640 0.093
1509.52888 20.398 0.193
1512.63076 19.986 0.166
1515.60540 19.874 0.112
1517.60887 19.637 0.099
1520.59612 19.599 0.092
1524.54383 19.601 0.119
1526.58397 19.684 0.090
1531.63553 19.599 0.118
1543.59301 19.825 0.124
1546.60785 19.758 0.089
1551.56962 19.568 0.085
1555.60315 19.540 0.097
1562.58173 20.014 0.166
1569.56085 19.923 0.107
1575.58667 19.845 0.090
1580.56169 19.525 0.094
1583.56436 19.963 0.109
1587.54415 20.175 0.154
1597.52963 19.788 0.151
1603.53774 20.179 0.163
1608.51346 20.294 0.220
1701.89526 19.479 0.090
1703.89840 19.927 0.141
1705.90388 19.689 0.115
1716.86430 19.823 0.140
1717.87466 19.600 0.098
1718.86067 20.068 0.254
1729.91033 19.922 0.082
1732.88011 20.241 0.174
1740.83118 20.221 0.172
1742.87895 20.206 0.173
1744.84805 19.935 0.128
1745.87230 19.894 0.102
1749.85273 20.213 0.103
1750.82468 19.915 0.128
1751.83649 19.526 0.070
1752.79785 19.827 0.103
1753.79888 19.960 0.128
1754.82558 19.995 0.129
1755.79094 19.581 0.126
1756.82041 19.531 0.145
1757.76959 20.126 0.189
1758.77410 19.847 0.107
1759.81845 19.650 0.088
1761.79947 19.967 0.126
1762.78588 19.942 0.147
1763.78889 19.737 0.097
1764.78137 19.589 0.073
1765.77588 20.062 0.120
1766.71691 19.827 0.162
1768.79599 19.601 0.111
1769.70537 19.777 0.116
1771.82145 20.024 0.209
1772.76383 19.608 0.080
1773.73113 19.766 0.111
1776.75393 19.702 0.082
1784.73059 19.606 0.092
1788.79608 19.994 0.099
1803.75639 20.001 0.123
1806.75054 19.538 0.096
1808.82015 19.637 0.110
1811.74853 19.736 0.072
1814.79537 19.650 0.074
1817.76103 20.032 0.086
1822.63848 19.744 0.098
1826.78957 20.128 0.137
1829.73182 20.113 0.154
1846.77982 19.839 0.126
1850.73661 19.909 0.161
1854.79265 19.708 0.075
1858.71653 19.740 0.112
1862.71541 19.702 0.090
1867.73984 19.435 0.098
1871.74640 19.572 0.074
2085.90914 20.067 0.234
2086.88843 19.909 0.163
2103.89525 19.713 0.077
2105.92315 19.732 0.104
2106.89098 19.980 0.146
2112.84336 19.746 0.094
2116.87111 19.831 0.106
2123.81803 19.842 0.122
2128.82553 20.148 0.179
2129.85750 19.671 0.106
2130.84387 19.779 0.133
2131.83748 19.827 0.127
2132.80627 19.968 0.169
2133.89460 19.693 0.161
2134.81000 20.000 0.185
2135.84408 19.762 0.148
2137.89208 19.905 0.175
2140.81134 19.913 0.135
2142.75205 19.600 0.096
2143.81755 19.763 0.108
2144.82425 19.907 0.100
2155.87863 19.476 0.139
2156.82521 19.524 0.111
2160.75460 19.991 0.168
2162.76139 19.839 0.111
2166.75600 20.139 0.134
2167.76446 19.623 0.083
2168.71363 19.846 0.112
2171.73955 19.633 0.081
2172.74617 19.561 0.091
2177.63966 19.893 0.139
2184.70130 19.491 0.115
2185.66480 19.990 0.166
2186.68965 19.676 0.158
2187.68483 19.646 0.134
2188.73199 19.712 0.124
2190.69136 19.778 0.112
2191.66474 19.810 0.118
2192.66325 19.637 0.072
2193.68432 19.569 0.069
2194.65442 20.018 0.123
2203.55089 19.727 0.124
2206.60721 20.030 0.229
2211.64130 19.801 0.124
2212.64513 19.832 0.124
2213.65095 19.630 0.133
2214.64214 19.529 0.131
2215.64912 19.838 0.131
2217.63582 19.715 0.144
2219.67868 19.657 0.107
2224.71356 19.846 0.122
2226.63643 19.724 0.170
2228.55833 19.779 0.132
2229.61659 19.500 0.102
2231.64326 19.604 0.116
2232.50999 19.890 0.194
2233.61341 19.703 0.110
2235.66353 19.714 0.093
2238.54707 19.808 0.136
2240.65138 19.779 0.132
2242.61889 19.770 0.147
2248.60354 19.699 0.084
2250.57686 19.783 0.104
2253.57050 19.776 0.090
2255.60716 19.604 0.107
2258.57346 19.749 0.113
2263.58419 19.719 0.107
2266.55498 19.957 0.165
2271.56456 20.003 0.147
2273.56390 19.405 0.132
2275.59883 20.046 0.178
2276.55838 19.886 0.198
2278.59096 19.731 0.129
2280.58682 19.756 0.138
2284.58970 19.956 0.152
2290.60368 19.818 0.137
2293.56596 19.853 0.138
2295.55870 19.834 0.135
2297.56199 19.945 0.196
2299.56109 19.886 0.170
2301.55335 19.572 0.138
2445.91192 19.931 0.190
2460.87884 19.684 0.179
2463.91518 19.759 0.118
2465.92794 19.868 0.117
2467.90093 19.880 0.122
2469.90031 19.658 0.094
2471.88975 19.741 0.103
2472.91922 20.048 0.134
2473.89113 19.902 0.120
2481.90282 19.927 0.187
2483.88864 19.654 0.088
2486.88565 19.799 0.138
2488.87656 20.033 0.218
2489.92299 19.954 0.161
2492.90335 19.809 0.112
2496.90310 19.548 0.088
2497.92651 19.683 0.106
2498.77378 19.589 0.104
2499.85936 19.800 0.105
2500.86493 19.655 0.093
2501.85389 19.924 0.110
2502.83412 20.082 0.163
2516.77666 19.766 0.155
2517.82340 19.629 0.114
2518.79484 19.944 0.145
2519.83174 19.898 0.115
2520.79113 19.661 0.102
2521.82327 19.590 0.080
2524.82152 20.148 0.249
2526.77770 19.872 0.093
2534.83408 19.703 0.132
2535.81429 19.981 0.127
2537.70207 19.714 0.163
2538.79803 19.737 0.124
2539.70185 19.878 0.144
2540.74273 19.760 0.179
2541.71375 19.735 0.102
2542.68354 19.896 0.118
2544.66208 19.623 0.090
2545.67711 19.709 0.088
2547.69512 20.022 0.140
2548.71156 19.764 0.092
2550.70669 19.633 0.097
2551.69333 20.057 0.127
2553.64905 19.614 0.138
2554.70257 19.606 0.093
2555.71050 19.922 0.128
2556.68952 19.902 0.117
2557.70206 19.729 0.079
2558.65854 19.674 0.114
2559.61544 19.730 0.128
2560.64850 19.895 0.118
2561.67405 19.775 0.210
2562.66694 19.636 0.111
2563.67487 19.322 0.083
2564.69026 19.894 0.131
2565.68116 19.880 0.132
2566.66144 19.729 0.107
2568.69242 19.865 0.201
2571.64511 19.700 0.163
2573.65854 19.573 0.143
2574.64237 19.535 0.107
2577.62924 19.649 0.141
2578.62931 19.724 0.115
2579.63596 19.668 0.126
2580.64808 19.741 0.100
2583.61939 19.839 0.152
2584.62675 19.811 0.128
2586.62397 19.648 0.106
2587.60838 19.779 0.127
2588.71680 19.667 0.114
2589.59832 19.720 0.120
2590.61345 19.542 0.117
2591.63659 19.626 0.104
2593.60559 19.856 0.117
2594.60936 19.741 0.158
2596.58489 19.769 0.164
2597.57206 19.801 0.136
2598.64593 19.762 0.137
2599.60541 19.964 0.196
2607.62660 19.985 0.199
2610.54642 20.261 0.263
2613.54032 19.725 0.144
2615.56917 19.821 0.143
2619.55687 19.915 0.184
2621.56577 19.622 0.108
2625.54841 19.555 0.149
2628.54178 19.811 0.227
2632.54820 19.965 0.161
2636.54337 19.943 0.189
2639.54386 20.196 0.208
2642.55261 19.504 0.135
2646.56543 19.773 0.151
2651.53746 20.140 0.288
2654.55527 19.862 0.192
2657.55813 19.788 0.156
2660.55391 19.751 0.145
2671.55158 19.723 0.149
2673.56338 19.777 0.184
2676.52475 19.861 0.220
2679.53811 19.875 0.150
2682.54043 19.569 0.146
2777.90295 19.901 0.199
2804.86989 19.606 0.154
2811.90436 19.970 0.256
2814.94001 19.674 0.111
2817.92658 19.720 0.133
2831.78143 19.894 0.175
2832.74739 20.146 0.210
2832.92536 19.795 0.125
2833.86530 19.844 0.173
2835.87395 19.550 0.105
2837.87502 19.900 0.232
2838.93218 20.237 0.263
2840.82492 19.940 0.180
2843.82636 19.585 0.099
2844.87219 19.722 0.113
2845.91818 19.966 0.174
2849.85561 19.881 0.142
2850.88837 19.926 0.153
2851.93194 19.753 0.147
2852.80262 19.526 0.118
2853.94203 19.779 0.143
2856.81529 19.542 0.120
2858.90934 19.786 0.096
2860.87534 19.691 0.102
2861.74651 19.980 0.122
2862.92552 19.862 0.154
2863.83472 19.808 0.177
2865.83162 19.586 0.101
2866.88126 19.699 0.148
2867.82127 19.996 0.121
2868.76894 19.624 0.104
2869.90194 19.773 0.118
2870.81554 19.824 0.099
2871.85846 19.751 0.115
2875.79802 19.834 0.152
2876.77573 19.589 0.090
2877.79763 19.694 0.094
2879.73926 19.757 0.086
2883.82540 19.935 0.103
2885.76020 19.594 0.095
2888.80852 20.021 0.148
2892.79988 19.955 0.201
2894.72904 19.649 0.115
2896.72614 19.863 0.105
2898.74712 19.751 0.097
2900.74596 19.790 0.081
2902.74548 19.668 0.083
2905.75268 19.915 0.114
2907.75408 19.610 0.072
2909.74319 20.082 0.105
2911.73455 19.756 0.074
2915.70602 19.590 0.079
2917.73213 19.857 0.094
2921.72988 19.839 0.134
2923.75183 19.731 0.135
2925.71480 20.027 0.123
2927.71233 19.760 0.115
2930.73038 19.869 0.126
2932.73689 19.667 0.098
2934.71672 19.936 0.105
2937.64073 19.811 0.121
2939.69337 19.802 0.109
2940.63350 19.697 0.074
2941.68332 19.696 0.081
2942.63345 19.861 0.126
2943.60468 19.752 0.127
2944.58927 19.694 0.102
2945.60604 19.534 0.148
2947.61554 19.651 0.115
2949.59685 19.747 0.111
2950.64160 19.999 0.125
2951.62878 19.779 0.131
2952.65771 19.747 0.142
2954.68263 19.688 0.134
2956.62862 19.678 0.072
2958.62303 19.773 0.127
2961.59410 19.795 0.202
2968.59386 19.847 0.129
2970.61311 19.574 0.087
2972.59760 19.813 0.112
2974.59835 19.787 0.109
2976.54805 19.827 0.127
2978.57415 19.651 0.163
2980.59102 19.955 0.199
2982.53624 19.595 0.112
2984.62711 19.874 0.165
2986.63724 19.572 0.109
2988.52960 19.992 0.257
2991.60267 19.752 0.105
2994.58439 19.599 0.096
2997.55718 20.006 0.126
3001.57363 19.991 0.147
3005.53170 20.155 0.296
3008.55336 19.673 0.156
3008.55802 19.842 0.186
3011.56139 19.635 0.142
3016.58805 19.717 0.133
3018.57452 19.751 0.127
3020.60257 19.773 0.106
3021.61538 19.761 0.079
3023.57128 19.933 0.118
3025.56979 19.612 0.121
3027.60330 19.680 0.103
3029.57520 19.717 0.111
3031.57974 19.825 0.126
3033.58211 19.625 0.100
3037.52913 19.554 0.134
3164.92956 19.810 0.132
3183.91153 19.787 0.119
3193.87929 19.660 0.122
3195.93849 19.735 0.100
3197.91395 19.569 0.097
3201.87137 19.681 0.114
3203.87932 20.005 0.097
3206.81719 20.064 0.162
3210.89322 19.638 0.104
3211.88465 19.740 0.094
3215.66076 19.830 0.184
3216.72877 19.744 0.170
3217.92930 20.066 0.185
3218.91393 19.775 0.192
3223.83478 19.868 0.142
3226.82503 19.761 0.127
3229.83216 19.631 0.085
3231.81430 19.497 0.130
3239.79267 19.592 0.094
3240.78993 19.734 0.142
3241.81429 19.795 0.105
3242.71361 19.830 0.129
3243.85006 19.525 0.097
3244.82725 19.838 0.160
3245.77639 19.815 0.152
3246.76884 19.713 0.162
3247.76260 19.601 0.109
3249.72731 19.854 0.151
3251.74083 19.640 0.080
3254.72795 19.820 0.098
3257.74436 20.115 0.103
3259.66354 19.692 0.102
3261.70164 19.864 0.088
3263.68434 19.678 0.075
3265.71873 19.883 0.085
3267.70757 20.000 0.106
3269.78399 20.123 0.211
3270.74081 19.907 0.135
3271.66364 20.006 0.144
3272.72083 19.890 0.112
3274.70670 19.865 0.124
3276.71113 19.734 0.141
3277.74427 19.582 0.091
3279.67659 19.991 0.132
3281.64027 19.955 0.115
3283.64171 19.748 0.070
3287.60793 19.632 0.093
3289.61900 19.733 0.104
3293.59579 20.025 0.116
3295.61458 19.809 0.074
3297.59633 19.875 0.090
3299.65270 19.721 0.084
3301.62694 19.649 0.114
3303.68919 19.834 0.128
3306.62174 19.906 0.091
3308.60946 19.791 0.153
3310.60859 19.743 0.118
3312.65261 19.909 0.131
3314.56347 20.000 0.189
3320.60130 19.731 0.095
3327.55626 19.897 0.124
3330.55049 19.745 0.126
3335.59532 19.504 0.112
3338.59893 19.634 0.085
3349.59526 19.731 0.097
3353.57435 20.012 0.140
3359.55088 19.713 0.109
3363.55822 19.635 0.115
3367.61754 19.890 0.130
3372.54829 19.794 0.100
3376.52760 19.552 0.152
3378.59455 19.571 0.111
3386.56098 19.650 0.077
3390.57456 20.105 0.209
3398.55632 19.655 0.103
3402.54472 19.766 0.100
3528.93692 19.673 0.129
3541.92972 19.561 0.075
3547.91431 19.821 0.110
3554.92252 19.836 0.122
3560.94464 20.110 0.151
3564.90680 19.733 0.079
3568.83766 19.824 0.096
3570.77838 20.514 0.310
3571.80071 20.092 0.244
3573.83820 19.766 0.149
3574.87719 19.731 0.116
3577.83586 19.727 0.105
3578.89443 19.739 0.088
3579.79927 19.850 0.090
3581.84420 19.712 0.104
3581.86691 19.903 0.126
3582.82909 19.949 0.155
3583.83350 19.720 0.114
3586.80784 19.801 0.073
3588.82573 20.101 0.124
3589.81854 19.942 0.106
3591.87334 19.781 0.071
3593.81090 19.860 0.115
3596.89136 19.750 0.100
3601.80899 20.196 0.173
3607.81440 19.549 0.072
3614.78579 20.216 0.104
3617.76529 19.819 0.086
3619.69821 19.557 0.082
3621.71667 19.960 0.111
3624.86497 20.004 0.176
3626.71435 19.834 0.111
3629.66796 19.751 0.139
3631.73033 20.459 0.266
3633.69564 19.592 0.118
3637.64955 19.760 0.116
3639.69963 19.901 0.075
3641.69619 19.685 0.079
3643.72056 19.999 0.105
3646.65552 19.780 0.109
3650.65877 19.644 0.095
3650.68281 19.657 0.085
3651.73275 19.862 0.092
3653.72891 19.876 0.097
3655.69509 19.861 0.088
3657.64587 19.355 0.071
3658.65030 19.652 0.096
3659.63835 19.883 0.139
3660.66847 20.103 0.170
3663.55998 20.043 0.213
3665.63356 19.552 0.082
3668.57198 20.021 0.125
3669.67074 19.772 0.131
3671.62890 19.495 0.092
3673.67376 19.685 0.128
3675.65834 19.697 0.093
3683.64765 19.939 0.120
3685.65278 20.138 0.135
3687.65145 19.502 0.080
3689.59984 19.939 0.121
3692.57568 20.020 0.152
3694.55966 19.714 0.121
3696.56018 19.664 0.081
3698.59387 19.734 0.122
3700.57480 19.666 0.110
3702.58409 19.952 0.126
3704.59036 19.555 0.094
3706.61079 19.884 0.084
3708.58367 19.703 0.108
3711.59026 19.545 0.111
3714.52401 19.927 0.261
3718.60452 19.717 0.134
3721.55342 19.455 0.094
3724.56310 19.843 0.114
3726.58366 19.788 0.109
3728.55677 19.920 0.129
3734.56022 19.479 0.091
3737.57590 19.795 0.115
3742.53452 19.989 0.251
3746.55980 19.632 0.138
3751.53618 19.424 0.140
3756.55244 20.130 0.172
3761.60271 20.014 0.154
3766.52751 20.065 0.224
3772.55033 19.701 0.117
3776.55040 19.596 0.108
3871.87630 19.625 0.149
3901.93882 19.978 0.161
3906.93909 19.834 0.102
3913.91603 19.948 0.090
3918.87954 19.420 0.072
3931.91488 19.979 0.162
3934.85790 19.792 0.087
3936.86610 19.619 0.089
3938.85009 19.760 0.116
3944.89748 19.502 0.078
3946.86561 19.858 0.121
3951.88502 20.151 0.184
3955.85015 20.336 0.270
3958.82667 19.809 0.168
3960.82682 19.518 0.080
3963.82353 19.582 0.134
3965.81541 19.611 0.056
3967.83526 20.001 0.098
3969.80090 19.640 0.087
3971.77709 19.980 0.101
3974.77883 19.627 0.103
3979.73419 19.883 0.107
3980.61754 19.447 0.114
3981.64383 19.909 0.095
3983.83415 20.059 0.177
3986.69571 20.080 0.178
3987.66675 19.864 0.105
3990.79002 19.670 0.082
3993.73482 19.621 0.104
3995.74009 19.686 0.072
3999.74936 19.485 0.065
4002.72150 19.881 0.083
4004.67329 19.953 0.109
4006.69950 19.576 0.062
4007.56288 19.855 0.108
4008.57181 19.887 0.107
4009.73327 19.935 0.123
4013.69838 19.617 0.105
4015.68067 19.865 0.180
4015.69690 19.902 0.181
4018.69606 19.920 0.123
4019.68463 19.444 0.090
4021.67712 19.972 0.103
4024.65059 19.866 0.101
4026.62947 19.571 0.082
4028.62543 19.745 0.079
4030.63799 19.820 0.104
4032.69009 19.827 0.126
4037.66628 19.813 0.085
4039.60422 19.605 0.077
4041.60374 19.813 0.161
4043.58944 19.651 0.122
4046.59877 19.787 0.120
4048.56467 19.707 0.120
4050.60679 19.865 0.109
4052.55889 19.625 0.084
4054.61307 19.748 0.107
4056.58516 19.853 0.131
4058.61871 19.867 0.124
4060.51755 19.616 0.113
4064.51518 19.379 0.081
4066.55665 19.702 0.099
4069.51502 19.612 0.168
4073.59859 19.878 0.154
4077.52194 19.776 0.155
4079.52388 19.900 0.211
4082.52384 19.399 0.125
4085.56155 19.927 0.127
4092.55760 19.743 0.081
4096.58355 19.564 0.087
4100.58634 19.555 0.117
4105.55417 20.015 0.168
4108.53042 19.490 0.121
4113.60831 19.754 0.102
4120.57914 19.632 0.085
4126.57697 19.278 0.102
4252.92626 19.866 0.190
4255.84555 20.157 0.223
4268.89906 20.031 0.166
4275.92119 19.825 0.141
4279.79887 19.538 0.171
4282.80943 19.541 0.114
4283.86237 19.896 0.177
4285.91669 19.728 0.125
4291.93747 19.698 0.130
4292.85599 19.705 0.081
4295.86004 19.859 0.098
4296.88980 19.579 0.082
4297.92266 19.623 0.085
4299.85747 19.978 0.092
4300.87896 19.626 0.086
4301.89697 19.644 0.067
4302.91858 19.787 0.114
4306.86321 19.878 0.160
4307.89749 20.018 0.103
4308.65864 19.787 0.129
4308.86662 19.764 0.105
4310.83897 19.837 0.143
4311.82652 20.249 0.303
4312.90040 19.885 0.092
4314.91987 19.491 0.099
4316.82641 19.876 0.141
4319.86359 19.853 0.137
4320.89045 20.135 0.173
4326.83432 19.546 0.086
4327.81259 20.112 0.204
4328.82822 19.814 0.135
4329.83076 19.889 0.133
4330.85900 19.667 0.088
4333.86030 19.819 0.122
4338.90068 19.933 0.182
4340.77316 20.104 0.158
4341.76831 19.871 0.159
4342.82417 19.800 0.140
4343.76181 19.907 0.129
4344.74396 19.950 0.125
4345.78995 19.715 0.090
4347.77884 19.685 0.094
4349.79203 19.908 0.114
4351.72913 19.606 0.126
4353.75235 19.745 0.139
4357.70122 19.810 0.135
4359.69915 19.633 0.091
4361.70171 20.083 0.180
4362.72443 19.929 0.150
4364.58347 20.029 0.206
4367.68098 19.641 0.126
4370.67263 19.754 0.126
4372.73610 19.696 0.082
4376.65149 19.747 0.128
4378.61807 19.655 0.119
4379.64603 19.602 0.126
4380.75888 19.702 0.093
4382.68633 19.915 0.123
4386.66139 19.947 0.119
4388.66187 19.680 0.100
4390.67086 19.882 0.097
4393.64464 19.528 0.102
4395.67952 19.914 0.138
4398.64496 19.945 0.147
4400.66784 20.049 0.169
4403.69363 19.660 0.108
4407.63372 19.844 0.141
4408.67990 20.135 0.175
4410.70284 19.704 0.108
4415.68697 19.743 0.107
4418.59364 19.760 0.098
4422.65487 19.625 0.096
4424.65193 19.905 0.128
4427.53863 19.727 0.139
4429.56456 19.719 0.187
4431.56900 19.696 0.126
4433.57486 19.851 0.114
4435.56321 19.653 0.103
4437.65225 19.675 0.148
4439.56412 19.629 0.120
4441.59995 19.806 0.127
4443.59068 19.593 0.114
4449.64470 19.838 0.114
4451.59983 19.801 0.102
4453.58181 20.058 0.191
4456.58324 19.527 0.127
4459.53574 19.622 0.137
4464.57543 19.634 0.098
4465.54136 19.619 0.114
4470.56029 19.749 0.149
4474.59679 19.536 0.131
4476.57493 19.919 0.126
4479.59974 19.942 0.185
4481.58441 19.968 0.150
4484.60109 20.374 0.376
4487.62265 19.848 0.214
4609.89594 19.884 0.173
4643.88061 20.175 0.204
4649.93082 19.662 0.118
4661.89396 19.846 0.110
4662.77668 20.065 0.121
4662.89360 19.678 0.093
4663.74837 19.821 0.153
4663.93227 19.759 0.133
4665.82132 19.723 0.149
4665.91527 20.005 0.202
4666.90913 19.637 0.139
4670.90358 19.736 0.119
4671.81782 19.873 0.136
4672.87754 19.969 0.128
4675.89515 19.829 0.126
4681.87488 19.978 0.102
4683.87013 19.522 0.086
4685.85625 19.927 0.141
4688.80759 19.911 0.110
4690.73315 19.639 0.081
4691.73602 19.671 0.141
4693.89111 19.901 0.163
4696.84103 19.986 0.226
4698.75286 19.665 0.078
4699.74687 19.590 0.092
4700.78438 19.767 0.097
4701.78958 20.129 0.154
4702.84972 19.893 0.136
4703.74876 19.648 0.101
4704.76761 19.737 0.087
4705.77485 20.126 0.171
4707.76752 19.769 0.079
4708.83578 19.638 0.074
4710.75175 20.102 0.126
4716.75326 19.730 0.104
4719.74543 19.484 0.124
4721.73439 19.572 0.117
4724.76409 19.803 0.117
4726.65976 19.860 0.154
4729.67074 19.625 0.136
4731.76099 20.003 0.104
4734.74331 19.764 0.079
4736.70809 19.786 0.122
4739.64937 19.629 0.118
4741.72395 19.696 0.075
4747.59056 19.692 0.107
4749.59013 19.751 0.154
4753.65929 19.862 0.176
4755.65321 19.833 0.115
4757.63765 19.677 0.089
4759.65027 19.789 0.110
4761.62054 19.696 0.066
4763.63318 19.834 0.148
4766.60140 19.621 0.116
4769.63947 19.832 0.147
4771.55054 19.660 0.138
4773.67535 19.982 0.115
4775.66219 19.520 0.110
4777.59594 19.868 0.129
4779.63153 19.572 0.096
4781.58145 19.829 0.126
4783.56507 19.739 0.137
4785.59617 19.843 0.137
4789.53158 19.962 0.179
4790.61380 19.905 0.079
4791.61210 19.809 0.096
4793.51623 20.074 0.210
4795.53328 19.654 0.083
4797.52548 20.096 0.166
4798.58878 19.776 0.142
4800.63607 19.650 0.095
4803.52739 19.652 0.129
4804.57757 19.527 0.122
4806.58659 19.818 0.116
4808.54482 19.745 0.126
4808.61232 19.795 0.127
4810.55526 19.891 0.138
4813.59461 19.850 0.136
4815.57074 20.158 0.189
4817.58728 19.493 0.077
4819.58688 20.166 0.150
4821.62878 20.063 0.112
4823.58957 19.829 0.123
4825.61801 20.044 0.150
4832.59113 20.131 0.164
4835.57295 20.066 0.202
4839.59446 19.865 0.157
4842.56152 19.748 0.139
4844.57001 19.997 0.130
4847.62632 20.244 0.327
4849.58618 19.934 0.121
4853.58361 19.744 0.124
4856.57754 19.627 0.095
4865.55067 19.630 0.112
4936.91655 19.293 0.120
4940.89923 20.334 0.251
4940.90309 19.786 0.139
4953.89694 19.535 0.118
4954.88836 19.930 0.135
